I 100
J 10
bounds (0, 100)
cv 1.5
D 1
k 5
t 3
FLR 0.6
FCR 2
abounds (80, 120)

a 
108.0 114.0 99.0 
103.0 114.0 106.0 
110.0 92.0 117.0 
109.0 122.0 121.0 
106.0 104.0 113.0 
121.0 85.0 108.0 
93.0 106.0 99.0 
111.0 107.0 94.0 
123.0 113.0 97.0 
114.0 110.0 111.0 
118.0 110.0 106.0 
104.0 111.0 98.0 
110.0 107.0 112.0 
89.0 104.0 97.0 
108.0 98.0 113.0 
98.0 103.0 86.0 
114.0 103.0 114.0 
97.0 114.0 105.0 
114.0 101.0 117.0 
131.0 114.0 100.0 
110.0 109.0 117.0 
108.0 122.0 130.0 
123.0 112.0 106.0 
98.0 103.0 107.0 
127.0 93.0 103.0 
108.0 114.0 112.0 
122.0 109.0 107.0 
131.0 92.0 93.0 
96.0 80.0 107.0 
119.0 108.0 108.0 
109.0 116.0 102.0 
106.0 96.0 108.0 
130.0 105.0 101.0 
108.0 124.0 115.0 
108.0 114.0 122.0 
113.0 117.0 125.0 
115.0 85.0 108.0 
108.0 112.0 116.0 
95.0 94.0 93.0 
103.0 125.0 110.0 
94.0 114.0 100.0 
102.0 116.0 103.0 
99.0 105.0 106.0 
119.0 106.0 130.0 
110.0 102.0 101.0 
132.0 105.0 114.0 
96.0 128.0 115.0 
113.0 118.0 104.0 
104.0 106.0 110.0 
128.0 117.0 111.0 
127.0 110.0 117.0 
114.0 86.0 101.0 
98.0 109.0 114.0 
100.0 107.0 91.0 
105.0 108.0 120.0 
103.0 108.0 120.0 
97.0 145.0 127.0 
112.0 120.0 97.0 
105.0 118.0 101.0 
89.0 100.0 91.0 
108.0 99.0 113.0 
103.0 102.0 103.0 
136.0 115.0 117.0 
115.0 96.0 119.0 
112.0 97.0 104.0 
90.0 116.0 109.0 
108.0 102.0 97.0 
123.0 90.0 100.0 
118.0 122.0 103.0 
108.0 94.0 96.0 
125.0 113.0 106.0 
107.0 104.0 108.0 
108.0 131.0 108.0 
94.0 106.0 96.0 
121.0 109.0 104.0 
103.0 89.0 101.0 
93.0 113.0 88.0 
108.0 126.0 103.0 
105.0 121.0 94.0 
104.0 106.0 94.0 
129.0 117.0 95.0 
107.0 111.0 112.0 
102.0 116.0 111.0 
137.0 131.0 112.0 
116.0 123.0 110.0 
93.0 100.0 111.0 
91.0 114.0 117.0 
128.0 100.0 124.0 
110.0 99.0 108.0 
99.0 102.0 114.0 
116.0 112.0 113.0 
101.0 86.0 112.0 
111.0 119.0 120.0 
107.0 132.0 117.0 
115.0 98.0 110.0 
88.0 102.0 119.0 
119.0 105.0 97.0 
92.0 91.0 100.0 
94.0 113.0 117.0 
104.0 97.0 130.0 

Icoords
61.0749 86.1327
83.4201 5.8284
54.6782 48.0525
75.8112 74.5521
10.0665 74.2206
54.1732 90.6511
85.724 65.8227
42.7942 70.8566
65.5117 98.4511
46.2223 20.2772
24.9505 54.3224
75.0817 50.6227
83.6566 79.3906
91.2668 67.288
46.2662 42.8453
14.1273 35.5062
99.0201 76.9462
67.7398 21.256
40.8285 44.2004
57.4255 23.8097
1.6057 17.8533
34.7288 9.39
7.1103 71.7374
56.7194 75.0544
73.4861 56.5745
9.3152 60.2935
7.3503 64.8647
48.5236 85.0026
12.9749 65.8218
63.2108 67.2036
20.4087 19.1223
27.6539 82.1294
11.053 91.1201
77.8585 13.6816
3.5702 45.6802
55.4324 34.5231
32.5261 36.1515
2.7732 85.9418
63.8302 50.7716
40.0211 67.1686
11.9826 7.3405
86.4488 75.1116
65.1914 5.8855
81.8052 22.1551
88.5307 82.4862
38.2051 20.7419
87.4522 90.0698
67.2113 24.4696
81.9101 20.4857
34.6514 52.1763
20.8895 97.466
72.6142 4.2883
78.1256 59.0398
63.272 43.3733
91.596 70.4269
72.9966 2.8498
81.5265 28.0477
26.6669 93.3421
0.5626 80.0145
84.2437 24.2089
13.6025 48.5448
41.9286 87.8508
43.3442 10.6522
19.1621 20.8249
25.7756 70.6524
57.5781 51.9955
2.8631 90.5851
74.803 81.2654
24.5288 36.6708
97.3554 87.3391
28.9099 66.5967
79.1787 47.8333
29.0352 74.2304
31.3317 45.3479
77.1411 59.0977
87.8478 63.3538
60.8342 90.9988
11.8335 53.496
48.4673 69.2293
18.8308 63.1995
8.501 25.1052
11.191 5.6952
64.6514 40.5351
65.9586 13.8917
95.7186 95.8334
83.3708 53.3438
19.5504 57.4504
90.7767 26.8197
74.9676 80.1148
28.6919 4.6046
38.2333 3.2121
6.4433 77.5678
78.6147 41.8728
79.3833 85.6013
50.9645 33.4007
51.6413 83.2164
73.8041 22.2516
51.5446 61.2026
85.529 23.9787
9.6212 49.4662

Jcoords
49.6798 74.7347
0.5992 68.2028
9.7223 0.4755
41.7445 97.8818
65.1083 88.5375
83.4671 70.4811
15.6806 56.4433
73.9938 40.607
42.5543 70.9546
83.1613 87.268

C
5.3445 22.6954 30.8801 7.587 1.7445 10.1084 18.5505 15.3469 8.7928 8.0656 
27.6051 32.0998 27.3104 36.4783 28.2515 20.4755 29.0297 13.1558 26.2719 26.1992 
8.5348 17.6596 22.0132 19.9384 12.8264 12.295 13.7302 7.5993 9.0282 16.6585 
8.3021 28.5162 32.8097 13.8609 5.2991 3.2299 21.8161 11.9896 13.2566 5.5577 
15.4584 3.6582 27.7432 15.6219 22.1237 28.4429 5.8706 23.6973 11.7938 27.4874 
5.0591 19.9355 30.3217 4.6502 4.3704 11.7938 19.4862 18.5432 8.26 9.2399 
14.4991 27.6849 39.271 17.0946 12.1719 1.8221 25.1298 9.8366 14.1072 7.3951 
2.984 16.552 25.4755 9.5877 9.788 12.3976 9.6203 14.5839 0.0895 15.16 
10.6419 27.6359 36.0337 8.4017 3.0996 12.2047 23.5673 21.5084 11.3801 7.242 
20.6209 22.3122 14.4924 28.1085 25.9715 20.3911 15.8105 13.7601 18.1951 28.328 
12.2907 10.6148 16.8212 17.4134 20.0688 23.8759 3.7496 18.9645 7.5343 24.0995 
13.8273 26.9689 28.4214 17.8187 12.9728 7.1588 18.5025 3.105 13.1572 12.4584 
13.2102 27.8073 33.6742 14.3935 7.5755 3.4817 27.1626 15.2403 13.7836 2.5463 
15.2602 34.4645 39.3534 17.6086 13.0527 2.5562 23.7175 9.7546 17.2344 8.5556 
11.8408 18.3658 16.9535 21.9783 19.5524 17.9856 12.9637 9.4747 9.6033 18.1727 
17.2062 11.4576 11.6653 20.5808 26.7251 30.3189 8.0304 23.8892 14.9176 29.0002 
15.7455 39.1282 42.3239 23.3683 11.6689 5.5835 30.0042 16.33 22.5314 5.8469 
19.9931 30.6321 23.1162 25.8848 26.6436 19.5751 23.4063 7.9577 22.0969 22.2824 
9.566 16.677 19.8759 16.6544 18.9511 19.1383 9.5992 12.3096 8.1824 18.6664 
16.6637 24.8855 17.7794 26.2424 22.2271 18.9089 16.5319 7.2102 16.966 20.8791 
27.0049 15.6568 6.8415 30.4314 36.5448 36.9131 15.071 28.8799 21.572 35.0207 
24.0247 22.7114 9.5334 31.2735 32.4783 24.2033 18.7467 19.8141 21.9382 33.0889 
15.4953 2.3774 25.5931 14.7931 18.8272 28.63 6.634 26.9494 12.5254 29.5269 
2.2296 22.2586 26.9304 10.6474 5.469 8.9928 14.5865 13.2526 5.7379 9.1923 
11.7254 23.4416 26.5827 17.9153 12.5761 5.1421 19.3302 5.8998 12.9281 10.028 
14.3315 3.7757 18.6278 18.7953 23.1629 25.3886 2.9638 24.0956 13.9593 28.3891 
13.2264 2.8822 25.4639 16.7012 22.9772 29.7968 4.3307 26.6308 10.9217 29.4864 
3.2125 15.748 30.5994 5.0154 5.4161 12.6388 15.6075 16.4656 5.6078 13.6591 
14.7535 4.0316 24.8885 13.6034 20.421 23.4545 3.4564 20.0249 10.8317 24.8351 
5.0003 24.1273 29.4531 13.5131 7.5049 6.5848 17.2953 8.8136 6.7686 9.6825 
24.8805 19.165 8.3883 26.291 32.9836 24.6583 13.7799 20.287 21.1538 30.7001 
8.2318 10.7261 29.9789 7.5642 13.4857 22.7664 8.6662 19.4815 6.489 22.1808 
12.9903 8.0479 27.6224 9.9939 20.4616 24.2911 13.7313 26.5112 11.3742 21.9305 
20.213 30.7887 26.4777 35.6303 25.7948 20.3418 24.8047 9.8523 23.8911 27.1131 
16.4754 8.4578 15.0551 19.4788 27.1993 25.708 5.6901 27.5223 15.2808 28.6736 
14.4205 24.2666 20.6272 22.726 18.2621 15.4203 17.1729 7.3639 15.1858 17.9663 
12.7645 15.9062 13.291 18.9928 23.628 23.1894 10.5333 14.0092 11.4307 27.4274 
18.3599 5.9638 28.357 14.975 18.8727 32.3964 10.1909 31.1698 14.0115 27.7698 
8.4295 22.4448 24.2824 19.2772 13.7282 10.8451 17.7834 5.6994 10.3726 13.2531 
3.9777 15.3838 25.3821 9.5115 12.7369 13.9213 8.86 13.0277 1.8212 18.8943 
28.6103 22.0427 2.3807 32.5665 31.6714 37.197 16.3385 23.525 22.0559 35.6722 
11.1342 32.7025 40.3968 17.3084 8.8092 1.6858 25.3234 11.4013 14.2414 4.73 
27.3831 33.3791 21.7635 31.2818 24.8948 20.4817 28.2911 12.2755 25.7458 29.595 
19.0458 36.4824 27.9938 28.2798 22.4037 19.0711 24.5282 7.7724 21.4995 24.6701 
13.5964 28.4534 34.3719 15.254 7.5526 4.7492 29.1512 16.1851 15.4763 2.4108 
21.5827 21.9204 11.7211 28.3093 26.856 25.7906 15.049 12.7586 16.098 26.7934 
15.0592 28.2662 43.4243 16.7351 8.0941 6.019 26.076 17.8337 15.8593 1.7121 
17.2587 24.6228 21.4981 25.7511 24.4166 18.9339 21.6076 6.2457 18.8957 24.958 
22.9562 37.1927 26.196 27.8858 22.3254 16.5615 23.7463 7.2176 24.6336 23.2109 
8.8853 12.126 19.3313 14.7453 14.2295 16.2035 7.6943 13.5614 7.1939 22.1047 
14.5189 12.7909 36.8753 8.231 15.4867 20.6011 12.7778 26.1412 10.6616 21.0885 
23.6259 35.4144 24.6359 39.293 27.3287 24.0537 29.348 13.3822 25.7198 32.6977 
12.8427 28.1818 35.4882 18.813 11.8684 3.8385 19.9872 5.9504 13.2011 9.1727 
10.3737 23.3111 26.5877 18.3963 15.59 11.6081 17.1059 3.9453 11.7527 14.862 
14.5331 33.1691 37.6043 21.5695 11.176 2.6899 28.5458 13.2416 18.1219 6.5245 
28.4075 34.8968 24.3334 31.8424 27.5188 21.804 27.213 12.3245 29.7724 32.7953 
18.2937 28.1054 26.8206 26.0802 21.8183 16.5706 27.5142 5.6018 22.5596 21.4933 
8.9464 12.2008 31.7372 5.0829 13.9311 22.0422 14.2449 21.2999 9.5835 18.6654 
19.6366 3.6817 31.0491 14.1676 21.7519 33.2218 8.5661 30.9348 15.5207 30.0573 
23.4951 31.632 30.3218 25.7198 20.7853 16.2994 29.9565 7.449 22.4986 20.6297 
16.8249 8.6288 18.0846 22.2595 22.5885 28.9395 3.2637 22.8537 13.3303 28.5246 
6.0362 17.3621 33.8405 3.6148 8.36 17.2667 15.2101 21.8056 6.2255 15.5875 
19.9173 24.6178 12.6708 28.8953 26.0317 28.642 18.548 14.7341 19.4311 27.0777 
22.3633 17.6061 8.9079 24.3704 31.2425 29.8253 12.5545 17.6739 18.3161 35.0468 
9.4067 8.3626 27.4136 10.2844 15.4037 18.7902 6.2173 17.345 5.9708 20.4858 
7.4623 19.6141 27.7963 16.5963 11.3384 11.732 15.6018 7.3184 8.215 16.2921 
18.2781 8.9739 30.7349 14.6333 24.7995 33.1462 13.7851 28.6619 17.3047 27.9596 
8.9659 27.9228 36.756 14.7776 3.6939 5.2941 25.5653 15.803 11.921 3.3639 
16.5337 14.6302 13.8516 21.9181 19.8684 23.8292 8.6431 16.3651 12.5149 29.3984 
16.4461 29.7075 47.1469 19.3803 9.7421 6.806 28.2316 16.2642 17.9602 5.3314 
7.6938 10.4719 25.3157 12.3798 15.6278 20.1552 5.6333 16.72 4.5749 19.7507 
14.9752 27.2104 32.4155 21.1935 15.9048 8.6715 24.1194 3.394 15.2155 13.9952 
7.3889 9.5313 28.217 8.4362 11.774 19.3255 6.9263 18.1785 5.2929 18.9237 
12.5725 12.34 19.6529 19.7621 21.0652 17.751 7.1925 13.5556 9.9782 21.4246 
9.8975 29.0366 26.8828 16.7659 12.289 4.3901 20.2455 5.8539 13.9194 8.7658 
15.1707 26.2499 32.603 20.2059 11.9471 3.2937 25.2726 9.0687 16.8184 7.7006 
6.3188 21.4788 35.8649 7.4495 1.8757 9.4976 20.3214 18.6452 10.2652 7.3682 
14.8075 6.0961 18.5029 16.421 19.3594 29.0062 1.9206 23.0188 11.5687 25.5619 
2.229 18.5148 29.7289 9.0793 9.2502 11.7605 10.6525 11.9925 2.2501 13.8152 
10.5359 5.6906 20.5611 13.5761 18.6823 21.7186 2.8976 19.8442 9.3246 21.7527 
22.3453 13.6443 9.5656 28.8595 27.9624 34.9466 12.8536 21.6041 17.1508 37.3061 
30.5581 21.9106 1.7081 38.2159 31.096 32.8749 16.1245 27.9297 21.8445 40.6524 
14.3732 23.2691 25.4128 19.7299 14.9486 10.9071 18.3201 3.3017 11.6554 19.4626 
20.3435 28.5107 18.6741 31.7826 27.5237 20.1165 19.78 9.9622 22.4563 29.0686 
15.5373 31.8747 41.4499 21.0759 10.633 10.0775 33.1042 22.0885 19.1236 5.0861 
15.0653 27.7176 36.1822 23.3485 14.1074 5.3469 24.2924 5.2478 17.3725 11.1918 
13.3904 7.7373 19.5419 16.4242 20.0649 20.6784 1.4091 22.1346 8.7227 23.6119 
23.9813 35.5207 32.0884 28.2061 24.3909 15.5915 30.6604 8.2449 21.1473 23.1946 
10.2045 28.319 39.9973 14.7839 4.7551 4.7663 24.7564 13.9821 10.6135 3.8199 
23.4031 23.3331 6.7211 31.1756 35.8559 32.4362 21.1008 19.9637 25.8727 35.0841 
26.6698 24.8058 9.2514 29.1878 27.1683 28.1532 17.9621 17.1937 24.0635 31.5189 
16.4001 3.9078 27.678 13.7989 21.7182 24.8677 7.3848 24.9099 14.2661 30.8851 
15.8414 26.2249 25.2694 22.1685 16.4735 8.9604 22.2478 1.6788 15.6026 16.5563 
11.9936 28.7875 34.4837 12.9741 4.9915 6.2084 25.4733 13.6356 13.5986 1.2693 
13.7626 24.3165 19.8004 23.2278 17.6174 16.0994 13.3167 7.7966 14.6624 21.1237 
3.3194 19.2706 34.6621 6.5993 4.651 13.1221 13.9968 18.7751 4.6198 11.2181 
17.5539 30.3376 24.7914 28.0688 24.6825 15.4352 21.3026 5.7456 20.5426 22.5698 
4.1718 17.6436 25.8294 12.7679 11.9619 12.3965 13.4077 10.7574 4.4274 16.2265 
20.618 31.1488 28.9609 31.3706 22.6021 14.8628 25.6876 6.8322 21.9972 25.0864 
17.1973 7.7921 17.3721 19.4471 21.1054 28.0009 3.5199 24.8481 13.4368 30.9414 
4.8464 24.7075 33.6466 8.8108 1.868 10.6985 17.5199 18.068 8.8886 8.7489 
27.5284 32.6079 28.7661 38.3982 30.0135 21.691 28.3363 11.646 23.4348 25.7595 
9.3845 18.1213 21.5091 18.9603 14.6993 12.7001 15.0226 6.4318 7.8413 17.1868 
8.7934 26.7122 33.0479 15.7643 6.9035 3.0557 25.1067 10.946 13.1395 5.59 
15.0226 3.9858 27.2344 15.6733 22.556 27.6124 7.4534 23.199 9.9522 25.8019 
5.3105 22.0847 30.4223 5.3044 3.9427 11.086 15.593 19.1406 9.1335 11.4054 
13.7157 30.8443 35.1515 17.345 12.2486 1.9913 24.2605 10.9129 14.8463 7.7105 
2.724 12.933 24.1146 10.2097 9.4947 12.601 10.0011 15.0967 0.0928 13.1729 
11.0782 28.5311 43.8921 7.5245 3.8884 12.4906 24.9034 17.913 11.9354 8.3243 
21.1448 22.8085 16.5396 30.1218 27.5933 22.4102 18.93 12.5555 19.8769 24.197 
12.2651 9.1572 19.8598 15.2846 18.312 19.8936 3.4833 15.5576 9.3701 23.0627 
11.0779 28.2775 26.7655 22.029 13.1767 7.4347 19.1889 3.9241 15.1096 12.1807 
11.5297 27.7989 41.179 17.8292 7.561 3.0691 23.3529 13.1898 15.4242 3.0072 
15.5643 31.2366 41.0928 21.2933 12.8943 2.981 27.23 12.6946 17.4542 7.9972 
9.9486 18.9873 22.1291 20.4708 15.4502 15.0011 11.5077 10.3733 10.2837 20.0784 
18.2226 12.0945 11.4994 24.7624 25.835 29.0142 8.1375 21.9004 15.4219 32.2099 
15.5479 30.2156 39.4435 23.3622 12.4573 6.2034 31.1457 14.2827 22.3611 6.5584 
20.9866 27.7729 23.5846 26.0628 24.6977 15.8233 19.0015 6.5402 21.4896 23.0145 
11.944 14.2973 19.629 19.4301 17.7632 19.4739 9.009 10.5816 9.6488 18.7207 
19.7389 22.4193 20.2699 26.5452 20.3238 19.4968 16.3676 9.3973 18.0239 23.536 
23.4449 18.5273 6.3102 30.9507 35.7086 35.7939 15.3175 23.6214 21.1831 33.7783 
22.8449 24.629 9.313 27.6073 27.6375 25.399 18.4015 16.4532 23.347 33.0797 
14.2748 2.8064 23.8603 13.8037 21.0855 29.3861 6.4727 28.9929 13.2557 24.6445 
2.7969 20.9526 26.7541 9.9239 5.2737 9.3944 17.9706 14.6745 5.0005 10.3428 
11.0397 25.7002 27.6953 18.0195 12.3943 5.9004 21.8968 5.8838 11.4135 11.9493 
16.4836 4.1782 18.0954 15.3152 20.0299 26.1596 2.4043 25.157 13.1425 24.5526 
13.9175 2.8634 25.7216 16.5725 23.9135 29.1633 4.4965 22.0281 10.7574 27.2018 
3.8583 17.4442 34.5336 5.4652 6.1453 12.0371 13.2616 19.0708 6.0322 13.5549 
14.4703 4.0581 25.9681 16.8427 22.3375 26.1602 3.799 19.9655 9.6429 24.4388 
5.5981 23.6577 26.4599 13.9848 6.6803 7.9883 17.9435 11.0091 7.1947 10.0334 
24.2269 16.0052 7.4147 28.7389 31.9846 28.1961 15.0364 19.2882 22.3374 31.7654 
8.7476 11.2282 32.3698 6.9872 12.0912 18.61 11.0666 24.3596 7.1092 21.0771 
12.7973 8.8136 28.3748 10.4496 21.4033 26.663 11.6183 30.038 12.5449 23.7286 
23.5079 36.4623 27.262 31.7457 27.9057 17.4081 25.8008 9.6673 20.4733 26.0286 
19.1241 8.0103 16.8343 24.5942 23.7272 25.7247 5.0923 23.6883 18.166 33.1008 
15.9275 19.6076 20.1256 21.3129 20.4516 18.2244 16.2196 6.7682 11.9747 23.2757 
13.3092 16.5169 15.9881 22.2259 18.9086 21.3773 8.5686 13.5671 12.4014 27.1036 
18.3648 6.743 28.477 16.0388 24.8121 25.2894 12.2774 26.4082 16.5664 31.3235 
10.0714 25.7636 29.2763 17.4874 13.6677 9.6821 18.4234 4.7952 9.877 16.0615 
3.8489 12.1382 24.1075 10.0713 11.7285 14.7187 8.3174 13.1829 1.3812 16.6051 
25.4288 22.0241 2.6171 36.7315 34.1748 35.8999 19.0172 22.5398 26.7423 35.2119 
14.6826 31.3761 42.0666 17.1178 7.5738 1.8268 23.7499 12.4798 17.0235 4.8219 
26.148 33.6753 18.4362 34.7375 25.9362 25.0601 23.4721 12.0928 23.617 31.7119 
21.3503 29.1448 29.9133 29.5391 26.2506 14.5257 26.7553 7.8085 18.8692 22.9703 
12.9507 29.8788 40.4455 14.8501 8.184 4.9498 30.7991 14.5759 17.4623 2.4482 
21.9746 19.9585 13.6577 28.1085 28.2856 25.5418 14.6775 12.4434 18.9154 29.3788 
12.4094 35.3417 36.0584 17.1339 7.5162 6.3748 30.4115 17.5467 15.6006 1.87 
19.6968 29.882 21.3673 28.2532 21.3974 17.0649 18.3692 6.1004 18.58 19.8718 
21.9276 37.3436 23.4693 30.5279 25.7951 15.4961 27.13 7.8922 20.3072 26.5039 
10.2352 12.4986 17.5693 16.1098 18.7307 20.3169 6.2729 14.0371 7.3813 23.5117 
11.698 13.6704 38.7303 7.697 15.0175 26.9252 15.8668 29.9145 13.1952 19.1576 
29.0638 32.7088 23.9932 35.8338 30.0946 20.8005 24.1054 13.7093 23.3285 25.4539 
12.1864 26.8625 35.5333 20.5213 12.1457 4.6833 19.7497 6.3188 11.4492 8.7226 
10.4079 20.8438 27.4179 20.8753 14.1842 10.5298 16.8049 3.8667 11.3146 15.1945 
15.0513 29.3461 40.7596 21.8598 9.8604 2.6346 25.1107 11.4305 15.194 7.0727 
28.2412 36.4573 24.7893 35.1337 30.6424 24.6715 24.8668 11.4784 23.0436 32.6678 
21.5829 31.5113 30.4972 29.7933 23.3853 14.9777 28.6257 5.0789 19.5919 18.6615 
9.5886 14.0224 32.5963 6.2638 11.8236 19.9114 13.1438 22.384 9.8004 20.1541 
19.2266 4.5818 30.0563 17.7319 20.1373 28.1646 9.0813 25.8512 13.2654 27.2796 
19.8037 36.537 27.3733 31.2227 22.4766 15.0545 24.9865 5.8536 19.8741 20.3837 
15.6792 8.9493 16.3533 20.6748 21.3496 28.2219 2.8422 22.0192 13.3486 24.4087 
5.1724 15.9023 28.7747 3.7552 8.251 14.4572 14.6494 17.255 5.7537 15.4267 
22.3901 26.1089 12.1755 31.8703 27.0507 26.2791 17.5475 15.6298 22.7058 33.6658 
19.9907 19.3311 7.535 24.9967 28.0511 24.6256 10.7937 20.227 19.3174 30.8309 
9.5013 9.0279 21.9136 11.3892 16.8382 23.0133 6.8065 21.8105 5.1838 20.9637 
7.5706 20.4197 21.735 14.9313 14.7262 10.6472 14.6917 6.0357 9.0277 14.8586 
15.1395 7.6736 29.0812 13.4979 23.5975 26.9324 12.8807 29.1139 14.3291 26.3522 
10.0146 29.9571 31.3406 11.7659 4.6355 4.6509 20.628 14.9368 11.8228 4.0668 
13.9058 13.039 14.2544 24.754 22.1931 25.324 7.69 17.035 14.3392 28.6859 
17.8762 31.2264 48.3685 20.5972 11.0006 7.5574 27.3845 18.26 18.3377 5.1227 
7.8834 9.0995 27.1678 12.2074 14.3156 17.3111 5.9035 15.9863 4.4933 18.6012 
12.8832 24.5072 27.6575 23.356 13.3509 8.0099 23.799 3.0524 16.7618 14.3599 
6.7487 8.9006 25.884 8.8497 12.4143 18.3216 6.9841 20.3511 4.9966 17.5151 
13.6187 11.9226 16.834 18.5839 17.2053 20.6333 7.2212 13.3796 11.1552 25.0243 
12.1475 28.1656 27.9013 17.186 10.6957 4.7469 21.1252 7.377 14.5154 11.3468 
14.3463 27.4645 39.4826 18.1208 11.1259 2.8402 23.1701 10.5762 14.049 9.6429 
7.6914 20.5643 36.6134 6.2765 1.6054 10.7348 18.229 16.8901 9.5409 7.6331 
15.8187 6.085 19.787 20.9812 25.3024 22.3804 1.9206 19.5526 11.5051 24.6701 
1.8338 14.4739 28.0953 9.8122 10.1398 12.0932 10.6595 12.7174 1.854 14.9296 
10.0222 6.6605 23.7872 15.0227 18.8511 19.9103 2.6754 20.3628 8.818 23.7377 
24.1123 16.4573 9.8122 26.7793 31.7882 34.7012 11.8473 21.7118 19.835 29.3008 
29.8942 19.9198 1.8658 33.5834 37.6591 36.243 19.6907 24.0424 24.9 36.9646 
12.361 25.3902 21.0482 24.1638 16.9696 11.3421 15.6941 3.3774 11.96 18.3769 
21.8929 33.3885 18.8302 34.1252 27.337 21.9884 24.4368 9.7279 22.8202 27.5688 
15.3398 30.9238 43.0165 16.3659 10.6424 10.2577 27.8589 22.0944 22.4283 5.3065 
15.185 32.9904 28.1407 24.2385 15.3366 5.3418 23.9332 5.8631 16.23 11.7617 
13.248 8.7069 17.5068 15.2066 20.0594 25.075 1.4283 17.4045 9.5789 22.1858 
23.1607 30.4704 32.327 30.9602 24.4912 14.5512 30.5151 7.9104 22.2652 23.1702 
10.1631 23.7021 32.2449 14.9798 3.9796 4.598 19.7834 15.6459 11.6307 3.9015 
26.5069 23.938 6.3988 33.5867 32.736 27.844 18.3215 22.0931 25.6625 30.7382 
22.8888 25.9398 10.2223 31.7172 35.3806 30.6823 20.0144 17.468 23.568 31.0137 
14.7753 4.4034 29.3216 13.2857 20.1963 30.0965 8.5537 27.3431 11.9753 27.4053 
14.8169 31.7252 31.5787 25.072 15.2541 8.8937 24.6315 1.903 15.1857 13.819 
11.864 26.8834 35.2426 15.4565 5.248 5.3517 24.3804 15.4391 13.7691 1.2991 
14.3333 20.2882 16.196 20.7917 21.4539 17.7019 16.8398 9.1503 14.2276 24.4748 
3.2333 19.675 36.7862 6.1428 5.4098 13.2387 14.3644 16.5328 4.7602 11.3261 
21.6204 33.2504 26.321 29.4735 25.5315 15.0909 21.5723 7.2159 20.1433 26.0249 
4.2633 19.9474 23.1307 11.9782 9.7465 12.8985 13.2956 10.6873 4.0428 13.854 
19.7729 30.4307 29.699 28.6304 23.0422 14.2623 26.5118 6.9051 23.5506 21.1914 
15.5775 7.4095 19.5816 19.6331 21.8044 30.2658 3.3037 22.21 12.4734 31.7435 
5.9327 24.0263 35.9037 8.648 1.6905 9.1167 20.3242 16.3596 8.9173 6.7718 
29.9068 31.768 29.0395 34.8514 27.0147 22.9258 32.8772 12.9216 28.294 25.4256 
9.2705 18.2771 21.208 17.4004 14.992 13.1088 14.2448 6.8748 8.0253 18.7038 
8.4067 27.633 39.0539 15.4216 6.9211 3.2031 23.4174 12.0644 10.6809 5.8162 
13.2042 4.375 25.2801 15.1435 19.3199 23.2982 6.9873 23.8851 12.4696 26.1063 
5.8894 19.5986 36.937 4.8989 4.4327 11.4737 19.1205 19.8565 9.0626 9.4851 
11.9483 31.8491 30.8615 20.9206 11.2547 1.746 28.1261 10.162 13.942 7.9761 
2.6655 13.4023 26.1287 10.2638 10.7474 13.6301 12.1106 15.566 0.1008 15.7134 
11.4004 22.8879 34.8273 8.0737 3.8973 12.7465 25.4509 22.2392 13.5616 6.8324 
21.7668 24.1782 15.8752 26.6005 22.1257 20.041 16.5348 13.1337 18.4135 29.1159 
12.7397 9.0731 20.0388 17.4321 16.877 20.5856 2.9964 18.5367 8.813 26.4874 
13.2529 25.5454 30.0608 17.5353 12.5612 7.3442 19.2546 3.5029 12.1944 12.4434 
11.8144 28.3353 39.146 17.3803 6.3263 3.2402 23.4319 13.2458 15.3319 2.491 
15.0827 34.2469 33.2812 18.7263 12.9819 2.8807 30.3761 10.3648 15.6614 6.4835 
12.075 16.198 19.1189 20.1781 18.302 14.2087 12.9671 8.5957 10.8196 22.9657 
16.2797 11.4788 13.0811 24.2235 23.3192 24.2147 6.7015 22.8017 15.999 34.4706 
15.3652 38.6144 46.3564 21.6608 12.0058 5.7738 25.7817 16.5506 20.4418 7.0276 
17.4136 31.9511 23.3011 26.8072 23.8897 16.2781 21.6092 7.1747 22.0914 25.7464 
10.0778 15.2764 17.6973 17.3899 17.0909 17.4804 9.1377 12.7166 10.2387 22.5615 
18.4717 28.1593 16.9084 28.6198 25.2516 20.3038 17.7823 8.7839 15.8883 25.563 
25.5526 17.782 7.2059 30.3687 33.0005 38.2171 14.3439 27.719 25.1997 41.8856 
22.2953 20.8143 8.2405 29.8798 26.0606 27.5247 16.4471 17.7975 18.7794 29.0903 
13.4981 2.7693 28.0176 16.0255 23.7 23.2003 6.1484 26.2854 12.6849 26.3289 
2.2853 21.6423 29.8482 8.8892 5.4912 9.3727 17.0198 15.0406 5.2527 11.304 
11.9439 25.4861 26.1666 15.7273 11.2312 5.3561 20.3823 6.2848 10.5437 9.8993 
16.2263 3.8416 23.2279 19.4158 22.6751 28.158 2.9325 24.3525 11.3134 24.7334 
14.7738 2.5448 24.7745 16.1815 23.3018 29.667 4.0298 23.4749 11.2254 28.5062 
3.4863 17.2563 30.4506 4.7753 5.8723 13.3956 15.1766 18.083 4.9179 13.2842 
14.085 4.4437 24.9539 16.6144 17.2535 26.0542 3.2875 22.3885 10.6636 28.7175 
5.1289 23.8205 33.0192 11.4537 6.9545 6.3139 15.5361 9.7979 7.7196 8.497 
21.977 18.1382 7.1203 32.3782 25.7429 31.8883 13.0727 18.7109 22.3036 33.016 
7.2537 12.1045 29.9454 6.7843 11.9962 18.1595 9.8565 21.933 6.7032 18.2174 
15.1302 7.7129 32.6265 10.4685 20.1856 22.6722 13.7663 29.118 14.834 22.8837 
23.1784 32.2733 25.7837 27.7053 23.942 20.2105 25.8687 8.31 21.7516 25.6154 
20.71 8.0807 13.9921 21.2055 29.1341 28.0086 4.9837 27.0563 18.4819 35.705 
16.1387 24.1379 18.3587 20.7101 18.2951 16.583 17.813 6.0748 13.957 21.8158 
15.2895 16.3812 14.9338 23.237 18.8469 19.3992 9.2701 14.4554 11.0975 26.6935 
19.2618 6.8663 27.6624 13.1571 20.5822 29.8658 9.6886 31.1445 14.4706 24.4654 
10.2272 22.0644 23.5954 17.9348 11.6915 9.4735 18.2052 5.455 9.6483 13.662 
3.8243 13.7827 25.7997 11.8001 11.366 16.431 9.2058 13.9505 1.5957 17.6379 
28.3555 24.4885 2.4487 34.12 33.4762 29.3475 18.7365 24.855 28.0128 41.8476 
12.7374 30.8077 41.4993 19.6814 8.1815 1.8665 25.6089 13.3125 14.1885 3.919 
21.7724 34.4652 16.9649 36.5603 27.4653 25.5703 21.5686 12.3185 25.8009 32.6954 
20.617 34.606 24.9303 31.3896 23.0129 17.8767 27.1278 7.3336 21.343 20.7169 
13.2834 34.9655 38.91 19.022 9.0017 4.344 29.012 16.3934 14.5662 2.6359 
19.7004 20.3278 12.0322 29.2359 26.732 23.7395 15.2854 14.3509 18.7944 28.2868 
15.9927 29.2783 40.7555 16.5775 8.3135 7.2924 27.8118 19.3101 18.3382 1.9463 
19.9364 26.8699 19.7227 28.7272 24.8397 16.25 20.5584 5.6313 17.2013 20.8048 
24.8681 32.4411 27.3121 31.0947 25.5708 15.216 29.2476 6.5668 22.0288 22.396 
9.3109 13.4282 22.58 14.1117 15.3773 20.4942 7.4299 15.2879 7.2693 21.5359 
13.3597 11.4342 29.8654 6.5727 14.9859 24.4447 13.4146 30.2491 11.5997 22.931 
24.9965 34.5864 24.3524 36.9968 31.8455 22.853 29.4175 11.0816 25.5077 26.8173 
10.6042 26.277 35.4252 20.2978 9.763 4.4711 21.2934 6.4982 12.9722 11.2229 
11.652 23.8234 23.7471 22.6276 14.0034 11.5338 17.0171 4.3395 11.0145 16.2691 
16.7579 27.7441 33.4153 22.5883 10.6016 2.5574 28.4995 10.9769 18.838 6.9935 
23.3593 33.1412 23.6749 39.1752 27.2606 21.5234 28.2959 12.8231 24.64 27.294 
21.419 36.0012 28.4743 24.8184 21.7243 14.9267 24.5599 4.8724 21.2786 19.7694 
10.651 13.9825 31.3502 4.9112 14.5897 24.3076 14.7569 26.3591 8.5321 17.1028 
18.367 4.4566 25.0603 13.6019 20.9055 25.2689 10.4478 26.6929 12.969 27.7854 
22.5462 28.8062 28.0537 31.8776 23.8658 16.5909 30.2823 6.7064 24.766 24.0101 
16.5976 7.0968 17.776 22.1516 21.3887 26.6182 2.5727 18.8458 13.8538 25.7621 
5.6233 17.0006 37.2394 3.2275 7.0242 13.5207 16.2416 18.3627 5.1383 15.0226 
20.8318 28.1448 11.1638 32.0797 31.8786 28.7428 20.5756 14.0527 18.4602 28.0361 
19.9164 20.2012 7.8468 31.4446 31.5861 27.5423 13.1808 21.2704 20.0642 34.6225 
8.2839 9.9638 25.5419 9.7446 16.1814 20.5729 5.5863 21.0776 6.2444 19.4343 
9.0342 23.204 24.9837 18.7418 13.5024 11.468 15.4586 7.0427 8.9673 16.2006 
16.8892 8.2765 29.7228 14.3722 24.4507 26.3841 13.7012 26.3495 17.4376 31.8413 
8.4597 27.0036 41.2169 12.8056 4.6501 4.9109 19.929 12.4236 12.8385 3.9968 
17.3321 13.0231 13.1438 19.5463 22.226 26.3432 8.6431 16.6232 12.9564 30.3742 
18.6208 32.7453 40.1261 19.1709 11.0587 8.3306 29.3318 15.9089 20.0079 4.6146 
8.5281 9.7659 25.3502 10.405 16.8511 20.0185 6.3187 15.9238 5.6635 18.8276 
14.1289 26.7153 31.9616 21.1185 13.3208 8.0099 23.7029 3.4953 16.8527 12.1482 
7.5417 9.1069 26.9971 8.3637 13.3961 20.4876 7.3756 21.5076 5.2233 16.8749 
11.7756 13.4316 17.4466 19.3605 20.7856 18.9606 6.5881 17.1527 10.5374 24.2977 
11.0667 30.0849 34.3249 17.4905 11.9678 3.959 19.698 6.2966 13.4843 11.1711 
14.0515 29.8588 37.7777 22.2622 11.8215 3.1447 28.4624 10.0595 17.3144 8.517 
6.2872 22.0971 31.5611 7.626 1.5724 11.8651 21.0833 18.0723 9.0634 7.2121 
16.7301 7.1769 18.5029 20.6922 20.2904 27.2098 1.7985 21.4507 12.703 29.5709 
2.0807 18.917 23.7784 11.6692 7.7744 11.5678 11.9264 15.0031 1.8713 13.6666 
11.6722 6.3183 20.9794 13.493 16.6194 21.7511 2.7805 21.7458 9.7514 23.5454 
24.9506 14.7485 8.6483 26.2912 29.7223 32.4667 12.4774 20.4397 19.3781 31.4576 
29.1907 25.2326 2.0285 32.4568 31.5408 30.7784 19.7875 25.2208 27.7382 41.1202 
13.4959 25.132 26.1743 24.3428 18.645 11.8655 19.7052 3.6913 12.524 15.7832 
20.2617 31.4935 20.5935 34.3962 26.9265 23.2501 22.3686 10.1435 21.8827 23.1524 
16.6666 33.0237 45.6232 20.5357 12.2473 8.5289 27.5378 19.9521 17.7677 6.0574 
14.9456 30.8712 29.3374 19.8371 12.7237 5.616 25.9118 4.8588 14.9631 11.5751 
10.747 6.7306 20.8197 18.1768 17.6161 24.0639 1.5087 17.5584 8.6773 28.0519 
22.9208 36.6815 31.6622 26.6261 26.0486 17.5704 28.7552 7.413 24.795 20.922 
8.767 29.6521 34.3349 15.0401 4.9198 4.9719 25.3245 15.4799 11.6408 3.7721 
26.1848 23.6738 7.2608 35.5552 31.1989 32.5133 18.5513 18.8237 23.8392 34.8762 
23.0988 27.4343 9.0451 30.3057 35.2374 25.4214 20.9856 18.9478 26.7923 35.0072 
14.2466 3.9972 23.2643 15.5136 20.9602 30.6225 8.8327 25.5413 11.1016 30.0654 
16.4194 26.8507 25.5105 26.2253 14.7003 10.1762 20.3163 1.6927 14.1017 17.195 
9.9188 31.6517 36.1116 13.7818 4.6724 5.7464 27.9955 16.5494 14.8828 1.2764 
13.1919 22.6758 16.0377 20.1143 22.2167 16.8982 12.7436 9.4423 13.0884 22.8244 
3.4474 20.2336 35.4691 6.0933 5.0666 11.2093 15.9291 14.4734 4.7342 12.1588 
21.1178 27.4248 25.6984 25.2513 25.2841 18.1258 26.5557 6.087 17.5914 26.084 
5.2236 19.5823 25.9917 14.484 10.0913 12.6292 13.3064 10.1846 4.8333 13.4606 
24.0605 37.459 25.3418 32.5216 23.3266 17.409 28.3989 6.3222 24.9068 21.2484 
15.7622 6.8917 19.077 18.7557 23.4399 25.3597 3.1401 19.7083 14.7109 24.8557 
EOF