I 100
J 10
bounds (0, 100)
cv 1.5
D 100
k 5
t 3
FLR 0.8
FCR 8
abounds (80, 120)

a 
110.0 104.0 101.0 
103.0 115.0 103.0 
108.0 105.0 102.0 
103.0 99.0 117.0 
121.0 104.0 117.0 
109.0 128.0 116.0 
129.0 108.0 84.0 
118.0 101.0 102.0 
94.0 108.0 92.0 
135.0 111.0 88.0 
122.0 102.0 103.0 
108.0 101.0 108.0 
98.0 124.0 126.0 
115.0 115.0 92.0 
130.0 98.0 104.0 
93.0 104.0 110.0 
107.0 123.0 89.0 
111.0 116.0 109.0 
100.0 119.0 107.0 
103.0 113.0 94.0 
121.0 91.0 114.0 
114.0 109.0 107.0 
115.0 112.0 113.0 
100.0 97.0 105.0 
112.0 98.0 122.0 
102.0 125.0 99.0 
129.0 99.0 98.0 
111.0 97.0 118.0 
99.0 119.0 105.0 
112.0 98.0 99.0 
112.0 117.0 105.0 
126.0 96.0 116.0 
96.0 101.0 115.0 
112.0 102.0 77.0 
119.0 102.0 123.0 
125.0 113.0 107.0 
99.0 109.0 114.0 
104.0 134.0 118.0 
107.0 98.0 107.0 
115.0 112.0 103.0 
96.0 114.0 104.0 
100.0 128.0 133.0 
123.0 113.0 132.0 
103.0 125.0 90.0 
113.0 118.0 113.0 
115.0 119.0 115.0 
107.0 121.0 109.0 
118.0 112.0 102.0 
113.0 111.0 105.0 
112.0 99.0 103.0 
111.0 109.0 92.0 
109.0 129.0 105.0 
121.0 116.0 115.0 
117.0 128.0 117.0 
106.0 98.0 99.0 
103.0 103.0 99.0 
96.0 119.0 125.0 
120.0 127.0 110.0 
116.0 91.0 106.0 
113.0 109.0 132.0 
115.0 123.0 113.0 
117.0 99.0 111.0 
116.0 96.0 109.0 
89.0 111.0 93.0 
122.0 107.0 125.0 
101.0 121.0 121.0 
118.0 105.0 106.0 
98.0 140.0 125.0 
110.0 115.0 103.0 
97.0 113.0 103.0 
101.0 106.0 114.0 
104.0 109.0 112.0 
121.0 118.0 118.0 
105.0 115.0 105.0 
95.0 129.0 94.0 
103.0 104.0 119.0 
112.0 121.0 94.0 
109.0 118.0 107.0 
124.0 104.0 95.0 
99.0 117.0 110.0 
120.0 119.0 110.0 
123.0 107.0 137.0 
122.0 123.0 102.0 
99.0 114.0 117.0 
121.0 93.0 115.0 
101.0 116.0 100.0 
88.0 114.0 122.0 
124.0 113.0 109.0 
113.0 106.0 112.0 
124.0 109.0 108.0 
111.0 107.0 113.0 
124.0 119.0 121.0 
105.0 108.0 105.0 
108.0 108.0 99.0 
130.0 114.0 94.0 
111.0 115.0 110.0 
103.0 110.0 104.0 
116.0 110.0 120.0 
113.0 112.0 103.0 
111.0 128.0 117.0 

Icoords
67.4567 42.5643
58.7934 30.6694
72.6869 2.8982
82.3682 52.4241
26.8419 50.994
80.2346 58.9663
42.2958 33.3388
38.9667 41.9369
45.412 25.0099
91.0564 39.8423
46.8705 47.0306
28.3977 70.3387
59.8351 44.6843
30.0081 87.5017
22.7496 23.1321
95.9169 2.5387
12.2818 89.6191
89.6839 51.3697
86.6835 61.7677
9.1838 50.0256
77.1852 66.8382
10.46 97.0183
75.1457 83.7487
16.9796 10.1596
70.3896 24.7154
34.1763 90.6259
44.5649 60.1562
72.5582 85.9989
96.6158 39.295
28.0503 21.1783
28.9323 85.8485
86.1818 55.6765
92.3257 37.5591
0.571 47.3855
91.861 0.689
42.7866 5.0479
8.5892 87.6613
96.3801 25.6239
29.9297 8.3585
61.0462 16.6794
31.9768 10.4385
25.4922 25.3295
77.0175 6.241
49.6601 41.7599
62.7215 27.5082
93.0414 3.8436
27.3369 21.6144
79.0361 31.1672
31.9419 0.5425
20.3365 96.4782
91.7253 95.7008
36.3829 69.8253
70.4551 95.5836
93.0578 9.4694
71.0481 62.3817
69.7756 21.1016
97.6287 7.238
10.1663 4.4309
79.2166 78.7346
43.973 61.4015
40.2614 72.0202
43.3693 80.1012
4.7245 95.654
81.5714 5.8946
92.9506 0.8633
64.7364 2.9562
28.1844 21.0022
39.4492 35.6267
34.3377 92.6037
62.1217 24.894
22.2572 37.4584
56.6578 7.2797
85.8152 64.566
95.1708 36.1692
87.5488 63.5608
15.4387 56.7397
0.5325 31.697
74.4517 76.8158
74.6035 88.1067
32.871 64.7852
29.9137 27.9425
41.7568 81.4396
84.0627 32.7859
25.7112 72.4966
2.3221 33.6996
21.1098 63.7041
62.8856 41.3463
75.3512 9.4978
68.7182 96.8021
59.8345 64.75
73.0638 35.5896
24.1362 87.1697
81.176 18.4486
11.6029 16.0298
97.0415 26.5133
68.3426 43.9907
77.4975 78.2491
60.5509 88.0075
75.532 84.649
4.4806 40.9332

Jcoords
39.6731 30.6173
13.5911 81.1559
84.6606 36.8387
11.1044 5.6131
95.7263 30.5663
81.645 14.776
90.5799 57.1164
82.1377 32.8076
34.5112 83.6821
93.5543 97.1257

C
11.9068 22.5361 5.9472 23.0934 10.9912 11.5849 9.251 6.4587 19.8003 20.213 
5.8011 24.5107 8.4937 17.3033 11.2867 10.4104 13.5297 8.132 19.1838 24.7495 
13.747 30.1253 13.241 21.1371 11.8167 4.4914 18.7098 11.7375 28.1721 30.8062 
18.4767 26.1253 5.7656 31.1722 9.934 11.9479 2.9338 6.109 20.898 14.2664 
8.664 11.8797 22.1557 18.7758 27.892 22.479 25.5869 18.3884 11.1303 29.694 
15.3952 25.2515 8.5389 27.0269 11.9244 16.7699 4.2027 9.3607 17.4795 13.8955 
1.369 21.8289 13.6029 13.6716 21.1495 16.5765 18.9989 15.0855 18.9859 31.0873 
4.2406 18.4047 16.1978 17.3594 21.5457 18.4141 19.1202 16.0397 13.1237 29.6139 
2.9519 24.6981 15.4377 14.0895 16.978 13.4337 21.7509 14.6911 23.4408 28.423 
18.3448 26.7682 2.8045 31.9792 3.1758 9.3471 5.8633 3.878 23.2034 21.3526 
6.0003 15.6154 15.5113 16.5647 18.2609 14.4567 15.929 13.8419 15.0114 22.412 
14.5343 6.5958 24.0839 25.6662 30.6069 25.4037 24.4372 22.057 5.7725 21.5148 
9.374 18.4637 9.805 23.6223 12.2801 14.2511 12.3997 9.3011 17.637 19.7015 
20.0102 7.021 27.8789 30.4317 31.8503 34.9101 21.3869 25.3571 1.8837 24.198 
5.8512 18.727 20.5576 7.7687 28.8796 18.7081 25.1046 19.8685 18.6587 39.4186 
21.034 38.715 11.1982 32.1141 8.6803 6.7154 20.6081 11.597 32.3085 30.9869 
25.0767 2.9657 28.6206 25.2547 33.4587 32.6027 29.2478 28.5971 7.5951 25.114 
16.5686 25.397 5.0229 29.1706 7.281 13.885 1.9693 7.2014 22.2761 18.2851 
19.1403 26.4217 8.2636 35.9491 10.6877 18.0253 2.1413 11.4796 21.3789 11.7855 
10.9692 10.9445 26.1428 17.7238 33.654 31.7002 30.631 23.9342 14.0644 36.612 
17.0358 19.7709 11.331 27.0343 14.2209 19.4956 6.0129 10.6125 16.7776 12.5386 
27.0586 6.2895 33.0654 31.3528 34.7442 42.8449 33.5917 30.4095 8.5474 31.177 
22.0402 20.7869 18.3419 34.6422 19.8906 25.6884 10.5642 16.0375 13.8767 9.0204 
9.5877 26.8671 24.5093 2.2599 29.7327 21.0114 32.8437 26.7857 28.1625 37.1608 
11.7763 31.1402 6.7523 20.673 10.2636 5.8502 12.438 5.6962 23.3163 25.0124 
22.4829 7.7562 25.9074 33.4822 30.6323 29.1612 22.9099 25.6315 2.1683 18.7979 
9.3626 14.5158 18.465 22.7032 19.6514 20.8275 17.9573 18.4262 8.7702 22.0085 
20.1794 23.4947 18.1805 31.934 19.3516 21.6047 13.2669 17.7004 15.0678 8.8799 
21.7844 35.6116 3.9214 29.079 3.3034 10.865 6.5291 6.2572 30.0612 21.6763 
5.7481 22.0439 22.9072 7.1491 23.7631 20.1221 23.7352 18.467 20.3277 37.8708 
18.669 6.3882 26.7984 28.1673 29.5487 29.3157 24.0295 27.7521 2.2623 22.2642 
16.4249 28.7112 7.3839 29.7245 9.3994 13.5264 1.529 8.9876 22.5685 16.6463 
17.7488 31.1667 2.7662 26.55 2.7347 8.6584 6.2813 3.8828 26.3588 21.3413 
14.6187 11.3901 33.5773 15.1168 36.6229 31.7212 28.4365 32.3814 17.5416 36.929 
18.0662 35.2704 13.874 31.3432 11.439 5.7633 19.3878 10.8124 36.6902 38.1659 
8.1036 29.3212 16.0142 9.9339 21.9679 12.4419 23.3802 16.3397 29.3265 32.6058 
25.4721 2.9148 35.9725 24.7902 36.0867 31.7637 32.8283 29.2779 9.7481 28.1521 
21.8711 32.6081 4.9847 33.7054 1.5575 5.6521 10.2919 5.2943 27.5065 27.5711 
7.3817 28.8287 23.4698 6.24 21.2497 17.4888 26.0304 17.4965 29.2267 42.79 
8.7087 29.6693 10.5038 17.7604 12.6939 7.1907 15.6481 10.1612 28.2786 27.4789 
7.2716 26.0489 22.7523 8.5135 22.6225 17.2506 28.8221 20.5136 23.0049 39.4916 
5.5847 18.5456 19.3671 9.5581 27.1293 20.5232 22.7011 17.5811 22.6676 34.0022 
17.1115 34.012 11.5145 23.5057 11.1765 3.8 16.2853 9.0041 28.5337 32.1379 
5.9479 17.6372 11.1584 18.8886 17.2892 12.6043 14.5499 11.1139 16.1897 23.9448 
8.2958 25.1699 9.4004 19.226 12.9701 8.5302 13.1841 7.0764 20.3979 28.8493 
19.5841 38.9888 11.1252 29.9222 8.9488 5.7405 17.7054 10.6246 36.2321 31.5858 
4.8748 18.8761 22.1823 7.9663 21.4092 18.0632 26.3488 19.2351 21.0061 37.0697 
15.5578 25.2081 2.6351 24.089 5.4378 6.2722 11.1276 1.1568 26.7756 26.8259 
12.2813 28.6802 24.9877 6.7082 24.8292 17.7128 30.8077 22.0246 27.0749 43.27 
22.2328 6.6396 33.1399 29.9481 33.2164 33.637 32.0873 31.0029 6.3571 26.9233 
29.4935 24.3516 23.0735 38.5896 21.2739 31.0788 12.5339 19.2195 21.4675 0.811 
15.5377 9.3896 17.7284 22.766 21.7447 23.5468 20.7026 22.0703 4.2955 23.3401 
21.6029 17.6232 22.3258 33.9732 24.8122 27.8836 13.367 24.456 13.1536 8.0772 
18.145 41.7603 9.7537 25.7044 6.4199 4.8923 18.3546 9.5774 37.0827 33.1346 
17.2382 22.6795 9.1897 25.5519 12.3733 19.445 7.5293 12.1665 16.2403 14.8407 
10.3426 29.7211 7.7548 21.1838 10.8447 4.4062 14.9357 5.5774 24.2291 26.7246 
22.5289 43.2349 11.8829 29.1898 8.639 6.7878 18.3009 9.1931 36.1442 28.4877 
15.4451 29.1692 25.1514 0.4912 28.646 24.8593 37.618 23.3174 25.8335 45.8709 
20.0546 24.7183 15.4713 38.1533 18.4073 21.8 9.4077 15.886 14.528 9.3022 
11.8054 13.4666 17.2903 21.1671 22.1514 23.3237 15.2673 15.6751 7.7194 22.1649 
13.9666 10.8115 18.3994 23.5637 23.5777 26.7359 19.0605 21.984 4.01 19.6701 
18.7967 11.3973 21.9304 30.0269 25.2699 24.2054 20.4836 21.7337 3.7224 17.5993 
27.628 5.6473 36.4417 31.5121 41.2959 34.2994 29.0135 33.3138 11.6179 34.3996 
17.747 30.7398 10.2934 22.9583 10.4674 3.5474 15.9508 9.3517 34.6932 36.5298 
23.506 39.1287 13.2573 27.8581 10.143 5.993 18.1521 12.2657 35.142 30.8816 
11.6572 30.7418 12.6881 21.3986 16.4527 6.7461 18.027 10.5974 34.1002 37.8854 
5.3468 22.7973 18.224 7.8512 25.7651 16.1789 28.4191 18.629 23.5488 32.3796 
1.8463 18.9385 13.8442 14.1434 21.5564 17.0945 19.7227 13.566 15.8452 28.2431 
24.4507 9.4497 28.0251 32.8465 32.3185 33.635 20.4893 30.3151 3.4257 21.0831 
8.903 27.5582 8.4815 18.2215 12.5755 7.98 14.0363 7.4536 24.8106 30.6433 
6.9962 13.7388 24.5133 12.5688 27.6276 20.3049 27.3145 21.8621 14.9678 33.4972 
11.3118 29.1941 16.0792 15.576 14.0085 10.1454 18.1039 13.2694 31.7554 32.5764 
20.9721 25.707 9.6797 31.7484 13.9003 19.8258 2.8191 12.6412 19.4416 12.2388 
20.6868 30.3054 3.1847 29.5803 1.9926 8.4081 8.4791 4.8428 29.7499 23.6899 
22.7288 29.7854 8.8051 37.4589 12.4958 19.3369 2.2291 10.9477 18.3963 13.4448 
13.7934 7.5221 22.1551 19.154 28.7201 25.0205 29.8464 25.7869 10.0614 26.7243 
14.2134 16.4357 27.6792 9.4933 33.939 32.7126 32.2804 27.3566 24.2892 37.5187 
22.6447 21.4896 15.7201 32.9177 18.1894 21.8407 9.4506 16.525 12.239 10.821 
23.403 22.8066 17.9201 33.1254 19.7799 28.0601 13.2421 19.6786 15.5212 7.5534 
12.2283 8.6804 22.4567 24.217 26.0215 23.6671 19.0367 21.0799 6.6786 22.2724 
3.8059 19.0136 17.4715 10.8316 23.1515 19.7348 25.2504 20.3874 20.6322 37.0181 
16.76 8.5938 21.6913 24.7817 27.1008 27.8426 20.9076 24.2606 2.8041 18.493 
17.5237 27.0014 1.5793 28.3623 3.9038 6.6617 7.8461 0.7279 26.1546 25.6567 
14.515 5.5814 21.1783 24.8578 29.3145 26.8214 22.9601 23.2278 4.3366 23.1683 
12.9187 16.5155 26.3015 8.9489 34.4481 26.0141 35.5293 30.0525 22.3 38.0452 
12.1327 6.7668 25.8873 18.91 27.5712 24.9387 21.1578 22.9903 7.7125 30.405 
8.1191 23.1208 7.5938 21.5291 12.9929 12.4637 10.9823 6.8721 17.6135 21.6808 
13.5036 31.341 9.9731 19.8756 9.6632 2.6367 18.9029 9.6601 33.4074 30.17 
23.23 21.0709 22.405 40.7189 26.6594 26.5474 16.9772 25.0103 13.2882 8.83 
12.1108 17.2815 12.9322 24.3063 19.3157 21.2979 11.4076 14.6483 12.5934 14.3371 
12.8284 28.9948 4.1115 22.06 8.382 8.1858 10.1409 3.635 20.9136 24.8211 
19.7408 3.7547 31.3059 32.8961 35.3921 29.3548 23.9192 26.1856 3.8211 27.5394 
15.8209 33.3562 7.0546 27.8254 5.6939 1.3791 15.4046 4.7894 29.3394 31.4119 
9.911 23.4889 27.3012 4.0546 32.9016 24.6938 34.6219 23.4112 23.7633 44.8145 
19.4286 35.72 6.1342 30.5833 1.3921 6.7025 12.1514 5.0655 25.4429 22.2771 
12.1416 22.4396 6.8647 20.805 10.549 9.7586 10.241 5.8728 17.3618 21.1785 
20.4488 20.3177 13.5448 37.3653 15.3605 20.0621 8.8854 17.4444 16.898 8.3391 
21.7775 15.1673 20.3405 29.2602 26.4978 23.419 14.5529 22.7185 9.5476 12.1551 
21.374 19.0585 16.1062 37.8304 20.4711 23.1602 11.8791 15.8036 13.594 7.1809 
11.1817 13.4324 24.8641 13.7311 36.4576 25.8935 34.7099 25.9542 19.3246 33.5014 
10.6003 24.3053 6.3878 24.1851 9.2899 10.3618 9.964 6.2031 20.3852 18.9671 
5.8126 24.3413 9.6425 21.3598 13.2663 8.757 14.0797 7.1287 20.8514 27.7419 
15.8075 31.0765 11.2867 23.2083 14.1174 5.1951 20.9993 12.4527 34.1317 31.6747 
18.5343 26.7067 4.9496 33.1844 9.8546 11.5563 3.629 7.4626 22.6128 16.6671 
8.9096 12.8351 21.8045 16.9265 21.9859 20.2127 22.0332 22.0091 12.9031 31.2432 
19.7599 26.7476 6.921 26.4768 9.854 15.4568 3.631 10.1528 18.2488 13.851 
1.1683 19.81 14.4743 13.6341 18.3032 14.3663 19.5802 14.4878 16.7802 31.4965 
4.0682 14.6303 16.4553 17.3274 18.275 15.2725 16.2527 14.2747 14.8072 25.1194 
3.0642 21.2389 15.0729 14.2432 16.4364 14.2846 18.11 11.4173 22.4442 33.9637 
20.0988 28.963 2.4653 34.7797 4.0139 9.9924 5.2637 4.2608 25.8293 20.3951 
5.7727 14.7002 13.7539 18.9123 20.0447 17.4259 14.5878 13.7696 14.1141 20.5974 
16.4048 6.1099 22.329 24.5004 30.5912 30.3444 24.4944 20.2282 4.7804 21.8177 
8.4398 19.8124 8.5267 21.3925 15.3617 11.1159 10.0053 8.6795 16.4233 23.143 
22.2836 6.2254 24.4211 29.8518 29.0939 30.8519 23.3453 22.7957 2.059 23.5874 
5.9808 18.9385 20.2912 7.7876 28.4395 19.3743 23.9741 19.345 21.0273 34.3287 
21.3357 37.0416 13.9201 31.7577 9.14 5.7321 18.7985 10.6026 31.8201 30.4665 
23.9058 3.2723 31.9082 26.3385 38.9584 31.1537 30.6636 30.1097 8.7778 28.1828 
20.0339 25.397 5.1998 36.3269 7.7944 13.4429 1.9868 6.7366 22.404 16.5999 
19.1741 29.2499 7.5433 29.0569 9.9925 18.1482 2.2633 9.7911 17.6894 11.7711 
11.1391 10.6207 25.3229 17.2126 28.5979 28.2272 30.3532 23.1096 13.0662 38.1484 
18.4072 20.1424 10.1747 27.5568 12.5019 20.734 6.1172 12.638 16.7271 10.4764 
23.4532 5.4795 33.008 27.9524 42.6466 37.3954 30.1099 36.068 8.9874 26.5653 
24.7489 24.619 17.2363 32.7125 18.79 25.6884 11.3984 20.4852 13.4175 8.8383 
10.6754 22.8229 27.4702 2.3594 24.6972 21.1864 26.4792 23.4194 23.7711 40.6718 
10.1123 27.2567 6.7523 20.5608 10.378 4.6204 14.3889 5.2197 27.0367 28.9505 
22.5251 8.6467 22.7132 34.4248 28.2415 30.6734 23.0608 23.5281 2.5069 19.1085 
11.6741 13.1087 14.7915 20.1756 21.3181 19.7961 15.0797 17.0042 9.4226 22.2724 
25.1969 21.057 16.3427 40.0491 20.0785 24.8285 13.5086 18.6624 11.9651 9.4906 
17.8733 33.7706 3.869 27.9945 2.9296 9.8193 7.3325 5.5575 26.1909 18.9835 
4.8901 24.1231 22.7956 8.3455 26.4346 19.4798 24.2472 18.893 22.5961 38.5528 
19.2542 5.0567 27.1991 30.4358 34.248 33.5719 24.3832 29.6003 2.3329 25.4916 
16.837 26.9264 5.683 32.8287 10.4148 13.1602 1.4814 8.191 22.3569 13.9561 
17.9877 34.8476 2.4629 28.985 2.3934 9.0761 6.5581 3.5725 27.4977 20.6085 
13.5934 11.799 33.8739 15.3796 33.0186 29.8337 28.4728 31.9919 17.308 37.3719 
18.9927 40.4004 13.0779 30.0406 9.4536 5.6903 19.1394 12.7152 37.7898 30.4112 
9.4791 28.2126 19.91 11.7338 22.3087 14.8614 22.0161 18.1938 26.0926 39.9555 
25.2837 3.1593 33.0907 32.3914 35.222 39.5137 29.4335 33.1039 8.2191 31.0502 
18.4612 39.367 5.8752 32.5843 1.6911 6.062 9.8564 5.8909 26.2253 28.437 
9.6025 25.3221 21.6682 6.748 27.7565 15.9671 24.0616 22.5408 29.1815 35.9096 
8.4101 30.9422 10.0443 15.5148 13.2618 7.7699 16.4342 8.7354 23.6303 29.1448 
8.63 26.6188 22.9231 7.5837 22.5891 18.7214 23.2929 18.2343 22.7338 32.4099 
4.7765 18.9851 20.9765 7.503 24.4882 19.2434 26.5691 19.7408 18.3572 34.0715 
16.4515 31.0771 11.3158 21.1525 10.0809 3.6291 16.8171 9.0825 29.1079 28.9602 
5.9793 16.1683 10.759 17.1287 16.3648 15.2574 15.6906 10.713 17.6919 22.0089 
7.7307 24.5006 9.4004 21.8669 12.5425 8.1151 14.1841 7.6521 20.2659 29.0625 
18.0437 36.2395 10.7609 31.2417 8.1726 5.4404 16.1162 12.3546 36.7964 28.4328 
4.9115 23.1109 18.1551 9.0968 26.2373 17.68 28.0749 20.6558 20.0564 31.2747 
14.8728 26.5669 3.1495 23.189 5.2458 6.3618 10.9799 1.2705 20.6549 22.8344 
9.3934 30.8711 25.4805 7.8362 26.7256 19.3465 24.4929 22.317 28.4307 44.7249 
21.8003 6.2311 34.9908 33.3182 33.1163 36.4869 26.789 34.0908 7.1305 24.5802 
31.3769 25.4802 23.4944 40.1491 22.0374 25.0604 14.7612 19.175 21.4851 0.7491 
13.051 8.4682 21.7863 24.3256 24.5909 26.2479 20.3185 19.4631 4.4283 20.4257 
27.6704 23.1495 19.0803 41.1408 25.4121 24.7428 14.956 24.5007 11.3703 8.2069 
22.8076 40.8613 9.4016 25.8357 6.9451 4.7135 15.3058 8.2582 35.4946 31.1711 
15.8899 23.2598 9.4762 26.5591 15.4616 18.4208 6.7383 10.2082 16.2615 12.6384 
11.0055 28.6438 6.7086 23.9327 8.5244 5.0921 15.8673 6.6789 24.6385 28.485 
22.1164 41.1867 11.5662 33.8629 8.501 6.2294 17.8727 11.0586 30.1069 28.1098 
12.7782 27.0034 25.062 0.49 27.0177 22.8876 33.0035 29.901 30.5012 44.5617 
22.4649 19.8324 14.7953 36.7643 19.6039 19.3678 7.5222 17.8465 17.8789 7.0612 
12.3089 13.0969 15.3797 19.5807 22.6092 19.6312 16.9897 19.0562 8.7579 23.7415 
13.536 10.9919 19.453 27.5599 26.5483 21.4593 20.3357 19.4941 4.4859 19.0221 
16.1122 11.3586 20.8539 31.0416 22.2427 29.3765 18.5145 21.8071 3.6737 18.638 
22.3859 5.9294 36.3524 36.0615 40.0204 37.9269 31.3568 32.6357 9.8202 30.917 
17.5232 32.5653 10.0602 21.4362 10.4133 3.336 20.3663 8.5656 31.193 29.6103 
19.2161 37.1192 11.2564 29.4322 11.3274 6.8051 17.3301 13.2201 39.2876 31.2955 
12.5717 29.8447 15.0151 20.4696 15.1868 6.775 18.7832 11.5994 32.0229 29.9873 
5.9326 21.5036 22.6641 8.8742 26.0584 21.2597 28.8373 18.9714 24.3363 36.2627 
1.7054 18.9857 17.0779 14.5025 20.6071 15.7437 21.7249 15.9703 18.1785 30.3974 
24.7307 8.618 27.7471 29.1188 31.4632 30.5383 25.4969 24.7497 3.2972 20.4179 
8.9099 23.962 9.9865 20.5885 13.4207 7.6259 13.2968 8.194 22.7776 30.4148 
6.0681 14.7678 23.5772 12.444 29.4945 22.4155 27.9188 21.4837 17.8322 34.2874 
9.2913 32.8455 15.7901 17.1669 17.0421 10.0906 19.6352 14.3587 27.5712 32.4793 
19.9238 28.0339 8.6251 31.6342 11.4496 18.2769 3.5089 10.8093 19.2281 10.3814 
17.1675 37.2273 4.1515 27.0847 2.0883 7.7222 6.725 5.3017 25.8973 18.397 
18.2191 26.4936 9.1384 34.3413 10.4222 15.7987 2.7774 10.2701 20.3193 11.7263 
10.9856 7.718 22.3784 16.2704 25.5196 30.1626 23.0761 22.4705 10.1208 29.1514 
14.1351 18.8093 30.5955 9.1555 38.0516 31.7266 35.9482 27.1852 23.221 39.2588 
18.4928 21.1723 12.3821 29.22 18.8411 21.6096 8.534 13.7239 14.553 11.0635 
26.5512 19.8161 17.3193 38.6533 20.0128 27.0951 13.0051 18.5401 12.492 7.4506 
13.3257 9.7073 22.3272 20.371 26.7658 26.7198 23.1002 22.8008 6.1627 21.626 
3.6956 21.1788 16.7726 11.4156 24.7981 17.1298 26.6506 20.2929 22.31 30.7388 
16.9533 8.8783 22.1183 31.1611 23.6446 26.1879 16.6585 22.4085 2.3171 19.6783 
16.7237 30.352 1.3028 28.8372 3.7257 6.5345 7.564 0.7225 26.2682 19.6669 
17.2608 5.8555 27.5373 22.9957 31.5751 32.0297 20.8935 24.1315 4.4091 25.0015 
12.0642 16.3546 27.7435 11.5003 28.5323 29.1211 35.4106 28.9829 19.4879 43.0898 
14.9857 7.2038 21.9752 19.4464 27.7508 28.8383 25.7076 25.2613 8.3789 29.0408 
9.5947 22.5569 8.1964 20.3778 13.3212 12.6751 12.171 7.1375 16.6044 21.1397 
13.1346 29.0139 9.8315 22.5789 10.1556 3.169 15.1533 7.8077 30.3589 31.1634 
25.5935 21.0136 23.2674 32.5967 23.7624 33.1904 17.4575 24.4022 12.4052 8.209 
15.4407 17.9783 11.9797 24.2833 19.4446 19.7494 12.5702 12.5251 12.4922 18.1469 
11.6468 25.6458 4.1255 25.2262 7.8458 8.3276 10.7986 3.4698 24.0325 19.5417 
18.3509 4.5292 30.8651 30.79 34.0962 36.0763 29.0677 30.2398 3.7258 22.2307 
13.7968 33.181 7.4607 27.4051 6.2051 1.2296 15.5001 5.614 24.3345 25.1678 
10.24 25.6325 23.6322 3.8669 29.4868 26.1089 31.2923 28.4646 24.0776 43.4887 
17.9332 31.9894 4.9444 32.6882 1.6678 6.083 11.9638 5.876 26.7392 22.3337 
12.4896 21.7447 6.4959 22.1419 9.2437 11.338 9.0661 6.4304 20.3815 18.3026 
19.7676 24.7126 12.9438 35.7022 17.3258 21.1117 7.5682 17.5266 13.6138 7.7022 
23.5668 16.5815 17.8178 36.4287 26.5045 23.0151 15.2508 23.6312 8.043 11.3676 
21.9122 24.4249 19.2846 39.0234 22.1048 22.557 9.8836 16.368 16.2857 8.4895 
13.3307 15.2883 30.2351 12.8327 30.6813 27.4986 30.4084 29.2179 20.8031 36.2396 
9.2726 22.9933 5.6915 25.9978 9.9102 11.8782 10.8247 6.3441 19.2945 21.1807 
7.2715 20.4651 8.156 21.4136 11.5083 10.4633 14.5717 7.9843 18.9797 22.747 
16.7774 32.2043 11.4342 23.3809 14.3983 4.8291 17.4252 12.39 32.5859 30.8255 
14.5599 29.7777 6.0681 31.3086 9.2398 14.4972 3.5051 7.4077 19.6004 16.1004 
9.0806 12.4892 18.5067 16.4318 25.018 25.573 20.2787 20.0183 10.4857 30.6106 
19.5174 22.9897 8.6021 31.0613 12.2447 14.8069 3.8275 8.2932 16.6375 12.6183 
1.1762 21.0481 14.3171 12.9163 19.8173 16.8245 20.2476 12.9498 20.3715 29.778 
3.4138 14.0651 14.5059 17.4144 19.9827 18.8441 16.979 15.9338 14.0179 26.4933 
2.6478 23.6461 12.474 14.7674 19.1294 12.7748 20.7479 14.9427 23.2976 26.7322 
16.6847 30.0429 2.189 27.6481 3.1384 8.999 6.38 3.5611 26.2156 20.0854 
6.796 16.8786 12.701 18.3213 16.2554 16.1642 14.0944 12.8874 15.0965 27.1779 
13.853 6.5628 25.3608 21.2042 26.2434 24.1185 20.0062 23.3548 4.8391 25.2556 
8.7963 21.1258 7.8914 24.8528 12.3534 12.6742 12.8076 10.0717 14.8982 20.2314 
23.0048 6.0811 22.5208 28.0449 28.8157 28.2117 21.8816 29.9888 1.9539 23.1889 
6.2454 20.9651 22.7579 8.0275 27.4199 19.1602 29.2317 21.0238 24.0929 38.7632 
24.24 36.4838 14.2342 29.5341 9.496 6.0292 21.7926 11.0083 35.4427 29.5487 
21.0632 2.719 33.225 26.1621 32.7124 38.2048 27.849 28.1919 8.5362 27.7013 
21.4308 31.5256 5.1782 31.1347 6.6484 14.8929 1.8088 7.2736 24.546 14.7493 
17.0819 24.2287 7.9084 32.5501 12.0293 16.565 2.2408 9.0084 20.7961 13.4677 
13.2607 10.0233 24.9015 14.7365 31.0816 25.286 31.015 23.327 13.3231 33.7229 
18.1256 21.8829 10.555 27.1694 14.7953 15.8222 5.2549 12.4592 16.4427 12.4354 
26.2751 5.6056 30.3521 28.8391 40.8737 37.167 33.1083 33.6333 9.7712 29.565 
24.8639 24.2925 18.5047 39.4409 17.2674 21.0952 9.3206 16.1969 14.7179 6.9564 
10.9351 27.0306 24.1165 2.5266 26.5682 22.2172 32.3984 20.9912 25.8119 34.8781 
9.6869 30.3715 7.4358 20.5359 7.9857 4.6939 13.3963 5.5949 23.7236 28.6084 
21.6031 9.0273 23.6058 27.0783 31.3977 33.9394 22.8968 25.8343 2.7168 23.3555 
10.162 11.4809 16.4335 21.2059 22.1455 19.1514 17.2656 16.0887 9.351 22.0576 
22.8975 20.1932 16.4035 39.4319 22.4937 23.5002 10.6421 18.7759 11.8088 8.7991 
21.9975 30.2931 3.9898 30.9079 2.7682 9.9284 7.4153 5.7114 23.0611 17.9642 
5.5624 22.229 18.8192 8.8402 22.7109 19.6148 23.288 21.2719 21.3394 33.157 
17.5606 4.954 24.0154 27.1645 30.7886 28.1388 23.3357 23.868 1.9343 24.6848 
18.6068 28.8574 7.4651 30.0584 10.0441 15.477 1.6082 8.0168 21.8809 16.0653 
19.1349 34.0376 3.0426 27.7195 2.9323 9.768 6.0398 3.6535 26.1221 19.6195 
13.2403 13.5617 31.3654 14.5912 37.5312 27.6228 31.8587 27.095 16.1452 32.6477 
18.5836 35.4725 12.7609 29.5714 10.7641 5.3092 17.2261 11.0809 36.4077 30.7102 
9.1751 31.4569 19.4105 11.9714 21.198 14.2765 22.7511 17.6303 29.1921 32.7635 
25.8229 2.5636 30.7212 29.2967 32.7114 35.2724 27.8148 30.3972 8.2716 28.323 
17.7838 30.0761 5.3999 35.0018 1.9478 6.3236 12.4182 4.9306 29.5427 24.4727 
8.2005 28.3885 21.7546 7.3016 20.965 18.1662 24.6141 18.6668 25.5894 35.7676 
7.8411 30.8301 10.3828 16.0826 12.3278 8.0947 16.5644 10.4347 22.6647 27.6264 
7.6603 28.7597 19.794 6.6325 26.2526 19.3845 22.731 20.1621 27.3215 40.7038 
5.6816 22.2729 18.8789 7.6275 23.9389 18.2321 24.6641 18.1239 23.5887 30.4012 
15.2429 38.5666 10.7166 26.0039 10.7622 3.0049 18.7284 9.1393 34.8323 29.1726 
5.4406 21.0076 13.5865 18.376 18.8963 13.4747 14.9869 10.6052 16.3012 25.5063 
7.2493 22.7256 7.6148 21.1099 12.516 7.0979 15.5013 6.9778 20.9511 28.1032 
23.3517 43.0241 11.0469 26.5374 9.4161 5.949 20.9905 12.3577 36.7073 32.6306 
4.971 18.5645 22.9652 8.3492 20.7815 17.4173 27.3642 21.7017 20.6625 39.2089 
14.3571 28.7492 2.3994 25.722 6.5969 5.2432 8.6737 1.3431 22.0732 22.3346 
11.3808 28.5893 20.8465 7.3087 21.3819 17.7179 26.6929 17.9431 26.2348 38.0803 
26.8729 5.6921 30.7627 36.0034 31.8745 34.8219 29.575 34.215 7.0426 22.4934 
29.1934 29.1838 21.3246 42.2164 21.2739 27.7842 12.557 23.9274 18.065 0.7899 
12.5316 8.6133 22.3476 21.5376 25.5586 27.0889 20.7638 23.3592 4.4395 23.4921 
26.2039 20.8498 21.5039 39.8582 26.6677 26.766 13.3149 23.1406 14.6492 7.8226 
17.9211 38.1965 9.4302 32.4156 8.119 4.1937 16.1217 10.1185 34.1618 26.5603 
15.9212 21.797 9.702 29.7376 13.0014 18.2159 7.5798 9.646 15.9104 16.5338 
11.618 25.3871 8.3917 23.5686 10.5602 4.3039 14.6196 5.2641 26.0536 29.4967 
22.8789 34.2812 12.8815 32.4177 8.4518 6.1463 18.4218 11.9495 33.0413 33.1666 
14.9401 28.6162 30.635 0.5643 27.6708 24.8954 37.2623 28.7174 33.1541 42.9533 
24.5077 23.0568 14.2587 37.3539 18.9521 25.4803 9.205 16.6085 15.603 7.1848 
9.8223 13.2926 14.7001 24.7932 21.3622 22.7542 18.7074 18.2264 8.5085 20.5638 
12.7244 9.5316 17.2947 27.9588 22.8022 28.191 19.4593 21.7143 4.3051 18.0324 
18.6379 9.7913 20.6506 31.277 25.6807 27.461 16.3196 22.2597 2.8759 16.2904 
27.783 6.5582 38.8434 32.8209 38.8121 35.0026 32.4955 36.5345 10.2632 35.3413 
19.1529 33.7519 10.0011 25.6643 9.8131 2.9212 17.7555 9.5643 30.9111 29.3987 
19.8263 37.2321 12.8365 26.6612 10.1848 6.4376 21.5528 12.0127 37.4125 35.6178 
12.4038 34.4887 11.8666 17.7579 15.4773 6.9483 21.8737 11.3403 27.5922 31.3758 
4.6727 24.2457 20.1713 8.665 23.9778 21.2812 23.8412 21.882 24.2796 31.5768 
1.8062 16.975 15.8342 14.2425 20.285 17.198 17.4875 15.35 16.7485 30.7905 
22.1799 8.6749 28.7987 34.9624 27.0645 35.2561 25.8427 27.1688 2.967 22.8945 
7.8859 29.0145 7.701 17.518 13.1447 7.6413 15.6785 8.1445 24.8755 28.666 
6.3132 16.2468 23.3525 13.1357 29.2363 20.8898 27.9401 21.9042 15.0156 35.6634 
10.8644 31.5029 16.1851 18.0284 17.3923 9.0132 22.7278 13.2189 31.4849 31.3235 
22.2382 25.9738 10.9951 30.8633 13.5107 15.9286 3.4523 10.8956 18.9927 10.8834 
21.4063 36.1653 4.0283 31.405 2.2127 9.1497 8.4169 4.3609 30.1737 19.1166 
21.6304 29.2836 10.0926 30.6482 12.7439 19.6219 2.7162 11.8595 21.8339 13.1857 
10.8715 8.6729 24.8345 16.1934 30.1895 29.3395 22.7681 27.5301 11.6855 28.8964 
12.5337 19.3566 33.2842 11.1172 34.7291 27.0202 32.3646 28.2788 20.9231 44.3651 
19.6956 20.1838 12.6462 35.691 16.2295 22.1842 9.8477 13.6525 15.7769 10.1183 
21.1898 23.304 16.0497 35.7488 22.0171 23.0655 10.7876 17.3011 13.6052 7.3267 
13.5382 9.204 17.9371 22.7416 28.1899 26.0492 22.4773 19.4471 6.6767 23.4551 
3.3434 19.7261 20.2281 10.274 20.3457 16.991 21.8576 16.9991 18.725 37.0275 
15.9869 9.6867 23.6098 28.1922 26.6409 29.6916 21.0222 21.4161 2.644 18.6283 
17.5415 27.0356 1.4584 24.3139 4.3289 5.5823 8.7605 0.5785 21.5587 24.0243 
17.1902 5.3445 22.1153 25.9258 25.6175 30.8241 21.4068 24.0074 5.1506 27.4122 
11.948 19.3153 26.4911 9.0548 31.579 29.3902 29.8041 31.8484 19.0718 34.6896 
11.3891 6.4551 26.4945 20.195 31.6452 30.6675 20.9554 22.5252 9.4518 25.4506 
9.6714 21.1313 7.2914 23.3851 11.7762 11.4489 10.654 6.9648 19.8814 24.1442 
16.5468 28.7395 9.0719 19.6504 11.2342 2.9226 19.3278 8.8638 27.124 29.4987 
28.0365 21.1224 24.558 42.4663 28.3547 26.8795 16.6419 23.4737 12.7496 8.3903 
15.0839 15.0048 13.1339 24.1224 19.4743 20.9598 11.2587 14.0289 11.0283 18.5723 
10.9311 27.5713 4.276 22.6932 9.1991 8.8725 10.1464 3.318 21.8382 23.6796 
22.7143 4.1031 25.9846 29.3199 30.6738 33.3396 27.157 29.3653 4.0575 25.0008 
14.7613 35.0433 6.6503 25.6384 7.2598 1.1303 14.1153 4.6469 30.4142 28.6403 
10.4014 20.1268 30.0891 3.7209 28.2148 23.2857 31.1855 23.8317 23.7062 35.9139 
22.8795 31.3909 5.7199 34.1475 1.2937 6.7102 9.9151 5.9892 26.6799 23.1467 
10.0347 25.0336 5.5124 26.0975 9.6341 11.0844 8.1675 6.3256 20.564 22.1137 
22.9425 19.4029 16.268 37.7491 18.0303 25.2844 9.8821 16.5308 13.2715 9.4742 
19.7561 17.8771 21.1268 30.2884 23.8103 24.9813 17.155 21.047 10.1468 12.2989 
22.7747 23.4198 17.6979 39.2477 20.4768 22.2764 12.0611 16.7652 12.802 8.7503 
12.4469 14.6655 30.6607 10.9676 30.9017 26.529 28.0255 29.9597 18.9328 34.1544 
EOF