I 100
J 10
bounds (0, 100)
cv 1.0
D 100
k 5
t 3
FLR 0.4
FCR 10
abounds (80, 120)

a 
92.0 117.0 101.0 
106.0 98.0 92.0 
98.0 113.0 127.0 
96.0 101.0 105.0 
106.0 92.0 99.0 
110.0 122.0 109.0 
100.0 112.0 107.0 
104.0 100.0 108.0 
113.0 107.0 107.0 
93.0 121.0 95.0 
112.0 92.0 114.0 
98.0 99.0 109.0 
109.0 105.0 108.0 
109.0 95.0 109.0 
95.0 101.0 115.0 
87.0 89.0 111.0 
91.0 94.0 123.0 
111.0 112.0 118.0 
118.0 100.0 110.0 
92.0 109.0 104.0 
127.0 105.0 91.0 
82.0 107.0 99.0 
114.0 113.0 112.0 
105.0 94.0 110.0 
108.0 97.0 139.0 
121.0 108.0 113.0 
114.0 106.0 110.0 
101.0 114.0 108.0 
86.0 90.0 78.0 
112.0 94.0 103.0 
114.0 114.0 104.0 
93.0 107.0 115.0 
97.0 94.0 98.0 
104.0 99.0 110.0 
89.0 93.0 98.0 
108.0 121.0 90.0 
97.0 90.0 107.0 
113.0 101.0 102.0 
109.0 93.0 111.0 
109.0 102.0 95.0 
97.0 81.0 106.0 
96.0 109.0 101.0 
122.0 84.0 91.0 
107.0 109.0 119.0 
92.0 95.0 89.0 
116.0 102.0 103.0 
119.0 93.0 87.0 
91.0 108.0 96.0 
141.0 97.0 90.0 
106.0 112.0 108.0 
102.0 100.0 103.0 
95.0 102.0 73.0 
123.0 98.0 89.0 
98.0 83.0 111.0 
102.0 89.0 84.0 
86.0 100.0 95.0 
108.0 101.0 108.0 
114.0 119.0 115.0 
91.0 127.0 102.0 
110.0 111.0 102.0 
106.0 111.0 104.0 
92.0 116.0 115.0 
119.0 113.0 99.0 
112.0 88.0 105.0 
107.0 106.0 103.0 
106.0 76.0 104.0 
88.0 104.0 120.0 
118.0 111.0 113.0 
97.0 121.0 99.0 
117.0 100.0 105.0 
106.0 119.0 117.0 
96.0 108.0 109.0 
112.0 86.0 117.0 
91.0 112.0 99.0 
112.0 76.0 111.0 
97.0 125.0 98.0 
111.0 108.0 104.0 
92.0 106.0 106.0 
111.0 97.0 108.0 
94.0 102.0 85.0 
97.0 113.0 117.0 
100.0 73.0 100.0 
104.0 100.0 110.0 
124.0 100.0 120.0 
95.0 100.0 113.0 
109.0 114.0 106.0 
103.0 111.0 109.0 
107.0 85.0 102.0 
108.0 119.0 112.0 
105.0 97.0 95.0 
111.0 92.0 106.0 
107.0 105.0 111.0 
114.0 94.0 99.0 
113.0 96.0 87.0 
91.0 92.0 109.0 
112.0 108.0 110.0 
77.0 93.0 105.0 
100.0 109.0 89.0 
97.0 99.0 125.0 
123.0 96.0 113.0 

Icoords
3.664 45.9495
67.909 97.9806
56.2959 8.8132
44.6965 63.6978
66.4588 55.5494
98.961 50.0918
70.8923 60.9683
90.0782 81.8876
97.8199 73.3259
58.0046 1.9446
71.8966 35.324
16.1955 44.4272
52.2052 26.711
93.5295 54.4715
50.0679 15.6544
67.0926 70.1022
93.223 76.0834
91.5599 29.1436
28.3473 85.1806
44.2782 42.3378
62.9163 64.1516
56.7749 35.9285
34.3246 73.0294
58.5538 39.1197
1.1334 6.9081
4.988 34.9611
44.4614 66.8282
5.8271 38.0357
37.132 83.5754
4.1207 46.6231
3.999 30.5269
74.8159 57.5237
55.8724 32.6194
0.0473 37.9196
60.8705 63.3168
74.6289 34.1712
54.8548 63.3524
3.3854 31.707
37.147 54.2709
97.688 5.7984
6.288 55.1209
9.5638 82.0902
75.664 21.6956
88.8762 75.5211
1.3596 39.6133
76.5762 20.9219
53.063 38.04
92.4307 79.085
38.568 20.8747
57.3679 56.4993
88.0056 12.3021
48.4732 10.9386
71.6181 61.492
41.2466 18.9943
62.4148 86.8036
9.0181 26.1736
60.9935 24.2002
45.2026 61.4299
99.02 86.3675
11.5519 45.8259
0.945 39.7877
45.7854 31.3092
13.7915 41.9252
78.9186 37.5185
33.7651 77.801
23.4136 59.555
89.6871 82.5675
14.1035 68.0306
7.1796 48.63
5.5426 14.481
58.9125 26.3715
51.7732 36.058
17.8556 68.4868
67.2414 46.6995
85.0074 91.2283
99.4892 56.7661
59.6447 62.0265
1.879 77.4424
88.5265 56.8724
9.3174 83.6324
13.6928 63.6286
51.6335 79.1575
14.2131 84.2438
93.9712 69.6086
56.5643 35.3158
17.3113 23.6274
23.1283 70.3157
61.4473 40.4095
25.1511 32.2314
26.3621 60.5419
80.7955 66.7178
24.148 27.5981
29.0472 77.2623
1.3382 1.6848
18.2547 74.7997
38.3808 89.3108
27.9311 58.4218
16.8645 81.5899
54.0164 50.5278
33.3539 64.9051

Jcoords
17.7174 79.3519
54.7421 42.6365
0.2357 80.2164
25.5494 90.8685
36.9487 3.1894
46.6211 86.1509
57.5183 85.641
99.9445 61.4409
82.613 45.8454
40.4353 81.3714

C
11.4187 18.6622 13.7063 19.0874 21.0898 22.2217 26.1113 36.8719 25.7848 19.1465 
16.9552 18.9838 21.2207 15.6132 31.7705 7.7251 6.0155 18.7429 21.0501 11.8496 
25.5508 13.2761 34.5603 29.9595 7.7167 28.2378 29.1137 26.3578 14.9922 25.282 
11.8903 7.2337 17.8764 10.6599 19.0266 8.3719 9.5864 18.6009 15.9087 5.674 
20.5038 5.9126 27.2072 18.3379 21.8897 12.8116 10.918 10.285 7.0781 13.3005 
33.2542 16.6906 40.8644 25.3356 30.3155 21.7498 20.9449 3.5599 6.0856 20.1204 
18.8369 8.9516 25.88 17.4565 26.0005 13.6997 9.5812 11.5033 6.5167 13.8463 
28.4987 16.9954 35.6826 24.2947 33.7749 13.5844 10.534 8.1253 13.869 15.7525 
29.9707 18.4804 34.0047 23.4783 32.0208 19.3177 12.8657 4.3525 11.7401 22.3092 
34.8095 13.7368 38.4165 31.1815 7.1441 28.3892 26.6996 28.9351 19.3207 27.2593 
23.2407 6.7543 32.0149 28.3722 16.4742 22.4277 17.0808 14.3717 5.4846 20.4115 
13.1232 13.0853 15.3768 16.4577 16.2456 19.4266 17.6487 33.0216 25.7426 13.9673 
23.7003 5.3539 27.4192 25.5805 9.5884 23.1105 20.7861 21.5244 10.9398 17.3219 
27.424 13.3013 37.6768 27.2586 26.3069 18.1188 17.241 3.1637 4.5858 19.0463 
21.9255 10.2334 25.7882 25.6236 5.6715 22.607 27.9628 25.911 13.8326 21.8121 
15.0753 10.1698 24.464 17.9182 24.7615 9.1069 6.4191 13.4675 10.8248 10.3002 
26.5046 19.41 36.4125 26.378 28.3081 15.1565 14.0935 5.2362 10.0879 16.9395 
31.9498 13.8381 35.2098 33.5556 22.8134 24.0418 23.9173 10.7378 6.9252 22.7222 
4.5874 19.3859 9.446 2.147 27.2715 6.8001 9.7589 24.7562 26.112 4.2318 
15.107 3.3278 22.1093 18.2952 14.9238 15.8874 14.128 21.0576 13.7196 14.3475 
16.7999 7.0175 20.8549 16.6195 25.0141 10.1432 6.8088 13.3621 8.7823 10.5825 
17.6849 2.7161 21.8045 22.7939 15.149 16.6935 18.694 17.4955 10.3674 18.2541 
7.0405 13.02 13.8587 7.6461 21.9802 7.1122 9.3987 21.8697 20.6695 3.5686 
18.906 1.8567 22.1522 20.2178 13.6468 17.6812 15.4024 14.4745 9.1458 17.796 
25.0228 21.7752 24.2815 33.3141 11.5729 32.8477 32.8677 42.6725 34.2347 30.9767 
16.8695 15.727 14.575 18.085 16.5437 20.9561 22.5693 37.4701 30.2329 18.8687 
10.141 9.9964 16.9998 9.629 24.2161 6.4084 8.8027 18.9307 16.2451 5.9546 
14.6263 19.0087 13.0628 17.6626 15.857 20.3373 21.6299 35.6416 28.6885 18.8561 
6.2785 14.6711 14.7195 5.2286 27.5323 3.6636 6.9545 20.3525 19.0105 1.2962 
11.8407 15.9646 11.9747 17.8358 20.1824 19.6584 23.3519 30.6596 29.4596 18.843 
18.3641 18.4153 19.6836 25.2261 15.1861 22.4384 23.7078 37.3071 31.2842 19.0283 
21.6334 8.5996 29.4363 22.511 25.4315 13.6734 12.6766 8.9826 4.5412 14.607 
20.7536 3.9506 24.9821 25.7423 13.0894 19.7254 19.2243 19.1944 9.7224 17.4431 
17.0263 21.1741 16.5001 19.2003 15.4507 21.3413 29.7385 36.3922 27.7866 21.6055 
14.4553 7.0574 21.6471 16.3505 21.6977 8.9656 8.9124 13.101 8.8112 9.0449 
25.876 6.51 31.1814 28.7809 17.0639 20.6599 17.2319 11.2967 4.7154 22.148 
14.521 7.375 21.5506 13.4988 24.7632 9.1868 6.9003 14.0671 10.5641 7.7012 
16.8466 20.5144 15.4342 24.5884 15.666 21.4965 24.4986 40.2618 27.3388 20.9369 
9.7178 6.9167 17.3704 12.9494 18.4508 11.3144 11.4494 22.0208 14.8384 9.6039 
33.7149 18.9716 38.3792 36.2278 22.0444 29.3713 30.0042 18.0207 12.8542 36.0093 
9.744 18.9889 9.1385 13.1037 22.5911 17.4496 21.5452 36.1679 28.1943 14.2566 
3.2822 23.8423 3.6012 6.0694 26.4168 11.3291 17.7292 28.1374 28.8104 10.5424 
30.6621 10.7868 31.1321 27.949 13.3796 21.9159 25.1589 15.8821 8.5516 24.0188 
25.2267 16.3711 28.1473 20.5645 33.5774 13.4331 10.7287 6.8953 9.1655 18.5315 
14.3489 17.5535 12.8436 17.156 16.6777 25.7854 26.1327 34.9163 27.1042 18.9526 
26.7387 10.8301 37.6792 27.6193 16.7101 24.7133 24.2678 14.0511 8.7062 23.0938 
20.7853 1.9002 27.0259 21.3834 13.523 17.3337 16.1881 17.3068 11.1037 16.5867 
28.466 19.7662 34.4927 21.5822 28.9935 15.4999 11.4134 6.8847 10.4948 18.0754 
20.7296 10.4335 24.3092 24.1491 6.3951 26.0322 24.3137 25.9117 16.7133 19.2955 
17.7933 4.5277 21.6941 18.6081 20.4485 9.7582 9.646 15.5591 8.856 10.3445 
31.3275 16.5712 39.3414 37.8583 17.2447 29.6459 27.9253 16.4196 12.4685 31.0053 
24.0328 10.4044 28.2376 29.2779 5.0523 23.6464 29.8584 24.2288 19.0178 27.6046 
20.1465 9.5475 24.6631 19.7953 21.6384 13.5255 11.1716 10.8802 7.309 13.0171 
22.2266 10.2957 29.365 23.2035 5.8211 25.9986 27.2359 22.1731 19.0314 20.4989 
14.8268 17.667 20.0899 13.6858 29.5521 5.8819 1.7488 14.599 16.55 7.1885 
21.0476 16.8973 18.2707 23.1037 11.6835 24.7695 27.9248 32.3105 22.8993 22.3056 
22.3 7.0822 28.7834 24.8788 12.4564 23.7467 24.1171 17.1044 10.7625 20.7175 
10.2538 7.1258 15.9115 13.4045 22.7231 7.5251 9.4529 19.302 15.8459 7.7646 
28.1618 21.4579 30.1381 24.4232 33.3982 17.711 15.4991 8.4958 14.8378 22.1078 
11.6173 16.5652 10.9989 15.5983 19.2752 17.9936 22.7438 34.1182 27.188 13.8227 
14.5118 19.5557 12.4459 19.9633 17.6144 22.8833 21.9267 32.4591 28.8589 19.9281 
17.1485 4.5214 21.5671 19.2295 10.0453 18.9061 22.2337 21.6485 14.6532 18.1401 
14.5184 12.328 13.0755 17.693 15.5789 21.6516 19.582 32.8962 22.1344 15.5657 
29.4825 7.5101 34.0809 25.6948 17.4268 22.0735 17.1692 9.7586 3.581 21.0564 
5.8976 14.4826 12.4918 5.1817 26.907 5.3454 8.5697 21.8899 22.3739 2.875 
7.1833 13.01 9.8336 11.7887 18.9729 13.6249 12.9241 25.4695 22.447 9.7624 
28.5356 17.0915 29.4844 24.2199 37.234 13.1978 12.6967 9.347 14.6336 19.0661 
3.5676 15.6316 6.406 9.8887 24.8662 11.3054 15.2264 33.4904 23.3247 10.6296 
12.3128 16.0163 12.1957 17.0653 19.7031 20.9421 21.8619 36.6902 28.6842 18.448 
21.4643 19.8742 25.3773 24.9763 11.6209 26.9631 32.2697 39.9817 29.1394 24.1723 
23.7038 5.7711 28.614 27.7027 9.7177 21.5985 21.1651 17.5802 11.7761 22.0014 
19.4609 2.3868 22.6272 23.9458 13.6872 19.6494 19.0724 16.5037 12.1528 15.1855 
3.6064 16.1028 6.403 9.1616 24.8519 12.6248 14.2864 25.2363 24.7994 9.307 
23.2117 5.2165 22.7685 18.592 18.4923 16.3149 13.2131 12.5624 5.0943 14.8044 
22.5831 18.6509 30.0647 23.5874 31.6854 13.0798 8.9175 12.5427 13.9656 15.2194 
25.7215 14.3262 39.591 28.2627 26.8301 19.2647 17.7439 1.6636 6.155 23.4276 
14.3991 6.8161 20.5717 17.5953 24.9539 10.7632 7.6109 14.8198 9.6649 10.7413 
4.8115 19.3739 1.2133 8.4986 26.6638 17.1934 17.485 36.4859 26.6073 15.0528 
29.3155 11.046 28.6303 21.828 23.696 20.1363 15.1047 4.3363 3.9465 21.4376 
3.3148 19.8129 2.9904 6.0513 30.3566 13.2692 15.9056 33.4683 30.874 11.2226 
5.1076 17.0913 8.2749 9.6433 23.2938 14.6052 18.705 33.9423 21.5881 10.4399 
10.6363 11.2708 17.479 11.3712 30.5087 2.8815 3.4411 20.2947 15.5943 3.7955 
1.8293 17.8783 4.742 4.9789 28.0833 9.8042 16.9975 34.6864 30.0664 7.919 
26.7367 17.7193 30.4604 26.0013 28.3889 16.0652 14.157 3.661 8.5678 18.9159 
17.7281 2.4254 28.7057 22.4975 13.3251 16.5133 15.9811 16.6857 9.3533 16.7817 
19.6044 14.1434 22.225 26.2033 9.8719 25.0522 29.4077 27.8802 24.294 23.8918 
3.9423 14.6015 8.6398 6.3782 25.3988 10.4599 14.2355 26.3608 24.5257 7.2557 
21.5545 2.5987 22.5476 21.9278 14.4193 15.0744 17.7703 17.1741 7.0562 16.518 
19.0145 10.5017 16.7502 19.5442 10.8679 18.5137 21.6333 24.249 19.948 16.4679 
6.701 10.3219 12.9777 9.3106 21.089 10.3773 13.0227 26.1679 19.6975 7.6872 
20.7274 11.4168 30.7945 19.8428 23.3965 15.3007 10.8385 7.5558 6.4614 14.3628 
20.8503 11.9248 19.3793 19.7262 8.5606 19.6243 26.2719 27.7249 20.8728 21.9125 
4.0139 14.3023 10.3599 4.851 27.704 7.4207 9.0104 27.4003 23.2934 3.8512 
31.2898 21.7642 31.133 30.7361 12.6138 30.8217 32.1543 44.8861 35.5652 33.028 
1.7451 17.1941 7.5187 6.5365 25.6741 12.2183 16.1913 26.3473 25.3846 7.2339 
8.6591 15.2333 12.0623 5.0061 25.9692 3.0262 5.9121 24.8418 19.2119 2.8088 
8.2141 11.8633 12.0036 11.5138 21.8426 11.6872 14.9515 25.7602 19.6159 9.2413 
0.8248 19.2176 5.0357 4.9082 25.526 11.6653 13.4577 32.1009 29.8149 7.7858 
15.0178 3.0668 19.5658 16.8314 19.3033 14.1274 13.4304 16.5365 11.1331 11.4314 
8.194 9.4975 14.4011 8.6728 19.3312 7.7849 10.9058 23.7783 16.8859 6.0602 
12.4443 19.2457 11.671 17.6983 18.8627 22.6159 23.6226 30.1041 25.7216 17.1246 
18.3311 21.4869 27.0768 16.2618 37.7537 7.3549 5.5025 16.3569 16.8845 11.2011 
29.201 10.1949 36.1399 32.7899 7.3621 27.0064 28.3146 20.6145 16.9412 28.9065 
10.0125 7.1403 17.6108 10.6798 21.9792 7.9865 8.6816 18.4351 13.1678 7.0666 
21.2686 5.8272 27.8432 20.0242 20.8619 11.1887 10.8678 12.2434 7.227 13.8834 
32.8483 15.9327 41.1328 31.5499 25.697 22.4045 16.5932 4.1989 6.5265 24.0954 
17.5428 8.3946 24.657 18.1843 23.8361 10.9052 9.9488 8.8127 5.8432 13.7913 
28.3539 16.6997 28.6377 20.3401 37.0983 14.759 10.0522 8.9835 12.1869 18.1604 
27.2395 21.0932 38.1917 27.2117 31.0364 18.2357 14.3533 4.7521 10.7319 17.9343 
27.2961 16.1453 38.2901 30.1592 7.2432 25.6616 32.5082 25.8778 17.4636 28.7561 
24.26 6.5585 33.1396 25.6377 18.1454 22.1495 18.2688 14.8968 5.2878 19.943 
12.9624 14.6095 14.2756 16.8367 17.866 20.2683 21.7282 27.0138 25.3773 15.9469 
20.5348 4.8879 29.4705 27.0951 8.481 22.9612 23.6262 22.77 13.4188 20.5369 
26.0356 14.8585 35.5283 23.4956 26.0931 19.4037 16.0932 2.8729 4.9114 21.7128 
25.6619 8.5219 29.3196 27.2374 7.0306 23.9269 22.0788 24.3064 15.4352 22.1309 
17.5568 9.3988 24.552 16.2369 27.4476 9.0341 6.0851 10.2705 9.6211 10.9572 
28.8399 19.1041 34.8023 22.4989 31.9087 15.8907 12.9736 5.7824 11.751 16.5204 
27.3689 15.3752 33.8181 35.7788 18.6957 26.5752 21.3778 10.8179 7.2132 23.665 
3.8321 15.2554 11.0075 2.294 29.4232 6.2767 9.3184 22.9308 20.7368 4.4169 
14.5421 3.8523 21.5516 18.8986 15.2225 15.6066 18.0132 19.1154 15.1939 13.0296 
14.7923 9.1073 25.8308 14.975 22.4232 9.7106 8.0253 14.049 10.1618 10.6986 
18.742 2.4315 27.0976 24.3864 14.9308 16.8319 18.0328 18.1825 10.4338 14.864 
5.7948 11.0355 10.8382 6.7912 25.3279 5.9451 9.9478 24.142 19.1069 3.6358 
21.0385 2.0164 26.811 21.1447 15.6886 16.3954 16.2074 16.8587 7.8892 15.8514 
25.2829 20.01 22.5367 27.7267 11.5945 28.7086 29.8173 34.9077 31.1463 28.2487 
14.2557 18.365 13.8833 23.0709 18.0128 22.3681 27.0072 32.4129 25.8041 22.5303 
9.3023 10.3092 17.8408 11.0177 22.5949 7.0578 7.5936 16.7288 15.2611 5.7026 
17.0425 17.4218 13.8372 18.4859 17.4455 19.7822 22.2624 37.0673 30.7416 18.6564 
7.5084 14.1363 12.5633 4.3444 28.095 2.9566 6.8091 24.7946 18.1182 1.4312 
14.1479 17.0462 10.1587 17.1278 17.2316 22.9551 21.2158 37.1852 28.7846 19.2199 
16.3609 20.2673 14.9844 23.2077 15.8368 24.2043 28.6706 30.2509 26.5907 23.5446 
18.7665 7.8574 23.8468 20.2563 23.2659 13.9386 11.3792 10.1042 4.3095 16.0338 
23.0944 3.0998 25.5239 23.6146 11.9837 17.8077 20.4178 20.0475 9.3764 19.2175 
15.8236 19.4009 13.0487 20.9986 16.53 23.0577 27.0418 36.1972 25.8623 20.9886 
15.1643 7.4047 19.4754 17.8108 25.438 10.6989 7.3909 12.9445 9.9409 8.4559 
28.5429 8.0035 32.5463 26.8386 19.3371 18.3335 21.034 14.1692 5.6234 22.2471 
13.4373 7.491 17.4119 13.153 23.3571 9.2983 8.0204 15.0058 11.1843 7.1658 
16.9312 17.8838 17.3251 24.0325 15.6087 20.8986 28.2965 33.9978 28.1033 19.3382 
11.3898 6.7964 15.8273 14.4121 16.5965 12.5981 11.629 24.3847 18.2972 8.6266 
40.7556 17.8117 44.3506 43.0317 19.4363 36.8355 30.469 18.9674 15.1093 34.3121 
9.3796 19.7695 9.7736 14.663 19.5938 15.5413 18.5039 34.0183 29.7628 16.4963 
2.6259 22.4567 3.5308 6.5271 32.4217 13.3049 17.0512 35.035 25.0185 11.3144 
26.7139 9.0255 30.1774 29.0595 14.3795 28.2503 20.0141 14.6991 7.9636 25.2246 
28.127 15.7692 31.2985 19.7565 30.9596 16.7141 11.101 6.5908 11.1521 16.8531 
13.9191 16.3559 15.4229 18.2952 19.5193 24.0911 28.6813 37.592 27.8784 21.2574 
26.606 10.5068 34.789 30.4332 15.2601 21.9211 21.0834 18.1626 8.3985 26.2983 
16.3814 1.7411 21.7667 22.4258 11.7491 14.8679 17.3738 19.2141 12.1276 16.6364 
24.9694 19.8186 29.7904 21.6366 32.3498 16.515 11.3708 7.086 11.9366 17.4405 
24.3304 9.2459 26.1247 22.8747 6.8498 26.2098 24.4891 29.0605 19.4777 20.5908 
17.3769 4.4656 24.6943 14.1868 22.0583 10.1745 9.0282 15.3019 8.4916 9.6134 
34.096 15.0046 36.1563 31.7961 16.0674 28.9094 28.0921 16.9657 11.3609 29.0931 
29.3884 11.4481 26.8362 33.2359 4.2413 26.6859 29.9036 25.3681 17.4652 21.8979 
18.5452 9.7524 25.2904 20.3198 22.8933 12.1034 9.9048 8.8775 6.676 13.8492 
20.471 8.7467 27.6701 22.7253 5.2789 21.6666 26.1725 25.5124 17.2461 20.9792 
16.5397 13.6189 20.3338 12.5731 28.8878 6.0557 1.9008 15.7404 14.8192 7.0888 
16.4404 18.0685 18.32 22.6095 13.9333 27.7215 25.2543 34.261 29.2526 23.2456 
23.008 6.7649 27.1967 30.1641 12.7438 22.4685 24.4433 19.2869 11.9832 21.4405 
12.6031 8.4156 16.6961 11.4294 23.3114 7.79 10.3873 20.1176 14.1276 6.3602 
30.9445 20.8107 31.4643 22.7376 39.9886 19.6707 16.0512 9.7056 16.4597 21.8432 
12.6058 17.0806 11.6578 17.018 18.5507 20.0404 19.3444 28.5261 23.0238 17.1571 
12.896 18.322 16.0163 19.0107 19.3086 20.5989 28.7939 32.7632 28.343 21.8091 
20.3145 5.2087 22.182 22.4061 9.7004 19.2627 17.9203 21.4936 15.4055 19.4038 
14.2851 13.827 15.4193 19.1981 17.4743 19.4649 19.4769 33.6824 23.2098 17.5554 
25.3459 8.8865 30.0972 27.6794 21.2819 21.2328 16.7532 9.7586 3.4808 18.0109 
6.3152 13.5654 11.5775 5.668 26.6083 4.7951 9.6227 20.5946 18.714 2.6646 
6.5467 11.2547 11.3612 10.7624 21.5467 11.853 16.9516 23.0275 23.3463 10.4044 
22.4842 19.5748 28.5628 25.6556 33.1361 14.9437 11.3879 7.1888 13.822 17.7309 
4.5136 14.4576 6.1161 9.6281 27.0111 14.1792 15.4841 30.9593 27.0189 9.868 
11.2474 16.6539 10.0418 16.8765 18.9046 20.6917 19.3189 28.6742 29.1447 16.6466 
25.1605 18.0489 25.186 29.8721 11.4073 25.1292 29.6614 33.7082 29.8717 25.0475 
22.9253 5.526 26.2089 25.4153 12.4577 18.8461 19.5051 18.0012 11.6749 21.398 
20.0393 2.3673 23.2245 20.1361 12.4649 19.8861 18.0392 18.1535 12.6154 16.456 
3.2739 17.0937 6.7438 8.816 23.4913 10.1505 15.0469 31.9676 21.5683 7.8979 
23.4015 5.0036 28.1103 19.2479 20.5122 16.6398 15.8621 11.2566 5.1128 13.3669 
23.0477 18.1299 31.2529 22.4399 34.885 13.711 9.9245 11.8263 13.8383 15.1326 
31.2272 17.3622 32.1052 30.2739 30.7418 22.8575 19.8122 1.8365 6.2073 23.7283 
14.1043 6.4361 22.0877 17.4614 23.4467 9.949 8.0092 12.6112 8.6872 9.4982 
5.7016 22.9183 1.0217 10.2266 27.1483 16.2089 18.5086 39.1786 33.2309 12.1926 
29.1446 11.8599 36.1828 21.7278 24.0608 17.5599 13.9373 3.9513 4.2493 17.6974 
3.5439 23.6495 3.7143 5.4524 26.0697 11.9344 18.7182 30.7532 28.2352 12.0494 
5.9841 14.5371 8.4372 9.2215 25.1394 15.1597 16.1057 31.5696 23.6452 12.0445 
11.6334 14.0235 19.7923 10.7164 28.1488 2.8979 3.2817 15.7613 16.7998 4.1573 
2.0153 21.7351 4.6446 4.8082 25.8862 11.6644 14.7184 32.6993 28.8584 10.148 
27.1365 18.1906 35.1016 23.73 26.323 19.7968 14.2367 3.7511 8.9576 21.251 
22.4611 2.5175 26.1773 22.5038 14.7554 20.4863 15.659 15.5463 8.9403 19.407 
16.9407 15.6044 23.354 25.3091 8.5483 23.8991 24.4264 31.6333 25.3701 21.9013 
3.8011 14.3788 9.66 7.6343 23.6443 9.491 12.8124 29.2451 25.5098 7.8512 
23.1472 2.35 23.1536 22.1322 17.8103 18.4836 14.7783 17.4329 7.6593 14.2115 
16.596 12.412 17.664 20.3593 10.7927 18.6182 23.4256 29.7332 18.0701 19.0564 
6.5561 11.332 12.0554 10.9609 21.4156 10.1226 12.3506 22.6209 17.9417 7.6797 
25.1534 13.9535 31.015 19.8971 28.2286 15.3361 11.8284 6.2449 8.2611 13.3408 
20.2818 12.8078 20.3965 23.4158 8.6488 24.6229 20.9024 27.2186 24.3209 21.3337 
3.9298 15.7079 10.664 4.7723 25.9906 7.5762 9.4852 26.347 19.4557 4.2749 
26.7178 25.728 29.9863 33.4808 11.1667 30.3329 33.1039 45.7855 36.3144 28.5101 
1.4393 17.4081 5.9307 5.9859 26.3476 11.7447 12.6149 28.6484 27.0148 7.0303 
8.5169 16.638 14.4779 5.0526 27.9933 3.3236 6.0544 26.2204 22.6041 2.9376 
9.0455 10.1459 13.5895 11.9367 20.5667 11.4665 12.5032 22.9348 18.2131 9.0296 
0.781 20.5542 5.3527 5.034 25.8255 11.1415 12.759 28.536 27.2555 8.4033 
14.7119 2.9812 21.2306 19.4038 15.8059 12.0899 11.2743 17.8206 10.1769 12.8098 
6.7379 11.4798 12.9964 9.3099 20.8087 9.0999 10.0238 23.9317 19.7961 6.4689 
11.2267 17.8483 12.3564 17.3885 16.4676 21.6157 22.9469 33.1759 30.7349 16.5527 
16.5911 22.5507 27.0209 17.0607 30.534 8.9769 6.0478 17.1393 20.6384 9.9876 
27.5045 11.4477 29.8851 32.3693 7.9665 30.2097 30.2509 27.2809 15.3239 29.367 
11.5659 7.901 17.9239 11.4476 23.8519 8.1961 10.1608 19.4082 14.7981 7.132 
19.8203 5.4488 25.9917 16.7328 19.4434 12.3958 12.0764 11.4546 5.9041 11.999 
29.0315 13.9551 37.1073 28.8878 27.9363 24.8706 16.484 4.1511 6.7427 20.4655 
17.284 8.4923 26.6489 20.4709 22.6567 10.6324 8.8487 10.3962 6.203 12.072 
22.2574 18.9073 31.9535 22.3598 33.6705 14.5407 12.6579 7.535 12.8604 18.1951 
29.1272 16.2959 33.5352 23.6717 30.6742 17.5126 15.2172 4.6881 9.8431 21.3473 
33.7885 13.2224 30.9259 37.8267 7.3993 32.5784 27.6705 28.3309 15.1939 27.0885 
21.3767 7.0527 32.7421 22.6283 17.87 17.9149 15.804 13.678 5.3674 20.5788 
12.4764 14.7677 13.9308 15.1881 18.1754 16.5916 19.2245 26.766 26.0283 16.8262 
19.4461 6.0796 24.0776 21.2523 10.2416 21.9045 19.1589 23.4076 11.7877 22.1864 
28.2538 15.629 32.1409 29.7569 26.5436 21.8037 16.6314 3.2187 4.3883 18.1833 
24.0402 8.8971 29.5072 28.3845 6.4388 21.3224 22.9938 22.7424 13.4908 21.998 
15.4168 10.5281 24.2341 15.9072 28.7392 9.9627 6.9849 12.0032 10.8651 9.7706 
27.7592 15.785 28.5101 27.0568 32.8296 15.5284 12.3305 5.1573 12.6003 19.7565 
30.1281 12.3833 38.4639 30.1666 22.0153 23.4611 20.362 12.6298 6.4117 23.6285 
4.511 15.1953 8.7352 2.1571 27.1314 6.8074 10.2199 28.2864 23.9137 4.5512 
15.8223 3.5759 21.0521 17.1195 15.6327 16.0453 16.3197 18.7093 11.6178 13.1865 
16.4137 8.6815 24.8149 15.9488 20.3426 9.3794 8.7432 12.9611 8.8845 11.1488 
22.7602 2.2682 23.2194 21.9471 12.8296 17.3596 17.5853 15.7856 8.7594 15.289 
5.7593 12.7491 11.6778 7.0198 23.6156 6.3713 8.773 21.9363 22.0106 3.4186 
21.6576 1.7068 27.1463 24.0785 12.9928 15.653 15.1697 18.0391 9.6879 15.2354 
29.192 22.69 25.6965 32.8769 11.5225 28.5076 35.5115 42.4355 30.749 33.5195 
18.1626 17.9169 16.3269 19.0738 17.8686 24.0705 27.8028 35.0056 27.944 23.1201 
10.9354 8.0907 15.8262 10.9595 22.9729 6.8167 8.4478 19.555 14.5122 5.6528 
15.1594 15.6728 15.3562 17.8599 17.3147 22.4884 22.7191 37.9498 30.1087 20.1206 
7.27 16.5205 13.0153 5.3436 24.4696 3.051 6.7824 21.165 18.9573 1.3573 
14.0877 19.5902 13.0636 16.1004 17.6399 21.388 21.0637 34.7126 30.904 16.0987 
19.1756 17.8988 18.0889 23.3231 16.479 22.7327 30.668 34.2326 27.0553 23.4508 
19.0538 9.8067 29.7169 17.966 20.3982 15.0676 10.0059 8.8453 5.5003 14.5358 
23.2694 3.9264 23.0638 23.8511 12.6345 18.829 16.8265 19.542 9.5076 18.4045 
16.0668 18.8739 13.3405 18.401 19.8441 26.3363 23.4711 39.0298 29.3377 22.264 
15.3346 6.5527 19.4503 13.6807 22.1054 8.7798 6.8807 14.122 10.362 8.835 
27.4601 8.4725 29.2742 28.0685 15.3956 20.3233 16.8251 12.4613 4.6913 20.656 
15.7462 8.2844 19.264 13.0606 23.9597 9.4099 7.219 15.4571 9.9471 8.8228 
18.5084 19.8056 16.7369 24.2283 13.9395 22.4699 25.3851 32.2802 27.8136 20.1747 
10.5617 7.9713 15.6875 14.3238 18.5427 11.0217 14.8495 19.8845 15.939 10.2755 
42.4289 19.3167 42.6095 34.722 22.0505 33.5033 29.5395 18.9006 14.0866 36.5402 
8.6295 16.6222 7.9665 12.2063 20.7698 17.5005 18.8856 32.8449 25.5878 13.8517 
2.9545 18.0961 3.273 5.473 26.0744 14.1511 16.0895 35.378 28.7778 9.6469 
25.3488 10.1711 37.6812 33.8429 13.6242 23.6126 21.9684 17.9407 9.7855 23.5476 
25.4405 15.2194 30.0203 25.9923 29.3747 17.0626 12.3597 5.4929 11.2158 17.9509 
16.2698 17.5535 12.998 19.8595 17.0596 25.74 27.1637 38.0464 25.7515 21.1144 
28.6545 9.9956 34.354 33.2384 13.797 23.6581 26.2783 14.2756 8.4626 24.5306 
18.4311 1.6487 26.2012 17.9764 14.3408 14.6592 15.8487 16.5942 11.5866 13.9419 
28.9367 18.6127 30.1961 23.5585 30.6199 14.0398 12.1878 7.2471 13.2225 16.1133 
23.8276 9.4791 26.1106 22.5472 6.8178 22.8028 20.7169 29.3843 18.4904 20.5666 
14.5852 5.4547 20.7167 16.1726 17.7083 10.1493 10.3979 15.199 8.2751 9.3817 
33.2023 14.766 35.9344 35.3692 20.0661 32.4648 25.0422 16.5409 11.7414 33.1942 
29.1484 9.8131 27.0895 32.9033 5.0426 27.9273 29.5574 26.5002 16.4056 22.3729 
17.2733 8.095 23.6742 18.7353 21.4077 10.6392 11.0206 9.5715 6.8443 13.8455 
21.8379 9.8438 23.0425 23.6449 6.4222 21.7407 20.9449 28.0115 16.4965 19.3822 
18.1121 16.6404 20.9903 14.2236 28.1011 4.807 1.7584 16.1753 14.4858 8.0081 
20.6758 15.036 17.5261 21.5278 14.3674 22.9148 27.7866 36.6114 28.3766 20.3049 
26.8077 5.9083 28.1553 24.2974 11.2462 22.7419 23.1879 19.8851 10.4872 19.8851 
10.5655 7.5684 18.2215 11.7515 19.3702 8.6567 10.6128 18.0156 14.31 6.1592 
27.8435 19.3544 36.5418 23.5179 35.8372 16.139 13.0834 8.1691 15.5066 21.4434 
11.7741 14.69 12.6535 15.2256 15.9949 16.8393 23.6317 35.7339 27.323 15.1556 
15.8697 16.1833 13.9056 17.9902 19.2676 22.8963 22.6695 34.5569 31.4876 20.4213 
18.712 5.3257 23.2179 24.8467 10.34 19.0433 19.4823 24.4436 15.7499 19.8167 
13.3669 15.195 15.0375 19.8474 15.7413 21.635 19.0688 29.7338 25.4225 17.5697 
25.2866 7.5298 30.3926 29.0755 17.687 19.1954 20.166 10.1472 3.6421 21.9141 
5.2592 15.1664 10.1353 5.6093 28.9383 6.023 7.6316 24.2623 19.8464 2.4732 
6.866 14.1672 11.4947 12.2407 17.5875 10.8788 14.1779 29.6188 22.1857 8.7469 
25.7044 19.4899 27.3189 20.54 36.138 16.024 11.6658 8.6495 12.1242 14.8981 
3.8897 15.2626 7.3364 9.2679 22.2744 12.5227 18.0328 34.0672 21.6108 9.5168 
12.342 16.9319 10.0483 17.724 18.1603 18.9062 23.3552 29.4795 29.4844 14.0845 
21.9726 20.424 25.0344 25.0948 11.374 30.4492 35.072 40.6143 26.2355 22.9878 
21.0529 6.6073 26.7505 24.7472 10.0722 22.4346 21.8824 20.6515 9.3712 18.1025 
16.9271 2.2995 23.9778 24.3043 13.1464 17.8516 19.4917 16.8304 12.4537 15.5405 
3.4902 15.6479 7.7429 8.5936 22.879 12.9421 14.4895 28.7708 26.5282 7.9811 
17.8611 4.4936 25.4356 19.661 19.3829 14.7346 14.4734 12.6413 5.8764 13.9279 
24.5851 19.4008 30.5434 22.4399 32.3775 12.7855 9.8376 10.4267 17.5694 16.5432 
25.9421 16.2266 39.1423 27.8637 28.4771 19.3493 16.725 1.596 6.0887 23.901 
15.5741 6.5941 19.708 15.608 23.5981 8.8524 7.49 13.0585 9.2884 10.7277 
6.2935 19.8486 1.0076 9.9545 30.047 16.7741 20.2183 30.6434 32.8755 11.7935 
22.5772 13.132 32.2194 23.6744 25.3934 15.878 15.1301 4.3252 4.2192 19.2464 
3.5967 21.104 3.4804 5.9962 33.1889 12.099 17.4928 36.4541 27.7899 9.9216 
5.2781 13.9515 7.241 11.3575 24.2781 12.0998 17.0424 28.3342 25.0545 10.5394 
11.6979 13.2318 17.7257 9.9616 24.2259 2.9383 3.0952 19.2244 15.0757 4.5374 
2.2042 21.7641 4.5297 4.0034 31.6864 11.6644 15.598 30.6855 25.6581 10.5332 
27.4824 18.1858 35.7431 27.5632 34.4554 15.5435 13.6672 3.5355 9.1894 17.4195 
17.781 2.8275 25.6371 23.4009 14.1645 17.3525 16.4643 18.9341 8.8195 17.4746 
18.7295 16.5657 21.8113 22.1523 9.6367 25.0868 22.5048 33.2145 21.4797 24.464 
3.6221 13.6057 9.6325 7.1646 24.6792 9.4145 12.4359 23.4456 24.8923 7.3542 
21.2676 2.8163 22.7009 24.5411 13.5148 16.8824 16.2811 15.4984 6.5623 15.4775 
17.2304 12.2865 17.5126 19.1162 12.1218 18.8155 20.2094 25.3651 18.5957 15.6445 
8.206 12.5937 10.7701 9.2984 22.3954 11.432 12.2186 22.5253 19.6161 7.6721 
22.8954 12.8076 32.2076 21.6516 26.5536 14.0545 11.9574 6.8904 8.1543 14.8866 
16.6886 13.2748 17.3737 19.9414 8.5882 24.8298 22.8775 26.6043 18.8026 21.0416 
3.5784 14.6903 10.6437 4.6964 28.4713 7.208 10.7733 27.7925 22.0142 3.85 
31.0596 26.3135 24.3236 31.8636 12.8526 36.9075 31.1644 42.1766 32.892 26.8147 
1.525 16.5812 5.6842 6.9194 23.6018 9.3799 12.3461 27.7544 28.158 8.1778 
6.909 18.0871 15.5014 4.5576 28.4757 2.7394 6.4441 25.6054 22.7095 2.7383 
9.2551 11.3904 12.2433 11.8001 21.546 12.5901 12.5072 25.8395 20.6876 9.9444 
0.7999 21.0106 6.5974 3.8813 28.5772 9.3142 13.7191 27.4931 26.1554 8.3939 
16.4084 2.9107 23.651 16.708 17.2602 13.618 11.052 18.0802 9.522 10.9259 
7.3489 10.6245 12.2995 10.5706 23.0095 9.914 10.1893 21.3845 18.4123 6.2502 
EOF