I 100
J 10
bounds (0, 100)
cv 1.5
D 10
k 5
t 3
FLR 0.4
FCR 2
abounds (80, 120)

a 
118.0 117.0 100.0 
102.0 102.0 91.0 
97.0 104.0 97.0 
111.0 99.0 105.0 
109.0 113.0 106.0 
103.0 98.0 102.0 
122.0 101.0 91.0 
114.0 120.0 114.0 
105.0 106.0 100.0 
104.0 124.0 95.0 
114.0 112.0 81.0 
113.0 106.0 110.0 
92.0 120.0 102.0 
97.0 100.0 106.0 
115.0 85.0 118.0 
109.0 99.0 122.0 
125.0 98.0 98.0 
109.0 101.0 113.0 
116.0 98.0 97.0 
109.0 104.0 108.0 
119.0 98.0 92.0 
85.0 102.0 95.0 
103.0 109.0 118.0 
105.0 130.0 111.0 
115.0 93.0 98.0 
91.0 97.0 119.0 
106.0 111.0 112.0 
107.0 101.0 92.0 
115.0 106.0 110.0 
119.0 109.0 106.0 
128.0 104.0 98.0 
110.0 104.0 113.0 
101.0 96.0 95.0 
115.0 99.0 98.0 
104.0 94.0 101.0 
103.0 106.0 91.0 
104.0 121.0 109.0 
102.0 113.0 106.0 
107.0 108.0 94.0 
108.0 100.0 122.0 
80.0 102.0 89.0 
110.0 129.0 114.0 
113.0 116.0 115.0 
93.0 89.0 93.0 
106.0 104.0 105.0 
105.0 109.0 113.0 
109.0 127.0 120.0 
84.0 101.0 109.0 
102.0 95.0 85.0 
111.0 106.0 100.0 
90.0 102.0 111.0 
112.0 100.0 91.0 
87.0 106.0 108.0 
115.0 83.0 105.0 
109.0 84.0 99.0 
96.0 104.0 99.0 
105.0 103.0 98.0 
92.0 127.0 109.0 
88.0 107.0 113.0 
136.0 106.0 97.0 
108.0 98.0 94.0 
75.0 110.0 114.0 
110.0 106.0 84.0 
108.0 106.0 113.0 
115.0 105.0 115.0 
98.0 124.0 96.0 
104.0 107.0 90.0 
109.0 106.0 97.0 
102.0 102.0 100.0 
88.0 113.0 113.0 
114.0 85.0 110.0 
97.0 102.0 96.0 
123.0 112.0 119.0 
102.0 92.0 106.0 
102.0 92.0 120.0 
105.0 94.0 106.0 
94.0 116.0 94.0 
105.0 109.0 120.0 
95.0 119.0 91.0 
120.0 107.0 109.0 
102.0 103.0 111.0 
105.0 110.0 107.0 
106.0 97.0 109.0 
104.0 99.0 104.0 
97.0 94.0 108.0 
113.0 108.0 86.0 
110.0 98.0 109.0 
105.0 83.0 93.0 
120.0 119.0 109.0 
108.0 131.0 92.0 
97.0 91.0 115.0 
99.0 105.0 98.0 
111.0 94.0 103.0 
110.0 92.0 115.0 
107.0 124.0 119.0 
110.0 101.0 104.0 
97.0 110.0 89.0 
97.0 88.0 106.0 
88.0 98.0 126.0 
107.0 103.0 107.0 

Icoords
98.8868 34.4301
96.6305 4.1529
1.0673 11.3746
5.1533 77.763
53.1092 29.0419
65.9906 21.6308
53.3648 86.6603
41.9507 13.8607
18.1911 18.4376
43.7388 31.2596
56.7025 12.8082
55.2726 16.2441
65.182 52.3267
74.8995 48.8649
13.9773 23.0836
21.3856 34.7154
75.576 47.9084
12.8076 63.4118
24.6224 51.5155
8.8998 30.2227
64.8529 33.4871
39.5824 9.8558
12.7064 75.5055
41.4673 23.3555
0.5871 89.3644
78.4249 34.9351
19.2238 14.0463
46.4111 7.7693
92.1488 35.2338
56.9782 24.7058
61.5334 35.1356
45.105 57.6647
76.79 30.6174
14.2883 73.1767
96.3396 80.2556
99.0424 77.3821
48.0834 15.2567
16.4185 65.5386
1.1571 45.5482
88.808 34.3439
41.7084 64.891
97.322 66.7115
34.4315 41.1724
16.5737 60.3368
83.625 70.0235
63.3477 12.0272
17.0261 80.9138
84.9534 17.4597
18.0336 19.4791
66.6003 43.8004
24.6107 74.1478
75.3097 27.4991
36.3193 10.8722
31.0819 29.7749
33.0646 20.326
85.7755 37.236
79.4552 47.3419
77.2603 46.9559
28.3127 0.4799
35.8138 81.3672
75.4955 14.0084
56.1969 50.6369
89.6381 78.756
53.9504 39.0877
68.9194 19.7892
76.2795 73.9614
55.346 82.7325
57.8249 65.4919
42.4654 48.2898
93.2995 63.8185
25.8829 85.4486
17.7075 66.0162
98.5799 1.5359
53.7313 87.5375
10.3043 29.7479
49.8421 84.4493
16.9344 32.838
16.7174 6.6426
54.0519 55.3063
45.0399 26.4365
96.8044 52.4885
45.5535 97.5455
12.2531 42.2371
65.7097 44.4796
3.3623 82.6397
39.7151 23.5488
83.8006 66.3243
59.044 50.264
10.0457 87.3768
95.037 65.2218
18.4351 50.416
53.8034 64.0531
30.0963 49.8824
45.837 30.5848
13.3798 48.7744
52.9694 56.2635
53.8722 37.1571
55.2618 69.1741
0.4653 72.6678
25.9686 59.4153

Jcoords
82.3537 59.9187
1.3122 66.2668
84.0316 80.3681
39.2153 39.5668
64.921 15.851
54.7118 70.7885
15.2795 0.6482
36.3259 37.8619
39.6575 84.4774
52.3885 74.6312

C
9.7371 32.6797 15.4545 22.5973 11.781 18.4227 28.8197 23.859 26.2636 23.8308 
17.3384 36.1676 25.052 22.1264 10.6668 29.5688 24.4931 25.942 30.0359 27.6686 
37.8619 17.0661 33.4393 14.3538 21.1554 30.5064 6.0148 15.6288 29.0396 30.6279 
30.3473 4.5162 30.5504 16.3206 28.3978 19.3581 27.8674 19.4233 13.4454 15.9153 
14.5317 20.1754 23.1896 5.3476 6.8648 14.7432 17.8794 7.1345 18.0317 17.3489 
12.6871 28.6915 18.8822 11.2442 2.0614 20.1236 21.7492 10.3304 22.6363 17.4058 
12.0566 16.9057 12.1654 16.1583 22.0332 5.7408 33.3561 16.5297 4.8677 3.9042 
18.6622 21.4004 28.6319 9.2754 7.0875 20.1625 11.5665 9.5894 23.2239 23.4618 
23.7157 17.676 32.5675 8.9898 16.8813 25.5196 7.0446 9.9386 24.9571 24.5562 
16.5519 16.5069 24.793 3.5518 9.4847 15.9541 13.187 3.6719 18.0938 14.4751 
20.2227 28.1515 26.6297 10.6031 2.9542 18.2572 16.6769 10.6764 28.4875 19.4286 
17.0407 25.076 24.1545 10.8591 3.1557 16.4624 14.4018 8.9945 27.2499 20.589 
7.3561 23.0899 12.5759 11.408 11.7272 7.0655 25.9916 12.4854 15.0656 8.6679 
4.1557 22.7078 12.8412 12.5414 11.1055 10.2699 24.4984 14.9177 18.4627 13.1487 
24.2787 15.2737 28.3789 9.7124 19.2749 19.2267 8.4814 9.7982 21.9676 19.6391 
21.9885 11.8095 29.5257 6.1642 17.4984 16.6683 11.0406 5.4583 20.1016 15.3849 
4.3082 29.4369 12.3639 12.7136 11.6479 10.3546 25.7489 13.05 18.1353 13.5754 
27.7143 3.5759 24.9515 12.1506 21.3707 14.4963 20.5522 13.4738 11.9958 15.0903 
21.2473 10.4246 24.9187 6.2919 19.4268 12.9709 16.6171 5.4219 12.1258 12.562 
31.4621 12.5752 30.4228 10.3766 19.612 22.5244 11.7752 10.3774 21.2109 24.2347 
10.8447 27.7912 18.3007 8.5449 6.0298 13.0655 23.1016 10.2484 19.787 15.6959 
25.9828 23.2247 28.115 9.7222 9.3503 19.2555 8.4047 9.8738 23.4834 20.885 
25.6005 5.7077 22.441 14.746 25.0836 15.9863 27.9008 16.4606 9.7373 13.1896 
20.6621 22.5673 23.7993 6.4764 7.6387 15.2716 13.6636 5.7822 21.6344 16.0685 
30.9997 7.7669 29.2825 22.2283 31.9637 20.24 34.1983 24.4545 15.183 17.934 
7.6251 27.8421 17.8762 11.9078 7.4321 16.657 22.5477 15.6184 20.8538 17.7644 
30.4966 18.4446 32.1305 10.9088 17.6803 21.4966 5.0657 8.9279 23.922 24.4847 
23.0479 23.112 31.8484 11.8441 7.8063 25.0059 10.245 12.2475 28.5226 24.9651 
9.8262 34.2593 13.8492 17.7283 11.0093 16.5681 25.9786 17.6875 27.1054 17.738 
16.8102 21.869 21.1411 7.9368 3.9385 14.2937 14.967 8.3867 19.6275 17.9386 
11.1184 26.5337 19.5053 8.1231 7.503 13.3764 21.659 9.6119 19.0474 12.8432 
11.3518 13.496 15.619 7.2398 16.5005 5.2176 24.2843 7.8112 10.7691 6.8704 
9.1294 28.9569 19.4816 11.8813 6.0587 14.6362 24.2012 13.697 21.353 19.8383 
25.3177 5.6144 21.5037 12.771 23.1366 13.44 25.9531 12.6129 9.1926 13.8595 
8.3573 35.4526 4.036 27.6047 25.8977 13.6183 34.2545 24.8793 21.6443 16.7224 
8.2732 38.0064 5.5725 25.161 26.7574 14.9379 39.0206 25.7156 22.5952 17.6191 
18.6731 24.6584 28.1067 9.766 5.538 20.7933 13.4805 9.5321 22.7743 23.33 
23.4853 5.1739 22.4274 13.2045 23.8304 13.5976 22.0921 10.6948 9.7971 12.5588 
29.5861 7.6288 27.8486 15.3061 22.0376 20.5084 14.8972 11.6132 19.1248 22.8692 
8.5461 30.279 16.3477 18.9245 9.6397 19.3142 26.9255 18.9886 24.5727 16.2981 
15.0526 13.9367 15.9302 9.5221 18.5611 4.4862 22.924 9.7286 7.3595 5.5433 
5.957 37.7514 5.9665 20.2665 22.1257 16.5355 40.0165 20.3976 18.9043 14.9562 
15.7411 15.952 21.1274 1.8433 14.0341 11.8631 17.3058 1.1687 16.0693 14.3234 
21.5105 5.6716 21.8989 10.7815 22.2262 12.9428 18.5974 11.373 12.6523 15.2089 
3.6522 28.0896 3.6389 17.749 22.2308 10.8867 29.4885 19.7218 17.4577 9.5418 
19.1673 26.4845 27.8898 13.0613 1.2946 20.2291 18.3114 11.9967 28.188 21.6599 
25.6633 7.4541 25.6371 18.1787 25.7883 13.0568 25.2415 17.6689 7.8101 13.8421 
12.936 31.7345 24.4237 17.0284 7.1364 22.9164 24.1468 16.2843 27.3811 24.4036 
26.5766 17.887 29.6864 10.9032 15.7731 23.084 5.8312 9.8728 24.263 20.5262 
7.5841 27.2246 13.8138 10.94 9.2007 9.7761 21.6577 9.9897 19.2138 12.3505 
22.7831 7.8582 23.725 12.8119 25.8273 10.1253 28.8727 13.1397 7.1928 8.6096 
11.1339 28.6201 20.8708 14.5383 5.4908 17.6563 25.3511 12.1497 25.9241 20.0521 
25.2517 23.7281 27.911 11.3891 9.0608 22.8954 8.1406 8.5719 29.4429 22.4283 
21.239 16.4219 26.4378 4.319 12.0424 16.4958 10.1367 2.9869 21.0851 18.4485 
21.2109 18.4292 31.1327 6.1893 11.6227 20.2781 8.318 6.3249 25.6603 20.1858 
8.2949 33.5013 13.3732 17.7616 9.9468 17.7959 26.3612 17.5016 25.8203 18.9545 
5.0077 24.4181 11.2429 13.6313 11.7888 11.0001 24.0397 16.9482 18.2839 13.6639 
4.4039 25.0062 13.1559 12.2546 10.9357 11.0927 24.6112 12.6468 17.992 13.3358 
25.5379 26.596 31.0511 14.6084 13.0429 29.7176 5.0 14.9293 26.7164 27.2243 
17.9714 11.4076 18.9151 15.1314 22.4608 8.1042 29.8011 16.4157 1.9669 5.7395 
16.4511 29.4821 23.6113 14.2944 3.9543 18.5142 21.5696 16.9182 29.5125 25.6265 
10.6911 20.9606 13.049 7.4497 12.5091 6.4902 22.6874 9.2012 14.2453 7.5241 
7.8727 27.4393 1.7734 21.6298 21.3101 13.5413 42.889 26.1504 18.1256 13.7542 
11.9442 19.8457 19.3432 5.1895 9.4948 12.5286 21.663 6.3973 15.4848 14.0639 
12.7252 26.4668 22.1521 11.4016 1.705 17.1212 22.4337 12.9807 24.8992 21.3251 
5.378 24.7712 3.3982 17.298 19.0657 7.183 31.9878 19.584 14.9283 9.1228 
10.9243 22.1146 8.6521 17.9993 23.0324 4.3178 33.924 16.8673 5.1618 2.8917 
8.6857 18.5323 9.4532 11.913 16.5781 1.9912 26.7798 12.2706 8.0934 3.5879 
16.391 14.447 19.243 3.5578 14.8816 8.7811 21.4254 4.8295 12.5005 10.3952 
3.5382 29.0691 6.6369 19.0147 20.8833 12.5636 37.2638 23.0647 17.3253 15.496 
23.6181 12.4156 18.3925 16.2833 25.4238 11.3166 29.3472 19.1953 5.2211 9.2182 
21.6877 5.6144 25.7525 10.7828 27.342 13.2528 22.7049 11.7159 9.8147 12.1356 
20.6086 38.65 27.3037 26.7131 11.3277 29.7005 30.9145 26.9065 39.8416 32.3128 
12.0001 18.3797 10.2191 18.1481 23.2247 6.4611 33.9022 20.3862 4.4562 3.9603 
24.9175 14.7505 33.5013 10.0423 20.7506 19.5855 10.3504 9.4583 18.8114 19.7995 
12.5605 17.6358 12.0616 15.1054 21.8153 4.8483 36.2505 14.9406 3.5147 3.5439 
28.0592 14.4792 31.3117 7.5736 19.6695 20.2036 10.7559 7.8865 20.5699 18.8696 
29.4019 22.6992 39.1446 12.7845 18.997 24.983 1.882 13.8766 30.1048 23.855 
10.5525 20.0061 14.7861 8.466 15.0522 5.4144 21.2634 8.7393 11.0502 5.9392 
16.3586 21.2107 25.6685 5.3636 8.2842 17.436 14.4758 5.0493 20.9669 16.0393 
4.9787 32.0028 9.8592 23.5022 17.6108 15.1098 35.1761 22.7484 24.9979 15.7474 
18.8946 17.8203 13.4758 18.1621 30.9724 9.6353 38.6981 22.7318 5.5712 7.7523 
28.6003 9.7877 31.4059 8.8381 19.1038 16.9102 15.2785 7.8001 19.1586 19.5478 
7.469 24.5759 14.2362 8.8625 9.5112 8.834 23.7999 10.4696 14.3298 12.0316 
25.6857 6.5327 27.3739 21.9293 32.2267 16.2472 30.5148 16.9977 13.8971 17.0041 
17.1716 18.0713 25.033 5.2533 9.5116 15.201 10.5223 5.1893 19.1986 18.0998 
2.0883 30.7104 5.1365 20.4093 21.48 9.4969 28.7397 18.8256 17.0539 10.5729 
8.8936 18.5238 11.917 7.1128 11.5905 6.4105 22.6132 8.5543 15.1516 8.3938 
25.0059 8.1626 25.6171 17.0482 31.2644 15.3042 33.208 19.9282 10.6487 16.9449 
5.3202 31.0436 7.2418 24.2115 19.7956 12.9817 32.931 25.404 20.4038 13.5215 
20.3427 7.9193 26.8326 7.3514 22.5804 16.1721 14.9753 8.2463 13.0308 16.4605 
10.2843 20.7472 11.7202 9.3346 15.9978 2.2659 24.6313 12.1446 8.5192 4.2561 
16.7885 12.1486 20.8664 4.6014 16.9155 10.6381 17.1522 4.7629 11.0296 10.6253 
15.2463 17.6938 19.2571 3.8577 8.4818 16.3534 13.4708 4.2669 21.4867 13.671 
21.2959 7.1297 24.8357 9.9122 18.5802 17.205 18.1577 9.2818 17.5506 14.4051 
9.9788 18.5001 12.5817 7.1343 15.0028 5.325 26.3359 7.6346 10.9219 6.035 
12.3634 23.6606 16.6148 4.9879 9.4802 11.7175 19.1782 6.8696 16.2606 11.2736 
8.6002 16.4245 10.3386 10.9043 17.5416 0.5367 28.363 13.3673 6.736 1.9119 
28.0946 2.4742 31.2771 18.6678 28.7411 19.7684 26.9037 19.6249 12.5091 18.7161 
21.2524 9.3534 23.3887 8.0203 20.9738 10.785 19.6098 8.3264 8.8726 9.3538 
9.4394 37.1752 15.3097 20.9862 15.0524 22.4448 30.0821 19.4356 24.5189 23.7571 
17.9773 43.9268 25.4923 24.1636 10.4133 28.0651 28.9227 22.0179 36.693 27.5521 
29.0757 20.4091 40.507 15.1792 23.0757 30.3624 6.4225 15.007 28.6676 26.6935 
31.6468 4.1187 25.0733 18.0351 30.6868 17.7817 25.5263 15.9549 10.911 15.0916 
12.9327 23.0522 22.1949 5.243 6.3566 15.6038 18.9058 6.7364 18.7048 14.5904 
15.0105 25.3438 22.7717 9.6941 2.3482 18.9232 18.0283 12.2308 22.6635 18.0898 
14.423 22.0657 10.3904 16.7336 22.1982 5.376 35.181 17.2171 5.2772 4.3097 
23.3124 23.9602 30.6152 10.1595 8.7153 19.2291 9.3907 9.7053 25.8876 21.6736 
25.1445 18.6701 27.8944 10.6113 16.1605 25.06 5.5376 9.92 26.3321 23.451 
16.5711 17.6895 19.7366 3.0609 8.4422 12.7707 14.9759 3.1389 18.9158 15.2756 
20.5607 24.6182 28.4443 11.4055 2.687 19.7249 14.1169 10.1564 22.4467 18.9328 
15.4733 22.3756 25.5952 9.1658 2.9404 18.5515 15.1359 10.9434 27.0189 18.4202 
6.7384 24.4889 12.9273 10.7947 13.5401 7.144 23.8723 11.0296 12.9228 7.8939 
4.9597 25.4073 10.8732 11.6343 12.5023 10.6157 23.4786 14.1676 18.588 12.5089 
30.096 14.3692 35.1568 9.2391 17.8702 21.1776 6.9262 8.9328 23.7311 24.0233 
25.2541 13.7279 25.6112 5.5933 14.96 16.7714 10.8399 4.869 16.2849 16.3906 
4.8557 25.918 11.2905 14.6088 10.1919 9.9459 23.7034 13.1716 16.3258 13.7346 
25.667 4.591 27.6751 12.8373 24.1647 14.4027 24.2644 11.0325 11.5726 14.8187 
21.8365 8.4246 24.2583 6.1033 16.9998 14.2323 17.9255 5.9668 12.4012 11.0084 
27.9997 14.4095 34.8038 10.9666 23.0589 18.3817 10.6043 9.0079 20.6434 20.785 
12.268 26.8188 17.2167 8.3578 5.2997 14.0938 18.517 10.4792 18.8884 15.1542 
23.0987 21.0365 25.7811 11.3921 8.1526 23.3804 9.3975 9.3381 24.6997 26.0617 
23.2167 4.7014 22.3552 16.9029 29.8006 15.3057 25.9234 16.314 10.6377 13.4317 
20.4702 19.5466 23.8277 5.8234 7.8185 15.9808 12.0275 5.0912 22.9736 17.2429 
28.2448 8.4625 26.8486 24.9194 38.0986 17.3502 27.1932 19.3079 13.5607 19.2265 
8.7683 32.6614 14.7312 14.2294 8.2059 13.4803 22.8135 12.8965 22.2441 17.5555 
27.3205 20.3713 31.4722 12.2931 14.232 22.1726 5.3771 11.5697 26.5547 21.1004 
21.2619 22.5137 32.6333 12.2516 7.8345 24.6436 11.4809 11.9143 27.2597 25.7371 
9.1968 37.9454 17.5638 16.5758 11.2867 19.6866 26.9733 18.4475 27.2998 17.279 
13.6764 27.6906 18.8388 7.5709 4.4452 17.3896 15.4388 8.0708 22.5026 19.6182 
9.7395 21.8154 16.3832 7.6407 7.646 13.2711 17.378 9.3406 19.0797 12.8108 
14.3931 13.862 15.1639 5.7496 17.4398 5.7787 23.0102 8.5303 10.0933 6.2685 
10.221 27.8216 17.5309 11.8697 7.0571 14.6271 27.3486 13.4134 20.2147 18.3335 
20.9906 5.4292 26.6009 13.7167 25.1558 16.1571 22.2828 13.9575 9.6342 15.1521 
9.8037 32.014 3.951 22.6813 21.6053 16.4701 43.9685 28.5238 18.234 15.7166 
8.551 30.1868 5.4271 25.4087 27.7284 14.7945 43.3373 23.2471 20.8727 16.7778 
21.0994 20.8105 24.2837 9.1734 5.0982 17.1525 13.4374 10.0188 22.2583 23.0502 
20.5405 5.8453 26.5806 10.4502 23.0458 13.7677 24.1559 13.3541 9.0146 11.4606 
24.9437 8.0494 34.0602 12.305 26.7152 20.3427 16.1304 13.8632 17.3837 19.9354 
8.4564 32.2721 17.4906 15.9425 9.5823 16.16 29.4975 18.9886 25.5346 16.5859 
15.847 12.4816 13.6725 9.7689 16.6621 4.986 26.9948 8.8357 6.9597 4.9044 
6.192 33.9206 6.9898 20.9206 21.5106 13.873 36.9934 20.5798 20.2378 16.3615 
17.3723 12.8481 20.4256 1.6844 12.75 12.4553 16.6469 1.3415 13.0858 14.4183 
23.9904 6.0073 25.4244 10.6094 19.8085 12.3774 21.6004 10.257 10.6884 12.7679 
3.9709 30.9736 3.3087 16.9197 22.4084 9.9294 38.5649 18.1088 17.0458 9.545 
19.7598 29.657 23.877 13.5922 1.3306 22.6345 19.1313 11.9631 24.0414 23.3886 
22.6029 7.1877 22.7893 16.6536 30.7569 14.0402 29.1513 18.7446 7.1755 11.0047 
13.6506 31.7926 22.0014 19.0756 6.1999 18.7231 27.7304 17.7398 28.5944 24.568 
27.3364 16.8982 33.5116 9.4816 15.2369 20.763 7.1633 9.3438 26.1468 24.3339 
7.8072 25.9059 13.3439 9.8372 10.1023 11.4807 20.1423 11.1743 17.8476 12.0348 
23.1339 9.5922 23.7787 11.9072 23.4671 10.1525 22.9011 13.8069 5.9809 9.1097 
10.3177 25.5876 21.0155 14.4583 4.7432 18.0446 22.6154 13.7793 23.1347 17.809 
21.7673 24.0492 30.912 9.4222 9.4237 23.0772 7.1815 10.1616 23.821 25.1307 
21.5126 17.0718 23.9478 4.1217 13.2353 14.7303 12.6551 3.2269 17.0929 15.8364 
24.764 21.6906 30.3845 7.4902 12.3948 18.7187 8.2596 6.2428 20.7785 21.16 
8.6779 30.9827 17.064 15.1603 9.3105 17.4759 30.0862 18.3967 21.3178 19.7114 
4.436 30.3839 11.5929 13.4264 11.3865 11.2933 29.6746 16.2902 17.6198 14.6863 
4.2869 30.6563 12.9445 15.1226 12.6323 12.0376 30.8781 14.5715 20.5259 13.4028 
31.4022 22.2795 31.0608 15.6067 12.6578 22.5905 4.3196 11.8631 29.7763 29.8906 
20.4876 11.6374 15.2401 12.7829 26.9271 6.8372 26.0198 15.7239 1.8858 5.8701 
15.597 32.5582 20.9953 16.1539 3.7332 23.9681 19.824 14.7214 26.1367 22.1945 
10.0805 21.1889 12.434 7.3564 13.4415 7.2823 20.168 8.2988 14.2227 9.0036 
6.1842 29.8389 2.1853 21.5085 24.6354 11.0122 38.1008 23.8256 18.0552 12.4537 
11.1764 18.5187 16.963 5.0583 9.4742 10.1599 19.8146 5.8425 16.8981 11.2639 
13.2711 31.98 24.3935 11.1554 2.191 16.4277 19.1931 12.6676 27.5049 20.4143 
5.1118 24.7863 3.2785 16.8885 22.3637 6.734 36.6133 19.5194 14.0748 8.7547 
12.5329 18.8553 8.7385 16.7321 23.0661 4.0344 34.7187 17.7641 5.82 3.2333 
9.4831 22.4263 9.7666 10.9589 19.7974 2.2603 23.2743 13.587 10.0196 4.0133 
15.2609 15.6595 19.5161 3.2525 14.2109 9.8185 20.1473 3.9897 14.3625 11.1553 
3.587 31.1763 7.1092 22.98 19.0386 15.6378 37.7557 23.3277 21.8606 14.6413 
22.2051 11.7579 22.1457 17.1385 27.6741 12.6944 29.6891 14.8496 4.3097 11.205 
25.7849 6.2293 22.0203 13.6157 21.5691 14.3647 23.1628 12.2425 11.1914 12.9182 
20.6753 43.23 26.8307 27.4605 11.8983 31.2581 28.8735 23.1008 37.2879 30.0646 
15.2139 19.3527 9.5964 17.4213 25.7134 6.2564 34.9949 19.3071 5.5896 4.2068 
24.5348 12.7271 27.1158 9.5018 19.353 23.0806 8.9835 8.4307 20.482 19.0796 
14.9023 17.0036 12.3887 17.5638 27.3218 5.5908 27.8836 18.2295 3.092 3.4425 
25.7439 12.0512 30.5306 7.5201 19.6848 16.9533 9.8856 6.0756 20.0735 21.8017 
28.4044 23.1056 36.1595 12.7965 15.7679 22.9327 2.1828 13.8434 32.4255 30.6268 
10.9941 21.4335 13.6099 8.2172 15.3428 6.0606 25.6394 8.0504 10.4451 5.8189 
15.1704 19.1464 20.8636 4.5994 8.7121 16.0469 15.539 4.9847 17.9649 16.4683 
5.6693 29.3592 10.8068 21.0587 17.0571 14.2607 34.4999 20.6204 21.7692 17.6085 
18.5367 17.0239 14.3902 20.5184 31.9548 10.8514 38.627 19.5974 5.0508 7.2143 
25.9615 10.4213 29.1545 9.9192 19.8166 19.2127 16.2626 8.0008 17.6833 17.7168 
7.267 21.9722 14.4215 9.6601 11.1322 8.5574 20.1384 10.6925 17.9432 10.6174 
27.683 6.5904 28.8265 22.1478 28.4663 20.1154 26.5461 18.9049 11.484 18.9315 
19.0042 21.1445 24.4277 5.1715 8.315 16.673 13.2316 5.6335 21.7759 17.163 
2.506 25.2579 4.6983 17.8146 20.8226 9.647 37.2819 18.4602 16.2759 11.2454 
8.3108 19.9915 13.9318 7.6039 13.6712 8.2292 24.3466 8.1298 14.2157 8.9698 
27.4346 7.9799 26.2562 20.9182 31.0931 18.9159 31.2009 21.6604 11.824 16.8432 
4.3868 31.7466 6.6633 21.9998 22.7797 12.9491 39.3448 19.7752 22.8722 14.1635 
23.3024 7.5157 28.1378 8.786 18.1663 16.2803 18.3014 8.3621 12.7138 16.473 
9.9901 17.9154 13.0874 9.4001 18.5306 2.5289 24.9281 10.1578 8.7652 3.9637 
19.1086 11.5922 20.2468 5.506 17.2759 11.988 18.7203 4.545 12.7273 13.1101 
14.5531 22.5666 20.3552 4.265 7.339 16.3575 16.846 3.7747 19.42 17.0108 
23.6085 7.0426 30.6093 8.7438 20.9715 15.8048 17.074 9.3987 15.0193 15.6125 
11.4002 16.9952 12.7272 6.6909 16.2039 4.6243 24.6294 7.8356 9.9642 6.4099 
11.9222 20.0015 16.3935 5.0012 7.6178 12.1615 18.732 6.9697 16.2803 11.8549 
8.6317 20.147 11.6846 10.7797 19.1456 0.6176 31.1715 12.3244 8.2769 2.0549 
26.2631 2.3006 28.5077 17.0726 30.7087 19.1442 27.3375 17.0013 14.4534 19.5942 
19.5213 8.2965 19.0924 9.495 23.101 10.6985 20.7447 8.3432 10.7717 10.9544 
9.8556 40.0387 17.7526 20.9084 13.2018 22.3704 32.2012 23.4204 29.4274 22.7675 
18.5587 41.8675 26.5275 25.1081 12.039 24.8138 25.4458 22.0179 32.0448 27.6187 
32.38 18.3945 36.1261 16.2797 23.8311 29.0255 5.7192 16.6695 27.9981 26.3758 
28.9845 4.0835 31.4501 18.2909 31.0138 17.6415 24.7641 17.9853 13.6282 14.9212 
16.3945 24.4363 18.318 6.4945 6.7019 13.1181 17.3591 6.7838 22.1389 14.5858 
14.8689 30.4518 20.3077 11.1089 2.2483 18.555 18.5661 13.509 26.5816 19.299 
13.6066 17.0734 10.1368 19.4824 28.6339 4.9842 31.9733 18.6489 4.8524 4.387 
22.6997 26.4139 30.7332 9.7175 8.1159 17.5955 9.9235 7.4349 25.0115 19.5525 
29.6141 17.4021 30.5247 11.4369 15.173 24.2494 5.7738 9.0458 26.5612 21.7013 
15.1958 16.7214 24.9518 2.8538 9.4507 14.6126 13.9811 3.3741 21.3443 16.4387 
18.9193 23.8253 25.9956 10.6734 3.3407 23.0492 14.9242 11.1252 26.4616 20.9842 
16.6244 24.1784 23.6555 9.2819 3.372 17.3297 15.2947 10.061 27.8589 20.0395 
5.8672 21.279 11.6738 10.4706 14.1821 7.9166 28.7071 11.049 15.6362 8.7682 
4.5437 28.9991 10.4534 11.107 12.1953 11.4144 28.8766 13.7505 19.1892 11.6706 
24.9777 14.4097 32.0801 10.8819 16.5272 24.9352 8.0769 10.117 23.0923 20.6548 
25.7885 14.1056 27.6809 6.0792 14.31 17.7733 10.9714 4.8674 20.9445 16.3957 
4.362 24.1355 10.4553 12.3481 10.3406 10.2153 26.1396 15.6957 18.9041 10.8264 
25.9386 4.514 27.6312 11.9051 21.6036 16.8279 22.0848 12.4528 12.8285 15.407 
19.3921 9.4646 20.3616 6.5465 17.7371 14.1358 20.0305 6.1574 14.4699 13.9277 
25.9002 11.1497 31.2087 11.7787 19.9937 23.7054 10.8463 9.3553 20.3253 21.9473 
11.7006 24.4737 16.9381 10.0441 5.797 13.2279 21.7994 10.5514 21.5956 13.2798 
26.1408 23.1565 26.1895 9.8084 9.8763 25.088 10.0524 9.8936 29.3338 24.9722 
22.4245 5.074 21.7332 16.4742 24.1877 14.7816 25.7736 15.5763 8.7403 13.8286 
18.0074 17.9716 21.9921 6.424 8.6336 18.1477 11.3482 5.1451 18.4791 18.3648 
30.0872 7.2539 28.8629 21.1317 32.2275 19.685 33.6947 21.2951 14.1671 17.3793 
8.9326 25.0454 17.4001 14.5571 8.1919 14.4862 26.1403 16.4836 20.6148 16.5111 
25.8378 17.5724 28.0041 11.1131 14.511 25.4988 5.0126 9.5964 25.0587 22.3436 
21.4519 24.1313 26.2555 12.1147 6.5985 23.3469 10.3727 11.5684 28.1068 23.1594 
9.7572 33.7025 15.358 17.5636 11.925 18.7521 31.9465 16.771 22.9309 20.9509 
16.8796 21.3202 21.9828 7.5941 4.7438 16.1346 15.0055 9.7237 19.7956 16.4646 
12.7109 25.6999 19.1618 8.5258 6.5436 14.2549 21.1859 7.6089 20.6558 14.5865 
12.6541 13.7638 17.0611 7.1447 16.5514 5.5851 21.955 6.8624 8.8922 6.4919 
11.5571 27.5629 15.6707 12.986 6.574 14.0128 22.2853 13.9396 21.9025 17.4579 
27.6685 5.0205 25.9138 15.7127 28.8883 12.3588 22.0797 16.1137 9.1815 12.7424 
7.4638 30.1506 3.7369 22.3587 25.1668 14.7454 35.5611 25.4083 20.8884 16.9617 
9.3481 35.1146 6.1128 26.7747 22.9088 15.6326 35.9194 29.17 19.9398 14.4224 
18.4367 23.9871 23.2276 9.9601 5.4234 20.8324 12.7695 7.8173 23.8273 20.4904 
20.5339 5.4552 22.2266 10.972 21.546 14.4054 21.6183 12.5938 10.5885 11.917 
30.221 8.2172 33.2601 12.2357 26.8911 18.531 14.3277 13.568 19.1577 18.5098 
9.9757 30.4746 16.8335 19.4382 11.5821 19.2044 26.1895 17.3369 24.2217 16.6456 
14.1968 13.0919 13.686 8.4355 18.9789 5.4329 24.8552 8.6262 7.5662 4.6544 
6.3761 31.1267 6.9593 19.5674 23.187 16.7709 33.2435 24.0682 23.5926 16.0923 
19.4152 14.6265 21.7026 1.913 15.5679 13.8552 14.9123 1.3056 14.6081 13.5488 
23.53 6.1858 22.1944 10.7477 26.2142 13.1287 20.5317 9.6017 10.675 12.2511 
3.7357 28.9631 3.5582 21.0338 20.2421 8.7435 37.7663 18.8695 16.0137 11.1774 
16.4262 28.1161 22.5917 13.1455 1.529 20.2766 15.2389 12.2061 28.8588 24.3928 
20.5992 6.8032 25.1547 14.3825 28.6321 12.4832 30.5242 16.6451 8.6807 10.8395 
16.7134 29.817 22.3789 15.5348 6.3104 20.3661 22.3119 20.4767 30.5196 20.2124 
25.6953 16.7591 29.839 9.5954 18.3878 19.5268 6.562 9.3308 22.5436 25.9063 
8.6479 21.1555 16.1148 10.71 10.4943 9.1273 22.5629 11.56 18.0916 10.833 
22.8782 7.8582 21.2336 11.3967 28.2442 11.3005 25.8795 13.7154 6.0083 9.6126 
10.9116 33.1478 17.6397 12.7952 5.2708 19.1712 21.5238 13.9366 24.8218 17.788 
21.1283 26.0413 27.3884 10.4604 8.9592 23.1023 7.1043 10.3371 29.3766 20.3768 
21.0844 16.4171 28.2833 5.0433 12.4485 14.3658 10.6205 3.4293 18.1782 16.4025 
22.8736 21.1098 25.8717 7.2659 9.9757 21.4916 10.1667 6.2499 22.7196 18.5431 
8.0884 31.8491 15.2251 16.0461 11.4463 14.7324 27.4731 19.6331 24.5065 16.478 
4.636 26.8221 13.0366 16.0002 13.738 11.7023 27.5714 15.778 19.8515 14.621 
4.6825 27.4668 13.3536 14.0568 13.2848 11.1682 29.5396 12.7055 18.7889 12.9972 
25.9155 24.8466 37.4405 15.5093 12.3044 27.5547 4.8057 14.9981 30.3018 24.4878 
20.3902 14.4883 18.7559 13.3323 26.8339 7.5866 30.1093 14.2185 1.5896 6.2405 
16.4929 36.2696 24.7353 14.6184 4.0746 23.6839 20.996 16.2028 28.7536 22.7589 
8.3764 19.0261 13.0898 6.3834 14.1947 6.1023 25.4264 7.3634 12.087 9.3073 
6.984 31.4357 2.2716 23.6925 23.162 12.2409 35.5557 23.9466 17.2654 14.4662 
11.7082 23.6667 16.9528 5.1246 8.8061 11.5963 20.8342 6.5757 18.0592 11.3564 
15.2643 25.6792 18.7931 12.2759 2.1281 17.1424 22.2401 11.6353 22.0309 21.6688 
5.3765 24.5828 3.3087 17.3688 22.1209 8.0441 31.3106 19.3579 13.7967 7.6577 
10.8218 22.2502 9.176 14.0133 22.6202 4.7807 36.1436 16.2191 4.7782 2.7779 
8.4216 20.6912 10.5983 10.2185 17.4356 2.1841 24.6238 12.3861 8.4613 3.9229 
14.7997 14.3572 16.7386 3.4377 15.6707 9.0628 17.3882 3.9002 13.7382 9.4945 
4.2447 30.6794 6.1115 22.7962 22.1318 12.8341 36.1796 23.9976 22.8953 14.6328 
22.1742 11.3059 17.9663 17.0048 24.0991 11.1322 26.4416 19.3999 4.9422 8.7144 
19.8306 5.2438 24.2461 13.5987 24.4073 11.4246 20.6509 12.7218 9.9008 12.5108 
20.8873 43.0548 31.7287 26.0434 11.3058 24.749 29.9648 21.7529 38.4376 29.0184 
12.9706 19.5507 11.8881 19.2356 24.1389 5.1826 31.0707 19.2597 4.3957 4.456 
26.1751 13.3289 30.1655 11.056 22.1596 21.7684 11.3718 8.7959 19.3517 18.8089 
12.5523 17.9001 12.5092 16.9273 24.0769 5.2761 32.7786 18.3508 3.3212 3.3766 
26.8909 13.6748 28.3351 7.0779 18.4122 21.3174 10.4852 7.8604 18.144 17.4227 
25.6907 21.3567 37.2278 15.7473 17.7653 27.0108 2.1088 12.0775 32.2876 28.9377 
10.5898 16.4239 13.2934 8.6023 13.4766 5.7615 24.0712 9.6446 12.6896 6.4493 
15.4813 21.3172 20.1382 4.6827 7.2233 16.2648 13.8694 5.6816 17.7551 18.6768 
5.0437 36.0839 9.6599 18.9812 14.687 16.4776 37.688 22.4933 22.9415 16.8243 
20.9156 21.6618 14.4871 22.1107 25.4312 10.3593 31.9675 18.915 5.6759 8.1803 
27.9569 9.5923 29.7397 8.2447 18.9506 20.4048 15.1617 7.4038 17.9854 18.9341 
7.7846 26.4795 14.1596 9.4042 9.5112 8.9309 26.4592 10.9546 15.9909 11.1053 
30.379 5.31 31.5784 17.2049 35.433 17.0219 30.0756 18.221 11.4476 19.1104 
19.2732 22.4082 24.7736 5.6186 9.1294 16.9555 12.3843 4.4421 21.3555 18.7787 
2.4344 32.0385 5.5733 19.2185 17.6432 8.9024 36.6365 19.202 15.4025 11.6938 
8.1821 20.0395 14.1392 8.0072 12.3795 6.6853 20.7608 9.1393 13.9483 9.5735 
24.0468 6.8787 22.9863 17.0538 33.6895 17.4293 28.0556 16.974 10.1519 14.3271 
4.7964 33.5462 7.4815 24.3405 21.3166 14.4268 36.3585 23.1564 19.0201 14.1984 
25.2862 8.8457 26.4937 8.9548 21.6825 15.5064 16.0923 8.0386 13.689 16.6565 
11.1584 17.0591 13.4961 10.107 16.448 2.2469 27.1242 12.1887 9.7838 4.175 
18.4168 11.165 19.4228 4.8534 17.4852 12.6888 16.0827 4.5314 12.6339 10.7752 
16.7311 19.1032 24.2392 3.4704 9.3112 15.2211 12.9061 4.3795 17.8414 17.5185 
25.0269 7.865 26.9176 9.8902 21.5586 15.3927 17.7242 9.0023 16.3492 15.547 
9.0106 20.4627 13.4349 6.7038 13.3466 5.0383 20.6723 8.2797 12.0668 6.3419 
11.4154 22.8434 16.9046 5.383 8.5274 11.5291 16.7238 5.6369 15.4503 13.3887 
11.4402 19.1691 9.5854 12.6757 20.3324 0.6703 25.3641 13.9418 7.4485 2.1888 
30.6389 2.2747 30.9414 17.2204 26.0947 21.2828 22.1023 15.3471 15.7387 19.2513 
20.9874 7.7821 23.5924 9.0942 21.903 9.3538 23.0861 7.4369 10.2405 10.549 
EOF