I 100
J 10
bounds (0, 100)
cv 0.5
D 1
k 5
t 3
FLR 0.6
FCR 8
abounds (80, 120)

a 
120.0 106.0 111.0 
99.0 107.0 86.0 
93.0 118.0 101.0 
109.0 104.0 99.0 
102.0 89.0 95.0 
121.0 96.0 100.0 
112.0 116.0 94.0 
116.0 100.0 101.0 
87.0 105.0 104.0 
113.0 115.0 111.0 
99.0 101.0 97.0 
104.0 91.0 116.0 
113.0 79.0 106.0 
98.0 92.0 110.0 
97.0 95.0 104.0 
129.0 104.0 122.0 
102.0 125.0 108.0 
101.0 110.0 104.0 
101.0 107.0 98.0 
116.0 92.0 117.0 
122.0 120.0 90.0 
127.0 89.0 112.0 
112.0 121.0 109.0 
106.0 103.0 102.0 
126.0 97.0 87.0 
106.0 102.0 99.0 
98.0 88.0 106.0 
106.0 102.0 97.0 
113.0 117.0 106.0 
105.0 106.0 122.0 
104.0 102.0 96.0 
110.0 106.0 92.0 
86.0 120.0 107.0 
112.0 105.0 99.0 
104.0 97.0 89.0 
112.0 109.0 128.0 
85.0 89.0 103.0 
106.0 110.0 86.0 
108.0 114.0 110.0 
108.0 103.0 128.0 
118.0 97.0 101.0 
118.0 114.0 118.0 
104.0 107.0 96.0 
109.0 114.0 109.0 
113.0 93.0 105.0 
103.0 102.0 118.0 
99.0 104.0 99.0 
96.0 104.0 92.0 
102.0 127.0 95.0 
104.0 84.0 106.0 
95.0 116.0 102.0 
107.0 107.0 119.0 
102.0 116.0 94.0 
102.0 106.0 125.0 
95.0 106.0 110.0 
105.0 104.0 85.0 
96.0 96.0 93.0 
109.0 119.0 120.0 
98.0 106.0 115.0 
116.0 101.0 100.0 
90.0 121.0 123.0 
99.0 96.0 90.0 
100.0 89.0 114.0 
114.0 100.0 110.0 
100.0 100.0 91.0 
99.0 114.0 101.0 
100.0 92.0 112.0 
136.0 90.0 93.0 
95.0 118.0 102.0 
124.0 118.0 121.0 
106.0 108.0 94.0 
99.0 93.0 110.0 
105.0 112.0 130.0 
131.0 109.0 129.0 
93.0 92.0 93.0 
93.0 102.0 85.0 
100.0 107.0 77.0 
106.0 104.0 111.0 
120.0 108.0 124.0 
116.0 107.0 115.0 
104.0 114.0 119.0 
117.0 108.0 96.0 
89.0 98.0 107.0 
105.0 106.0 112.0 
116.0 109.0 113.0 
85.0 105.0 113.0 
99.0 108.0 108.0 
113.0 102.0 98.0 
112.0 108.0 103.0 
105.0 119.0 129.0 
108.0 97.0 123.0 
100.0 116.0 91.0 
102.0 100.0 102.0 
99.0 117.0 114.0 
117.0 115.0 128.0 
112.0 100.0 115.0 
97.0 119.0 101.0 
103.0 109.0 107.0 
115.0 103.0 122.0 
94.0 122.0 103.0 

Icoords
73.8771 88.9035
40.1316 38.2037
4.6929 65.9665
62.4798 79.9538
19.0001 63.6756
25.3038 79.486
91.082 62.0779
11.0376 4.6705
35.1835 14.3109
94.4918 39.619
36.4131 53.6376
5.4036 90.1137
74.5149 21.6839
63.0143 81.7418
87.693 80.9718
97.1097 87.112
52.8527 26.754
4.6784 85.389
52.4101 15.7361
95.5936 39.6239
31.0459 67.3455
27.3928 24.0378
54.1337 45.6079
12.6312 99.6015
6.2077 47.9222
64.8934 90.908
79.0967 97.4484
21.4775 95.6678
99.0666 72.3333
16.9797 88.3258
77.2763 18.9838
27.4159 8.4104
85.8355 62.522
30.1021 73.636
92.916 51.6154
79.863 1.4439
70.2968 40.5936
62.9768 14.4279
47.7901 24.4439
88.1678 21.4413
6.1301 10.3325
67.1972 14.4585
74.9496 30.2718
94.9462 25.0785
56.3939 93.4518
94.2192 73.7625
70.7539 26.7325
98.0011 92.4597
32.232 30.0924
4.2726 3.2359
22.6058 41.1782
53.8392 42.6792
10.807 73.7483
68.796 89.2949
42.2088 18.9746
74.2927 66.0663
24.1326 40.1412
66.5893 4.1252
23.1666 33.0479
14.4226 2.0119
67.6435 21.35
54.6434 42.0286
22.3631 53.5331
76.56 14.6781
5.0004 92.2026
41.1814 24.5597
8.6627 14.2112
69.7413 84.8733
23.5223 96.5773
53.4427 95.5024
87.4171 2.561
91.0215 17.5127
35.4328 79.2789
37.301 37.3585
21.7779 17.3926
16.1605 15.1379
95.5213 92.9487
32.6382 10.838
6.3446 16.1424
32.9851 89.3607
80.3347 1.3026
42.3511 42.3435
65.5222 67.165
83.2296 25.7372
11.2842 73.0764
73.0437 10.7879
10.0991 47.7041
21.7981 25.7895
81.0858 63.3978
4.1467 57.6213
32.9362 90.891
3.3724 32.5347
96.2851 67.41
83.4447 44.3857
47.8045 76.9412
80.8537 59.4622
28.6128 75.8446
87.3837 55.4774
45.4864 34.785
31.8977 83.6935

Jcoords
99.1618 42.9987
45.4211 86.8629
56.6343 42.4396
90.5075 74.8605
29.0381 14.3337
21.9176 32.8071
12.213 8.2522
42.4798 1.2255
90.5192 17.5839
4.5869 12.7223

C
19.7001 10.6642 16.0376 6.7628 33.1431 23.8335 33.3506 28.9448 25.4127 40.234 
22.7304 15.09 5.8286 19.5252 8.2203 7.1808 14.1221 12.3311 19.3927 16.9647 
32.3551 17.6329 18.914 33.207 17.8446 12.1776 20.0216 25.8692 32.4342 20.3606 
16.2562 5.8306 12.9885 10.7879 27.4126 23.0491 31.5764 24.4581 27.0454 34.3533 
28.8011 13.1471 14.5409 22.6829 16.0373 9.429 19.5933 20.8294 28.9969 16.5053 
29.7718 8.3416 15.9723 24.4279 23.1344 16.2495 25.8129 24.9424 35.7866 27.4793 
7.0716 15.5914 14.0528 5.1105 29.9215 28.7946 32.4747 29.1346 15.1069 33.0327 
37.8532 32.4838 22.8957 41.171 6.8401 12.0034 1.1467 10.5551 29.3187 3.2035 
25.9148 28.429 10.7079 31.8887 1.8854 7.7299 8.0985 5.843 19.0355 11.3911 
2.1566 21.0005 12.482 11.4236 21.4082 26.5113 27.6669 22.0836 8.4591 33.4078 
25.3558 12.8542 8.3468 18.1299 14.9682 10.0115 20.0028 17.881 25.5261 17.8575 
39.9786 13.3777 21.9742 29.1975 30.5852 18.2613 28.0522 37.8501 34.3308 25.5174 
9.9124 23.7187 8.6652 20.346 17.2291 20.6817 21.8414 14.0867 5.1959 25.8241 
18.535 6.2446 12.4706 10.5373 27.9149 24.3405 32.7071 29.3404 21.0323 33.6035 
13.4908 16.9868 15.4808 2.5137 33.3262 30.1885 32.0408 33.3685 22.6647 37.5633 
13.6987 16.9437 23.3592 4.1919 39.462 33.6967 37.1949 31.8293 21.8878 45.0065 
17.5593 19.3571 6.3717 23.1596 8.5116 9.5511 15.508 10.4793 12.5875 19.1556 
37.7362 15.4638 21.9958 31.6057 24.1645 18.0837 24.4912 36.3885 37.1488 25.2517 
20.8849 22.8773 9.7977 26.4673 8.2277 12.3673 15.9667 6.1787 14.8381 17.1211 
1.607 21.1628 12.4214 11.4353 23.5881 23.7658 29.8976 20.3633 6.9637 30.681 
28.5728 8.7652 13.8083 21.0311 18.716 14.2076 20.1322 24.9348 29.4285 20.0715 
24.6003 22.2095 13.1047 29.5529 3.2992 3.2348 7.7329 10.2042 20.3502 8.8444 
14.8977 16.7142 1.5592 17.77 12.6991 11.5681 19.8489 15.6337 17.5072 18.7084 
35.7348 12.8784 28.7322 26.0743 26.3622 26.7387 35.0328 39.5798 38.3097 29.4559 
33.3149 17.0212 18.4888 26.6383 14.3039 7.785 13.5492 19.6072 28.494 13.8271 
18.8138 7.7822 19.3718 11.5947 32.3162 26.7391 34.5802 35.5528 26.4943 38.9338 
20.9311 10.7489 20.0358 8.7459 37.6167 32.3027 38.9202 31.7306 31.3592 39.7833 
28.748 8.5054 24.6997 27.1015 28.0832 21.5869 32.0063 34.7137 35.4486 25.4451 
11.5344 19.6303 18.9765 3.4975 30.8338 31.562 42.494 28.535 21.4668 38.3177 
33.5432 9.4322 23.6341 22.8513 28.323 20.7178 26.431 31.2928 30.9084 24.2785 
12.7074 25.4715 11.2671 22.1304 15.0086 22.521 20.396 12.4191 4.6262 28.6654 
29.9875 27.3915 16.214 35.965 2.1176 9.9484 6.0115 5.7479 24.8052 8.373 
7.9258 14.7385 12.0851 5.1085 25.1239 21.1533 35.6248 28.9733 16.1976 30.4852 
27.9764 7.1039 12.9126 20.4756 20.8006 13.7457 23.2645 23.9115 27.551 21.807 
3.9717 21.866 13.2893 9.1538 28.061 27.9174 31.7996 23.6485 13.1243 35.7483 
15.1335 34.4551 18.7393 24.1544 17.5863 23.8715 24.3342 14.0264 7.6182 28.3838 
9.5034 16.9312 4.5482 14.6481 14.9117 16.984 25.8477 17.8741 9.3829 27.8297 
15.694 28.7992 8.9523 26.0054 13.4601 14.5257 18.0466 8.5041 9.4673 18.611 
19.3901 22.5432 6.8115 23.1876 7.6459 10.172 15.4986 7.9719 17.2196 16.1826 
8.0655 26.8207 14.2903 19.6557 20.088 20.4679 26.0492 15.4079 1.3941 25.4456 
33.6128 28.3804 21.1197 40.0781 7.0648 8.4237 2.1884 14.5583 26.4603 1.1126 
14.1711 25.8807 11.4191 19.4232 11.8637 16.6355 19.5106 9.3615 7.6215 21.0389 
9.1333 21.0645 7.076 16.1273 19.2016 20.5681 23.0051 14.5597 6.395 27.963 
7.025 28.3477 16.6692 16.953 21.8565 26.841 27.9875 20.973 2.7097 30.7071 
26.2579 4.815 16.7883 13.7493 25.449 21.758 29.6462 29.38 26.2546 34.1006 
9.5313 18.7704 18.2934 1.4875 30.784 26.3911 35.3716 33.5278 17.4137 42.6072 
11.4443 24.0246 8.0448 18.0784 14.6878 17.7363 22.6831 13.442 8.3809 21.3115 
19.6266 18.7343 23.9645 6.7484 39.2139 31.7112 36.7122 38.886 26.7735 46.6708 
27.122 18.7087 10.8709 23.1702 6.2339 4.2481 11.6967 9.5633 21.8546 12.2728 
38.9414 28.7716 20.428 38.9325 10.1606 10.8127 3.6479 12.1782 32.8132 3.2214 
29.6738 19.9102 10.9749 28.871 10.1225 2.9994 12.3677 16.2159 22.4385 12.2296 
17.4723 14.3526 0.9087 16.0364 13.7209 10.1443 20.7862 15.0695 14.604 18.6546 
36.5043 11.3933 17.3441 24.0958 23.1256 15.5774 21.3304 24.7146 33.2806 20.7398 
20.2087 8.921 18.3369 9.8812 25.7356 26.9547 33.3688 34.8733 24.2471 37.7339 
18.55 24.1749 10.8856 23.6515 4.8247 8.2489 12.35 6.1064 15.9635 13.9432 
13.3951 13.0585 11.5508 5.6943 20.9017 19.1402 28.7154 28.2759 19.9953 32.547 
22.6377 16.2809 12.3978 23.2362 8.5166 2.7381 12.2252 14.1505 25.739 13.0279 
17.3905 32.6068 12.3866 22.7817 12.2969 19.0741 18.8138 9.0042 9.9964 21.7457 
24.9553 21.5004 13.1568 24.2237 7.1786 0.4184 9.4523 12.7606 26.3014 10.9463 
36.1745 29.0882 22.4325 40.3334 7.4134 9.6287 2.0462 8.8976 24.0866 5.581 
13.8074 23.348 7.8008 20.774 14.8947 18.7521 17.6225 10.7877 6.9968 23.001 
13.804 15.3523 0.6682 14.8737 14.7138 12.0157 17.105 16.6137 17.1261 20.7308 
29.5653 12.9204 12.3591 22.1209 14.2593 6.4224 14.6407 20.1024 29.7512 14.7297 
11.8521 23.8045 12.0901 19.9788 18.6005 20.599 22.1743 13.2964 5.3056 23.8751 
37.7159 14.0092 24.6111 30.5455 28.1727 21.9857 30.5189 38.6987 42.8222 31.1567 
21.9456 24.7978 7.671 23.9178 6.1168 7.6779 11.3791 8.3619 17.141 14.4076 
30.9689 30.3458 16.8875 34.7672 6.5019 8.9108 2.1995 11.7404 30.4929 1.5951 
18.096 9.2091 14.2651 7.1929 27.0709 26.1789 29.7981 32.6487 21.8527 35.8336 
34.593 9.1299 24.0263 24.4983 29.5918 25.1844 30.9257 33.7055 33.8392 26.8129 
23.8516 4.5188 16.6334 13.61 26.7158 24.6805 30.5716 30.4099 30.0462 36.6802 
15.3907 34.5087 18.418 26.7463 22.8271 26.2034 24.0738 14.674 4.6296 25.1021 
9.7948 30.9421 16.8909 21.3973 24.6274 24.3895 29.4867 19.2005 0.1568 28.1084 
25.4243 4.0383 14.6386 20.1613 20.6807 15.1435 27.6112 30.1258 30.3294 28.2865 
24.7289 17.0965 7.868 22.1127 7.625 6.3914 13.7797 12.3888 18.7636 14.9725 
28.3249 22.7415 15.7868 32.4583 2.4919 6.0689 5.2299 8.626 23.8327 5.8074 
27.8767 30.9546 16.1403 32.7289 5.023 6.0043 2.6779 9.8003 26.8059 4.0033 
15.3853 16.266 19.2891 7.4968 31.5051 29.6651 43.5882 38.7055 23.7166 39.666 
25.7802 25.3479 13.618 31.3874 1.6038 8.5999 8.1653 4.3761 20.3663 9.7389 
29.1419 32.1012 18.4382 38.0521 8.3231 7.0547 3.3325 15.5121 32.9844 1.3789 
31.4477 3.8269 17.9017 20.4067 25.2063 21.8519 25.7709 27.3027 32.2792 31.7687 
17.3345 29.7281 14.4327 28.2255 20.6993 21.7232 26.3767 13.7754 6.1953 30.0363 
19.3397 17.1673 4.9349 22.1154 11.1801 7.9486 16.9271 12.3766 19.611 17.8447 
15.6113 9.7011 9.2328 9.1921 23.1586 18.1587 26.7991 24.7407 18.5346 29.7029 
7.0635 23.2368 11.5979 18.7067 17.2836 20.8114 24.1573 15.008 4.1472 27.3414 
29.6574 14.5827 17.1028 27.4261 19.7786 15.9435 21.4396 25.5202 36.3045 22.6321 
16.285 25.8505 14.1077 24.9635 14.463 21.0251 19.1783 10.6515 5.972 24.3735 
34.0783 20.9361 15.8058 30.7655 13.2761 5.8055 15.3372 22.6584 30.0307 10.9852 
27.6202 21.8713 11.9191 30.6408 4.5019 2.7394 7.6885 9.6558 23.8564 7.8335 
8.9753 14.4768 10.9592 5.8357 24.1479 25.9306 35.1331 28.3001 14.968 30.7032 
33.9064 19.3329 17.5883 26.6748 18.7402 9.9988 15.5474 21.3436 37.928 13.6365 
29.2423 4.5049 16.4722 19.4643 23.4032 22.1404 27.8851 28.4853 32.0859 30.8738 
36.8863 24.093 18.4466 31.0859 9.5714 7.035 8.3314 15.4698 30.6994 7.3721 
9.3503 20.4105 14.7979 3.0057 30.0443 29.0364 30.9941 32.3527 19.1054 38.3722 
4.9686 18.3058 10.0992 11.3243 24.2341 21.2676 28.802 22.6181 8.7206 32.8692 
22.2787 4.0561 11.1827 14.6859 20.4314 17.2276 26.9531 23.1276 23.3208 29.0586 
8.2064 17.7687 10.0917 5.5777 21.1085 21.7401 31.6607 22.0178 14.7118 32.5329 
28.0698 7.0965 16.0977 22.1611 22.2121 13.2669 21.4364 23.657 32.0063 22.0451 
5.5665 20.0016 12.9923 7.6825 25.2019 21.4145 26.9341 23.0641 11.7377 30.201 
19.7598 18.2064 4.664 20.2641 8.2934 9.1555 12.9118 11.5233 14.9921 18.1143 
29.5204 4.7656 16.7875 19.7908 22.7971 18.0614 28.154 26.6477 28.8751 27.7031 
20.0145 10.2762 17.9209 7.1002 30.6545 24.2617 38.9953 35.1287 22.6517 31.5013 
22.6949 18.4134 6.7895 22.578 10.0629 7.063 13.7291 14.4468 19.4472 16.0638 
37.4203 18.2326 21.9133 30.3772 20.3449 11.6097 22.2507 27.1436 30.1287 20.6375 
17.4798 6.9681 14.9324 11.3833 29.3201 20.2753 33.6518 25.3028 21.8551 27.2733 
30.9038 10.7251 16.183 28.8856 17.135 10.2909 16.8015 21.3498 31.8557 17.3473 
29.7554 6.9917 17.8257 21.7543 25.2879 15.1778 28.3478 24.4376 32.19 26.3259 
7.6041 16.9006 15.4604 4.028 30.9158 26.1434 37.8314 25.2251 14.3905 37.7531 
29.2908 33.8915 22.4338 37.0571 7.69 9.3457 1.2851 11.5261 28.1028 3.1746 
24.0707 24.2892 13.7678 27.066 1.985 7.6752 7.8609 4.9516 19.6231 9.608 
2.0609 21.7089 13.8866 12.0301 24.7061 23.3331 32.8269 24.3528 6.9253 32.8259 
19.1824 12.7234 8.7698 21.3085 14.4483 8.0219 18.4906 19.7646 21.8851 20.5374 
32.5705 14.7428 26.642 29.8979 25.2984 18.4641 28.8983 35.2786 34.2302 29.6967 
11.5612 23.9614 8.7775 18.0193 17.8694 17.3969 23.2372 12.1443 5.452 22.1229 
19.0384 6.743 11.9968 10.1207 26.9865 25.1393 27.2753 26.8309 27.21 32.0572 
15.6209 14.4345 18.1137 2.5837 26.7391 25.2889 38.6858 36.2103 23.3626 36.2621 
14.0918 17.2642 22.3163 4.3422 38.2363 35.9877 42.0731 31.6054 26.3226 35.877 
19.1935 23.2394 5.6263 19.3414 8.4659 10.0334 17.3254 8.9169 14.398 16.4163 
38.2022 15.3456 22.3194 29.6341 22.9176 17.7739 30.738 29.5887 42.4652 22.534 
16.788 28.3733 8.2729 22.8239 9.2181 10.6864 15.9708 6.4653 12.606 18.7408 
1.7072 25.2561 15.2767 12.037 23.9512 27.5763 32.6148 21.4054 8.332 30.4058 
24.985 8.5834 11.5409 21.6843 19.7823 12.0641 18.8732 20.6068 27.7457 21.2308 
23.1379 22.3403 10.8521 28.1834 3.6821 3.5543 7.5205 9.6162 22.0825 9.3918 
15.7637 14.3656 1.3667 18.0828 13.8259 10.8574 19.8882 14.3901 17.3694 18.7441 
37.9786 13.2619 27.0226 30.9688 30.5475 26.5162 32.4842 33.8433 44.4854 28.1209 
36.1633 19.7623 19.1787 32.5235 13.1139 8.1447 12.3375 22.9894 30.1248 12.5762 
20.6692 7.4063 18.0836 10.1499 33.7282 23.1329 29.5715 33.1586 25.0729 33.819 
17.7569 12.002 23.2087 8.5409 33.3282 28.8333 39.4776 38.68 30.6735 39.253 
37.1012 9.4672 19.8963 27.2746 26.131 19.3113 27.3913 34.0364 38.0126 33.4274 
10.232 17.207 17.4764 3.2913 32.7432 32.1688 40.3029 30.3525 21.7051 40.4403 
29.3761 9.6857 21.3659 23.2026 28.4654 21.4758 28.0995 32.3002 33.9186 24.9144 
11.9016 27.481 11.9076 19.0583 18.8323 21.1858 24.6954 13.6145 4.0043 24.2368 
24.1413 25.0652 17.5506 29.67 2.1231 9.3757 5.0446 5.3473 20.7178 8.8307 
8.2307 17.1965 12.0072 4.4528 24.2673 27.1165 28.3718 23.1321 17.9235 32.2863 
26.8129 6.4279 14.1617 21.2127 20.943 14.1038 24.8032 22.9859 32.5453 23.0023 
3.678 23.0193 11.2908 7.9199 22.6544 22.9303 27.9701 22.7644 13.2472 35.2657 
16.6684 28.2014 14.6729 28.3532 20.4073 21.1437 23.7903 13.5778 7.7343 24.7606 
9.1848 18.8381 4.6254 15.9053 14.9117 19.0421 26.4461 15.4398 9.5085 26.5949 
14.3801 22.9857 9.3486 20.2213 10.6262 16.6579 19.5654 7.363 10.4902 20.194 
19.0569 19.6636 6.3243 24.9717 7.1155 8.5705 14.9279 7.7265 16.3152 13.7921 
9.3868 26.1487 13.6917 19.2654 22.5238 24.4136 28.4082 15.6327 1.695 32.8154 
39.2034 30.4106 20.0125 37.9961 8.7066 9.4646 2.2417 11.7366 29.6366 0.9485 
15.4824 24.1644 11.2845 23.3531 13.6954 17.5442 18.0498 10.6007 7.5486 20.2998 
9.4998 24.9199 8.7757 18.073 18.9343 17.8763 21.0104 15.5399 7.9435 27.2378 
5.8671 29.5434 14.9867 16.7681 26.0034 26.0479 25.5645 17.9069 3.433 33.1239 
19.9944 4.9801 19.4818 11.8767 28.4209 23.8648 32.4679 35.8437 29.0331 35.434 
11.1734 16.4563 16.4881 1.4376 31.7984 27.6625 32.3592 35.0336 19.6375 34.0836 
10.9336 20.71 6.541 19.946 15.8759 15.0443 19.4909 14.8128 8.5987 26.4787 
15.2035 18.4752 25.7171 7.1903 37.1818 33.8866 43.0954 41.8657 26.6004 40.1369 
25.1657 18.6795 10.097 28.8066 5.4476 3.2616 10.6035 11.8423 23.8398 12.3479 
32.4906 35.3889 21.9783 39.7172 8.9041 12.0593 3.7268 11.7573 27.6984 3.3695 
25.5693 17.0353 12.2383 24.6642 10.5035 2.7163 10.7932 16.8273 27.5718 12.4047 
17.2275 14.9464 1.0891 19.31 13.7887 12.6737 21.3426 16.4105 14.8085 19.2888 
36.9907 13.0627 20.8573 28.3522 18.9865 15.1701 19.7123 30.8161 36.8301 24.4878 
17.6452 7.706 16.478 8.8462 30.4449 27.8723 38.5876 35.5443 24.7416 31.9679 
23.5259 20.8175 9.2632 26.643 5.5844 8.799 11.7639 6.5165 15.5769 12.7419 
11.0275 13.3894 9.8724 5.5744 24.7095 22.7946 29.0802 25.9431 20.3276 32.1082 
27.1202 17.8007 12.9289 28.5096 9.9562 2.7565 10.6898 13.6902 27.9966 12.3948 
19.0895 25.8599 14.176 23.3866 11.8416 19.5359 18.6774 7.8386 8.415 19.8678 
27.0706 21.0461 13.3724 26.459 6.2332 0.4025 9.455 11.3498 22.3002 9.4593 
36.0804 31.9067 21.7078 38.7323 7.4363 12.2657 2.2216 8.8134 25.0575 4.995 
12.125 23.2166 9.0474 21.577 15.2243 17.0268 19.4679 9.8275 9.1691 19.1314 
15.6742 15.517 0.6408 14.8153 14.2649 12.3659 21.2158 16.601 13.5924 18.4048 
26.5111 14.8171 11.5487 28.0903 15.7544 8.1285 16.6314 18.0457 29.9747 17.3383 
14.1602 25.1803 12.6642 21.8136 17.2081 21.1459 22.9504 11.3838 4.7224 22.6871 
39.3946 12.7657 28.5695 28.2247 31.734 21.3002 25.3874 38.5904 41.9482 25.601 
22.2438 18.9278 8.9424 21.2266 4.9595 6.8313 11.8645 8.2521 16.1195 14.9153 
31.8616 28.6766 19.8764 34.8895 6.3674 7.7667 2.5144 13.6313 30.4191 1.7244 
16.617 8.4453 16.5301 7.0661 26.3868 21.6331 29.7215 29.6222 23.733 31.8867 
30.0511 8.9646 25.2067 27.9558 32.5757 23.1623 27.8091 36.3985 35.0407 31.1026 
25.0561 3.5722 16.2559 13.0203 33.3608 21.3964 29.925 36.6931 29.2523 33.2486 
16.0603 28.6694 15.35 25.6825 23.2023 24.5296 24.4207 16.5982 5.8015 27.7558 
9.3025 28.643 13.0388 20.5887 24.0626 21.5514 29.5661 17.8897 0.2026 31.6749 
26.2897 3.7687 15.0806 20.2055 20.8308 18.8459 26.1989 29.922 28.8737 22.0144 
20.5733 18.4861 7.3662 25.2047 7.5736 5.2042 13.9565 11.7282 17.7133 14.092 
27.4527 29.2653 15.1816 27.1278 2.4242 5.0253 4.9785 9.8422 23.0284 5.7397 
28.9361 27.825 18.1371 32.4523 4.4992 5.917 2.9542 10.5118 23.205 3.9382 
16.0464 15.9077 24.3696 6.639 40.3492 34.8739 42.1032 37.3599 28.8225 43.8375 
28.2481 29.241 14.368 33.683 1.5671 8.1085 6.8126 4.5619 20.9957 11.2261 
34.0118 28.9985 19.0227 39.0476 7.483 9.0276 3.1732 13.9836 26.4347 1.3643 
30.672 4.3685 17.6811 22.1389 24.3348 19.6276 27.8892 29.1377 33.7786 26.7913 
18.1443 31.0958 18.791 23.9334 16.1742 25.0218 21.2684 12.7004 6.564 26.2904 
20.8452 15.949 4.4293 22.1387 10.5071 8.023 16.1035 14.2845 17.4609 17.0095 
13.619 11.0464 7.9348 8.6195 24.1409 20.4958 26.2032 24.4753 18.4513 26.3363 
7.6273 23.9052 10.6181 17.937 20.8112 21.694 29.1599 18.7553 3.8848 28.8639 
29.2208 12.3517 17.8963 26.3881 21.2821 15.2687 25.5823 26.092 33.0156 23.6583 
13.7761 26.9836 12.8456 23.0376 14.4718 20.847 21.8998 9.9886 6.827 20.7164 
33.0973 16.0 17.384 26.1231 13.0228 6.7449 15.6335 17.1524 27.2569 10.8117 
23.9111 23.6 12.6913 26.3938 5.0996 2.3681 7.9504 12.4463 23.4135 7.3905 
9.1252 16.4107 10.7305 5.1933 24.9204 24.7183 34.9478 28.4977 16.9746 27.8953 
38.0882 18.0733 18.3806 29.5897 17.1872 11.0182 17.3982 25.3941 32.7015 16.4473 
27.4607 4.2544 17.2327 20.8866 25.4653 20.6505 29.3761 29.4231 33.8104 33.2103 
37.1176 21.2007 17.1302 36.6947 9.8043 6.0093 9.9491 16.8475 34.475 6.6556 
7.6125 18.2159 18.2326 3.2471 32.4687 24.886 37.9536 26.5867 19.913 38.0413 
6.1093 17.7927 9.7067 12.0375 22.5311 24.4606 30.0799 18.1373 10.0956 31.8664 
21.5523 3.8377 11.0295 13.2323 19.8889 18.9365 24.2918 23.3553 23.7084 26.6435 
8.4379 15.4486 9.0704 7.2061 24.6404 22.7168 26.4624 20.9647 13.749 28.2214 
26.7235 7.1709 13.6996 20.6135 19.3026 14.9786 26.2634 25.6986 32.8394 21.525 
5.3194 19.0793 10.7679 7.3958 28.2432 27.3726 34.1159 27.9867 11.654 33.127 
17.8322 17.0607 4.8791 18.1726 9.4692 7.727 16.7973 12.1332 16.7275 14.787 
29.8742 5.5115 18.5962 21.8831 27.3371 17.7554 27.7719 24.9516 26.9312 24.0149 
20.3027 9.1778 18.2084 6.8455 34.5353 29.6524 32.7719 35.9948 25.486 38.6481 
19.55 17.229 5.8252 18.7652 8.0992 6.9034 15.33 12.5053 16.9156 14.0957 
37.6828 16.7998 19.4671 34.0697 22.1773 13.5527 17.8099 27.9757 35.5476 18.5024 
20.2811 6.3717 12.2405 9.5601 26.3447 19.4543 28.6079 29.9816 27.3189 30.3342 
27.2364 12.2051 15.0292 25.8386 16.2941 9.5375 17.0527 21.6167 29.8052 20.9163 
30.6533 7.6752 17.9033 21.9635 21.1701 15.8845 24.7917 25.1507 31.1919 21.5934 
6.7546 16.1057 14.1836 4.3697 25.4513 25.6252 29.1327 23.7921 15.9657 37.4643 
36.6712 31.0138 21.522 41.2876 6.3395 12.0426 1.1407 10.495 26.597 3.3469 
21.9953 28.3338 13.4706 31.29 2.1171 8.4674 8.3289 4.6864 19.1574 11.8476 
2.2938 24.3859 13.7576 10.842 21.3591 23.2165 34.632 23.8032 8.5061 32.2347 
21.0026 12.7819 8.1572 18.7807 15.0402 9.0573 20.5634 18.8149 24.4143 16.7689 
36.5998 12.7956 23.8637 32.4398 28.7118 20.6946 24.75 35.7409 35.2143 29.4645 
12.6267 22.7694 9.5966 20.4404 13.8938 19.5904 25.0408 13.4291 5.3974 21.5025 
16.4473 6.8768 13.3784 9.5198 29.7946 23.4714 33.8864 25.8338 26.5608 28.5033 
13.2488 16.1033 17.4951 2.2822 29.6598 25.7944 34.4724 27.7307 22.7154 42.2843 
16.3042 16.6181 23.763 5.1174 33.5128 28.818 34.8659 40.6645 23.6687 42.4897 
15.0024 22.2582 5.7005 24.2409 10.569 12.1012 13.905 10.5565 13.7777 18.0649 
36.2864 15.7329 26.9234 33.8712 27.432 21.7912 27.2581 32.9379 33.3311 28.1221 
20.2842 22.7987 9.5814 22.7466 8.0193 12.7342 15.6968 6.2508 14.3497 18.7743 
1.7931 24.126 11.8511 11.2893 24.592 27.6059 35.4567 21.2743 8.4609 32.8447 
21.766 7.4538 12.6478 18.3939 16.3606 12.0712 18.6499 20.7142 28.9787 23.4097 
26.753 22.6801 11.4291 24.6828 3.7353 3.423 7.0255 8.8586 20.3438 7.9355 
13.6935 13.4 1.4187 14.9974 14.9767 12.2406 19.4053 15.8356 17.0066 19.9334 
39.9742 11.9075 26.4166 29.1303 26.3448 22.1598 32.9957 39.6312 44.9944 31.0875 
34.0968 17.4965 18.6816 34.851 13.3739 8.62 12.8711 17.7801 30.3846 11.8749 
19.0906 7.9194 19.0965 11.1624 29.7881 25.6406 31.1594 35.2662 26.8594 35.8234 
17.9658 13.76 19.9823 9.1407 30.9317 33.8733 40.927 36.0032 27.1801 34.3224 
33.3469 9.3958 22.4734 26.3661 27.4706 23.2716 31.4701 33.9977 37.752 32.0984 
9.5074 20.8974 19.0076 2.7862 30.6155 30.5131 34.3665 27.7534 16.7457 41.4457 
33.4024 8.8513 18.382 27.0298 29.7399 20.2886 26.8561 34.796 40.1023 27.1745 
10.1243 25.1415 11.6233 22.7678 18.7353 17.6311 26.3572 13.2356 5.2641 27.3084 
24.0378 26.9729 15.4605 27.6358 1.8817 9.0906 5.0431 5.8414 22.6116 8.2034 
7.7698 17.8382 13.8926 5.0029 25.2803 24.8609 27.6859 22.8468 16.8482 35.1452 
26.7449 7.2658 12.9699 23.0977 21.631 15.5321 22.851 25.2558 25.3423 25.6638 
3.8195 22.6881 14.8798 7.5226 23.5568 23.5546 29.3443 23.5914 11.9644 38.026 
15.2664 32.2539 14.3195 23.3161 17.8537 23.0281 22.5189 11.26 6.481 23.0556 
8.7851 17.2306 4.8763 15.599 17.176 15.8766 23.6273 14.5817 9.8333 26.1523 
13.9697 25.3707 9.3572 26.2246 10.8401 14.3322 15.6431 8.7601 8.7659 19.7851 
19.6522 24.1111 7.9003 19.91 8.496 8.8397 14.1265 8.0481 13.3291 15.6499 
8.8351 30.5563 11.9793 20.7198 21.8925 26.3898 25.9181 15.6677 1.3973 31.1095 
31.2069 28.5266 18.1992 33.2904 7.4811 10.5687 2.2012 14.2211 32.5926 1.0543 
15.4566 23.8771 10.7701 23.5668 12.6231 15.8782 18.2877 10.6203 7.158 24.9222 
8.8105 24.505 7.2167 18.295 17.1458 20.1593 24.4944 15.2655 7.3229 28.6664 
6.3015 26.9858 15.7775 18.7473 20.7814 27.9719 26.3834 18.3046 2.8968 32.4217 
20.034 3.8512 19.9205 15.4315 27.8767 21.765 33.9843 33.2508 33.2175 35.7121 
10.2324 16.4715 15.2698 1.28 32.0101 29.8645 36.862 35.096 18.1625 42.271 
12.6358 24.3378 7.7533 20.2166 14.3962 15.6496 18.9445 11.6446 7.6948 26.8236 
19.4089 19.9029 25.1718 6.5935 36.3482 30.0193 45.199 42.389 27.6163 48.2183 
25.0703 21.8909 10.7643 24.2945 6.3368 4.2631 11.7086 10.9938 23.7742 12.8573 
32.7376 30.6542 24.7256 39.3585 8.7793 11.6392 3.0055 13.2074 32.2711 3.3876 
29.9801 19.037 13.4573 26.1726 9.5704 3.0783 10.6586 14.016 27.5934 10.1515 
17.5267 16.8669 1.1059 17.3488 11.4649 11.0966 16.5998 13.3287 17.3906 22.7591 
32.8183 14.0214 20.7463 31.2217 22.6719 12.9514 24.665 27.9988 31.1744 22.4512 
21.4378 9.0973 17.0541 9.6648 26.3042 22.1099 35.2566 30.4521 29.8443 35.4255 
24.0575 26.1527 9.1365 28.2385 5.1166 7.7724 10.7669 6.978 18.9745 12.4139 
10.3389 13.6278 10.0465 6.8066 26.6684 23.0613 33.8901 27.3587 15.941 33.3634 
25.0554 20.2138 11.1857 26.0527 8.8135 2.4118 11.9528 13.2901 26.6645 10.4789 
17.9687 31.283 13.5584 29.5319 13.1491 18.9891 18.852 8.7566 9.9222 21.0634 
25.6374 22.0536 11.2937 30.1448 6.3843 0.3937 9.9565 14.3612 24.2144 9.4758 
34.0942 35.6556 18.3061 41.1656 5.8152 11.4955 2.029 9.3018 24.0788 5.7439 
13.3409 22.9191 9.4566 18.9876 12.8739 18.8369 21.7291 11.3837 6.9713 22.6382 
13.9331 18.1353 0.6597 17.4069 14.0235 10.2477 21.5683 15.4258 13.4751 22.5753 
29.8599 16.0006 11.3001 24.2702 14.3786 6.7852 18.3716 19.996 27.7401 17.04 
11.6891 29.9758 11.0786 19.5464 15.4593 19.8851 20.1761 13.9082 4.4144 24.4079 
38.2259 14.3762 24.5681 32.0462 24.5788 20.5344 28.8421 34.4775 36.421 27.7867 
21.0756 20.3391 8.3658 24.1715 6.3105 6.6888 12.4695 7.8618 16.4434 11.7807 
34.9005 26.0548 17.5443 34.8691 7.3699 7.7689 2.2571 14.2725 31.1728 1.3248 
18.7102 9.5995 16.7743 8.9911 29.2128 27.098 36.9458 32.0064 22.2259 36.6794 
35.8166 8.6772 23.2458 22.5688 24.7368 24.47 34.6212 31.975 37.1848 29.4864 
27.451 4.4481 19.9558 14.7003 30.5044 23.6279 33.0806 36.5792 33.0232 31.1916 
16.8393 37.3342 18.5389 23.0267 21.5765 25.9076 25.816 14.5526 4.8704 26.8713 
8.4544 31.5065 14.4446 18.0595 24.8011 21.3319 31.3118 15.6727 0.1963 31.9606 
28.123 4.7231 16.8318 20.2553 23.9893 18.2215 24.9958 23.6132 31.9505 25.5796 
21.5299 17.0464 6.3188 25.8166 9.4499 5.9518 11.8123 14.5899 20.0977 16.242 
24.5998 26.5354 16.671 30.0125 2.941 5.0284 5.1028 10.1653 21.3649 6.6714 
31.2125 26.4772 18.9573 30.8121 4.1314 6.612 2.6962 8.9906 29.4173 3.9891 
15.5957 16.4325 23.4644 6.4851 37.4252 35.064 36.8047 37.8155 26.8587 38.4291 
28.6545 25.9029 14.6338 33.7779 1.8451 7.3996 7.6526 4.8989 20.5878 9.7107 
38.215 30.663 21.3608 38.4729 6.9913 8.6695 3.1299 12.4277 28.371 1.1651 
30.8498 4.5512 17.4972 20.4839 26.2957 21.3102 31.5397 28.2955 28.9031 32.2918 
15.7699 33.48 18.8337 26.2576 17.6402 20.3626 21.7615 14.1048 7.0633 23.9157 
20.5896 13.6508 4.5022 18.2862 11.8034 8.8461 14.9068 14.4407 21.1491 14.6194 
13.5858 8.8568 10.4073 10.2823 20.9114 19.8075 29.2939 24.0352 18.2458 26.9246 
8.7713 27.6786 12.361 17.5844 20.4291 24.2862 25.6054 16.8769 3.9788 24.392 
29.9453 11.4386 18.4272 28.6782 22.399 13.053 24.0976 28.1286 32.7447 18.7335 
13.3531 24.766 11.0131 22.2341 14.229 21.7878 22.5756 11.2471 6.4258 22.0382 
34.8542 17.1707 14.073 28.1006 14.2891 6.9769 14.6142 17.1524 28.5279 12.4443 
25.8925 24.6281 11.9886 26.9933 4.7648 2.5253 6.1396 12.2729 21.9047 7.1269 
10.1364 14.2505 11.6258 4.5849 21.6658 20.109 33.0068 25.3361 15.3656 35.4289 
38.2516 19.8235 20.8394 31.4126 18.8101 10.8564 19.5443 26.3078 29.5599 14.9117 
30.5418 4.1573 20.7709 20.1994 23.2959 22.099 28.5156 32.0561 35.3019 27.2485 
34.5833 21.3519 20.359 37.4213 9.8169 5.6031 9.1325 16.2513 30.0097 7.4595 
8.7825 19.2015 18.3404 3.3357 27.5941 29.8156 35.9285 25.8191 19.3361 35.7351 
5.7811 21.6466 8.9648 10.6955 24.2093 24.3667 27.524 21.2554 9.7296 31.0592 
20.9736 4.053 12.0018 13.0442 24.7517 17.0945 30.0476 27.2111 24.2642 30.2584 
9.0485 15.0902 9.8667 6.5646 22.4416 23.4219 31.7806 26.1536 14.5485 31.2269 
26.1943 7.9085 16.8389 22.7987 19.3949 15.5971 25.3453 25.3191 29.7705 23.0987 
6.2151 20.7562 11.0986 6.9089 21.7393 23.0495 28.3634 21.5922 12.924 30.3688 
18.7173 20.4302 5.301 20.8909 8.2934 9.1248 15.7376 12.8879 18.0725 18.356 
27.555 4.6309 17.0665 18.5402 22.3459 16.4072 27.5926 26.6893 30.9868 26.2887 
EOF