I 100
J 10
bounds (0, 100)
cv 0.5
D 50
k 5
t 3
FLR 0.4
FCR 10
abounds (80, 120)

a 
123.0 106.0 130.0 
109.0 135.0 115.0 
110.0 121.0 124.0 
127.0 113.0 103.0 
114.0 141.0 105.0 
118.0 117.0 123.0 
120.0 146.0 129.0 
113.0 122.0 129.0 
95.0 121.0 123.0 
129.0 124.0 118.0 
130.0 131.0 112.0 
137.0 126.0 120.0 
127.0 123.0 117.0 
116.0 133.0 130.0 
111.0 126.0 118.0 
125.0 117.0 132.0 
113.0 131.0 118.0 
126.0 108.0 112.0 
122.0 117.0 133.0 
115.0 103.0 119.0 
115.0 117.0 128.0 
134.0 130.0 130.0 
113.0 112.0 120.0 
110.0 125.0 111.0 
118.0 118.0 107.0 
114.0 142.0 131.0 
120.0 112.0 117.0 
144.0 130.0 116.0 
130.0 114.0 131.0 
125.0 115.0 112.0 
119.0 128.0 136.0 
131.0 89.0 115.0 
123.0 104.0 125.0 
107.0 111.0 99.0 
117.0 108.0 109.0 
129.0 127.0 142.0 
127.0 122.0 120.0 
116.0 111.0 110.0 
110.0 120.0 128.0 
117.0 116.0 117.0 
115.0 123.0 107.0 
114.0 121.0 124.0 
113.0 119.0 137.0 
103.0 116.0 109.0 
99.0 110.0 135.0 
112.0 117.0 127.0 
112.0 131.0 116.0 
103.0 124.0 116.0 
118.0 126.0 118.0 
121.0 131.0 133.0 
118.0 110.0 132.0 
130.0 132.0 118.0 
111.0 122.0 123.0 
115.0 118.0 127.0 
94.0 129.0 127.0 
116.0 127.0 117.0 
119.0 115.0 118.0 
130.0 116.0 127.0 
120.0 96.0 108.0 
111.0 111.0 104.0 
114.0 104.0 131.0 
142.0 134.0 124.0 
101.0 106.0 129.0 
129.0 103.0 126.0 
113.0 122.0 98.0 
120.0 120.0 125.0 
116.0 112.0 127.0 
131.0 121.0 122.0 
108.0 110.0 108.0 
134.0 116.0 122.0 
122.0 139.0 116.0 
105.0 149.0 126.0 
115.0 103.0 122.0 
122.0 110.0 127.0 
150.0 109.0 127.0 
115.0 117.0 112.0 
115.0 134.0 111.0 
118.0 128.0 112.0 
132.0 113.0 127.0 
123.0 95.0 127.0 
130.0 105.0 112.0 
114.0 97.0 130.0 
138.0 110.0 111.0 
140.0 134.0 129.0 
128.0 134.0 128.0 
125.0 116.0 129.0 
118.0 114.0 127.0 
124.0 111.0 90.0 
118.0 108.0 132.0 
129.0 119.0 110.0 
99.0 119.0 102.0 
113.0 114.0 105.0 
119.0 109.0 120.0 
127.0 135.0 133.0 
116.0 121.0 105.0 
110.0 134.0 115.0 
126.0 123.0 130.0 
123.0 128.0 126.0 
114.0 115.0 116.0 
115.0 122.0 122.0 

Icoords
71.7113 33.2922
32.102 99.8832
90.6172 91.891
54.4441 58.9971
52.4227 15.6997
24.8709 61.4444
67.7972 17.2361
73.1484 87.7636
10.1217 91.631
40.066 25.0881
44.1706 87.0819
74.8383 3.209
21.5319 17.136
21.6913 55.5605
53.8903 59.5947
4.1771 28.0365
86.6843 89.4169
1.9171 84.0927
57.5641 69.4352
31.5443 67.0973
3.3812 66.7029
73.2194 67.3871
87.6687 8.4873
45.3783 46.7813
10.7509 95.9041
71.2206 6.2979
85.6144 89.2586
59.4489 16.4538
43.6506 53.3671
61.0001 22.0075
57.4005 5.9067
56.0469 13.1297
61.4441 15.2721
28.1343 60.5622
42.0661 92.2032
25.076 43.0064
64.4547 36.6715
47.6779 50.0302
61.7642 86.9026
68.3778 10.6186
51.6933 94.2433
24.5997 89.6229
82.3233 52.8993
50.5476 25.8366
31.6347 65.6412
8.7684 56.7672
55.6541 87.0296
57.5176 94.3812
86.9347 53.9915
60.2506 64.8736
83.9785 29.4272
81.9836 76.5
5.8463 37.9721
82.5552 72.1304
93.2797 65.0109
70.7345 97.1469
15.7394 15.9433
41.2925 45.6314
61.5836 64.0292
77.8879 95.3309
98.0668 82.7009
63.5083 84.6554
8.8319 69.4071
30.4002 11.528
3.0708 73.3372
87.0944 49.2839
68.6025 76.7374
61.0403 28.0201
23.9651 16.5917
65.8073 83.95
73.4761 62.8904
30.129 79.7456
34.4726 67.146
78.8731 25.1037
33.2914 85.7239
71.6983 96.7559
59.1616 98.5166
69.7951 72.6234
0.8144 76.5239
76.0668 85.3986
89.0764 31.7399
46.1687 86.1375
92.0213 4.6108
44.2333 86.758
25.8955 84.1418
77.0091 65.4653
22.5539 90.82
73.9223 16.2863
59.8158 87.0631
7.8842 70.9046
94.8499 68.4397
74.1829 54.2962
45.0907 40.694
78.4332 14.8719
33.1152 36.7302
46.133 58.6759
52.5909 23.569
81.4005 43.8552
22.5751 35.3545
42.6906 26.5188

Jcoords
66.5432 9.182
20.1285 64.5184
20.4136 10.2055
89.9937 80.8148
80.4791 36.071
86.6186 63.7271
85.8753 51.3073
72.7186 71.0721
96.2169 82.3091
24.3539 74.614

C
9.301 21.9244 21.0444 15.7031 3.1575 10.7973 7.8076 12.5058 21.093 19.8483 
32.2883 11.6304 31.8607 24.1854 24.3034 24.4004 26.3773 17.4988 22.4569 8.8542 
27.3844 26.6776 33.0772 3.6443 19.624 9.0573 13.5491 10.3534 4.2584 21.8378 
20.3106 13.1207 19.018 13.7312 11.1564 12.078 12.0437 7.7473 19.001 11.5231 
4.9782 18.6605 11.3086 25.4624 11.3759 19.6505 15.6195 18.7068 25.2941 25.066 
23.7625 2.1928 20.5267 25.1795 18.7221 21.2248 21.1372 18.9614 29.6966 5.2429 
3.042 22.1096 15.8173 25.2734 8.6943 19.3553 12.2962 16.829 27.3453 21.6123 
31.4015 17.5412 35.1237 7.1012 20.3305 10.8065 13.5921 5.0592 8.5242 18.8193 
37.255 10.5428 31.4341 24.2125 27.9707 25.4135 31.5808 22.8824 31.1408 7.0945 
12.1141 15.6236 8.1794 26.7711 16.4123 18.5974 18.1728 19.2768 26.1593 17.1723 
27.4026 10.5905 28.4117 18.2455 20.6874 17.9745 19.7093 12.2053 17.0226 7.5787 
3.5592 25.3661 20.3797 27.5249 12.8502 22.8366 19.2854 26.527 29.932 31.6828 
17.8127 17.0462 2.5258 34.0055 20.9949 29.4561 25.754 23.3411 36.7251 19.2093 
25.5623 3.6082 15.6854 28.7136 20.4569 22.7008 21.3494 20.3358 28.4496 6.7624 
20.2604 10.2698 23.2935 15.1975 13.6431 12.7664 10.2692 8.7762 18.0136 12.8236 
24.6803 12.0087 8.0088 37.5586 25.012 31.9725 28.0583 25.7526 35.1963 16.4614 
26.8027 24.8428 33.2554 3.4378 20.0483 8.1514 12.842 7.5623 3.679 21.0643 
37.0215 9.7345 26.0263 32.417 28.3964 34.6197 34.8903 26.3191 35.8592 9.1387 
21.5896 14.2231 23.8136 11.8605 15.5993 11.616 12.3847 5.245 15.0821 10.7019 
24.2052 3.8774 20.6896 21.1872 21.2125 17.4029 22.4279 16.3519 25.4921 3.8675 
28.4991 5.1174 23.0666 34.4876 27.4018 30.4844 28.9938 23.0379 32.2141 7.6929 
23.2355 16.4077 27.7635 8.2573 10.0105 5.2518 7.782 1.3581 8.4546 19.166 
6.9879 27.8977 23.7421 24.387 10.7978 20.9673 14.2501 20.507 26.8278 36.2998 
14.9806 12.0589 16.1413 22.1932 13.3179 16.5994 14.6371 12.3797 20.3062 10.7503 
34.287 12.7522 32.4613 31.8794 31.6436 29.008 34.6051 21.2758 31.4488 10.0453 
1.9079 30.2249 16.2502 25.7585 10.7475 19.6864 18.3612 24.9642 24.4848 30.239 
32.268 22.6671 31.5614 3.2749 21.1869 8.1968 12.1143 8.6904 4.0453 21.8689 
3.4063 20.3499 15.1408 24.1508 8.6278 20.5668 14.9282 18.9418 24.2338 25.7924 
16.5314 8.1401 16.2597 19.2555 14.6151 15.1957 16.2758 12.6102 18.4042 10.6254 
5.1836 22.2205 16.6577 21.5844 8.32 15.1523 13.7559 19.971 21.6828 24.3306 
3.3933 27.5127 11.5655 30.3648 14.4971 25.7644 20.1557 24.4538 30.1483 23.3909 
4.0012 19.3421 12.1239 26.101 10.5605 23.0612 17.0927 18.4135 28.8227 23.2625 
2.4694 24.215 13.2295 26.8591 10.0485 21.6233 13.4745 22.4921 28.9615 26.2214 
22.0033 3.3461 19.8992 24.6757 18.6665 19.984 19.21 16.5132 26.7732 4.8602 
26.7886 13.4933 26.6892 16.4191 21.065 20.3835 18.261 14.7656 21.1767 9.2235 
20.0941 7.8825 12.805 29.3889 20.4805 24.6372 19.9738 18.1145 25.4474 9.608 
9.6987 18.4316 17.3824 15.8045 5.2356 12.5455 8.473 13.6989 17.0699 20.5532 
17.8852 11.8282 14.783 17.0645 13.4999 13.3373 14.29 12.0528 20.3964 12.9925 
26.7163 14.38 27.0115 8.7906 18.964 12.5295 13.8522 7.3828 11.828 14.8766 
0.8964 26.5346 17.9249 25.5749 8.8606 19.199 15.8254 21.1465 23.4948 28.2118 
33.7447 13.0941 35.0163 14.0956 23.541 14.3914 20.0974 12.2964 17.3088 11.0662 
31.9786 9.5776 31.3418 22.6525 26.2454 23.9866 25.641 17.2866 28.6663 4.766 
14.2874 24.6946 22.7566 11.1226 6.3721 3.6891 1.2534 6.5775 10.8378 20.428 
7.2485 17.5335 10.1875 25.1918 9.8758 20.1411 14.8121 15.5412 27.8892 18.9406 
21.1419 4.3053 19.7225 21.7741 19.5617 17.7541 20.1521 14.3677 21.5036 4.0374 
28.6744 5.039 16.5874 33.0794 28.0413 30.8969 29.9228 22.1887 35.3841 7.4992 
27.5669 13.063 31.9997 10.8496 18.717 14.9045 16.7325 7.0697 15.6241 11.5699 
33.088 17.7001 34.9012 13.2794 23.5883 15.1444 19.1688 10.0069 15.7208 14.6826 
19.0081 25.9295 30.167 10.4857 6.781 3.2807 0.9497 8.4268 9.2708 24.6631 
19.7898 15.0745 26.577 12.7559 11.3684 8.7994 9.6841 4.7369 15.3643 11.3183 
10.0273 24.9974 22.738 20.1366 2.7431 13.1138 8.2183 13.7186 21.2722 26.2593 
23.2821 22.3415 32.6979 2.9388 13.6461 4.2204 7.8871 3.6756 6.0232 20.5618 
25.978 9.384 9.4256 34.3428 24.4128 30.3254 25.3458 27.7123 34.0536 12.7421 
19.7457 24.1431 27.8889 3.9781 12.2191 3.057 7.1208 3.0966 6.2746 20.0803 
18.6631 28.6467 33.1152 6.4277 10.3288 2.6043 5.1479 8.1714 5.7638 21.1767 
30.4087 22.7243 36.073 9.9214 18.938 14.1239 15.815 8.98 9.1883 17.9289 
17.2821 17.3339 2.9484 38.109 21.6135 34.1244 24.9544 26.7977 33.7659 18.6972 
16.2334 9.6672 12.9243 20.121 15.5616 18.4726 14.6648 12.4695 26.3123 12.8504 
16.8187 12.9432 20.9052 13.1762 10.6161 7.8115 10.6093 4.8011 12.9507 12.9082 
27.0584 20.6867 34.3467 7.1656 23.7147 12.397 17.5971 7.8379 8.2403 22.0082 
27.7733 29.9716 35.1102 2.5327 18.4644 6.8873 10.1841 10.7705 0.6387 26.0581 
23.3477 18.9103 31.6908 10.4132 17.6673 10.5445 12.235 6.3348 12.7366 14.3173 
30.821 3.7592 22.2414 26.6369 27.8477 27.6488 25.2143 19.7094 34.7234 5.2423 
14.3573 19.1078 3.2095 34.2802 21.1702 25.1703 22.9843 22.7771 33.6352 21.1546 
27.7511 6.1986 22.679 30.1864 28.9608 33.589 31.9262 22.536 30.5436 8.4923 
17.2089 27.148 25.2732 10.7404 5.8914 4.3974 0.9218 8.776 10.9947 25.4946 
24.1285 17.0267 27.7914 8.2031 12.7773 8.3335 10.5474 2.7114 11.043 13.467 
6.1957 19.5455 14.3108 19.3705 6.7602 13.6074 12.5456 14.4217 24.5107 21.8592 
12.974 19.1791 2.4121 34.8455 19.5291 25.5911 27.9516 27.8694 38.6962 22.1534 
24.0017 16.3167 28.516 9.697 19.2895 9.5558 15.0896 5.7394 9.1635 14.4897 
18.3095 17.4634 29.0277 9.2111 10.8047 4.916 5.3924 3.0287 11.4113 18.7766 
29.6976 7.1686 22.6094 22.5366 20.3558 17.9791 24.1125 16.1859 26.3889 2.9226 
20.6882 4.63 21.5599 22.2083 20.5306 19.7326 21.3913 11.5802 20.6059 4.5827 
7.8799 27.6672 20.4874 20.3949 4.007 12.3574 10.6431 17.5821 21.2507 26.2619 
31.8705 9.5692 27.3263 20.0111 23.1663 22.6417 24.4846 15.0076 19.2835 4.664 
30.1162 19.6682 38.843 8.083 20.9091 11.0032 18.6387 8.4515 10.5182 19.0824 
27.6088 17.6979 29.8379 14.1214 21.557 14.1512 16.7449 11.886 12.1618 13.9214 
25.1748 18.3882 25.9144 7.8816 12.5556 6.558 10.0984 1.2825 8.4648 16.8339 
29.6045 7.6252 24.5911 33.0077 31.9416 27.5528 28.3727 26.3132 35.8894 9.1728 
27.8357 17.9662 31.9748 5.3574 16.8581 7.7349 10.88 5.0199 6.5845 19.5349 
11.2838 26.4223 25.6971 14.9656 3.4194 11.7418 7.017 16.937 16.7206 25.7049 
29.3989 10.211 24.7839 13.8754 22.627 15.5331 18.0374 11.832 18.0198 8.07 
7.9674 28.6827 23.4081 25.1105 11.5411 23.2405 16.3434 27.6623 26.3003 32.918 
26.5731 12.089 31.9328 18.0933 22.0713 17.2934 21.5909 10.3442 17.1442 8.773 
26.1442 6.8969 22.264 22.8818 22.3001 20.8909 22.059 19.3626 25.261 3.4302 
21.7314 18.9951 25.383 7.1091 10.3594 3.495 5.8 2.3468 8.5378 17.3105 
28.8592 7.9768 25.967 23.9713 30.5427 21.9386 29.7209 16.6695 23.9143 5.7233 
3.4561 28.5027 20.5719 26.0214 7.2241 17.8467 14.4059 19.0975 26.9613 23.2085 
29.7597 16.8014 27.1285 10.4381 20.9955 11.2798 14.7644 6.2197 13.9352 14.0938 
32.4167 5.4078 22.0025 31.7506 31.3543 28.0429 26.1029 19.5282 33.3819 5.6083 
24.6531 23.001 33.3523 5.1075 12.7 3.0892 7.0342 8.3867 4.4235 27.8747 
15.7174 21.5209 25.2969 11.8866 5.8675 6.1243 4.7875 5.8265 11.2302 16.2835 
13.0908 12.9987 12.5359 23.9418 13.7296 18.2686 13.098 14.8564 20.0996 15.1433 
5.0669 23.2721 21.1641 20.6403 8.2273 15.1729 11.3013 19.1501 23.9496 28.043 
15.1478 9.7602 11.1078 28.0078 14.6606 21.1249 17.7895 17.2198 23.9128 15.1724 
17.6672 10.3866 17.8771 17.9035 15.09 15.9893 14.9472 10.434 21.875 8.6443 
6.794 17.5579 10.6164 21.2941 11.2133 19.9386 16.7374 17.2264 22.4481 17.8329 
12.222 21.6748 23.8426 13.3112 3.0899 6.5643 2.805 8.659 12.8739 24.4401 
19.5975 11.689 8.8826 24.4754 17.8705 25.7282 24.8127 18.5861 31.8782 15.7121 
9.6719 15.4499 8.601 23.951 14.5618 19.7402 18.085 19.8632 24.7718 19.3999 
8.0681 24.0891 21.4438 16.64 2.9837 11.6411 8.1399 12.3962 17.1583 22.9531 
30.0762 13.6765 33.1539 19.1204 27.2502 25.2246 24.8845 16.6921 24.4247 8.3758 
31.4158 29.3167 42.7278 4.1269 18.739 10.8324 15.9149 9.8949 3.81 24.6523 
15.5789 13.6699 18.2446 13.1597 13.6819 12.1723 12.0275 8.2072 14.7291 12.7334 
5.112 19.5444 11.1949 25.5 11.1401 23.1644 16.5526 19.5619 24.7201 20.648 
24.4978 2.0718 18.814 22.8287 23.7526 19.5503 23.2955 17.8584 23.1626 4.3137 
2.9515 21.1293 15.2521 25.3879 8.4014 18.5077 13.0985 21.3971 24.6754 28.6509 
29.4932 22.0452 35.1143 6.8406 16.728 10.0708 14.9976 5.485 8.0762 17.2831 
32.5094 10.1845 28.8242 29.3871 28.8851 32.0254 26.1399 25.933 33.427 8.6385 
11.6539 13.4188 8.2066 26.7786 15.4408 21.7917 18.5898 22.1531 31.0176 16.1643 
24.9631 10.3498 31.4773 15.5399 19.886 15.3098 21.5994 10.8143 16.4843 7.9579 
3.8127 30.3045 18.9749 25.4216 12.5335 20.9685 14.8489 21.5706 26.7446 29.7939 
18.0047 14.8656 2.2415 33.4258 21.6822 27.1829 26.9852 26.7244 34.6039 19.1862 
20.4266 3.5254 17.3597 22.8005 21.2434 21.6995 24.154 18.6292 27.0876 6.9971 
19.6626 12.7605 20.8054 16.6506 12.2159 12.8324 12.4367 6.6329 18.4459 13.2179 
21.5464 12.8529 7.3746 39.8456 27.4825 31.3526 31.0569 24.6924 37.0448 17.5934 
30.6245 23.0378 31.3447 3.2636 17.3899 8.2259 14.969 8.812 4.5601 22.4032 
31.6592 9.7292 29.4767 28.9708 34.2064 27.6592 32.9254 26.7798 33.6239 7.592 
20.5966 12.5731 22.1845 11.8398 15.1743 10.3427 11.9242 5.1916 15.188 11.9489 
21.7624 4.04 19.7795 22.9343 17.8055 17.7505 18.4787 12.6662 22.8611 3.5336 
31.0021 6.0092 18.34 35.0492 31.948 29.3266 31.31 22.8503 37.2694 8.4662 
18.2263 18.0028 29.2268 7.6536 10.5473 5.0574 6.2637 1.299 10.8205 19.2648 
7.5881 34.497 26.6417 22.8456 9.2386 17.6081 14.9101 22.8685 29.3693 27.9229 
14.9893 10.1581 14.9634 22.4345 14.3124 15.7121 12.9175 12.9978 20.3744 13.5966 
37.0197 12.6212 32.1422 28.0155 34.3449 28.2334 32.4734 24.8473 32.1065 9.3353 
2.0035 27.6454 18.4566 23.9834 12.0072 20.9469 17.637 23.623 25.7411 30.2722 
31.1732 24.4452 36.4596 3.3035 16.9389 9.1422 15.1202 8.8242 3.8665 21.4658 
3.2509 20.7908 12.7412 21.7571 8.7083 19.3945 13.756 18.9249 25.418 22.7832 
14.9738 8.3743 16.8773 18.1136 15.7421 15.841 13.3124 10.888 19.1303 8.6938 
4.4152 23.0992 13.8046 22.9351 8.8077 18.2122 11.7957 19.2295 23.6591 20.6698 
3.3661 26.2346 12.932 26.6887 14.7402 21.845 18.43 23.4563 32.865 28.6516 
4.0214 22.7528 10.9154 29.0238 10.7415 19.3074 17.4124 20.56 25.7428 22.1835 
2.4798 22.0102 16.0366 21.9691 10.0062 17.4516 15.7645 22.68 23.0257 26.0394 
22.1188 2.8522 17.9887 20.2301 22.9661 21.952 22.1339 14.6809 26.8304 5.4684 
29.7054 10.6781 29.6999 16.6407 21.5139 19.3789 18.1171 11.2622 17.4665 9.7152 
19.7997 7.3196 10.2075 24.2053 19.4866 21.4942 20.4892 21.764 31.2098 11.4007 
10.4182 16.6936 16.7298 18.895 5.6445 13.0072 10.2891 12.8604 19.8278 18.6983 
16.2339 9.696 15.6807 20.5025 11.4537 14.7821 12.9409 10.1623 22.0927 11.4676 
27.9077 16.6443 28.8762 8.8541 17.6044 13.0087 13.3019 7.2904 13.0445 12.0572 
0.7244 26.5201 16.9944 26.9337 10.4389 19.1203 14.3062 23.583 26.002 25.3456 
28.3566 14.074 27.3763 12.2936 24.5275 15.1613 18.0503 9.5555 14.0821 11.7663 
29.7196 8.7489 27.1905 21.0886 25.9667 23.664 26.5154 19.4783 28.3279 5.2343 
15.4633 20.911 27.4869 8.7458 5.8287 4.437 1.4317 7.7615 12.2104 23.9069 
7.5903 19.1377 10.2927 24.0888 12.2704 18.4513 14.0587 19.3144 23.2991 20.6791 
24.0493 4.3931 19.0211 18.1863 17.6147 21.2641 17.7116 14.2517 20.7499 4.4441 
24.3407 4.669 18.752 32.5457 26.6232 29.2712 29.4126 24.9147 33.061 7.5134 
28.243 13.5972 30.7911 11.4184 20.6443 15.3889 16.7793 9.0205 13.178 10.3173 
28.7957 15.7956 30.5224 11.2591 22.4165 14.4259 16.2653 8.9939 13.6777 12.6171 
16.0001 21.9934 28.8052 10.3048 6.0115 3.3235 1.1286 7.7046 11.0231 23.7933 
19.7618 12.4584 21.5173 11.3251 12.9628 9.285 9.7247 4.4208 13.174 13.1855 
8.8571 23.6933 26.4767 20.5557 2.3136 11.9889 8.2995 16.5012 19.3724 28.6009 
22.1564 22.4738 29.7484 3.4583 13.0312 5.0248 9.4726 3.9086 5.2269 17.9036 
22.525 11.901 12.141 36.3257 28.4742 26.1204 29.8811 24.9888 33.7013 13.0952 
24.851 20.0239 30.1961 3.6957 11.9807 3.5526 6.3933 2.9809 6.1741 20.0337 
19.6659 25.6694 33.0058 5.9095 10.1326 2.3139 6.0295 7.0224 5.9831 26.5144 
31.9587 20.8938 32.8183 9.1311 24.3064 12.9657 16.7902 9.7932 9.3888 17.4855 
15.9239 16.4804 2.5229 36.5413 23.0711 33.6542 24.059 26.5123 37.1978 17.8196 
15.5417 9.4062 13.3725 18.2345 15.1018 17.0573 15.9052 15.6152 24.0338 11.7795 
21.7751 14.2201 25.3641 10.576 13.265 9.8269 9.5536 4.286 11.9638 14.0538 
27.7014 23.6849 40.7456 6.2772 22.3979 11.3707 17.2526 9.5195 7.7164 19.184 
26.6454 24.1294 35.9601 2.7384 17.0989 8.0928 11.9051 10.9518 0.7255 26.2287 
23.6876 17.729 29.7811 10.4132 17.0446 12.412 12.6326 5.9688 11.7135 14.7013 
29.1777 4.3549 19.9129 27.1204 26.4964 29.5363 25.3805 22.1698 26.8177 6.4752 
12.6006 20.2845 3.14 30.6795 21.4546 28.7069 21.7555 24.4572 35.3653 23.303 
29.0507 6.9263 22.2207 31.8004 31.8732 28.6272 34.034 27.5045 35.5593 7.2941 
15.2262 24.9503 26.6412 12.5801 4.7624 5.1055 0.9199 9.3189 11.0221 21.6176 
22.6416 15.517 26.3538 7.6936 13.684 8.6935 10.1109 2.285 10.7528 15.6865 
7.3163 21.7276 17.2653 23.9225 7.9048 17.1037 10.9353 15.7599 22.7447 21.6338 
13.5316 15.9962 2.2141 28.0201 18.6922 25.1834 26.3049 25.2374 33.9983 22.6118 
28.316 16.004 27.7366 7.6166 17.6069 10.4322 13.396 5.2191 10.3573 14.052 
20.7031 17.757 25.9395 8.5944 8.9808 4.1654 6.7787 3.253 11.5398 15.6606 
25.1239 5.8223 23.0307 23.3749 21.6622 20.9795 20.464 13.3869 23.545 2.4343 
22.4503 4.4259 21.3136 17.8684 18.7762 19.3407 16.459 15.0558 21.5532 4.4922 
6.9113 27.7521 22.9126 17.9123 3.7498 12.7316 8.9831 14.6696 18.0765 26.6375 
30.3016 7.867 27.0811 18.1272 23.5636 17.9691 21.6126 15.2305 19.5923 5.6093 
32.7567 21.7603 35.5433 9.4929 19.6889 12.8625 18.1436 9.9141 11.3634 18.6277 
27.3578 19.5459 33.4832 11.6043 22.7843 16.4735 16.5768 9.6851 12.2507 15.8891 
21.7 19.7973 24.9673 8.4635 11.7368 7.2736 10.6671 1.0151 9.4301 17.4798 
34.8742 8.3188 25.2481 27.2401 33.523 26.9108 26.9886 27.1424 33.8154 7.189 
26.5683 20.7725 31.2264 5.7767 17.6307 9.4053 13.0226 5.4216 6.8455 18.4942 
12.3774 29.5905 26.8125 18.1167 3.6244 12.3193 6.4519 14.3769 19.5448 26.4192 
29.566 11.4937 24.9844 13.7121 23.8227 16.777 17.0814 11.4016 19.3851 9.7699 
9.9579 28.795 23.444 26.2616 11.0887 18.818 14.6667 23.5721 25.9657 30.1529 
31.4809 12.0923 31.5159 14.1803 24.6636 18.0411 18.2604 9.8629 20.3112 8.7194 
30.6892 7.3611 26.3713 24.3965 23.1802 25.4202 25.7857 17.7194 22.0744 3.7478 
17.3347 18.3693 24.1332 6.317 9.6165 3.0234 5.7415 2.7167 7.9426 16.5677 
31.6042 9.9155 31.8298 26.119 30.3036 24.6374 23.8767 16.2436 25.0637 6.2712 
3.9979 22.4771 20.9327 25.9283 6.6009 19.1088 11.4159 19.344 27.679 30.2583 
25.9606 14.396 29.0546 10.3025 18.4481 12.051 16.4324 7.1073 13.5057 14.3306 
31.1394 5.3126 21.2959 29.9559 31.3543 25.4576 27.9846 21.9919 34.2013 5.1896 
23.5235 23.607 35.5449 5.0636 11.9987 3.5436 6.5159 7.9811 4.567 26.8698 
17.36 18.1046 21.1178 11.8989 6.9338 5.8168 4.1467 6.1718 11.2623 18.4037 
12.7706 12.9814 14.1441 23.5143 12.6446 18.3778 12.7609 12.5405 21.0819 14.1255 
4.9377 30.1182 22.3864 22.95 7.6352 17.4863 11.7104 20.8448 25.205 25.1984 
17.2184 10.527 9.105 21.9414 15.859 18.7517 21.0737 18.546 26.1391 11.9917 
19.6374 8.1984 17.3997 16.9159 13.6756 15.1285 12.2876 9.3369 17.5332 9.0923 
7.746 19.9146 13.0727 22.5044 9.3429 20.2807 16.5381 17.6391 27.7894 22.4822 
13.78 20.6661 21.6346 12.4271 2.4009 7.5176 3.211 8.8161 12.6225 22.8069 
20.1552 9.8042 9.2385 28.785 20.2158 26.933 22.7825 23.3512 28.376 14.9457 
9.9343 15.4675 10.8872 24.9736 14.9555 18.1341 15.6053 16.1506 24.8413 18.5197 
9.2368 20.9415 16.9435 20.2246 2.9727 11.6276 8.1743 13.4506 18.0954 20.5459 
36.9938 14.2664 35.0079 21.0464 27.7467 20.9791 27.6092 16.219 23.1084 8.0111 
34.3618 27.8119 41.7908 4.1446 19.3687 11.3643 16.1887 10.293 3.8511 25.9671 
19.1366 12.6307 18.8752 16.5633 13.609 12.5073 11.4936 7.5085 18.7044 12.0519 
5.7683 19.5678 10.62 27.1012 12.2739 20.1163 18.0086 22.7761 28.7139 22.4622 
25.2732 1.7214 19.9712 23.0597 20.1646 19.3032 21.2547 15.2521 23.7424 4.174 
2.8455 25.8493 18.2939 26.7819 7.0231 18.1014 11.8064 18.2616 25.8257 28.0895 
24.9193 17.5122 32.0662 5.658 17.7879 9.3241 12.6036 5.6887 7.2489 18.3696 
30.831 11.0255 27.8639 27.4446 28.2755 29.5418 25.8396 21.6503 31.0195 7.323 
9.9952 17.4793 8.0636 26.0902 12.5637 18.6821 20.3739 21.3917 31.3623 17.3334 
28.4482 11.4346 31.3405 13.9489 21.1758 18.8998 18.2367 12.2217 18.8362 8.466 
3.5562 25.514 16.5221 27.3193 12.3934 24.2793 15.4609 23.9741 27.2526 26.7944 
16.7842 17.4302 2.4283 32.0888 21.8184 27.423 27.9542 23.6534 32.8494 19.6293 
20.7815 3.58 16.7744 29.0413 19.0448 23.7412 20.0822 18.8318 28.3862 6.9663 
18.436 12.8526 21.0321 14.4437 11.868 11.8955 11.7296 7.2812 15.7319 11.3888 
25.9833 15.6679 8.8143 37.3471 30.022 33.4368 32.1867 27.088 40.5281 15.2381 
30.7734 25.3757 31.8818 3.2212 16.1922 9.7236 14.9423 7.8598 4.3021 25.2156 
33.5786 9.4244 30.0099 33.0604 31.5914 27.4501 30.2124 22.1078 36.576 7.6919 
19.6402 13.6492 24.1981 13.0118 12.6405 9.5048 12.5898 5.8211 15.3102 11.5153 
22.6962 4.4298 22.5505 18.0413 20.1232 20.3384 19.6159 15.7438 24.2563 3.4514 
29.1569 5.9534 20.4761 33.0308 27.0367 29.5765 29.0693 24.8373 30.755 8.0291 
22.1985 19.97 27.6857 6.8886 10.8688 4.3157 7.9335 1.1547 10.4092 18.598 
7.1358 27.5818 21.8583 26.1093 10.3161 19.5805 13.8815 24.2004 24.5909 32.9124 
15.3258 10.7691 13.9139 18.4504 14.6317 16.2561 12.5752 14.3949 19.2208 11.9328 
32.5649 12.8374 32.7546 27.467 33.7569 25.6457 28.2362 21.436 33.5085 7.6982 
1.9139 27.9398 17.6413 27.9025 10.099 18.9194 15.1519 25.8129 28.0695 31.5894 
26.9257 22.7161 31.8176 2.903 18.9106 9.8142 12.8658 6.9648 4.5536 19.1479 
3.1463 23.076 15.5717 22.3698 9.1599 19.6944 16.2404 22.0781 28.4425 21.9341 
14.9589 9.4364 15.441 21.5392 14.5744 15.5891 16.7916 13.1037 19.2623 8.8947 
4.8651 19.2778 16.011 22.2794 9.2161 16.3665 15.0243 19.2547 22.842 24.2216 
3.1291 24.5607 11.2564 32.4479 14.3224 20.6789 20.4183 22.8806 27.8431 24.4278 
4.2445 23.6932 13.3681 29.887 10.6041 18.3201 16.9086 20.8494 30.6626 26.9148 
2.5997 24.0222 16.5368 27.0306 10.1162 20.4985 15.4511 22.7084 22.8294 21.0919 
25.121 3.2514 20.0214 21.0632 20.5331 21.993 20.2626 17.498 25.4438 5.3244 
26.7539 13.9419 27.5881 18.0151 26.1051 20.6743 21.9827 14.4603 19.1069 7.5435 
19.0613 8.5028 12.2351 25.9707 20.9886 23.0397 24.2324 19.8453 24.8053 12.6274 
10.5175 16.0812 19.2527 18.0586 5.234 13.4723 8.32 12.6764 16.8976 18.4057 
13.8672 9.4968 16.9983 20.3926 11.5535 14.2537 11.4962 11.886 21.7721 11.1389 
25.6028 15.5854 32.5707 10.0757 18.5848 13.0767 16.2211 7.5253 11.178 15.1759 
0.7745 26.1946 16.2365 26.7575 9.5652 18.4353 16.1 19.4434 27.7246 24.631 
27.2341 13.7314 30.452 12.6548 19.5623 17.1139 16.81 11.7457 14.4924 11.497 
34.2556 10.08 30.8647 26.1563 26.0828 23.6035 28.2499 20.0766 24.1094 5.9999 
15.1705 22.5118 27.9983 9.0266 5.1938 3.8359 1.4461 8.1541 10.3271 20.8675 
7.1469 19.5215 10.992 21.9303 9.6322 20.7584 15.8356 18.9215 27.7366 19.4721 
26.2996 3.7041 20.5935 23.4504 20.5438 19.5366 21.7734 15.9881 25.9323 3.9449 
28.4125 5.1077 18.9728 29.0641 25.3394 29.1227 26.3284 23.0995 35.9854 9.3592 
24.124 13.1513 30.5713 12.2664 18.6547 15.0789 14.5427 7.6141 13.0146 11.2366 
27.6305 17.1259 33.2454 11.9279 19.6089 15.9306 19.3132 9.7703 13.7061 13.4278 
18.8063 21.3442 24.0986 9.6515 7.0667 3.7521 1.0637 8.5068 9.6314 23.7274 
21.7683 13.8948 21.2805 11.0888 12.5545 9.4302 8.994 4.6241 15.1085 14.6026 
8.5097 27.8899 22.2665 17.1513 2.7874 12.2951 7.8229 15.949 19.3181 29.6932 
26.9288 24.5782 35.4302 3.5765 13.8403 4.8577 10.0564 3.3169 5.2776 21.4786 
24.9031 9.8241 9.6074 33.7101 25.4879 27.8414 27.8365 26.123 32.0504 14.4786 
21.5189 23.9733 33.1175 3.539 10.9513 3.4117 8.348 3.6784 6.1588 18.7754 
21.6715 27.9225 33.5802 6.1194 10.5629 2.0405 5.2133 7.5347 5.4322 21.3089 
28.8148 23.6335 32.738 8.3811 23.6261 13.8167 17.6833 10.06 8.9671 18.0166 
18.9221 17.6314 2.3808 35.7426 21.4711 27.8158 30.115 29.3665 35.8104 23.2277 
13.3867 8.663 15.1366 18.5769 15.7351 16.8865 17.2265 14.5842 23.1025 10.8362 
18.5754 13.9506 25.3505 11.4339 10.2651 7.8716 10.5956 4.9974 13.8632 13.6784 
33.7926 25.9107 32.7444 7.4661 21.8285 12.7511 13.9283 9.899 7.5433 22.1632 
30.4931 31.5803 38.6159 2.6679 18.5491 7.0735 11.5178 9.2868 0.689 26.9999 
28.8995 16.2512 33.9876 10.2821 20.5749 11.4611 12.9177 6.1001 12.6547 16.1322 
26.6503 4.3857 18.7426 32.4642 29.8944 23.9285 31.4189 25.263 34.4761 5.0901 
14.1544 18.676 3.4865 35.185 21.3375 23.8738 23.271 28.2632 32.5141 24.6846 
31.2076 6.9916 22.9998 31.4602 33.454 28.7197 29.8355 27.8599 30.3658 6.8058 
14.0816 24.3116 27.2518 12.2254 4.8688 4.5824 0.8218 7.8571 10.5698 25.7179 
21.1276 17.6566 30.2149 7.3887 15.2176 7.6535 10.323 2.4993 10.3669 16.8382 
6.4214 16.6507 16.7906 21.4719 7.1768 15.7157 13.2606 16.6432 23.7603 21.7169 
17.1273 18.6839 2.4713 36.2363 23.4325 26.8064 21.6274 23.8849 34.3206 20.3837 
26.5364 16.7436 29.6158 7.5118 17.9174 11.2157 12.9017 5.1402 10.7685 16.2573 
20.3186 20.2175 24.7057 8.38 8.3405 4.7172 5.9982 2.9933 10.1224 18.62 
30.9681 5.7768 24.9335 20.483 20.949 20.4569 25.0324 13.6302 24.5966 2.5888 
22.1787 5.5575 19.1787 18.9605 21.0302 19.5811 17.2766 12.0032 24.6813 4.1438 
6.2749 22.0291 18.7017 18.094 3.701 13.4643 8.5926 17.545 19.5829 26.5786 
26.6965 8.3512 25.7941 22.6235 22.0155 19.5036 20.7139 15.5249 22.6361 4.4815 
34.8007 18.5492 33.7223 8.4713 22.0741 11.6665 17.7294 10.0143 9.2205 16.2443 
32.3059 17.5944 34.1679 11.2132 19.9998 14.8115 19.5547 9.3453 15.1223 16.628 
22.9261 16.3048 26.3283 8.4461 12.9935 6.7122 10.2425 1.0806 9.6186 17.5935 
29.8115 8.8191 22.5442 30.9185 30.0296 31.1617 27.8403 23.7244 32.592 7.6377 
27.0292 18.217 28.8129 5.4908 15.6943 7.7349 12.8772 5.7658 7.8138 17.9818 
10.7418 24.7733 25.3949 17.5326 3.3462 12.2583 5.9859 16.805 18.8502 25.3634 
24.9727 11.0267 26.8687 16.0651 19.9504 17.2718 16.1254 12.061 16.6194 7.6259 
8.4126 34.4661 24.112 25.2706 12.1644 18.907 15.0529 21.9042 25.0475 34.4953 
30.262 11.5905 29.1668 17.6227 19.9091 18.0942 18.0307 11.6904 15.9912 8.0974 
32.1814 7.2282 28.5732 22.5609 26.3732 19.7506 26.9003 18.541 25.6338 3.7005 
20.7811 19.8939 29.6701 6.6286 11.7269 3.413 5.3757 2.6793 8.4561 20.8699 
34.9333 9.8204 24.7493 26.5894 27.0437 23.6567 23.5931 16.5347 22.8762 5.6287 
3.9436 22.0941 19.3979 24.8244 7.3888 18.8142 14.6354 19.2509 22.2436 24.5863 
25.2258 15.2724 27.9404 12.0067 19.3559 13.5365 17.2598 6.3491 14.0123 13.8909 
33.2171 4.9576 19.5109 25.7131 24.9047 25.5367 31.1852 24.8252 34.7802 5.2656 
24.3313 27.4231 32.1331 4.6581 10.8548 2.9555 6.0614 7.3771 5.491 24.9096 
17.4012 19.1939 24.6154 9.7408 6.0854 5.6873 4.0707 6.6146 12.4206 16.4127 
11.7184 11.6667 13.5322 18.5043 12.7196 16.0651 16.5748 15.3738 26.0985 13.9267 
4.4988 29.7889 21.5482 21.2093 6.5788 18.6108 14.1834 18.8281 25.6653 26.5119 
14.6107 10.2847 8.9697 27.3674 15.1437 23.1265 19.3111 17.9694 29.3695 12.2406 
20.237 9.7149 21.74 19.1662 13.4084 15.818 14.8138 9.7886 17.8101 10.1691 
7.6758 18.4097 10.9543 24.6516 11.0055 19.4701 16.5684 19.3055 22.47 19.0112 
12.6257 21.2545 23.3481 11.653 2.7976 7.1704 3.337 9.1904 15.7915 25.1854 
16.8548 9.4794 9.7105 30.0616 18.8839 21.8756 25.9486 18.4692 32.1839 12.2144 
9.1736 15.8211 10.5696 28.2069 12.6831 22.6532 19.6784 20.3145 26.8051 18.0256 
EOF