I 100
J 10
bounds (0, 100)
cv 1.5
D 25
k 5
t 3
FLR 0.4
FCR 8
abounds (80, 120)

a 
98.0 114.0 119.0 
98.0 109.0 108.0 
107.0 112.0 87.0 
130.0 83.0 106.0 
102.0 100.0 97.0 
110.0 107.0 106.0 
108.0 94.0 111.0 
111.0 121.0 96.0 
116.0 97.0 113.0 
103.0 109.0 118.0 
104.0 102.0 117.0 
108.0 106.0 90.0 
112.0 125.0 119.0 
101.0 111.0 124.0 
98.0 88.0 107.0 
96.0 110.0 135.0 
113.0 96.0 94.0 
128.0 100.0 105.0 
116.0 86.0 102.0 
94.0 100.0 101.0 
106.0 96.0 94.0 
113.0 94.0 114.0 
96.0 90.0 109.0 
103.0 103.0 97.0 
100.0 110.0 99.0 
106.0 116.0 84.0 
118.0 95.0 100.0 
95.0 104.0 112.0 
98.0 105.0 111.0 
106.0 112.0 107.0 
101.0 119.0 110.0 
83.0 106.0 107.0 
95.0 113.0 105.0 
118.0 98.0 107.0 
96.0 100.0 103.0 
111.0 109.0 110.0 
86.0 87.0 82.0 
108.0 108.0 122.0 
110.0 105.0 109.0 
102.0 91.0 116.0 
113.0 111.0 123.0 
123.0 102.0 106.0 
96.0 108.0 113.0 
100.0 105.0 104.0 
111.0 94.0 93.0 
91.0 114.0 85.0 
99.0 115.0 96.0 
91.0 108.0 93.0 
105.0 111.0 100.0 
103.0 113.0 76.0 
91.0 109.0 104.0 
90.0 96.0 94.0 
95.0 113.0 91.0 
109.0 98.0 98.0 
104.0 99.0 108.0 
99.0 117.0 97.0 
101.0 109.0 107.0 
104.0 94.0 88.0 
94.0 98.0 97.0 
92.0 102.0 88.0 
110.0 108.0 90.0 
99.0 89.0 115.0 
121.0 99.0 102.0 
111.0 101.0 97.0 
96.0 106.0 114.0 
122.0 111.0 88.0 
98.0 94.0 97.0 
107.0 121.0 102.0 
109.0 104.0 103.0 
99.0 107.0 90.0 
91.0 119.0 110.0 
95.0 98.0 110.0 
99.0 104.0 106.0 
79.0 96.0 121.0 
105.0 119.0 99.0 
119.0 106.0 94.0 
100.0 105.0 104.0 
101.0 98.0 87.0 
95.0 98.0 97.0 
96.0 91.0 105.0 
108.0 114.0 107.0 
102.0 103.0 100.0 
91.0 88.0 105.0 
86.0 106.0 111.0 
87.0 117.0 110.0 
103.0 102.0 109.0 
89.0 90.0 103.0 
102.0 98.0 106.0 
110.0 91.0 108.0 
97.0 118.0 121.0 
109.0 105.0 113.0 
99.0 117.0 87.0 
102.0 105.0 102.0 
103.0 108.0 102.0 
96.0 121.0 99.0 
102.0 96.0 105.0 
82.0 119.0 99.0 
103.0 105.0 98.0 
119.0 125.0 113.0 
109.0 96.0 87.0 

Icoords
63.8207 11.343
51.6079 63.8333
30.2903 20.133
26.8714 93.7653
75.6101 35.0492
66.0529 31.2987
90.7668 5.7141
48.8759 89.2584
92.6948 22.3103
2.0422 36.1131
45.7649 26.1712
45.8157 13.3063
71.6538 48.3485
19.6009 66.3911
60.3258 5.6343
92.0455 47.1332
17.8448 6.6468
97.013 12.5507
46.688 59.5354
21.6178 13.0854
9.572 68.3554
84.1483 88.699
73.2998 79.6347
52.8436 99.907
56.4556 86.1873
2.1059 7.6753
87.6167 52.5531
64.0498 78.4511
55.2218 40.9194
59.1699 70.7951
43.3118 12.565
59.1083 61.856
92.6112 13.0286
25.8743 69.6243
42.8606 10.7921
23.3044 30.614
66.3649 53.6851
51.2206 37.6582
42.9629 3.6015
4.7235 83.1231
98.3814 56.1745
59.235 66.3271
30.3647 36.3683
52.4152 9.9992
95.9352 23.9985
52.8957 61.2486
99.9109 52.4873
42.2397 18.2224
52.1128 30.2146
77.4011 54.6432
1.8695 20.4605
98.1506 70.816
44.4468 37.6277
31.2968 90.9195
64.3487 18.3626
21.0689 50.4858
36.8397 2.1869
70.8325 76.8376
92.7025 92.8289
14.2596 97.6895
33.6259 48.9955
89.7222 81.3168
46.1164 31.245
27.9776 27.7397
69.0322 51.2001
99.5053 57.627
6.7128 85.1732
17.2119 48.0594
33.5893 24.2861
43.0155 7.3022
12.7406 94.6621
67.5846 95.5262
37.9732 33.0802
61.0785 5.9323
96.048 56.2562
0.928 16.279
10.3698 78.3321
3.0201 2.4655
33.3383 35.0819
63.1016 20.9598
84.0806 3.447
37.1067 67.5206
4.9745 33.2369
4.8252 72.9416
38.3509 94.3798
62.6128 50.4964
78.4837 25.1505
65.4105 8.1082
58.7511 65.3166
60.4446 56.1626
63.9017 57.1553
46.5142 9.5907
48.1395 90.1727
89.9616 1.2634
48.1668 35.7559
90.5721 93.7839
49.9494 25.4442
65.8713 36.4079
70.5544 32.7179
29.1658 60.4741

Jcoords
0.3504 65.3818
78.6041 99.7684
75.829 30.687
69.1126 1.5494
32.0269 17.5826
36.1607 68.1452
78.9738 82.8653
91.4127 61.6251
30.592 23.1278
52.0667 47.5101

C
26.4914 31.8267 8.9866 3.9151 12.0529 23.73 25.3911 20.4184 12.2129 13.3482 
17.6406 15.4344 14.8201 25.3289 19.3416 4.9268 11.9333 15.3125 13.8348 5.9554 
17.5956 28.1485 18.0859 16.6052 0.9346 18.1629 26.3074 22.9235 0.9614 12.6459 
12.3102 20.759 30.8294 37.7726 23.8997 9.2548 18.1728 28.8188 26.5399 17.4503 
29.9415 21.9827 1.5038 12.8784 17.504 16.6376 18.3636 12.0956 15.5962 9.9172 
22.8934 23.3752 3.7506 11.0174 13.0494 17.6123 20.0203 13.2354 13.9774 6.7915 
32.8673 33.1457 10.8949 7.751 22.113 29.0216 23.6249 18.3009 23.9425 19.7884 
19.4423 10.6891 24.8166 33.4309 29.0174 8.6755 9.4554 18.2253 26.8546 13.2519 
37.9866 28.4055 5.8604 11.2008 22.0162 25.4585 21.9488 15.6871 22.8186 15.3466 
9.8067 30.4478 25.7471 29.3209 11.1068 15.1441 29.7348 29.741 11.6612 17.1312 
20.6999 27.1673 10.7135 10.3932 5.016 14.795 24.1398 22.8363 4.8483 8.3571 
22.3152 34.0753 12.4268 9.7362 5.6678 19.1547 24.9899 22.6349 5.8318 11.2273 
25.6877 18.5031 6.0343 18.2832 17.5638 15.1915 14.0326 7.9914 15.1409 7.3127 
7.0534 25.7871 24.0382 29.6964 18.9072 5.3438 20.7153 25.8516 15.8285 14.8951 
27.6574 33.8692 9.2392 3.8139 10.4809 24.214 29.1186 20.9161 11.9225 14.8236 
31.7877 18.5246 8.8437 15.6808 25.8431 21.3025 12.1373 4.9987 23.7117 12.6459 
19.5499 39.039 20.099 19.4645 6.843 20.4182 31.4899 28.8106 6.7007 19.1455 
40.3509 33.2044 8.4776 10.6498 21.8094 26.7384 22.5542 18.8631 23.1771 22.2698 
18.0141 20.1055 14.5897 24.7814 15.9098 5.1189 13.1409 15.1648 13.204 4.064 
17.9246 35.9034 22.5196 18.5386 4.0129 18.622 27.7575 30.7497 5.064 15.0101 
3.0327 27.8497 26.7442 30.8644 18.8812 9.0138 27.5172 26.0393 19.5305 16.0124 
31.0176 4.91 22.8386 35.1449 31.6976 17.4048 2.5343 11.0248 25.4667 18.059 
23.6291 6.6106 18.7328 24.1239 24.2801 13.556 2.0156 8.0051 22.9704 14.8524 
24.1516 8.7999 28.489 33.9757 29.143 12.7685 11.2275 21.6336 28.2423 19.4204 
19.8544 9.8649 20.8567 30.3977 27.513 8.6625 9.0638 16.2691 25.3137 13.4721 
18.0301 42.2974 23.2156 24.4181 11.5264 21.4445 42.8498 40.6812 12.0912 21.099 
31.4977 15.1125 9.5762 21.2903 21.1538 19.1301 11.9714 3.4459 24.365 11.6802 
22.3625 8.6083 14.8077 24.0761 22.0572 11.1288 6.012 12.1197 24.2839 10.1797 
19.9997 23.2906 7.489 12.5705 11.0225 12.8254 16.023 16.2695 10.1937 2.8446 
19.7583 10.7454 16.6642 21.6024 19.408 9.1927 9.1563 10.8743 17.8293 7.3715 
23.5295 28.655 12.7499 9.7039 4.7054 20.8015 26.6755 24.9679 5.6496 13.2861 
19.0541 14.5586 10.9861 20.8823 16.7116 8.3207 9.1456 11.5782 14.5918 5.8586 
34.4123 32.7028 9.1744 8.4107 19.1136 27.9211 27.4946 14.7244 21.9109 19.1501 
8.2719 21.811 19.8182 28.5002 19.2585 4.1008 19.8654 20.3951 16.4882 11.062 
22.4243 31.2497 15.2176 8.7474 4.5991 21.5786 25.1195 27.6046 6.3555 13.639 
16.6521 31.0974 16.7291 20.6804 4.8282 15.0159 29.555 24.9428 3.8834 13.2297 
23.3577 16.55 8.6471 16.2785 19.2423 10.7594 10.0768 8.3611 17.2569 5.7081 
19.0719 21.0628 8.8419 13.4073 8.4796 12.4012 20.5077 18.3626 9.8432 3.8079 
25.082 32.0292 16.6906 8.8133 7.0983 24.9285 30.6192 25.7995 7.2675 16.2733 
6.7936 27.809 30.5599 31.541 24.8288 13.0377 23.5672 28.0985 24.6834 18.6436 
34.2157 14.677 11.2274 20.6926 23.5733 19.8956 11.7483 3.4743 23.2204 18.786 
22.5027 13.2593 14.5343 22.7442 20.6939 7.3442 10.0199 11.4273 18.5612 7.4342 
13.062 30.2411 16.751 17.1024 6.3913 12.6362 24.8147 26.2482 4.9421 9.5506 
28.4517 31.0177 11.854 6.8623 8.2748 22.4656 29.4477 23.6218 9.6141 11.7977 
36.9555 28.9687 8.2745 12.7702 20.1681 24.76 19.9529 13.8363 25.2835 15.1008 
17.6729 17.5472 14.6533 23.8357 16.5807 5.5351 12.421 13.3352 15.7453 5.2054 
33.6614 20.2359 11.7429 21.6373 29.7466 22.293 14.5437 4.0843 25.9491 18.7215 
19.3962 28.8753 13.1738 9.6931 3.5027 16.7974 28.9821 20.1814 4.8026 11.0533 
20.7698 26.2582 8.1149 12.161 8.9501 15.0069 23.4713 17.0853 7.3411 5.6366 
26.9016 17.8082 8.8108 17.3516 21.2725 15.1273 9.5171 5.8909 21.5561 10.3514 
13.6549 33.7131 26.7145 23.9033 11.9299 18.9124 33.0316 31.2312 11.3221 19.2333 
38.005 13.1138 18.3172 26.648 27.4786 20.7114 8.0152 4.4433 28.6453 19.3399 
18.7625 27.4846 12.673 16.1967 7.5836 11.9691 22.7633 17.6631 6.6342 4.1081 
13.8424 15.6175 24.9216 37.3028 27.3047 8.4465 18.2047 24.9907 24.7657 15.9814 
26.8975 26.9669 5.5329 5.3841 10.8342 20.2691 23.9956 17.4065 11.0115 11.7915 
9.4492 28.4694 21.9117 22.6994 13.109 8.3395 22.4638 26.2091 9.5392 11.6434 
24.8181 35.8659 17.0047 10.5004 5.957 22.0906 34.7416 27.7337 6.9252 17.7003 
25.3209 8.9657 18.2293 27.7434 23.6151 14.1943 3.8615 7.9106 25.8516 13.1018 
37.0637 4.7597 22.4921 35.741 31.4441 18.564 6.3222 9.9157 28.1572 23.4225 
11.8785 24.277 31.0476 38.9842 32.764 14.5011 23.9404 28.6839 28.0816 19.4138 
12.6778 20.3762 16.138 17.988 11.0088 7.2766 20.5063 20.62 9.582 6.8822 
34.2609 7.4321 15.9447 28.407 31.5079 21.743 4.0115 6.9273 26.8541 16.907 
18.3104 24.9951 11.2809 11.6545 7.4755 12.3832 20.2663 17.6767 6.2366 6.7649 
17.4023 29.0711 18.9227 15.4829 3.3339 14.6764 24.1735 23.7762 1.6 10.4833 
27.3019 16.6081 8.0777 16.5139 15.2686 13.4725 10.0065 8.8832 18.0354 5.6965 
39.3455 16.4922 12.2875 24.9779 24.1596 23.1163 10.2875 3.3524 28.1601 18.0974 
6.9955 23.5699 35.0281 34.818 27.8741 11.6133 26.2586 32.5012 23.7739 20.1325 
7.4069 27.1303 23.8008 22.9911 12.5483 9.1455 26.6137 27.9546 10.3277 11.0852 
17.252 32.9396 16.9307 14.3105 2.5358 14.8938 22.6978 21.7025 0.9775 9.2535 
26.4988 38.165 12.491 8.0839 5.0576 22.7829 28.5776 25.1368 6.3356 16.4115 
10.2758 25.5326 33.9812 40.2627 24.7266 11.7422 24.5623 30.9738 29.4617 18.4381 
25.8773 4.5578 20.6868 31.3078 28.597 14.0668 6.3487 12.5929 26.0735 15.8096 
18.1538 23.4585 12.3808 13.7688 5.5375 10.7969 24.0373 21.1625 3.8981 7.3683 
31.6392 33.2578 8.665 2.9533 10.7267 22.6988 28.0561 25.3482 12.4816 13.5202 
38.1643 15.4887 12.5239 18.6167 24.0243 19.2387 10.1045 2.5223 25.7134 13.8294 
16.2591 37.1869 23.1721 21.2202 11.2023 20.2713 30.9927 30.4241 10.7408 23.8966 
6.1516 24.2246 26.7339 32.4446 20.4641 9.015 24.6138 26.3963 19.1778 17.5778 
22.9725 41.3864 30.3525 23.8418 9.9699 27.367 33.2916 33.6639 12.6518 25.8047 
13.6525 29.7647 16.6854 17.2105 5.3312 10.267 21.5535 23.1786 4.7921 8.5952 
30.0536 32.0713 5.9414 7.3233 11.9467 16.7732 19.5303 15.3505 12.0976 10.0863 
35.608 36.7577 9.6858 5.3984 17.6164 31.5043 23.9384 18.5356 21.2646 17.1075 
11.7966 19.8813 17.1498 25.3632 15.8267 0.3837 13.9256 21.4841 16.3545 9.8963 
10.6326 37.2035 26.9918 27.7785 12.1489 17.7316 31.5505 27.6308 9.0111 17.9313 
3.253 24.4621 26.8864 34.8451 21.1319 10.439 25.368 33.9515 18.8833 20.1194 
18.0735 15.5139 24.8308 34.9811 25.6908 9.0324 14.9344 22.6606 27.4652 18.1912 
22.5276 15.6028 7.6441 17.1288 16.3999 12.3572 13.6552 11.5844 13.4668 3.5425 
33.0439 25.5716 2.4112 9.3372 17.4391 20.796 20.6973 14.597 16.0389 13.6949 
27.1736 32.0969 9.7278 2.8823 12.1283 26.4261 26.9644 18.7126 12.5629 12.7712 
17.5261 13.8851 12.8114 24.1229 21.8002 8.5785 10.3031 12.6646 19.919 7.2542 
18.5128 15.8807 9.3478 18.2977 16.6174 10.6043 11.7884 11.0471 17.1377 3.7131 
21.9415 16.6068 10.6894 20.3795 19.3548 9.7781 8.9436 8.6514 17.8993 5.2764 
23.4186 31.5197 13.988 7.6301 5.7446 23.6008 27.008 24.9206 6.8632 11.7309 
16.9801 11.3643 20.767 30.8458 27.2443 8.3195 12.1113 17.3461 26.356 14.1553 
35.7449 30.2332 10.5074 7.008 22.0112 31.9994 28.8102 18.47 23.6368 20.1909 
21.887 22.4124 8.5887 13.6695 9.2896 12.1142 18.8284 17.3855 8.4704 4.8596 
36.8226 4.3448 20.1128 32.131 30.0103 22.177 5.9304 10.7415 36.5351 22.37 
20.8932 31.6874 9.5508 12.157 6.3136 16.1674 19.9646 18.8917 6.2386 8.142 
26.93 25.6699 3.9907 12.3861 13.6244 15.981 15.4463 13.4597 14.0116 6.5688 
27.937 23.2175 1.8985 10.2498 14.8976 17.9236 18.0312 13.5707 16.2867 9.1583 
9.0731 19.7224 19.913 26.1477 16.9497 3.866 19.9489 18.8578 13.7235 8.8263 
25.7245 30.7957 8.784 3.7203 12.7074 19.7371 29.1562 20.6478 11.2292 12.8462 
19.7893 13.6231 14.9802 23.692 19.9292 5.4384 11.84 13.5345 16.4964 5.6696 
18.6754 34.678 15.4962 14.0959 1.1743 14.656 25.291 24.763 1.0782 11.6454 
15.1187 19.1914 28.0107 37.7929 27.4656 9.7154 18.4816 22.6397 25.2808 17.0816 
31.7916 19.4754 1.5571 13.5609 16.7199 16.4162 15.6026 10.0766 14.6229 8.4175 
27.29 23.7163 3.2265 9.6717 11.4865 18.0583 19.9831 14.3819 11.8814 8.1126 
40.4179 34.8907 9.3875 6.7057 21.3999 26.1601 24.46 20.4704 24.4561 22.4143 
21.1297 12.1396 20.2388 35.1682 26.6539 8.2294 11.597 15.2934 21.6332 13.0174 
33.5541 30.6808 6.9262 10.83 19.789 29.0247 20.1917 13.7282 19.887 18.9131 
8.9331 35.5357 24.5264 26.0311 11.4417 17.3858 30.491 31.7113 11.2472 18.5267 
22.6438 28.1344 10.4824 10.7393 5.016 16.2461 20.8414 22.871 5.8558 8.0078 
24.3822 35.1388 11.1331 8.4393 4.8089 17.2003 29.1895 20.5687 5.6978 11.196 
24.9766 18.0984 7.1686 14.5056 18.517 16.0937 12.6989 8.5175 19.208 6.2501 
6.5329 26.9599 24.0582 31.7115 19.7281 5.845 24.0426 23.0519 14.4804 13.4491 
33.0501 30.1198 10.8595 3.8013 11.0677 26.4323 26.4093 22.0881 13.7613 13.7267 
35.3779 19.1331 7.7628 20.2885 21.6418 19.0457 15.0556 5.6398 19.984 15.6044 
24.0115 38.3941 21.6181 19.8303 6.4131 22.9529 36.8148 30.1883 6.5527 16.4112 
33.5651 32.1971 10.4465 9.933 22.37 31.4613 28.0422 18.0185 26.7754 22.7424 
16.216 15.6581 15.1186 22.5246 15.1854 5.0319 14.5669 17.887 14.4818 4.4249 
20.0304 39.2749 20.3252 16.7497 3.8201 17.8988 34.7307 30.2821 4.4444 15.5064 
3.8301 28.9266 26.2793 32.1352 17.3878 9.1521 26.7089 28.1579 19.7499 15.3261 
34.6099 4.655 19.7618 32.819 34.0341 18.1722 2.4797 9.8475 30.3179 16.7173 
29.5605 6.7376 17.429 23.5062 23.1026 15.2509 2.075 9.9565 21.5325 15.1797 
22.983 8.6582 25.8195 33.218 30.0261 13.8807 11.8733 17.4601 25.9161 20.1541 
20.4528 9.0725 18.1762 28.7973 26.6391 9.7052 8.6905 16.8288 26.0566 12.2226 
22.6256 47.5771 29.7339 25.784 12.5349 25.3656 35.0325 35.2452 10.1143 19.7507 
26.8317 15.0837 7.7951 19.4998 23.3605 18.8989 10.9092 3.7675 22.2987 13.199 
22.9413 8.6289 15.7621 28.6154 24.32 10.6472 5.707 12.1744 23.9218 11.2581 
20.949 23.6516 7.4591 13.2051 11.5358 11.1504 14.6251 12.6837 11.3908 2.3909 
18.0748 10.6163 17.0246 24.2957 19.7605 8.1574 7.5769 10.3514 20.9639 7.8072 
26.1575 34.7134 14.131 10.2481 4.6795 18.7729 31.3106 23.532 6.5342 13.9345 
23.4925 14.4563 14.0917 20.9923 18.9225 7.8924 9.0617 12.5538 14.4283 5.1874 
34.7729 27.967 8.8382 8.2093 23.9558 27.1795 21.3894 14.6466 24.1353 16.6645 
9.0637 23.3902 24.7711 30.9357 17.3091 3.3276 20.0405 23.4322 14.086 10.8254 
22.0783 36.7824 12.3528 9.6074 4.2372 19.5229 25.1759 27.1899 5.6334 12.0074 
15.5106 30.3004 19.8543 21.1361 5.9463 13.8892 26.2719 27.5097 3.8583 12.3724 
23.418 16.674 9.2812 17.1556 14.9872 12.3366 12.4195 9.8851 17.1629 4.7347 
17.8727 26.9615 7.9825 12.9963 10.2516 13.3227 17.309 17.4875 8.1324 3.1237 
23.2883 34.6855 14.5526 8.8264 5.3392 24.8896 26.4316 27.4398 8.3654 16.4706 
5.7101 23.0227 32.5212 31.1876 23.2384 12.6024 26.307 33.4932 22.3771 17.9564 
31.0747 17.6306 13.1604 21.1202 23.558 20.4088 10.2401 3.492 23.0997 17.6458 
19.0929 14.7472 13.406 20.844 20.1748 8.7237 9.1417 12.3151 17.1773 7.2993 
14.8863 25.9869 13.8187 17.5347 7.3418 10.0651 23.8528 19.9521 5.2043 7.7527 
24.803 29.6992 12.2383 5.9285 7.781 20.2136 30.7429 24.4823 9.0666 12.8443 
32.5496 27.9039 6.5242 11.8188 24.0026 27.4797 23.7879 12.0248 22.7349 15.6931 
16.7768 14.625 13.8127 23.5078 17.6648 6.4818 12.7733 14.044 14.9414 5.4531 
39.3436 15.9678 12.1327 20.2503 26.9834 23.0873 13.1233 4.42 29.2162 15.0849 
23.8179 32.7861 12.2208 9.7943 3.9652 17.4914 22.9968 25.4219 5.0099 9.4994 
19.9751 24.1891 7.4579 12.2277 8.7959 12.8959 19.2215 18.8763 7.4702 5.9549 
24.6689 13.9035 8.9933 21.1885 20.5871 14.3288 9.1412 4.7904 19.7899 9.4618 
14.8325 40.4888 27.6851 26.7183 9.0974 19.4587 30.5418 31.4283 9.0375 20.9896 
31.1778 11.8038 15.2406 23.4484 27.9794 24.304 8.4364 4.1413 25.8337 16.8094 
16.496 25.2864 12.4513 14.4923 7.8619 12.1145 19.7529 19.2717 6.8388 3.9084 
12.3338 14.4624 29.1613 37.2057 29.2115 7.4265 15.5743 24.6095 24.7928 18.7437 
25.4204 27.033 6.4222 5.4505 12.3117 22.0884 20.2851 18.473 12.8013 10.6908 
8.9465 27.03 21.6206 20.7038 12.9321 8.0863 25.2037 26.494 10.133 11.0019 
23.0303 37.2457 16.7922 11.2461 6.0586 21.4772 30.9735 32.2282 8.621 14.8076 
25.2281 8.1837 18.4381 22.8936 26.597 13.1434 3.4999 9.5357 23.9724 11.1068 
32.3428 4.9954 25.4992 28.3967 35.011 23.1973 6.4307 9.4347 34.3282 20.1964 
12.2337 24.6633 31.6663 33.638 26.7249 11.489 21.4043 25.6775 24.6315 21.7008 
13.6496 22.4992 17.0166 18.1894 11.6756 7.4601 19.8554 19.1649 10.0716 6.6639 
31.1108 8.227 18.218 30.8045 34.1644 17.2918 4.0918 6.9076 27.9741 16.1226 
18.7843 29.8561 10.6746 13.4009 6.1645 12.0277 18.5529 16.7822 6.0789 6.4064 
14.8295 30.6646 18.4673 15.8486 4.0829 15.3855 27.5603 28.3789 1.6206 12.3968 
25.766 15.8953 7.8271 18.9219 16.0635 13.6464 11.2711 7.9994 18.9779 5.9743 
32.3635 15.6314 12.4166 22.2479 24.4813 25.383 12.0867 2.8234 29.7554 19.3585 
7.5526 22.7776 31.8685 38.0212 23.522 12.8821 22.1737 35.0946 25.2964 18.8355 
8.8452 28.6393 21.8994 22.9284 10.6134 10.3439 27.592 27.238 9.5722 13.7903 
18.3566 31.0676 15.7003 15.6475 2.6163 13.5801 28.5816 22.3289 1.0087 11.604 
23.5008 36.4609 13.3614 9.9064 5.6068 23.7442 28.8036 25.6752 6.9453 13.3492 
11.9863 25.6317 35.1762 36.3768 29.9548 11.6431 26.6815 27.4413 24.1091 19.1442 
23.4163 4.0962 22.3666 34.2403 32.8549 13.996 6.771 13.0072 27.3987 19.4579 
15.9273 26.4728 12.3581 16.0732 5.9757 13.8305 24.1211 23.0891 4.1831 6.1096 
26.9312 35.2147 8.9993 3.0924 12.2448 21.258 29.6754 20.7567 13.5561 13.1629 
33.1462 14.148 10.1573 21.2265 28.0857 20.7102 10.1487 2.3918 25.8381 13.6859 
18.8764 40.9501 26.2307 21.0877 11.8373 20.9861 31.7621 33.9261 10.6769 21.1702 
5.6718 28.4158 32.3608 30.8881 23.2696 9.8968 20.9011 24.8903 19.3836 17.5519 
22.3428 45.3291 24.5115 20.9335 10.382 26.646 39.3527 40.8541 12.545 20.3308 
17.5673 28.2173 15.8738 16.4309 6.1086 11.7171 20.0404 22.0675 4.4879 7.7635 
25.7789 24.7944 5.3007 6.9047 9.4836 18.4249 22.093 17.1987 11.8435 9.1317 
41.0965 30.1105 10.6876 4.6576 18.7977 29.4271 25.6573 20.7345 18.2439 21.5409 
12.3158 15.9134 18.9882 28.1348 17.4731 0.3744 15.0448 17.8624 14.5553 8.0974 
10.9249 31.1303 27.878 27.4852 11.7582 14.6936 30.9 27.5398 9.0799 14.841 
2.6803 30.4442 31.5465 32.28 22.1373 9.9857 23.0189 32.2138 20.7509 16.1331 
15.0334 12.2121 27.6021 30.3456 30.137 8.3558 14.795 23.8205 26.0174 15.3685 
19.7749 19.4672 7.987 16.3684 15.7753 10.4969 13.6915 12.1587 14.9285 4.118 
26.646 23.2808 1.9611 8.3697 16.5731 21.0192 19.1851 11.7527 16.8825 12.1479 
30.9614 31.5042 8.6511 2.9591 11.8473 21.8047 29.6236 22.467 15.1111 12.9335 
22.2507 14.1475 12.155 24.5816 18.5343 8.064 8.7957 13.0393 17.8393 5.7668 
19.0539 17.1844 11.3239 19.8958 16.7468 10.5853 10.4396 10.4779 15.6594 3.618 
22.9348 17.5985 11.4559 16.8777 19.7817 11.5863 11.456 9.5934 18.5517 4.7177 
25.4462 30.1892 14.1108 7.2967 5.7975 21.5077 28.7551 25.8278 7.6365 13.8042 
21.3463 10.3965 22.1646 34.6981 24.9318 8.1841 11.5758 20.4722 21.8998 15.612 
36.8798 34.3085 10.9154 6.9288 23.859 34.0767 25.212 20.8127 19.4548 20.0295 
18.6414 26.1832 10.1917 12.771 7.9844 10.3871 20.472 15.6066 8.3751 4.4001 
35.0917 5.3336 21.3504 36.3356 30.0392 22.4838 5.8253 12.2181 28.0084 23.7847 
23.3067 28.1905 8.1381 10.0313 6.11 15.8533 23.188 18.5725 7.769 6.8253 
26.1133 25.4825 3.7691 12.5437 14.399 16.3592 18.9845 10.9652 14.9578 5.8566 
27.5189 25.9661 1.8861 11.8317 15.6344 18.2643 17.8227 14.134 15.1977 7.9153 
10.8327 19.735 17.7761 21.3781 16.004 3.5016 16.6887 20.215 11.4139 8.8131 
30.601 30.6881 8.1533 3.7392 12.3802 23.5467 27.0434 19.5638 12.1424 11.7814 
16.215 13.5017 13.0959 25.4195 16.8153 5.262 12.64 13.1638 16.1299 5.1797 
19.0986 32.4797 15.7954 14.0744 0.9463 15.4251 27.0777 22.266 1.0005 12.9922 
14.2369 15.7958 31.8354 33.0764 26.8395 9.7263 20.813 27.1461 21.6238 19.5097 
26.3469 23.4534 1.6392 10.5068 18.1473 20.5254 18.9293 9.3747 14.2131 9.2459 
29.2662 25.7559 3.0218 11.2627 13.2255 14.5188 20.9028 13.0417 11.9105 7.7914 
37.1247 33.9139 11.3081 8.6462 18.3496 26.0606 31.0628 22.1031 24.6817 19.8567 
18.7339 11.9188 19.7101 30.5775 29.0395 7.8967 11.1754 19.0724 20.9265 13.9553 
37.4873 25.1934 5.9922 11.1662 18.286 23.981 24.6621 12.8588 22.6509 17.1299 
11.3958 33.3452 26.9605 25.0352 11.1914 16.3328 28.8975 30.0105 11.7678 19.3374 
21.8279 25.9665 10.6162 12.5411 5.8553 14.1147 22.1555 22.397 4.7926 7.3069 
22.3636 36.3871 13.8037 9.7936 4.6414 17.1836 28.9738 21.3925 5.513 13.6021 
23.6717 15.6078 6.3501 17.7114 17.328 15.4231 13.1576 8.896 16.6299 6.7069 
6.797 24.9262 21.5804 29.1987 18.9676 6.5594 20.4874 22.6417 14.4313 11.8079 
25.4902 32.7185 11.0923 3.7451 9.8297 21.3992 29.6509 25.13 12.5711 14.9389 
31.1987 19.1874 6.989 17.7933 22.0967 18.58 13.781 5.254 21.9633 13.4535 
20.4324 35.2474 19.8228 19.6036 6.8985 21.862 37.1176 30.3444 7.9362 19.2575 
39.5798 32.3487 9.2641 9.6241 23.6736 31.8322 28.3688 16.0675 20.6347 17.7714 
14.3618 17.7688 12.3057 22.0272 15.8031 5.3216 14.2482 14.3947 15.7994 5.1152 
20.3239 36.7541 17.5095 15.9824 3.9664 19.8976 30.5937 27.1706 4.5091 18.2915 
3.4474 26.0522 30.0139 32.8869 21.9235 9.3622 25.6525 26.2364 19.351 16.2633 
30.5218 3.9827 22.1177 27.5482 34.4926 19.4356 2.996 9.7914 32.9932 19.3381 
28.9287 6.4253 14.7284 29.6056 23.9969 12.7162 2.2101 7.862 28.141 13.8743 
22.1913 8.3285 27.7815 35.3714 31.4782 12.9335 10.3166 20.4544 30.0729 20.6519 
18.9569 7.9501 23.2845 31.2877 24.1776 9.8301 7.2815 13.4664 24.5026 15.1731 
18.2668 44.2369 30.3209 22.7158 9.6794 25.0394 35.1938 35.0365 11.4074 21.3737 
28.49 15.0164 8.2447 19.9339 19.7812 20.0872 11.3883 2.9778 21.3169 13.8956 
21.0555 8.9567 15.8753 28.5229 26.9886 11.3043 5.928 10.6518 21.7753 10.3025 
18.9183 24.6774 7.9676 13.6602 10.0552 10.1999 15.406 13.2842 10.9655 2.3594 
22.1919 13.177 13.5893 25.6039 21.2479 9.1672 7.2244 10.6028 18.4573 8.501 
22.338 34.8828 13.003 9.6309 4.6338 19.1371 27.251 26.4657 6.5788 12.6808 
19.0188 13.6207 11.354 21.6036 19.7062 7.5498 10.1662 10.496 18.2085 6.3348 
37.0749 32.4128 7.3985 9.5274 21.2339 30.288 28.4481 18.3799 20.2207 16.739 
9.4544 23.0379 23.9098 24.5163 19.6673 3.4866 20.927 25.7035 17.4369 11.4082 
26.5272 36.4276 14.3012 10.4452 4.1119 22.156 24.6278 25.1724 5.576 14.9942 
15.369 31.2922 17.6956 16.3512 6.2051 13.4647 30.4025 24.1122 3.1938 10.461 
25.4226 18.8912 9.0325 16.3307 16.7261 11.5798 11.2879 7.9932 17.9909 4.9901 
18.8692 21.0221 7.9288 12.3998 9.5878 10.2351 19.3354 16.9914 8.473 3.624 
27.4386 31.9472 14.2332 10.3714 5.3783 21.1123 28.817 26.8124 7.1681 15.1478 
6.441 26.8017 32.3092 35.0536 27.0795 10.5409 28.2301 35.208 21.3056 18.0926 
37.6619 14.5574 11.8502 18.6227 24.4791 20.6179 10.5339 2.7647 23.5522 16.2416 
19.1753 12.9385 14.6916 24.4676 21.1014 8.7491 9.8396 10.3444 17.8614 6.512 
16.0384 30.9262 13.9332 18.0765 6.1066 12.4424 20.9738 25.9311 4.3833 8.8139 
26.8098 32.57 9.7607 6.9971 8.3749 21.0166 30.456 21.7261 9.171 12.2141 
31.6851 29.5595 7.6007 11.1822 20.3736 27.7398 23.8553 13.1125 24.9241 17.1066 
17.2512 17.6491 13.6675 22.8335 16.329 5.7161 13.1324 11.9023 17.6091 4.9494 
32.9185 17.4354 10.7261 22.7087 25.5941 24.9713 11.6992 4.0943 29.5926 16.6531 
24.5307 35.1165 13.6933 12.3812 3.7452 19.5735 29.1159 25.5006 3.9432 11.7113 
24.5558 22.8122 9.0234 12.1877 7.4031 12.649 22.0409 16.547 8.5736 5.9877 
25.6336 17.7495 8.7748 20.4523 18.5249 14.2768 9.927 5.7531 22.2389 10.2093 
16.5045 37.8292 27.155 21.0323 11.418 22.4424 31.9702 35.8138 9.6663 17.3003 
37.6818 11.975 14.5059 25.4838 29.9828 24.4219 8.5768 4.0593 29.1414 18.3122 
16.6419 27.2931 11.021 13.7362 8.0717 10.1824 19.1781 20.8171 7.4725 3.7749 
13.5656 18.2404 22.7043 37.2057 22.5669 7.0912 18.7269 24.9639 23.5792 16.1354 
26.1034 27.719 5.7098 5.5309 12.1889 22.4088 22.0709 17.1768 11.4615 12.1426 
9.2246 24.9921 19.437 21.5884 12.5576 8.063 24.3081 24.9413 9.7043 10.9863 
27.6714 37.0971 14.5127 11.0169 6.1231 20.4745 29.5627 28.0806 8.479 15.8212 
25.4923 8.525 15.7643 23.3906 24.1038 13.919 3.3003 8.4608 24.4959 13.1366 
30.5701 5.0158 19.6396 32.8938 33.6094 19.9398 6.524 12.0424 36.9703 20.5129 
11.2172 25.0173 28.618 33.7376 32.0994 11.7906 22.6856 28.4029 26.1581 20.9468 
14.4619 24.3646 15.7469 19.724 9.9362 6.4363 18.0951 20.3301 8.3396 5.6297 
32.7357 7.3244 19.226 29.0084 32.2558 16.6906 3.8475 7.2613 27.9907 17.6509 
22.3984 26.3146 10.743 11.4291 7.7208 13.9119 21.7104 19.1439 6.4293 5.6392 
17.2295 34.3975 15.5476 17.4871 4.1857 14.7011 24.7592 23.5532 1.7542 10.3992 
22.4278 17.6476 7.6952 16.2507 18.6832 12.6996 11.1018 8.8536 16.1362 6.4431 
34.2333 14.8458 11.624 23.1026 27.4003 25.1261 10.8373 3.5392 29.7631 16.5161 
8.1638 25.2718 33.2327 40.3167 24.8283 11.3752 22.5569 26.7342 22.1119 20.6336 
8.7848 25.0594 23.8252 22.4406 12.5754 9.2366 23.8346 29.3425 8.8111 11.636 
20.5237 31.3577 12.9704 12.8343 2.4539 13.3121 27.7516 23.616 1.0691 9.1674 
23.5296 39.1657 12.9544 9.5056 5.0651 24.3687 26.6613 23.5726 7.412 15.7932 
10.6192 20.5912 31.0431 42.2546 25.3702 11.9863 21.2255 26.9293 24.5736 24.093 
27.6236 3.6498 25.8242 36.3174 32.9663 14.2002 6.1375 12.7213 32.4719 18.4991 
16.1902 30.6585 11.5577 17.1811 5.5574 12.1662 19.5162 19.1692 3.882 7.8927 
30.101 35.4056 9.7283 3.3441 10.9865 25.0981 29.857 20.687 11.2915 13.2905 
35.9148 15.6809 10.555 23.1535 25.969 21.9008 9.9116 2.4457 23.784 16.0805 
16.3818 44.0176 29.0376 23.6896 10.2841 18.8354 35.0758 37.3369 10.3602 21.3979 
6.484 25.3046 27.0011 36.505 25.6365 9.4531 25.9476 26.9011 20.4595 17.4845 
24.0745 43.9368 30.4305 26.2743 12.9366 23.7254 34.3755 36.9399 11.88 23.707 
14.0556 28.1225 13.8746 16.8428 5.4698 12.4571 20.4897 21.8057 3.9102 8.5952 
27.4165 27.8385 5.8277 6.2788 9.3929 17.9468 20.8531 16.1185 9.8495 9.6234 
37.9513 29.0492 10.4201 5.2294 17.0663 24.8943 24.4716 19.9136 19.8227 21.2632 
11.631 20.286 20.0464 25.9864 15.5506 0.3919 17.2119 18.4961 17.4044 9.1293 
10.5806 34.7326 27.1478 22.1341 11.9395 16.683 32.5662 29.4049 10.7296 17.8427 
3.3304 30.35 25.8949 33.3368 22.162 10.8923 25.0388 26.8172 21.8557 19.379 
19.0773 12.3624 27.3878 29.3384 30.1062 9.6827 16.0111 24.3692 23.4371 15.769 
20.6199 20.2183 7.9084 19.6322 17.9455 11.2506 12.3713 9.3398 13.8754 3.4505 
34.9861 26.8028 2.0539 9.939 14.4644 18.9981 21.4014 14.1636 17.6303 11.5284 
29.8692 35.8659 8.0792 2.7159 13.7212 21.7246 28.955 20.4797 14.1783 14.1524 
19.5409 13.4676 12.5951 20.8217 19.6612 7.6132 8.5386 11.5602 18.3364 6.9175 
20.8292 14.7754 10.2733 19.9234 16.3922 10.6259 11.4406 9.5156 17.3737 4.2491 
20.6407 14.2672 8.7153 17.52 19.6699 9.3574 9.6112 9.1057 18.166 4.9222 
26.4455 36.9181 13.616 7.3015 5.4915 20.2828 31.0311 24.845 6.5957 14.8236 
16.7486 11.7859 24.3036 32.8403 23.757 8.2468 10.7392 18.1808 21.8028 15.6334 
43.3589 36.0835 12.8543 6.5097 18.779 29.124 31.4121 20.547 20.5051 18.2418 
17.5445 24.0355 9.6658 13.2363 9.3869 12.4562 22.414 17.5417 6.5551 3.8862 
35.3187 4.7863 19.7823 32.1879 37.2078 20.3545 5.1037 11.446 29.8157 20.4677 
24.2237 27.4098 9.1442 11.9058 7.5348 13.6232 19.4692 17.1362 6.377 8.5211 
26.3927 25.2692 4.171 11.0838 14.0891 13.39 14.925 13.4489 12.1306 6.0054 
24.3675 23.4809 1.7301 12.3653 14.1111 19.3506 18.1278 12.7259 12.4565 9.1583 
11.1046 23.9283 20.151 25.2935 14.1212 3.3791 17.0928 24.3489 13.2078 9.0158 
EOF