I 100
J 10
bounds (0, 100)
cv 1.0
D 10
k 5
t 3
FLR 0.8
FCR 10
abounds (80, 120)

a 
108.0 113.0 101.0 
125.0 131.0 109.0 
108.0 117.0 102.0 
107.0 108.0 99.0 
133.0 103.0 128.0 
124.0 102.0 124.0 
115.0 132.0 117.0 
112.0 116.0 108.0 
117.0 102.0 83.0 
97.0 108.0 104.0 
110.0 123.0 106.0 
112.0 122.0 108.0 
129.0 118.0 110.0 
135.0 103.0 105.0 
109.0 130.0 113.0 
105.0 106.0 117.0 
97.0 115.0 119.0 
120.0 98.0 113.0 
110.0 96.0 126.0 
95.0 110.0 81.0 
118.0 125.0 126.0 
113.0 91.0 106.0 
100.0 107.0 118.0 
113.0 103.0 117.0 
113.0 86.0 127.0 
119.0 98.0 104.0 
120.0 133.0 122.0 
104.0 121.0 113.0 
122.0 123.0 115.0 
124.0 99.0 99.0 
102.0 109.0 134.0 
118.0 104.0 127.0 
116.0 119.0 123.0 
115.0 120.0 108.0 
108.0 118.0 111.0 
105.0 123.0 117.0 
116.0 109.0 111.0 
120.0 114.0 121.0 
122.0 113.0 93.0 
103.0 121.0 106.0 
123.0 116.0 112.0 
123.0 93.0 126.0 
109.0 115.0 124.0 
113.0 109.0 117.0 
108.0 140.0 113.0 
94.0 121.0 101.0 
93.0 106.0 144.0 
124.0 108.0 99.0 
134.0 108.0 119.0 
116.0 107.0 115.0 
120.0 109.0 138.0 
100.0 92.0 119.0 
111.0 88.0 119.0 
111.0 108.0 113.0 
115.0 126.0 90.0 
126.0 115.0 103.0 
121.0 111.0 121.0 
123.0 108.0 130.0 
117.0 125.0 133.0 
113.0 103.0 121.0 
105.0 106.0 118.0 
121.0 113.0 111.0 
121.0 94.0 112.0 
111.0 113.0 109.0 
116.0 107.0 90.0 
123.0 125.0 104.0 
124.0 117.0 102.0 
136.0 114.0 113.0 
116.0 107.0 107.0 
113.0 116.0 101.0 
119.0 115.0 113.0 
127.0 109.0 100.0 
106.0 122.0 102.0 
96.0 132.0 106.0 
105.0 96.0 105.0 
118.0 117.0 118.0 
112.0 113.0 104.0 
112.0 107.0 117.0 
136.0 111.0 118.0 
107.0 129.0 117.0 
108.0 105.0 102.0 
94.0 103.0 109.0 
111.0 123.0 126.0 
109.0 99.0 118.0 
113.0 110.0 93.0 
113.0 123.0 121.0 
131.0 106.0 110.0 
119.0 102.0 106.0 
123.0 130.0 103.0 
116.0 109.0 119.0 
120.0 108.0 124.0 
111.0 116.0 126.0 
126.0 122.0 109.0 
104.0 103.0 131.0 
90.0 129.0 112.0 
107.0 95.0 100.0 
94.0 107.0 148.0 
113.0 117.0 118.0 
113.0 106.0 120.0 
127.0 108.0 113.0 

Icoords
18.0369 80.8973
74.0542 24.1013
61.787 54.2812
3.3225 37.3682
90.2712 41.0261
10.2712 98.2694
50.2817 29.4286
7.2342 63.79
69.5633 47.1627
18.1651 12.4665
31.7498 73.9662
89.3828 73.5702
96.501 82.2744
38.5505 0.5212
16.9017 49.8753
88.1348 55.5738
58.0595 7.3466
65.0085 37.9311
37.885 59.7699
53.8125 43.9446
71.5749 49.4251
42.5157 65.5292
56.7839 8.1259
36.2895 52.6956
19.0523 24.4174
59.8446 17.4643
0.5218 47.8563
94.5134 57.6894
27.1587 54.5762
97.6284 7.1688
66.0611 34.3821
49.9359 58.2145
25.6138 43.1405
47.7127 67.1538
6.0286 68.7617
75.828 54.9163
55.5804 83.5475
88.4516 90.362
26.195 21.1268
30.1823 85.2936
87.7943 61.207
56.1778 7.7888
50.3828 64.3999
75.5368 63.1156
15.0944 52.6383
3.3866 95.0545
33.6095 39.6299
59.3215 48.4604
94.8598 2.9774
41.0066 1.2839
32.2338 99.4826
30.6227 87.4655
20.6444 49.1769
33.4583 16.7983
57.8894 52.7984
79.4267 1.2066
30.3404 88.6062
31.2467 32.3089
82.4934 72.9872
41.1368 59.7178
99.2488 85.5823
89.9535 49.8758
92.1392 18.7586
1.8339 82.7876
19.0496 43.7565
75.6129 14.3333
33.2686 13.6005
52.048 19.9651
56.2408 66.1638
13.3308 51.254
45.595 43.7113
95.6006 69.0726
48.8645 31.3389
0.6898 98.8588
1.466 12.0839
91.4295 5.5523
77.6713 6.9336
89.3166 17.8959
39.104 8.2898
77.5749 5.0881
27.9552 70.6812
59.3163 50.7959
67.4851 28.8403
58.3198 33.4424
47.7017 67.894
84.0984 12.0813
60.7656 47.8556
31.6747 50.9633
64.8219 49.1029
90.6147 34.679
84.6293 50.7394
39.7022 56.1386
82.1706 35.1627
50.6483 7.5218
71.0081 6.8928
65.4666 78.8925
30.0873 14.6993
70.3058 21.8038
29.0292 2.8637
62.4356 24.205

Jcoords
16.4551 28.1826
72.5456 84.4793
49.657 73.6476
92.9847 11.8557
55.0704 83.2378
78.2557 43.1846
46.3217 67.6477
92.1996 80.1906
23.3064 66.1686
74.7179 5.1915

C
16.7497 20.4685 9.8068 32.0073 13.0692 25.6289 12.3532 24.8753 4.9651 36.6566 
19.5577 19.7679 17.9047 7.7716 20.3096 6.9388 19.5719 20.7863 25.9711 6.6111 
20.1961 12.637 8.9578 19.9007 11.6702 6.9762 7.3302 13.7717 12.6745 17.2598 
6.1172 27.9921 21.1382 30.1943 20.8629 28.0943 16.7764 33.02 12.3637 24.6915 
23.6838 17.3264 16.0238 10.0369 21.0563 4.0701 17.4755 13.8889 26.7519 15.3328 
24.9423 21.9924 15.6439 45.2162 15.211 32.06 17.643 28.3412 12.5524 43.8921 
10.8386 23.6757 14.6026 14.218 20.8146 11.6713 14.236 20.882 14.6812 10.9516 
12.6604 24.3279 14.4944 32.1305 17.5105 27.576 14.6269 26.9812 5.3779 35.3656 
18.4421 14.2892 11.7684 16.8079 13.4633 3.4978 12.3582 14.7629 15.6479 16.2592 
5.7133 31.0964 26.0998 24.6389 29.6516 25.78 18.8451 34.5764 19.5236 18.8789 
15.3791 13.8898 6.7951 34.8882 9.9406 22.269 5.9942 20.6981 4.5835 30.2237 
33.904 6.8433 13.2963 23.615 12.5197 12.3287 17.2301 2.8671 20.532 24.8614 
31.8036 8.7783 17.2331 22.5691 13.3525 16.8368 16.6054 1.832 23.473 24.7995 
11.7537 36.0959 23.7576 21.4067 29.7334 20.3983 23.3471 36.9117 21.6874 12.5741 
7.6223 25.9877 15.3958 30.3301 15.9129 18.5832 11.0092 24.5543 5.66 27.4308 
23.5423 11.6455 15.7759 13.8909 16.4899 5.9739 16.9951 7.7395 24.6857 16.7364 
15.9273 24.9099 24.3867 14.005 26.0736 13.7603 19.6278 31.5435 23.0174 6.2973 
18.7541 17.0275 11.725 13.1138 14.9913 4.338 13.1955 16.9649 19.0624 12.3005 
14.982 12.8211 7.0281 23.2346 9.6803 17.4274 3.9811 18.0289 4.8225 22.973 
14.1832 14.8386 9.1177 16.842 12.0928 7.784 7.7957 18.5945 12.6061 17.5644 
22.6598 11.2392 10.7572 13.0719 12.5219 3.4136 10.9555 14.3712 19.1536 15.4764 
14.9737 11.8246 4.2395 24.0474 8.1555 12.7968 1.4148 19.1616 5.8717 24.4027 
17.4398 23.693 21.1434 11.8566 25.6574 13.0405 22.2459 30.7939 24.8053 6.6348 
10.3868 16.2003 8.4128 21.5908 13.1837 13.4255 6.0301 22.9033 6.1614 18.8437 
1.4788 27.5875 20.6423 26.3822 26.3542 21.4206 16.3764 27.5954 13.1778 22.9915 
13.4305 24.4048 21.8063 11.1455 24.8552 11.5326 17.3072 26.8766 24.178 6.1879 
8.1671 26.3651 22.0584 32.6348 21.0465 29.3586 18.6451 36.3673 9.7516 30.0757 
25.3435 11.9595 16.3828 14.9684 16.4856 6.5428 16.6575 8.2223 24.8834 20.7705 
10.4925 19.1646 11.5144 24.7113 15.9548 20.4013 9.1766 23.3126 4.1704 27.3287 
30.0599 25.8138 29.6275 2.2558 26.193 16.031 27.9488 27.6345 31.0965 8.8326 
16.9922 15.4223 13.0982 12.9395 17.607 5.0263 14.6602 17.9268 17.2082 10.0171 
17.7792 10.6914 4.8746 24.7805 9.5332 10.5737 3.267 17.1537 10.4943 20.1338 
6.7192 21.9147 11.8354 27.4392 17.5831 18.9827 10.1516 29.4054 7.9845 23.4398 
16.9207 10.1073 2.5637 22.6334 5.697 13.2161 0.5447 14.9318 8.5174 22.7243 
15.0872 20.6482 13.5303 39.1472 16.69 26.0362 13.8943 32.5449 6.3002 36.2948 
20.1984 10.6218 11.1227 16.0148 13.4908 3.9259 10.1806 10.9553 16.1677 15.7567 
20.3518 5.4405 3.9156 29.1834 0.188 17.3518 5.8031 14.687 13.2034 24.7301 
37.253 6.0408 15.7648 25.4155 13.23 19.0412 17.3743 3.4081 23.8221 33.266 
4.705 29.1306 17.8839 22.1912 25.1651 18.9525 18.0804 31.0093 13.6712 17.0991 
19.1132 15.9273 8.423 29.414 9.8094 19.6069 8.4869 19.9624 6.406 30.877 
27.9781 9.688 13.6712 16.1227 13.9925 7.8424 13.2205 6.8598 23.53 18.7117 
14.9227 30.8103 24.5531 13.7829 28.3719 13.3202 22.7554 30.2203 25.9416 6.3614 
15.5628 11.1909 2.9554 24.6701 6.1537 13.8818 2.0774 14.6344 9.5946 23.3204 
20.7351 8.2858 10.3856 20.9824 10.1747 7.139 11.743 8.3288 17.8724 18.7172 
9.283 25.6762 13.0442 27.238 16.6132 21.7268 13.5471 28.003 5.796 25.2445 
25.2652 24.3331 15.4986 39.5542 20.4276 32.7803 18.1335 34.6866 10.537 35.4753 
7.7007 23.4007 12.1753 22.6803 18.7947 13.7139 10.8607 22.6321 10.744 16.587 
17.5598 13.345 10.694 17.7388 11.4183 6.2603 8.3528 16.3258 12.4573 16.506 
28.2483 32.9302 26.7778 2.7776 32.3929 14.2204 32.3032 29.8915 32.9535 7.1732 
11.7231 27.8841 26.0761 20.0394 33.0362 22.0611 20.7851 36.0244 24.6425 10.4221 
23.2731 13.0717 12.1591 40.9764 9.9685 22.1999 11.5892 23.4963 11.7678 41.3163 
20.4495 14.5925 7.8984 32.0883 7.9468 25.1039 8.4747 19.9471 8.217 36.8155 
7.1332 23.2247 11.5913 26.2027 18.6594 21.8598 11.3775 25.6656 6.2828 21.1761 
7.7143 25.2838 22.7995 19.0363 25.4732 20.3128 16.5903 29.8855 16.2147 14.7656 
14.7572 10.87 8.9439 17.4396 9.7426 7.1235 6.3058 14.5365 14.794 17.9202 
22.2577 33.3307 30.1373 5.5944 31.6526 14.8492 28.943 24.3151 32.5786 2.4033 
19.6473 16.0254 8.292 33.7731 8.3915 20.5991 10.1314 21.076 7.7033 34.9499 
5.6619 24.8254 16.0693 20.7861 20.4886 14.6103 13.9925 25.8731 11.7272 20.4174 
26.2073 4.686 12.7529 22.3477 9.2776 11.6677 14.1246 3.9175 18.9281 24.9008 
15.2334 12.3586 5.5633 26.369 9.5626 13.7507 3.6913 17.4229 6.0999 24.7185 
38.958 9.2071 16.5673 25.0908 17.0371 18.7491 18.8326 3.4834 29.8097 30.8128 
27.5496 14.6536 14.2416 13.4217 18.3083 4.2329 14.5436 9.9766 22.5795 17.8691 
28.5321 26.5128 25.23 2.4709 29.2369 11.0305 22.9887 18.5279 32.939 7.4479 
18.4453 23.8932 16.447 35.7929 17.2546 30.1947 15.6018 33.5124 9.5034 32.1289 
5.826 21.158 15.7737 28.8355 17.225 22.1441 11.8306 31.2584 8.5115 20.6957 
23.2275 26.3439 25.4641 5.5679 28.739 11.5541 18.9671 24.3607 29.0142 3.0138 
8.6064 31.3601 21.586 19.4578 27.0136 20.148 18.1204 28.6151 20.8236 13.6482 
11.5615 26.6301 19.9951 14.5478 20.7074 13.4384 18.9075 28.9241 16.6397 10.626 
18.8005 8.5531 3.5515 25.0151 5.4252 10.7625 3.9998 15.1226 11.5534 20.1389 
7.4619 24.274 15.7638 32.3379 20.1505 19.9806 11.4866 29.9074 6.5529 24.4977 
12.6926 15.8586 10.332 22.8405 14.0311 10.7174 8.396 18.1576 12.6024 19.2966 
31.1349 10.1433 17.3187 20.7113 13.5028 10.7102 19.3994 4.4344 22.7549 22.0038 
10.5178 22.067 16.3467 18.4627 17.118 10.6283 11.2287 25.1872 14.8093 14.5207 
27.6546 25.7728 21.8102 47.3233 20.2046 31.2978 21.2183 29.0364 13.098 39.8282 
8.3916 36.1083 30.194 29.1763 29.6656 27.3981 24.1651 34.2849 19.7615 24.9421 
27.5983 28.5258 27.7687 2.3392 27.6361 14.3218 28.7505 29.7748 33.0097 5.359 
24.2997 24.3481 25.6796 4.8368 24.6303 12.1203 27.168 27.8047 31.276 1.0777 
26.895 26.8129 22.1061 2.6105 26.0121 9.1334 23.6194 22.1321 30.7402 7.1043 
10.6169 26.293 19.8679 19.5475 30.4374 16.0954 22.6205 26.984 18.2688 10.8282 
20.6336 26.3709 25.1836 5.1619 30.5784 13.3931 23.3293 27.2081 25.8927 0.8948 
15.5019 18.1105 7.3574 31.6994 9.9924 20.855 6.0909 22.5357 2.5196 27.7868 
15.9872 12.4053 7.5792 20.3747 12.5018 6.8134 6.6734 15.4504 13.0618 16.9387 
18.357 16.9562 16.6854 10.7265 20.1034 5.4961 17.0579 18.9657 22.9672 7.5278 
13.1138 18.1836 15.5792 14.6114 17.8098 7.957 14.4922 22.3778 17.7663 11.1682 
19.0248 11.6587 2.2727 24.8636 6.3269 14.0205 0.4811 17.8246 8.8947 23.8689 
21.159 24.0323 27.4985 3.3601 25.491 11.124 23.7119 23.9857 29.2851 4.1853 
15.1553 12.2686 8.9359 16.2329 11.9913 5.7007 8.245 15.9369 15.2232 15.3964 
10.7204 17.823 9.7726 23.3652 14.2747 15.6932 8.8495 26.4615 6.0382 20.1249 
19.6034 14.2775 10.9001 15.4096 13.2594 4.4127 10.4674 16.5076 15.2748 17.7035 
29.3084 17.5513 20.1091 7.368 20.316 4.969 21.6226 16.508 23.2368 12.1369 
28.6518 14.0379 13.1191 13.4467 13.4778 3.6977 16.2049 9.7916 20.2602 18.2213 
11.4857 16.9966 7.9054 24.4565 12.0845 12.962 4.7571 22.3126 5.9833 23.337 
25.5155 19.521 15.2553 8.6459 18.5429 3.1072 16.6759 14.7436 21.9286 11.9582 
15.0094 29.5565 22.062 13.8227 26.2955 14.5537 20.5921 29.2481 21.4698 7.4215 
18.95 28.7514 23.5349 7.0812 25.386 13.719 25.5102 29.383 25.5649 1.4831 
25.6495 3.0932 5.9349 27.1236 3.7375 13.6621 8.3861 8.4549 15.6204 29.1844 
6.2507 28.9154 22.6335 20.0722 24.8905 17.9242 18.9847 27.9358 20.3555 18.2072 
21.0781 20.9344 19.6209 9.0565 21.457 8.7001 19.2313 21.2013 24.9799 6.1654 
9.6257 28.2101 26.1441 20.4862 31.0323 19.3696 23.1665 33.829 23.2196 17.494 
16.1302 20.4923 18.1391 10.2609 20.2149 9.5127 18.0243 21.0126 19.7661 8.2303 
17.5513 20.6597 10.2512 33.6886 14.008 27.6965 9.9044 27.9977 5.4093 30.6701 
19.6155 18.1674 16.8996 8.2518 19.8748 6.8117 20.3515 18.4164 22.2007 6.5203 
16.8693 10.4058 8.2014 16.1302 11.2094 7.0636 7.9679 13.3203 13.6612 18.1533 
5.6605 27.9754 19.6081 30.7816 25.5444 29.3269 18.9642 37.5482 12.8264 26.43 
28.9436 14.2149 19.5453 8.9588 17.5881 4.3264 15.4818 15.473 25.2498 13.3639 
27.5597 21.1186 15.9876 38.4697 17.3232 31.92 18.0829 31.6972 12.4901 43.2695 
11.2583 21.3895 14.7706 14.8507 16.9521 10.3277 12.8105 22.8767 18.1179 12.7586 
12.7707 22.7111 14.0197 38.2158 16.8083 26.4224 12.7966 30.2263 6.1139 28.2067 
17.9458 13.0426 11.8081 13.3251 15.446 3.0476 9.7125 13.0692 15.2028 16.0816 
5.7671 33.0545 23.9391 24.7287 30.1305 21.0964 22.8656 31.6365 21.5629 21.0171 
18.6374 13.6834 6.0464 27.5617 8.2968 21.0365 4.911 21.0809 3.6364 31.4969 
26.1474 6.8854 13.7372 23.4358 12.7657 12.9015 14.9872 2.4786 25.2461 24.176 
32.6731 8.1721 15.7185 27.6738 15.6318 14.3736 16.8563 1.5381 23.1882 25.168 
11.867 27.3369 27.2709 19.3105 30.0202 17.933 23.0498 30.121 26.5937 13.9088 
7.6939 20.3524 14.3152 28.5865 20.0749 23.57 12.3531 25.5446 5.7878 23.1489 
29.6504 10.1775 13.7226 16.7764 16.2356 5.2703 13.6135 9.5634 21.756 19.531 
18.5749 24.7294 23.1303 12.2196 26.5977 14.1264 21.7964 27.8992 20.592 5.3298 
17.942 14.5802 13.2994 15.2937 16.8281 5.3042 13.8309 17.3519 16.4838 13.6357 
14.4819 16.2902 6.5349 25.228 8.8106 13.3771 4.4521 17.791 6.0611 23.7302 
13.7128 15.1601 10.9232 18.8726 14.6835 8.5592 7.8429 20.4318 12.5948 13.7601 
19.1628 12.2947 10.7017 14.1011 11.299 2.8715 9.5884 12.2451 19.1536 17.5474 
14.4909 11.4446 3.6773 25.9261 7.4587 14.5291 1.7241 18.1877 6.233 26.174 
16.6696 30.0549 24.5376 11.7729 25.6273 12.9789 22.7293 31.372 20.7046 7.0546 
10.144 19.1318 7.5156 25.7413 13.7394 17.0315 5.5062 24.0747 6.5449 22.8947 
1.5337 29.0432 17.6106 26.9146 25.7266 22.0231 19.4227 29.6467 13.7107 18.7336 
16.1389 23.5386 21.3838 12.8193 22.5405 11.6812 19.0847 24.004 22.7228 5.81 
7.5975 31.7626 17.6356 38.2211 25.4157 29.6701 15.6116 29.6596 10.1053 30.1356 
25.6773 12.06 16.359 15.3903 15.5598 6.7738 18.1633 7.2338 22.3449 19.2949 
8.9973 18.2189 10.6296 27.7404 14.6865 16.7734 8.9562 23.2637 4.7006 20.9045 
33.3217 28.4066 27.7584 2.3937 31.1352 13.6877 31.383 26.3165 33.5638 8.8372 
17.3022 16.7306 13.0046 10.9526 18.4282 4.9947 13.3296 17.4521 17.6024 11.917 
13.7943 12.7638 5.9751 20.7569 8.6392 9.9293 3.5771 18.9829 10.4831 19.6129 
5.8125 21.627 15.3079 22.5961 17.7672 17.1086 11.1109 26.6394 8.0632 21.8324 
16.2963 11.7818 2.3013 22.8049 6.6609 12.824 0.531 17.3054 9.4798 26.016 
16.3441 27.1686 16.138 35.0111 16.0202 29.875 13.1768 34.3704 6.8802 32.8787 
24.0661 10.4047 11.7663 16.7472 11.5841 4.5525 9.8785 11.16 20.2124 19.4423 
26.4059 6.1388 3.709 32.143 0.2327 14.7268 7.091 14.0913 14.4057 28.1823 
34.8557 5.549 13.8934 24.1259 10.4242 15.1654 16.3883 4.271 26.6852 28.1156 
4.2408 23.5729 17.4582 24.14 27.3912 18.3192 15.9667 33.5691 16.975 18.1206 
21.404 13.5884 7.8172 32.9217 8.4084 22.6554 8.365 23.8329 6.3999 30.0063 
26.909 9.5461 12.6002 16.8323 15.6336 7.4957 14.3998 6.5226 25.742 18.1883 
14.0207 27.1168 21.6742 11.7758 28.7265 16.0652 21.8515 31.7648 22.8128 6.5037 
16.0889 10.0813 3.6501 22.431 6.6487 11.9062 2.0119 15.0367 9.3233 22.5906 
21.4008 7.8026 9.2875 16.5097 9.5346 6.2278 10.9182 8.7153 17.7677 19.0242 
8.051 24.8091 15.7461 27.9413 19.5683 25.1117 13.8 32.2034 5.9384 24.0939 
24.4339 22.8639 15.9422 37.1455 20.9313 32.2611 18.5716 35.506 13.295 34.9819 
6.5705 19.3264 13.8377 22.9491 18.8578 15.6935 11.0176 27.4422 10.038 19.5204 
17.2611 13.0381 9.801 18.2461 13.8183 6.2563 9.0295 15.3754 14.6245 16.9147 
28.8412 25.9588 30.4941 2.94 28.2273 15.434 27.4598 24.0585 34.3759 7.9371 
12.9395 28.4268 27.8908 16.2256 25.2449 16.9033 21.6639 30.268 26.761 12.292 
25.4711 16.7752 9.392 42.5225 10.7813 25.6175 13.3542 25.0522 13.0163 34.1286 
19.4194 13.7057 7.3691 33.2644 8.6639 24.7983 8.7604 18.8682 8.7215 35.658 
7.9296 20.7327 15.1211 25.0713 18.8628 18.1991 11.2289 27.4203 5.3007 24.6334 
6.7342 27.0893 22.1316 20.6013 26.8007 15.8832 20.136 27.3878 19.7177 13.3341 
16.5935 12.378 8.8385 20.055 9.2443 8.3464 6.1345 13.3862 14.0116 17.4001 
22.8743 25.7103 28.9938 6.7598 27.0746 16.3316 28.453 26.9394 31.3767 2.4397 
22.2265 15.3808 9.7261 38.043 8.5382 24.2699 9.1272 23.3235 9.2976 33.9106 
5.45 24.546 15.3498 20.7275 22.1754 19.2279 12.3213 26.7179 13.8522 15.5961 
25.6247 4.5903 11.4425 20.121 11.0313 10.9904 11.0898 3.9936 18.66 24.3685 
13.5074 12.3426 5.4424 27.3851 10.4784 12.5317 3.3616 18.2757 6.0108 19.9029 
38.3032 8.5416 15.9552 25.9861 16.5239 16.5728 21.3753 3.1745 25.6082 26.7112 
27.3197 13.9835 18.223 13.7307 17.3477 4.8986 16.3386 9.8033 21.1112 14.9279 
25.7025 21.2733 26.993 2.2178 23.0861 10.7102 24.4963 21.323 30.699 6.7435 
18.1287 24.1337 19.4706 44.8133 20.2679 31.1501 15.2682 30.4839 8.3956 39.0274 
6.0659 21.8437 15.4186 30.1078 18.7963 18.26 13.3461 26.159 8.6734 21.1088 
18.9502 24.5254 19.8767 5.538 21.6855 9.8447 21.8383 26.6155 26.1054 3.112 
8.0522 26.7493 19.9552 22.0506 24.2991 20.7672 21.9291 31.1138 21.3961 14.0584 
12.5697 26.3661 16.9482 13.5797 25.0022 13.9041 18.1967 25.2254 19.8446 9.9685 
17.9204 7.8322 3.5225 26.038 5.7041 11.9845 3.6447 12.0001 11.9354 20.6103 
7.413 21.8228 16.6855 31.0672 19.204 22.2443 12.1276 27.1099 6.7251 26.2859 
13.0723 17.227 9.2293 22.5664 12.324 11.0081 8.4989 22.7739 9.6377 18.4467 
31.6783 9.0008 18.4129 17.2747 15.9372 11.5733 18.4035 3.4891 24.6939 22.7969 
12.1166 18.6228 15.1661 14.9997 18.0379 11.5283 13.8311 24.9586 13.1806 14.4215 
24.4757 23.2739 18.0209 48.1477 18.3148 36.8355 20.1457 30.6054 14.5251 37.7866 
7.6591 33.3386 27.0354 35.2897 32.8995 31.4659 25.9718 34.3529 21.9547 29.0329 
31.0598 32.3158 28.28 2.595 29.9777 15.3146 25.7803 23.6616 35.0523 5.8755 
21.9929 24.8843 27.9878 6.4131 26.0867 13.3965 22.9316 28.5292 30.8177 1.3698 
27.4689 21.8074 21.7367 2.6472 22.2498 9.0727 25.1515 24.4519 26.496 7.174 
10.0412 30.6197 26.1573 20.0929 29.127 17.1758 19.3437 26.8142 22.5885 10.8461 
22.2932 26.5459 27.049 5.6163 30.4564 13.5836 24.4762 28.5394 31.1464 1.1284 
14.2604 18.3999 7.3947 27.8586 11.851 19.9435 6.7853 22.0746 2.1659 30.6837 
16.3119 13.5561 8.7775 17.8523 12.9075 6.3398 7.2969 14.136 12.5998 16.6787 
19.8931 21.3977 15.5908 10.0126 18.1059 7.1177 13.7869 22.5787 20.3125 8.5665 
12.7636 17.3411 14.7156 13.6517 19.2968 8.0635 14.2819 22.4182 14.7326 11.668 
16.8166 11.0703 1.9689 23.1056 6.0273 13.9891 0.5271 17.1275 9.0757 20.6668 
21.8473 23.8417 25.7067 2.9245 23.516 10.1398 25.8284 23.7388 24.8342 3.9852 
15.4753 12.3994 9.5677 16.2087 12.4571 6.4972 7.6006 16.9245 15.1231 16.7116 
10.0739 19.155 9.6597 26.8558 14.1511 16.7369 6.7692 26.0448 6.7133 21.1302 
16.6418 12.84 10.4558 16.4089 12.5849 5.6135 9.8833 15.1862 15.2793 15.5654 
24.2239 19.3101 18.6392 7.485 23.4212 5.152 17.8182 14.4632 22.4863 10.5323 
28.1419 13.1742 16.6059 15.2921 13.5437 3.6562 13.6381 12.1178 23.6433 16.0864 
11.1731 16.9835 6.1873 24.8099 11.8321 12.7017 4.2114 19.7488 7.644 21.7359 
22.9646 19.6868 17.3965 9.6582 18.1511 3.2938 18.4271 15.4863 23.0064 10.6241 
15.7045 31.8929 25.1174 14.0185 24.3235 15.6452 21.1527 26.5443 25.6305 8.8265 
21.3979 23.3271 26.2052 7.6084 30.0421 12.964 22.8673 25.9724 25.116 1.6223 
21.6015 3.1617 5.4035 23.4714 4.3336 12.6797 6.9096 9.1722 17.0649 29.0135 
7.1001 29.1768 24.5652 21.5643 28.9903 17.969 20.7403 35.6441 19.826 14.5201 
19.4296 21.8187 16.9869 8.269 23.0647 7.3657 19.1382 21.5505 25.6909 6.6243 
10.748 33.0659 28.931 22.1848 26.9093 23.3593 24.1455 33.7192 19.8317 16.4007 
18.387 20.2417 20.0592 10.2378 19.4772 7.8202 16.1106 22.0715 22.3251 7.8387 
20.0353 18.278 12.5253 38.6614 13.3475 25.0391 9.9356 27.2857 5.5877 35.569 
19.2286 20.0578 19.5008 7.4537 23.3405 7.2807 20.3153 21.4819 25.9975 7.4153 
17.6853 11.1527 8.7247 17.0202 9.5389 7.3039 6.5064 12.0058 13.0168 19.4579 
6.0611 26.1165 22.0268 31.9189 24.1683 26.4032 15.9034 38.1599 11.9851 26.0385 
23.4665 14.1868 16.7792 11.1502 18.9897 3.9321 18.4467 15.6573 26.6518 12.4342 
21.361 21.7564 18.0732 39.2472 16.2175 31.92 18.0593 30.5897 13.4913 42.2166 
12.5345 21.2945 15.748 17.5705 19.2156 10.1282 13.7057 20.1644 17.0604 13.2301 
11.8659 22.6289 16.9116 38.2358 15.6412 28.1233 15.1689 32.3636 5.412 27.7866 
19.2317 11.6275 10.7082 14.3462 14.0775 2.9548 9.8023 14.8871 15.2528 12.8974 
6.1797 35.2474 21.9024 28.9337 24.711 24.464 24.309 33.1817 21.2607 19.5289 
18.6084 13.5528 6.2918 29.0445 9.5867 18.6718 5.5923 21.8891 4.1341 27.6125 
33.2512 6.5223 13.9239 24.5238 12.5589 11.0053 15.8131 2.3858 22.4868 25.5887 
32.2963 8.415 15.385 26.6303 16.2908 14.2485 19.8408 1.7101 22.8134 28.7485 
11.1554 33.8314 28.5875 20.2835 31.3614 18.9005 21.1239 31.2352 24.6056 13.2378 
7.8631 23.0587 14.4163 30.0069 17.6568 21.8049 12.1812 31.6 6.5143 27.2701 
26.3738 12.1513 15.0022 15.4568 15.7139 5.0152 16.1856 9.9102 24.0682 17.1013 
18.5749 24.4861 23.3776 12.9486 29.8787 14.7846 19.1855 31.2458 26.0441 6.131 
16.803 17.1737 13.8087 14.3988 14.3141 4.9137 11.8475 16.7187 16.786 12.6146 
11.6764 15.988 6.4458 21.9275 9.5727 13.6565 4.3655 18.6033 5.5373 19.9508 
15.5942 16.2452 10.4613 18.351 12.8948 7.5786 9.8067 20.6694 14.8405 16.5605 
23.2978 12.6699 10.963 14.8146 13.0863 3.1659 11.0708 13.0267 18.5661 15.8888 
13.867 10.7096 3.4891 27.8859 8.0926 13.6145 1.3508 19.9438 7.023 25.3602 
17.0029 26.6634 20.4843 14.2185 27.4605 13.9203 21.0009 30.0953 26.3397 6.5457 
9.98 14.6237 8.2289 24.0014 11.3444 16.0934 5.7457 20.7912 6.1314 23.744 
1.6659 27.1773 19.6047 24.3199 26.4508 22.0231 19.8316 31.0356 15.3811 21.213 
16.5233 25.8781 17.7237 13.3639 23.6814 10.5836 18.1855 24.1593 21.0728 6.7452 
9.8 26.8822 16.7034 30.561 22.919 25.8464 15.1526 35.1424 11.678 25.8648 
29.8581 11.4121 16.5875 18.229 15.6397 8.3185 15.5897 7.3583 23.65 18.9639 
9.8232 16.3491 10.6001 28.7056 15.4187 16.6582 8.3137 24.6827 4.5161 23.695 
30.3702 30.7717 25.9958 2.2096 27.5266 12.4445 25.7916 28.85 31.2199 7.8875 
16.1974 16.9175 12.9493 12.9921 15.1482 5.0458 14.2386 17.3361 18.1299 9.9745 
15.3909 11.7553 5.0058 23.3887 10.1693 10.2531 3.8882 16.9107 10.2414 19.133 
6.2229 24.2725 12.7054 25.3073 17.6329 16.4506 10.174 28.8873 7.6813 23.688 
16.3412 10.728 2.4349 21.4756 6.0843 15.5184 0.5197 15.4603 8.0729 22.9 
14.6012 25.6855 14.2942 31.2803 17.8661 29.1087 13.5154 28.9723 5.6083 35.2934 
20.0226 10.8598 12.7801 18.4437 13.5645 4.3776 12.2662 11.7743 17.8221 16.1447 
24.1958 5.7174 3.9236 32.0459 0.2145 16.5416 6.3256 11.7599 13.7679 30.3117 
33.2861 6.3851 14.5609 29.5125 12.3732 17.6849 14.6939 3.9674 24.0931 30.2551 
4.177 27.6548 18.7583 26.1359 22.1239 17.8386 17.3758 28.5647 14.4475 20.0 
22.6316 15.296 7.9601 35.9848 8.8154 22.5978 7.9106 21.2692 6.2535 34.0297 
30.5723 9.5044 14.9108 14.9962 13.6375 6.9493 16.6242 6.852 22.5922 22.2263 
17.2267 29.8301 23.6795 12.7312 23.7011 15.5479 21.9182 27.4546 22.0624 7.0391 
17.5777 10.2757 3.0138 25.0421 7.633 10.7222 1.5689 16.9185 9.6 24.383 
24.3591 7.8479 10.8606 18.2695 10.5105 7.9215 9.1975 7.2862 20.2163 21.5094 
7.6101 25.9192 13.0442 31.9417 18.8635 24.6263 13.6094 32.1051 5.0822 27.6218 
25.272 21.3527 16.3144 44.9096 19.4309 35.0756 16.5799 31.3008 10.7125 43.3574 
7.8347 23.0622 11.9834 20.8318 18.7558 14.2066 11.9375 25.9885 9.8615 17.2037 
17.6547 15.2635 9.4287 19.375 10.644 7.7718 7.5694 14.4936 14.5161 17.9664 
25.1352 27.5728 29.5126 3.5943 28.4244 16.8565 28.2764 29.907 31.7507 6.851 
12.3131 31.3096 25.2671 19.4559 27.7478 18.1479 22.809 30.7101 25.7992 11.5691 
22.7838 16.5128 10.8908 36.4875 10.8093 27.6826 12.0452 23.7231 12.0023 32.4119 
21.5405 13.8066 7.3738 31.0004 7.5052 24.1999 7.83 21.5654 8.6449 29.1518 
6.887 21.3855 13.508 26.8946 17.5746 18.315 11.9943 27.8102 5.3059 26.4597 
7.1434 28.1756 20.7247 22.6859 22.5668 17.7705 20.5556 27.5606 19.5968 13.8827 
18.2128 11.0655 7.4061 19.2784 9.3727 8.2181 7.4201 15.5243 14.1674 16.0166 
26.5873 26.8634 27.8504 6.5823 29.1283 16.1636 27.7033 29.0277 34.2526 1.8944 
24.5328 13.2308 9.6504 37.6269 8.5939 25.5112 10.1604 21.9563 7.4164 35.3846 
4.9601 23.3017 14.0058 21.8007 21.3882 15.5609 15.0529 28.0976 10.8334 16.3596 
31.4743 5.4855 10.5754 24.5496 10.9317 10.4877 14.4646 3.6866 23.2714 26.5249 
14.4925 14.4544 5.6498 27.7732 8.6796 16.1035 3.0726 21.791 6.6573 22.4067 
39.7539 9.5064 17.4293 24.7652 13.3031 15.8253 18.9332 3.076 27.756 25.7026 
28.2929 12.5619 17.2078 13.4637 18.762 5.2638 15.7355 11.8339 23.9448 18.2704 
29.4702 22.0482 22.9603 2.1288 23.4133 8.8643 24.2752 24.1428 33.3402 6.7413 
18.5527 23.9074 15.9504 40.3666 19.8899 26.7173 15.5689 29.3448 8.8924 34.1623 
5.0586 26.0121 15.1876 27.5874 20.918 21.9191 13.8138 30.4657 7.4643 20.8041 
20.6575 23.9356 24.7649 5.5292 27.3154 11.5599 21.8565 23.8038 23.447 3.6512 
8.1279 28.0053 21.5051 18.024 27.685 19.9434 21.8123 26.7388 16.7948 15.7756 
12.8583 24.3421 21.4191 15.1655 22.0503 12.1814 17.241 27.7805 16.5254 10.4393 
21.2262 9.2986 3.699 22.6546 6.2278 11.6376 3.4893 11.6874 10.0417 21.5596 
8.158 26.2906 16.1436 31.5737 18.9148 25.6202 13.0339 31.0499 5.9751 28.0588 
13.1549 17.701 9.7006 22.1667 15.8887 9.8583 9.3562 20.3296 12.3619 16.7325 
31.8476 9.3364 16.4691 18.7581 17.1179 11.0467 17.24 4.0949 23.8619 21.278 
12.1622 21.7528 16.9137 18.6845 18.1738 10.5238 12.4189 25.8663 14.8352 11.0937 
27.7994 29.107 21.7331 42.0341 18.0433 32.9782 17.6082 32.0904 15.5308 47.1945 
7.1356 36.2301 31.1165 28.8925 34.7346 30.7949 21.8086 39.1406 23.1212 26.5239 
26.3609 27.3085 31.0121 2.1892 32.7567 14.3139 24.7058 22.5047 32.1982 5.8855 
25.2847 26.4231 21.8374 5.8147 28.3627 12.1674 21.1755 26.4828 27.0308 1.148 
28.0723 24.0939 21.9077 2.4416 25.5179 10.7316 19.9502 20.0305 31.4517 6.5779 
10.5777 28.1402 25.1179 19.1209 28.0542 16.1426 23.5951 32.2038 23.0805 10.7853 
25.7038 29.3302 25.9238 6.3602 28.8624 12.1776 27.3713 26.4659 31.1546 1.083 
15.9862 15.2445 6.8076 29.1827 11.1249 18.4187 5.7205 21.1589 2.1121 28.3581 
14.577 12.9735 9.3854 15.9734 10.9804 7.5707 8.146 16.4913 13.2654 16.1204 
17.7599 21.3921 16.0489 11.8386 16.7668 6.8791 15.9396 20.1111 19.4044 8.6679 
14.578 19.5717 13.8149 14.154 18.8178 8.7536 14.329 19.5892 14.4498 12.3343 
18.7519 10.8044 2.1524 23.3794 6.2486 13.1206 0.5006 13.9467 9.0928 20.8717 
24.3088 24.2596 22.8849 2.9245 29.6794 9.9847 24.5518 25.7279 31.0102 4.0061 
15.0826 15.2886 8.9808 18.0108 13.4785 6.5642 8.1543 14.3631 16.0446 14.5525 
9.0794 18.2723 9.8594 28.3757 15.1477 17.9648 7.866 21.313 6.6404 24.4854 
16.5364 11.8551 9.4402 14.966 10.9981 5.4667 9.4432 13.5789 15.7326 14.242 
28.0503 18.0334 17.8986 7.9508 19.5758 5.7176 17.774 14.1855 23.7347 10.9946 
24.5228 12.4001 12.9937 13.9557 15.0593 3.2845 13.3324 10.494 21.9676 14.5155 
11.264 15.3481 6.0826 27.6851 11.4676 15.2112 5.008 19.0385 6.3793 18.5893 
25.7931 15.4409 19.0036 9.224 19.2493 3.3741 14.881 16.7964 26.4061 10.9205 
14.8256 25.988 24.304 14.7803 26.1058 16.8764 19.495 27.2307 22.0457 7.3755 
21.5443 24.398 27.4948 6.937 27.1798 14.4222 22.8542 28.0478 24.241 1.253 
26.5522 3.2762 6.0948 28.37 4.0057 12.6038 6.7253 8.2461 14.9466 26.9857 
6.5555 26.8734 20.6335 23.151 25.9702 18.87 20.5077 27.1505 16.6904 14.2783 
20.3623 20.3888 20.0059 7.7489 25.1471 6.9482 18.0361 24.581 23.5516 6.437 
10.83 34.0093 26.9846 22.9598 31.9954 23.3084 20.6186 31.0632 23.2831 17.1235 
14.2149 21.0301 19.6915 10.999 22.2732 7.9289 14.299 19.4973 19.2268 7.8568 
EOF