I 100
J 10
bounds (0, 100)
cv 1.5
D 100
k 5
t 3
FLR 0.8
FCR 2
abounds (80, 120)

a 
117.0 114.0 115.0 
109.0 105.0 123.0 
109.0 91.0 129.0 
115.0 118.0 107.0 
115.0 110.0 116.0 
106.0 106.0 116.0 
108.0 128.0 103.0 
118.0 124.0 118.0 
131.0 121.0 109.0 
113.0 130.0 134.0 
105.0 104.0 109.0 
115.0 122.0 132.0 
128.0 117.0 96.0 
124.0 115.0 107.0 
106.0 111.0 129.0 
116.0 114.0 104.0 
111.0 116.0 103.0 
127.0 129.0 106.0 
128.0 115.0 123.0 
113.0 119.0 118.0 
123.0 122.0 123.0 
101.0 107.0 118.0 
110.0 125.0 121.0 
121.0 122.0 135.0 
105.0 118.0 111.0 
106.0 119.0 106.0 
127.0 134.0 95.0 
112.0 88.0 118.0 
102.0 114.0 125.0 
109.0 116.0 118.0 
113.0 112.0 108.0 
103.0 103.0 129.0 
107.0 113.0 115.0 
119.0 116.0 119.0 
98.0 131.0 108.0 
120.0 112.0 134.0 
130.0 113.0 122.0 
115.0 103.0 132.0 
125.0 118.0 113.0 
135.0 105.0 129.0 
120.0 96.0 123.0 
84.0 118.0 114.0 
123.0 118.0 107.0 
123.0 109.0 119.0 
121.0 121.0 114.0 
121.0 135.0 120.0 
97.0 121.0 103.0 
111.0 107.0 109.0 
127.0 112.0 118.0 
118.0 118.0 109.0 
102.0 99.0 125.0 
117.0 121.0 120.0 
125.0 129.0 113.0 
118.0 133.0 104.0 
115.0 129.0 122.0 
108.0 115.0 119.0 
108.0 114.0 104.0 
121.0 105.0 113.0 
105.0 110.0 102.0 
110.0 122.0 121.0 
110.0 116.0 106.0 
100.0 122.0 108.0 
120.0 115.0 122.0 
118.0 109.0 119.0 
121.0 134.0 106.0 
115.0 114.0 114.0 
133.0 91.0 115.0 
128.0 105.0 123.0 
108.0 118.0 114.0 
123.0 110.0 107.0 
120.0 121.0 117.0 
116.0 94.0 119.0 
121.0 109.0 104.0 
121.0 105.0 129.0 
107.0 141.0 119.0 
111.0 141.0 122.0 
129.0 108.0 93.0 
122.0 115.0 117.0 
116.0 116.0 104.0 
121.0 121.0 102.0 
88.0 100.0 104.0 
123.0 105.0 121.0 
131.0 114.0 126.0 
109.0 104.0 105.0 
107.0 116.0 107.0 
104.0 119.0 98.0 
99.0 106.0 114.0 
121.0 121.0 130.0 
110.0 112.0 123.0 
140.0 127.0 116.0 
99.0 113.0 113.0 
115.0 115.0 111.0 
101.0 145.0 95.0 
116.0 116.0 116.0 
116.0 109.0 99.0 
118.0 114.0 106.0 
95.0 129.0 117.0 
118.0 116.0 106.0 
117.0 109.0 124.0 
115.0 95.0 115.0 

Icoords
39.2056 20.0989
65.4182 28.5967
94.2054 59.9434
58.8252 96.9904
24.9349 24.9007
51.5308 63.8786
94.3092 38.2786
93.2855 93.6735
55.5268 3.1331
27.7021 52.55
87.8671 13.7601
24.9891 58.2179
79.3315 32.4596
9.3995 84.1387
86.9608 68.5146
0.9902 90.8455
36.1802 43.9717
19.9126 48.0024
28.0776 88.9402
0.0471 77.7169
33.7136 84.6728
54.1911 41.3785
0.3758 35.1882
90.261 47.5363
63.266 47.1535
8.7614 41.6143
19.3976 16.8991
91.8059 2.2094
75.716 18.6845
65.3588 10.5782
32.1806 40.3959
24.5248 16.5812
59.3293 3.5647
93.2152 53.4662
69.6967 13.2679
3.9782 45.9399
74.2566 78.1854
46.0537 32.5706
47.3837 32.8435
51.4373 27.8544
1.9358 64.7924
82.8519 1.6455
47.5741 6.7574
66.21 31.7418
37.3653 95.5988
39.9643 58.2862
46.6211 91.0195
20.8576 31.9624
75.02 66.5589
26.2792 99.3443
40.4759 87.9234
86.9583 76.7787
47.347 31.0382
77.3309 97.7761
21.6578 79.5765
32.1688 61.2131
64.5683 74.059
87.2402 0.3603
68.4393 54.6141
77.4226 74.5249
6.9243 54.3341
41.0261 30.8431
9.145 37.0706
38.5444 13.3791
47.1318 96.0288
30.5902 17.1279
82.3281 53.0648
3.6521 97.0436
55.2005 14.4852
61.792 66.0456
59.6721 98.5847
20.9315 88.3614
64.689 44.5945
26.685 41.384
93.3308 99.9931
84.3029 43.0584
31.6833 49.0501
47.5939 31.7936
53.1398 5.0321
65.1469 98.9455
63.4527 88.7053
59.3587 58.9131
92.4243 46.5085
58.724 99.2749
78.7205 16.5976
90.6285 90.8105
21.6225 48.7957
60.9007 32.3386
44.9807 69.01
64.5552 14.2864
93.0559 15.7797
19.5236 36.9299
22.68 96.6849
12.5485 65.8441
41.0351 6.5648
58.604 62.5871
35.9013 32.5161
76.4921 92.719
69.3799 10.3548
13.7299 95.0975

Jcoords
1.1401 17.575
48.8038 37.2223
63.0432 74.1186
54.3937 97.7027
36.7198 22.0244
30.9331 81.9868
80.5155 79.7494
63.8891 53.5639
91.1195 58.4963
23.0788 75.4687

C
12.2382 7.6969 18.8473 24.7666 1.125 22.3154 28.022 13.0821 20.1397 21.7994 
19.7409 6.2244 14.7099 23.4432 11.1524 24.2095 17.1682 9.7405 13.4606 24.4063 
38.2948 17.8963 11.746 16.7244 22.8771 21.9968 9.4863 12.2031 1.272 25.1164 
31.547 22.938 7.682 1.6638 26.1748 11.9686 10.4625 15.3023 15.5212 15.7387 
7.723 10.4895 19.8878 29.7888 4.7201 21.4907 29.2514 17.8702 28.6353 17.8372 
25.8271 9.5954 4.6284 11.7653 13.4613 8.6693 12.0252 6.3085 12.1337 9.9447 
33.7768 15.0072 15.0008 27.2526 22.9304 24.4201 13.8238 12.9062 6.4617 24.4198 
43.3449 21.8558 14.3875 14.0486 28.5271 25.1913 7.0528 16.2761 12.6948 22.6217 
17.4892 12.2792 25.0623 28.9498 8.5115 29.9921 27.2228 19.6861 21.9238 25.1397 
16.1443 10.3463 13.663 20.7972 12.2353 8.967 21.5287 13.8252 21.6501 9.0295 
30.7311 14.6637 20.6364 27.2829 19.1441 29.5198 24.9588 17.5045 17.6188 30.0809 
18.0342 9.8642 12.4429 19.3871 12.6012 7.7423 23.6612 14.4917 25.0438 5.8924 
27.7709 10.3443 14.09 24.6838 14.1703 21.19 14.8158 9.8797 11.3123 24.9183 
22.8924 19.8817 21.5175 16.7911 24.1571 8.1565 23.2065 19.9004 29.4546 4.8878 
36.936 17.4739 7.4654 15.9975 23.3828 22.9462 4.0502 10.1199 3.3388 23.3454 
22.1424 21.7113 20.4629 21.4883 28.6522 11.4099 26.1684 25.7447 38.0833 9.1884 
14.6263 5.222 16.1193 18.4953 8.2042 14.8935 21.1076 11.2304 20.469 11.926 
12.0235 11.163 18.6256 19.6956 9.3163 12.5257 21.0376 14.7165 28.2938 10.8823 
24.9206 21.9411 13.6452 10.8561 22.1104 2.8414 19.8788 19.2544 24.9018 4.9228 
19.7719 20.7253 24.9556 18.4312 24.1457 11.2091 30.467 21.788 32.3169 8.6849 
23.2486 16.6605 10.5077 7.543 20.3967 1.4579 14.3863 13.8037 21.6975 5.3699 
18.351 2.0583 11.8094 22.1637 8.4243 16.6083 14.7183 5.1611 15.5729 14.229 
5.4934 19.2526 26.8099 27.2975 14.3408 17.6226 28.178 25.4621 37.3914 14.9996 
32.7574 16.8406 13.3538 23.2802 20.1412 20.9108 12.9673 8.8406 3.7147 22.8968 
23.3878 5.9193 9.581 18.7889 13.2946 18.3595 13.1473 2.1087 10.096 17.6978 
9.2779 15.7102 19.7211 23.8828 11.2213 17.2817 25.7752 22.1909 25.5238 12.979 
7.1691 12.1071 24.5761 33.9898 6.0733 25.8591 28.2815 20.138 25.2632 18.8321 
30.3831 18.4161 30.5068 33.3219 17.58 32.0113 29.3685 17.7577 17.9456 39.8387 
27.2158 12.2808 19.8001 29.0712 12.1448 28.6051 21.6346 12.478 15.8158 23.7859 
25.1547 11.9827 21.9869 34.7296 10.3875 25.6054 27.5106 13.2903 21.6255 23.5523 
14.382 5.9892 18.0385 24.2957 6.9338 14.3303 23.654 10.9148 21.7028 12.356 
7.6139 12.4314 23.6802 26.0979 4.1079 19.8536 33.6799 18.5854 26.2816 22.4783 
18.0933 11.2248 23.3857 37.0565 9.8335 25.1633 24.4581 19.4551 21.1981 24.4474 
38.6102 18.0265 12.9397 22.1297 25.4354 20.6396 9.6884 11.6367 1.9786 23.4633 
26.3777 9.844 19.5271 28.5405 11.0002 31.1095 26.06 14.9618 15.0787 24.2522 
9.4927 14.4485 23.4546 21.7133 12.6057 15.6456 32.6991 18.6195 31.5628 12.569 
35.6714 18.8422 4.7414 11.1026 25.6084 13.708 2.1496 9.9648 8.5288 19.721 
17.2357 2.1464 13.8567 24.2431 5.4855 16.878 21.7399 10.4815 16.7047 18.2633 
15.4863 1.4123 16.4708 20.8758 5.0602 17.1329 20.7714 8.4347 15.7588 16.5309 
15.7296 3.1606 16.6751 24.0283 6.2529 17.4294 19.577 10.8894 15.1159 17.2299 
18.7574 17.3513 19.3234 21.6124 17.0013 11.4115 24.4611 20.9917 34.8772 9.415 
28.8212 16.1176 24.1322 36.0563 16.1486 32.4086 28.0675 20.9319 22.0661 34.9745 
15.7765 9.9915 21.8955 28.336 6.1648 24.717 31.4478 19.3713 21.0178 28.566 
20.1847 5.8943 13.0715 25.1894 9.3678 23.3659 20.0225 8.5652 12.9991 20.7843 
30.3145 19.2677 12.7416 5.1645 25.3179 4.7725 15.4823 18.8973 25.7604 8.5902 
19.9989 8.7308 9.7257 14.9178 14.2751 8.9861 16.6961 8.0938 16.5284 8.5401 
26.0196 17.5308 7.753 3.3407 23.0504 5.6752 11.5015 12.6621 20.7184 10.0021 
7.408 9.4809 18.7802 27.1437 7.4667 16.7783 30.1469 16.1492 25.5808 14.2015 
29.2169 13.5578 5.4925 12.0058 23.2605 15.0308 4.927 5.3504 5.6825 17.1064 
33.654 22.1763 14.4459 9.0317 28.2126 5.6266 19.7281 22.9942 29.5502 8.4962 
29.3783 20.321 9.6428 6.0011 22.9371 3.4705 13.2118 14.6522 21.9236 6.9301 
38.6799 17.3835 8.9657 13.9115 27.3237 22.1804 2.1376 10.0246 7.1325 25.1163 
15.1027 2.3641 14.2963 23.0939 4.4662 21.3467 17.9682 8.4121 20.3587 17.2028 
43.8727 21.5939 9.2115 8.1726 26.0947 17.5459 5.7682 15.1339 15.9775 22.0031 
19.9647 19.1619 14.4266 13.1117 18.7157 3.7874 20.4944 15.4156 27.2938 1.4448 
17.1879 11.3798 13.064 15.1717 14.2777 7.7831 20.5716 11.2115 20.0173 5.2818 
29.3443 12.0926 0.4628 8.9369 20.9691 12.5303 5.3133 6.6133 9.9314 15.7958 
33.7871 20.349 26.1444 31.0054 18.2169 33.4776 27.822 21.9976 22.2807 31.3338 
26.971 8.1681 7.7529 17.7111 14.6893 16.5903 11.1404 1.7516 7.4576 18.6918 
36.2507 17.5511 4.9974 13.0366 24.1409 16.1311 2.4043 8.5555 6.9661 20.2189 
13.8985 17.5759 21.963 24.2531 14.2841 11.9824 25.2722 18.1506 29.2345 9.3265 
15.7967 3.4272 16.5036 21.7162 3.4869 20.3933 19.26 12.1518 22.7275 17.893 
7.3404 14.9198 24.8793 23.5968 10.6269 19.6442 26.6771 21.8808 33.2389 13.2797 
13.5801 9.2873 21.6196 31.5402 3.1482 22.7242 28.6861 15.892 26.5758 21.8643 
33.8754 22.585 8.7354 2.8594 29.7065 8.3371 12.7507 16.0877 17.6247 11.4167 
10.6062 10.1729 24.4428 29.0196 3.0251 23.9981 27.8464 19.586 22.002 19.3467 
27.5919 11.654 9.5732 18.2302 21.6262 21.6494 8.1388 6.5667 4.1274 21.1188 
30.8969 26.9964 25.2611 16.5482 28.35 9.9557 30.5056 25.2437 35.5766 10.8987 
17.6849 7.5394 19.4515 28.6282 7.4229 23.1333 23.1006 13.9595 19.5874 20.9673 
29.7596 12.3897 2.9222 9.8441 17.9743 12.4206 8.4806 4.3475 9.5091 15.2401 
34.8301 24.2477 7.8488 1.6504 26.6796 10.6267 9.6078 16.3553 16.8546 15.6208 
23.1749 21.8289 15.5193 13.577 21.698 4.4986 21.2638 21.8147 28.9092 4.5942 
26.5998 6.3921 11.4199 20.8381 13.1576 18.3869 13.5283 2.7492 11.0704 19.5077 
12.7109 8.1137 14.8139 21.0768 7.7345 15.4765 22.6271 11.8616 25.6739 12.5618 
49.2415 23.1418 15.2648 12.4892 31.2473 23.0745 8.7642 19.1265 13.8256 25.143 
27.99 14.2463 13.983 20.9308 17.3919 22.4203 13.9355 7.8541 5.1809 21.7103 
13.276 7.1083 14.6139 17.3587 8.371 11.5407 17.9847 12.657 22.2133 10.0358 
18.0867 1.7537 15.0894 24.4959 5.5738 15.9928 21.6155 8.8351 18.5617 16.5531 
21.0487 9.7475 21.196 30.9641 8.854 29.7231 27.5566 16.3589 23.4321 26.9036 
31.7727 19.4807 7.7663 3.3763 28.8168 14.3389 9.1033 16.439 16.214 14.9489 
33.3717 18.1187 5.5407 4.6079 21.825 11.0909 6.1685 13.3337 15.0583 15.1598 
28.318 7.2971 5.0113 12.2637 14.6638 12.4955 9.039 2.6147 9.907 12.7971 
31.2752 14.5657 15.6354 23.1501 22.7632 26.2103 12.655 9.0682 3.9034 27.7904 
31.5654 22.0508 9.9954 1.6009 29.9124 10.3621 11.6774 17.8671 16.3532 14.7966 
25.3398 11.7442 20.2526 26.5202 15.9108 24.5319 20.7474 13.4468 15.0004 26.6992 
45.1442 24.9071 12.1457 12.6883 29.7663 19.4971 5.4194 16.4055 11.3856 22.3049 
14.5476 8.9248 16.5015 18.5209 9.5554 10.9036 26.4332 16.5503 25.2685 10.5649 
18.9227 4.4616 15.3367 25.8742 9.5139 20.0824 18.9789 6.4904 12.0062 22.9458 
21.8093 11.7502 6.9697 9.7447 18.3526 6.0509 12.1946 8.792 14.7454 7.46 
24.1174 10.075 23.7909 32.9493 10.7503 23.3723 25.8472 15.5757 18.9184 28.9085 
33.7671 17.9729 25.803 33.3091 22.219 30.5414 23.3827 17.9711 14.2478 35.0888 
10.5521 11.4755 19.6464 24.3199 7.0251 18.0617 23.4372 18.0002 26.6792 12.6054 
29.9755 25.9013 17.7111 10.2107 28.6479 6.4629 22.3459 19.7666 26.2158 7.9872 
15.7774 15.2155 18.0726 18.4548 15.5237 8.7563 23.6291 19.9067 23.8399 5.2584 
12.4366 12.6474 26.4513 30.8758 4.8922 27.7292 32.1309 20.0839 28.7221 21.4043 
25.0371 10.7735 4.0307 13.1283 14.9561 12.105 10.3454 3.5617 11.8241 14.73 
13.1594 5.3274 16.1488 21.1814 3.8874 15.7859 25.5991 12.2496 18.3135 13.7211 
37.5545 21.2234 7.5286 7.317 28.0656 16.2791 4.6115 15.1906 14.6601 21.4472 
21.2175 11.2523 25.2018 27.7748 11.8579 30.8768 27.3188 16.9348 19.856 26.9814 
27.5198 26.9544 17.5883 15.3861 26.5204 7.8775 25.6974 24.5187 27.5573 8.4944 
14.6531 5.9086 20.5714 24.4029 1.1376 21.9908 24.0676 14.5958 22.4513 18.6679 
22.5648 6.1982 17.062 21.3019 10.8256 20.1609 20.907 8.7224 15.7238 19.0564 
35.8406 19.2214 11.5234 18.6284 25.2323 22.5797 8.6773 11.0011 1.1694 27.9775 
34.7174 22.0108 7.0331 1.3645 29.1214 10.857 8.8471 16.6052 19.6866 13.5607 
9.8592 10.4975 19.5205 27.3149 3.9571 22.8396 24.0118 18.0782 22.7939 15.4792 
25.3412 10.2546 5.7255 11.2494 14.114 9.5524 12.3953 6.1298 13.6519 11.2965 
36.5542 15.1119 15.8759 26.5295 23.6964 27.6151 14.1122 11.0202 6.6316 26.0189 
38.4452 24.745 13.6816 15.1825 35.1363 24.5316 7.4723 18.9018 12.367 23.3107 
19.7794 11.1847 27.6749 29.4795 8.8127 26.0273 24.4828 18.6177 21.8711 27.415 
16.6932 8.8649 16.2092 20.7395 12.3849 10.8267 23.5247 12.674 19.8348 8.1714 
32.2589 15.3745 24.2064 31.8556 16.3463 27.867 21.1144 13.9544 16.5154 27.8978 
16.5168 9.807 16.0186 17.8856 11.7604 8.715 21.8924 12.3722 22.5903 6.3853 
31.1537 10.1991 14.8146 24.4463 13.6219 26.5845 15.743 9.7464 11.3552 23.5162 
25.0388 19.1219 20.2733 18.7883 20.8593 6.8169 25.793 22.1122 30.9277 5.5518 
39.0917 17.6368 7.5391 16.5747 25.2925 18.123 4.1875 9.2677 4.0373 20.4923 
28.8467 24.3264 20.7842 18.134 26.0778 10.2858 29.597 25.1671 36.3788 9.4763 
16.0653 5.305 13.6279 18.8867 8.5357 13.37 20.6576 10.9724 19.6564 13.4747 
10.7543 11.018 15.5247 19.5141 9.437 12.2792 27.3249 16.7068 28.2938 10.2575 
27.1785 21.8408 12.6502 9.8826 26.071 2.8669 18.2497 17.0697 23.5087 5.6427 
22.4667 19.1724 21.4473 21.0021 22.3786 11.4461 25.5891 22.9142 36.9429 6.984 
29.484 16.3368 11.2308 7.9634 19.9075 1.5425 15.2945 13.2749 21.8804 4.7848 
23.1016 2.6965 11.2532 22.3271 10.1426 17.357 13.9831 5.485 14.3356 17.7874 
6.8157 17.7063 23.9327 31.3707 14.766 19.0869 28.9208 25.9117 35.2272 14.1997 
32.024 14.3799 11.9956 22.497 21.6477 26.7079 11.5066 8.3672 4.393 22.4821 
23.1538 6.3509 9.8264 18.0191 13.0789 17.3139 13.1288 2.1467 11.1216 19.5807 
9.8503 13.2328 24.0741 25.3434 12.6517 18.3549 30.8132 18.5131 28.6176 13.2731 
6.9974 13.4082 28.0881 30.8462 6.832 24.3321 32.5421 17.3476 25.5202 17.7757 
36.0846 18.0279 29.593 40.8088 20.2261 33.2155 30.011 21.9955 16.9098 31.4511 
24.7172 12.6272 21.017 27.3442 12.0313 30.8383 23.8152 14.3784 14.1467 28.3387 
20.1483 10.7343 21.4655 29.8121 9.8169 28.2928 25.1667 17.1742 20.4884 23.4439 
12.1321 5.0821 16.9323 19.9872 7.4693 15.8075 19.1975 13.1911 20.6916 13.7329 
8.4448 11.9375 22.7662 28.9161 4.4618 23.3762 30.8099 20.6919 26.1321 17.9249 
18.9911 11.172 25.5759 32.6165 9.5095 33.0367 27.1071 17.7631 20.7982 32.1456 
36.2582 15.2932 14.4644 19.4459 22.5259 25.8046 8.9498 11.6836 1.7061 24.8011 
21.7203 9.79 23.8304 27.2362 10.7614 24.5057 24.2482 12.857 17.6961 23.4049 
9.6409 15.508 23.0292 28.0502 14.0816 17.4596 30.7663 18.5168 32.6017 13.3673 
31.6256 18.7843 3.984 10.6961 20.8528 15.9652 2.5012 9.1152 8.3473 17.8042 
18.2821 2.0513 15.0059 23.7703 5.5869 18.8262 19.6599 9.3356 16.5435 15.6403 
17.6729 1.4933 13.5925 22.8721 4.9098 17.8999 18.9395 8.9565 19.9216 18.6506 
16.9463 3.1772 17.9725 23.6648 5.5422 22.0081 21.9029 9.3669 17.1966 17.5126 
15.5084 17.9549 24.3922 19.0487 17.0178 11.698 31.9482 24.3099 34.5911 7.2075 
31.9264 14.7929 28.4824 32.1391 15.3921 37.4785 31.0289 19.3787 17.8321 37.7671 
16.4439 10.836 22.4761 35.6777 6.5375 29.1241 30.3507 17.1953 24.4599 28.639 
24.3002 6.2994 12.9057 25.7322 11.6655 20.2717 15.6142 8.3962 12.7541 22.676 
32.7834 22.8429 12.9793 5.6724 26.9219 5.7526 15.0686 18.1319 23.8989 8.4026 
20.2915 8.443 10.9347 15.7069 13.7472 8.4712 16.4025 9.6497 15.4848 8.0029 
33.4488 19.7814 7.3123 3.2157 25.9918 6.678 13.141 15.9987 17.2571 9.5055 
8.5894 9.8676 20.8258 22.8707 7.287 15.3291 28.8016 16.7848 26.3093 14.0708 
32.9399 15.706 4.7106 12.8052 18.9608 17.6558 5.5043 5.9407 5.7402 16.0365 
32.8413 23.4318 14.4994 8.4712 30.6703 6.6078 19.2955 18.7461 23.8026 7.6652 
31.627 16.4829 8.2989 5.336 24.2572 3.7256 14.8178 15.754 19.692 7.8159 
38.1065 17.9331 7.6519 14.4727 23.415 22.2479 2.4399 11.2486 6.525 20.1454 
18.9385 2.0992 17.162 24.0994 5.2159 21.0898 21.8459 10.919 16.8863 19.1266 
36.5164 21.3596 10.2368 8.9478 25.9314 17.7272 5.6949 15.8409 13.6379 17.6799 
20.4153 18.5884 16.685 11.5625 20.0185 3.5114 18.3755 17.2607 25.5372 1.3935 
17.536 9.7216 10.397 14.7402 14.6999 6.3597 17.4027 11.0419 18.6364 6.2489 
33.6334 13.8796 0.5228 9.843 22.4446 11.5247 6.1903 6.3119 10.707 14.978 
32.031 20.2478 23.6448 34.0155 19.4482 38.3862 27.6307 19.964 22.5195 30.0496 
25.1888 9.2331 6.2958 18.1099 17.7454 15.5177 8.7171 1.5378 8.9762 18.7318 
29.4347 16.9917 4.7629 10.132 22.6728 18.7538 2.0418 7.7521 6.6899 16.3219 
12.2612 13.9522 22.8199 23.5844 14.2138 12.1435 27.4443 18.6463 33.5422 9.7707 
16.6122 3.1686 16.3337 22.2344 3.2612 18.4749 19.9766 10.0985 22.1381 18.7636 
6.352 12.3578 22.3613 26.0632 12.4803 16.4542 26.6272 20.6401 30.4175 16.2575 
13.343 9.1679 23.9708 27.0013 3.3646 25.8374 31.2775 16.961 27.2339 20.8917 
28.1007 23.2674 8.8031 2.7633 24.8264 6.6671 13.4564 16.4711 19.5445 11.7047 
9.0511 10.2163 20.2062 32.7667 2.4446 23.356 25.0754 19.2997 24.8466 20.5761 
32.3412 13.9418 10.0386 18.7515 21.6593 21.6435 10.4898 6.5704 3.187 20.2636 
30.1973 27.1013 24.8664 19.6234 27.2596 10.5664 28.8353 24.6865 35.8156 11.5287 
16.9702 8.3047 19.1568 25.7903 7.6524 27.222 25.0957 14.8282 21.7347 21.9736 
30.6292 11.1757 3.0374 10.2764 18.4202 11.5696 7.0838 4.9538 10.4812 11.973 
36.619 23.6993 9.2121 2.0523 28.5738 12.2463 10.3579 16.0931 19.8709 13.0974 
25.9973 21.9454 17.0085 13.6847 24.7461 4.1843 21.2577 17.6519 23.73 4.0492 
25.9852 6.1539 9.8024 21.5522 13.3445 15.9638 12.0016 2.7393 9.5056 16.5077 
11.4992 7.326 19.1045 24.8993 7.3682 14.1661 26.395 14.3944 22.9205 12.2704 
49.3034 23.5574 12.5042 14.0377 32.6059 22.0224 7.6861 16.5481 12.554 28.0822 
26.9985 12.5987 13.6216 22.619 20.1336 21.0727 11.7371 6.9449 5.3665 24.024 
15.0128 6.7358 15.9629 17.509 9.938 10.2064 20.9668 12.4651 22.8512 10.1552 
18.5337 1.8488 14.4586 21.501 4.7333 20.0174 21.3537 9.2566 17.2391 17.2693 
16.6732 10.8064 23.2131 28.5266 8.0104 31.0687 25.9254 18.894 23.0058 28.5732 
32.8908 24.3142 9.9165 3.6523 26.1106 14.4382 9.8263 16.3663 17.161 17.5552 
30.6199 21.2607 4.7513 5.0727 27.8739 13.0468 6.604 11.3972 14.6978 16.8509 
24.498 7.3164 5.781 12.4631 15.7112 13.5573 10.4703 2.7514 10.8695 15.1898 
35.6227 15.1678 14.1759 21.1285 24.041 27.0267 13.2411 10.2675 3.8358 23.9427 
35.4936 20.9071 8.3516 1.5327 28.4505 10.5749 10.7323 13.842 17.6344 15.4824 
29.7933 11.6896 18.5058 28.1798 16.1353 29.0106 22.7881 12.0209 17.2507 27.404 
45.5026 26.2259 10.4755 11.9248 34.8439 22.0618 5.7716 18.0011 12.0255 27.2162 
11.4596 10.204 16.4287 19.5865 11.5225 11.5792 26.5929 15.9505 26.9877 9.5605 
19.1628 4.5255 15.0564 26.0647 9.372 20.6391 17.2139 6.694 13.9447 19.8424 
21.0456 10.7737 7.3488 11.9279 17.0264 5.7621 12.7663 9.7002 16.0515 7.3572 
20.5106 9.5797 18.1828 25.2099 9.6322 26.3127 21.2855 15.0336 16.4685 24.4809 
32.1675 14.9832 24.6286 31.0082 21.0627 29.9059 20.0647 18.5343 13.6235 28.3286 
9.1453 9.1417 17.7917 25.1537 8.2767 15.7843 29.5405 16.8393 24.4958 15.3765 
29.4754 25.2129 15.1492 10.014 28.5416 5.8105 20.5802 18.7049 29.4526 8.4413 
15.2666 14.0237 17.7656 16.3931 19.8125 9.3778 27.7222 17.0613 26.0337 5.1343 
13.8106 11.7556 22.1671 31.5022 6.096 23.4602 32.0312 19.0283 27.6038 25.5698 
28.8766 9.7538 4.2741 13.4218 16.2281 13.1222 8.5419 3.4854 10.8639 14.9832 
13.8556 4.649 16.6704 24.82 3.7054 15.2738 22.0126 12.029 20.0283 13.8063 
42.5029 19.7039 8.5914 7.0792 25.8593 17.7395 4.7432 14.8615 12.7508 16.9512 
25.8494 10.1626 25.298 26.8531 10.4082 31.389 25.1049 15.284 17.9121 24.4806 
26.8365 24.5655 19.389 12.7824 25.5935 7.406 26.7802 24.0889 31.1529 6.5942 
12.7876 7.4967 20.8607 30.9267 1.1423 24.8067 27.8986 13.6019 25.0406 17.7567 
21.5018 7.0705 17.2535 23.9261 11.332 19.3409 16.5602 8.4647 13.851 21.8609 
32.3537 16.8149 12.0301 21.4597 21.4378 22.3117 8.7351 10.4466 1.2461 26.3322 
35.3358 19.6231 8.0587 1.5741 29.9342 12.4817 9.332 16.4959 19.0837 15.8514 
9.2916 8.1498 24.8239 24.3463 4.5333 19.143 28.9937 15.6504 23.5213 20.2105 
21.153 9.7642 5.6269 11.6397 13.9053 9.3577 10.8025 5.1801 12.1736 11.4102 
28.9761 14.4837 18.8533 27.9469 19.346 23.3346 13.6533 13.0594 7.3807 24.2832 
43.56 24.5006 12.6913 13.1767 29.5313 23.0915 7.0755 17.7083 11.6023 25.9 
21.068 10.7399 23.8631 29.1579 9.8923 32.8335 26.9326 19.41 20.048 25.3617 
15.8105 9.4152 15.6627 16.7532 10.2428 10.3736 20.6733 11.1681 21.5164 8.6391 
28.309 14.0121 21.1259 31.4218 20.5274 30.7639 21.9045 16.4079 15.7169 29.7678 
16.5733 10.6643 12.6161 19.1114 13.872 7.5781 21.7316 14.7268 21.5521 6.4478 
31.3208 12.1765 14.3181 24.7118 14.6616 21.197 18.3968 8.0466 8.9058 24.4509 
22.282 20.4698 17.5065 16.2647 26.6339 7.0181 27.0399 19.1631 33.7284 4.9331 
31.946 17.3604 8.62 13.7321 22.8146 20.7852 4.8532 8.3714 4.0417 20.4538 
24.3918 24.2474 19.4667 16.6371 29.3734 11.9626 30.1189 27.4337 36.0245 9.1695 
17.0787 5.2764 12.7557 21.593 8.4105 14.7554 20.9253 9.26 20.9691 10.2749 
12.9102 11.1506 20.0173 19.2601 10.2322 13.987 24.082 13.7901 22.8524 8.6981 
29.2457 18.6148 12.411 9.6329 24.1346 2.4159 17.5896 18.147 21.8285 5.2145 
18.605 24.1605 20.0086 22.2934 25.486 9.6844 25.7984 25.7197 29.1615 8.0022 
25.0163 16.7152 11.7576 9.5302 24.0031 1.3044 17.0452 16.8114 20.5744 4.9437 
22.398 2.4665 11.6636 18.7054 9.522 14.1936 18.2548 5.4523 15.3165 17.2198 
6.6306 16.3249 24.7811 26.6779 11.8321 17.8014 32.2952 21.0256 35.7518 16.8537 
32.4565 13.6579 11.6798 23.0212 21.3689 23.2845 13.3745 8.1751 3.9291 25.0141 
24.8465 6.4333 8.6992 17.3673 14.3473 17.1238 13.0809 2.128 10.4509 16.9555 
8.4911 15.9237 20.8284 22.5668 13.4642 17.618 29.1799 17.2044 29.1725 13.0452 
6.0364 13.3081 21.9566 34.3156 5.8547 22.7325 27.247 20.2533 26.7473 17.7875 
29.767 19.5473 28.9501 33.2603 22.8663 30.7971 26.6573 18.0617 21.976 37.2873 
26.1716 10.6795 20.8805 31.5019 14.1409 30.0861 19.5643 14.5258 16.422 23.3601 
20.1871 10.477 20.5308 32.7977 11.9882 27.4049 27.199 12.9721 16.8216 23.3354 
14.3897 6.617 16.2786 22.4088 7.3577 12.8698 21.9898 11.7972 18.7865 13.5336 
9.2266 11.7495 24.8642 34.3708 4.367 22.6336 28.0328 20.0383 26.3918 22.331 
18.4285 13.5418 25.7313 29.3077 10.2188 30.251 28.7677 18.8727 19.9732 30.8653 
30.1213 17.7428 13.532 21.1174 23.6445 25.5854 10.6896 10.6132 1.9481 22.618 
26.151 12.6888 19.576 31.9901 12.0954 29.3343 21.5337 14.2005 15.0286 27.8589 
10.0086 17.6314 24.5605 28.7511 16.1251 17.0905 27.0763 21.0534 27.4601 13.8175 
37.3809 16.5852 4.7068 9.7131 25.5138 14.8475 2.3199 8.613 9.0809 15.457 
15.7157 1.8524 16.3839 23.4945 4.2884 18.7487 22.1138 9.7626 19.715 17.9421 
19.4748 1.5108 16.2766 24.3921 4.7518 18.2575 19.6688 8.6254 18.1469 15.525 
17.0233 2.9894 17.5766 26.2235 4.882 18.836 23.3544 8.8184 19.3374 21.4363 
14.7245 18.156 20.3186 19.5812 17.5746 11.462 26.2049 22.9939 27.9303 9.1758 
31.4102 19.2495 25.0188 32.0689 18.9829 31.3468 30.5835 16.7643 20.7333 35.9149 
18.0602 9.9427 22.3102 32.7684 6.7923 29.987 30.0384 14.93 23.2832 22.1394 
20.7774 6.4856 13.2414 23.4203 9.6752 22.3591 16.8365 7.9749 13.5108 23.0261 
26.151 17.8817 10.8535 5.5609 27.9373 5.995 17.5371 15.9648 25.878 7.4745 
21.4391 7.2962 10.3582 16.0175 12.2945 8.9024 14.9847 9.3766 18.6667 8.7545 
26.8575 18.2846 7.3854 3.392 24.5978 7.0148 12.6731 15.2027 18.6515 8.8848 
7.9913 9.4069 21.1538 23.4463 6.7124 16.0384 28.557 14.8058 26.9252 13.6526 
33.7377 13.2155 4.9585 11.3297 20.1062 17.114 4.6398 5.4753 5.6159 17.1169 
27.6486 25.8437 14.116 9.7611 25.1386 6.8594 18.7938 18.1181 25.8871 9.0358 
26.1463 16.2105 8.4761 5.2408 25.3265 3.9054 14.0087 12.9516 20.5882 8.2973 
39.2325 19.5488 8.5879 12.5877 25.0944 20.1154 2.4087 12.2664 5.8688 24.1643 
17.485 2.5039 16.1853 26.03 5.4779 17.0806 18.8817 9.9492 17.9766 15.3347 
40.1669 20.7438 9.7366 7.083 29.8422 18.8005 6.85 16.0119 14.5621 23.3112 
21.8717 15.3436 15.0611 11.9143 19.0726 3.5353 22.8134 16.7251 27.1777 1.5965 
17.9965 9.9814 12.7929 16.7012 12.8298 7.7914 19.5308 11.5313 22.667 5.7298 
33.3106 13.0262 0.5595 9.2664 18.691 12.3506 6.4951 7.2203 11.541 13.7908 
33.8485 20.2691 30.8252 30.9951 19.6131 31.7224 25.5513 17.8781 19.8801 38.5745 
24.5205 9.2147 6.5609 16.8681 15.3714 15.5038 8.4466 1.6209 8.7899 18.0029 
28.7969 14.6455 5.5469 11.9976 25.2171 16.5549 1.9598 9.0944 7.4299 18.8493 
14.6018 16.9064 21.4513 19.45 17.0354 12.1142 28.0906 18.088 32.9184 8.5391 
12.8164 3.7732 18.3244 26.2095 3.6017 20.2265 20.5171 12.5772 22.7618 19.1436 
7.7956 13.5119 21.4849 23.7633 10.0929 19.175 26.8849 17.7184 29.9091 13.4513 
12.4133 8.1894 23.0801 26.9413 3.286 22.807 30.9085 15.9728 21.9825 19.292 
34.5848 21.1966 10.8096 2.4488 29.4599 7.4603 13.2298 15.3344 22.2275 9.8377 
11.0922 8.4101 22.0228 25.4068 2.9474 24.0435 24.3706 15.9235 27.9478 18.3349 
32.0222 12.2621 10.1642 19.6309 20.6939 18.2642 9.987 5.8363 3.8452 19.4972 
28.5673 29.1399 19.366 18.8623 27.6696 11.6072 24.2815 23.5276 29.4592 10.7158 
18.9087 8.1299 20.877 28.8695 7.886 21.6198 22.7156 15.5928 17.8036 24.9305 
26.6773 12.0704 2.4631 12.9325 19.712 12.5178 9.1627 4.3501 11.0202 13.4631 
34.2104 24.8023 9.0096 1.6692 26.2719 10.0028 10.886 17.9244 19.5448 13.7943 
27.7026 19.9477 15.1459 13.0976 24.4938 3.9886 18.8617 22.0967 30.2822 3.9459 
21.0754 5.5112 10.4086 21.444 13.6644 18.7546 11.5968 3.5237 11.5064 16.7875 
12.1627 7.3102 18.0918 19.4386 7.1283 12.5208 24.326 14.4727 22.0471 12.9628 
48.1162 23.9499 14.0777 13.5306 32.0663 24.6657 9.4974 21.8039 13.6926 22.8065 
26.2504 13.9405 14.1147 21.697 18.4168 20.7755 12.9912 7.5832 6.3251 24.6059 
14.5172 8.0468 15.0395 19.8983 10.9634 12.1733 19.9286 11.2099 18.813 8.5937 
14.5792 2.0017 15.7247 19.9704 4.4848 18.6106 23.1627 9.088 18.6945 19.0173 
17.4327 12.0504 25.6977 35.2366 9.0619 24.2527 28.798 19.5303 20.7105 27.1717 
33.015 23.6182 9.7919 4.0138 31.8265 12.4143 9.7033 16.6887 17.9108 18.827 
28.9177 20.5542 4.5266 3.8878 22.0477 11.2802 7.3073 12.1247 14.534 14.4333 
22.4916 9.0483 6.0658 13.257 15.4082 13.4877 11.6907 2.6589 11.3967 12.0075 
34.7991 14.0573 15.4459 20.9499 21.3941 27.8999 13.6966 11.0347 4.3712 23.2814 
30.7658 22.1639 8.3235 1.6304 32.0249 12.2113 9.2079 15.5762 19.5249 14.1665 
25.9605 13.2013 22.6672 28.3068 12.7176 28.0954 24.1464 12.3196 15.634 25.9216 
45.8033 20.9576 11.1139 14.278 26.3405 22.8945 5.0897 15.5893 12.3454 23.0253 
11.6239 10.2601 18.5066 21.3056 12.1433 10.7105 23.7054 15.1168 21.5284 10.4847 
23.2994 4.999 14.9853 26.045 8.5596 20.3028 18.9686 6.4904 13.8367 19.0565 
26.2901 10.7064 6.2526 11.5716 15.2326 6.6973 14.1621 8.7407 16.1603 9.079 
20.8027 8.6838 18.1649 25.2603 10.6752 25.0655 26.2851 15.5443 16.7161 26.2106 
31.1562 16.0847 23.6773 30.4466 18.189 35.0627 24.2692 17.7086 15.3382 36.6524 
9.1533 11.2325 22.7605 24.2709 7.1047 16.1096 27.4092 18.2039 23.4714 13.2672 
28.2291 23.8035 14.5481 9.6396 26.2929 6.296 23.2378 23.7151 23.7862 7.2275 
19.6958 17.4973 17.2642 19.9326 18.3912 7.8046 23.0533 17.5364 23.9424 5.1729 
12.5318 10.772 22.9628 32.193 5.4107 27.1509 32.4303 16.5929 22.1999 21.8386 
26.0663 8.8864 3.8997 10.7056 17.9196 11.0607 10.0448 3.6286 10.2838 13.7021 
12.3989 5.3947 16.0693 21.5202 3.2413 18.4062 24.761 13.5803 18.46 15.8728 
39.3955 20.1442 8.4491 7.2219 25.616 17.6178 4.4309 15.5032 14.7457 20.3471 
24.1682 13.435 19.2682 29.1751 12.3087 30.5435 23.6781 15.933 17.0722 30.0654 
29.6874 26.8597 21.1253 13.5321 27.2252 6.4932 23.2442 23.887 26.1191 8.5227 
EOF