I 150
J 15
bounds (0, 100)
cv 1.0
D 100
k 5
t 3
FLR 0.8
FCR 10
abounds (80, 120)

a 
99.0 87.0 85.0 
91.0 92.0 90.0 
99.0 73.0 87.0 
80.0 81.0 92.0 
84.0 105.0 92.0 
95.0 69.0 77.0 
92.0 94.0 78.0 
94.0 91.0 85.0 
93.0 70.0 102.0 
109.0 96.0 79.0 
89.0 81.0 90.0 
95.0 86.0 87.0 
117.0 100.0 107.0 
83.0 92.0 83.0 
84.0 91.0 94.0 
83.0 86.0 86.0 
99.0 91.0 90.0 
88.0 66.0 70.0 
101.0 95.0 78.0 
79.0 98.0 80.0 
67.0 82.0 65.0 
99.0 87.0 93.0 
103.0 79.0 99.0 
95.0 93.0 89.0 
109.0 93.0 89.0 
90.0 86.0 100.0 
99.0 76.0 99.0 
99.0 78.0 87.0 
90.0 86.0 96.0 
113.0 89.0 108.0 
91.0 89.0 92.0 
95.0 101.0 92.0 
92.0 80.0 80.0 
90.0 84.0 88.0 
91.0 85.0 71.0 
81.0 102.0 83.0 
89.0 86.0 95.0 
82.0 98.0 93.0 
94.0 87.0 91.0 
94.0 89.0 87.0 
93.0 87.0 100.0 
80.0 98.0 85.0 
82.0 90.0 88.0 
106.0 81.0 84.0 
85.0 100.0 100.0 
79.0 94.0 69.0 
101.0 74.0 100.0 
103.0 110.0 93.0 
89.0 85.0 82.0 
91.0 94.0 84.0 
78.0 71.0 94.0 
111.0 85.0 78.0 
97.0 98.0 85.0 
96.0 77.0 82.0 
91.0 105.0 88.0 
91.0 88.0 86.0 
95.0 87.0 88.0 
82.0 96.0 83.0 
99.0 94.0 69.0 
96.0 85.0 96.0 
69.0 90.0 103.0 
95.0 93.0 93.0 
75.0 90.0 88.0 
74.0 86.0 96.0 
99.0 96.0 91.0 
93.0 88.0 83.0 
88.0 107.0 79.0 
76.0 90.0 85.0 
95.0 106.0 90.0 
83.0 88.0 125.0 
115.0 105.0 90.0 
93.0 85.0 81.0 
95.0 109.0 105.0 
89.0 75.0 90.0 
89.0 91.0 103.0 
108.0 92.0 87.0 
91.0 99.0 95.0 
85.0 97.0 80.0 
114.0 84.0 95.0 
96.0 89.0 106.0 
102.0 78.0 85.0 
82.0 95.0 69.0 
77.0 91.0 85.0 
103.0 107.0 97.0 
92.0 89.0 69.0 
110.0 88.0 87.0 
92.0 91.0 89.0 
82.0 95.0 115.0 
97.0 89.0 82.0 
81.0 79.0 71.0 
90.0 92.0 93.0 
91.0 85.0 86.0 
95.0 88.0 100.0 
102.0 101.0 92.0 
91.0 85.0 97.0 
94.0 82.0 85.0 
98.0 73.0 80.0 
94.0 106.0 81.0 
91.0 93.0 87.0 
76.0 95.0 94.0 
113.0 99.0 84.0 
91.0 93.0 94.0 
91.0 81.0 109.0 
75.0 94.0 85.0 
101.0 89.0 87.0 
101.0 93.0 107.0 
79.0 93.0 86.0 
93.0 98.0 97.0 
101.0 96.0 93.0 
70.0 75.0 78.0 
102.0 114.0 93.0 
102.0 110.0 78.0 
101.0 88.0 91.0 
84.0 89.0 98.0 
98.0 78.0 77.0 
98.0 88.0 91.0 
88.0 77.0 81.0 
106.0 90.0 93.0 
88.0 85.0 77.0 
97.0 81.0 98.0 
85.0 76.0 84.0 
82.0 97.0 113.0 
83.0 100.0 105.0 
85.0 75.0 79.0 
93.0 94.0 95.0 
72.0 78.0 81.0 
103.0 102.0 99.0 
76.0 78.0 92.0 
86.0 85.0 85.0 
90.0 81.0 83.0 
78.0 95.0 82.0 
91.0 96.0 101.0 
88.0 85.0 101.0 
107.0 79.0 91.0 
92.0 84.0 90.0 
89.0 90.0 66.0 
79.0 93.0 89.0 
96.0 90.0 97.0 
93.0 90.0 71.0 
109.0 101.0 98.0 
73.0 80.0 94.0 
78.0 97.0 97.0 
77.0 72.0 86.0 
81.0 102.0 84.0 
88.0 79.0 99.0 
94.0 88.0 89.0 
105.0 97.0 83.0 
81.0 95.0 78.0 
96.0 92.0 93.0 
95.0 74.0 105.0 

Icoords
7.9717 0.8557
63.9837 30.698
5.9169 32.7348
31.5917 19.3666
77.3199 63.1856
42.2188 98.3294
62.2011 84.4889
59.6301 96.7483
76.3114 45.5544
76.7219 36.1998
15.9492 57.7745
61.9221 12.4964
63.7368 84.0825
19.5362 13.3684
97.8389 32.5009
70.2846 66.7172
72.4977 23.9
23.0468 73.8638
54.0852 84.4579
56.0961 86.9788
26.3525 64.6737
64.9086 14.1797
96.1835 12.2111
78.6103 15.8604
69.203 76.2175
47.5749 22.3848
32.4081 36.6499
10.3429 51.7896
6.3594 51.3533
23.4636 29.0816
67.9 6.8561
64.1719 17.6132
31.5533 77.7511
20.2499 99.6123
7.0961 91.1581
94.6838 76.4177
56.163 83.8508
21.5167 86.6006
60.3798 74.0805
89.7401 61.2985
14.6104 30.1823
74.4209 18.3231
4.6884 8.0974
78.6103 5.0425
87.2067 30.9309
11.1184 39.6273
61.3712 2.3838
6.9471 8.828
47.8002 2.2438
71.8017 73.5819
46.2038 53.1092
18.675 74.621
97.1421 41.1524
7.6048 46.0116
64.2115 57.3442
26.4954 60.6939
71.6866 98.7914
74.701 51.0468
49.3037 58.3427
36.5958 28.2838
68.1303 71.7339
10.9012 90.417
96.8998 71.2304
79.6051 11.2442
4.5085 37.968
19.7997 30.7209
62.122 73.0008
29.8109 93.5684
16.632 33.5224
72.7778 52.3939
84.9752 29.0189
41.1683 71.5391
16.0259 13.9277
44.6004 10.6216
95.8822 16.3931
43.0313 57.0976
14.1865 58.0709
27.2758 75.5296
90.3258 46.0732
81.9193 31.0543
86.9395 35.431
31.0484 3.896
35.6159 59.8448
73.749 88.1595
77.1394 35.1879
84.4475 2.6028
41.5569 92.3397
78.2367 38.3591
15.7656 55.023
15.3886 52.6814
75.2918 4.7524
53.1762 9.6814
94.7045 79.2192
39.1172 90.9576
89.439 74.6247
0.2236 8.218
76.6007 71.315
59.4023 79.9566
71.1995 64.1098
70.2236 81.596
37.1221 89.6271
68.2743 75.3233
95.8207 7.9493
37.7392 91.0919
33.2931 52.8296
12.0334 14.2233
45.8472 56.2732
2.8853 12.6841
78.8953 75.3305
37.1521 0.1513
99.2619 40.0804
20.8226 76.5524
27.8809 90.9209
89.9539 87.1339
52.8719 40.053
70.2136 56.7866
48.2012 79.9065
24.9689 64.1365
77.7602 51.0616
29.1648 75.4896
81.9821 72.8887
16.2818 66.1903
76.5688 2.3568
80.3208 46.1588
54.7904 50.8681
84.9221 85.5417
77.9034 93.5589
79.7787 73.9608
46.1799 94.5566
54.9605 86.7507
69.9183 30.0867
0.412 55.7698
17.627 35.2311
34.4112 84.2622
60.8343 91.0599
43.4688 60.5512
86.4496 99.2155
21.4416 29.5315
2.3354 32.8352
60.1398 44.7308
39.1421 78.2669
34.5062 62.8649
20.2102 94.7074
22.4074 84.897
87.2808 45.2513
60.0963 56.2404
77.2947 31.4593
31.8298 18.9486
55.6886 72.1964
77.2857 37.7138

Jcoords
74.9876 85.4109
40.6245 2.4772
46.8105 40.4808
8.9559 45.2709
8.2329 17.1224
57.6516 37.0319
82.3951 19.7166
56.9341 86.433
91.4429 63.961
7.4029 55.9865
55.3853 32.6587
91.625 60.1916
97.6326 91.4294
46.5138 65.39
16.0556 80.2113

C
40.9451 11.2006 19.9913 13.9809 6.2082 21.8414 27.1096 33.4037 35.7872 16.8819 18.395 39.2703 44.7338 28.2856 26.1713 
20.398 12.4336 6.2909 19.8781 21.2133 2.9054 8.4786 19.2076 15.0533 18.7846 3.1855 12.2437 24.0784 12.7869 21.0522 
27.8315 16.1157 15.7243 4.6063 5.5478 19.405 29.247 22.2208 32.5679 7.8937 16.478 29.9155 41.7807 15.724 18.7052 
26.8608 6.2937 8.9768 12.5391 8.821 11.5007 20.205 23.9461 24.4365 16.1857 10.8719 27.9508 32.5693 18.5593 21.6524 
7.531 25.5444 13.4362 25.5551 30.3244 12.5693 16.4729 11.1991 4.6407 22.4636 12.5927 4.8025 10.7082 12.2459 24.0483 
13.7547 31.6548 21.8775 22.2687 32.4398 20.2526 32.2149 6.1082 23.7979 21.0284 22.7188 21.5951 20.2426 11.9287 12.3764 
5.1266 31.2836 15.856 24.4017 25.9904 17.2487 21.1955 2.0077 12.2046 18.87 16.4462 11.9133 13.9473 8.5269 17.1053 
7.3378 38.1113 20.7869 25.3976 36.0233 22.388 30.4593 4.1709 14.8885 24.9369 25.1974 15.0988 11.9148 11.6657 14.2431 
14.1688 20.429 10.9169 23.2783 22.6053 6.2096 8.2819 16.2724 8.8306 26.5742 9.7437 6.5606 18.0395 13.2839 25.4204 
16.5698 17.7835 9.1948 26.0218 25.6587 7.2173 6.1013 16.8989 10.9634 27.8907 6.508 10.8569 22.6065 15.0511 26.9518 
25.2077 20.1702 13.4289 4.4899 14.4492 17.2984 24.6566 18.3589 23.7466 3.1188 15.5553 24.5542 31.6451 12.1083 8.0572 
23.1635 9.2569 11.4971 20.1808 21.3882 8.5646 7.3137 26.3516 20.5579 22.9167 7.2383 20.6997 34.4548 18.1804 29.3205 
3.9753 28.8117 15.9165 21.5508 31.9974 18.7683 24.4272 2.5191 10.8581 22.3478 19.2657 12.6618 12.1945 9.7501 17.0351 
34.9193 8.1054 15.1907 12.0799 4.2437 17.941 20.3309 25.2723 26.8952 14.5165 12.7218 27.7395 38.4262 17.6447 23.4736 
21.9354 19.5133 17.4521 31.0514 28.0749 14.0536 6.4757 21.9788 10.5493 33.3285 15.6103 10.208 21.4383 21.8964 32.1637 
6.0566 21.4676 13.3567 22.0315 25.4513 11.3367 19.3706 8.8433 7.8905 22.8753 11.2789 8.8951 14.0839 7.8756 19.6037 
24.4645 12.8383 11.3735 22.8135 24.7499 7.73 4.0262 21.9485 16.1971 28.0205 7.6722 15.0351 22.1787 14.941 26.2786 
18.4528 22.1365 13.1414 10.2196 22.3372 17.3547 25.7563 12.632 20.7743 8.9867 19.061 27.6005 25.0875 9.3263 2.8961 
7.3799 26.5186 13.8182 22.4431 31.6653 17.8683 23.3957 1.074 15.4296 20.9642 17.5655 15.2785 15.8238 6.9262 14.0628 
7.0765 29.8696 18.1841 19.3359 27.8091 17.8747 26.3606 0.3844 14.4174 20.1326 18.7258 16.5613 15.4231 8.2693 15.4596 
19.0496 19.8458 11.1525 10.2206 16.9656 12.6442 26.8059 13.2903 19.7106 7.5504 13.1558 21.3813 26.4497 6.962 6.6264 
22.9635 10.7045 10.0791 24.1512 17.735 9.526 6.4124 22.9125 21.8989 26.7607 7.3384 16.0841 31.1334 21.722 31.5906 
24.8891 18.7942 20.9482 33.9548 26.4351 16.7158 5.1775 31.9387 19.3991 35.6054 15.2012 17.4472 25.3303 21.8957 33.6087 
21.1024 13.4919 12.7005 28.5877 22.7637 10.9839 1.7333 22.9822 17.0756 30.291 10.9436 15.2328 25.7157 19.6065 34.6056 
3.7636 29.6883 14.1321 22.6084 28.4446 15.2054 23.1038 5.0098 8.6491 25.1005 17.7719 10.0182 10.1277 8.4471 18.7393 
25.4643 8.2383 5.4572 13.4853 12.8286 6.5816 13.8083 20.5577 23.3721 17.5448 4.9106 20.5786 31.2045 15.0349 24.4336 
22.9357 11.0606 5.8003 9.3499 11.7377 8.9599 18.7042 18.214 25.4201 11.7114 9.0603 23.6419 32.5289 10.9075 16.0341 
23.244 19.189 11.8819 2.6332 10.7216 16.0119 25.293 18.3294 26.7675 1.8483 19.3251 27.3828 31.3107 13.757 9.7059 
30.5538 23.1838 15.2091 2.064 11.8239 17.707 31.2784 19.8991 31.2397 1.4561 19.4399 32.8403 35.9959 14.2627 11.0388 
27.5357 12.5116 9.8962 8.365 7.2115 13.496 20.5805 26.5084 27.3072 12.4897 12.5595 23.9986 35.3176 13.1172 18.5472 
24.7506 10.3703 12.6813 22.1695 20.5062 10.813 7.5302 25.6571 22.8664 26.5755 10.9404 19.7655 33.5192 20.3781 33.3527 
22.615 10.0465 10.1552 19.7494 19.3277 7.5504 6.7819 22.8427 20.7467 25.9012 6.7254 17.7468 29.6223 17.4709 31.1868 
13.4916 27.9315 15.4726 15.2138 22.5993 17.2228 30.8543 9.2572 21.559 12.975 17.0604 20.2089 26.1688 7.0057 6.261 
17.8076 35.4517 23.2455 22.1067 30.4516 27.7332 32.7748 15.0579 31.1237 18.1185 22.7745 32.452 27.6707 14.5895 6.1274 
22.0823 32.4621 25.0329 14.6041 22.2726 26.2039 40.8856 19.9095 29.804 10.6785 23.3179 29.4104 34.4583 15.9221 5.1448 
7.7493 32.5803 19.6822 32.845 38.5361 16.3427 20.9791 12.0448 5.0276 33.5075 20.5677 5.0163 5.1266 18.111 27.4338 
7.0041 31.5055 14.6633 22.6552 30.7354 16.0764 25.5616 1.0222 15.3537 20.7231 16.2195 16.0587 16.3398 8.0614 15.2068 
17.607 30.6245 18.2471 16.0085 26.307 20.2489 31.7359 13.3029 27.5624 11.6539 24.3053 27.9067 23.9942 12.6675 2.7821 
7.3467 28.8127 13.4328 22.611 23.2985 14.0126 22.6046 4.8988 12.8164 17.2983 16.4634 12.8531 13.2859 6.1595 14.1801 
9.512 26.3074 18.4164 26.0336 30.3344 15.8551 15.2646 14.7127 1.0037 28.9604 14.3528 0.7076 11.6834 16.9423 28.8773 
25.6445 13.0772 13.4382 5.4237 4.6596 15.4719 27.3734 21.393 30.9282 8.9458 12.6962 30.5574 35.9029 16.4535 15.6106 
24.6556 11.7915 11.1622 21.9463 26.0956 8.7257 2.4285 21.6723 17.8372 27.4371 8.014 15.0689 23.1949 17.2363 29.1019 
33.1774 12.1776 19.5046 14.78 3.0281 18.4132 24.7026 34.9239 34.9899 15.0997 21.6432 36.1312 46.5246 26.4801 25.6026 
25.744 12.5677 18.0077 24.2436 25.0137 14.3147 6.0147 30.9115 21.129 32.3601 10.9407 19.6737 30.4556 23.062 31.9978 
17.7997 20.0381 12.5318 29.1326 25.5668 10.6801 4.5053 22.8544 11.4288 28.1046 10.5962 10.2893 23.1012 18.1405 31.5824 
24.0231 15.4471 11.514 1.8185 7.585 17.7707 24.0814 21.3193 27.5121 5.9655 14.7521 25.9162 34.2544 16.9729 13.3933 
28.4296 7.9855 13.0715 26.1757 20.2987 12.66 10.7819 27.7833 24.3685 24.5917 10.8106 20.8787 36.92 23.751 33.4209 
33.9801 11.8783 19.8161 12.0554 3.0771 18.8915 26.0782 33.0564 34.8077 17.1476 18.8131 30.999 41.093 21.9024 25.9711 
26.4244 2.5078 13.4142 21.1407 16.6553 13.2114 12.9875 32.6369 28.0511 22.5633 10.2033 27.4631 37.923 23.6089 28.4115 
4.6331 23.5714 16.4493 21.3471 28.5928 15.6656 21.1189 6.155 7.8167 20.3683 16.8612 9.5377 10.9607 8.8358 19.1883 
16.9341 16.4022 4.6058 13.3223 19.4036 7.5433 18.5548 13.1493 15.6408 13.676 8.2651 16.4711 23.1914 4.1621 16.1184 
17.4993 27.102 14.2408 10.9386 18.759 16.3963 27.7652 15.584 28.8515 8.3521 21.415 29.671 25.1384 11.5763 2.036 
19.1887 23.0995 15.1411 31.9229 29.6283 13.8967 7.8628 23.3322 9.1195 28.5878 16.9127 7.0132 16.1447 20.7965 28.9631 
26.3517 21.3096 15.4575 0.6071 9.8738 18.874 28.77 25.1593 27.9249 3.5837 17.2945 26.3124 35.5445 13.8662 12.6153 
10.8382 22.1748 7.8704 22.2334 26.1039 6.4228 16.6286 9.0526 9.9513 17.4282 8.937 10.0984 14.4069 6.5632 17.8373 
21.3195 21.836 9.1963 7.1236 17.6031 12.1281 22.4357 15.355 21.4663 6.621 14.3998 25.6423 25.6424 7.3961 6.8571 
4.6679 32.6772 21.6495 25.3069 37.8216 23.3197 31.2483 7.4689 12.0771 24.9688 21.7346 14.5064 9.3101 14.3292 21.6191 
11.7529 19.6506 9.1025 20.9677 27.3575 7.6032 10.5332 12.6192 7.189 20.264 9.1634 6.679 16.8668 10.4558 24.902 
14.8958 22.2355 6.8028 15.0352 22.5481 8.8186 20.1467 10.2519 14.5987 16.77 9.3092 13.6108 22.725 2.9059 12.7186 
23.7735 8.5619 5.958 12.2374 9.3878 6.8516 17.6637 22.1895 22.0957 13.3614 7.412 20.7498 29.447 14.4263 21.3876 
5.3473 28.3544 14.6374 23.2517 30.7933 12.2959 17.6862 6.9734 7.5763 23.6828 13.4976 8.6122 12.3302 8.9302 19.3472 
22.1772 35.1351 24.08 14.2659 23.0151 23.3677 35.1416 14.6839 25.7294 12.9502 28.0896 28.1002 27.0967 16.3488 4.1892 
8.0311 32.4205 18.6375 36.3022 38.0485 20.5887 18.5329 15.1668 3.1759 29.0696 22.0777 4.8472 6.282 17.9967 26.1757 
22.7835 14.4635 16.4184 25.995 23.8474 12.9033 3.0141 29.4575 20.6771 30.3071 10.3227 17.7615 25.256 21.0931 37.1657 
31.9108 15.1907 16.2726 3.1372 8.4237 18.7677 30.6867 24.1245 33.6362 7.298 20.3282 29.4714 35.7786 18.8566 14.2678 
25.3989 11.9766 9.6241 5.7978 5.952 12.4717 21.1766 21.1975 26.679 9.2084 12.509 24.4244 35.3181 16.1545 15.2618 
5.8936 23.2978 11.6172 20.9751 29.7013 11.5623 17.565 5.0671 10.8249 21.8497 14.7529 11.1093 14.0027 6.6334 15.76 
14.975 30.051 17.219 20.7485 25.3788 22.2712 35.6383 9.2468 25.6337 14.8024 22.9562 23.646 21.1437 13.0765 7.4527 
29.4003 14.6114 11.7315 4.394 7.0386 13.3719 25.0375 22.6539 30.7073 9.253 12.8034 31.2326 33.6748 16.9109 18.2288 
12.558 18.46 10.1565 22.5855 27.7591 7.2007 12.0175 14.9845 8.375 23.9502 8.8071 6.8879 15.8174 10.5053 24.0069 
21.5162 20.6692 12.5683 30.3175 29.2852 8.9523 3.2146 24.7597 13.2335 31.9553 10.0857 11.6787 19.1234 18.0985 29.4558 
11.6277 26.8728 12.1184 15.67 21.1304 14.6428 24.6408 7.5649 16.3154 11.8812 13.3012 17.5217 22.7607 2.5119 9.1845 
30.523 9.54 15.4079 12.637 2.7263 18.2243 23.7171 30.3528 29.9117 14.5245 14.149 34.7259 38.0849 22.6999 20.2165 
25.8326 3.1449 9.9673 15.3505 14.7111 10.2459 14.7525 25.3774 26.3011 21.3777 9.1833 26.7635 36.8548 19.778 29.4398 
26.6956 20.7646 21.7785 36.4008 29.0392 16.6267 4.495 27.905 14.3945 29.8266 14.825 16.009 23.9131 25.7215 39.4394 
16.7791 18.4085 6.813 13.3709 18.9579 8.25 18.5654 12.6671 15.6417 14.2226 9.7514 17.1396 24.7414 3.3611 13.2432 
24.9994 21.0904 11.942 4.9793 16.4771 15.2691 23.8827 17.7347 25.4989 2.537 18.278 28.02 35.6142 12.1644 7.91 
14.934 26.8754 13.4299 12.5749 21.52 14.9959 24.0662 9.7388 23.114 8.9972 19.9573 21.2612 26.1475 7.1046 4.5653 
16.6609 23.298 17.1018 26.6906 26.5845 11.5775 9.4765 17.8676 6.5292 28.6367 12.5156 5.4245 17.7332 17.2325 32.2874 
18.8939 18.2093 14.1447 23.609 24.5373 8.4427 3.8026 22.3028 12.0996 29.592 9.7691 12.0511 21.3549 16.1475 28.2225 
15.5092 19.5367 15.6362 28.9098 30.707 9.3656 5.5487 20.7463 10.8225 30.5433 11.7612 8.6058 17.1145 18.3153 28.9345 
29.5404 3.3592 14.568 14.8966 8.0224 12.8076 21.4861 32.8531 28.9435 21.0575 13.1946 26.3388 34.5447 22.0663 26.521 
16.0267 18.1683 7.7144 11.9103 16.2282 10.4541 23.8579 13.1342 18.4897 8.6053 11.1196 17.0551 21.5818 4.3176 9.1662 
1.1293 31.325 20.1417 26.8072 33.5619 19.2109 26.9532 5.879 9.7606 26.7217 19.3268 12.0755 8.3264 11.3634 18.5314 
15.3874 17.3005 11.225 21.2978 28.1807 6.4284 5.9149 21.6648 11.9275 28.3811 7.1024 9.5244 22.3513 13.4974 30.1258 
27.4711 14.7334 19.6396 33.6195 26.8212 15.8587 6.6326 32.398 22.8681 29.9474 13.3746 22.529 28.1971 22.3151 41.0153 
13.0863 30.6268 19.2443 21.4139 31.221 19.1642 31.9024 6.2859 19.9326 19.0344 18.8687 23.2111 16.9091 9.7276 10.3212 
18.3514 16.255 10.7061 22.6837 25.8234 7.0155 6.9584 18.3828 9.9414 26.6064 9.1828 9.2557 18.9287 13.8036 23.9853 
25.547 21.2521 11.5051 4.2998 12.9025 16.4339 25.3967 15.7005 23.2649 2.7695 13.9127 25.3045 31.4486 12.7718 7.7258 
26.5655 22.2007 11.3695 3.725 11.4546 15.1201 23.8292 17.9371 30.2701 3.1606 14.9528 28.7883 32.4929 10.7079 9.5667 
28.7872 13.056 16.6728 26.7008 21.0572 11.4071 5.4265 28.9916 19.952 31.6393 12.2958 20.6097 27.945 25.0223 32.8376 
26.9996 5.2476 12.3537 17.097 14.8874 9.4838 10.9458 30.0765 22.8725 24.0843 9.0025 21.9003 29.8518 22.2964 30.3744 
8.2045 33.5537 20.0568 35.7922 41.4122 17.0299 22.713 13.92 5.8932 33.5252 24.2365 6.9738 3.9063 17.4071 29.0159 
12.3953 33.7425 19.1474 17.4417 31.7736 20.7788 27.6242 5.9044 20.7786 17.2127 23.3449 19.2674 18.4271 8.1152 10.0294 
5.8048 27.3263 20.7817 29.967 36.7964 17.4917 18.6003 13.318 3.738 33.4151 18.721 4.5136 6.6277 13.3961 26.8036 
34.5388 16.2778 19.8394 11.843 4.4864 21.4856 32.8487 37.7555 32.9261 16.3223 19.6869 33.6779 49.5024 27.2181 26.7949 
5.2609 26.222 16.9568 26.5876 34.5562 12.1588 19.3568 8.0917 6.3789 24.9481 17.4177 6.182 9.4931 10.38 23.9457 
5.8568 25.0727 15.9982 23.9984 26.8383 13.6614 19.5113 2.3648 11.3916 18.6547 16.4335 14.9657 12.9004 7.0272 14.5604 
6.523 21.6375 12.8701 19.7307 30.6093 10.3884 13.9227 9.9319 7.0833 20.6376 13.6729 8.0384 14.2439 9.0348 17.8084 
2.3815 27.6737 18.3768 26.71 31.2865 18.1695 21.4295 4.8452 8.9891 20.9491 19.0538 10.04 9.2164 10.784 20.764 
13.9292 29.6461 16.7709 18.1222 25.7637 17.2767 28.3934 7.2926 19.6699 15.8634 20.0591 19.4317 21.297 10.1529 7.1233 
4.7548 23.8426 13.3573 21.8508 25.8804 15.2871 19.2367 5.0499 9.8187 24.5001 16.7267 9.9557 11.4991 8.2956 16.2166 
28.083 17.8548 18.3473 31.0007 32.8929 18.5515 6.6483 27.7657 21.8438 37.9052 14.6522 20.7179 26.2273 30.1441 37.3369 
12.5886 29.7637 20.4179 19.4909 27.3873 18.4758 29.5183 7.0851 21.0588 15.8075 24.1961 19.1941 22.6101 8.153 8.251 
17.4619 15.4838 6.5051 9.2838 14.0032 8.9973 19.3899 15.2759 23.4691 9.2148 11.1525 20.4017 26.5456 5.5839 10.3571 
34.0116 12.1105 15.6919 12.0213 1.6137 17.0042 26.0778 30.2286 30.0871 15.4546 17.5999 34.7613 38.3746 19.5837 21.1752 
12.8448 17.3497 5.8367 11.9687 21.049 6.9662 17.3067 11.886 15.8971 13.2022 9.3238 16.1268 19.4096 2.8776 11.9009 
35.6389 12.4752 20.4547 10.3917 2.6193 21.4746 24.5287 36.1896 31.9787 14.4457 18.1153 31.294 48.9468 22.0587 23.268 
3.6791 27.6589 16.6506 25.1747 33.0953 15.1928 18.5059 7.5005 6.0533 25.9888 17.5244 6.2602 9.5158 12.0554 24.9973 
35.2683 1.6041 16.4387 17.9834 13.1878 12.9327 15.0342 30.991 33.0179 22.8707 13.9433 32.0384 40.0321 23.7067 32.579 
19.5759 22.8899 20.2678 35.5579 32.2663 14.8154 8.8104 24.0288 7.6917 31.6875 13.4523 6.927 18.3357 19.658 28.6373 
19.9341 24.038 16.0227 11.0574 20.6668 21.0249 30.8447 13.7999 27.8687 9.1966 20.5929 24.1331 23.8468 8.7003 2.2192 
15.1105 32.4992 21.2322 16.2979 25.2401 21.942 27.0374 11.2094 27.4861 13.6303 22.1311 23.3523 24.072 10.6516 5.7371 
5.3376 33.4701 20.5693 34.328 32.5843 21.383 24.6055 10.7735 8.2573 28.2341 24.4651 9.3616 3.4569 17.0412 23.4541 
17.9949 13.1092 2.1225 15.9431 16.7916 1.9649 11.8984 17.3939 15.6878 15.2586 2.5983 16.2989 21.2256 9.7411 20.6917 
11.2974 22.3205 8.9735 21.0428 22.8042 8.0719 12.8806 12.5716 8.5512 20.4968 9.0483 7.0809 14.3587 8.5346 19.0238 
10.386 26.6384 13.8312 16.2317 26.801 14.5848 27.2053 4.229 15.0523 17.7445 16.2967 15.2321 20.0438 5.4803 10.2999 
18.5514 24.6766 11.7905 8.2946 17.5613 12.7676 23.6098 14.8254 23.5983 6.8744 13.7751 25.0264 26.2822 7.5297 6.9387 
11.3135 21.3419 12.1643 26.673 25.5471 8.7876 10.8429 14.0792 6.6229 26.6037 9.0475 5.382 13.7367 11.33 27.1472 
15.4157 25.0468 14.0822 13.3926 21.5165 15.8414 24.9874 9.4797 25.1508 8.9333 19.4048 23.8576 24.6819 6.2593 5.37 
5.5652 26.8822 16.2752 24.242 30.8539 16.7999 17.7653 9.8354 4.0585 27.0323 16.9421 5.2981 8.7032 12.8804 25.6572 
18.7293 23.5512 12.7879 7.8553 18.5718 20.0782 27.331 15.4133 24.8742 4.7706 17.4367 26.0908 29.4283 11.1444 5.2053 
26.7732 14.27 17.7735 28.2129 21.6031 12.3516 5.7241 26.8513 24.9061 34.3961 14.0125 22.4767 34.0489 21.9342 36.0603 
15.6114 22.7657 11.5967 27.4562 28.9648 8.7804 8.5777 17.5856 7.0278 27.665 10.0832 5.4978 18.1027 11.7188 25.6881 
13.5568 19.2712 4.8138 15.561 20.1886 5.2545 14.443 11.0273 14.895 17.6353 6.9907 11.946 18.9086 6.4369 18.8352 
3.9632 29.7947 22.8985 27.634 31.2124 21.0355 25.3152 8.9551 8.4676 33.0024 24.0655 10.069 5.288 16.6772 25.7502 
3.2738 36.2169 18.8973 26.1196 34.0575 22.0787 28.9405 8.1767 11.8278 31.5875 20.4659 13.0965 7.1874 16.0015 22.0186 
4.8482 28.4042 14.4627 27.0732 30.3091 16.5788 17.3077 8.4251 4.812 25.9593 16.2994 6.5227 8.7399 13.5756 21.1808 
11.3977 33.1535 16.7106 20.9872 26.6027 18.2307 29.956 4.0662 17.7614 19.2136 18.7986 20.9898 19.485 9.4593 12.105 
6.8305 27.6883 14.3296 20.4166 30.3888 18.3382 23.1561 0.7212 15.3221 18.3289 18.2783 16.475 14.0803 7.5227 15.011 
17.2279 12.8774 9.6791 22.7615 24.1038 4.3234 5.3311 22.1115 13.5574 25.4973 5.5508 13.5691 20.4092 16.1506 25.7301 
29.7006 21.5708 14.8805 5.0246 13.2448 21.6642 32.197 23.4645 33.3148 2.3221 21.4861 31.405 35.954 14.3498 10.975 
29.0672 15.116 11.2707 5.2838 6.3098 15.986 23.0504 23.225 29.7037 7.4779 14.3057 28.5513 38.0329 16.1491 15.1541 
14.5484 28.3217 15.644 14.0114 24.2924 18.3077 32.171 8.8246 23.7427 14.6984 17.1677 21.0607 24.5089 7.6361 6.3723 
6.0423 28.6387 19.6722 23.5472 31.5411 18.5421 27.1066 2.3159 12.7834 22.549 21.4853 13.5987 12.1588 10.8906 17.8445 
12.4603 20.8329 7.2333 14.4183 17.8681 9.8269 19.0346 9.8203 16.665 11.5495 9.9244 14.5725 19.9636 2.2268 12.6976 
6.2297 40.5159 27.5359 37.2018 34.6404 24.5537 24.5175 11.7143 12.7863 31.9207 24.5761 14.4669 4.603 16.8469 25.4689 
27.4281 10.8881 10.2815 7.0115 6.8597 13.0202 23.9546 20.5616 30.6736 11.7101 11.4534 27.7479 35.8794 13.892 19.9529 
32.1055 15.7732 16.2098 4.4955 6.5018 21.1361 25.4821 25.998 28.7787 8.8114 18.0742 32.265 33.7623 17.0505 18.9054 
15.7327 16.4854 4.6099 16.2364 20.9654 2.9937 12.4384 12.7274 12.4248 18.6741 4.2725 12.3329 18.6908 9.3721 19.4835 
11.7108 25.8568 13.9189 17.1727 24.2673 17.3247 28.3605 7.2668 18.4789 12.1339 14.8681 20.2716 23.9093 5.4573 9.1607 
17.7746 18.3001 8.2657 9.6944 19.3754 10.4437 20.7884 12.5582 20.7402 9.1018 12.4407 22.7582 24.2301 3.7314 8.2279 
22.2076 36.113 19.8835 18.5567 27.2252 27.0719 34.7983 13.2885 29.8857 16.2035 24.6287 28.2215 24.7896 13.4115 5.3382 
16.553 25.7194 16.0549 15.0314 23.3065 20.2991 31.2079 12.9638 25.6314 12.3579 21.869 27.5237 29.9919 9.5512 2.6939 
13.8009 21.7107 14.2994 28.1108 30.2388 9.5903 9.9572 18.0731 7.6419 25.2588 10.8669 5.4083 18.3949 14.7413 30.9039 
10.1956 21.9345 8.21 15.8637 25.465 6.175 16.8604 9.5293 12.103 16.1718 8.8399 11.3406 20.1277 5.781 19.104 
16.5459 17.5323 12.0838 26.0894 24.5388 7.6324 4.0456 19.3573 14.0621 26.9691 8.4763 11.029 23.0059 13.9315 24.2027 
24.0272 6.2496 9.6136 10.8906 9.3179 10.9326 17.179 28.3258 25.8381 14.1754 9.1767 25.2494 31.1209 18.9813 20.3827 
8.1255 27.0191 12.9697 19.1521 23.271 12.2915 18.154 5.7135 11.308 19.1919 15.4795 11.7265 16.0302 3.7938 13.7561 
14.8844 17.3956 10.5327 24.1644 26.9712 6.5421 6.1663 20.882 9.0986 22.0308 8.1094 9.3451 19.0873 12.7182 24.2605 
36.7804 12.3514 19.8637 13.8609 5.0108 22.7079 23.148 38.6785 36.143 19.0377 20.279 32.2347 44.874 23.0314 24.8951 
21.7653 11.4409 7.8839 22.7244 22.1372 2.9296 7.351 19.5672 15.2129 23.2654 3.3354 12.2195 20.9749 11.8236 22.4235 
31.0629 14.3937 16.64 4.8888 4.8865 18.6315 26.5628 22.7911 27.8334 8.2246 15.261 34.9915 33.4507 20.3713 18.3847 
24.253 5.8111 8.8102 10.4166 8.1804 11.2331 15.404 24.8781 26.3995 17.3795 8.8196 25.4679 30.0474 14.8581 22.5818 
6.9679 23.5156 11.839 27.3572 32.392 10.416 13.5538 11.6196 4.4201 22.4707 13.0362 5.6736 11.5606 12.2737 20.284 
11.7294 35.5757 22.2489 24.4167 27.9501 24.5699 29.6282 5.9133 21.7567 21.7465 20.7631 24.928 16.987 10.3774 11.4663 
5.0728 30.4187 17.4785 25.7177 30.0819 14.8983 22.9324 2.2334 12.1903 22.6193 16.5455 11.505 12.3731 9.0064 17.3 
6.4864 31.3603 20.4407 27.059 33.2843 21.444 29.5837 3.9278 17.5017 24.0624 21.2473 17.5813 12.2026 10.3944 15.4875 
12.2307 22.2135 11.0007 23.5746 23.7046 6.6916 8.1438 17.4848 8.3612 22.985 8.0968 7.0563 19.8708 13.2087 25.2049 
16.5206 16.8203 11.6876 25.0714 27.6565 6.0358 6.9729 20.5648 10.7686 22.1165 6.986 10.357 19.8663 14.4967 28.2634 
21.3486 22.5984 11.3771 5.4469 13.8326 17.0748 29.7027 17.4287 25.4434 3.3231 16.8411 27.4313 27.4929 11.1286 8.0863 
24.3487 8.838 9.9228 21.1151 20.5044 9.897 8.2537 29.6196 20.5461 26.5572 7.0051 20.6997 30.0624 21.1719 29.1978 
3.8553 32.7726 17.7453 23.9878 26.779 18.9723 20.2253 2.4687 10.5259 22.6877 20.4066 11.1819 11.8303 9.1807 18.9248 
31.8646 9.1284 12.8371 11.9858 3.928 15.3254 23.3571 29.3352 32.1617 17.1087 15.0503 26.4329 41.6063 17.6388 20.9569 
19.2266 22.8603 17.5244 33.844 27.393 12.6017 7.8791 24.5984 10.2957 30.5629 13.5428 10.804 21.7742 21.1222 36.9357 
6.444 25.2247 11.2022 19.738 29.6216 11.6303 18.9047 8.1242 7.0604 22.3459 11.1859 7.5048 14.3088 8.3232 18.5531 
22.3652 11.8936 12.0583 20.6884 20.1166 6.6716 4.1391 22.116 16.7776 26.3949 7.4742 12.9142 25.8247 15.9593 30.0179 
18.0538 28.3489 13.5143 11.3129 22.5249 15.1715 28.1905 13.4633 24.3403 9.2623 15.9444 26.8872 28.5356 7.9017 3.3248 
6.9824 28.9611 17.295 20.8174 27.8283 17.9396 24.7665 1.1648 13.5632 18.602 18.581 14.4962 16.2604 8.0731 13.2745 
6.7447 28.6583 17.1836 21.5955 33.542 19.3188 24.8078 0.3638 14.0841 19.5208 17.5143 17.5847 15.1139 8.3283 14.9033 
19.3669 20.2542 11.9699 8.2557 15.8308 14.1225 25.4696 12.5509 24.7619 7.7339 17.1665 22.258 26.7314 6.7704 7.2248 
23.1937 10.4026 12.6811 25.4186 18.1833 7.5167 6.7298 26.7725 18.6665 28.1755 7.5982 20.9578 32.3331 20.9928 30.7938 
24.3633 20.1761 21.5057 36.063 31.4825 15.1941 4.7379 28.7733 18.2351 35.1104 16.2736 17.5146 29.0305 28.8086 33.4406 
23.4842 13.9712 13.9794 27.6275 22.6089 10.8588 1.9062 24.599 15.3232 25.4604 10.743 15.7595 24.6871 19.6596 29.1581 
3.8592 29.2138 15.7979 20.4681 30.3126 13.8777 17.8877 5.0338 10.0203 22.9611 17.155 9.1418 10.0858 7.8513 19.4801 
21.5123 8.0211 7.1181 17.8936 12.1181 5.4616 13.7524 20.8555 23.9342 18.3461 4.3892 18.9939 33.7629 13.2367 24.967 
21.764 12.9586 5.7318 8.5854 10.1528 9.4396 18.9153 16.9154 22.0377 10.3079 8.1368 25.184 26.5751 11.0292 15.8899 
27.8709 20.7572 13.1647 2.6485 13.8023 19.6246 25.3246 22.7535 30.7121 1.7453 19.149 29.6708 36.967 14.9395 9.7697 
30.1171 22.2228 12.5995 2.3114 13.3632 18.33 27.3583 18.8343 33.8459 1.8731 16.0871 30.7658 30.3338 14.6583 9.8941 
29.9327 11.9228 9.9586 7.5629 6.7138 10.8986 22.5019 25.1869 28.2623 11.6218 12.8422 27.4751 34.3293 13.3408 20.433 
26.8645 8.4035 15.6185 23.1545 19.1864 10.9532 6.8597 31.8343 22.5946 25.5156 9.0133 20.7579 32.3627 19.3935 32.3825 
23.7752 10.8023 9.3054 20.1014 18.2256 7.8434 6.0609 26.5172 21.4457 26.8879 6.5686 17.1186 31.7538 19.7987 24.4757 
16.9141 24.5879 12.9798 15.1386 22.8591 17.1454 29.7895 8.8199 19.1315 12.1102 18.6568 19.5642 21.0133 6.5089 5.7824 
18.7972 34.5386 22.6167 18.6988 30.4766 23.6432 38.7872 15.4204 29.603 15.4535 25.489 32.2563 30.4254 15.008 7.1973 
27.2333 37.1361 23.9062 16.4136 24.8715 22.2933 39.1522 18.6529 30.5661 11.2975 26.1397 30.9227 29.7142 17.495 4.8591 
7.8424 36.1067 20.6161 30.9934 36.1355 18.37 21.9248 12.49 4.1304 28.2546 20.3677 5.3977 4.8038 16.0356 25.4658 
7.2402 29.8404 17.1389 20.4177 29.4126 17.0039 26.5248 0.8357 13.3367 20.9983 19.6191 16.2036 16.6855 7.0886 14.7235 
19.0992 28.2608 20.8614 15.4859 27.9905 21.6597 27.6841 11.5745 22.8584 13.2551 24.8467 26.6556 28.761 12.9035 2.9712 
6.2375 24.8759 13.0559 18.196 30.4571 12.7978 22.1647 4.4205 9.9447 17.9477 16.4467 10.8118 12.8379 6.4868 15.9028 
8.7855 26.3457 14.9097 28.5867 29.9543 15.501 14.4243 13.1711 1.1858 29.8928 17.7431 0.7845 11.3781 15.2663 25.2715 
31.6506 13.6662 11.5552 5.9378 5.4662 13.5935 25.5216 23.1881 25.5399 8.5439 14.1668 31.4501 34.0974 17.1281 16.8768 
24.9643 14.7627 11.6118 27.6948 21.9648 8.1955 3.2113 27.79 16.4101 23.4088 7.1942 14.2133 26.0406 20.7711 27.996 
37.7961 11.9376 17.3581 11.8015 3.8077 19.4211 27.1383 37.4286 35.6503 15.2628 17.5365 35.3204 43.2665 27.1185 27.3182 
25.736 11.7948 18.6266 30.4292 21.9147 14.9992 5.9693 32.2423 24.0295 32.0012 12.2253 18.2855 29.058 21.1071 37.9827 
21.6969 17.025 14.2586 27.9632 26.0479 11.3591 4.4358 20.8503 12.1947 32.9727 11.4981 10.9078 19.0126 18.0018 26.0951 
29.2882 16.8561 11.207 2.3891 8.4199 15.4078 23.9185 23.6379 32.145 5.9638 14.192 33.0372 30.3117 15.6508 12.359 
31.9213 7.5125 14.7274 23.8933 16.5654 10.611 10.177 30.2577 20.5858 25.4588 9.965 25.5699 34.2375 22.7865 27.3239 
35.1275 11.2203 17.6222 13.3656 3.2122 23.2083 23.1205 35.3642 38.2381 17.3033 19.9629 34.9902 47.7292 22.8481 28.0796 
31.2718 2.3728 13.988 22.3 12.7071 12.1665 15.4253 28.0301 28.4441 24.8424 9.4321 24.4044 33.9693 21.2278 30.5666 
4.246 29.4254 14.2843 26.3582 30.5483 13.1769 18.676 5.986 8.1907 24.8545 15.2959 7.3082 9.5164 8.2377 20.4121 
16.4625 19.9017 4.0104 13.7144 18.9798 6.4104 15.2506 12.9147 17.6413 14.8587 8.097 14.6093 19.6126 4.5343 14.7685 
18.3708 27.8787 14.1966 10.5831 20.0388 18.4431 31.2727 15.2396 27.0938 7.825 22.1454 23.2534 28.1898 11.6144 2.32 
17.0209 25.2568 17.1344 33.5738 35.2832 13.5275 9.7752 21.8183 7.542 34.0452 16.3417 7.4414 15.9637 18.5288 30.7812 
28.1704 17.2007 14.9111 0.4878 9.8391 18.6605 24.4494 24.2537 27.7362 3.7792 17.0414 30.6495 34.9092 15.8396 10.6249 
10.4744 19.8875 8.8906 18.7211 23.2227 6.5615 14.7982 9.9101 10.1614 18.2976 9.8729 10.5972 18.9323 6.5088 20.8386 
18.2171 18.9066 8.6088 8.3287 15.1512 15.5905 22.3387 15.2155 20.4128 6.1471 12.2823 20.8356 26.8746 6.8533 7.8266 
4.57 40.1862 22.3341 26.8901 31.0888 23.6997 23.947 6.2969 15.2084 30.3519 25.6919 16.7698 8.5576 13.3087 18.7158 
13.2822 19.437 9.9585 21.8058 24.1113 8.3845 11.6624 12.9954 6.3453 22.4503 8.8913 6.3366 16.7553 11.0061 19.7735 
14.7764 19.1147 5.4538 15.0861 18.3469 8.1159 16.0065 11.0058 14.4244 13.6351 9.56 15.5552 20.4057 2.5452 13.4071 
22.7962 8.6742 5.3026 11.1538 10.607 8.1581 16.6433 19.8363 24.3726 14.4359 7.3329 23.4469 34.5847 14.5953 20.3378 
5.0872 23.8759 13.0635 21.0477 25.6138 13.2094 18.7272 5.7557 9.4537 19.5924 12.4085 8.7169 11.3547 6.9747 17.1576 
25.6676 30.3731 21.1092 17.8583 25.3181 21.6788 38.8317 15.0397 27.2129 13.1752 28.6218 29.7379 32.5352 14.8036 4.1607 
9.9756 26.9653 18.6786 36.4489 34.2675 16.2106 18.8754 13.3196 2.9878 31.6843 18.9157 4.1964 6.282 18.6307 30.7471 
23.705 15.9577 15.1268 28.8102 21.8351 11.7992 3.3423 30.0386 17.6569 33.246 9.8539 19.5709 26.9983 24.4691 29.3349 
33.644 18.3048 14.9886 3.2287 7.4115 17.9279 24.1829 22.8037 30.288 5.6044 20.3743 33.1755 38.7101 17.7078 14.6882 
30.8765 10.8256 10.8676 6.3748 6.5304 14.2599 22.8418 24.8063 24.286 9.0395 11.6252 25.0688 33.7684 15.8175 19.7683 
6.1831 22.7228 12.3037 20.5494 24.3215 11.3376 20.3072 4.7561 11.2759 18.6293 16.3603 12.4859 12.1183 6.4424 18.3991 
17.4677 29.519 22.2861 15.7876 23.9173 25.0755 28.3312 9.3365 26.5567 16.0319 24.6539 22.4236 24.1701 9.8336 6.3196 
23.7154 12.4299 10.7715 5.055 6.5872 14.0347 24.8695 20.4457 27.1859 8.9397 12.846 27.9215 32.6791 14.1149 14.9369 
11.0855 18.2759 9.3508 24.7497 23.721 6.638 10.6856 12.4689 7.5626 21.161 10.4985 7.7956 17.8813 9.0606 22.9519 
21.2127 19.4649 14.8118 25.9098 26.0546 8.8242 3.2117 20.4531 11.8049 27.3152 11.0397 11.8221 22.766 16.4099 29.7477 
11.7155 24.6697 9.7067 13.6874 19.9028 13.6332 25.2501 6.8839 16.5035 13.8366 13.7111 18.5043 20.0967 2.8525 8.1059 
32.1817 8.3597 13.0662 12.0972 3.2527 16.1962 25.0296 30.7857 31.2512 12.9145 15.8795 32.9001 39.5255 21.4558 25.1281 
27.4794 3.1984 9.9913 15.4947 12.2248 10.8734 11.7048 30.2317 26.585 18.0748 9.2667 20.7507 30.7945 21.844 29.184 
23.8184 20.3486 19.0835 30.5752 33.2465 14.5934 5.1479 30.3814 14.5044 33.578 17.426 17.4567 24.2058 25.5059 35.1878 
13.1884 18.2664 6.7824 11.2897 20.5002 9.3896 19.5697 11.0537 19.0351 10.9611 8.7656 16.8669 20.3813 2.7306 13.8969 
22.1262 21.0843 14.6217 5.2655 13.4896 19.1032 24.7356 18.4272 30.9612 2.4568 15.3592 24.4332 28.8293 10.1458 6.9946 
17.7113 23.645 12.2542 11.9134 23.32 16.6829 30.8671 11.0407 22.1033 10.0981 20.1419 21.4729 23.7239 7.9222 3.9768 
13.9249 26.1606 16.2945 29.612 33.4178 12.6522 10.8554 19.7848 6.6099 31.3927 13.1594 5.3012 14.4347 17.8215 31.0777 
17.2446 18.1892 12.8106 24.8206 23.8999 9.2574 4.4857 23.5179 11.6714 25.0581 9.3517 10.9394 20.3816 17.4051 29.6443 
18.4024 17.7973 16.1256 23.7378 26.2707 10.7471 5.2527 18.9474 8.8585 30.3872 11.7391 8.442 22.673 16.5542 29.7897 
34.2168 3.2314 15.5519 18.3112 10.3721 15.4337 18.9662 26.997 29.7101 18.7064 14.4756 25.5863 43.651 22.7955 26.7854 
16.3084 18.5599 8.1192 9.8838 17.6084 11.3961 22.311 11.9141 16.9559 10.2825 11.5532 19.5252 23.2591 4.6954 10.6148 
1.1996 34.926 20.4429 24.0487 32.1607 16.5415 21.7447 5.1978 9.3739 25.7189 22.7467 11.239 8.9603 11.0261 18.2053 
19.5295 17.7858 10.0151 21.7803 21.7553 7.7046 6.1633 21.2076 10.7514 23.338 7.2119 9.507 21.9861 15.5706 28.464 
27.4794 15.9648 20.4512 26.1967 24.9049 13.7079 5.4863 33.9332 22.3309 36.9023 14.1439 19.4705 28.9245 23.4081 31.664 
13.6189 32.3253 18.7543 20.3718 27.2885 19.1123 28.4031 6.2299 21.1666 16.3757 20.5412 18.0941 18.0924 10.2976 8.6749 
18.5307 18.9061 9.7769 26.5897 23.3947 7.2796 7.1322 16.5739 10.9439 26.694 8.229 7.9162 20.9515 14.558 29.6218 
23.9828 18.7758 11.0663 4.7018 12.1065 18.0066 28.8126 15.8403 23.6992 2.9278 18.1256 27.7681 30.8393 10.8217 8.8996 
23.9885 21.695 12.0335 3.1568 11.9806 17.378 28.2052 17.4554 25.2494 3.069 13.4409 27.7005 35.4931 13.1352 10.0762 
30.4811 10.6345 15.4117 25.9934 21.289 12.1685 6.0162 26.8065 23.1188 25.8558 11.6856 22.6383 31.6955 22.4718 29.4032 
28.1345 5.6297 9.7811 22.3533 14.8373 8.7494 10.8161 24.8281 20.3886 23.303 8.8247 19.9832 36.7564 20.5066 29.9998 
6.4293 36.9241 21.8185 35.451 37.9098 17.0019 22.5004 12.7472 5.9431 31.357 21.0614 7.4672 4.7677 19.6682 26.4281 
11.644 28.9284 17.2071 16.4398 26.0671 20.1801 29.3164 6.7978 21.7913 18.6762 24.041 22.4868 17.877 10.5878 7.8846 
6.4774 33.7376 19.5856 27.5169 35.5825 17.9987 16.9562 13.6639 3.5134 27.1982 20.9152 4.8961 6.0182 13.462 23.109 
34.1304 15.2535 20.7064 13.5218 4.2433 20.6953 30.542 35.5528 39.0944 17.2256 19.0353 41.5112 46.8377 29.013 22.9176 
4.5132 24.622 14.2471 27.5517 34.4689 11.7828 16.8126 7.4641 6.3126 27.7051 15.354 6.6326 11.4662 9.8771 20.4331 
5.8618 24.706 16.3007 24.2494 25.0232 13.5067 23.9346 2.4764 11.585 19.5709 14.924 14.9959 14.96 6.1073 16.0602 
6.5079 24.6441 10.724 20.9208 27.718 10.0826 16.9856 10.112 7.7615 25.4674 14.0144 7.1337 14.0082 8.4736 18.5782 
1.9756 33.2237 14.8425 26.5035 33.916 18.1417 24.6837 4.8975 8.6939 21.1933 19.3708 9.365 10.9985 10.1465 20.5255 
13.5977 34.7398 18.3538 17.9698 26.6769 17.6607 25.9863 6.9374 22.818 16.4155 21.6803 19.5246 20.2134 9.3627 8.4824 
3.7236 27.0917 15.2479 23.4401 32.7456 12.1716 21.6119 6.0199 9.6974 20.1123 14.6365 8.3614 13.3877 8.5372 19.9194 
31.0509 19.1971 18.6179 30.2632 31.9418 18.5467 6.5091 30.4285 17.1694 31.2842 15.4436 18.7525 26.8201 28.2894 37.3046 
14.8154 26.9975 19.5027 18.3005 30.9152 22.906 31.3369 6.9528 23.4234 14.165 21.6385 23.7162 19.0764 9.7689 7.6153 
16.2819 18.4554 7.0965 9.1742 14.0861 9.244 20.0355 14.1378 23.0547 9.0922 10.4943 20.7545 23.3719 6.3461 11.2371 
30.2484 9.9715 16.0274 11.8778 1.4942 16.3106 21.3421 33.5534 36.0089 15.6437 18.6551 28.0425 45.6945 22.8168 25.0493 
14.4767 18.555 5.7386 12.115 19.9089 7.9301 15.5233 10.3725 15.4301 15.3705 7.8391 15.5525 22.0885 3.4892 13.4716 
35.1268 12.2446 19.9973 12.7385 2.6415 22.008 23.962 35.3027 37.0748 16.2177 19.132 35.4411 45.645 26.7113 24.816 
3.9245 32.6788 17.9486 25.7152 33.0312 13.8176 20.9299 9.0828 5.8688 28.9365 18.3429 7.5795 8.1546 12.0012 23.1884 
34.2796 1.5924 13.2289 20.9097 13.3991 16.2366 19.6726 28.539 33.3027 19.3784 13.3358 30.5548 40.7438 21.578 32.6701 
20.3112 21.9425 18.2956 29.2712 30.7267 14.4816 8.7285 20.3818 7.7093 30.8485 16.4516 6.5785 18.0737 18.4177 29.5611 
17.7991 28.7613 16.085 11.7634 20.3266 19.5393 30.0151 11.8232 28.005 9.312 21.945 25.7899 25.1768 9.9328 2.069 
14.456 28.4156 20.7312 15.863 23.8578 20.5629 31.8351 10.3451 25.0765 15.1772 20.9005 23.8122 27.5596 10.6326 5.5504 
5.3798 30.7168 20.9315 28.748 39.31 21.4247 25.1075 12.841 8.1667 27.5283 21.2715 10.4548 3.259 17.6873 29.043 
15.6433 13.7534 2.3808 14.2802 17.7502 1.8518 13.8809 14.6051 16.6816 15.6055 2.635 16.8798 25.3004 9.2761 18.8339 
8.7523 20.4837 9.4669 23.2431 25.1957 8.2662 14.496 11.8342 7.1775 21.6338 8.598 7.792 16.8019 8.0606 22.1394 
10.6923 29.1669 13.7523 20.037 29.1975 16.543 21.7711 3.4026 18.2094 16.2122 17.4198 17.6309 17.5669 5.4219 10.3031 
18.1328 21.3749 11.1369 8.3218 19.5275 14.5382 22.2885 12.2999 24.2166 7.2017 16.0513 21.7813 27.9123 8.2009 5.6704 
13.4949 21.7149 11.425 21.0042 25.9572 9.3173 10.2947 13.8985 6.0889 25.2355 10.0441 5.8651 16.6748 11.9728 24.9225 
18.0834 27.7444 15.619 14.1124 21.8513 16.832 28.9194 9.1812 25.0241 9.9911 20.0526 19.7549 21.3849 6.5483 5.2181 
5.3744 26.7761 15.6678 29.4105 35.1255 16.8519 18.6906 10.0831 4.6634 29.6553 16.8119 5.7716 7.3056 12.3729 26.4731 
18.9702 21.7983 12.3488 6.9089 19.0591 16.1962 26.6764 17.8021 29.7468 5.1859 17.8694 29.2576 25.9106 9.2119 5.1492 
28.3681 11.3045 16.4435 25.9706 23.9661 15.4088 6.6361 32.1697 24.0379 34.7374 14.5301 18.6339 33.0055 21.592 32.9443 
14.3478 23.4976 11.6103 23.4166 24.838 7.3752 8.697 14.5677 6.545 26.1935 9.1248 5.7987 15.8005 13.8035 22.8153 
12.6164 16.6795 5.2369 14.5636 22.8107 4.931 15.3629 13.6211 15.1597 15.6764 5.6261 12.649 23.1328 5.7249 14.8407 
3.6185 30.3784 23.4946 28.0209 36.0427 20.991 20.1507 9.7084 8.6345 31.9073 20.0435 10.3653 4.7277 16.9158 24.9628 
2.8238 31.1386 24.1568 28.4681 38.36 20.2533 28.9553 7.3262 9.9531 30.7247 19.8816 13.9371 6.477 15.1538 21.6199 
4.8047 26.6356 14.2842 25.2469 28.1527 15.1839 21.484 8.8129 4.9472 27.5627 15.9924 5.649 8.4402 11.4252 25.3042 
11.041 32.3694 19.8201 23.6059 30.2934 19.791 27.204 4.4557 18.4552 18.6886 24.7561 17.6966 16.5055 9.7102 13.1761 
6.4913 33.9372 16.8384 21.7608 27.5042 17.193 28.7405 0.6343 16.6556 18.9463 17.3587 13.8129 15.7159 8.2486 13.1292 
17.9501 12.181 9.2559 22.3531 19.9562 4.391 5.2922 18.8908 13.3086 20.3343 5.4947 14.0144 26.252 13.6007 22.3823 
28.9302 23.2799 17.9533 4.6307 14.5657 23.3868 33.3702 22.4227 31.4869 2.2494 23.7044 27.88 31.2837 18.6637 10.9257 
26.9714 13.9514 9.4115 4.8792 7.3604 13.1373 23.6298 25.6263 24.1748 8.1026 14.9491 27.5986 29.8201 15.6897 17.2649 
15.6607 32.1767 15.3801 15.0544 24.8833 17.1023 26.71 6.9217 18.4275 13.2165 18.2762 22.3642 23.7008 8.5284 5.829 
5.9386 32.2367 18.1973 22.2602 33.7914 20.0413 24.0061 2.4006 14.5127 24.9522 23.1394 16.1231 11.4485 10.0322 15.9094 
14.3631 21.6934 6.1773 14.2484 21.8332 9.1952 21.0261 9.7094 16.6024 13.509 11.1589 18.218 20.5933 2.1531 10.7444 
5.634 42.25 25.9416 30.7529 38.3596 26.5684 28.0916 11.724 13.6729 30.9747 28.7774 11.9396 4.3578 16.423 22.6544 
24.224 10.3044 10.8949 6.3546 5.9046 13.4417 23.9299 20.9305 30.3615 9.428 12.7487 28.0772 31.4227 15.6247 16.528 
27.2538 18.2946 15.8352 4.2363 6.1711 19.3997 28.9787 28.3622 30.0246 8.0696 18.106 31.3311 34.9817 21.2321 15.5712 
17.0492 17.8212 4.5749 16.2364 23.029 2.5309 10.3357 15.3457 11.9546 19.9683 4.1947 13.6377 20.2538 7.6447 20.1852 
14.4959 29.8441 13.8225 13.5996 26.7886 15.8512 22.9665 6.4133 17.1342 12.9095 18.0005 17.1521 22.8721 4.797 7.0848 
15.81 20.4124 10.1712 10.8763 17.1599 11.8623 19.5185 11.2503 22.6422 8.7327 13.1567 20.6024 24.8884 4.0418 9.0712 
18.9406 32.0228 24.1296 16.0774 24.8387 24.7752 33.98 14.3237 28.6832 13.6586 26.7257 31.299 26.4712 12.9664 5.9776 
16.7686 30.8346 17.702 14.5753 25.4876 22.8847 29.9677 13.7172 22.2769 12.3905 24.3339 27.9132 25.5294 11.9266 2.7373 
13.2927 20.2105 13.3091 27.4294 31.1282 10.7003 9.432 18.687 6.007 28.531 10.4074 5.1298 18.3145 16.6738 30.8166 
11.2797 22.1918 7.6143 16.4024 21.3724 7.2051 16.8989 10.4461 10.0531 16.841 7.9021 12.4146 16.6599 6.31 19.6054 
19.1541 16.8967 10.6246 20.9371 25.4135 6.7115 4.5116 23.0682 11.9919 28.9616 8.7549 10.4735 21.3912 14.3301 30.0185 
27.5853 7.3457 9.6608 12.7493 9.2682 12.0138 19.2575 22.5368 23.2909 15.0761 8.7706 28.8813 35.7024 19.293 22.5146 
8.2168 23.0176 9.976 20.5652 23.4673 11.8583 21.2278 5.2962 11.1502 16.0748 12.7038 13.8255 17.9544 3.8635 12.9433 
18.0791 17.4668 12.1209 25.1062 22.1289 6.9959 6.6115 17.5821 10.0768 26.9282 7.7431 9.2971 18.1109 16.112 23.9624 
41.0098 11.5472 20.9456 14.9227 5.014 20.8458 30.4724 38.7179 36.9173 16.8323 21.7806 35.0756 47.8053 29.8716 31.2285 
19.0419 11.8328 6.6922 17.3165 18.9526 3.4956 8.3049 21.1121 13.9707 21.8772 2.8486 13.61 24.5297 14.597 26.0138 
34.6504 17.2761 16.5526 4.3806 4.7776 15.7452 23.9174 26.6131 32.9048 8.7838 17.3832 31.2745 41.6936 19.4127 15.3797 
29.3027 6.2957 10.0309 12.3602 8.4104 11.2552 15.3023 24.9713 29.1237 13.4691 9.6699 22.8833 38.8251 15.7435 20.3902 
8.8182 27.3533 14.8966 22.7494 27.7337 12.0424 14.9324 11.3506 4.4583 27.8054 11.4462 5.4807 13.8323 11.8135 20.71 
13.6596 35.7195 19.6259 20.2961 27.5452 20.9795 27.0503 6.7289 19.2412 18.0846 25.9404 22.082 17.1043 10.301 10.9443 
4.0677 33.7938 18.5461 19.9446 33.3706 14.5884 24.8796 2.2373 13.8052 24.077 19.8493 12.6612 12.8425 8.0326 17.4946 
7.0916 34.2069 19.5519 21.7642 33.1896 23.7623 29.9773 3.27 14.3997 25.5133 21.6584 17.8971 13.9908 12.4305 15.4968 
14.6753 20.4906 9.513 24.0259 25.4088 7.9184 10.3576 16.0416 9.0236 25.2849 8.8662 7.9121 18.1306 11.4225 21.6042 
18.8793 19.1371 10.3732 27.0405 24.7913 7.3662 6.1727 18.7832 11.1614 24.5098 7.2737 10.3683 20.8584 13.102 24.5534 
24.7905 19.4375 13.5456 5.2091 13.4189 17.4987 30.2234 16.4235 23.4361 3.4174 17.664 29.4908 35.2231 9.6324 7.9943 
24.9932 7.1904 11.2681 20.2181 18.1333 8.0765 7.9715 24.7139 20.469 23.0004 6.6427 20.694 31.31 20.0536 28.5353 
3.4927 26.3266 16.9268 24.8203 26.9095 18.6591 24.9902 2.514 10.8375 24.1293 19.5887 13.7856 13.672 9.5747 16.9203 
29.0009 8.0983 11.7949 10.527 3.7685 17.1155 21.4997 28.6047 29.1899 14.2373 15.5714 26.1664 39.6518 17.9494 22.9046 
17.976 25.3156 16.5327 29.444 33.0389 14.3326 6.9489 23.8402 11.8752 35.9821 16.3957 8.6131 18.2503 19.1471 36.6043 
6.178 24.9912 12.5646 20.2513 28.1997 12.3885 14.8617 7.2551 6.542 22.3012 14.803 6.8152 13.7559 9.0612 19.9054 
21.0663 13.4105 10.9943 24.7845 25.4608 6.9867 4.0413 21.0334 17.4866 22.4251 5.9978 12.3604 23.0938 15.7047 28.6465 
20.0917 26.1286 13.4406 12.1895 22.9178 19.0781 26.174 14.2187 24.7895 7.2051 16.8244 25.5726 27.1487 9.9676 3.1237 
8.3278 32.359 16.5417 23.4053 31.8934 15.9326 22.0602 1.0726 16.4565 18.8809 17.3478 15.0594 16.6661 6.2389 11.5142 
6.813 31.6307 16.4012 20.6262 28.5289 18.7342 23.7101 0.3484 14.2866 21.87 16.5256 14.6969 13.2926 7.8819 12.5155 
17.638 19.2651 11.9699 9.2408 15.8614 15.2917 26.1449 13.7632 19.5478 6.5436 14.6036 25.2872 28.513 7.5935 6.921 
25.2008 9.8042 10.2196 24.2345 20.181 7.4616 6.3592 22.8616 17.5327 23.2912 7.8768 20.2395 27.8783 20.9003 30.1039 
28.0822 17.5815 22.1202 34.7757 30.1788 16.9679 4.8651 27.3208 18.7859 30.6165 15.0141 15.7988 26.0751 26.6328 39.2942 
26.1307 13.3751 12.4913 27.3477 22.3132 11.1507 2.1597 22.8862 19.51 27.0216 10.6828 15.2375 29.3549 19.4766 30.2081 
3.4964 25.568 13.9043 21.4367 32.9448 14.8908 22.8195 6.0396 9.1138 22.0768 15.5464 10.4096 10.4501 9.4653 17.7799 
25.0313 8.3986 7.1742 16.9508 12.4594 7.0137 11.7793 23.0627 23.7106 19.3097 4.6602 18.9358 31.3751 15.3661 25.9549 
19.6212 10.7127 5.1789 9.5174 11.0602 9.2957 20.5251 21.1165 22.8702 12.2424 7.029 19.6336 27.9549 11.2661 15.499 
24.1256 20.0975 15.0585 2.1147 12.0483 16.7602 27.3278 22.3529 26.8249 1.9646 17.5389 30.6187 37.2738 13.7029 9.3203 
26.6618 22.5093 12.9137 2.0078 12.177 18.3087 28.1489 23.0074 32.2289 1.8546 16.0031 31.4087 37.0824 15.7813 11.4376 
30.177 11.4384 8.1399 7.1716 6.7331 12.078 18.1221 21.4218 25.2519 11.1862 9.8677 27.4677 34.7459 15.332 16.336 
29.3411 9.3897 15.805 23.6892 20.7968 11.7468 7.6232 31.5211 19.8953 23.9881 10.4156 21.7152 35.1418 21.3877 31.9334 
21.7499 9.4475 10.3246 21.2501 18.4774 6.8499 5.584 21.7286 20.8166 22.9616 6.3595 19.6111 30.1815 19.8598 29.2366 
17.5536 29.3645 12.6777 13.5203 20.4037 14.6836 23.6789 8.7824 18.4923 10.3319 17.3053 19.5079 22.5384 7.4094 5.5031 
20.522 32.6628 25.0475 19.1706 28.5843 27.4853 36.2365 12.6295 29.7383 17.1316 29.799 25.9779 25.1495 13.166 7.9298 
25.4345 37.4679 24.4663 16.0462 25.0196 25.0411 34.9484 17.0159 29.6888 11.3011 22.8249 34.3076 35.1193 15.6349 4.9977 
8.5461 28.8707 23.9144 27.3723 38.9555 17.8727 19.14 13.2711 4.3904 30.5136 18.0269 6.1622 5.4769 16.6236 26.2215 
6.5621 28.8462 15.6305 22.8929 32.7236 14.7086 24.2035 0.8098 15.8721 21.5431 17.9295 14.1446 15.7918 7.1178 14.9168 
18.1685 27.4758 18.8888 13.4038 22.2608 21.8744 28.7694 13.1329 27.8344 12.7292 19.4328 27.5096 25.5043 11.4315 3.1209 
6.134 23.6057 13.3204 19.876 23.2212 11.8616 18.5166 4.0178 11.9376 19.0897 13.0798 11.0443 14.9913 5.6637 15.1063 
10.7529 23.3954 18.9078 29.9951 31.1595 14.3665 15.9655 16.4939 1.164 28.6882 13.6506 0.8014 11.6149 14.272 24.9976 
29.3021 13.3508 13.2185 5.5317 5.6915 16.1518 24.8082 25.0958 32.1452 8.493 12.3857 30.9542 32.1785 16.5628 17.6926 
26.6415 14.7329 12.111 22.8029 21.4286 7.6428 2.643 27.1079 19.3326 30.3738 8.2666 16.3001 29.1164 16.5359 27.3836 
40.0637 13.127 16.8693 12.5873 3.2172 22.8008 31.1218 34.4531 38.4776 14.8263 20.7701 33.8002 40.5452 22.5361 25.0113 
27.2726 11.4712 15.0032 30.4453 25.4065 12.5095 5.7192 33.4804 19.4587 29.0068 12.2613 21.9913 29.0314 25.9054 38.9607 
20.7142 17.7346 12.5567 30.3896 27.05 9.6963 4.193 22.2475 10.6062 32.0443 10.1596 10.5793 23.9545 19.2656 28.3194 
27.8029 16.543 12.2673 2.0639 7.1312 17.4677 24.0074 26.1137 32.5982 6.041 16.8314 25.1019 37.8745 13.9522 15.4498 
25.3166 7.0436 13.0266 21.4959 20.0174 10.8898 10.692 33.4813 21.3327 26.8584 10.2212 23.6256 36.0931 20.0547 29.044 
37.2276 11.3368 16.9961 12.997 3.3297 23.1561 24.4697 32.2533 36.6944 16.61 19.8226 31.3654 45.4231 24.3874 24.0066 
32.0068 2.5128 14.9136 18.6133 13.7512 14.3504 15.4059 33.1535 25.277 22.5095 9.6923 24.9856 33.6219 19.0804 32.4943 
4.6919 29.5108 12.8202 26.9716 29.6555 14.6074 18.2533 6.0783 8.2038 20.8155 16.2307 8.0354 11.3783 8.5726 20.5525 
14.7838 16.9421 4.8536 14.5632 17.1959 6.144 15.9104 11.5494 14.8686 13.1935 7.6576 14.0623 20.9723 3.9864 12.9037 
20.1368 25.9557 13.648 12.0578 21.5932 17.7555 26.4951 15.4718 25.2773 8.0363 21.9893 23.5137 29.2151 9.6992 2.4342 
17.0011 24.1268 18.0757 28.8065 32.1611 15.1593 8.2167 24.1679 8.165 33.9633 14.4241 7.6198 15.8028 18.6636 32.5362 
24.9077 18.2498 12.3612 0.6018 10.6019 15.9351 24.4414 22.3851 29.2109 3.8581 18.3661 26.9088 35.4235 16.3742 12.1221 
11.22 19.1768 9.1935 20.3839 27.1861 7.9746 14.1128 10.8397 9.472 19.6557 7.9356 10.3877 17.4047 7.3272 17.2669 
18.6525 18.0559 11.2339 8.0929 16.7574 15.4066 26.6637 15.5464 21.4273 7.6514 14.2066 23.8512 26.9753 7.9739 6.7598 
4.4832 32.2218 20.9775 27.8466 39.1144 24.3647 26.3887 6.3816 12.1211 29.9966 26.8226 13.5288 9.302 13.0786 21.1322 
13.155 20.41 9.7497 22.314 27.947 7.4068 11.6592 14.6466 8.3054 22.2951 8.7713 6.1673 14.9302 10.5696 23.9064 
11.2614 20.268 5.9588 13.063 18.2189 8.1914 15.9912 10.8515 14.8325 15.0578 9.2908 14.8181 20.5111 2.6604 13.4429 
26.389 9.3872 5.3137 10.7904 10.4638 8.1536 17.0813 21.8815 21.3825 12.8945 6.0693 19.2613 34.9711 14.4916 17.2441 
4.9648 28.8612 14.9589 24.1073 24.5114 14.46 20.2914 7.1342 9.7241 22.5724 15.8815 8.1829 13.735 8.9054 20.893 
19.3102 35.757 19.7868 17.5736 25.8241 28.3066 37.4944 14.2681 30.6972 12.9814 24.5829 32.0739 33.3678 14.216 3.7925 
9.1038 26.7698 17.703 35.1743 40.6557 19.6881 16.6652 15.6371 2.9314 30.5676 19.0687 4.0141 6.1769 16.901 30.2184 
24.8865 14.0479 13.4704 24.1523 22.4152 10.3158 3.5448 28.68 16.6141 30.0862 10.646 16.0579 31.3296 19.8303 29.4568 
28.5464 18.8567 13.3105 2.5805 6.9012 20.426 25.0789 23.0322 34.217 6.0734 16.4662 31.4673 34.8337 16.0023 17.0793 
29.8897 12.2643 10.5 5.9266 6.6768 13.7227 19.9564 22.5567 29.8224 10.1033 11.3009 30.022 30.8959 16.0364 16.5572 
6.1152 23.7328 13.8278 19.2242 26.8988 11.5805 18.7394 5.5783 10.9384 22.8296 15.7386 12.0228 14.6588 5.2529 15.8999 
18.0462 32.6562 17.6705 19.528 30.4705 22.2081 29.9993 9.8806 21.9414 13.1922 20.6044 21.1591 23.8512 10.7279 5.7769 
30.064 14.1484 12.3541 4.2972 7.1547 15.1298 21.8658 24.0572 30.6588 9.2797 11.7917 23.91 35.5268 13.3111 15.2311 
11.7936 23.4535 11.2707 24.0048 22.3603 7.3387 13.3017 12.4089 8.6956 19.976 9.3227 7.045 15.6693 10.7397 20.9745 
17.9197 16.2811 12.0064 24.5105 26.4429 9.1431 3.4791 25.4242 11.613 29.2123 11.7045 11.6978 19.1999 17.6168 27.9706 
14.2962 24.5246 11.0893 16.3434 24.1327 13.9889 25.7136 8.2091 17.4339 12.0001 15.0855 16.5443 18.217 3.1181 8.3981 
29.6427 8.6148 12.4645 12.486 2.6337 17.0722 25.7491 28.2299 30.5181 16.113 13.6434 26.5895 44.3086 22.3291 22.5364 
32.0162 2.7787 10.2308 19.7847 14.3712 10.455 12.1713 25.7998 24.4483 19.471 8.094 21.7893 33.5589 17.2297 23.8888 
26.9408 18.9468 20.3408 33.0667 34.0792 14.9627 5.4007 25.9977 15.0251 34.906 15.6323 16.1366 26.45 25.026 40.4409 
16.762 18.3156 5.9661 12.0977 17.2248 7.9397 21.0083 12.7937 19.216 12.4332 10.9344 18.8049 21.1747 3.5724 12.9413 
22.6328 18.7511 11.1229 4.4483 13.3571 18.4513 28.0849 15.9083 26.7076 2.5065 16.4338 28.8024 32.379 13.109 8.661 
15.8062 24.9446 15.2997 12.1646 23.0989 18.2619 24.8114 12.5922 26.0285 10.5943 19.1678 24.1454 22.9954 8.3985 3.9695 
13.832 20.8452 14.0789 24.7295 34.7061 10.2215 9.204 16.9038 6.9916 31.5597 13.6534 4.7171 16.5847 15.6524 26.6882 
19.4309 18.3901 12.4107 26.6344 22.9475 9.4874 3.4043 20.5592 13.4528 26.8418 9.575 10.6138 24.05 17.1536 27.5814 
16.2955 21.3272 15.616 25.9543 26.2788 10.4508 4.9975 22.5629 9.5401 27.7749 10.3485 8.4773 18.8989 17.0171 26.4444 
33.6705 2.9787 13.0661 14.8591 10.2033 14.0484 20.4438 26.1233 33.3813 21.1891 14.4266 29.134 42.0673 22.6814 24.0011 
16.7262 18.8766 7.6764 11.2905 15.7715 12.5348 18.8349 13.0796 20.3034 9.6589 11.2137 22.1912 26.8016 3.7123 11.0581 
1.0579 31.9221 18.6521 28.7808 36.1228 18.9911 27.1532 5.2451 10.1233 25.9106 19.3502 11.4913 8.8037 13.188 18.2694 
18.122 18.6388 9.7657 25.4333 23.5718 7.2388 5.9362 18.1394 12.403 23.338 8.2127 9.01 18.0055 14.9254 30.1714 
29.2464 15.1146 18.1658 31.2782 27.023 17.4031 5.4088 32.0451 20.3917 29.2163 13.0945 17.7121 27.2273 25.2127 34.1156 
13.2878 27.4724 19.8229 21.7116 28.465 20.3796 25.1703 6.0059 21.2756 15.2784 24.2169 20.843 21.721 10.0318 8.5619 
15.9697 18.7553 10.5297 21.2982 28.0107 8.0387 6.3911 16.0008 8.7229 28.9057 8.6717 8.39 18.3863 15.7916 23.1608 
21.48 19.3106 13.2329 4.1 15.0356 16.2333 27.4251 15.6021 23.1582 3.0801 15.3776 28.7337 34.0111 11.0131 9.0583 
26.3071 20.9757 11.5482 3.358 14.3419 16.1972 23.0078 16.54 28.2711 2.6801 13.7048 29.8225 27.9835 10.5331 9.4263 
29.4728 10.8707 15.8778 23.8791 25.0054 11.6278 5.2046 27.2921 21.2102 30.304 12.7311 22.9678 27.2826 22.7537 36.1952 
25.5259 4.676 10.7057 22.5236 17.4932 9.2122 9.3795 26.2958 23.5233 20.36 8.4554 22.3319 29.8797 16.8934 24.5004 
8.035 35.084 19.7057 31.1994 39.6131 19.6015 22.4031 11.8397 5.7684 27.5718 19.7573 6.7791 4.2478 16.6952 30.0699 
13.3463 28.3798 15.7366 18.5147 29.7887 22.6834 31.2336 6.6269 18.9651 15.3102 19.3684 21.3366 17.7366 9.6935 9.4799 
5.7291 32.2829 20.2738 27.6111 29.9108 19.3034 17.8364 10.5687 4.096 29.8313 17.1807 4.572 7.067 17.2951 29.3941 
32.2498 15.2005 20.1794 14.0775 4.0469 25.4435 25.0825 29.6209 41.906 15.4286 19.2465 32.616 42.3154 24.3344 27.8269 
4.2706 25.5385 13.8055 23.1156 32.7852 15.3748 17.0618 9.3543 6.2315 25.9616 16.9944 6.6288 11.3353 10.1868 20.3841 
6.126 27.4644 15.1156 22.7679 30.8009 15.3025 22.832 2.7439 11.7784 21.9184 16.6186 11.7676 14.058 6.9981 14.2396 
6.5187 23.4263 11.2537 20.238 26.626 10.1522 14.2477 8.1251 7.3263 19.6987 10.6384 7.9323 11.427 8.3253 19.3652 
2.0556 26.3813 18.2727 25.3852 28.9699 14.6597 21.7448 5.046 10.639 20.6031 20.4089 11.7138 8.8087 8.7679 21.3004 
12.3519 29.367 15.4985 16.2359 24.3354 22.1774 32.5911 6.9354 20.2947 14.2295 22.3384 24.1766 18.9603 10.0827 9.14 
4.3441 23.9673 16.2096 20.2682 31.3241 11.969 19.3514 5.9151 9.4755 19.9207 14.886 9.2935 11.1341 8.9223 17.7271 
26.8076 20.7779 23.2474 30.7265 33.0515 17.5677 5.9967 34.3612 19.2481 33.4476 15.4815 15.8647 31.3709 24.0274 36.788 
11.9292 29.1342 19.1222 19.3502 30.6763 19.0058 26.7062 7.0061 21.0467 14.7914 19.5204 18.8649 19.7292 10.1301 8.9084 
19.7584 17.5089 5.5256 7.7038 14.5746 10.4925 21.5102 14.7459 18.2827 9.8773 9.6298 20.6075 23.0943 6.4264 12.7773 
36.1498 11.6654 13.2124 11.6094 1.5234 16.9277 21.5538 25.841 31.5301 14.3705 18.6363 34.2742 37.729 22.1874 20.5009 
15.2308 18.9063 4.8415 12.627 18.747 6.8692 16.0351 11.8603 18.3385 12.5178 7.9409 16.8757 20.0167 3.0906 13.529 
34.1027 13.3627 15.87 11.4955 2.7325 23.9139 26.6759 33.73 36.8906 16.2786 22.2439 40.2625 48.4417 21.7851 24.417 
4.1872 25.0173 15.5516 25.4488 33.6262 15.6089 17.7202 8.48 6.1058 26.0851 17.1688 6.553 9.543 12.6956 23.9573 
28.8694 1.5706 14.3444 16.632 10.6763 14.5783 16.2073 31.0264 31.4428 21.7635 12.7246 26.4203 37.3932 21.9668 29.0934 
15.7399 25.6693 20.8605 28.3305 32.0129 15.1909 10.3282 24.1983 9.7271 36.2929 13.6971 8.463 17.1078 17.5693 34.6327 
20.7738 28.6693 13.3464 10.2746 20.5878 18.5507 27.4594 13.8823 26.2403 8.6809 19.6376 23.8279 26.0374 10.4202 1.8467 
15.3856 29.747 17.3801 17.0787 25.9045 19.6271 29.2076 11.4857 25.0627 14.5252 22.5047 24.0599 22.084 10.797 6.329 
4.8495 33.7836 25.3859 29.6871 38.0186 22.3368 20.5554 10.9056 7.765 30.9693 19.5231 10.1876 2.7029 17.9254 26.3265 
16.3296 12.0461 2.2866 13.5505 16.6662 2.0729 12.7266 18.4089 14.1176 14.9791 2.4093 15.9845 25.7228 9.7254 17.7389 
9.8203 23.8852 10.6934 23.6981 23.7682 7.1051 14.3828 10.6875 8.5781 18.8447 10.7645 7.1351 16.6119 7.6068 22.4639 
8.8629 30.1783 14.8096 18.5295 24.851 15.4366 24.1802 3.5912 16.0893 17.9762 18.8631 17.9599 15.9325 5.0317 11.3961 
18.7633 23.6778 9.936 8.7969 16.3586 15.7865 24.8731 13.5861 20.7333 7.2075 13.6525 22.2954 30.1788 7.7563 6.5527 
13.5087 20.3573 11.7456 21.4876 27.814 8.2629 11.0013 15.9304 7.1871 27.8027 10.2122 5.7539 17.5027 13.6503 24.6495 
15.8236 28.4391 13.11 14.0833 23.9719 15.6212 25.6582 10.4408 21.4963 9.6901 18.6365 23.7547 24.1547 6.4901 4.7472 
5.4863 29.8628 18.6234 29.7228 36.6511 16.7609 20.8281 11.0 4.8247 24.5317 18.3118 4.8979 7.8127 11.695 26.221 
21.6079 27.2206 13.1351 7.3588 14.9718 17.3957 30.3938 16.9982 27.9497 5.2697 17.0504 27.5646 33.619 9.974 4.399 
25.469 12.6848 15.5923 24.8575 21.701 12.0198 6.6946 27.0671 23.5119 29.7137 11.4873 19.0224 33.7469 22.5417 35.8729 
12.1096 21.9512 12.6775 24.3873 24.9546 8.69 8.9967 18.0793 6.9963 24.435 9.4934 6.2384 16.2803 14.9976 22.7425 
12.7165 20.0275 5.0967 15.9304 21.5917 4.3178 16.1037 10.8456 14.677 18.784 6.9233 11.4939 23.3511 5.6095 19.4134 
3.0989 35.5842 19.1923 26.3357 41.0581 21.5698 25.638 9.4199 8.4609 27.95 22.6057 7.8847 4.5554 15.389 27.2629 
2.6784 34.534 21.8254 31.8183 37.1913 21.4422 24.1541 7.6717 10.0865 31.3319 22.9268 10.9606 6.0484 15.3351 24.4419 
4.6781 30.6456 16.2858 25.3921 28.7009 15.1237 17.5684 8.8988 4.7167 24.2292 16.8654 6.6207 7.9656 11.1504 23.4602 
11.9176 36.336 18.0788 22.7289 27.0339 22.8177 29.3823 4.2967 19.8812 19.148 24.7374 18.0384 19.6499 9.0043 10.5535 
7.9926 26.7651 18.7741 19.029 32.7451 16.954 26.4879 0.7066 14.9006 18.0853 20.6422 15.6283 14.5611 7.8213 14.8098 
18.489 12.4748 9.2534 24.0368 23.8832 5.1508 6.2169 19.4285 15.4478 23.6297 5.139 13.1385 23.6268 16.7055 26.2304 
26.1776 20.0953 18.6275 4.3627 13.3276 23.6036 34.427 21.0273 36.0842 2.1312 20.1204 32.6287 35.3119 15.6449 10.8618 
24.0067 14.2756 11.6473 4.9535 8.0948 12.0676 26.2006 19.8878 23.8659 7.7162 11.5127 29.6056 37.7005 13.9232 15.3071 
12.4132 26.8044 15.7259 14.9287 22.0512 20.5659 29.3641 8.0146 24.003 13.8773 17.2568 21.9173 25.3042 7.0868 6.4982 
5.9219 32.0914 18.1659 21.3399 28.2654 20.0575 26.8383 1.8608 13.8749 23.5525 21.1803 15.8615 12.5893 9.2621 15.914 
13.8733 22.7109 6.6229 12.5424 20.038 10.6069 22.1431 9.8932 16.4678 11.4805 10.5371 18.4347 23.6234 1.7375 12.9911 
5.9839 35.1209 26.0974 36.6069 41.285 23.6902 30.7822 11.5599 10.7282 30.1548 25.4061 12.5852 4.4463 20.7616 27.7584 
29.448 10.8085 9.4249 7.0617 5.9082 14.5844 23.3619 26.6711 28.4659 11.1231 13.5838 24.2708 39.0698 15.9485 19.5401 
33.0651 19.0471 16.1556 4.2532 5.5837 18.8449 27.7131 24.6515 34.3947 8.4536 20.5357 36.6635 37.4428 20.7767 15.4676 
15.9926 15.6942 4.8393 20.4388 23.3523 3.0657 12.8602 14.1286 11.5982 18.0702 4.1817 12.1084 21.9187 8.0605 21.7414 
13.0376 27.1985 12.3882 17.5082 24.2193 17.0987 24.699 6.3839 19.9212 12.4247 15.115 18.9117 18.9932 5.4959 8.0649 
14.8508 19.2348 8.8762 12.2692 19.2752 11.1374 24.179 12.4248 18.5705 8.8054 11.9009 20.6139 23.3848 4.2357 9.7904 
17.5183 31.9377 20.0466 16.4374 30.4596 24.9265 36.357 11.6623 29.2418 15.4123 26.4974 31.4894 28.8502 12.545 5.9263 
18.2199 30.919 17.3371 13.9183 23.8466 21.0302 31.199 12.1205 25.6242 10.2244 19.4659 28.2292 25.5445 10.0877 2.5092 
13.6917 20.4068 13.0972 30.3587 27.1931 10.2576 8.6573 16.0883 6.4267 26.4113 11.3436 5.3119 14.8503 15.478 28.2142 
10.2971 18.5037 7.0474 16.5489 23.0939 6.6688 13.8135 11.4297 12.1256 20.5717 8.4528 12.0937 15.7698 4.9785 17.6048 
21.0712 16.906 10.1445 26.5705 26.5773 7.6569 4.486 18.8532 12.2188 28.932 7.535 12.7789 24.0698 16.1717 23.8348 
27.3397 6.0909 10.2353 10.4966 8.9321 10.9893 16.911 22.2776 25.1733 15.3423 10.1034 25.0242 30.4552 16.0345 23.2737 
9.3325 21.6409 10.47 17.5179 25.5029 12.0238 21.5752 4.3759 13.2526 16.6096 14.0996 14.265 16.4224 4.5033 13.9138 
16.1642 19.1753 11.7261 24.1712 23.7646 6.2513 6.7444 17.8936 11.2249 28.4956 6.7923 9.0678 19.7249 15.5988 28.7697 
EOF