I 150
J 15
bounds (0, 100)
cv 1.0
D 10
k 5
t 3
FLR 0.6
FCR 8
abounds (80, 120)

a 
90.0 79.0 82.0 
89.0 92.0 94.0 
86.0 85.0 84.0 
96.0 82.0 89.0 
105.0 85.0 70.0 
96.0 94.0 79.0 
84.0 104.0 86.0 
76.0 79.0 87.0 
99.0 71.0 82.0 
89.0 100.0 74.0 
88.0 77.0 91.0 
96.0 90.0 74.0 
79.0 84.0 75.0 
75.0 79.0 96.0 
85.0 93.0 96.0 
88.0 98.0 76.0 
69.0 89.0 89.0 
86.0 78.0 84.0 
80.0 83.0 80.0 
84.0 101.0 84.0 
76.0 76.0 98.0 
89.0 79.0 73.0 
96.0 95.0 88.0 
86.0 89.0 77.0 
80.0 70.0 75.0 
81.0 70.0 79.0 
86.0 92.0 89.0 
90.0 93.0 85.0 
98.0 72.0 92.0 
90.0 106.0 98.0 
93.0 80.0 81.0 
101.0 89.0 85.0 
89.0 86.0 85.0 
97.0 87.0 90.0 
97.0 98.0 85.0 
81.0 89.0 71.0 
88.0 95.0 94.0 
95.0 89.0 82.0 
81.0 88.0 96.0 
91.0 99.0 79.0 
84.0 99.0 85.0 
70.0 88.0 90.0 
90.0 102.0 97.0 
75.0 86.0 82.0 
84.0 78.0 81.0 
94.0 96.0 82.0 
72.0 86.0 79.0 
85.0 85.0 105.0 
80.0 82.0 108.0 
86.0 78.0 89.0 
95.0 68.0 112.0 
98.0 86.0 81.0 
77.0 75.0 80.0 
84.0 85.0 85.0 
84.0 96.0 73.0 
72.0 97.0 81.0 
80.0 67.0 78.0 
74.0 74.0 86.0 
97.0 73.0 80.0 
107.0 94.0 74.0 
68.0 69.0 83.0 
74.0 77.0 91.0 
81.0 80.0 80.0 
74.0 77.0 106.0 
82.0 90.0 83.0 
75.0 74.0 91.0 
98.0 64.0 73.0 
86.0 92.0 94.0 
96.0 101.0 98.0 
99.0 103.0 84.0 
86.0 85.0 96.0 
70.0 105.0 71.0 
86.0 76.0 82.0 
80.0 75.0 81.0 
86.0 79.0 73.0 
95.0 93.0 75.0 
89.0 86.0 100.0 
81.0 84.0 79.0 
86.0 77.0 106.0 
88.0 98.0 82.0 
86.0 86.0 84.0 
86.0 90.0 107.0 
90.0 71.0 80.0 
114.0 85.0 94.0 
82.0 92.0 96.0 
93.0 83.0 91.0 
87.0 92.0 83.0 
85.0 74.0 79.0 
94.0 79.0 90.0 
77.0 73.0 97.0 
96.0 76.0 93.0 
79.0 101.0 69.0 
90.0 87.0 94.0 
91.0 88.0 84.0 
100.0 93.0 98.0 
92.0 92.0 80.0 
77.0 84.0 93.0 
78.0 86.0 80.0 
83.0 78.0 79.0 
90.0 104.0 85.0 
72.0 89.0 98.0 
68.0 92.0 80.0 
94.0 86.0 89.0 
84.0 94.0 75.0 
82.0 86.0 85.0 
82.0 97.0 109.0 
72.0 88.0 77.0 
89.0 83.0 99.0 
70.0 88.0 85.0 
71.0 101.0 95.0 
102.0 99.0 84.0 
82.0 78.0 97.0 
83.0 89.0 90.0 
74.0 88.0 74.0 
99.0 82.0 83.0 
78.0 95.0 80.0 
85.0 88.0 97.0 
75.0 102.0 94.0 
80.0 81.0 95.0 
81.0 106.0 76.0 
91.0 81.0 86.0 
77.0 95.0 119.0 
77.0 86.0 95.0 
91.0 89.0 74.0 
76.0 89.0 82.0 
82.0 112.0 93.0 
97.0 81.0 92.0 
101.0 86.0 98.0 
79.0 75.0 90.0 
91.0 98.0 76.0 
89.0 83.0 64.0 
88.0 81.0 94.0 
88.0 77.0 79.0 
73.0 89.0 96.0 
89.0 72.0 93.0 
88.0 93.0 78.0 
67.0 97.0 93.0 
99.0 102.0 72.0 
89.0 98.0 105.0 
81.0 80.0 91.0 
87.0 85.0 86.0 
83.0 86.0 83.0 
91.0 84.0 85.0 
90.0 92.0 94.0 
93.0 89.0 72.0 
82.0 85.0 89.0 
99.0 90.0 89.0 
74.0 91.0 84.0 
93.0 83.0 103.0 
69.0 95.0 81.0 

Icoords
60.4191 11.2736
40.2682 48.6623
0.718 63.2065
99.8666 48.4839
34.4529 9.8961
74.1916 8.0064
13.1136 68.4205
30.5255 79.4084
29.2457 61.9104
96.1737 64.4763
26.5525 24.3247
43.6214 20.7412
24.8861 26.5184
57.6697 71.555
94.4711 7.7116
98.9939 80.0689
19.352 11.3077
67.489 76.3593
12.9018 63.5955
22.7575 79.6173
91.9845 78.0448
83.2281 88.8232
89.8755 82.4512
94.5338 47.2394
5.6725 92.407
56.5261 15.0486
96.8527 90.5982
1.053 13.0561
91.4295 35.6439
68.9773 23.5054
90.209 4.2386
78.0639 4.3893
93.3212 5.5358
15.9764 8.3816
10.6861 36.7258
37.1209 63.0126
59.2421 46.278
27.7283 46.2378
26.2523 27.7141
29.2673 74.6466
8.6866 83.031
85.0468 56.6895
18.5732 18.1928
83.9308 50.3064
37.1643 68.8483
32.581 61.6305
19.2433 56.2913
60.5593 23.1195
68.6768 96.5737
7.4704 70.8366
50.4855 18.5529
44.7999 10.6588
71.8952 33.723
24.2139 59.0759
93.6106 92.8283
93.292 92.5178
76.9674 22.0666
38.6193 12.8888
16.3957 74.8663
74.6922 67.206
96.1398 47.186
66.1497 60.3059
96.1337 82.0538
64.627 90.0412
76.1039 25.778
86.4138 81.8879
43.1603 78.1366
55.7209 51.2913
16.2466 32.6304
8.9055 83.5998
62.0607 28.7696
67.3774 24.6565
82.5486 49.7674
69.6229 56.7464
7.5754 50.9193
29.7502 8.9856
58.4583 33.1333
64.7868 16.4191
63.1387 94.7579
51.4298 84.4598
68.4761 78.0767
4.964 78.874
99.3384 42.6845
99.9906 20.4672
82.2493 45.2156
7.9287 45.4342
65.4051 36.7926
59.2479 67.5105
47.9229 62.583
36.1506 70.1236
10.6818 23.2361
7.8845 76.4123
33.5727 18.7851
54.403 24.988
74.59 54.1943
26.9203 1.9877
25.2746 29.6177
72.0623 61.1553
49.3768 99.4904
12.3297 38.0797
75.4154 46.2575
72.6323 89.6727
68.4836 47.9359
56.0706 87.3914
50.2758 41.9264
60.6591 73.0921
43.4754 96.1185
33.6607 85.1272
47.6444 32.7286
38.1389 58.2675
40.5705 26.8084
90.9248 53.2072
9.3607 7.0379
82.8476 33.3593
42.8543 19.2651
99.5327 95.3905
83.4296 59.384
0.7242 19.1005
29.4188 18.3822
23.8024 62.2602
69.8909 39.5557
88.6274 58.6349
4.8755 78.9727
73.1056 92.4258
82.5286 63.2522
75.6408 30.8466
88.8645 68.7402
15.2562 57.7642
1.4534 32.5984
89.8469 89.9703
90.4257 92.9589
79.4747 34.565
37.814 35.764
22.7762 4.1825
79.45 34.3885
89.4772 55.6962
74.5628 86.5812
77.6694 68.4653
36.8948 43.1777
64.2355 32.387
61.6488 16.5497
11.096 10.2667
86.9678 21.796
40.7656 65.7035
90.182 33.0052
1.2024 45.4588
25.6574 45.7026
89.7934 42.2608
44.1957 20.5914
48.0358 29.7704

Jcoords
49.5843 21.6455
75.9089 27.1573
46.7689 24.6053
96.1194 83.7412
22.2809 90.6311
14.2367 82.3959
96.7535 82.8425
64.6629 27.5448
95.6964 6.0443
37.4002 81.5517
10.3344 95.4058
7.6908 56.6721
10.1772 62.9709
20.9963 97.772
71.4729 27.2859

C
4.8522 8.0003 7.1723 29.26 27.6641 26.7462 24.1514 6.4185 12.5569 22.2225 34.8468 27.6787 24.5175 36.531 6.236 
10.3452 15.6639 8.9014 23.8423 15.7941 15.7358 21.5759 10.2894 26.0236 11.1951 19.9269 11.3492 13.2113 20.2213 13.5714 
19.6428 29.8688 19.2346 31.9791 11.4846 7.6311 37.9837 22.9388 42.5898 13.5387 11.2643 3.6304 3.1556 15.3887 26.8206 
20.5644 9.7956 21.7451 13.3846 34.4878 35.1916 11.6711 15.6837 16.226 21.4016 40.1904 35.0537 36.0955 32.0959 12.4762 
6.2013 14.1005 7.3515 29.5453 31.7608 23.7538 34.5252 13.5401 20.6614 24.4696 33.6104 21.3245 18.6411 33.8176 13.6527 
9.8527 7.6565 12.1168 27.2962 34.2403 30.0768 25.403 7.1301 8.4368 32.1619 38.1879 25.5952 31.9608 38.8889 6.7951 
20.8069 24.7584 20.9117 30.9186 8.8207 5.3713 29.8757 24.7694 37.6403 8.9509 10.1621 5.1435 2.2675 11.7464 25.5824 
24.0506 22.6935 19.0685 25.8083 4.5927 6.0992 22.6473 23.8054 32.3732 2.6291 9.2454 11.2203 9.4169 6.4797 24.0409 
15.1119 21.7778 14.8377 26.5067 11.2154 8.1291 23.9883 16.7097 34.3611 6.5608 13.0359 7.5863 6.669 11.7828 20.9038 
22.8714 13.1178 23.3059 6.0261 24.8324 27.6531 7.2601 19.2588 22.9295 23.4839 34.6079 32.9191 31.1613 30.767 17.2824 
7.3434 15.1625 6.6801 28.8459 23.6673 20.6286 32.2066 15.0116 26.1905 22.3665 25.6125 11.241 16.7806 26.826 14.6083 
1.8564 12.7001 1.5151 29.2352 28.4336 22.9826 29.6839 6.8377 20.0312 23.9682 26.3067 19.5379 21.2998 27.7384 9.7532 
8.3654 18.3237 8.3955 30.1067 21.4249 18.1913 34.6883 13.1466 27.3541 17.6313 25.5157 13.7911 14.6659 27.7232 15.3571 
16.0478 16.473 19.0433 13.4113 12.9091 15.6903 12.7901 13.4578 28.2462 7.2232 20.4598 15.7017 15.106 17.7934 17.7184 
18.7529 8.5515 17.4082 23.9169 36.6764 34.7039 23.9929 13.9204 0.6369 36.2845 36.9934 33.1001 33.4932 41.5638 10.6185 
26.1989 18.0632 30.2366 1.5805 27.4126 29.3116 1.2301 21.0836 28.1276 21.9953 34.6409 36.8342 31.3762 26.5858 22.6678 
12.1381 21.9848 11.9144 32.2969 29.7427 25.7434 40.8935 17.1495 30.1511 26.0947 32.1828 15.5225 19.2203 29.5848 21.2282 
22.3079 16.1332 21.3346 11.2087 14.9665 18.5004 9.25 14.84 22.8725 9.5234 23.893 23.1928 20.8405 17.0452 19.6595 
17.5983 27.8839 16.1856 26.868 11.4465 7.2036 33.6214 24.9411 38.0842 10.6249 11.3262 2.6654 0.8945 11.7624 25.3805 
23.0792 27.4524 18.4453 24.9898 4.2432 3.5231 22.5606 21.3421 33.7427 4.685 6.9391 8.7455 6.6122 5.782 26.99 
26.1353 17.4935 22.6945 2.3292 27.2769 28.2199 2.4928 17.7476 28.3266 19.7893 27.6387 32.1756 30.6369 28.5135 21.5592 
29.6319 21.2067 24.1993 4.2125 19.2312 24.4455 4.7812 22.122 26.5871 15.8414 28.2661 32.2879 23.3866 19.7921 22.8171 
25.4864 19.0425 25.3359 2.4885 25.2197 23.8489 2.2162 21.6962 25.1724 20.9355 26.4413 28.5531 25.4502 26.1293 21.5692 
16.2055 8.9399 17.4373 13.9495 32.3218 31.3985 12.0893 13.4816 15.4914 23.8656 31.555 32.8101 33.0887 34.8071 9.3986 
26.3746 38.2226 27.2262 28.4214 5.9563 4.4042 29.4802 31.2826 42.1658 10.9117 1.9085 13.3468 11.0807 5.6777 36.5215 
3.5576 9.0731 4.7939 27.33 29.1753 27.1336 29.7901 5.2788 12.785 22.7941 35.249 20.5527 25.5676 30.1963 6.0482 
26.8352 24.1981 31.8874 2.313 26.4357 25.9278 2.7992 22.0668 32.5225 20.0135 28.3438 30.4511 27.9375 24.1919 25.149 
16.5254 23.8725 18.262 38.1339 25.1415 27.2799 41.9999 25.9456 30.4733 24.6428 25.2342 15.8693 16.1258 32.6543 23.4281 
17.0409 5.3386 14.2614 15.8942 27.8292 29.3573 16.059 9.9108 10.0124 22.7516 37.7461 33.3267 25.8631 35.8582 8.3775 
7.2707 2.7007 8.6541 25.846 27.9328 31.3491 23.4353 2.2281 11.229 23.2533 30.7204 23.3168 22.8454 31.0965 1.5311 
14.1297 9.1065 17.3199 25.8778 34.3326 43.5661 31.5425 12.9952 2.2472 34.0991 40.7623 33.1433 39.2217 36.8037 10.1552 
10.0432 7.3206 12.9243 27.9459 32.1586 32.596 31.2272 8.2482 6.2215 30.0216 44.0873 27.8349 29.994 34.8784 8.9063 
14.3184 9.7414 15.258 24.3687 35.173 33.8231 29.1888 12.9831 0.7977 29.33 43.719 29.9311 39.9159 38.4921 9.3627 
11.5871 20.9893 11.5727 39.1082 26.9827 28.5848 41.802 20.4265 28.7913 27.9808 31.7346 14.7626 19.642 29.1782 22.2258 
14.1803 23.481 14.8336 33.3113 20.2523 15.1624 29.7424 19.0208 30.9995 16.4896 19.2357 7.6424 9.66 23.6127 23.6711 
16.6378 19.4225 15.1235 21.2616 11.1585 9.6148 24.5717 17.0013 24.8234 5.9536 16.7756 9.8866 8.2636 12.342 14.9729 
9.4614 9.309 9.1271 19.2663 21.8238 18.8584 16.7367 5.9812 21.0112 14.4256 24.4844 19.1581 20.3887 24.0153 7.0073 
11.3936 17.1269 9.879 29.429 13.8115 14.1521 26.8378 13.4536 28.6478 14.0599 15.86 8.7 8.2133 17.8628 18.2446 
9.5421 16.8843 7.3271 35.4467 24.8701 17.4846 33.7937 12.5028 28.4366 20.7383 23.6916 11.6224 14.1355 21.3434 17.1755 
20.8089 20.6479 17.468 21.3603 6.2487 5.2761 24.6367 21.5878 37.7679 4.0563 10.2383 9.4189 8.3088 7.8764 21.3214 
26.5321 33.155 21.1316 32.3075 6.1114 1.9938 28.1903 30.0055 39.5823 10.1724 4.6653 10.0578 6.8734 5.8075 26.5068 
16.4128 9.5616 17.1764 10.6982 26.43 22.8783 10.1634 11.0965 19.9973 18.3264 33.1039 25.0092 26.1161 24.9283 12.3972 
12.2814 21.1063 10.3692 35.183 22.0791 21.1452 38.0837 15.7312 29.9336 24.6541 23.971 14.8157 16.0092 27.4755 16.1349 
13.9481 9.2657 14.757 11.3808 28.7816 23.6549 11.8834 10.0291 15.9381 20.8386 26.309 27.4654 25.3684 26.3283 9.6848 
17.6885 21.5365 15.2526 18.9536 10.1834 8.7936 18.5284 14.9952 29.1807 4.4863 13.345 12.0957 8.4406 10.4014 17.1759 
14.5645 18.4876 13.1481 21.7569 12.2671 10.2906 21.9118 18.4521 25.3151 7.2535 13.6093 10.0908 7.4918 11.3896 19.8826 
14.5206 21.0392 15.1435 27.4194 11.5453 9.2978 25.2186 16.1579 32.7706 9.8895 14.4298 3.5855 3.8096 14.4689 18.138 
4.0108 5.198 5.2762 25.5966 27.1086 26.8795 23.5272 1.8582 11.7316 22.3007 34.3021 21.5777 21.0636 29.3258 4.1319 
26.5602 25.2927 28.4742 9.7004 14.4768 21.2535 10.1452 22.4861 34.6253 10.6243 23.1024 28.0878 25.2517 15.3341 27.5921 
20.709 28.3107 22.3716 29.3385 8.5414 4.5272 32.26 22.932 37.1294 10.3858 7.7299 5.5163 2.8915 10.3925 24.4475 
1.0501 9.4289 2.5277 25.5272 30.1318 26.6647 30.994 6.5811 14.5232 21.8446 27.244 22.1848 18.3122 30.025 7.7561 
3.8778 14.043 4.5142 31.1394 26.2291 27.9389 27.0188 8.7024 17.2327 26.8932 30.8404 23.2254 22.3326 34.145 9.4544 
8.8491 2.3255 9.5638 18.8012 27.5421 24.7796 19.1689 3.3701 12.3168 23.0338 28.4533 26.4753 22.9616 30.7199 2.2178 
13.6424 21.7746 15.2377 22.9347 10.9165 9.3165 29.5717 20.2634 32.0066 7.8853 13.9074 5.2929 5.2005 12.2313 22.3041 
27.2269 23.2067 31.6624 3.6021 24.3706 28.4521 3.26 25.6089 31.3294 17.4571 25.5614 29.4567 34.613 27.7519 27.3192 
26.6701 25.8221 32.8949 3.1969 23.2217 26.612 3.4198 25.6242 30.0698 17.2752 30.688 31.6645 28.4391 24.7831 21.0755 
8.7855 2.0299 9.1006 24.3208 26.6177 33.3859 24.6011 4.4878 7.6259 25.0549 35.9494 29.9379 30.8661 36.8877 2.8457 
5.6018 14.066 5.2921 36.4265 29.8458 24.0499 29.4972 11.2634 22.5575 22.47 27.0413 21.3725 21.0567 32.3019 14.1757 
23.8717 24.0802 17.6705 31.4608 5.4555 2.8684 27.3267 20.3054 41.1181 6.9148 6.5252 7.6684 5.2322 8.663 27.3228 
16.8651 15.7745 15.5305 9.0453 20.0584 22.8207 8.8802 12.7924 24.5544 15.1873 23.1172 22.0768 19.4544 23.0771 12.7158 
20.6351 9.0273 16.8624 11.0908 30.8052 33.5563 11.2085 12.8819 13.8779 22.8457 33.1992 28.2614 28.3962 32.3657 12.0023 
14.4686 13.3314 14.957 14.0994 20.0414 22.2115 11.8504 12.3505 24.1454 10.9174 22.8529 18.1397 19.2932 18.0126 10.3349 
23.8245 20.6225 24.4427 0.5277 27.249 30.7034 0.3137 23.7919 26.1401 22.0493 28.1336 27.7787 29.7431 27.2435 21.4668 
21.4083 23.5938 25.9039 12.0469 16.6902 17.2931 11.7404 23.7674 31.8919 9.4029 18.4075 21.3887 19.2092 14.5382 19.2855 
8.5833 0.5222 10.2461 18.6847 30.5762 26.6855 21.2764 4.4373 8.4008 22.3349 37.5263 28.7725 22.9203 27.3534 1.9189 
27.2266 19.4218 25.0162 3.8378 23.3532 27.7311 3.4598 18.93 26.3918 15.9494 26.4035 31.073 29.9741 21.7371 21.0926 
20.3428 20.0922 16.466 17.8563 7.6136 11.3024 19.0773 17.4315 31.1768 2.3739 12.4701 13.2833 11.8383 8.9868 17.6292 
11.2863 10.0214 10.7636 15.7835 17.9937 18.9305 18.4681 8.0716 19.4533 13.039 21.4564 18.2013 14.9092 17.7887 9.7305 
14.0404 21.4068 11.2605 34.9149 22.7249 17.4023 30.1346 16.4401 25.2597 17.4287 24.3007 9.7175 11.5227 24.0553 19.8079 
24.8658 33.3612 26.3085 32.243 5.7542 1.9741 30.4405 29.8939 45.1259 10.8502 4.6201 9.2995 7.1718 6.2538 25.708 
5.4466 4.308 5.5011 19.6136 25.4475 26.0684 23.2247 0.9793 14.1913 21.5499 32.3759 23.7847 21.5073 24.2898 3.4445 
6.4912 3.2086 6.7864 20.0202 26.8433 30.8001 21.9269 1.4083 11.732 19.46 35.0983 21.0237 27.16 29.6469 1.4761 
14.2512 8.4174 13.1487 13.2507 25.7474 29.131 12.5123 8.8374 13.72 20.3465 26.1663 28.9802 23.0409 26.9302 7.9721 
12.4609 10.8051 12.4111 14.2338 18.9328 20.539 13.966 11.5665 22.7426 14.5213 27.0518 18.7964 18.8756 25.0604 11.1668 
19.9741 26.9999 14.9459 34.222 13.9915 10.2151 31.1059 19.9066 34.0772 16.1523 13.5053 1.9857 4.5668 15.8298 26.5972 
9.332 17.1193 7.6461 33.9885 26.498 23.2673 33.1173 14.1906 24.7544 26.4583 28.521 20.4439 21.1895 32.9121 15.3491 
5.1793 6.8451 4.8589 19.6189 22.2478 24.7387 23.4809 3.098 17.0795 20.3753 28.891 17.1794 19.2746 24.6617 4.6941 
6.1683 5.5671 6.7149 27.4526 31.4211 30.1461 26.132 4.4205 10.078 24.5671 34.9691 25.9456 24.4122 36.3277 4.8191 
27.401 25.9706 26.2432 13.4185 16.1676 19.7625 13.3098 25.2383 30.8067 9.3093 19.9615 23.8465 21.3286 12.9032 22.9177 
22.4721 19.2731 23.8642 14.6154 10.5534 12.2144 14.7124 19.1719 33.6057 4.6637 16.7774 19.2147 14.0054 10.9054 20.8232 
22.7207 19.8117 20.637 9.5178 17.8367 17.1721 9.3398 17.9898 23.4785 12.289 21.2464 21.2922 22.9996 15.8166 17.5482 
23.0838 30.8421 22.5719 30.2154 6.6309 3.0055 30.181 26.7923 35.1018 9.8876 6.9025 7.073 5.3454 8.3839 25.5964 
18.7988 9.9164 18.1451 15.6453 27.4629 35.2073 12.1005 14.1546 13.1745 26.0977 33.5271 32.2998 30.2666 30.7138 10.7546 
16.6487 9.2252 20.6643 22.4852 36.1524 32.167 24.153 10.8738 5.9427 33.2427 39.9629 32.758 35.1149 34.9706 11.7286 
12.8174 7.5427 14.0371 15.5309 24.7339 29.0902 15.1584 9.8551 15.7543 19.4117 31.913 28.6346 23.285 25.5931 7.9095 
14.4533 27.2356 14.2311 33.7875 15.3596 14.8635 37.6366 21.8082 36.2872 17.9331 16.7749 3.6306 6.6725 18.7835 24.0682 
8.6735 5.5932 7.1078 20.6795 26.6885 23.7632 19.7761 3.6349 17.1572 16.4994 26.7415 19.2954 22.3509 23.6719 3.7477 
14.8256 13.4945 14.3254 15.0588 16.233 17.6313 15.1701 15.967 28.5341 9.6455 20.1304 16.1108 16.1343 16.3833 15.9589 
14.0162 17.5845 11.9571 17.1436 12.9893 11.8141 17.023 13.8746 27.0098 8.1627 18.4439 12.431 15.0274 14.4802 14.5118 
18.1098 20.0321 14.6625 20.2874 7.6277 8.4818 23.1655 17.4075 31.9983 4.5617 12.8673 10.8349 8.6074 10.6537 18.7888 
13.6934 22.7662 13.918 39.1863 22.0134 22.9776 32.0579 17.4643 27.4605 25.0935 23.6286 10.1615 13.4752 28.0142 20.8427 
22.5022 31.0742 25.2951 29.1204 6.6328 2.8641 33.5021 29.9573 43.1658 11.7173 7.4746 6.3744 4.7533 9.0152 31.8285 
4.9267 16.6755 5.035 33.8063 25.7675 22.6846 35.6653 12.3905 21.2826 21.9399 29.833 16.4034 15.5492 28.9374 11.9866 
1.7652 7.9111 2.2992 28.621 28.2385 24.5995 23.7323 3.6987 17.5093 21.4579 27.4631 19.9191 18.7427 24.5939 6.3091 
12.3833 8.7081 12.8179 12.397 24.4795 21.2376 14.2854 9.4444 17.7643 14.146 26.8015 24.4484 21.1796 26.8976 9.5378 
10.1225 17.8502 11.0377 35.1636 29.3989 29.8991 41.8588 17.9773 20.772 31.0492 36.0161 21.9115 19.2249 34.769 17.727 
7.7953 20.1407 7.2525 27.1829 23.9949 17.9985 31.138 15.3275 23.712 17.9885 23.8078 12.6905 12.5686 24.42 17.6563 
16.3552 13.4909 16.0414 12.9484 22.0826 19.442 10.9664 12.7922 23.926 15.886 22.4981 20.6101 22.2758 21.0442 11.7104 
31.068 28.5223 28.9457 19.0541 8.6577 14.443 15.4416 23.9116 34.6159 6.5355 14.5795 18.6328 16.7047 8.7515 24.4652 
14.8337 23.1012 11.9967 35.4594 19.4098 16.3989 31.7248 17.942 30.5976 16.2242 22.038 5.9231 9.404 21.7206 19.6893 
13.9933 5.8695 13.5556 15.8268 23.3639 27.6049 13.5445 7.9249 15.4615 18.1297 25.2736 27.0794 26.5811 27.1937 6.218 
21.8278 22.0982 25.0529 9.1956 19.2176 21.897 9.0501 19.668 26.3982 12.011 21.546 24.4833 24.8397 16.5896 20.1107 
10.06 8.2988 11.1266 17.0381 23.9244 25.5718 13.5968 6.5993 19.9618 16.7158 23.7655 24.2721 18.1544 25.8487 8.3169 
23.9684 19.7163 19.8348 13.0216 10.4584 14.8175 15.7646 23.3679 30.3849 7.3222 17.287 21.3704 16.8643 12.3744 24.5646 
6.0939 9.4904 6.1783 21.4691 20.5327 16.5714 21.6293 6.8473 19.1133 13.0202 25.1375 17.4404 15.5918 24.7115 9.4931 
18.4661 18.0387 19.7815 12.9439 16.0092 17.9108 11.6838 15.747 26.9014 9.0905 18.3866 20.6126 16.2388 17.0508 16.1716 
27.3636 27.4499 24.011 20.7882 7.5598 9.8834 18.4763 26.8141 32.5158 5.4435 12.7987 19.4077 17.6849 7.7086 27.2044 
21.5129 24.6613 20.231 22.372 3.9971 7.7715 22.1475 24.4326 35.8524 1.785 7.7822 15.0823 10.254 5.4351 26.8331 
3.6478 11.1431 3.1039 25.3477 20.671 21.7163 27.3433 6.675 21.7273 15.0357 27.4406 17.0944 18.9661 26.851 8.061 
12.0018 15.5166 12.0933 21.5701 13.0032 10.3078 23.008 13.1871 30.8386 8.0697 15.115 11.7508 9.6093 15.1541 15.4501 
3.6596 13.0299 2.5715 25.8116 24.9632 23.9334 25.6775 9.0317 21.9899 20.3438 24.4163 13.4674 18.5978 25.9415 9.788 
20.3 11.4739 19.713 10.9953 30.3114 26.5612 11.4862 11.2212 15.501 23.1485 35.2509 28.7156 26.2877 26.8583 11.1128 
13.142 26.1754 14.5639 43.0095 25.638 26.3021 39.4151 23.174 31.1692 24.1631 28.8274 14.9335 21.2233 34.926 19.7164 
12.946 3.2638 13.0756 16.2345 32.3425 26.0842 19.7839 5.7905 11.0028 24.2842 30.6921 25.6134 26.2018 28.2011 4.5531 
2.8026 10.4432 2.1446 25.3656 23.0913 21.4181 27.1221 8.1319 19.8383 23.9095 26.8834 16.8086 17.4736 26.583 9.9953 
27.1836 26.2906 28.7903 4.7864 28.4748 26.4363 4.9545 24.5857 34.8861 19.262 28.9627 35.7017 37.5467 24.3732 28.4911 
16.0593 11.4169 16.4838 10.0932 25.1125 23.5092 10.0953 11.6862 18.089 16.0727 27.4374 30.1027 28.61 22.9767 12.8448 
16.1604 24.3178 14.8068 37.1972 25.4232 25.8304 37.2978 25.5396 33.3036 27.753 24.6337 11.819 15.9898 32.1228 21.6582 
7.2478 18.0491 6.2947 30.6677 23.5879 23.6381 33.3618 11.6202 26.6227 25.0803 27.3053 17.3723 15.618 25.3876 16.0124 
17.1453 20.62 13.3641 23.1374 9.2565 7.6597 26.7116 19.2055 29.1768 7.0925 12.3324 5.59 4.4847 12.5213 21.6868 
8.1906 5.2288 8.6541 19.3049 23.007 26.6604 17.1836 4.1276 16.0809 16.4442 28.0457 20.4181 19.4217 22.8607 4.5057 
20.3998 11.7128 19.6255 7.9675 26.4361 24.2089 9.6344 15.6192 20.2385 20.2255 30.0926 28.6843 30.273 29.9584 14.0905 
25.1397 31.0195 26.4866 36.4012 7.3217 3.7946 29.2523 26.8528 40.0682 12.3525 5.2052 7.0939 5.3909 9.2744 25.948 
29.8046 25.648 28.5635 7.4163 19.1474 23.2658 8.2008 20.3939 28.3575 14.3662 21.8878 23.751 22.477 19.235 23.2101 
20.9787 14.4366 19.1657 9.1217 20.1178 24.2349 7.602 14.5536 17.7285 15.8608 23.9068 28.8336 28.5501 23.0358 12.9964 
9.3677 1.3553 10.7846 18.7631 27.7344 30.6503 21.746 3.8529 12.6118 20.037 33.2151 23.3124 24.7129 27.268 1.6785 
22.2122 14.4688 19.2427 6.6586 27.1528 24.2926 4.8751 15.1028 22.2311 17.7879 25.2534 31.3081 30.5968 23.363 15.5903 
17.0666 22.8678 16.8751 32.0878 11.9145 8.239 25.8023 18.1334 37.268 10.7345 11.7227 2.9849 2.6956 12.5254 19.5039 
17.1778 28.5402 14.9273 34.0331 19.4096 17.7629 36.4787 22.1939 29.5892 20.6313 19.239 7.769 12.1662 25.2771 25.7359 
30.1678 20.692 24.7376 3.0233 25.5141 28.5033 3.843 21.3924 30.8419 17.0562 27.0017 28.7839 29.6692 25.4853 19.8709 
25.4348 20.3836 25.3212 3.5223 24.5601 27.5827 4.131 26.8774 28.3427 16.4126 28.8864 28.8826 28.9731 27.038 24.4431 
11.091 2.8075 12.8105 18.1968 27.7354 24.5431 18.1262 5.3419 12.2386 24.0555 31.4145 29.1731 26.9617 28.5453 3.8986 
7.1246 13.5247 5.6401 25.9971 17.9282 18.3305 26.9525 8.9122 20.6846 16.0126 25.026 11.0041 13.2439 25.3716 11.8188 
10.7309 22.2692 9.9187 33.8364 27.6467 31.2903 36.541 17.7457 22.5397 26.102 33.6784 18.2685 19.2094 35.0088 18.4336 
10.3679 2.7762 10.9131 20.0085 28.4699 25.492 16.418 5.7062 10.51 21.7299 28.3226 27.0277 27.3148 33.2991 3.843 
17.4078 11.7331 17.1264 8.9604 28.9914 31.6555 10.6432 12.5264 18.5398 18.7392 30.2828 24.9384 30.9454 28.7177 12.4247 
21.6445 22.4085 25.0975 7.9818 20.9544 23.1423 8.3083 19.8199 25.4703 12.0154 23.1774 26.6798 24.2355 20.7017 20.069 
19.7588 16.0503 19.9854 8.8124 20.469 25.9583 9.2684 14.1866 20.895 15.8063 25.0789 23.1134 22.0549 22.637 14.3793 
8.7126 13.3864 7.5029 26.4812 15.3328 17.3653 22.3753 11.4272 21.4547 13.244 20.6836 10.5971 12.3692 22.1535 12.5734 
5.6935 4.1009 6.9258 20.1107 28.1024 23.3151 19.3105 1.9342 13.4384 18.523 25.3919 19.9202 18.7386 25.7743 3.1973 
4.7946 5.6731 6.2284 29.9277 28.4226 29.5592 28.0477 4.1613 13.5542 25.2951 28.5822 25.6589 24.9526 32.3256 4.7267 
15.5323 21.7476 12.8028 41.1844 28.8774 27.9332 40.8549 20.0992 27.1143 28.8281 27.5862 14.4244 20.5472 30.8575 20.5754 
13.6526 4.8287 16.0704 24.3082 34.714 36.6557 21.367 9.0269 6.5641 26.8473 39.0079 30.5731 33.3284 39.6547 6.2714 
14.9174 15.8364 16.107 20.3416 12.3668 11.3746 21.9513 15.1911 26.1049 5.1359 16.4057 13.248 9.6123 14.3645 16.3529 
13.2879 5.2922 15.5914 15.6056 27.4209 34.2352 19.2579 7.983 10.2646 25.9886 38.387 27.9599 32.5327 33.0843 7.1134 
20.966 24.4669 16.5318 32.2084 16.5297 13.0904 38.5175 24.5562 36.5821 16.0508 16.4765 4.7261 6.3166 18.3459 22.7836 
12.3539 17.1245 11.628 25.0391 17.4228 11.6173 29.8871 17.1325 29.9333 14.184 17.0546 6.3804 9.1652 20.4667 18.5861 
18.0292 6.6697 15.7377 14.8329 30.505 30.4233 13.5545 11.0606 14.1347 21.5721 30.9532 25.6242 28.6696 30.1178 9.0223 
1.7345 10.6517 1.6745 32.1871 24.3282 24.1146 28.9548 8.4346 20.6732 22.5294 26.9519 17.913 19.7595 30.7942 10.9791 
2.5078 10.5794 1.6167 25.3642 21.6233 24.2298 26.5475 5.4637 16.1582 17.3706 23.4875 17.0787 16.4205 22.8762 7.2944 
5.2511 8.768 5.955 31.522 26.6956 30.4011 31.8888 6.5278 10.7131 29.4329 31.5276 21.674 24.5896 32.8998 7.6661 
8.5762 13.5784 8.0516 23.6576 17.2553 15.7486 22.1107 11.9188 23.8282 11.3239 19.444 11.1579 12.8947 18.0952 14.5132 
21.9265 30.5526 21.9026 31.7058 11.8509 8.8869 37.7778 27.1927 34.9298 15.3146 12.6555 3.5501 3.4328 15.8175 28.0664 
18.8374 9.6577 21.3667 12.5833 34.6114 36.7389 10.9328 14.8194 13.3945 26.2007 32.4273 35.1462 31.2531 28.5059 13.0574 
6.0595 14.4328 7.6393 33.384 28.9767 26.358 33.6906 11.1505 18.9984 26.4848 33.9747 20.8503 19.575 31.4173 12.892 
9.2647 6.8066 11.5719 28.0926 31.9277 31.5482 29.4519 7.9214 7.9898 30.2047 37.6791 30.7291 30.248 41.2471 6.2752 
19.9469 27.2154 17.851 30.7245 7.9389 4.2314 29.8503 23.6116 35.1461 10.6516 8.6891 4.6349 2.2434 10.0839 25.4896 
19.9083 21.5377 21.172 20.9569 4.6108 5.8873 20.3394 18.7947 37.103 2.5578 7.7462 11.217 10.3037 8.0459 20.9322 
14.8006 20.6839 15.6826 21.1533 9.061 7.7405 27.7413 16.4778 29.9075 8.0984 14.1206 6.9542 5.9127 13.5822 17.9823 
22.0044 15.8823 19.3126 7.4498 24.7462 26.437 6.8227 14.909 21.8426 20.8093 32.19 26.7279 29.7852 30.2901 14.8983 
7.4129 15.3553 6.7125 31.7368 20.7305 22.4273 33.0291 13.1911 22.9149 22.9722 25.0949 14.5586 14.9128 24.7415 17.8676 
1.9088 12.3841 1.7438 27.8001 24.736 23.8637 29.97 8.0141 19.923 23.5465 25.9225 16.0572 18.7733 31.1665 10.9033 
8.524 17.7369 6.8996 35.3331 23.8183 18.2083 34.8161 13.9902 23.0641 17.9473 22.46 13.6557 15.169 23.6486 16.9133 
17.5747 14.5723 17.6889 15.0045 13.0941 17.8659 13.7543 14.6699 29.0416 7.0559 17.4226 16.4683 17.244 17.5139 18.2749 
14.1375 8.3955 17.226 29.2935 39.7108 37.9265 26.2403 11.9941 0.7006 37.3111 46.7886 32.1436 30.7617 37.3447 11.5759 
23.7733 18.4615 29.6652 1.6583 26.553 25.9624 1.3976 24.8673 27.9942 21.3484 30.7629 32.0461 30.9783 27.3376 22.9 
11.6972 18.7778 9.7966 40.0756 26.7582 22.2511 39.5549 18.6079 23.8301 21.9027 29.823 16.5717 16.0458 27.6563 19.2329 
22.2964 19.263 20.4928 9.1006 15.8862 17.6108 11.3182 18.6832 23.2134 9.3249 18.2963 20.9831 21.5938 15.6171 18.3892 
20.3345 24.9215 16.5368 29.5479 10.9686 6.8266 33.4924 21.8061 33.2544 11.1899 12.0187 3.4549 0.9026 13.6028 21.1838 
22.3382 24.1964 19.2677 27.7084 4.2906 3.3475 29.5599 21.5493 31.4117 5.6894 7.0456 8.9953 8.1542 6.7506 21.8637 
24.329 18.2032 21.3505 2.4629 27.3124 28.8195 2.1681 18.2299 27.2812 20.8559 30.3266 32.7843 27.6422 27.7915 19.6924 
24.6506 20.7782 25.9199 4.4689 22.6884 23.9744 5.8208 20.6173 27.8512 17.3726 25.4263 24.924 27.7184 22.1875 18.8326 
24.3047 20.4968 24.4991 2.0447 27.2147 25.2709 2.6344 18.8808 29.0268 17.0885 27.8274 29.8968 30.3319 23.7019 21.5518 
15.7762 10.7695 17.6593 11.1253 31.5043 26.9368 11.8253 12.7374 14.0861 21.0999 38.7138 32.0064 32.0075 30.9436 12.1065 
26.3163 29.1726 30.7226 34.191 5.2197 4.5966 29.1963 27.758 45.6214 12.3235 1.7034 11.6932 9.1361 5.4098 30.8558 
3.55 8.4995 5.0943 31.4608 27.9389 31.3245 24.4611 5.4473 15.2609 22.8287 30.5776 21.7077 26.461 34.2387 7.5724 
27.1947 24.0311 26.8006 2.233 28.5759 30.959 2.9831 22.5553 25.9943 21.4508 29.9469 29.5639 33.6323 25.1291 21.261 
18.6595 28.2752 14.8247 44.5666 29.8786 22.1063 46.1454 22.7424 29.9988 30.2957 32.0297 13.3855 18.9166 32.6369 28.687 
13.4139 6.5203 16.1982 15.2418 29.8346 30.4402 16.3583 8.5825 10.7032 27.991 33.5554 26.9808 33.4669 32.1954 8.2369 
7.296 2.3763 8.0804 23.8375 26.9107 31.8476 25.3221 2.1419 12.0142 24.152 34.0235 24.1042 22.7038 32.6527 1.6566 
13.9927 10.033 16.2788 31.0278 38.256 34.2905 27.1491 13.3583 2.2807 32.0674 45.4167 38.7649 34.7247 42.0746 10.3839 
10.2862 8.2125 13.7291 25.887 38.3109 37.5146 27.0576 8.0288 5.924 28.0417 39.8102 31.0962 29.1153 38.3477 8.7252 
15.6188 8.581 17.884 23.5314 38.942 41.0685 23.3077 11.4763 0.7396 29.5471 48.7955 32.1951 32.6805 43.6025 11.6101 
12.8444 24.6508 13.8837 41.7924 26.2568 28.9402 39.7366 18.6633 26.4944 29.864 27.1039 18.2168 16.5897 28.3277 18.9192 
14.9646 20.3827 15.0277 31.3123 19.9821 15.9182 34.0192 16.9074 31.1441 15.9052 20.6557 6.2244 7.9564 22.7584 24.2371 
16.815 18.5562 12.0742 20.0734 11.472 9.3719 25.1184 14.7381 24.5129 6.8732 15.6996 9.0677 10.3949 12.6677 15.7015 
7.9639 10.0192 7.5042 18.504 20.8481 18.2178 17.8053 7.2293 20.604 13.2722 25.136 20.5411 18.9842 20.3976 8.7016 
9.969 16.7849 9.3286 30.5522 13.8428 11.7516 24.197 13.8717 24.4233 12.4343 17.6646 7.3965 9.4355 18.0187 18.6499 
7.9823 15.5683 8.2132 32.2853 25.116 20.1887 32.9883 14.1084 27.3818 18.8525 25.889 10.8348 12.4538 21.0835 15.742 
18.3397 25.6269 18.6979 23.9848 5.7061 6.6104 21.6863 20.8749 35.6288 3.4855 11.1289 10.0704 7.1765 9.5759 21.1502 
29.0105 28.1639 27.7012 32.6747 5.353 2.0725 31.5104 29.974 40.7674 10.9889 4.875 8.9974 7.0927 6.6103 26.6832 
16.8615 10.3344 18.2203 8.8363 25.7593 28.6789 10.1004 11.6478 18.2532 16.2412 31.4041 24.1273 27.3783 24.5782 10.0201 
10.2563 22.1335 9.1721 33.5685 21.9195 24.6973 37.0996 15.9005 29.4574 23.471 26.4946 12.9003 15.1117 26.8067 16.4891 
14.3283 9.1629 15.3715 11.9573 25.997 24.8825 11.1245 11.5738 15.8694 19.7008 32.0145 24.6653 26.5358 28.2911 8.7896 
16.9613 21.4853 16.1807 23.8364 8.6084 9.0758 20.732 15.3673 30.2881 4.1496 11.4839 11.8597 10.8463 10.9614 17.3321 
13.3566 21.8707 14.4526 24.2663 10.4452 10.1632 24.7775 18.2555 31.2276 7.9339 14.8185 7.7711 8.3424 11.6174 18.243 
14.6035 23.2055 14.4342 26.3828 13.5517 9.1463 27.6356 20.313 34.7192 11.1868 14.51 4.0236 3.4718 16.1421 18.2695 
4.1393 5.9503 4.3844 28.1057 29.7085 23.0578 23.618 1.9083 13.6498 19.7802 32.9642 20.1313 25.4703 26.2842 3.7358 
29.0887 21.6774 25.2619 10.7789 16.0251 19.0483 9.7983 23.7584 32.5846 10.8637 23.3241 28.2991 25.1167 15.9542 24.1457 
21.771 30.1943 22.1714 27.305 9.6366 5.2304 31.8456 25.9805 40.0739 11.4158 9.867 5.6041 3.0329 10.067 25.0745 
1.2656 8.9968 2.135 28.7659 29.8687 28.6836 31.1128 5.4848 18.1821 24.013 27.14 17.2389 19.9677 30.6674 7.8607 
3.6309 11.4161 4.3071 32.5057 29.5939 27.0344 32.7286 8.1471 20.3552 28.2118 33.585 20.0865 18.8823 32.0499 10.0076 
8.5599 2.5764 9.8391 17.0784 27.9045 24.2741 17.7926 3.8029 12.335 23.075 31.9043 21.873 26.6155 27.3411 2.2881 
17.7979 23.7674 13.5323 26.3327 9.5855 9.1998 28.3122 15.6476 31.2768 8.6514 13.3979 6.4517 4.8465 15.0232 19.0918 
28.3149 22.2205 31.53 2.9149 22.7221 29.1646 3.6797 26.9158 31.72 19.4407 28.2941 36.0938 35.3751 28.8146 22.9885 
25.8541 21.2231 27.6017 3.3647 22.4332 29.3378 4.0302 23.3451 27.7082 19.975 31.2608 31.4696 31.3059 28.219 21.0755 
9.4702 1.8115 12.1038 25.2249 31.0379 34.0299 22.8051 4.9835 9.3832 27.7483 39.3977 23.2781 30.4118 29.5817 2.9025 
4.938 12.3132 4.627 29.9204 24.8887 29.405 28.8423 11.7236 22.4713 24.908 26.3086 19.4052 20.475 34.634 13.1678 
19.0233 29.1449 22.2805 26.5756 6.6132 2.5794 28.2634 26.558 33.7681 7.5475 8.2791 6.2828 4.7785 7.9388 28.7348 
19.9708 15.6102 19.5189 8.6663 21.4074 19.7164 9.2587 12.3015 25.0135 12.3025 26.1104 20.3473 20.7798 19.0981 14.8024 
18.1128 10.704 18.7897 12.6079 31.6621 32.7451 14.2255 12.1955 15.6594 26.6772 37.3527 35.0221 34.89 29.6754 12.1671 
15.6589 10.491 14.0552 12.2808 18.1429 19.9661 15.1266 10.4681 21.1427 12.7835 22.5628 18.4325 21.7587 21.3922 13.2347 
23.7406 20.1486 24.526 0.6114 29.1077 24.6184 0.3447 24.5976 25.1444 18.7484 28.8022 32.2413 26.723 28.6406 23.2087 
25.8482 24.0155 26.2023 10.6048 16.4573 18.4246 10.2588 24.9986 27.4498 10.672 18.222 26.3712 19.6835 14.6623 24.8155 
8.1512 0.496 10.0464 23.8541 30.2812 31.7173 21.0701 3.9997 10.8368 22.7083 33.245 26.2804 23.2155 33.3644 1.6656 
25.3202 19.9456 21.3519 3.4989 25.7157 26.0061 3.8274 22.4479 25.6583 17.361 25.2213 29.2544 25.1826 26.4022 22.1739 
21.4003 19.9347 21.327 19.8055 8.0053 11.3638 20.8957 18.6464 27.2072 2.2239 13.1303 13.7601 11.3482 11.6281 20.4869 
10.1207 11.2548 9.9586 19.6491 19.5375 16.9757 20.6835 9.5915 22.6654 11.4613 20.507 15.5625 15.3465 21.444 11.103 
13.7104 21.1612 10.4494 37.7028 21.5469 15.1012 28.55 17.1753 27.7898 17.1676 23.2414 8.3854 11.764 22.3506 18.1711 
25.0881 35.0083 21.3874 32.6268 5.7497 2.0528 34.9824 29.7912 45.6962 9.0818 3.8103 9.8197 7.9903 6.7642 28.7047 
4.6751 4.4042 5.0256 21.3079 24.1605 26.1762 23.8607 1.0193 15.4984 18.9225 28.9511 23.6441 21.4141 26.7309 3.0605 
6.6211 3.0503 7.4088 25.4934 29.1129 24.4831 22.7417 1.1998 13.1112 20.4311 30.2907 22.1345 25.1359 28.8244 1.9336 
17.3147 7.8141 16.683 11.0447 22.0994 27.7153 12.8615 10.6717 14.6468 19.5127 28.6266 28.7923 26.0865 25.6812 9.2002 
13.4147 11.4645 13.8427 11.4914 22.618 21.9123 14.0676 9.5939 18.9113 16.2373 22.2883 19.7873 23.5437 21.4339 9.2157 
17.2553 27.4847 14.2756 28.5561 15.9945 11.5053 31.8353 23.9471 30.7051 15.6478 15.725 2.2861 4.7554 19.2462 20.5951 
8.1438 17.0846 7.7501 33.8186 28.5067 24.2652 34.4237 12.5616 20.1798 28.1365 27.0949 20.155 21.5053 33.4028 14.0278 
4.4956 6.8875 4.6997 24.1862 26.1132 21.2169 21.2345 3.159 15.7165 19.1768 30.7562 18.9757 21.5279 27.6501 5.7 
6.0815 5.5192 7.5441 26.6506 30.0014 24.9846 27.5547 3.5682 9.9313 25.9096 35.3049 26.5952 25.4097 29.0751 3.9757 
24.2556 21.6777 28.0513 11.6625 12.4018 15.3742 13.3063 23.8735 29.909 8.9477 20.2414 21.7141 23.9229 14.1876 25.6575 
21.4666 24.445 18.3889 16.2915 10.5385 11.3613 18.1229 17.6935 31.5796 5.6351 16.8029 15.8309 16.2892 12.6593 18.8844 
20.6498 20.5682 18.3517 9.1623 18.2627 17.2646 10.7823 19.2567 29.3924 9.3809 18.5587 23.6187 23.65 19.79 18.4793 
23.2217 33.432 24.6476 31.9863 7.4514 3.5679 35.1423 24.2099 46.0849 10.4539 6.9285 8.046 5.5446 8.3888 32.4564 
20.6949 9.7309 21.7418 15.0523 28.2162 36.5596 12.4466 11.8239 14.0214 24.9496 32.1099 29.055 29.4254 32.7538 11.4805 
15.8571 8.9277 19.5753 22.2444 40.9162 35.5201 20.4991 13.1869 5.4446 30.3216 35.616 35.3458 39.5067 43.4701 11.3387 
15.4477 6.1245 13.1262 13.934 23.8839 24.8581 12.6743 9.8227 12.4991 18.442 27.0371 26.7488 26.1056 30.2098 8.194 
15.8108 23.0119 14.2399 34.0856 17.7164 12.9362 34.6488 20.0176 35.1135 14.2878 15.1489 4.0263 6.524 16.9494 24.7554 
7.39 4.7137 7.9094 20.831 26.4884 20.8776 20.0881 2.9057 13.2423 17.17 31.0604 23.4646 21.9353 28.5074 4.5101 
14.9615 14.7082 17.1449 16.0539 16.2591 15.844 13.0712 14.0392 28.4698 10.0455 22.0167 17.4331 17.9577 18.0953 14.7103 
14.1269 16.027 13.967 16.1698 11.8834 14.1629 19.2963 13.129 26.9802 7.8286 15.7791 13.8461 11.513 15.4462 15.3944 
16.9628 19.1598 16.6583 18.6823 8.7616 8.4441 22.7568 16.6285 27.5284 4.3168 12.1193 11.263 9.4183 11.0163 18.3113 
13.2379 21.309 14.4344 37.0087 25.0976 19.4987 38.0361 16.4191 33.6707 19.7631 21.745 10.4166 15.0528 23.537 22.7984 
25.4208 26.8666 19.9187 35.2916 7.0254 3.0377 29.5282 25.3952 40.6227 11.5225 6.4864 6.175 4.966 7.6668 30.5429 
5.8327 13.646 5.2701 34.0588 27.5348 24.8586 31.4096 10.1812 20.1475 24.449 27.0067 16.9861 15.5542 25.6502 12.6741 
2.0203 8.4039 2.897 24.6218 23.9414 22.7428 25.8761 3.3561 14.5608 18.3098 29.706 21.7083 20.0486 28.1497 6.6743 
15.7162 8.5971 14.7877 13.3475 22.0889 26.1606 11.2429 8.5656 20.7557 15.8496 23.6107 25.2383 22.0897 21.7999 8.4001 
11.2295 19.5245 10.7217 32.6787 33.6418 30.4771 33.4186 14.9918 27.3722 30.672 29.9438 18.7639 23.7403 30.6903 20.1248 
9.9673 19.5071 7.2415 34.4133 23.61 20.2524 35.1305 13.8681 23.1699 16.9272 23.9629 11.332 11.9132 23.901 16.7127 
17.378 10.8701 17.2238 10.1304 20.8735 21.9616 11.7256 11.8664 22.1091 15.8699 27.1079 22.0813 22.1953 20.6357 11.7883 
29.2075 28.0754 25.0043 19.0541 9.9463 13.5286 17.8872 28.1408 39.8828 7.491 13.5078 21.7941 16.1261 11.0148 25.7564 
13.5307 23.5915 14.5558 36.8908 19.4686 16.5497 36.7798 19.1912 35.1613 15.336 21.3726 6.4999 8.1773 20.659 23.9819 
11.7384 6.0148 12.9343 13.0306 22.9693 24.8692 13.9934 8.0328 16.2993 20.0698 30.8356 26.7779 25.9885 24.4511 5.9216 
22.2875 22.7868 24.8498 9.5566 18.8096 19.1253 8.3657 22.637 32.705 12.2207 23.3916 22.3708 27.1355 18.5549 19.5741 
11.0443 7.6413 11.5027 14.0439 22.1315 25.5075 14.4862 8.0163 15.296 15.1226 27.9917 21.6312 23.4833 22.4068 6.9168 
23.0303 21.8535 22.1452 12.1006 10.774 15.7191 12.3382 22.9628 35.063 6.9094 14.3339 21.846 17.9144 12.6048 21.5243 
7.624 11.6145 5.7966 22.3253 19.9204 18.5169 21.9513 6.8615 21.4113 15.9451 20.9524 13.7676 17.4756 20.1967 9.6967 
19.1924 16.9448 19.837 14.0102 15.3382 15.4441 11.7137 17.6216 22.7179 8.3233 20.9464 21.9491 18.6536 18.5269 18.3461 
24.4195 28.3416 28.4208 16.9377 7.1657 12.5804 21.4303 24.0078 39.3771 5.2668 11.5391 20.7924 18.0185 8.4434 29.6566 
25.2369 27.8247 21.2713 21.9284 3.9478 7.5145 19.8115 23.8048 34.8574 1.7819 9.9005 14.9398 12.6561 6.9635 24.0413 
4.0472 11.3303 3.0639 24.8621 22.2829 19.9924 24.4805 6.1822 16.9399 18.9518 28.739 16.3352 16.2409 26.1692 8.8334 
12.5735 17.4348 12.5103 19.5182 12.4158 12.186 24.7367 12.7447 25.9657 9.118 16.813 12.0557 8.8069 14.4694 15.1634 
4.1478 13.0405 2.5359 28.4206 21.5109 21.5345 27.1693 8.7545 21.5481 18.0572 25.8406 15.6971 16.6752 28.5842 10.2825 
19.4574 10.5568 18.9186 10.5927 28.2161 26.2576 11.0151 11.4635 18.0893 18.9209 35.6148 28.9405 28.4106 27.8285 11.7383 
15.5684 22.5672 14.0804 45.7077 28.277 25.0787 44.8177 22.5547 29.123 28.9081 28.2176 15.4102 20.4065 36.4902 24.714 
13.3621 3.3699 11.2305 17.3912 25.999 30.1321 17.9386 6.2716 10.6134 21.7472 33.1257 28.3204 26.0056 27.0313 4.0076 
2.7405 10.2495 2.5393 31.1864 24.6361 23.546 28.6807 9.0674 17.2673 21.3022 28.2992 20.3407 18.1721 28.1477 9.594 
30.5059 22.2759 30.2559 3.8979 24.7133 30.1894 5.0226 25.2951 35.3511 19.1729 35.5366 30.5089 30.5031 24.4518 23.4308 
19.0349 10.6029 18.8791 10.1564 20.6696 26.579 10.044 12.041 19.0522 19.5927 26.2965 28.8446 25.251 27.2935 12.9475 
15.8717 23.8037 14.8578 40.3085 24.6164 23.8176 42.934 23.4564 29.8525 24.675 27.0178 11.861 14.1274 30.3355 27.9185 
7.1722 16.2892 6.149 32.6288 26.8695 19.9802 34.3219 11.1141 23.5552 25.2904 24.8295 14.2201 17.1089 30.8643 15.3031 
14.5715 20.953 14.2507 25.7627 9.4469 8.8768 24.8242 17.8865 30.6553 8.6951 10.8012 6.748 4.6743 11.0216 18.8311 
10.0264 5.0882 8.8909 15.7594 22.1063 21.091 16.7964 4.5926 14.6428 16.4601 28.3805 23.2566 22.8853 28.5626 4.6455 
17.2427 12.2526 21.5028 10.3465 27.4821 29.1132 8.5875 13.9706 16.2481 21.4938 32.5059 29.2348 24.121 24.0121 13.9297 
25.5322 28.6719 24.3245 31.1749 6.8545 3.9501 33.7767 24.5579 42.8054 10.3884 5.794 7.3704 6.372 9.4577 26.9765 
22.8308 25.2299 24.3583 9.3472 15.9587 20.7935 9.52 24.1364 30.0093 11.2907 19.858 26.4497 25.9372 18.8421 22.8908 
20.9044 14.521 19.529 8.8586 20.5149 27.5329 9.3887 13.9786 18.9731 18.2908 26.9732 28.9988 24.4839 23.2545 14.8477 
9.8982 1.2458 9.7862 21.395 26.7487 31.885 18.5753 4.284 10.7842 24.381 34.5558 28.0955 22.1242 30.4216 1.9071 
21.3904 16.5376 23.8232 6.2104 27.9378 24.0498 4.8848 17.3961 23.7889 19.1456 26.1076 27.9927 31.4332 28.2276 14.925 
15.6564 25.6805 18.188 26.8474 12.6707 7.7434 32.0866 19.0601 36.6272 11.053 14.8318 2.3551 2.2461 12.679 20.4183 
17.079 28.5552 16.3123 37.1427 21.3025 17.3156 42.1455 23.4938 30.9404 21.7063 21.0849 8.3708 12.2989 20.7252 26.5224 
26.6466 21.5413 26.7573 2.873 25.1763 23.5185 3.1502 21.2308 32.2721 18.3895 30.1099 32.2234 31.9573 26.5662 23.2807 
32.4859 24.0291 24.9968 3.4367 26.3397 25.3752 4.5868 25.0846 27.2978 19.1842 25.1604 28.6928 32.4598 21.1572 22.3241 
12.4619 3.027 11.2036 20.0243 25.6851 24.4056 17.316 6.1631 11.1132 21.3434 35.5221 28.5346 26.3925 31.6625 3.4248 
5.86 12.5171 5.4369 27.5375 22.2563 19.036 28.5215 10.406 23.541 13.9933 20.6985 14.0549 11.7392 19.7049 11.2704 
10.5293 22.6513 10.5079 39.9285 27.932 28.0645 43.0955 18.5083 24.0205 27.0233 30.0601 16.4935 23.6705 35.7764 17.8568 
12.446 2.9703 11.2474 18.8833 31.5735 27.7108 19.042 5.9359 12.2056 22.5956 28.8204 26.141 23.7403 27.0825 3.247 
18.0372 9.9888 16.1966 10.8654 27.4615 30.1067 10.7641 13.8211 16.8835 21.5184 30.1057 29.8787 26.5576 27.271 10.3595 
23.5926 23.7638 26.2929 7.7339 18.7625 18.613 7.9572 22.4418 33.1556 14.8206 19.6959 26.2183 21.9244 20.2803 20.1403 
20.2884 16.0999 17.5388 9.3202 21.0955 20.1393 9.3735 15.2644 23.7862 15.366 26.3264 25.4482 22.7727 21.7374 15.4912 
7.503 13.3021 6.8403 27.9886 18.7489 17.5556 26.9997 10.9237 22.1084 11.6936 22.9629 10.6132 12.3526 20.2998 13.9091 
6.7944 5.0411 6.7729 22.6072 23.652 22.4736 18.9144 1.941 12.6136 20.8979 31.5284 20.0556 21.0678 26.4406 3.1725 
5.1024 6.3875 5.7293 29.3235 31.728 26.63 23.3968 3.8261 12.5708 25.524 34.7257 21.3623 25.0011 29.2102 4.9712 
13.8546 26.6973 11.9185 40.8248 24.6095 22.1935 41.7867 22.4181 28.4103 27.2172 30.6768 16.937 15.8242 29.2547 23.3041 
13.4656 4.0004 15.9052 20.1566 31.9274 34.7245 21.163 7.3938 6.0202 27.5305 41.1968 30.3826 31.6467 30.9108 5.0878 
17.5549 17.3073 13.1539 20.6734 11.1441 12.4716 21.3834 14.9705 29.6488 5.1732 14.0116 13.5566 11.1539 12.8991 19.4268 
15.7035 5.7071 16.7897 18.7982 30.7695 33.0575 18.6949 8.9486 10.2976 23.9305 33.8268 29.5304 30.7301 34.3921 6.2526 
16.7437 29.974 19.9444 37.4281 14.9794 12.593 34.9982 21.1999 35.8551 19.3581 18.0607 4.8621 7.5681 20.1526 21.7819 
10.9322 21.1954 9.6821 25.5276 15.0845 14.707 27.4246 14.4477 28.0901 11.4792 20.3157 8.296 7.1591 16.9798 18.3441 
16.1449 7.6729 18.1281 14.216 26.3939 28.1989 15.4444 10.3122 13.3971 19.7646 33.0849 33.2681 28.0279 30.0206 7.463 
2.0541 11.8824 1.5882 26.0228 26.339 24.1214 26.0137 7.7429 20.7695 19.3092 26.6399 19.9506 16.3087 27.0305 9.0804 
2.5566 11.1869 2.0337 26.1087 23.8636 23.9233 23.0607 5.2004 16.3712 19.5062 27.1586 18.5383 18.9735 27.9183 7.8271 
5.3606 8.5128 6.5274 25.5682 34.6726 29.1969 28.598 6.5429 12.539 22.2004 39.0178 22.3767 27.3867 36.8162 6.2555 
10.1366 13.4161 8.4403 24.5612 15.9174 13.5457 24.5403 9.8474 23.4506 10.5018 20.5818 10.6145 12.2083 19.4405 15.0844 
20.0597 30.6943 21.7103 35.336 11.2579 7.2696 37.719 24.7107 36.4152 14.5927 11.5902 3.616 3.4168 12.343 24.7257 
19.6695 10.28 21.5821 11.1686 29.9583 29.1038 10.888 15.9336 13.5864 26.8651 35.854 35.4701 30.3809 34.2815 12.6251 
7.4541 13.5886 6.7414 30.7383 26.07 23.656 30.8702 11.7803 19.336 26.5852 31.1228 20.1767 20.999 26.9812 15.0229 
10.3563 6.7739 12.1393 30.4816 31.1373 33.8699 29.7411 8.0822 7.2383 32.0715 41.9006 30.7456 29.4465 32.19 7.6109 
21.6848 26.8022 19.7184 33.1132 8.9553 4.2202 32.9821 25.4931 31.0685 9.0365 10.4497 4.9843 2.2849 10.014 23.5546 
18.7405 22.2021 19.2457 24.8485 4.5481 5.9634 25.3729 21.3528 32.6577 2.7227 8.4365 12.6832 9.1553 7.0487 22.1982 
14.8863 17.9435 12.3977 28.0543 11.1829 7.6186 26.4903 15.8511 31.6351 7.2499 14.0745 8.4049 6.0082 11.7239 17.114 
24.751 13.8907 20.8109 6.4422 23.8839 31.7545 6.1521 16.647 20.9836 18.9487 34.5258 33.9317 27.4199 28.1935 13.9518 
7.93 18.7121 6.2899 32.0022 26.4513 19.4591 30.7534 12.8622 23.5514 18.0097 22.4191 11.5705 15.6347 27.6141 15.4501 
2.0578 12.1898 1.6212 32.5073 28.061 23.2695 28.507 8.6709 16.2436 22.0244 30.1407 18.73 18.6117 30.3155 11.2409 
9.0376 17.2675 7.965 29.7046 22.8237 20.0457 33.5195 14.6706 28.5113 19.5445 21.5658 12.1527 14.4772 21.6791 15.5341 
16.5686 17.2362 17.2455 13.7057 14.9193 14.1504 12.4566 16.8312 27.8978 8.9001 16.1452 19.6597 14.8502 17.6266 14.44 
14.4806 9.452 16.6289 26.3657 43.4378 34.6162 25.7593 14.0099 0.7952 34.4927 41.0403 34.8936 38.5026 38.4954 9.8454 
24.6839 17.4974 28.8958 1.4196 25.8716 27.726 1.2704 22.3699 24.2375 23.6958 28.5405 28.4645 31.9822 27.2657 18.501 
10.4479 19.6354 10.5949 38.4397 28.3695 25.5581 31.7873 19.1422 24.1285 28.6694 29.6623 14.492 16.0563 29.8356 21.2173 
19.6137 15.5792 19.3834 11.0491 17.6118 19.3901 9.3849 17.2359 23.2058 9.9051 20.6338 22.1226 22.5237 18.4579 15.573 
22.062 22.3814 16.4903 31.2432 8.9884 7.4618 33.1396 23.4714 38.5884 9.1639 12.2836 2.8093 1.0385 11.3444 23.6853 
22.6448 27.7661 20.6722 29.0751 4.241 2.7532 27.8711 21.9436 33.1418 5.202 7.1983 10.3623 8.2731 6.3384 21.4847 
28.0616 16.0419 21.2805 2.1785 25.4566 26.5224 2.5165 19.3381 27.7858 16.781 30.9861 33.48 25.4794 28.1746 21.7508 
29.166 19.9772 28.1648 4.2929 21.5604 25.6651 4.8048 22.487 27.7926 17.7856 22.8281 31.114 30.911 22.2064 21.8523 
24.6329 22.4871 24.1817 2.4949 22.8094 25.8609 2.7364 20.1435 26.3984 16.7841 25.5548 29.0957 25.9425 26.2845 19.7956 
17.6849 8.6578 18.1931 12.9996 26.6497 26.7439 11.0619 12.9234 13.674 26.3182 32.0885 27.6125 33.8267 34.2004 11.3594 
27.8986 31.5981 25.2996 34.6999 6.5276 5.1354 28.3812 32.6152 49.4513 12.243 1.9118 10.9022 11.0598 4.9341 28.6895 
3.1794 9.1165 5.377 26.3627 24.9185 25.559 31.3194 5.2326 12.8373 26.7315 35.2583 20.8222 24.9876 27.0902 6.3264 
32.0184 20.1829 32.5833 2.1171 23.6318 26.3429 3.0575 24.8065 26.7046 20.6149 33.4823 32.5689 28.9928 29.3808 22.9458 
16.3283 23.4002 18.2856 39.8872 25.3506 22.8262 38.34 25.0322 31.1091 29.7451 31.0352 15.0355 15.9127 27.0843 26.5676 
13.8463 5.6358 17.6336 14.6571 34.1018 34.2667 18.4339 10.445 11.6213 26.651 38.7937 28.2068 28.512 32.6274 6.612 
7.7753 2.7116 6.7263 26.282 28.0882 29.8616 23.0028 1.8889 10.7821 21.4163 28.2524 25.1356 21.5141 26.7375 1.5483 
17.1484 9.7521 18.5241 28.4368 41.7398 40.2744 29.6179 13.5174 2.0 34.5766 42.0956 30.2689 36.1046 37.2342 11.0967 
12.827 8.5167 14.545 26.5625 33.2678 34.4002 26.7673 8.3766 6.2162 33.5279 34.3986 32.3587 27.4206 34.1342 7.7769 
16.4997 9.833 18.5883 30.2144 35.7605 42.822 23.5708 13.2469 0.8562 33.4917 43.4621 34.9479 36.561 41.5865 11.2525 
11.4895 21.3787 12.8361 43.7286 28.979 29.4732 34.672 20.5887 27.2122 25.0684 30.8887 18.3148 21.8927 27.4592 20.8422 
15.2233 25.696 14.1598 32.1899 20.743 15.4602 30.9336 17.3016 32.7077 16.714 22.3106 6.3132 9.3818 24.2752 24.1817 
15.7608 20.0458 13.4563 22.7123 11.2933 10.9434 21.7815 14.4642 24.9378 6.8936 14.1948 11.6448 8.2205 12.2539 18.3035 
9.3926 8.9868 8.0568 20.4964 20.519 19.3431 20.6864 6.4668 18.9263 15.1848 24.4567 20.8041 19.6631 21.6548 7.9968 
12.5517 17.0699 9.0058 24.5541 14.7194 12.3035 30.0959 15.5854 26.5948 12.6503 18.4312 6.983 8.8389 20.6589 16.8955 
9.6264 18.6571 6.9743 29.5717 24.0128 18.1004 31.0283 12.6257 27.7165 16.7633 27.5093 11.5502 12.4577 22.4815 17.881 
20.2186 24.1758 18.3056 21.0095 6.4022 5.9762 22.7536 23.485 37.596 3.2156 9.9994 10.1097 8.6511 8.8269 22.1588 
25.5732 34.0554 23.8166 26.6067 4.8733 2.1507 27.7323 27.2548 40.291 9.8417 4.5741 10.5511 7.1068 5.8421 28.7906 
16.6122 11.5771 19.7186 9.8272 25.902 29.3267 9.5531 13.3798 18.7863 17.0473 28.7702 23.9958 28.9786 25.1261 11.4969 
10.5059 18.994 11.4217 40.1482 27.2289 20.3087 34.4112 18.6752 27.3884 21.9177 23.6604 13.5081 15.4215 23.9406 19.3983 
15.1246 9.2461 13.7584 12.8292 25.3561 27.591 12.1527 10.9595 18.0403 18.4229 27.3793 27.6261 27.5011 30.0647 10.2554 
19.1186 20.9105 13.8673 22.6628 10.3918 8.5885 18.7794 16.3052 33.6449 4.1217 14.9343 10.345 10.1668 12.4226 18.8789 
17.228 17.5796 13.1124 26.7757 10.7868 10.0607 25.2371 16.1585 32.5901 8.02 12.2585 8.6949 8.9506 12.7977 18.5855 
17.8549 22.1096 12.6378 28.5051 12.9139 9.5211 25.8167 20.7699 29.6143 10.6672 15.9662 4.5958 4.1407 12.995 22.2006 
4.4183 5.5789 4.9766 26.1448 25.3081 27.9026 25.8597 2.0405 14.3647 25.1354 34.9887 20.939 23.9864 26.2335 4.2393 
26.1427 23.1361 23.9379 9.7276 16.5302 20.9104 11.1235 21.4282 37.5541 10.7179 23.2658 23.7442 22.5599 14.4708 26.0249 
20.1974 28.3594 20.0902 29.9925 8.2176 4.3075 32.8726 24.3523 41.0481 11.3649 8.5783 5.0248 3.131 9.1055 23.9985 
1.0733 8.8491 2.7742 29.9675 28.7773 23.2802 23.794 5.7249 17.4268 19.7341 31.3801 21.1073 18.2582 28.9092 8.5813 
4.0024 11.0217 5.4565 28.2817 31.1974 28.2508 28.1306 9.6148 18.4235 25.7527 34.6554 18.0648 21.6864 35.8066 11.4283 
8.6867 2.9419 8.369 22.208 23.2462 23.9043 18.3156 3.684 12.8351 17.868 32.2703 21.6889 25.2223 28.8055 2.0753 
17.2689 24.0711 14.591 26.6444 9.5634 8.4439 24.7551 19.1915 31.7307 8.2605 13.6779 5.7655 5.4102 13.4234 17.6678 
26.5991 26.7299 32.3244 3.7124 23.1575 25.8422 3.7185 26.6516 26.1469 19.4981 25.9613 32.188 30.0139 22.3806 21.1553 
31.4996 22.9072 32.2281 3.243 26.7735 28.6364 3.4506 26.2845 30.2082 21.3078 26.3633 33.9846 29.4976 23.2536 27.3005 
10.8915 1.7954 10.428 24.0818 32.9849 27.1978 20.9835 4.9296 8.2002 24.8692 32.1147 24.9431 26.065 36.1533 2.6259 
4.997 12.972 4.5385 35.441 31.7127 23.9983 32.3169 11.7236 21.2871 24.7363 29.3965 18.3813 20.2101 29.8485 12.1311 
21.1935 28.5042 18.6982 30.6346 5.1711 2.9679 27.1733 22.0291 38.3986 8.7664 8.172 6.6297 4.9476 9.0182 26.544 
16.9536 15.6382 17.5935 8.7935 17.3831 24.4352 9.1722 16.2247 23.5391 14.2763 24.5225 21.6902 20.7151 22.416 15.0146 
20.9059 10.1176 20.3912 13.6972 27.2406 29.9636 11.1907 11.7985 13.808 21.8113 30.9649 31.0546 28.0116 35.971 9.8852 
12.7147 10.7398 12.7797 13.6238 16.8043 17.1847 13.0476 10.5566 19.042 11.7754 22.3913 19.0592 20.6324 20.2188 11.3684 
26.364 23.2903 27.1392 0.5741 23.0408 32.669 0.3053 23.2443 30.3815 18.9246 31.4853 32.8486 32.4198 25.7773 19.3105 
26.8006 19.7158 23.15 10.6626 15.1233 16.7987 11.072 19.6739 30.0291 10.404 21.5718 25.8103 21.9577 13.6343 20.2766 
10.4379 0.5391 9.0688 18.4701 29.1266 30.0652 21.24 4.4315 8.5065 21.4592 30.7068 23.0676 29.9144 30.1367 1.9413 
21.7898 18.0898 22.1879 3.5572 21.0683 27.428 3.4266 18.3857 30.3881 17.4297 24.0776 29.2379 29.0472 23.898 18.6075 
22.5431 18.6562 17.1635 19.1558 7.7523 9.8231 18.4155 17.6404 29.6425 2.3524 14.3358 16.173 13.5046 11.6844 22.2911 
11.6284 10.0875 8.5315 17.9391 17.7614 19.7341 16.2528 8.9292 18.4873 13.5731 24.3616 18.5686 14.6789 20.8 10.9336 
13.8473 17.9918 11.3836 35.7684 20.4448 15.9977 37.1179 18.3777 27.3961 16.8638 22.6928 7.9822 9.3382 19.6009 18.0324 
27.697 34.8331 26.1402 28.3184 5.5079 1.6697 26.8825 30.5818 39.2131 11.2416 3.7686 9.251 7.3062 6.8666 30.666 
4.6434 4.5506 6.3347 22.6271 29.3603 25.4361 20.7063 0.9494 15.466 20.845 26.5638 23.5036 24.0738 25.6067 2.9605 
6.982 3.0823 7.1265 23.2266 27.8502 29.1914 24.4103 1.5835 13.4467 21.5501 28.0277 23.9565 24.296 33.3788 1.6572 
16.864 7.3051 15.2045 14.5714 28.6673 29.2976 12.9623 9.7075 16.5142 20.087 30.0446 24.9357 24.2547 24.0264 8.11 
15.1002 10.4209 15.3414 14.9563 18.6592 23.0476 13.4427 10.2751 17.3264 12.5369 27.5897 21.0755 23.3763 19.1118 8.9057 
20.266 23.0208 18.0947 33.7593 16.8965 10.8168 36.8933 19.2403 38.8338 15.6221 16.6432 1.8649 4.1907 17.4089 22.7343 
8.6167 17.7394 7.2511 36.9475 31.2697 28.9322 36.5477 14.8865 24.3914 24.5903 31.4262 19.6506 20.0525 27.7108 17.1851 
5.1271 5.5761 4.639 25.2018 25.6309 24.593 22.1444 3.0446 18.1156 17.3077 30.5043 20.9399 20.3928 29.3759 4.7883 
6.0284 5.176 5.9767 26.2496 28.1114 28.168 27.223 3.892 11.6886 22.8714 32.3309 23.2839 26.1919 30.8305 4.9849 
27.3713 24.9799 22.526 10.4559 12.3485 16.8118 11.1343 23.9273 37.45 9.2746 18.4512 20.1872 21.2113 16.1944 20.9937 
24.0808 24.0026 21.5168 17.8737 9.1113 13.2313 14.8167 21.4333 33.7587 4.9517 15.6121 16.7999 14.5868 12.5131 20.2294 
20.7926 18.129 17.6303 9.2328 14.8543 18.1951 10.4869 18.8006 30.355 10.6192 19.2503 21.7562 18.6996 18.6386 16.0218 
24.1288 28.1292 20.6333 36.1216 7.9077 3.0412 34.7288 25.383 37.1378 11.1634 6.5374 7.7888 5.5546 7.8858 32.5069 
20.5922 9.8236 19.8239 13.2814 32.7722 30.4554 16.0039 12.5882 12.2466 24.116 34.4374 34.2652 28.9864 32.5239 11.9453 
18.7613 7.848 18.8973 19.2839 31.6922 33.468 21.0862 12.7077 5.0834 26.972 35.6745 35.8118 33.7337 36.5511 9.0105 
12.7771 7.535 13.5488 16.1984 23.8463 28.7802 14.4083 8.7532 15.51 18.6093 30.5099 29.8642 23.2701 28.2243 7.7442 
17.7152 24.6943 13.4334 36.672 18.1812 14.736 34.5717 22.7481 30.9288 14.1806 19.9267 3.5003 5.9759 16.9655 22.4094 
8.1938 5.5903 8.5373 17.4312 26.723 23.2354 21.0295 3.6952 16.2767 20.5966 29.3634 20.5773 18.4332 29.9935 3.6203 
17.891 13.0972 15.0627 13.6005 13.6081 17.0245 15.8467 15.4508 26.2474 7.8172 18.0582 18.6659 19.515 16.5394 16.7661 
15.8681 15.72 14.7877 19.5859 13.5822 12.4121 17.0865 13.6416 28.7345 7.1757 19.4968 13.5777 15.0009 13.8688 15.0507 
17.0333 18.7618 18.2147 18.7746 9.846 7.8036 21.6855 16.0495 31.7271 4.1248 14.4247 11.4267 8.8499 11.5491 18.5223 
14.2736 24.3214 12.1123 37.1762 23.894 23.274 38.748 16.7332 34.382 20.4751 24.2493 10.2253 15.1084 26.4114 18.6799 
25.0835 30.6123 24.1745 32.9896 6.0865 3.2917 33.2793 27.9572 43.5034 9.1317 7.4133 7.5096 5.0738 9.2508 29.3054 
6.5012 13.1022 5.57 28.0622 25.7748 25.3506 27.8737 11.2633 20.5724 20.2735 28.3118 16.0042 16.0891 27.1218 12.709 
1.8813 7.6106 2.5568 24.521 22.5674 22.7078 24.8149 3.7949 16.4235 20.7314 26.0426 17.0517 20.2876 30.6563 6.5606 
15.08 9.347 13.2971 13.6656 19.7174 26.014 13.1735 11.0597 18.8894 16.242 28.1221 23.1362 22.4278 27.2361 8.2105 
11.3945 18.9848 11.8442 40.4762 30.7037 30.2898 36.4528 17.7266 22.1913 27.149 36.2722 19.0363 21.0083 31.554 17.7065 
8.046 15.3603 6.7648 34.547 23.0419 19.7725 34.07 12.6651 24.6032 17.2845 23.8145 10.8932 12.2683 20.5412 18.1097 
15.1688 12.4132 14.0057 13.1431 19.5255 23.206 11.1308 11.5911 18.3013 15.7774 24.9618 21.4812 21.7558 22.5083 11.8832 
27.7907 25.949 28.541 17.086 10.6076 12.4306 17.3097 23.4188 35.0435 6.6843 12.4244 19.8997 16.5065 9.4908 23.7252 
12.6349 23.8302 11.1425 33.6369 21.2016 13.7374 30.3201 16.9171 28.4184 15.2456 21.0629 6.3332 9.6489 19.1028 18.4268 
11.6243 6.7714 12.4891 12.9535 26.1883 26.1269 13.0024 7.1954 14.0609 19.66 31.3331 26.3051 22.1902 28.8872 7.245 
28.4932 21.804 26.9364 9.3603 19.8269 19.961 7.8317 19.7682 26.8927 14.3105 19.3314 23.7549 27.1083 17.8911 23.7173 
10.9213 8.4864 9.8167 16.2964 18.942 22.5062 15.928 6.62 15.9954 15.6903 27.0909 24.4318 23.682 22.042 7.8975 
26.0561 20.2363 19.5048 14.9036 10.6043 14.9355 14.1394 23.3619 27.6161 5.9548 17.9789 21.2844 16.2353 12.1879 23.6525 
6.792 10.9459 6.3957 22.2819 19.735 18.609 20.0441 7.0609 22.8873 15.3743 24.3499 13.709 16.7284 23.5891 8.1973 
19.5397 19.2003 18.3844 11.1704 16.313 15.4441 11.9642 16.3871 24.3065 8.5337 17.6985 17.2521 19.6627 15.6026 16.2234 
22.5888 29.1646 22.6722 21.091 7.91 12.5804 17.8229 27.5462 32.1306 4.9827 11.0186 16.5849 16.2472 7.1 24.0017 
22.2917 26.6124 21.9401 24.4336 4.4875 6.3357 20.6007 24.5634 37.0284 2.0612 8.3762 15.0014 11.1548 6.8274 25.4856 
3.7074 9.0919 2.5075 21.1114 21.8594 23.093 22.3405 5.9972 18.8801 16.4076 23.8154 16.1628 16.2746 23.5333 8.0244 
14.9063 16.138 11.7492 22.444 13.6375 10.712 21.1457 14.3074 26.6185 9.2578 16.7527 10.5007 10.891 12.9234 17.8711 
3.9629 11.5527 2.603 30.0035 21.5441 19.7631 28.6452 8.0964 21.4833 20.2396 26.133 15.9903 15.1872 25.1317 11.1602 
17.9127 11.3596 19.2395 9.3878 25.9019 29.2198 11.456 13.8576 15.7902 21.2346 33.195 27.4327 28.4025 29.7108 10.3836 
16.2574 26.4187 12.8943 44.5033 28.1755 26.2719 40.3521 22.0238 33.4487 31.3125 32.3623 18.0473 17.8166 30.3795 23.6492 
13.4538 3.0051 12.1326 18.4749 31.809 25.5191 16.8078 6.0005 11.2081 22.4626 37.2008 26.1643 24.4126 33.577 3.9638 
2.3343 13.2265 2.2598 29.5054 27.763 23.4005 27.3804 8.3489 18.3349 22.509 24.9791 17.5427 20.8407 32.043 9.921 
33.3205 23.0557 27.2894 4.2912 23.591 33.9167 3.9006 29.5059 34.2601 24.2907 33.3691 33.9475 34.7996 26.3139 27.3347 
17.3266 12.9458 15.458 9.1759 23.1143 23.5894 9.5584 13.7448 17.6839 19.1534 26.5166 27.2758 27.4366 25.7984 11.9576 
17.0215 22.7375 15.1082 45.6438 23.6377 22.5943 43.0839 20.8638 34.6074 28.5062 23.3724 13.9779 15.4602 26.5416 28.4099 
6.447 16.469 7.1905 30.8544 21.9689 19.9342 29.4001 11.948 20.9799 23.1001 26.2023 15.8139 16.5795 24.3338 14.3918 
18.8242 20.8148 15.6356 28.5615 11.2937 8.1679 26.1582 19.4682 31.5588 9.0467 12.0391 6.5024 4.6266 10.8364 19.1681 
10.1212 4.8512 10.0198 15.559 21.3522 23.5772 19.2621 4.6699 13.1836 18.3557 27.466 23.6115 22.0002 23.5678 3.85 
19.4048 11.1865 21.2816 8.5727 25.3313 28.4338 8.0691 14.7674 20.1642 18.3118 31.3814 26.3445 27.7666 27.2783 12.1394 
23.9038 29.8501 22.643 34.4367 8.2016 3.5096 29.1236 23.8718 41.6756 10.5254 5.2 7.494 6.1276 8.5711 29.8596 
23.1217 22.251 28.5271 9.5194 18.2066 21.2832 8.3258 24.2607 35.0718 12.3544 20.7315 27.1281 25.7704 20.8169 23.7379 
16.7808 13.1999 17.623 8.2317 24.2075 21.6036 9.1248 12.7489 20.335 17.4142 28.862 27.8719 25.3304 23.0146 11.3898 
8.3397 1.1389 10.1141 17.7308 27.7584 25.5032 20.9604 3.7028 12.1206 20.291 29.6888 22.9344 28.585 29.7217 2.0787 
21.7706 17.265 19.1451 5.8405 23.9287 25.8554 5.5215 15.098 23.3663 16.4992 29.143 31.7021 28.0958 28.3974 16.2152 
17.2859 20.5104 15.6309 32.4785 11.7128 7.7977 30.6285 20.6528 37.5071 11.95 15.014 2.9115 2.7669 14.0895 21.1985 
19.4336 28.2864 15.935 37.8528 23.3371 17.1099 42.4687 21.8388 35.9437 18.7303 20.2158 9.179 11.7111 24.5354 26.6488 
28.8117 19.5339 25.4578 3.353 23.5614 23.1309 3.5075 26.7775 27.3926 17.8849 24.6984 30.8405 25.8418 23.0324 19.7141 
28.2454 25.0062 32.1909 3.3478 20.9804 25.4752 4.7288 26.6103 33.7587 16.5048 28.4056 33.4358 32.477 23.7601 25.2701 
9.9903 3.1257 11.8566 19.043 26.3819 26.2662 20.2439 5.4747 10.0468 19.4197 36.2773 27.423 24.8197 31.8347 3.6065 
5.6559 12.357 4.929 22.7126 22.2734 19.4644 25.1798 10.3218 24.0355 18.1281 26.1293 12.6872 14.132 21.7994 12.2944 
9.995 19.8032 12.2912 41.7788 33.7847 25.3737 39.3701 15.1702 25.669 28.1729 36.5785 20.0216 18.1152 30.3753 21.4681 
10.6699 2.6321 12.4414 20.0449 30.3786 28.9821 15.8418 5.7062 9.8991 19.9354 33.4763 22.7372 27.9518 27.7291 4.0513 
20.3922 10.5544 18.8168 10.6666 29.2716 24.6857 11.1097 13.0368 18.5598 20.9661 27.3254 24.9712 25.4268 28.573 11.2912 
25.7216 21.4813 24.9209 6.9447 16.2402 18.5828 8.6886 21.9808 26.5528 12.0867 19.7024 23.918 22.8914 16.6413 20.3481 
19.4912 12.8336 16.2083 8.9705 21.7636 23.1332 8.8454 16.1403 23.234 15.7132 27.3127 22.3754 22.6576 23.1155 16.0326 
7.8979 15.1156 7.7069 28.1681 17.3586 14.0589 26.9495 12.3736 21.5659 14.8136 19.2129 10.0438 12.0766 22.5856 13.8787 
6.5964 4.9131 5.7652 23.1996 24.3841 21.9644 22.3839 1.7368 15.2356 20.9315 26.1051 21.951 21.0678 28.9725 3.0415 
5.1443 6.8692 6.308 26.9145 32.1978 25.7781 26.0148 4.3015 13.8927 22.9779 34.4717 23.8165 21.7087 27.5662 5.1065 
13.0118 23.3685 13.0411 34.8016 27.2302 26.4459 37.4868 21.1348 27.4362 23.3117 31.3835 17.5698 16.3461 32.6011 18.9256 
14.9199 4.1159 12.1455 21.7596 35.9514 32.1022 21.5154 9.1882 5.6367 28.6563 34.003 33.1368 27.9697 38.8095 6.5574 
17.4695 16.5562 12.8632 19.6546 10.3062 10.1083 20.5285 16.9966 28.4486 5.3757 13.9904 10.3406 10.5674 13.4227 18.3251 
16.5719 4.9575 14.088 19.1201 29.2733 36.0561 19.5143 8.5232 10.504 23.3711 38.7417 25.8058 27.552 37.6712 6.235 
17.3368 27.082 18.6616 31.1133 19.8446 14.8844 35.9729 20.8108 33.2546 15.9844 16.2886 4.932 7.2395 17.0035 24.5836 
12.3878 16.5032 11.6698 29.4672 15.7243 13.5618 25.0985 15.291 31.374 11.3962 17.091 8.1676 7.6137 20.5503 15.1888 
16.6917 6.483 16.5283 13.9265 25.6713 29.6448 12.8093 9.2696 12.9568 21.8275 33.2379 32.5262 25.5929 33.1411 8.1113 
2.0354 11.118 1.5119 30.1106 25.7152 26.1613 25.6389 8.4951 16.4347 18.7265 30.2203 16.5272 19.4606 27.5221 8.8305 
2.8577 10.1371 1.9135 26.8966 22.2115 22.6036 22.5708 6.2824 20.7795 20.8912 24.1687 17.3066 16.0529 29.1916 9.1728 
EOF