I 150
J 15
bounds (0, 100)
cv 1.0
D 50
k 5
t 3
FLR 0.4
FCR 2
abounds (80, 120)

a 
97.0 118.0 104.0 
103.0 94.0 100.0 
90.0 98.0 124.0 
108.0 93.0 100.0 
119.0 99.0 95.0 
95.0 121.0 118.0 
85.0 124.0 114.0 
118.0 105.0 99.0 
123.0 102.0 109.0 
97.0 92.0 107.0 
112.0 96.0 114.0 
95.0 98.0 93.0 
129.0 93.0 105.0 
81.0 105.0 114.0 
103.0 93.0 90.0 
106.0 117.0 96.0 
113.0 121.0 92.0 
111.0 115.0 116.0 
96.0 98.0 102.0 
98.0 103.0 100.0 
110.0 113.0 113.0 
133.0 121.0 108.0 
119.0 112.0 92.0 
125.0 92.0 83.0 
111.0 101.0 110.0 
125.0 103.0 113.0 
101.0 103.0 98.0 
93.0 97.0 103.0 
98.0 89.0 85.0 
103.0 107.0 106.0 
106.0 119.0 103.0 
104.0 101.0 93.0 
106.0 108.0 110.0 
105.0 103.0 101.0 
97.0 98.0 101.0 
98.0 98.0 99.0 
104.0 99.0 100.0 
113.0 99.0 112.0 
97.0 97.0 117.0 
107.0 103.0 106.0 
92.0 90.0 100.0 
103.0 92.0 117.0 
105.0 106.0 110.0 
102.0 86.0 104.0 
87.0 103.0 98.0 
118.0 100.0 104.0 
109.0 105.0 102.0 
98.0 91.0 101.0 
92.0 121.0 130.0 
98.0 107.0 88.0 
91.0 109.0 114.0 
94.0 137.0 94.0 
91.0 123.0 98.0 
98.0 101.0 121.0 
106.0 99.0 93.0 
111.0 102.0 120.0 
94.0 106.0 95.0 
115.0 114.0 119.0 
114.0 97.0 116.0 
101.0 98.0 99.0 
95.0 100.0 99.0 
119.0 112.0 119.0 
113.0 98.0 91.0 
90.0 115.0 121.0 
87.0 102.0 107.0 
117.0 113.0 95.0 
94.0 97.0 116.0 
101.0 107.0 114.0 
127.0 110.0 116.0 
91.0 115.0 106.0 
107.0 111.0 108.0 
92.0 111.0 94.0 
98.0 92.0 101.0 
120.0 106.0 122.0 
91.0 101.0 104.0 
94.0 109.0 111.0 
108.0 99.0 110.0 
115.0 116.0 97.0 
98.0 109.0 102.0 
97.0 91.0 100.0 
103.0 110.0 105.0 
101.0 103.0 102.0 
122.0 102.0 92.0 
116.0 111.0 113.0 
118.0 85.0 96.0 
91.0 114.0 133.0 
101.0 126.0 102.0 
108.0 94.0 110.0 
116.0 114.0 96.0 
113.0 108.0 97.0 
114.0 101.0 104.0 
96.0 95.0 107.0 
88.0 98.0 102.0 
101.0 104.0 124.0 
107.0 100.0 100.0 
87.0 121.0 107.0 
86.0 120.0 107.0 
103.0 111.0 109.0 
101.0 93.0 111.0 
104.0 121.0 96.0 
108.0 99.0 95.0 
104.0 101.0 112.0 
108.0 91.0 107.0 
102.0 92.0 91.0 
109.0 99.0 108.0 
108.0 91.0 106.0 
102.0 118.0 96.0 
113.0 106.0 104.0 
90.0 113.0 105.0 
100.0 104.0 97.0 
107.0 103.0 101.0 
89.0 103.0 91.0 
102.0 105.0 105.0 
96.0 100.0 92.0 
116.0 96.0 93.0 
101.0 115.0 125.0 
101.0 94.0 119.0 
96.0 107.0 92.0 
118.0 94.0 99.0 
118.0 107.0 90.0 
80.0 109.0 97.0 
109.0 98.0 118.0 
118.0 98.0 97.0 
91.0 102.0 112.0 
110.0 127.0 101.0 
121.0 105.0 113.0 
122.0 108.0 110.0 
94.0 93.0 105.0 
105.0 87.0 108.0 
109.0 107.0 102.0 
92.0 77.0 106.0 
89.0 95.0 99.0 
128.0 111.0 95.0 
105.0 94.0 105.0 
99.0 91.0 118.0 
123.0 98.0 106.0 
107.0 105.0 112.0 
102.0 94.0 107.0 
120.0 95.0 101.0 
136.0 126.0 108.0 
90.0 108.0 99.0 
108.0 91.0 95.0 
90.0 100.0 99.0 
109.0 122.0 101.0 
129.0 94.0 87.0 
96.0 108.0 121.0 
95.0 100.0 115.0 
92.0 88.0 100.0 
99.0 105.0 111.0 
94.0 80.0 104.0 

Icoords
84.0311 43.8916
41.5935 91.6321
60.6451 95.4402
70.6953 37.0143
40.7743 75.1528
78.7736 89.471
6.4111 63.1767
14.7708 13.9829
31.3003 48.3235
7.7248 48.1329
24.0022 55.9509
59.4771 19.1658
4.4282 92.8283
87.0956 73.1293
54.6309 12.2238
88.389 34.7606
20.3935 37.12
8.1914 6.2026
50.1181 19.3848
95.3796 27.3294
57.3951 63.2148
33.7716 92.2347
10.3946 40.1147
78.7071 9.9343
85.4017 67.7751
81.7794 98.64
89.0975 69.9958
34.3108 41.0314
63.2404 58.1115
96.8421 68.7713
83.9493 43.7973
69.3893 79.5321
78.6651 74.3464
76.2993 83.9227
86.0845 37.4962
64.687 9.4724
26.5429 69.8268
93.6828 40.8177
78.4379 87.69
71.8441 15.5461
25.8882 65.4715
96.608 40.1519
96.3138 93.9229
21.0051 87.6418
31.3052 68.416
92.6207 51.6828
95.8958 49.9045
82.0063 52.283
45.8371 31.1452
39.1261 49.5454
34.0092 16.4686
31.029 93.8999
84.6014 58.8676
95.7102 11.6464
20.0144 10.8961
5.5742 92.8337
38.6998 14.0118
30.2492 36.5143
4.5462 97.3374
9.6996 44.5098
6.8904 19.787
94.1026 31.5734
64.2231 54.9595
26.5784 70.5393
88.9611 75.8545
58.5077 48.7074
93.195 32.4254
10.8685 72.18
17.5257 12.5522
61.0863 1.2342
45.5192 21.7516
13.7557 98.0678
66.5873 72.4104
18.3273 84.6831
64.9228 85.625
55.6573 85.4743
93.9372 18.5917
24.4633 51.3693
60.8864 53.3102
42.3836 40.5359
27.8454 88.2208
62.3896 52.2131
89.3961 47.7988
46.2985 89.0201
70.2017 99.0321
71.6849 30.617
69.3334 21.4158
87.7202 93.3096
75.6603 91.1799
89.2997 90.5827
48.5107 61.2683
7.2108 54.8619
94.6381 7.6278
8.0089 35.8247
85.9672 30.5583
52.5876 55.3767
73.9381 46.7217
50.7087 70.4394
94.5813 59.5139
22.1952 4.7235
11.1019 11.9442
15.9594 58.5874
74.4272 96.622
65.6471 64.77
56.2548 93.2519
89.317 63.793
3.9917 0.0419
44.2132 93.2112
9.6362 65.8943
21.3205 80.7055
65.1648 17.7977
84.8647 5.6917
60.8001 91.7929
9.6029 71.9975
16.1061 86.23
83.246 3.6815
12.6965 43.1747
62.017 96.5771
19.3964 30.29
55.3469 64.8202
14.3592 76.2035
65.3684 92.4362
8.9011 92.3182
69.1171 30.395
50.0965 55.3905
49.311 6.7289
12.2742 66.9849
95.0179 44.1814
51.2619 15.8528
20.1986 39.866
79.3618 84.8947
10.5197 5.8078
29.2215 89.5998
93.7137 64.0876
60.6294 23.5024
78.2675 53.6291
23.6886 9.944
90.3855 77.8711
90.0463 31.7885
6.0812 52.1117
84.3685 25.0627
97.6707 46.0267
4.579 19.244
72.6623 82.1707
41.7612 9.2087
35.852 97.8128
36.0869 29.8116
24.0448 61.3634
69.1944 11.8954
51.0338 40.3229

Jcoords
81.4237 80.2005
22.9327 56.4454
97.2673 84.3259
14.6741 57.4527
77.6162 34.4412
99.1798 28.4359
42.918 14.3667
38.8519 23.229
60.8254 8.2266
7.5207 35.4388
78.9778 49.0402
70.5371 64.1765
81.4362 27.0245
46.5434 46.864
93.2657 70.4394

C
12.4387 21.9622 14.4527 27.7876 3.8081 8.2801 17.25 16.2603 14.2372 28.3502 2.5913 9.7209 5.1845 11.4997 10.1077 
13.2146 12.3788 22.3033 15.2798 22.8996 28.7616 30.5475 25.35 33.57 26.28 17.1205 15.6744 26.4302 15.2779 22.2392 
9.1657 21.6503 11.8259 18.6838 19.4886 25.5614 26.1581 29.4848 31.9639 25.9733 19.9412 12.5525 24.7551 18.8316 15.0423 
16.865 18.2897 17.2068 23.8234 2.5001 10.1203 13.9309 11.9851 11.6101 19.3943 5.7211 8.358 5.7471 9.2361 15.0438 
14.9223 9.8597 22.441 9.7509 17.0541 22.8336 21.9513 18.6326 22.7831 18.6679 15.5623 11.7087 20.1618 9.2359 18.4354 
3.1182 21.2664 6.5209 22.7636 21.8572 22.5503 25.7413 30.8052 32.1082 35.1074 13.4232 8.5258 21.0011 16.7966 8.4633 
25.6452 6.9505 36.2506 3.878 23.6343 39.5548 21.6441 20.291 24.6925 9.3552 28.5521 20.0675 27.7576 14.9414 33.2594 
35.571 15.1253 40.3737 16.3186 23.7929 31.9428 10.3732 10.0833 17.3863 7.0095 25.4723 25.4422 25.3783 17.974 32.4875 
20.4815 4.493 28.3774 7.2893 18.7749 21.9909 11.9332 9.7958 15.1126 9.7879 17.8811 14.5364 19.4358 5.1053 24.3503 
28.7816 6.014 34.9718 4.3235 27.9823 33.8846 16.2118 12.7842 20.2129 3.9611 22.5748 25.8862 24.9958 12.58 31.8687 
22.9755 0.4212 31.0029 3.4363 18.4337 26.7142 14.9251 14.0286 22.2851 7.9861 18.2293 18.4394 20.1024 7.5172 26.7907 
19.4906 18.4124 29.7611 18.0337 8.4067 14.9302 5.229 7.2903 4.2126 19.1157 13.8101 14.5955 7.7456 10.4821 22.1367 
26.8715 14.2456 32.8627 14.3967 37.2906 42.6282 27.5116 23.3485 33.7667 18.8971 33.1481 27.9125 31.168 20.2858 34.3191 
3.054 24.8678 5.5304 27.1572 12.9854 16.1812 25.3559 26.4306 21.8945 30.7909 8.7115 7.2283 17.0707 14.8182 2.0287 
23.1986 19.6579 30.5742 20.3804 11.8217 14.2743 4.7486 5.8464 2.6385 19.1224 17.6245 20.0217 9.8933 12.1905 21.1284 
15.4047 24.7961 15.8767 26.9333 3.7872 3.9837 17.7761 16.1435 15.2197 25.1347 5.683 11.324 3.6759 16.3397 13.6372 
29.7469 6.0209 32.8998 6.3703 19.626 25.7052 9.6466 7.7136 17.0503 4.4152 21.8334 20.472 18.9266 8.6984 31.7468 
38.2913 19.9808 35.6391 15.9108 28.0756 37.1009 13.9447 12.2362 19.5627 10.7003 30.8286 33.1515 25.928 22.1008 36.1914 
25.0208 14.9837 24.9022 18.881 11.3425 19.901 3.3341 4.5497 6.0946 14.69 13.6555 15.4226 12.4529 10.6465 25.4079 
21.5283 24.5792 19.5662 28.2725 6.0177 1.5092 17.071 22.5401 13.3137 28.8343 8.7942 17.4869 4.2007 18.6408 14.0233 
9.5782 10.8699 17.4419 13.441 11.0218 20.5988 18.4687 15.4619 19.1841 18.2679 8.3661 4.6766 13.1647 6.6291 12.6092 
18.5485 11.3642 19.791 13.1222 22.6914 30.9288 27.4412 23.2764 34.0142 24.8712 19.389 15.9374 24.6035 18.2927 22.6578 
28.603 6.3104 32.781 5.7539 22.1203 33.7693 14.3568 13.1565 21.8619 1.8919 22.9893 23.689 24.6041 11.7602 27.7266 
23.388 24.6772 23.2009 26.8081 9.7904 10.61 13.9165 15.9233 6.6499 27.0256 12.5181 19.6871 5.6645 15.9503 23.3992 
4.5389 21.8209 6.8405 26.1891 11.2688 13.4508 25.4621 20.9333 24.4798 33.6972 7.538 5.8285 12.7169 13.684 2.7292 
6.728 25.6407 7.6808 27.1564 22.3173 28.1502 32.2858 26.6741 28.075 35.8262 17.1243 14.1342 27.6511 22.6715 11.9243 
4.5786 22.4294 5.2439 26.9212 12.9573 15.1561 22.8971 25.6104 24.1905 28.2882 7.9797 6.7185 16.6302 16.8941 1.5669 
19.8449 6.9354 28.2704 8.5702 15.4628 24.7802 9.3949 6.4047 16.5262 8.4456 13.7681 16.1681 15.8305 5.3395 20.674 
10.9749 14.0754 13.277 17.3203 9.9947 17.1143 16.2359 15.0119 16.706 23.8819 7.0969 3.7402 13.7347 7.477 11.318 
7.5273 25.3414 5.9394 29.9262 13.5551 12.3876 26.4196 27.2822 22.5714 34.2645 8.8501 10.0164 13.4787 17.7096 1.4755 
13.8555 22.5015 13.4722 21.6061 4.1159 7.4522 20.0767 19.2218 12.8934 25.8639 2.216 8.7975 5.685 11.9875 8.4813 
4.2932 19.568 9.001 22.0609 17.9949 22.0025 24.0341 21.9312 27.851 24.1519 10.1518 4.7704 19.6255 12.7963 9.9591 
2.045 22.9113 7.5912 21.5758 12.1833 18.1682 21.3592 21.8805 25.1885 24.7563 8.8224 4.8053 14.3678 16.2078 4.7187 
2.3472 20.4625 7.4513 25.6072 18.7205 23.3955 29.3176 22.7927 24.94 32.1873 11.8355 6.9732 22.1206 18.5115 7.1603 
16.5646 20.2746 15.5465 23.8529 2.996 5.1499 16.4108 15.5422 15.3139 30.9333 4.3813 9.8846 3.5093 14.19 13.0417 
22.4149 24.9067 32.3607 23.4464 10.7888 14.3435 7.1556 11.2863 1.593 20.4875 14.6317 19.4482 7.8364 15.7267 20.2807 
18.4202 4.9618 24.0699 5.9908 23.2505 29.1772 20.5922 19.2399 23.532 12.5598 17.2655 16.8596 21.5716 11.2976 25.8228 
12.7081 27.6345 15.4715 30.3909 5.4173 5.32 17.5506 20.3671 17.1604 27.8327 5.681 11.0194 6.5979 18.0122 11.4173 
2.6284 22.0767 6.8534 26.1038 16.9617 21.9289 30.406 24.7059 32.3695 27.915 11.6425 9.0689 23.8585 19.3708 8.5849 
21.8565 19.3187 24.3156 23.9447 6.6779 12.0255 10.5436 11.5276 4.1074 26.0362 12.3386 18.5787 5.1563 12.9439 19.9756 
22.4996 3.4562 25.8174 4.3343 20.0026 28.4291 18.7675 17.6262 24.7265 12.501 16.9668 16.8576 20.3477 9.7469 26.9498 
15.389 23.6402 16.4611 28.1117 6.5088 3.872 23.598 18.8317 18.9036 31.8754 5.9627 12.9898 7.8164 17.4925 10.9331 
6.8948 31.4429 3.416 35.3101 20.1581 20.2549 36.5913 32.9059 34.4488 36.7878 18.8897 15.5555 27.1321 26.2543 8.7689 
20.9836 11.2771 23.198 10.2192 26.087 34.0578 28.1605 25.6329 30.5785 16.7518 24.0705 17.3306 26.791 16.335 24.453 
15.8678 5.6577 21.7743 7.4977 18.5177 25.6095 17.0437 17.6471 23.9932 14.8448 17.1309 13.1205 25.3931 8.771 21.1336 
9.2248 24.0845 10.5181 24.1983 8.4682 7.7029 19.1738 20.1298 20.2299 29.4651 4.8388 7.6474 9.5363 17.4705 6.9572 
13.2286 29.0532 11.7194 27.0247 9.1773 6.585 23.9671 19.8428 19.6909 33.5369 6.0866 9.9722 10.6126 15.1008 7.1051 
9.374 21.3192 13.8985 20.6778 6.0524 11.414 16.3752 16.2573 18.0527 26.3235 1.734 6.4124 9.0575 11.4153 6.6272 
19.6114 12.2758 23.2819 13.3155 11.7127 19.7302 5.5622 3.3646 9.0424 12.7505 14.8131 14.7327 12.9729 5.4505 19.8571 
17.4527 5.5112 22.7369 9.5779 12.7185 20.981 13.7319 8.2164 15.3871 11.7953 15.934 10.9637 15.8602 2.5231 21.9185 
24.3944 13.1874 36.5327 16.0691 16.456 22.7935 3.5103 2.9006 10.9411 10.0219 21.8215 22.6164 14.8095 11.2707 24.8468 
17.8709 11.7181 21.9118 13.4187 25.5463 32.0163 25.7977 27.3105 34.1602 25.1475 20.1385 16.1028 26.3796 16.909 20.6319 
7.6179 18.5457 8.8689 21.0035 8.7878 12.7381 24.1396 22.1183 22.0031 31.7417 3.9822 5.502 10.496 15.2122 4.6404 
23.305 27.0739 27.4283 32.9246 8.9289 6.5508 17.3652 18.4001 12.1946 28.2431 14.8218 21.5876 6.7624 18.1798 18.5005 
30.6311 15.1899 35.4388 14.6303 23.796 24.4148 7.7626 8.2182 14.3225 10.4954 23.6029 26.3672 24.2966 16.5544 34.7105 
28.8585 15.2155 32.6909 13.0019 32.7353 35.3466 33.4739 26.0692 37.2773 18.153 26.0869 24.567 35.4413 21.7858 30.0117 
25.3592 14.6986 35.4147 16.1337 16.223 24.8518 1.4359 2.8273 6.998 14.3156 21.2021 23.3856 15.4213 11.5783 24.883 
24.3236 7.3483 25.4466 10.06 18.2869 22.7293 8.4965 5.3497 13.0629 7.6794 18.6006 18.5365 19.6888 7.2909 26.7951 
27.922 14.437 36.2721 13.4274 34.2743 44.2368 28.768 29.1621 32.1138 24.5215 27.8163 26.9494 35.9254 24.1697 32.6515 
31.8611 5.4994 33.4373 4.7463 25.2527 35.1468 14.5154 12.0588 24.287 3.3137 24.1811 24.1171 28.5084 12.2682 30.6238 
35.6331 13.2329 42.0233 11.6269 25.7926 29.4025 11.5238 11.5212 19.5266 5.4653 30.333 24.9863 22.5887 15.0002 38.5807 
17.096 22.866 19.4689 30.8423 6.6166 2.1313 17.782 20.5293 14.4715 30.7585 8.8424 13.9068 4.4884 15.2318 15.5189 
12.1842 16.2046 16.8386 19.5768 7.7208 14.4103 18.2918 14.8612 15.6641 19.6877 5.3226 3.6913 12.3375 6.8019 11.0151 
17.726 5.7489 23.4356 6.7597 24.2615 25.8326 20.3232 17.5173 27.1901 14.6741 18.7983 15.7902 25.6976 9.8081 23.0005 
2.8207 24.9067 4.3387 27.2761 15.6513 18.1417 28.6217 22.9262 28.3979 33.6122 8.6467 8.5443 15.6519 19.4106 2.6211 
12.1908 12.8771 18.8715 14.6027 9.0045 16.3371 14.2558 10.8476 16.154 18.6822 7.2678 7.5679 10.7137 3.7043 16.0199 
18.107 23.9991 19.8453 27.6166 6.2285 2.4124 17.1377 20.3488 14.125 27.1413 8.0472 12.841 4.8136 16.3402 13.7573 
23.3622 7.6613 26.4101 4.8843 30.6251 37.2328 23.0896 22.5145 28.6955 13.3886 26.2986 20.3667 26.3232 14.7288 26.2988 
28.0561 13.5992 35.2969 16.6062 25.1719 31.4438 9.9868 9.3824 14.3121 7.6732 23.8847 29.5018 23.6755 15.7684 33.6986 
27.9285 25.5897 35.0365 24.5313 12.9791 16.7762 7.0772 10.4146 2.1552 24.297 15.9003 20.1382 11.5442 15.2486 29.7423 
22.5338 15.5823 30.5961 16.6452 11.5796 20.6892 2.9729 2.7036 7.5779 14.3944 13.35 15.4799 14.2667 9.0631 25.1835 
21.472 16.921 30.9509 15.003 28.0538 39.0909 31.2884 30.674 32.9631 20.883 28.9497 25.677 38.3458 22.2595 29.326 
5.9237 16.6778 12.6911 20.8105 14.8862 19.4915 23.237 21.5688 20.6923 25.2463 9.5835 3.5936 17.8358 12.5858 8.9482 
19.995 9.7219 27.1083 10.0172 27.1998 37.2501 27.3163 22.2427 29.0063 19.7934 26.5847 18.7798 29.6367 17.8029 27.5981 
6.2288 18.1574 12.8447 22.7031 17.434 25.1458 24.4692 21.4096 24.5232 27.8303 12.4434 7.6779 22.7215 16.6529 9.7557 
8.4346 16.356 14.7397 16.5573 21.2616 25.549 27.7328 24.2035 30.6275 25.2868 16.9789 8.6412 24.2497 15.3171 15.3099 
20.35 28.066 25.4718 33.4481 8.4677 4.2036 16.5766 17.8223 11.9771 27.2758 12.2435 16.7555 4.5464 20.8438 19.346 
19.893 1.6764 26.5161 4.2229 18.0013 30.4812 14.4102 12.4241 19.635 8.3651 20.5325 16.6655 19.2436 7.4546 24.9816 
13.108 12.3275 14.4139 18.5219 7.5905 18.0004 14.1448 13.0061 17.1228 22.4439 6.9502 4.966 12.4719 6.128 11.3813 
20.0078 8.2447 22.4609 12.3953 11.1844 21.7185 8.3052 5.64 13.1174 11.1126 12.7172 13.4662 14.9262 2.9322 19.3817 
17.932 11.4432 25.0799 12.678 23.7194 33.1065 28.6355 21.7593 26.9096 18.5177 20.8456 15.6692 32.1393 15.1684 26.8057 
11.6669 12.7502 18.011 16.8056 7.8119 15.1828 14.4667 11.8585 14.7404 19.8118 5.3842 5.3338 10.2822 5.5493 11.9216 
11.859 25.2813 11.744 24.8707 6.7963 7.311 21.3039 19.0011 16.7315 31.1836 4.1632 9.007 7.4528 13.7718 8.3354 
12.871 13.3334 20.2332 17.1137 24.4907 28.9018 28.2853 22.2602 26.5722 21.6811 16.2707 10.7702 22.946 16.6182 19.9258 
7.3569 21.0531 9.8785 23.9742 22.0336 24.4428 32.2899 26.4301 34.6896 31.7253 15.4553 12.58 26.5133 21.9161 12.7435 
16.0436 18.7583 20.2684 22.0412 2.3705 8.5116 10.6949 10.9948 8.65 19.992 7.2223 13.0253 4.0175 11.7073 13.7196 
22.3676 19.3543 26.7623 23.5429 4.6941 11.2679 9.6345 10.4584 6.1981 23.5659 9.4655 16.9143 4.0898 10.8291 17.9644 
5.0856 26.1714 4.1648 27.1133 18.9879 20.4354 34.7014 28.9544 35.3182 38.7189 14.8189 12.1391 21.7591 21.1722 8.8531 
3.8329 22.3895 7.7094 24.9494 19.683 22.4407 25.451 23.8099 31.6516 29.8525 14.4268 8.6083 25.7144 18.421 10.3243 
4.0867 28.8527 3.1253 31.9656 22.3413 19.1551 31.325 25.5737 28.0154 29.9453 16.3903 12.4843 20.2824 18.81 6.6209 
15.0246 8.3786 17.2103 12.1971 14.3291 21.0533 16.598 12.6766 17.0219 15.7557 10.7976 8.6315 16.2752 5.5128 18.2694 
24.114 4.8526 34.1872 3.1222 22.256 32.7261 19.6414 16.1517 24.7854 6.6902 22.3136 23.0492 31.4162 15.3807 28.6148 
24.1731 33.7441 26.1311 30.9219 10.0044 6.6492 18.9279 21.6472 10.5647 34.7963 14.4291 22.5596 8.6392 22.1401 21.8637 
31.8946 10.0087 32.954 8.0343 24.8965 28.3831 14.5426 12.8932 22.9311 0.2171 28.3486 27.3181 24.9813 15.8615 34.5059 
19.8751 26.0648 18.7683 23.8345 3.3993 5.1454 17.8455 15.3679 11.4334 26.4011 7.4651 13.7197 1.9836 15.4055 14.4172 
13.2183 11.4542 20.1028 13.8781 11.3651 17.7177 16.2176 10.8968 18.2124 18.6526 8.8586 7.9282 14.3067 4.056 16.2405 
12.8165 18.4071 17.6835 23.1094 4.8509 10.2796 17.2479 15.9399 15.3112 21.6187 2.1896 5.5198 6.9151 8.2651 11.4029 
11.0867 9.6914 15.6737 12.7167 16.2334 20.6462 19.4177 18.8232 19.8544 20.5572 13.5084 6.2839 19.2596 7.8573 16.2866 
9.3653 26.1183 8.3232 31.8456 10.5834 10.9423 20.9055 21.5928 22.8773 32.1478 6.6996 7.3746 12.4455 16.8648 4.01 
36.7648 20.6547 40.3972 18.2745 23.4312 25.4227 7.6364 8.2262 13.6342 12.7789 22.5812 28.0759 22.2118 18.1535 32.6689 
30.0665 15.3797 35.7291 16.6161 26.8857 35.7538 10.1149 11.3416 19.6158 8.5867 29.3626 24.9797 24.2126 17.2697 32.2447 
26.6452 2.2782 27.0949 0.6078 20.0834 28.953 19.5716 14.8439 25.6503 8.185 19.6758 19.5806 26.6108 12.6823 30.3531 
6.6865 26.0078 9.4394 26.9712 23.1928 25.2004 31.9656 29.1905 31.1863 27.9606 18.6894 11.5222 26.6158 20.3513 10.1508 
7.0728 13.9867 14.3585 18.1522 12.4812 17.8143 18.5059 16.8913 17.9155 24.4023 7.8248 1.9654 14.5452 9.3004 10.7703 
9.2568 16.8709 15.3746 16.7349 22.8693 29.7282 29.1297 27.9377 32.3989 23.3191 19.2126 10.8325 24.2956 14.3981 17.082 
5.708 21.326 8.5079 23.3575 11.3595 12.8474 22.3715 25.5038 23.2546 26.3436 6.2963 7.0082 12.3829 14.5412 3.0893 
38.2943 20.8306 38.5566 17.7408 25.8177 30.2468 14.2478 13.4687 21.2397 11.5824 29.2912 35.2584 25.7841 22.4921 37.8478 
12.8586 16.8945 20.7318 14.5127 20.8003 29.0203 25.5412 21.5194 28.4285 26.3356 22.3663 14.3009 24.5045 15.7965 21.1671 
28.6062 5.7516 32.533 3.3178 22.7333 29.8953 21.6965 18.0363 26.1093 12.1078 28.0447 24.169 31.2378 14.5295 27.0103 
19.9129 8.697 26.9309 8.3386 21.9912 29.4648 24.2576 20.0222 24.9701 17.6043 20.8261 18.0415 26.2417 12.8394 22.5144 
20.8999 20.9981 26.2677 22.2458 7.0276 12.2779 8.52 9.4655 3.3019 20.2913 13.2574 17.429 7.0501 12.8862 23.0157 
28.2764 25.0305 31.1897 28.6927 11.0325 8.6616 14.9192 17.7319 8.342 26.3269 15.9543 21.9481 6.9465 19.6976 20.2988 
7.8001 16.0688 13.3894 20.5811 23.6555 23.9855 31.5474 27.5726 30.1674 29.0359 18.0206 9.0542 22.2623 18.1523 12.2094 
24.3537 7.1015 35.101 5.707 28.1173 31.9939 22.8858 21.3877 26.8043 11.8276 27.688 24.1927 32.1119 13.8374 26.1743 
25.0574 10.4749 28.8201 9.1827 28.722 36.9582 28.8477 24.629 27.3515 18.9305 28.2621 17.9065 27.887 17.8242 25.9825 
27.8761 28.8328 30.7117 30.5079 10.4006 11.184 12.5659 18.8111 8.8441 26.482 15.7862 19.0763 9.2388 20.4702 21.1698 
29.5871 6.186 35.7865 4.5953 24.1843 32.4251 15.394 10.9599 18.5158 2.8947 23.4421 24.0111 21.3741 13.4317 26.1211 
10.0862 21.1416 14.8939 20.6362 23.9087 24.9459 32.2829 28.0217 31.6147 29.3696 19.2147 13.2434 24.3862 18.7332 15.1345 
26.9256 8.5567 36.7188 9.0182 18.4208 24.8592 9.2542 7.5193 17.7237 4.4811 23.8668 20.4414 20.0293 12.3219 32.2345 
11.3045 10.5692 14.7216 12.4211 13.4132 18.9127 16.0614 16.7248 19.1783 18.2648 8.9849 4.5809 15.6744 7.3133 12.761 
20.8403 8.2038 25.3747 5.8267 29.0387 38.7633 25.7604 22.3587 29.3709 15.6202 27.7439 21.4579 29.9925 14.1669 29.5106 
6.4253 17.1881 12.0168 21.4838 21.2854 28.6129 28.7241 23.8422 29.7524 26.3202 14.922 10.2302 22.6519 14.95 12.6296 
27.823 14.776 34.4881 11.7259 32.8641 38.9515 26.119 26.4761 29.6888 17.0973 32.1959 26.1676 31.0056 22.0488 29.3365 
19.0438 18.7336 22.497 18.4151 2.8861 10.4087 12.1931 9.5172 8.4401 22.4652 7.3443 11.151 4.6017 11.138 17.4283 
12.8357 8.544 19.1582 13.7352 13.6685 20.7751 14.1558 13.3216 15.2797 17.0631 11.5269 8.8306 14.2706 2.8672 17.0616 
27.0136 19.8559 34.016 19.7286 11.9709 18.6606 3.4144 7.7069 4.6202 20.0425 18.6962 21.2944 14.7285 13.3283 23.7546 
24.7671 4.8731 33.4919 3.1956 27.6004 31.7444 21.0561 19.1726 29.2539 10.1959 21.2061 22.0373 30.0814 15.2798 24.4817 
12.8394 23.5523 13.9721 27.8906 7.1413 5.3256 21.718 18.9372 18.4477 29.2641 5.9531 11.8027 7.4618 16.8561 8.2818 
25.0792 16.0382 32.4527 21.4843 12.8549 18.5636 2.8248 5.177 3.6696 15.7868 13.2007 16.2165 10.1901 11.487 22.7913 
24.0846 5.6442 29.3434 6.5035 18.9399 30.94 11.2942 7.6484 16.3853 4.7605 23.1657 19.0065 24.8463 8.3765 25.029 
1.6776 23.9446 5.6646 24.8186 15.8266 22.8693 31.5406 26.2515 26.7867 31.3899 11.2877 8.769 19.3469 16.2655 6.9397 
37.2644 17.471 45.9597 17.9838 27.9985 32.5839 12.5829 12.2063 17.0733 9.2355 28.7755 30.1056 23.6131 20.6135 39.048 
17.3446 12.9043 24.372 11.8206 25.8809 36.8357 28.5079 25.2972 29.7239 20.1471 20.7858 18.2644 31.3281 14.5578 24.8544 
6.424 23.166 7.1897 28.364 11.5508 12.6383 27.7567 24.9747 23.0707 33.9793 6.8027 7.4398 15.2309 16.2099 2.3713 
23.48 17.7623 28.2745 18.3978 7.0593 12.7088 7.1285 7.8514 5.0552 20.5922 10.9998 16.1718 6.8078 9.3678 21.8269 
9.451 18.8548 12.0253 23.5975 6.0362 12.4517 20.509 17.4718 16.0601 21.9144 1.817 4.8398 8.796 12.1738 8.8312 
31.2728 15.0638 35.489 16.6636 20.1681 27.6072 6.981 7.0721 14.5323 10.8409 25.0548 23.1981 24.0762 16.7129 33.4222 
3.5122 23.7376 3.4269 23.6896 15.2101 19.6477 31.1745 26.003 24.1501 34.2877 11.1434 8.4858 17.8685 18.5208 2.7537 
17.5059 26.6408 20.1572 26.8962 4.9569 2.9519 17.5155 19.4229 11.7191 27.7888 6.4279 12.7571 3.3644 15.5158 13.6832 
24.3396 6.0343 33.1906 3.101 24.2351 36.9358 17.8898 13.8298 27.8126 5.7719 25.6094 24.9055 29.4176 15.4351 30.059 
18.1607 26.836 24.0541 23.8399 4.1303 5.3349 16.6353 15.9574 9.3835 26.7298 7.852 14.1555 1.2528 17.1926 18.3159 
12.0026 27.9506 12.8731 30.8643 6.9806 6.9386 23.3445 20.445 16.8125 31.4607 7.2972 12.1763 8.3901 15.734 7.5314 
35.6836 16.5018 44.9397 12.9348 27.043 37.1251 14.7326 12.7216 20.794 6.0325 28.5712 25.6026 25.956 18.1812 37.9197 
3.3433 22.1159 9.2869 20.7327 14.6693 18.5458 25.4257 26.4463 23.192 26.4242 12.2396 6.1225 19.5774 15.1253 8.476 
32.4548 19.5166 36.6594 17.1019 16.7877 19.2677 1.7212 4.4776 5.9712 14.1691 20.3005 18.9608 13.3388 13.6003 27.4441 
15.3899 13.3134 19.6496 16.6044 30.0396 36.1645 29.6205 28.8574 30.1791 23.7445 21.8881 14.5045 27.9782 19.1419 23.2223 
22.985 9.0096 26.3533 12.0908 16.021 20.9771 5.9598 2.4561 10.7983 10.4815 15.9531 18.8848 18.0104 7.3391 23.5961 
21.1794 1.5691 24.541 3.9205 22.1777 26.2753 17.6953 14.4283 23.239 11.0183 21.9169 18.3142 23.1405 9.6304 22.3961 
22.2468 19.7685 26.2948 24.5545 9.2587 10.8077 8.0444 10.9025 3.3399 23.7785 12.4799 20.6631 6.8193 14.4657 20.2938 
18.2902 12.2495 20.5712 15.6189 9.8419 16.4644 9.8284 7.9617 10.5804 17.173 11.3664 11.2679 11.2924 2.7539 15.9605 
11.4194 21.7127 16.9289 27.9289 3.5945 8.094 16.1719 18.2475 15.1818 28.7428 2.732 9.6356 6.3364 14.0155 8.8878 
13.8404 14.7764 17.5416 16.5328 22.4062 27.197 24.0099 25.5554 31.8752 25.2351 21.2461 13.0893 30.2482 15.0842 18.8603 
9.475 18.2761 11.5006 19.4471 19.2543 23.8919 28.0337 23.0207 26.199 31.4468 16.0448 12.7755 21.8019 15.4325 15.8807 
14.7647 18.7486 18.4548 18.0271 2.4839 11.1199 13.3252 10.5451 10.6119 20.5444 5.1458 8.4123 5.3716 9.1787 14.0476 
13.9474 10.0743 18.1829 9.5396 16.8015 29.8266 18.7763 19.1834 22.2661 16.7928 14.0074 11.9149 22.9404 10.9624 18.4406 
3.3872 22.8234 7.6247 21.5026 16.8539 22.1964 27.3891 23.5273 27.2491 30.1892 14.4299 9.01 24.6013 20.953 8.0208 
26.7451 6.9934 30.2804 3.5905 30.0459 31.5012 22.4548 19.6735 29.1159 8.9443 28.5373 24.2169 29.3899 15.3226 29.9648 
29.0694 16.3792 42.0 15.8622 24.6521 27.0443 9.7511 7.7385 16.4162 8.4136 22.7364 25.6522 23.9043 17.4802 29.7126 
23.0061 4.0161 27.4154 6.2423 18.9151 25.7963 14.3018 9.9138 16.6563 8.3248 16.36 16.6269 19.0381 5.4177 24.1858 
32.0046 5.6154 35.8024 3.6806 25.7674 30.1612 15.7192 12.5371 23.2817 3.8125 28.0047 21.3157 25.6552 14.7395 34.397 
20.2953 0.4433 29.573 3.2105 22.6739 29.3 17.7895 12.5804 18.2645 8.9939 17.5644 14.8054 25.2405 9.5733 21.5897 
23.7195 18.83 28.6237 22.1414 7.9703 14.9873 5.9635 6.8236 3.5326 17.1393 13.0716 15.3464 7.2581 11.0416 19.9261 
28.6583 14.7844 33.3941 11.5829 31.8791 34.5975 32.5979 28.147 30.5233 19.5178 33.8917 24.1947 39.2917 20.2733 34.7955 
2.8808 24.6093 4.6122 22.778 14.4433 16.0516 25.4588 24.3206 24.0301 27.2161 8.9631 6.2777 14.7574 19.2101 2.3289 
26.7203 18.0746 28.9492 22.2392 12.7008 18.484 4.6998 7.1526 2.7631 20.3408 17.3376 19.3426 10.3618 13.7236 22.7843 
14.8623 27.4302 18.7872 25.9152 3.8497 3.9987 15.5934 15.8281 13.5018 29.2834 5.7753 13.4127 3.6415 13.9395 13.2159 
23.7632 7.7128 32.7916 6.7653 20.8232 24.9759 9.7459 8.2518 19.1672 4.4074 19.4121 17.1901 21.4757 8.4919 24.4872 
37.9997 20.5987 36.4448 16.2208 27.0338 30.7785 13.4453 12.6887 21.0165 10.7881 26.6917 26.9792 29.2861 16.9473 38.5686 
20.8826 14.6252 25.1831 19.8797 11.0823 18.1399 3.4508 4.5319 6.1456 15.0405 15.6003 18.322 11.0281 8.3853 23.8705 
18.3075 27.9366 21.106 28.0313 6.32 1.3113 16.9251 18.6408 15.043 31.9313 8.9575 13.6873 5.0794 20.7184 14.6966 
9.8577 12.6681 14.6718 13.898 13.4484 17.799 17.5771 15.0741 18.6001 18.3935 8.7456 4.7003 13.143 6.1522 11.0029 
18.8041 12.142 19.631 14.6062 22.8074 35.5247 27.9586 22.1693 29.1071 22.8502 23.6094 15.9281 27.5759 16.0727 20.9407 
28.2768 8.1078 37.5184 6.2343 26.3569 26.8919 16.2691 11.641 18.3773 1.674 22.2078 24.1295 27.1469 14.2203 30.6034 
21.2925 26.2822 27.8933 24.7508 7.9825 10.1657 13.6713 14.2386 6.0715 29.8461 11.8454 20.6909 5.3928 18.3843 23.7042 
4.4358 23.935 6.2764 27.54 12.0767 14.818 26.7246 21.4101 25.1691 29.4808 6.7497 5.0287 14.6208 15.5197 2.6537 
5.8888 24.721 7.2548 26.2824 23.5911 24.0492 33.0096 32.0367 30.4323 36.1187 16.3046 13.9493 27.3503 21.8887 11.6137 
4.5761 24.746 6.1429 26.7174 13.0245 15.4982 27.0543 22.0204 22.2273 35.1188 7.4468 6.4306 13.1209 18.6135 1.6427 
23.2576 6.8837 23.7013 9.4226 14.0786 25.3154 8.4087 6.7813 14.839 9.2037 16.6678 14.4528 18.446 4.6985 24.9432 
9.0037 13.1354 16.8336 18.6998 10.4101 14.989 15.493 14.9268 15.1178 18.6062 5.6801 3.2364 13.4862 7.7085 12.1748 
6.9362 23.8727 6.0048 31.1206 13.3583 13.3249 27.1473 26.7735 24.5651 33.6925 8.5147 8.5851 14.9471 19.0044 1.4124 
13.0053 21.5294 14.5345 22.4252 4.0662 7.1212 19.0416 15.4647 16.4869 26.625 2.7145 7.6093 6.5788 12.9709 10.9594 
4.5042 15.5631 9.5215 17.854 17.6099 21.1685 22.6977 19.9648 28.0664 27.867 9.6116 4.7135 16.6572 14.5862 7.7184 
2.0256 22.642 8.1274 23.515 14.8978 17.2882 24.236 21.6019 21.4013 25.0888 9.7512 4.5735 18.0795 12.6864 5.7268 
2.4619 21.9631 7.0172 25.1779 16.7158 20.5746 29.9348 24.2547 23.4257 25.7835 12.3393 6.5083 21.3436 18.8632 8.3197 
15.6367 25.0613 15.9702 27.1524 3.2292 5.9572 18.2227 19.3908 11.9233 28.159 5.413 10.8172 4.4556 12.723 10.4691 
26.0708 19.7029 28.1972 25.7682 8.7249 15.6897 7.0329 9.8843 1.6044 23.3506 16.7815 21.4892 8.0742 15.4025 21.6947 
19.2468 4.1954 24.5536 5.3324 19.1 29.6453 20.6847 17.9338 22.3406 11.9782 17.1132 16.4382 22.3443 10.7799 23.7476 
15.5665 27.0839 15.489 26.2246 6.4095 5.2035 18.9072 22.1118 15.4712 28.1349 6.3853 9.9375 5.8232 15.7452 11.6869 
2.4688 19.1085 6.8649 27.2682 17.9257 23.3163 25.9412 23.609 26.664 33.764 13.7259 9.0341 23.0932 18.5367 8.4439 
21.6146 20.0136 27.6153 22.2222 6.7372 9.245 8.6995 10.3725 4.5863 25.1475 13.3797 14.5993 5.7247 13.894 18.6262 
20.006 3.5056 27.257 4.8679 22.2767 27.9528 19.861 13.4196 25.9672 11.5293 17.467 15.4238 25.6306 10.2779 26.6593 
16.9609 23.9948 16.1606 29.2087 6.5683 4.3973 21.8469 23.8571 14.4199 27.9233 6.5195 13.7236 6.2977 15.5477 11.0855 
6.2731 26.6309 2.9955 30.6427 24.1923 25.9118 35.8631 32.5051 36.443 37.6171 17.7831 14.0676 23.8083 21.3706 8.8612 
21.4889 9.8925 26.5338 11.9589 23.803 35.5091 29.0783 20.9609 31.1471 17.9326 25.3869 20.4602 31.9694 16.2869 27.4316 
17.2218 5.6401 26.3069 6.183 20.235 26.7596 20.5376 17.2669 23.8457 13.812 15.5048 15.2159 23.0268 8.9162 21.9519 
10.7444 22.5338 13.0768 26.3321 9.1219 8.5676 20.796 19.0409 19.8476 33.1818 5.0014 9.1367 8.9975 16.493 7.0548 
13.0171 22.2697 13.218 29.0232 8.301 7.356 24.318 24.1312 19.5166 31.4235 5.9663 9.7976 10.2039 18.3494 6.749 
8.9467 22.3319 12.7734 24.8782 7.0262 9.1747 20.5792 16.8712 19.0255 28.141 1.7141 5.5119 7.8549 13.0189 7.0096 
21.3689 10.7605 25.9453 13.654 11.8182 21.199 5.4515 4.0752 8.5522 13.672 13.4948 16.4898 13.1449 5.0886 23.0167 
19.9341 6.6325 20.9212 8.3881 12.5779 24.4502 10.7775 7.9848 14.6637 10.8158 12.9688 12.0587 17.2118 2.5215 23.0907 
28.8269 15.6847 28.805 14.9407 17.3899 26.3915 3.362 2.6719 9.098 10.5366 20.1224 18.4825 19.1095 11.5009 31.0986 
16.0431 11.8867 26.5966 14.3695 26.9815 31.884 27.2211 24.5375 33.4981 23.0493 20.086 16.1176 31.0861 17.3597 22.9332 
6.9817 19.4468 10.6233 22.1155 9.5271 11.0847 18.6642 21.3644 19.8604 32.1848 4.4283 5.5772 12.3136 12.0716 4.8037 
22.7167 27.091 23.3355 29.0429 11.3852 5.9834 17.7987 22.0499 11.101 30.2801 12.8431 21.4303 7.673 22.9576 21.2603 
29.9366 13.816 38.274 18.2012 23.8022 29.6529 7.3503 8.8194 13.2265 9.3442 21.9104 27.6081 22.5249 15.8437 36.7306 
25.7596 13.8931 32.4146 12.3005 31.9286 35.2216 26.3916 28.4223 32.0429 18.9971 27.4545 23.6724 36.4757 20.8437 33.0165 
24.7763 16.2332 29.2835 15.7068 16.8295 20.9596 1.5129 3.5335 6.8997 11.7695 21.1487 20.6644 14.9478 10.9602 30.4483 
20.8046 6.5457 25.6936 8.429 17.6469 23.1735 8.4276 5.1518 15.2414 8.1391 15.3152 15.101 16.508 7.4704 25.1562 
30.537 17.3693 28.8847 14.378 36.1061 43.7334 30.3678 29.7092 41.7258 22.5819 26.8048 24.7338 32.4558 25.0824 29.175 
24.7711 6.3976 34.1587 4.4426 23.8178 35.3741 15.1748 13.1307 20.9517 2.9853 24.0284 21.7834 27.9915 13.2908 31.56 
35.2493 13.2809 43.0006 13.6731 28.1978 31.6086 14.1579 10.8365 19.1902 4.8873 26.8632 30.2551 29.5691 15.2643 30.44 
18.8649 27.676 17.4026 29.4138 5.9272 2.345 17.9062 18.5233 13.0772 27.8378 8.6852 15.7372 4.3686 15.5915 13.5518 
10.0736 15.7955 13.9696 17.9098 7.5591 16.2006 15.7795 12.9355 18.4145 19.4538 5.1111 3.4835 11.5007 7.6497 10.923 
20.9171 5.7693 26.2732 6.2608 22.286 33.3356 17.5619 14.9513 22.5328 12.2817 18.9625 15.6036 22.6377 12.3507 20.6998 
3.0731 23.4339 4.5048 26.4036 15.2563 18.1999 24.1663 27.6422 26.7499 27.5298 9.0845 6.749 17.727 19.4569 2.2026 
14.4342 11.2643 18.9768 17.7896 8.2462 14.2013 12.4531 11.5845 12.4115 19.5462 7.4828 7.6894 9.748 3.8278 15.9298 
15.0662 25.8183 16.8779 26.1249 4.7377 2.6685 21.2405 16.9481 14.5454 27.1498 7.9007 13.8044 4.9663 17.268 11.754 
24.6332 6.6144 29.5161 4.9405 28.1561 35.2717 21.6883 17.2143 26.9832 13.6948 23.2199 19.9091 25.343 14.0639 26.8263 
34.5979 14.4395 36.4449 17.722 23.7266 26.486 10.1344 9.1964 13.0546 9.087 22.1695 28.5769 22.3846 17.2603 29.1991 
30.5216 26.2205 33.1152 26.7402 14.7299 14.169 7.3014 11.8033 2.2552 20.9795 19.5398 21.6403 12.0994 18.9793 25.4988 
25.7304 13.7566 27.8191 16.4093 13.2984 16.347 2.7889 2.5998 6.1971 14.2369 15.9535 16.7162 11.6057 9.1737 25.1563 
23.1797 13.8266 29.0382 16.0674 33.697 42.882 28.6914 24.0277 38.3386 25.0936 32.1808 23.6271 38.7481 19.0735 26.986 
6.1918 14.1725 12.3718 20.2594 14.4592 19.2178 21.2311 21.902 24.5459 22.7307 10.4749 2.9927 18.9007 12.641 8.8412 
19.4321 10.7462 29.9422 10.0474 26.0729 30.4048 25.901 21.1477 33.5812 18.7649 22.5115 21.4498 31.6627 14.3348 26.1793 
6.0255 19.1443 11.689 19.3618 19.0529 26.4791 22.5376 24.6015 24.2209 24.6889 15.0888 7.8242 21.8508 13.1525 11.4792 
10.1126 16.636 15.1185 19.4517 18.5616 23.1455 28.2313 19.5034 27.4688 20.9682 13.7908 10.2469 22.0138 14.9402 12.337 
19.3567 31.7352 22.3191 27.304 7.3416 4.3854 18.6038 17.8389 10.9362 35.1029 12.5657 18.8051 5.2476 18.6584 18.1119 
19.6376 1.8084 26.8518 3.8265 18.1798 27.9958 15.2868 11.5234 18.2301 7.6233 21.2091 18.5401 21.9325 7.0535 26.6737 
13.1114 11.9162 14.892 15.5896 9.7163 17.0734 16.538 13.5542 14.4899 21.4534 6.6026 5.5924 12.1849 4.8291 13.2568 
19.1896 9.564 23.156 11.3174 13.5622 21.0565 9.1952 6.9312 13.5862 12.8673 11.5864 12.6942 12.7856 2.5869 18.042 
17.9158 12.7776 27.7081 11.453 24.0712 37.2018 23.0577 25.332 32.7674 19.6772 23.7122 18.7071 29.276 15.0368 26.2972 
10.1641 13.3812 18.6842 16.628 8.3267 17.395 13.2154 12.3737 15.361 18.7332 6.0395 4.3727 12.0727 6.3587 13.9402 
12.9702 23.4515 13.6048 24.9687 6.7767 7.0398 20.7829 17.0791 19.1182 26.2817 3.2767 9.9836 8.7854 13.4932 8.6156 
11.2304 12.9405 17.6689 14.2495 19.7147 31.4993 24.9149 24.3988 26.17 24.9485 18.2122 12.2072 27.0578 14.3628 15.8901 
8.0738 24.7369 10.0695 26.5825 20.9284 28.0676 29.0787 26.9797 35.3742 28.493 18.6124 11.4366 28.8381 20.3237 14.0035 
19.5504 20.5348 22.5231 19.546 2.5103 10.423 10.3281 13.4616 7.8711 19.31 6.0929 12.8809 3.9562 10.7734 17.0306 
23.1238 19.8834 25.42 20.8325 5.7946 11.0134 9.4104 11.4141 5.8716 22.9385 10.6534 13.676 4.3406 11.6353 17.768 
4.9809 23.7861 4.4165 26.1531 22.6433 26.2195 34.6016 30.1847 33.5782 32.9531 16.6374 11.3409 22.6779 22.277 8.0318 
3.7523 21.0004 8.8564 21.0676 18.1218 25.6705 32.2729 27.6662 32.3847 32.0446 16.5318 9.2377 21.7916 18.7604 10.1992 
4.2783 23.1882 3.6025 30.2673 19.044 22.9873 31.557 30.4124 28.6864 35.38 15.1061 11.9077 20.8844 21.4395 7.7439 
13.2666 9.753 16.8166 12.5206 15.3305 21.3129 14.8503 14.5055 20.6647 18.1734 11.0799 8.0939 18.4224 5.6378 16.241 
30.0268 5.8291 28.8052 2.957 26.977 37.9699 20.9695 14.7468 21.9004 7.0923 27.6634 24.1885 24.8523 14.3973 34.2642 
25.4271 29.962 29.0857 29.9326 12.6691 7.4032 17.6396 18.6003 13.3953 31.367 16.4524 23.869 8.1464 23.7787 23.2396 
32.9069 9.2349 39.2015 8.5774 27.18 29.9015 12.5798 11.324 21.4771 0.2321 28.5724 21.4824 25.5877 14.1459 36.3646 
18.5291 20.6542 19.6748 29.4731 3.0079 4.0936 13.8164 18.0047 13.0879 27.8159 6.9751 11.319 1.7422 15.8279 13.7888 
11.5822 10.291 19.0487 11.8999 10.223 17.6854 13.5084 12.823 17.7194 15.952 8.5763 6.6109 12.4015 3.2845 14.9738 
11.9486 18.1734 15.2142 18.52 4.8906 9.9055 15.7239 14.2509 13.8065 24.3539 2.1485 6.4748 7.5431 10.1691 9.6804 
10.4389 10.4037 16.8446 13.9807 16.5795 25.6426 19.446 16.8567 20.1192 21.9858 11.9094 7.4879 17.0523 7.1869 15.7589 
8.1125 26.7709 8.8048 27.1056 9.6964 11.1748 25.7631 22.1448 18.5794 35.7519 6.1997 9.0841 11.2083 17.4907 3.9957 
34.0593 19.4391 35.3749 18.429 24.538 28.0891 7.0353 7.6884 15.0229 13.0716 26.0746 25.5932 20.5787 16.9659 33.5497 
30.9191 16.1625 44.6529 15.4931 26.7874 35.7807 11.8348 11.4615 17.8058 8.9527 30.3837 25.3912 26.6439 19.1355 35.916 
22.171 2.8326 33.0819 0.6503 24.0961 34.8923 17.8625 13.6434 22.0486 7.4779 22.3464 18.818 23.7106 11.4606 29.4537 
5.8547 23.1013 9.2682 23.9776 22.8503 24.1921 34.52 29.1824 35.2735 34.9236 18.3452 11.7837 23.8388 18.5945 11.4475 
7.2626 13.7691 11.8787 17.5136 12.4682 16.9441 19.6062 19.2147 17.1778 22.8397 6.4764 1.8694 15.5804 9.9209 9.2027 
10.5043 18.9314 13.8216 19.0064 24.2897 30.9098 26.8576 27.3532 25.7658 25.3683 16.8514 12.0862 25.6914 16.6114 15.3125 
6.9789 24.8458 8.7325 27.7023 10.1335 12.4069 21.9648 25.3031 22.3678 30.0749 5.5288 6.8749 14.7782 16.5469 2.4352 
35.3074 22.8476 44.5155 17.7057 30.726 32.7798 14.5589 16.3995 21.1478 13.8377 33.6714 28.8444 31.9102 24.8584 37.8137 
14.2147 16.7288 18.4349 15.0925 22.4565 25.5966 23.8458 27.8714 29.026 25.0216 19.6344 12.9919 27.4052 14.8869 21.4159 
28.2109 5.776 34.4672 3.5174 22.7408 38.2719 23.046 16.7229 25.8394 10.6546 24.0342 22.0001 25.8002 14.409 30.4609 
18.0677 7.9481 27.1514 8.8949 25.9916 34.4538 24.3274 18.0452 28.338 16.8566 25.9569 16.432 30.7712 15.3887 25.4722 
20.1132 21.6965 28.7053 25.3789 7.9547 10.9343 6.8475 9.7637 4.0669 22.3228 11.3411 16.6306 6.5787 10.815 19.1071 
23.7862 31.8286 28.5627 34.4051 9.2802 9.3065 15.0648 18.7167 8.2429 28.9621 15.53 23.4173 7.9598 18.072 24.6537 
9.4018 17.6954 14.0483 18.4419 19.418 27.2152 25.516 24.7002 28.4042 28.5628 17.5792 9.1274 24.3152 18.3691 13.721 
22.2429 7.7344 28.9749 4.9784 23.7043 38.0301 22.806 19.3178 32.5791 12.1462 25.9707 19.8616 32.5102 17.0722 26.6847 
20.5576 10.8599 29.4858 10.9489 24.4443 36.1182 24.5677 20.1212 29.0779 18.5236 25.5447 19.363 29.8884 16.3015 27.6601 
23.1689 30.099 29.7458 30.3249 11.9579 11.0986 12.883 16.0073 7.7415 27.0815 13.8454 21.5612 7.2323 20.4305 21.6085 
30.8518 6.4458 31.4978 4.9383 20.0051 28.758 14.5882 12.167 23.06 3.4932 21.2929 21.962 22.6451 12.2026 32.3218 
8.4356 20.2957 13.8937 19.9667 25.2989 27.7245 29.7172 24.7372 27.8683 25.2992 19.7043 13.0792 25.5994 16.8432 13.5335 
24.4336 7.9893 35.4298 9.7267 21.7069 30.5493 10.2597 6.2423 15.7242 5.0973 19.2383 22.3003 23.7693 9.7996 25.5925 
9.155 10.1976 17.9027 14.8309 11.8839 17.4316 17.2617 14.8233 22.1463 20.7907 11.0109 5.3244 14.4161 7.8333 15.1108 
24.1323 8.0401 26.1328 6.2186 30.0847 37.9066 27.2112 18.8336 30.993 14.2066 27.1901 21.8945 26.5574 15.26 26.4725 
6.1851 21.3279 12.8594 21.0342 21.7655 25.3412 26.6446 27.7776 33.2774 29.4711 13.8759 8.8369 26.5586 16.3799 12.761 
29.1539 14.4871 28.8185 12.779 34.2027 40.4334 31.4602 24.1192 39.3248 22.0188 29.272 26.276 38.0031 19.5406 30.2516 
17.4637 16.9679 22.9533 19.6553 3.2513 11.0263 10.3657 11.4082 8.0756 22.2242 8.0382 12.872 4.8533 10.7244 14.9031 
12.0324 9.346 19.2854 13.8878 13.5301 21.1167 16.2049 11.0457 15.4055 15.394 10.5983 7.5869 15.5133 3.2072 15.5118 
24.2633 20.3737 32.1004 22.6277 13.0127 20.4663 3.5857 6.2515 4.5273 17.1271 18.5515 23.591 12.0039 12.5277 30.0319 
21.3456 5.5431 31.4881 3.0305 23.9213 29.7574 19.4547 15.8859 29.6045 9.7908 22.3735 21.8214 28.5398 14.2983 24.5708 
15.3457 24.905 12.5367 26.4167 7.1114 5.6904 23.939 23.9308 18.9985 28.6134 6.6269 11.2938 7.6893 19.1622 9.8502 
27.6091 17.2212 28.7982 18.7863 9.9718 17.4935 2.7604 4.7164 4.5393 18.4084 13.1229 19.7179 11.4579 9.4951 24.8094 
26.0202 5.6997 27.8042 6.2805 18.3747 27.269 11.2908 9.8429 15.9836 4.6047 22.553 20.9239 19.0399 9.2897 31.6664 
1.6484 24.5007 6.245 26.6245 16.0841 21.4392 30.3101 24.3922 28.096 29.0873 11.0546 8.0597 21.5473 19.9878 6.4483 
38.8162 16.6212 43.3973 20.1029 26.7291 32.8493 11.1387 12.5922 19.1483 9.5899 25.1482 29.7289 24.4866 21.4547 40.8224 
17.1908 12.7255 24.7406 13.2814 28.141 35.1724 25.1432 22.7823 27.5328 22.9419 20.9462 16.746 31.8171 14.9129 26.305 
7.5892 28.2491 6.6966 31.6794 10.9604 13.4679 23.4138 20.5352 22.6558 33.8794 7.702 8.3066 15.067 16.6819 1.9899 
22.55 15.8599 25.1858 20.4775 6.2613 12.666 7.3258 7.6576 5.6464 20.1459 11.3488 13.6475 6.6136 9.0159 22.7873 
8.1532 22.085 11.3249 23.3745 7.2399 12.4157 17.7988 17.7406 17.8549 26.962 1.426 4.9745 9.8436 9.9907 6.8397 
31.9912 14.5429 36.8073 15.7787 20.5057 24.1019 6.0141 6.4148 14.4728 9.2892 20.7887 25.2549 23.6848 15.5362 32.7676 
2.9992 22.1805 3.7184 26.4106 17.2019 19.6627 25.9021 27.5577 25.807 28.3108 9.556 8.6377 16.8514 17.3286 2.533 
17.8993 24.5244 20.5761 27.8915 5.0128 3.7984 16.2092 18.9401 14.463 31.1013 7.2088 13.8309 3.4352 16.6853 13.2178 
31.8336 6.036 37.5425 3.272 29.3488 33.6217 20.5902 16.4114 21.2173 6.5367 25.5438 20.9907 29.7909 14.5211 35.4935 
20.6454 21.1239 19.8995 30.5491 4.1048 5.2727 13.6387 17.4789 10.1968 23.5039 8.6704 13.3008 1.2366 15.8348 16.3646 
11.6772 27.7469 14.723 31.7189 7.3581 5.6515 24.2553 20.0854 20.5762 34.2292 5.72 13.0218 8.0852 17.2782 9.0496 
34.6046 15.4523 34.1578 15.4364 24.1709 33.4183 13.0128 12.5904 18.7822 5.6391 30.9434 30.9418 24.4651 15.5537 34.4687 
3.0263 19.6635 7.4517 20.9092 18.0283 18.0964 26.7807 25.4611 27.7825 31.1622 13.0524 7.0412 21.3922 17.4529 8.8174 
28.1936 19.242 36.8742 16.9027 15.7223 19.1164 1.9411 4.4174 6.668 16.9123 18.5234 24.6564 16.2397 11.5809 28.7803 
18.3115 15.9267 24.4598 13.9608 26.4422 36.1363 28.1633 28.9022 31.137 22.388 23.8282 17.5146 29.6032 17.424 23.2159 
26.3606 9.066 32.073 13.2587 15.7243 19.1848 5.1998 2.4832 9.9972 10.8862 15.8873 17.6537 16.8609 6.303 27.6433 
23.3958 1.6216 26.8969 3.4392 19.1379 30.7133 17.128 13.8924 22.2438 12.2511 21.9226 16.9728 26.344 8.8007 21.4048 
25.0502 21.8622 29.5264 23.3324 7.4777 12.0097 10.4725 12.8459 2.8218 21.5604 13.6092 16.3066 6.3989 13.7782 22.6486 
18.2601 10.1502 25.3071 14.0916 8.4126 15.666 9.7468 6.7338 11.879 16.9978 9.9232 11.2587 11.2293 2.938 20.0998 
14.044 20.3591 14.2528 26.7275 4.3129 6.618 19.3202 16.8415 13.5947 29.6049 2.3006 7.5891 5.4968 13.2521 9.0845 
13.2478 15.2902 20.0179 15.5756 25.6775 29.3088 28.7702 25.9798 27.9807 19.7215 21.1498 15.6544 28.5555 17.4218 17.7042 
7.8026 17.8638 15.1556 18.3438 22.7304 29.0165 32.2827 28.6853 29.1817 25.1318 18.1651 12.0147 23.5538 15.3667 12.9257 
16.6515 19.981 20.099 17.9436 2.8294 10.2393 11.1462 10.6318 10.6028 21.4418 5.7065 8.8116 4.9741 9.7995 12.1036 
16.0283 8.9032 17.7536 12.5576 19.6127 28.3756 18.3567 20.0303 27.1427 19.362 14.8635 10.6428 20.6848 9.4264 16.322 
3.796 22.2654 6.0756 25.5509 20.5142 22.7241 30.302 25.4764 26.3338 30.833 13.7305 10.4465 24.0637 17.3362 8.2935 
28.5758 5.9158 30.0845 3.3563 28.9018 36.9 18.9622 18.1811 25.7829 8.5862 23.8944 19.4774 25.026 13.7024 27.3501 
34.9039 13.106 33.9881 13.4192 20.5545 29.3308 9.8778 9.5493 17.4048 7.7047 25.4504 28.5108 23.2114 15.258 37.5927 
20.927 3.9368 29.0989 6.4244 17.0826 22.4718 13.8425 9.3556 18.3941 9.6527 17.6379 15.1373 16.9301 5.848 21.883 
29.28 6.2653 37.9465 4.4747 27.4339 30.4325 15.5729 15.9255 23.7998 4.0842 27.5558 22.1456 26.0462 12.4053 26.768 
21.4983 0.3991 27.538 2.963 18.7977 30.9651 16.6702 13.5147 24.0453 9.5964 17.232 17.395 20.4625 8.9195 25.2269 
24.9713 19.1275 22.6052 21.446 8.4423 15.081 5.5118 6.3885 4.1222 21.0104 13.6709 16.7739 7.51 11.0568 23.7824 
29.4151 13.1231 28.0522 12.3158 31.4859 42.147 32.4494 25.4449 35.3936 19.3971 29.3094 25.8374 35.0779 21.3705 36.0231 
3.5988 21.679 5.4775 26.6682 12.0892 18.1998 26.3337 26.507 24.7513 33.6614 8.3607 7.074 13.9956 14.7506 2.3666 
22.0368 21.4208 31.1773 21.3641 12.1637 15.1134 4.3616 6.8063 2.5338 20.6192 15.5015 19.5599 9.5014 13.2185 21.4219 
14.7428 22.5206 17.3319 28.337 3.9974 4.843 15.6133 17.1912 14.5196 31.7096 6.7758 12.6385 3.1298 16.0522 13.5219 
26.8111 7.2645 32.8096 7.1286 18.085 30.8256 10.8536 9.0789 19.6095 4.1426 19.998 21.1956 21.6304 9.7895 31.1218 
39.4156 20.0803 44.7148 15.637 25.8571 37.2882 13.7271 11.7768 18.5198 10.5278 32.4669 31.7894 29.644 18.9875 42.0119 
24.1316 17.3646 24.6936 17.7315 12.0417 17.8854 3.0208 3.7819 4.743 13.7978 14.0486 14.9353 9.9449 8.3243 24.3918 
21.3697 27.1714 18.4998 28.4706 7.0567 1.4827 16.6009 17.1049 14.7824 26.4962 9.7956 15.9849 5.2858 17.5678 16.5353 
10.5904 13.209 13.7108 14.9239 11.2328 20.327 18.7337 17.1104 18.5505 19.7693 8.1853 5.0864 15.8063 6.3857 12.6605 
15.4473 11.3642 20.7572 15.3046 22.8872 35.9176 30.8047 23.3871 26.8565 23.1318 23.0904 14.8875 26.0251 17.7036 23.1583 
26.0665 7.5293 32.82 7.0487 25.0751 35.811 12.8137 11.9554 20.2747 1.7228 24.1166 23.9093 23.6722 12.6391 32.9596 
27.1711 28.5698 25.0487 30.1172 8.9245 10.0498 11.3669 12.9151 5.9368 29.1429 13.5544 17.3832 6.5177 15.7006 20.8042 
3.957 20.1765 7.6816 27.4686 12.6415 15.2682 25.3529 22.3444 24.132 31.6902 6.4368 5.9922 12.8643 14.187 2.882 
6.8792 24.721 7.2885 30.9988 22.0793 22.1397 34.2532 32.5486 33.4579 38.7028 17.1442 12.608 22.7525 21.563 10.9925 
5.083 23.1656 5.6332 27.5778 12.5687 13.5609 25.189 26.6675 20.7668 30.6625 8.6755 6.8488 14.9279 16.555 1.6268 
23.7661 6.0599 26.1768 8.4089 16.7419 23.7824 8.5235 7.1928 15.9104 8.9793 13.7953 16.1724 18.1805 4.7161 23.9615 
10.2597 13.6195 15.7469 18.5783 8.8509 16.2288 16.3757 14.731 17.2804 23.7074 6.3122 3.3588 12.6181 6.2248 12.3891 
6.1378 23.8353 6.0654 30.3658 13.0986 13.0017 26.9711 24.6794 23.3886 35.237 8.0116 9.2126 13.6255 18.6587 1.5035 
12.8995 23.835 14.863 24.5646 3.4549 8.2764 16.941 19.7869 14.3868 27.3477 2.8438 9.2781 5.2033 14.0405 9.4438 
3.9823 16.9949 10.9811 20.4855 15.8269 23.3037 26.8265 25.4796 24.3175 23.5441 11.8746 6.01 21.511 12.314 9.0316 
2.5608 18.123 8.4271 26.3873 14.8938 20.0086 24.5432 19.8006 24.8392 27.6836 8.711 4.7311 17.1125 15.0833 5.3127 
2.3023 23.1516 8.2587 24.0713 16.9683 20.7666 28.4303 21.7943 27.1651 26.5913 11.3177 6.2964 17.2703 17.6133 8.2439 
13.5747 22.9976 17.8768 25.9735 3.5659 5.9811 17.4196 18.3546 14.7495 29.0 4.7961 10.2212 3.7487 13.812 13.1563 
23.0327 19.6149 32.0913 27.1197 10.4991 12.9265 8.5836 10.1009 1.5354 21.6302 15.4942 17.9847 8.4381 15.2405 25.2431 
19.1016 4.9784 26.9938 5.1918 24.6734 30.9077 19.7653 15.6975 23.6095 14.454 21.4789 14.2559 25.6367 9.7324 20.2846 
13.0051 21.9468 16.5673 31.0126 6.5841 4.7009 21.7751 17.39 17.3363 32.3305 5.6709 10.7366 6.1829 15.1084 10.6323 
2.5478 19.9556 7.0007 24.3748 20.1145 22.067 26.6989 26.476 31.8161 32.7246 12.6088 9.88 19.1876 19.7076 7.0563 
25.5036 24.2472 24.5575 25.334 6.7174 11.3122 10.1036 11.8833 4.5638 24.8377 13.4995 16.8371 5.7606 12.7385 22.6684 
19.4774 3.555 23.957 5.0691 18.6634 28.0103 21.1807 13.561 23.1706 13.0114 19.1009 17.7554 24.3943 10.8339 25.6662 
14.2326 28.3411 13.3288 27.8605 6.6774 4.1035 18.7914 21.1367 14.7028 35.435 6.9973 12.0006 7.8987 16.5378 9.245 
6.103 25.9552 3.4768 28.2553 20.1394 20.1631 32.4905 30.4462 32.334 33.3748 18.2642 12.0563 23.308 25.0351 8.049 
19.7844 9.4299 25.7247 12.0206 30.7326 33.4007 25.5448 24.3095 33.7057 20.9681 27.2535 16.9251 32.2605 17.0519 24.2004 
18.4729 5.3684 23.6945 7.2248 22.0385 27.3898 19.443 15.0816 21.9016 15.2148 17.7587 13.3573 25.5297 8.8687 24.7168 
11.541 27.5491 11.7051 27.5357 8.5391 7.6715 19.5778 23.2505 18.873 33.5716 4.5052 9.3727 8.9298 15.3348 6.7226 
11.805 23.4638 10.655 27.5386 7.4462 8.2486 23.0677 18.9737 16.9347 34.6563 6.2628 8.8083 8.1469 18.1665 7.9208 
9.374 23.4985 13.934 26.3504 6.8902 8.8661 21.5268 16.9284 17.774 25.3613 1.3356 5.7168 9.5249 13.8619 8.05 
22.4174 10.409 23.0082 15.2772 11.9747 17.3053 6.1412 4.0371 10.0994 14.5511 13.1898 16.2629 13.6001 5.6787 23.2631 
18.5341 6.4952 22.8047 8.0668 15.588 20.0898 13.9655 8.098 17.4126 11.6361 13.0605 11.2548 19.0332 2.6335 22.8296 
27.2938 12.7394 29.7048 14.3516 15.2958 25.8018 2.8403 2.9555 10.8177 12.41 21.7715 19.9606 17.2291 12.4149 31.4513 
16.2468 12.4156 26.1148 15.0166 26.3243 32.829 28.0333 25.0566 27.8561 19.5333 22.4104 18.1398 30.8767 19.0635 23.0463 
7.152 20.3479 10.3845 21.4301 8.9479 12.0025 19.652 21.7762 18.568 25.3934 4.2279 5.6884 9.68 14.3423 4.9801 
22.2896 32.4836 25.1747 30.4765 9.6186 5.6405 18.0947 17.8546 13.9542 32.9929 16.2023 19.9274 7.0771 20.3208 22.749 
33.4831 16.1256 32.6677 17.0109 23.1302 30.9178 7.7626 8.0223 12.7643 9.4654 25.0074 28.2616 20.4102 16.1789 36.0604 
28.4586 15.0784 36.6322 13.4367 31.4556 38.2212 32.7179 23.5772 37.1156 20.5936 30.2325 25.0569 37.3092 22.1861 30.9711 
26.3204 15.3867 27.6546 16.8436 13.6649 23.6891 1.4896 3.6035 7.5858 12.4089 20.4334 21.621 15.6536 12.095 30.9664 
25.8174 7.5776 24.9197 8.7787 15.0297 21.8201 8.4404 6.2043 15.912 7.1766 17.4082 18.991 17.6741 7.2059 25.328 
25.6221 13.899 31.394 16.2256 30.9481 39.5076 27.6436 30.9832 33.094 19.2293 33.9917 28.7588 40.4369 24.2551 29.8518 
26.2772 6.8984 35.9383 4.2194 20.838 28.4192 16.8076 11.8566 19.0208 3.4275 22.6468 25.0698 27.423 13.6785 28.5326 
30.6633 13.457 42.6563 14.5462 27.1361 35.891 14.0195 10.6276 20.1499 5.6925 25.175 28.129 24.8206 17.6314 35.9273 
19.674 24.7659 18.8348 32.6718 6.5547 2.3563 18.5218 21.0322 14.191 28.7565 7.9736 12.2575 4.9689 15.4367 13.8473 
12.1109 15.0518 15.5168 19.5817 9.5683 16.3936 17.7371 13.5571 16.5168 20.1074 5.1032 4.0086 11.4351 6.2788 12.6541 
18.0713 5.0399 26.943 6.5138 24.3052 25.564 19.1766 17.6542 22.7034 14.6142 22.0493 15.5725 27.9943 11.1181 25.2945 
3.3471 26.4758 3.7146 26.3653 15.2649 18.8547 27.2467 26.2325 29.0572 30.1937 10.2891 6.592 18.9227 18.3163 2.0822 
13.6241 12.6659 16.7975 16.2431 9.0617 16.4007 13.2073 10.2877 15.043 17.0068 6.9485 7.0506 9.7196 4.2333 14.7984 
15.9765 25.5436 19.4392 32.9158 5.4493 2.7972 19.4135 19.5882 12.266 26.6698 7.4239 14.1516 4.2792 17.3803 12.0771 
27.1115 6.0632 28.094 5.3436 25.1273 33.1922 20.0291 19.9941 31.122 11.6657 23.7378 22.4497 30.1351 13.8977 26.406 
31.2014 17.5883 39.5025 14.0867 21.4755 25.3131 9.0678 8.8601 16.5184 7.928 27.1866 24.5072 22.2994 13.7911 35.7958 
25.523 22.4891 31.4023 22.8765 11.8106 16.3924 6.9965 11.8783 2.5141 21.5388 18.8047 20.31 10.2958 16.1154 24.8577 
23.7411 15.2552 31.1807 16.9378 10.5027 19.6077 2.4577 2.72 7.2756 15.6101 14.1703 16.992 12.7529 9.8548 21.3306 
23.5647 14.2997 26.3214 15.5758 27.9456 38.8264 28.7889 30.2162 39.4137 19.0452 26.869 24.705 33.5085 20.9949 28.2318 
5.7997 16.464 10.2556 20.1352 15.2381 18.8456 22.1589 17.6559 24.2044 23.8526 9.3533 3.5643 18.4423 11.8487 10.1681 
23.3665 8.7921 27.2346 8.8083 26.4848 30.0305 24.4558 21.3292 29.7849 17.5146 26.6198 21.5732 32.9193 14.3679 29.6806 
6.1002 15.4627 11.3847 20.635 20.1445 20.5659 26.7513 26.4679 25.089 24.1704 12.4355 8.0681 24.2009 16.846 10.5757 
8.6818 15.6955 16.1799 16.18 18.3227 21.6316 22.2137 21.2377 28.0649 21.4195 14.9847 9.0388 23.5661 13.4248 12.9648 
24.3169 26.4004 21.5885 30.6409 8.2402 3.3716 19.2437 18.7731 12.5357 33.4741 12.8914 16.2277 5.7362 16.5668 17.7023 
23.3468 1.9813 29.6808 3.8806 17.4379 27.9802 15.8202 9.902 18.7774 7.2977 16.8385 17.1294 19.857 6.9341 23.9821 
11.9576 14.0945 18.5827 14.9818 9.4036 15.6259 13.7416 14.4677 16.3563 21.3634 6.0357 4.655 11.3275 5.7962 12.5498 
19.5514 9.0162 23.8652 11.0025 13.7017 23.0483 8.3393 6.5656 11.7372 12.9377 14.2313 12.2126 12.5625 2.3703 20.6152 
17.542 10.7455 23.3833 12.4136 23.2138 30.7424 26.5551 22.5041 33.7711 19.5471 20.0726 16.6639 31.9115 14.1018 24.1956 
12.4725 12.5637 16.8874 15.1783 7.3929 16.8649 14.1134 12.8516 15.0441 22.4396 6.7505 4.3524 10.5948 6.342 12.1259 
13.1103 20.6231 12.7678 29.1125 5.7936 7.8924 22.5634 20.0689 18.1713 25.8428 4.0856 8.8621 7.4461 15.4435 7.1272 
11.2666 14.6162 16.4405 15.6615 19.0288 28.0414 23.383 22.1543 28.8625 23.4603 18.5943 13.1061 25.205 15.3914 16.5973 
6.7365 21.7593 10.9689 24.9176 21.416 26.8848 33.2151 24.9781 27.3956 30.9664 16.303 13.4375 26.6372 19.6248 11.2594 
18.7217 17.7597 19.4236 21.5183 2.271 10.7126 10.6222 12.2063 7.9482 22.2634 6.2157 12.3269 4.002 11.411 17.5016 
23.844 18.7962 21.6204 20.6164 5.4303 9.4558 9.558 12.0737 4.8938 22.3743 9.7552 15.1219 5.3277 13.0974 19.8138 
5.2005 28.594 5.0209 29.1231 19.5494 21.3511 31.9965 27.9121 34.8721 35.7816 14.8234 13.2721 20.5606 23.6115 7.1446 
4.3078 22.5347 7.8726 21.1652 19.7057 24.1628 25.2088 24.0804 27.3707 27.6869 14.4944 10.1145 23.5952 20.2186 9.1055 
4.0789 25.5316 3.6167 30.8144 19.2447 22.4273 27.0871 25.7841 32.8516 31.7305 15.4229 11.1886 22.5367 23.4574 6.7215 
12.7616 9.9326 17.2588 13.1165 13.482 20.2805 15.436 15.6711 21.4488 18.2703 11.6282 8.7137 15.3441 5.2424 17.3009 
28.827 5.7501 29.0421 2.4396 27.6808 29.0133 16.7475 16.0309 21.5309 7.5604 26.317 21.8458 31.004 12.1175 27.8889 
23.8338 28.1403 27.9115 34.8036 10.3411 7.6247 20.0597 21.2649 12.2455 28.9802 17.2582 23.8751 8.0174 19.9863 20.783 
31.0968 9.5174 34.4778 8.6091 25.2446 35.4903 15.9645 10.7443 20.6845 0.194 28.7673 24.7504 22.807 13.3201 29.0862 
17.7365 25.1925 20.1638 27.6443 2.7675 5.3367 15.1319 14.6193 12.1597 24.7113 6.9494 12.573 1.8169 16.7665 15.7714 
15.174 9.4542 20.9014 13.8212 12.3179 18.7134 13.8201 11.4282 15.7474 18.628 9.3471 7.4605 13.2429 3.985 15.1257 
12.4941 20.4113 17.2321 21.7121 4.7496 9.89 17.3868 13.2122 14.4694 25.6002 2.2179 6.064 6.9846 9.076 9.2001 
12.1631 10.6307 15.3821 11.7285 14.6425 20.9476 20.8386 15.7517 22.4954 20.5238 13.1681 7.9891 17.281 8.7981 13.6906 
8.5244 22.5828 9.2041 27.0016 11.9366 10.713 22.7168 22.1647 19.0828 34.975 6.4553 7.8914 10.7317 16.989 3.8857 
32.9272 17.0596 41.2726 16.7725 24.5318 30.1512 6.9073 8.1391 14.7281 11.9789 26.053 28.5203 21.8193 14.9851 33.511 
37.4264 16.3052 38.3174 17.3738 24.7651 27.8504 9.9873 10.0805 19.3316 8.5296 23.9326 24.6949 25.3851 17.2399 39.7385 
23.7222 2.3154 29.7558 0.5684 24.3477 33.0954 19.7684 13.1253 24.0855 9.178 21.2373 21.0729 22.4313 10.9431 23.5802 
6.5063 25.7923 10.2825 27.9501 24.6248 28.6315 33.3485 30.5771 31.4725 35.2772 17.3462 10.2086 24.937 19.9463 10.5443 
6.8808 13.273 11.7262 17.7196 11.1412 16.7216 18.329 15.7544 21.7574 22.0454 7.1506 1.9093 15.0689 9.4051 8.5937 
11.0259 16.6723 16.6589 17.9913 24.5212 26.7118 27.0576 22.3963 27.307 26.0563 16.4388 12.598 26.5629 17.0806 15.0603 
6.6384 24.1979 7.3717 23.0803 12.4655 11.8857 22.2088 25.8534 20.4195 31.3994 6.5449 5.7084 12.7965 17.1081 2.8457 
42.3176 22.0503 46.9167 21.2387 29.2714 30.6342 16.077 15.8049 22.0493 11.5966 33.9132 36.0902 27.5063 22.4415 36.2106 
12.9572 14.4731 18.1982 16.3169 24.3899 27.9413 26.2509 24.3269 30.143 25.5143 17.3242 13.3642 28.0506 15.5784 21.232 
25.5758 6.4872 31.7002 3.5931 24.8006 35.3503 24.0765 18.1811 27.7672 9.815 23.2493 19.3072 29.7029 14.5087 28.0823 
20.7243 8.7991 24.802 7.5091 26.9535 33.2534 22.7367 19.866 25.9689 14.3295 26.2858 18.6905 31.8028 16.6845 24.1496 
24.84 20.6031 29.0968 23.6583 6.9154 12.5345 7.9437 10.344 3.8988 21.8044 10.7193 16.9948 5.7313 11.1326 18.4448 
23.2641 29.8428 31.1738 30.4544 8.9155 9.5807 13.8569 17.663 7.9214 30.462 16.2255 19.0156 7.1798 21.6437 24.4643 
7.4453 17.8767 13.2628 20.5524 23.6973 29.3115 26.9305 24.9665 32.7329 24.7317 17.7697 9.4495 20.8688 16.1773 13.1225 
27.2019 6.3374 26.7883 5.8256 30.5569 30.4101 24.1639 20.9498 27.9331 11.9265 28.0753 22.6385 32.9594 17.3984 31.6133 
22.8993 10.8019 28.6659 9.5745 29.8397 32.2018 30.5121 26.1763 28.0169 18.9666 23.8719 21.5712 31.9162 18.6652 27.5498 
23.4368 26.4608 26.2097 33.0785 11.5295 9.7208 15.3111 19.2816 7.396 26.6955 14.8432 24.071 9.2973 19.9205 24.599 
28.3302 5.4603 28.7139 4.5621 20.1164 26.4857 12.797 12.9367 19.1106 3.0706 24.733 19.9129 25.0882 12.635 32.2878 
9.2431 17.9317 12.5652 21.754 22.2815 25.5358 31.9875 28.1294 28.7784 31.237 17.4835 11.5113 22.9492 20.5763 12.735 
23.9878 8.6544 32.7474 9.928 20.3236 30.5972 10.254 8.0409 17.6533 4.3698 21.843 22.6745 22.8436 10.0604 32.8566 
10.9534 11.6305 17.7594 15.298 12.2229 20.8382 16.7265 14.5682 22.3794 17.6979 9.8004 5.408 15.1141 7.7793 13.681 
24.1726 7.1118 25.6746 5.7573 25.8097 31.803 21.8779 23.0182 25.9949 15.9137 24.4564 17.7811 26.3994 14.4369 31.0138 
6.5444 18.7739 10.7661 22.1983 22.8087 22.967 26.084 22.4563 25.4008 25.9628 14.2853 11.2501 21.9312 16.6412 13.4503 
23.0657 13.7245 30.6108 13.4575 35.7659 34.2844 25.5832 27.8993 35.1245 21.5466 25.1785 26.337 29.854 19.098 32.2649 
20.2495 19.7146 24.0605 22.1905 3.1863 9.4778 9.6593 10.3632 9.136 20.2404 6.8655 11.9962 4.3744 9.847 17.8305 
12.2482 10.0555 18.1399 11.4857 11.742 19.5039 14.0934 11.8089 17.3451 15.7231 9.8383 7.7982 16.6927 2.7859 17.5828 
25.3538 21.0941 27.6853 22.0688 13.9753 19.0522 3.1076 5.9994 3.776 18.6735 20.3912 22.8439 14.1091 15.2513 24.1107 
22.1622 4.5193 30.9243 3.2477 22.8775 28.7211 23.1264 19.746 25.9688 9.6121 27.3192 20.7307 24.7297 12.8796 30.3102 
15.1494 23.8301 12.5407 29.9183 6.7205 4.9673 19.515 22.6299 16.1355 26.5557 5.0565 9.8619 7.7528 17.5892 9.4502 
21.8883 17.9241 29.6644 17.7005 9.7944 16.567 2.6095 4.894 4.5784 19.1704 13.6504 18.6722 12.658 9.9217 25.3742 
22.1051 6.3987 30.2332 6.3265 20.5375 24.1247 13.4936 9.0281 17.065 5.0425 22.2198 19.968 24.5022 9.9793 29.9714 
1.5694 23.439 5.498 26.9126 19.6432 23.3839 27.214 28.1108 24.302 32.829 13.1594 8.0552 17.7139 16.2153 6.1554 
35.7742 15.8339 45.2225 19.8542 23.6287 35.3656 12.3819 11.3349 15.8344 9.9235 28.6621 32.5335 26.2187 20.3131 35.4991 
19.8906 11.8177 25.7985 12.3746 23.7309 36.7242 30.0373 20.3008 31.1468 19.6978 23.8285 16.1299 28.9076 16.6375 24.8544 
6.5355 22.5039 8.0794 23.8429 10.9267 10.8349 24.942 21.4039 22.1826 31.1727 6.6679 7.3864 14.5984 15.321 2.2204 
21.7951 19.6296 22.5799 22.4658 6.4674 12.017 7.4693 7.9951 6.0283 18.6871 11.8614 16.0504 6.4807 9.4579 19.4429 
8.4181 16.766 12.3827 24.2346 7.6201 12.7594 17.7354 16.5509 16.6049 24.6683 1.6248 4.522 8.6996 12.3035 7.2857 
27.8082 14.5103 36.7445 18.1578 21.8444 28.4155 7.6834 7.57 14.6996 11.8885 25.9283 22.8255 20.6918 14.759 29.4668 
3.3316 24.5727 3.7373 30.1119 15.355 19.241 23.9834 29.3228 25.5725 30.4241 10.0862 9.3612 20.4654 19.192 3.0096 
18.1943 23.9095 20.5708 24.5155 4.8006 2.9558 18.9475 16.6771 13.1792 30.0109 7.051 12.6285 3.0741 13.9965 12.9502 
27.2825 5.594 35.3085 3.3691 24.5888 36.8205 19.2347 13.3973 27.3495 5.0924 26.7111 24.394 24.8192 16.0144 31.1815 
21.7663 20.7927 19.202 26.5067 3.7119 5.4094 13.3433 16.1305 11.5514 24.954 7.8643 12.608 1.1233 15.2935 17.22 
12.5589 24.7964 12.2449 27.1194 8.9237 6.7956 22.3073 24.8229 21.0724 35.8358 7.4317 10.9848 9.8472 17.8561 8.9801 
32.1917 16.4437 44.9284 14.5038 24.3872 37.6764 12.3983 11.7727 19.705 5.0844 24.4598 30.838 27.1148 18.1812 31.54 
3.2005 21.7911 8.7608 24.9058 14.7893 22.3628 26.2698 20.8676 28.6512 24.7165 12.1654 6.8455 18.4718 14.5719 9.1588 
24.6725 19.8776 31.9521 20.6595 14.2316 20.7089 1.8121 4.7425 5.7459 16.0109 18.0437 24.582 13.3214 14.0368 26.596 
14.7352 16.8758 20.1086 14.7585 28.2409 29.3825 31.0442 22.4679 36.9311 24.4227 21.0418 17.5726 30.5798 16.4713 25.0096 
23.1816 11.5285 26.9596 11.9719 15.3733 21.7217 5.9564 2.2312 12.2658 9.0898 15.7416 19.2303 17.7787 7.3491 23.6873 
20.8654 1.8802 27.1041 3.3285 19.2698 30.1391 16.3329 12.8084 20.7057 11.753 18.8262 17.4106 22.0436 9.352 21.4537 
25.536 20.9502 25.7822 26.0749 7.2972 13.1535 8.4113 10.9057 2.7523 24.7951 14.6886 18.4718 7.4713 14.8573 25.1805 
16.6958 10.9277 19.3713 12.291 10.5416 16.7967 8.4822 6.6603 12.2347 16.3104 10.8746 11.804 10.6752 3.0673 16.9668 
EOF