I 150
J 15
bounds (0, 100)
cv 1.5
D 25
k 5
t 3
FLR 0.4
FCR 10
abounds (80, 120)

a 
118.0 121.0 115.0 
109.0 127.0 106.0 
113.0 129.0 112.0 
123.0 108.0 119.0 
109.0 107.0 118.0 
135.0 122.0 120.0 
132.0 102.0 122.0 
114.0 125.0 120.0 
135.0 127.0 126.0 
127.0 106.0 117.0 
116.0 131.0 116.0 
124.0 131.0 120.0 
126.0 113.0 115.0 
111.0 128.0 120.0 
131.0 105.0 102.0 
132.0 114.0 99.0 
115.0 126.0 110.0 
97.0 114.0 111.0 
124.0 105.0 109.0 
112.0 108.0 111.0 
129.0 123.0 109.0 
104.0 129.0 123.0 
111.0 127.0 115.0 
130.0 121.0 111.0 
121.0 109.0 118.0 
123.0 119.0 103.0 
110.0 97.0 105.0 
129.0 111.0 104.0 
105.0 117.0 110.0 
103.0 118.0 119.0 
114.0 124.0 112.0 
120.0 103.0 140.0 
129.0 103.0 122.0 
108.0 120.0 121.0 
119.0 130.0 118.0 
107.0 128.0 110.0 
109.0 100.0 117.0 
117.0 114.0 114.0 
118.0 121.0 127.0 
90.0 131.0 117.0 
117.0 103.0 133.0 
125.0 111.0 118.0 
109.0 99.0 117.0 
118.0 130.0 106.0 
112.0 103.0 126.0 
107.0 132.0 112.0 
104.0 120.0 123.0 
110.0 112.0 131.0 
153.0 119.0 104.0 
130.0 126.0 98.0 
115.0 100.0 120.0 
120.0 122.0 127.0 
97.0 101.0 100.0 
120.0 98.0 113.0 
91.0 126.0 111.0 
110.0 141.0 123.0 
125.0 119.0 110.0 
122.0 112.0 127.0 
128.0 118.0 116.0 
114.0 115.0 130.0 
117.0 125.0 97.0 
121.0 110.0 121.0 
121.0 121.0 107.0 
127.0 127.0 102.0 
120.0 125.0 111.0 
126.0 121.0 115.0 
120.0 136.0 108.0 
124.0 117.0 100.0 
124.0 118.0 126.0 
123.0 133.0 116.0 
104.0 123.0 111.0 
123.0 128.0 110.0 
101.0 128.0 110.0 
94.0 123.0 106.0 
121.0 117.0 120.0 
120.0 108.0 98.0 
113.0 120.0 104.0 
114.0 124.0 123.0 
122.0 143.0 118.0 
125.0 103.0 121.0 
132.0 115.0 135.0 
104.0 127.0 142.0 
119.0 132.0 124.0 
103.0 117.0 108.0 
141.0 126.0 124.0 
113.0 123.0 112.0 
108.0 130.0 114.0 
112.0 148.0 128.0 
113.0 108.0 124.0 
112.0 123.0 124.0 
97.0 111.0 122.0 
126.0 109.0 132.0 
114.0 113.0 114.0 
110.0 116.0 116.0 
105.0 112.0 111.0 
99.0 102.0 113.0 
122.0 115.0 143.0 
110.0 104.0 105.0 
112.0 97.0 111.0 
117.0 100.0 111.0 
119.0 104.0 110.0 
113.0 116.0 120.0 
111.0 113.0 111.0 
132.0 107.0 119.0 
110.0 105.0 128.0 
121.0 103.0 116.0 
128.0 104.0 128.0 
97.0 139.0 88.0 
102.0 120.0 121.0 
118.0 115.0 127.0 
108.0 127.0 112.0 
109.0 124.0 110.0 
99.0 117.0 125.0 
134.0 118.0 126.0 
126.0 114.0 108.0 
131.0 132.0 123.0 
124.0 112.0 124.0 
117.0 96.0 117.0 
101.0 108.0 125.0 
127.0 116.0 105.0 
117.0 127.0 102.0 
119.0 107.0 107.0 
123.0 123.0 123.0 
93.0 118.0 113.0 
112.0 124.0 120.0 
139.0 109.0 109.0 
114.0 105.0 112.0 
136.0 132.0 103.0 
128.0 100.0 119.0 
107.0 126.0 117.0 
117.0 105.0 117.0 
113.0 122.0 122.0 
121.0 115.0 133.0 
112.0 134.0 140.0 
117.0 97.0 100.0 
109.0 108.0 96.0 
120.0 102.0 115.0 
112.0 114.0 124.0 
114.0 118.0 120.0 
114.0 110.0 103.0 
119.0 120.0 109.0 
118.0 131.0 115.0 
131.0 120.0 106.0 
138.0 138.0 122.0 
118.0 119.0 127.0 
121.0 109.0 118.0 
111.0 122.0 143.0 
125.0 113.0 102.0 
145.0 120.0 126.0 
112.0 120.0 110.0 

Icoords
33.7636 62.1071
14.086 94.0265
98.8781 14.24
46.7134 38.0041
97.8422 25.4616
86.6898 68.4928
39.267 89.2187
90.1426 60.0112
19.6742 41.388
23.5856 70.5305
15.1545 47.0324
66.6946 65.3452
59.5484 1.8889
51.8608 78.7394
1.3853 83.4357
60.7219 27.2502
89.3744 95.461
42.501 46.1959
18.0475 2.7538
3.9936 53.165
88.5652 47.2148
57.0465 41.6331
85.001 95.5831
96.263 13.2539
73.7351 80.1562
31.4365 89.7312
56.87 6.971
78.5193 94.8382
94.8931 77.3764
18.1597 84.732
53.2112 9.3226
9.6754 81.2851
95.7417 62.9529
47.3536 49.8434
48.203 62.6534
38.0306 38.9951
19.152 0.5993
96.7684 42.8432
16.3461 96.4846
8.5052 28.7174
22.5443 14.505
36.427 14.646
66.5101 34.0962
47.4032 64.9255
44.9364 21.8493
24.0266 66.5432
60.5774 69.8024
62.6299 27.3891
89.4285 74.3468
29.8059 28.1696
63.7897 44.0188
0.1108 5.1355
74.2206 42.5444
42.1012 64.9455
49.8453 66.8151
0.0639 4.8876
7.8643 4.898
53.5735 32.927
5.9734 62.9968
7.2501 28.2145
54.9446 79.202
49.3302 66.8865
77.7627 79.6913
68.3913 7.2413
31.0901 91.1842
14.955 81.7289
50.5036 57.2938
66.2483 27.5731
20.2883 77.8639
36.1525 91.8224
16.0822 95.9597
14.431 48.6556
48.1133 5.6264
87.833 14.8201
17.1163 94.5388
58.937 76.5619
43.1029 56.5993
78.2156 44.007
19.5423 54.7776
33.3615 1.4471
65.783 75.8323
42.4654 10.3869
72.0862 80.895
27.4828 55.2225
34.2931 67.6115
96.7089 1.4533
81.3761 30.3394
28.0545 80.129
2.1936 61.9901
88.1667 7.5723
49.2702 10.2012
20.9789 38.8439
94.6875 82.4738
93.8783 92.3244
65.656 47.8287
71.0365 26.2775
22.4941 1.1141
65.8371 39.9398
41.8877 98.2205
57.8889 90.2619
18.0586 32.6251
35.0372 46.9281
71.8005 46.1444
47.4363 18.8033
81.0955 15.2524
58.3548 55.5167
67.3142 85.9203
6.7548 78.0507
23.2426 83.5078
33.6017 15.878
11.2285 59.5822
2.4649 85.7063
48.8952 5.0309
47.2844 71.3987
21.6836 78.6617
6.2029 6.6138
41.9487 67.947
21.8588 39.4246
50.4625 76.7666
56.5022 15.0475
6.4305 52.9863
9.3393 57.8718
6.5048 54.8332
37.7412 95.0819
86.4461 44.5167
13.9025 18.3819
83.2899 4.4218
12.648 98.9783
40.288 72.7946
14.9199 80.257
17.5169 14.95
69.228 48.8962
61.6643 28.2129
72.8634 17.178
50.4011 48.149
92.1001 93.703
35.0465 55.0649
87.9684 75.5318
27.0572 35.6768
52.4544 70.6992
49.0026 51.5295
74.8289 23.2519
22.295 40.4292
47.509 55.2341
34.7645 0.6649
7.1142 54.1554
60.7687 69.8116
69.5918 59.9501
49.6483 87.1526
60.7429 12.513

Jcoords
61.267 97.1003
86.3248 47.2923
6.1998 0.7038
57.7271 69.4278
20.444 29.4796
67.0639 11.8251
75.8325 97.0065
24.4027 20.2693
14.9557 6.0716
97.4042 8.8236
10.3257 72.3031
96.8949 8.8535
38.1674 27.3316
41.1393 24.9227
50.7771 51.1284

C
16.1742 18.3869 22.0024 9.1608 11.3231 19.8779 17.4421 14.4994 19.9961 25.2491 9.659 27.2885 13.8215 12.4303 6.7467 
18.6287 33.5204 28.8177 15.7653 24.8217 32.5362 23.5281 23.4225 32.3514 37.5266 8.7635 40.5797 26.3924 24.3485 18.8426 
31.0026 10.9603 28.8103 22.3458 29.5394 10.5863 30.6974 28.1317 33.2133 2.0629 35.2616 1.8339 19.1225 18.79 20.1613 
21.7216 13.2188 21.1137 11.601 8.6499 11.2706 21.8182 9.2285 17.4334 19.5297 18.3968 20.8632 5.417 5.4233 4.9515 
29.9622 9.1128 36.4143 23.1342 26.6531 11.2471 28.5642 28.0576 26.8567 6.6043 30.1364 5.9371 20.0725 17.5957 18.806 
12.8937 7.1583 38.3995 10.942 24.2864 21.3613 11.1273 23.8603 36.857 18.284 26.3631 22.3933 23.88 25.0683 12.382 
7.6324 24.9141 35.0274 9.3208 20.5378 30.7966 13.8065 26.8168 32.1565 34.4568 13.3184 35.7493 23.3661 22.9377 13.2784 
16.3246 4.7235 35.9628 10.8423 25.2627 16.6321 11.9515 25.5807 32.72 16.2597 24.7523 18.3804 20.7148 19.0515 13.8822 
26.1486 21.7797 15.1844 14.8468 4.5358 18.5717 31.1019 7.4144 12.3922 29.6145 12.2989 27.8114 7.8444 9.9338 11.8636 
13.8459 25.1762 23.6672 10.9105 16.2749 25.0059 19.5163 17.1262 24.7129 33.5494 5.192 37.9286 17.6402 18.0474 10.3552 
23.9325 25.8919 15.4582 14.8689 7.2633 21.4512 31.2074 9.7208 15.8889 31.0165 10.039 36.0237 11.1905 11.4603 12.8943 
12.3772 10.0117 33.5275 3.5865 21.3859 20.3114 12.4301 23.259 24.5634 21.7292 22.6108 22.5611 16.3779 14.8299 7.2158 
28.8538 19.9775 19.9947 24.5391 16.267 4.5299 29.3268 12.668 16.406 12.8696 27.8014 14.896 10.8176 9.2882 18.0153 
7.858 15.3402 36.138 4.0764 20.7995 26.1853 11.7058 23.4162 28.8517 32.6255 13.6852 25.9145 19.9714 17.6092 9.6105 
23.125 27.8313 28.3919 22.3694 18.649 30.5207 24.0946 25.0362 30.6327 44.4327 4.5147 39.335 22.7826 21.986 22.8347 
23.3586 11.7507 24.014 15.6154 12.3681 6.341 24.6027 11.5168 18.699 15.0942 26.8366 15.8068 7.4227 6.3243 9.5705 
9.2771 17.4189 41.9605 14.5926 30.6202 27.6647 5.178 33.5485 39.8603 26.5551 24.769 32.8521 26.0712 27.4135 17.8575 
20.8604 16.5443 18.7697 9.0914 10.1791 14.0509 23.5839 10.8515 18.0222 24.4941 13.2964 20.4599 7.6165 7.4971 3.0435 
33.9758 32.1106 4.3406 30.2205 8.8334 15.5079 43.3823 6.3147 1.5002 31.334 27.3259 26.9673 9.5511 10.8997 18.988 
28.7726 32.8676 16.8339 20.4296 11.3188 26.7182 30.9709 11.9467 18.1273 35.27 7.1361 33.9971 15.555 16.2247 16.0011 
17.5148 0.7126 28.5474 13.8073 23.9755 14.2904 16.5283 26.7298 29.405 12.713 31.7808 11.8197 17.4833 17.8802 13.6917 
17.7062 9.7154 19.6342 11.0183 15.2496 10.6131 19.5125 15.2854 21.7488 19.3119 22.3329 16.9914 8.9385 8.7947 3.6069 
7.6032 18.7487 43.3155 13.5925 34.1963 28.3782 3.2864 30.6625 41.0655 31.4546 23.6381 34.2024 31.9676 30.3227 19.4507 
33.6988 12.3825 29.5806 25.6136 26.1528 9.0976 27.0436 27.74 27.4256 1.5825 38.8715 1.7453 23.3668 20.8815 22.0305 
8.156 13.2712 37.5606 6.9972 29.129 23.8374 5.9465 27.7615 29.5248 24.6665 25.0016 28.6684 24.8172 19.5289 14.0043 
9.7129 22.4241 30.8975 11.5631 21.4178 26.2738 16.8751 23.4446 32.197 36.8923 9.6361 40.0273 21.8724 20.4522 14.3995 
30.4548 16.3534 16.5882 23.1612 13.5694 3.5486 32.9398 12.5991 13.6714 13.4268 28.7575 14.8416 8.3106 8.5092 17.4559 
6.5215 17.8708 39.0547 12.818 29.8321 27.5031 1.3179 35.5923 36.7821 34.3887 25.0438 32.0667 30.932 26.9396 19.3362 
14.0966 10.2068 35.9926 12.8538 29.2842 25.9433 10.0471 35.1631 37.0094 22.8846 25.4582 22.7867 25.8482 29.0509 19.086 
14.2478 29.3116 31.4208 13.2872 18.1438 34.4136 21.2744 25.1026 29.5536 41.2274 4.4105 38.7089 18.5827 23.5464 16.4375 
31.3802 15.3711 18.4345 21.5482 15.0267 5.2085 32.0474 11.3966 12.5239 17.2408 29.1675 14.3859 8.6518 7.8369 15.7749 
16.9276 31.4182 24.3259 14.8875 20.8741 29.4089 26.9482 19.9477 23.841 41.3381 2.7854 37.3906 19.5002 20.9594 19.8713 
15.2995 5.6101 40.5789 15.2667 24.7455 20.0954 14.5203 26.8936 35.796 19.0462 27.0753 17.0452 21.7394 24.3407 18.2905 
15.6458 14.1026 24.8822 8.6787 11.7403 13.4681 20.1205 13.5215 21.1076 20.4167 16.4437 22.4922 7.7732 10.1143 1.2784 
12.047 13.5302 22.8357 3.6804 13.8592 18.2595 13.7458 15.1029 24.0391 27.6759 13.7392 25.1429 11.7614 13.1089 3.8545 
24.0429 14.9063 15.1672 14.4857 6.3547 15.6788 23.3273 8.942 12.4031 22.0379 16.4675 24.0061 3.5215 5.4678 6.4039 
39.126 27.5854 3.9583 29.4223 10.1847 18.3994 41.8709 6.2583 2.3219 27.4762 23.1617 26.3388 11.3474 11.6037 20.4343 
23.8869 4.3171 33.1142 17.5471 30.1496 13.0732 20.8873 27.646 28.1288 11.1944 29.5618 13.2799 18.7616 21.8348 15.7906 
13.9313 33.8477 32.7284 17.3194 24.9456 39.3868 20.8805 26.1495 35.3285 43.1847 8.5051 36.7078 22.7477 25.1971 17.277 
32.8212 24.2497 8.8176 21.2451 3.9813 19.9844 38.0043 6.0705 7.3748 31.0552 17.1877 31.563 8.944 12.5568 16.5736 
35.1204 28.32 7.8124 24.8313 5.3711 16.6849 32.3323 2.2978 3.8766 27.7027 18.7387 24.9346 6.5958 7.2618 16.9987 
26.842 23.7858 11.887 20.954 7.3704 10.0176 29.7188 4.0008 8.0527 22.9337 25.2717 21.6616 4.3893 3.8756 11.8903 
22.2984 8.011 22.8321 11.7594 14.8474 6.7079 25.388 17.3821 19.5812 12.7686 21.7558 12.384 10.3822 9.9469 7.5589 
14.0033 16.1902 30.2236 3.8823 14.5045 19.62 14.7199 15.0745 24.8325 27.0615 13.5491 25.0172 13.6885 14.7871 4.3364 
28.7297 14.9491 15.5302 17.559 8.9351 7.5767 26.4095 8.2336 10.3297 17.2669 22.222 18.901 3.0714 1.721 10.775 
15.9499 23.4346 26.9976 12.6433 14.4142 21.2466 18.1258 17.9132 21.0105 29.4173 5.2286 35.5775 16.119 16.7089 12.0316 
8.4814 13.4953 29.9487 1.005 18.7514 20.9962 9.6718 23.1667 26.5541 26.8276 17.63 21.9374 16.6968 15.0931 7.6702 
24.4594 10.2459 19.9999 16.5062 14.289 5.58 24.5736 14.119 16.7062 15.2121 27.4596 15.427 8.9337 8.1314 8.8119 
14.3009 8.5263 33.673 10.3428 28.5223 20.1727 9.2912 28.9158 35.786 26.2179 28.5736 23.1766 21.2704 27.6325 14.3879 
23.83 20.8653 11.2379 14.9803 3.1744 13.2512 26.7383 3.4055 9.3291 25.3475 15.2926 26.3898 2.7521 4.6921 9.9224 
16.8193 7.9951 28.5938 8.7248 17.3367 10.6852 18.3068 17.758 24.5461 17.4623 18.7684 18.3672 10.1058 10.7898 4.7539 
41.0958 29.3185 2.8716 34.4808 11.6281 22.0161 42.4549 9.708 4.8803 31.5068 25.5454 32.311 14.7721 14.4305 22.6771 
19.5021 5.05 25.9941 12.0198 21.1845 10.8283 20.296 19.7438 25.6921 15.497 27.4821 14.9609 14.8503 12.2379 8.9477 
11.5782 14.9041 25.0068 6.1416 13.3601 18.8699 14.1194 15.5215 23.4493 27.8528 11.4385 26.9899 13.3085 12.9992 5.5847 
12.0245 15.648 28.5188 2.7095 18.586 18.6928 13.3688 19.9345 23.663 29.4296 12.9312 28.8761 13.1387 16.7727 6.0626 
37.0762 30.6623 2.6223 29.3916 10.211 23.4945 46.0525 10.8603 4.9896 30.8821 24.365 30.9053 14.3634 15.2779 27.2048 
32.6792 34.9234 1.4679 30.1979 10.8908 18.4771 40.6945 7.4758 2.4568 29.0746 25.6782 27.092 12.3366 11.8216 22.1843 
25.0452 12.5886 21.3191 13.9194 11.7812 9.3245 26.5983 10.2423 15.0003 19.5132 19.9444 15.6364 6.553 5.3014 6.797 
25.5961 25.9533 21.7342 18.2635 11.5765 24.3694 26.1686 16.3748 20.5161 39.1198 4.0684 34.4661 15.1682 19.9543 17.6265 
34.9718 26.274 9.5008 23.5701 4.6351 22.2399 38.3697 5.8374 8.9233 28.4394 17.5103 33.3372 12.0658 10.882 14.8357 
7.5093 15.5611 31.4257 3.4431 21.5147 23.5633 10.6519 25.2829 27.172 26.3516 17.1837 26.2921 16.8292 19.0705 10.1065 
12.5689 16.2555 29.8447 2.9828 15.1427 19.9282 14.6717 19.9084 25.7494 22.7276 13.4754 26.945 13.3328 16.1488 5.8629 
9.5212 10.5527 34.1177 9.0001 26.6476 23.9778 5.9045 26.5308 36.0665 24.4224 21.1187 24.9038 25.93 24.2985 14.1303 
29.8006 14.8367 24.6197 23.673 20.856 1.8621 29.607 17.048 20.15 9.3647 29.5973 9.7867 11.0799 12.0066 17.1379 
9.5299 21.8142 34.7777 13.169 24.483 29.6423 14.8895 23.812 28.5181 32.388 10.836 38.6808 19.7613 22.619 15.9025 
16.459 28.6782 26.4865 14.6246 15.8661 27.4993 22.3821 20.0908 22.7577 43.3414 3.205 33.0072 23.1722 22.3868 15.5708 
15.3439 13.0058 25.3916 5.2715 16.234 15.6979 17.1265 17.8527 20.6936 26.3918 12.9699 22.9519 12.436 10.6352 1.8959 
25.8956 9.824 21.9922 13.3436 14.0237 5.2905 22.0999 15.084 17.7641 12.6032 24.7487 14.2569 10.4914 9.7661 9.8495 
15.4322 22.3112 26.9113 12.5341 14.6073 25.2814 22.1841 22.5249 27.9754 39.9118 3.7674 32.1487 21.1245 18.5321 15.2146 
8.2327 24.2909 32.5537 10.4204 24.0964 26.3117 14.062 23.0151 30.3066 38.4452 12.7518 38.5911 21.5504 26.6262 13.924 
16.213 30.9176 34.8305 17.638 21.7124 33.2805 23.4078 27.2909 29.6654 42.3716 8.1757 46.0665 24.5192 28.9857 21.7967 
25.3024 27.6337 17.6854 16.9083 6.658 22.0791 23.5476 10.7891 15.4038 30.4188 9.0197 33.8431 11.0785 11.2154 12.736 
32.8997 18.5999 13.8379 25.6087 13.3925 5.9955 35.3033 10.7848 10.1936 15.905 24.0266 18.69 8.6835 6.695 15.2191 
31.1352 11.7676 30.6691 22.6979 21.5861 7.8312 28.0403 23.5111 26.1379 3.7848 33.6582 3.8864 20.4818 15.1539 19.5169 
17.4954 33.4604 31.7129 16.7593 20.8136 32.7364 21.1917 23.6117 34.0258 38.0521 7.8142 44.992 26.8679 23.279 17.9517 
7.2345 12.3943 36.5767 2.2164 19.3695 20.4999 9.6939 19.8653 27.8586 28.1604 18.6699 25.7862 20.6889 18.5545 8.8518 
17.4177 15.1163 23.1411 7.4332 11.2416 17.4946 19.6871 13.6473 21.863 25.1842 14.1236 22.6205 10.2013 9.8576 3.096 
20.8051 3.386 26.7475 10.5785 23.006 10.9433 16.1706 20.3915 26.1857 13.8302 28.295 14.6215 14.8884 16.6715 10.2902 
18.2991 25.8588 22.1446 14.6581 8.6802 20.434 24.2634 11.0994 15.239 27.2229 6.3245 31.2604 12.9657 11.618 11.5789 
38.9097 27.8235 8.4043 21.8452 10.7381 13.8976 39.5179 7.742 6.4259 20.1585 26.6957 22.5664 8.2666 7.8594 19.6315 
6.8097 11.7799 37.2811 3.4404 24.1528 19.7822 8.3392 23.7835 26.9383 28.0598 18.4935 25.634 18.5853 21.4478 9.4922 
29.8659 17.9987 11.3134 23.2157 11.5942 9.3141 30.502 6.8398 10.7124 19.4232 27.4788 20.7622 5.615 4.4504 16.545 
7.3458 14.2403 34.5194 6.1211 27.5387 26.2258 5.7977 23.8181 35.0862 27.523 18.8188 24.9153 19.9265 20.9782 14.0354 
20.0967 20.1634 19.1847 12.4635 8.7483 18.4198 25.3823 11.1933 16.9311 25.6447 8.4952 25.0927 9.2917 11.5459 9.1058 
13.2523 21.1089 27.4663 7.2652 15.3837 24.7347 18.5792 16.2069 23.8029 31.5502 9.4881 29.4405 12.6294 13.9647 9.0052 
39.6381 18.3302 33.9692 29.4159 27.2274 11.0113 34.8487 26.7029 28.6183 2.4067 35.1253 2.7352 20.2644 19.0197 21.6567 
26.4253 6.084 28.048 15.5331 20.8409 7.9073 20.1427 18.8554 22.8268 9.5862 32.0992 8.9982 13.1932 14.9082 14.1017 
13.9753 22.3598 30.2406 10.4598 17.8751 31.4319 16.5138 20.5521 28.2251 32.138 7.5308 31.3329 20.3148 21.4121 12.0327 
24.4848 29.2343 24.5668 17.9574 12.3704 31.7684 28.5799 18.8772 22.1567 36.3461 4.1279 40.6019 16.6144 20.8558 15.4028 
34.0742 14.1555 27.2015 25.942 25.1827 7.8574 28.2037 25.6618 26.4567 3.6057 31.6776 2.793 19.0533 17.7446 22.4389 
32.1681 17.4641 17.1216 20.1977 12.4253 6.2751 27.4242 8.6521 11.8375 18.0095 27.5985 17.2232 7.3857 6.6127 12.6714 
27.638 24.6691 12.2915 17.3407 3.6074 19.9689 31.1321 5.9949 10.5795 26.9239 10.6712 27.222 7.7827 8.4671 11.3776 
12.3342 12.0346 45.4586 14.2279 28.9522 24.1681 8.651 33.1226 40.7812 23.3556 32.3066 26.7362 29.627 30.1234 18.1597 
10.158 15.3056 45.6912 14.1599 35.9168 31.0882 5.9118 34.7926 36.5349 29.4519 25.8957 27.6051 30.1406 31.1949 19.6277 
19.5888 7.3316 22.836 8.4441 16.7508 14.0557 18.6817 14.9134 19.8886 19.4582 20.1773 18.5562 11.1132 12.6525 5.6786 
28.4758 9.9221 26.0183 16.2066 19.3244 4.6044 21.6999 15.0791 21.2032 12.0223 23.6174 9.9249 12.9045 9.3495 12.4082 
32.1537 26.6602 5.2696 24.9732 11.2564 14.9114 43.8146 7.6173 3.4096 28.1493 22.4248 29.5394 9.4537 9.8554 21.0754 
17.7419 7.5118 25.8849 11.9151 17.8132 8.631 20.961 14.1544 18.4346 16.1387 25.4006 17.2826 9.5812 10.9521 5.7748 
7.0988 25.1906 38.6603 9.9111 25.1812 33.6918 10.4889 25.0689 32.7661 36.2315 14.1428 36.7917 25.4345 23.9037 17.2669 
2.8892 19.1215 35.7882 8.1464 25.2794 30.1119 7.3495 26.4118 31.3474 27.6354 16.1826 28.1103 22.64 21.3957 14.1279 
30.9915 22.6998 11.7721 19.7939 1.4922 18.9044 27.9232 5.3404 9.2848 29.9213 15.9515 28.5563 7.2737 7.5794 11.3253 
17.0071 16.4535 19.559 11.0721 8.8553 17.1349 24.8549 9.4371 18.0233 28.9787 11.8585 26.9844 6.7949 8.9197 6.1123 
17.0825 5.8249 24.3874 9.5494 20.9329 10.4107 18.2607 18.371 22.854 14.8133 23.1359 16.0915 12.6749 13.5396 7.5492 
29.1004 16.6315 15.9645 18.6389 9.7153 7.5326 26.2077 9.0244 12.8697 17.9717 22.3981 17.1276 4.3089 2.7325 12.2222 
26.2668 11.6285 29.5951 19.8537 18.8326 5.2273 31.5405 17.8369 20.3327 5.8305 35.1609 6.1877 17.2985 13.3442 15.881 
13.4977 11.6179 28.9631 4.3962 14.5883 13.4143 15.3881 17.4569 25.8093 23.6965 15.8434 19.3365 12.1064 13.7858 3.035 
4.2225 16.614 37.0176 6.7131 22.3909 27.771 5.4651 27.9215 30.1444 27.882 20.3903 26.0524 26.0444 22.9729 12.3232 
20.0663 27.691 25.7804 16.5325 15.9666 31.2246 27.5351 18.5962 23.3345 37.0239 2.2546 39.6027 22.3423 23.2 17.9885 
13.3943 28.5427 27.6191 13.8824 18.8919 32.5647 18.7262 19.5693 31.0345 39.7426 5.3111 32.08 18.0362 23.5107 12.9127 
32.7516 21.3638 12.5072 21.3555 7.1458 11.1401 27.9965 3.7624 6.5014 22.5568 21.7049 22.0848 4.6164 3.77 12.8341 
21.1266 25.5528 21.7343 14.2969 9.4665 23.0559 28.7444 16.5183 16.8108 37.315 4.5885 39.0871 16.1405 16.8064 12.1933 
18.7534 34.4607 27.7375 20.8836 22.0423 34.4668 24.1702 21.9886 25.0692 47.1314 5.5829 47.1421 26.9945 26.6347 19.5701 
28.0827 20.7297 13.6038 21.5734 14.2061 6.2887 36.7926 9.9173 13.5584 18.8595 30.413 14.6189 7.7557 7.1865 17.4209 
10.6005 17.5044 27.2118 3.9575 17.4414 24.7759 11.67 17.3818 24.8769 31.5238 12.9283 28.452 13.9096 14.3595 8.2132 
16.1569 26.9799 27.2698 14.7118 19.1723 31.0141 19.9587 22.1839 26.157 40.5961 4.5532 40.8204 17.4405 18.1288 12.8861 
35.0502 33.5795 2.2198 31.9689 8.1622 22.436 39.4791 7.1991 3.4377 30.4428 20.3906 36.1518 14.2805 12.1643 23.913 
13.3947 15.9373 29.0152 6.0919 17.0111 21.4276 14.4449 16.0743 21.8385 28.3146 10.9619 28.0081 15.1498 14.2134 7.1611 
25.5803 24.2567 15.7296 17.7183 3.7981 18.1245 26.7233 6.369 12.0708 30.378 12.9789 29.1932 6.6188 8.5284 10.2544 
7.2555 15.9778 27.0349 3.767 16.9488 23.0114 10.684 21.714 28.0527 29.4074 13.1127 25.6103 16.7545 17.1248 9.3125 
32.786 15.6976 18.9772 18.581 13.8889 4.4026 27.1486 12.9305 16.0116 15.1507 23.4349 16.2111 8.6093 6.8505 13.5389 
21.219 27.8177 19.8675 21.3637 9.354 27.8702 26.4965 12.9828 16.9704 34.0493 6.3235 31.6058 14.2995 15.8454 14.2522 
22.5371 25.7916 17.2049 19.397 10.3014 23.7545 30.0981 12.1806 15.9177 32.5088 5.0801 34.0967 14.8124 15.2853 16.3943 
23.8106 25.0227 17.8847 20.857 10.3753 24.6526 26.5433 12.9458 19.7855 33.1111 5.7654 38.3136 13.6846 14.6622 16.398 
7.2962 24.9628 31.8827 12.2374 25.6316 27.5401 14.272 24.0592 35.8517 40.7151 13.7086 33.2422 22.1073 22.4562 18.1275 
20.283 0.9112 30.3815 14.8573 26.5358 13.1613 18.106 26.2123 31.438 13.1801 27.6486 12.8768 17.9925 14.9716 12.1817 
27.8824 27.3864 7.7075 20.708 4.6299 19.5563 37.5622 3.8343 3.7227 27.7439 20.4865 26.9325 9.8253 11.1513 17.1274 
37.0082 16.5379 28.981 22.9322 26.8802 6.385 29.8066 24.1368 25.1338 5.0194 39.285 5.6633 17.0843 15.5239 20.4188 
16.4796 35.6124 29.7723 20.0783 26.1066 31.6869 22.9851 25.3468 35.0738 41.0321 9.3341 40.1814 28.6959 25.526 21.604 
11.2055 17.2043 26.5069 5.8789 14.8126 24.3986 14.2698 17.9112 22.2746 29.4667 10.3623 27.9422 17.8454 16.5759 8.1675 
19.3257 28.8791 30.0111 13.8693 15.461 26.6707 21.5169 21.6512 22.8491 40.7222 3.4363 36.4077 22.1686 20.4943 18.3866 
35.4053 27.4696 7.0066 21.823 5.2572 17.9816 40.0053 3.3595 2.8017 29.9175 20.6527 30.4595 8.0998 8.2308 17.9621 
16.8264 5.3988 30.4036 9.0791 18.1303 13.4871 17.0111 20.7108 22.9592 15.5239 20.5233 17.5751 12.3269 14.5904 7.278 
21.7205 11.1934 23.1859 13.166 15.6423 6.2392 23.3329 14.4738 19.4615 12.9301 22.9952 15.3682 8.1521 6.2465 8.0043 
28.1123 12.0366 24.5354 18.7347 18.9098 2.5768 24.8997 16.1217 23.3258 8.2594 31.1869 7.9604 12.9566 11.8345 13.3334 
16.7176 13.7124 25.1142 8.7183 11.4685 13.9552 19.8618 11.6192 21.4347 23.907 18.4406 21.2638 8.6274 8.1341 0.9024 
10.3823 14.7415 45.5509 14.5094 35.6225 34.0682 6.2663 36.9646 37.9437 26.398 30.5823 25.8694 32.7376 29.9436 18.6063 
16.141 17.7738 20.8746 8.1504 9.7244 16.9588 22.0498 11.4765 19.2006 28.6385 11.6874 29.122 11.1549 12.2546 6.2544 
12.5868 10.158 33.7284 9.8354 29.8082 25.3176 8.5026 27.3829 40.2293 20.434 23.9424 22.5836 25.0128 22.4022 14.1322 
22.0414 21.3859 14.9077 13.8227 3.0325 16.5489 24.1977 6.0552 11.1813 23.3725 13.4693 29.0419 4.4437 6.5187 9.2796 
11.1249 12.7755 27.6947 2.15 16.5231 19.5567 10.6426 18.824 27.5413 25.0699 13.2506 30.1124 15.5245 17.5131 7.5977 
17.5178 11.8771 21.5823 7.6779 13.0322 14.8219 19.0297 15.104 21.2411 20.8492 15.3396 21.5985 9.6879 9.7244 0.6801 
28.6668 10.4379 25.1534 16.4465 21.2173 4.146 29.0399 19.2358 19.9388 9.2647 26.2149 10.3021 14.5375 13.2529 14.4696 
27.415 23.2536 17.0677 17.9435 3.7613 17.8081 28.2361 6.6262 13.0096 31.2833 10.7419 31.3093 6.7498 9.52 10.9501 
14.2651 14.18 23.9506 6.2751 14.07 17.6396 17.4927 13.6417 21.0027 26.419 13.1661 20.6165 11.1637 11.3889 1.6068 
38.2541 23.6844 9.115 28.3168 11.3971 13.6248 37.4618 7.0137 7.5152 24.2126 23.9868 25.0295 10.2962 8.2292 16.6559 
25.676 29.2508 19.5448 20.137 9.9255 29.2672 25.2023 11.7016 17.344 32.926 6.8687 39.2798 14.0625 17.2435 13.7474 
8.7557 12.0376 31.4972 1.2247 21.1592 20.0237 11.3814 19.8013 26.7671 27.6828 17.2473 24.6589 16.6201 17.0839 8.407 
13.8618 6.3531 31.3666 5.2193 18.8227 19.2139 12.5849 18.4444 29.0436 18.0367 18.1862 23.0808 15.4993 16.3496 7.3292 
5.7144 20.2799 33.0315 7.7332 20.4798 24.1221 10.1529 24.7424 30.3025 31.4573 13.5767 33.4705 19.7966 24.6337 13.6022 
27.2122 13.1984 18.6562 17.9875 16.6461 1.9774 31.2336 12.032 15.3834 13.3974 30.2906 12.0165 9.6865 8.0068 15.1228 
13.4103 16.7814 24.7956 8.9829 10.8755 19.2688 20.514 17.0246 19.5646 27.4569 9.9427 30.9804 10.7789 14.1286 7.8523 
18.7044 33.4258 29.0612 18.2551 24.7633 33.4065 22.7986 29.4698 32.5185 47.0483 6.8146 37.6098 24.7119 25.432 21.3264 
32.4677 12.615 30.721 24.3422 26.1755 9.9578 30.938 22.8566 31.4594 1.8586 38.6501 1.9958 22.1719 18.0149 23.8953 
19.6036 16.2621 20.7007 13.1826 8.3296 10.7235 21.5616 8.8523 13.5693 20.5416 18.0718 22.6042 5.0998 4.9825 4.4267 
32.15 7.4813 34.1645 23.6758 28.4511 12.3479 27.7933 28.2196 29.0699 5.6106 32.0423 5.3765 20.5621 18.1514 17.1227 
13.7356 7.5951 38.61 9.4352 27.7229 20.8096 9.5347 25.3649 36.8095 24.2009 26.2866 19.011 22.9383 23.0261 14.3087 
8.3615 24.744 36.0195 9.494 19.6234 30.4348 13.1822 22.4226 32.2431 34.7842 12.3797 32.3672 20.9026 25.6264 13.0874 
15.5537 4.519 40.3207 12.2195 26.9976 19.1966 12.4354 26.0877 28.7133 18.6999 24.4212 19.4279 20.7639 23.0414 12.8088 
20.9829 25.1788 16.0244 18.3967 4.7709 21.4147 29.0548 6.8323 12.3209 33.0951 12.1665 25.5071 8.4367 10.2557 12.2124 
17.2255 24.9889 23.5233 12.4306 15.8014 28.9507 18.3976 17.9205 22.3717 33.6264 4.499 29.6895 14.9821 15.2765 11.1068 
23.2109 23.2871 17.5532 16.1244 5.6556 22.7872 26.2079 9.9021 16.2371 31.0709 9.2029 34.0028 9.6334 11.9482 12.2273 
12.3772 8.6382 33.3593 3.3343 20.7246 17.7852 12.2653 20.3168 30.8812 20.2947 22.6448 22.3113 16.7438 15.6764 6.9447 
29.1109 17.0889 19.6958 21.2555 15.2954 4.2595 35.445 12.6957 14.077 13.3699 31.0489 11.5225 12.7584 11.2285 18.0703 
7.4454 18.4707 32.7114 4.1391 22.1024 27.0087 9.4514 21.8142 30.7833 29.146 13.7861 25.6817 19.1255 19.0524 10.2267 
19.1695 32.6961 32.0714 18.4331 19.6047 37.1282 23.02 24.6329 30.4284 45.2352 5.0459 38.8503 21.9574 22.3114 20.8103 
22.6112 11.3183 20.5635 16.8078 13.0216 6.5061 28.1571 13.7174 15.3354 13.5794 24.4909 12.6617 6.9581 7.2354 8.51 
9.3898 16.0868 49.4876 15.4163 37.853 31.3003 4.1639 32.366 43.2682 30.8968 29.9666 32.9304 30.6479 30.5069 18.3042 
19.4878 17.0177 17.6522 9.6802 10.8378 15.4619 23.4077 10.4278 15.141 21.9836 16.201 20.6051 6.3332 7.7508 3.7854 
38.3448 31.1894 3.6564 23.2842 8.7422 14.9995 42.4425 6.3985 1.7664 24.7441 24.0789 23.8831 12.4637 12.3114 18.842 
25.6543 25.2739 18.698 17.8696 10.2028 28.694 27.1248 12.5119 15.6758 33.719 6.5152 33.4104 15.5721 17.8579 16.5302 
18.2256 0.8196 36.9659 13.3209 23.5461 15.9882 16.6413 25.3658 33.2841 13.0045 29.9486 13.6569 17.4996 18.0846 13.2814 
19.1136 10.5981 24.3665 10.5485 14.2121 10.3427 22.331 15.2854 18.5584 19.9204 17.6103 17.6157 7.5577 7.9895 3.6706 
7.4391 18.8646 39.3935 11.5519 30.8607 27.9071 2.9542 32.3734 44.0547 34.785 25.4684 29.6153 28.6897 29.0169 20.3989 
35.9338 11.8541 33.7272 22.2212 26.2924 10.0565 34.0696 22.3465 29.858 1.4727 40.4877 1.4403 23.1934 21.9803 20.3909 
6.4563 12.9967 33.4208 6.2186 23.6871 21.8738 5.9041 25.3485 35.5206 26.5454 24.5863 22.7158 22.0788 25.2241 12.746 
9.5531 25.7614 32.3503 10.3872 24.0636 26.8306 17.0415 24.7013 26.4926 33.5517 9.7347 40.8077 22.8013 19.7182 16.8778 
28.6501 19.5541 19.6975 22.1118 13.6722 4.1899 32.5258 11.5571 13.1976 12.6436 24.8751 12.2652 8.6949 8.7145 17.4425 
6.8869 16.3964 46.367 12.7655 30.4791 27.9472 1.3289 34.3669 36.8476 29.9239 25.798 27.9254 25.12 29.7303 20.5528 
14.1044 9.6751 44.9263 14.5261 34.1443 21.8841 9.4452 32.2328 38.9054 27.316 32.1002 22.3548 30.0314 23.5456 18.5418 
17.0552 27.7407 32.4817 16.609 16.9438 34.8437 18.733 23.9693 29.837 38.9669 5.5902 38.8292 24.1083 23.918 14.4285 
32.6495 16.9783 18.9363 18.438 14.8228 4.4033 29.1496 10.9251 12.259 14.0498 29.96 16.0066 7.5208 6.8822 15.8419 
19.0105 25.6326 28.0926 19.7774 20.2445 28.3367 26.5266 23.7514 27.3546 41.7022 2.7539 42.8439 21.2391 23.8835 17.3377 
16.5029 5.8257 40.1645 11.989 31.0081 20.5527 13.3842 27.1098 36.3691 21.0012 29.6617 18.6469 26.6885 22.95 17.8256 
17.7345 13.8019 23.8374 7.6814 10.2656 13.0442 18.7927 11.2492 19.3868 20.2744 13.278 22.0485 8.8259 9.0381 1.3965 
11.6418 13.8672 27.4388 4.2157 16.2512 17.8963 17.0302 18.6806 22.3131 26.5966 14.8219 28.8944 12.1175 15.1741 4.1013 
21.0704 15.0044 19.2702 13.1336 7.1625 14.1797 21.4231 8.2982 12.2302 25.7475 16.6365 23.9466 4.3694 5.2617 5.4255 
32.6506 31.504 4.2277 28.0415 11.1647 17.1692 38.4264 6.3967 2.2867 24.3525 23.0823 28.6608 10.0057 12.0398 19.4984 
24.3343 3.9039 36.7802 18.4445 24.2685 14.6107 17.8445 26.8728 26.9359 10.6942 28.539 11.7809 23.5081 22.5712 16.3467 
13.9672 29.3655 29.5596 17.9473 24.7442 37.3242 23.4564 25.2912 33.8004 41.2983 7.902 42.1473 24.2052 25.9468 22.7664 
27.1466 31.7143 8.6855 25.2501 4.7625 23.7082 30.0735 5.4476 9.3339 34.025 16.5814 28.4103 9.9922 10.4377 17.3056 
28.8444 26.4626 8.3044 21.0352 5.805 15.9847 38.6082 2.3748 4.192 27.958 20.8359 22.459 7.4003 8.1144 17.4519 
31.8797 20.6494 11.6274 23.0994 8.0551 10.3222 32.0378 4.0725 7.0354 21.4391 19.6958 19.165 3.9514 4.4668 14.1641 
25.2761 7.2182 24.0454 11.3225 14.9817 8.2852 21.1906 15.6581 19.2643 14.0059 22.3334 13.0358 9.575 10.5917 7.8696 
12.8402 14.1606 25.8438 3.7798 14.2551 22.0378 17.056 19.8917 23.5691 28.2414 13.2126 23.0352 13.3478 14.783 4.3491 
23.5551 18.8455 15.9185 16.4949 8.0654 7.8828 28.4491 6.2998 11.5425 18.2833 22.6931 16.689 2.9642 1.6951 8.9896 
15.9981 20.1613 24.9922 11.4764 14.4216 23.1749 22.9157 14.8544 22.582 32.5915 4.9819 32.2038 14.9769 15.9799 11.6241 
10.2973 10.6772 26.3788 0.8656 17.0788 21.5563 10.2956 21.253 24.3988 23.8571 18.6262 25.1301 15.1217 18.5265 7.8263 
24.4594 9.5496 21.0923 13.5478 14.7198 6.2128 22.2849 13.6135 15.7035 14.1202 25.9429 13.9856 8.513 8.5164 10.3455 
13.7904 9.0029 42.4302 10.176 27.5183 24.6349 8.9847 25.9472 31.0778 22.0595 29.7763 21.9505 23.9484 26.6443 17.1113 
28.058 20.8056 11.0894 16.2506 3.06 14.1951 25.6867 3.4926 10.5086 21.9936 16.9714 24.2745 3.2446 4.2441 11.3186 
16.3888 7.0979 27.8732 8.2285 15.2016 10.4037 20.263 18.2455 23.3463 18.6109 21.6656 15.8702 11.3625 9.2166 4.966 
42.9954 35.2494 2.2601 28.7743 11.7803 23.7858 43.9431 10.85 5.3325 33.5417 22.1824 33.5992 14.358 15.9792 22.985 
18.7843 4.6131 27.8388 10.9159 19.6903 12.1121 17.1685 17.119 25.7409 13.1153 27.2425 12.7151 12.5025 14.8316 8.738 
13.4835 18.1801 27.4722 6.4569 13.9128 21.47 14.9617 15.5023 22.2434 30.5395 12.3289 23.8769 13.0135 12.0423 6.3972 
11.5811 14.0965 24.9698 2.8257 16.994 17.4712 14.4363 18.2954 23.0746 28.2672 13.8888 23.2248 13.1058 13.5166 5.61 
43.6946 28.9226 2.7344 33.1737 9.882 26.2832 40.7805 8.7441 4.6355 38.1496 22.2374 37.7667 16.8443 14.7934 24.3018 
38.5395 31.597 1.6642 27.9227 11.004 20.8135 40.2481 8.0041 2.4676 31.5214 26.8991 30.3003 13.1509 14.6022 22.2537 
23.326 13.379 20.4826 13.688 12.6072 9.7703 23.6881 9.724 16.3926 15.6466 19.4531 18.2929 4.9795 5.2526 5.6147 
20.3015 31.6189 22.625 18.3209 14.5154 28.7046 26.2929 17.0216 18.1936 36.0803 3.603 41.2387 17.5562 18.3579 16.4863 
26.4018 25.4768 9.5229 23.505 4.871 21.5081 34.523 7.4706 9.2867 34.5072 17.4264 29.3019 10.6306 11.9204 16.9853 
7.0784 16.0578 36.4616 3.1555 22.3438 22.3105 8.9365 21.2538 27.7388 31.1682 16.5155 32.2467 17.6033 21.7197 10.6742 
11.4059 15.3931 30.3424 3.4259 15.984 22.0049 12.8343 19.2846 21.2087 22.9161 15.7161 24.1612 16.3413 16.1146 5.6493 
7.1997 11.2866 36.2494 8.1806 29.8786 23.3732 6.3348 29.2222 36.7148 24.0547 24.1037 26.7235 21.6893 25.8468 12.7236 
32.0722 13.2921 21.4617 20.2911 15.9247 1.6163 35.3627 15.9928 17.4456 9.51 27.452 10.6631 10.9275 11.8507 17.2939 
11.0582 26.6187 33.6703 11.9687 22.1975 26.7757 16.1979 23.0926 29.2544 41.1009 8.936 39.2605 25.4726 21.808 13.5057 
18.7134 27.7828 24.7587 14.4955 17.9098 31.9896 21.6101 19.3509 23.9758 43.2643 3.3824 37.4703 22.9948 24.2321 14.2234 
12.7708 11.5627 24.0045 4.4708 16.0375 18.4513 18.2004 14.9942 22.7012 23.5793 16.2467 24.119 12.2773 12.6065 2.1236 
25.3867 10.6598 23.0053 12.8567 16.1692 5.9008 26.9293 14.3661 18.793 12.2796 23.3236 12.8204 8.4442 9.501 9.238 
15.5001 21.8382 28.6447 11.755 16.6008 31.2619 20.216 17.9749 21.8994 31.4347 4.3881 38.2732 17.6672 19.9944 14.1076 
8.7819 24.1769 30.1558 10.6101 23.9871 29.9909 13.7459 27.7429 32.0114 38.703 11.1461 40.1438 22.4344 25.1838 14.9228 
14.2965 27.619 31.8617 15.2086 23.9843 31.3031 19.9358 24.7324 32.5421 44.3502 8.1879 39.7215 22.3564 23.276 21.6153 
21.2931 25.9439 17.9141 14.6369 7.7091 24.4431 23.6336 10.4702 13.0359 33.3365 8.4604 32.9824 10.4786 14.1738 12.9873 
35.478 18.6282 16.8173 21.6793 14.2254 6.6854 35.2651 8.8703 10.6943 19.2639 24.6398 18.4211 7.9457 8.041 15.1143 
28.8526 11.9692 27.0074 19.1435 21.1861 7.8249 32.2099 24.2878 26.637 4.3608 31.6993 3.7942 15.9081 14.6237 20.0253 
14.7578 28.265 30.7587 15.4223 21.6474 31.5769 22.9195 29.1415 32.2382 37.4061 8.8255 42.0066 22.2479 22.3069 18.7867 
6.294 12.739 29.0655 2.3886 23.4806 22.9662 9.7868 21.0078 31.9714 30.6531 15.4883 23.3799 16.4945 20.3406 8.6194 
16.6543 13.7943 23.3823 6.0072 11.8636 15.3312 19.8327 13.1202 22.5918 23.5134 12.5862 24.9509 10.2696 12.3268 3.5456 
20.3592 2.7071 32.3777 11.8975 18.2821 13.2048 17.8046 18.5094 24.5039 15.6817 22.4992 15.1589 14.0902 13.5107 8.8104 
22.9942 25.8924 19.6327 13.198 9.0523 24.271 25.3119 12.9847 14.8917 28.4254 6.5582 31.8721 11.7318 13.7478 11.4625 
30.6694 25.561 8.6841 24.0983 10.948 13.2276 38.148 6.6122 6.4715 20.4938 27.0757 22.1442 9.2223 8.0523 17.373 
7.5685 11.9557 35.2483 3.3159 20.2041 22.9192 8.7189 27.6977 28.1208 28.6599 20.783 24.4302 21.0633 20.079 9.9835 
32.6431 22.5098 13.0888 18.3615 10.9821 9.457 30.7805 6.603 10.5008 19.0275 24.0745 19.2757 5.7933 5.7889 16.4369 
7.3419 13.1929 39.0133 6.7624 27.5751 24.917 6.509 29.0013 36.9407 27.9737 19.4673 25.5096 25.2648 23.5365 13.0397 
16.3625 18.4713 20.244 10.6825 9.8985 20.0057 22.4811 11.688 15.7442 27.8181 8.2628 29.5753 10.2983 10.9776 8.8645 
15.9139 17.1486 22.6915 8.6872 14.9659 23.046 15.358 15.5298 25.4672 26.0474 9.2756 27.0193 14.5717 15.5298 8.7114 
30.7945 17.3714 27.8868 28.1073 26.3092 12.1388 38.8979 28.242 26.5958 2.9049 37.6502 2.5087 22.9974 22.5304 26.5212 
25.5049 6.1935 27.0299 15.1448 18.964 7.1912 26.217 18.4157 27.8334 8.2152 30.1931 9.7218 14.5186 14.6037 14.0425 
13.6136 21.0489 25.6275 12.0148 17.3219 23.6605 20.0963 20.5581 24.6528 37.002 6.806 32.8985 20.2288 18.3484 13.72 
25.1514 33.1117 23.0007 21.5825 13.1235 27.3976 28.5554 14.3398 19.7994 40.8607 4.3918 35.7479 15.5404 19.7213 15.0693 
34.8874 14.3981 25.8689 20.937 24.5208 6.837 28.944 20.5385 22.3633 2.9196 34.1883 3.0779 19.607 16.6418 20.757 
27.5013 17.1757 15.6308 23.1113 12.2034 5.8909 29.739 8.6575 11.4746 16.117 28.4489 18.8384 6.2752 6.4075 15.1246 
27.291 21.177 13.1791 18.426 3.3148 21.1121 30.3725 6.8618 10.0397 25.5362 10.9802 31.2298 6.618 9.4079 10.6524 
13.0529 13.3835 39.2657 13.7184 33.8596 26.2541 8.5701 28.9459 43.9616 28.3083 29.3496 26.5889 27.8108 30.6815 18.6021 
12.3927 15.4563 41.4302 15.05 29.3346 27.3974 7.3044 37.9656 40.4514 31.0064 30.7758 32.2492 34.2324 31.2035 17.8986 
18.9903 6.2027 26.2045 7.2522 15.5505 11.8182 17.6422 19.185 21.6424 15.9226 18.1565 19.3354 12.8139 11.2299 5.0537 
23.4355 8.9605 21.1673 15.1048 15.4058 5.754 26.5985 14.9521 20.1899 11.0516 29.6893 11.0069 12.2073 9.4183 12.1389 
39.5245 25.0294 5.2484 25.7111 10.2809 17.5058 38.0429 6.7741 2.8745 27.5243 23.1975 27.6245 9.4079 9.5379 22.6957 
20.6262 6.9176 21.8586 9.4348 14.5524 10.6037 21.0595 15.4295 20.8306 15.0572 25.2657 15.7226 11.6702 8.7004 6.8104 
6.4505 24.8729 34.9947 11.873 21.9408 28.4545 10.4753 28.3363 36.5199 37.0313 15.2495 34.3152 26.1159 26.8577 16.1551 
2.5475 16.5503 38.3939 6.6546 27.878 26.2739 6.6786 28.7007 32.1696 28.966 18.0332 32.3982 22.4356 22.3603 13.5551 
26.3579 23.5656 12.6541 21.0331 1.5775 18.4998 27.5339 5.521 9.4318 28.248 15.042 30.3349 8.0764 7.8592 12.4868 
18.1168 20.0027 18.8017 11.8167 8.9758 17.515 21.8385 9.4916 16.8488 22.8029 13.5905 24.0499 6.0428 6.8759 5.6089 
16.0106 5.4461 29.774 9.5031 20.1608 12.1187 15.6126 16.5026 21.4422 17.4338 25.7482 15.6015 12.6055 14.7702 8.6316 
31.4061 15.783 16.4824 18.0345 9.01 6.7326 27.4557 8.0411 12.486 18.4762 22.1117 16.4667 4.717 3.4754 11.9298 
33.2904 12.0213 26.1313 23.4881 19.2562 5.4295 29.9266 17.689 22.5429 6.0233 29.9704 5.4564 13.9761 15.0873 16.8861 
13.2768 11.4751 28.4183 4.9059 15.5311 14.2653 15.1855 15.7391 23.0659 24.0313 16.2657 18.9431 12.8622 12.8414 3.0044 
4.2555 14.8919 33.5256 6.6635 22.9778 26.4595 4.6179 25.6548 32.9325 25.1592 19.863 29.1315 20.3382 20.4041 14.3957 
18.9749 28.9536 30.0268 19.4431 17.5158 32.4069 23.667 20.6443 28.181 34.6172 2.122 35.989 22.736 22.9215 20.3467 
12.5261 26.8261 33.3171 12.2584 21.5158 27.7674 16.5436 20.2081 24.1968 40.553 5.689 38.7079 20.0822 22.7266 14.3153 
25.9645 20.2775 11.129 21.2791 6.0482 11.885 30.0727 4.0407 7.3799 22.6146 19.9409 19.5312 3.8951 4.089 14.9202 
22.809 29.4793 21.0666 15.0526 12.2904 25.8259 29.2969 15.5108 17.5296 35.6648 3.9649 33.6014 14.9428 18.253 12.4885 
19.7417 28.8894 33.8381 17.9973 19.8522 38.3139 27.4141 23.1274 29.027 36.8695 5.6047 42.8565 26.7618 25.5612 21.5663 
35.0593 21.1588 13.9728 23.3219 13.3095 6.4031 28.9434 9.8942 10.4311 18.9032 28.9008 16.622 7.6864 7.1545 17.7439 
9.3365 18.1927 32.5021 3.2923 16.2916 24.87 13.4802 17.1745 28.9733 26.7936 11.6899 30.7432 15.4531 17.8099 6.8886 
14.2006 26.6279 28.9787 14.1016 16.9732 29.0832 19.7358 17.6828 22.7962 39.0097 4.4934 40.1226 16.8744 21.5008 15.1093 
34.457 32.9865 1.9361 28.3699 8.8141 24.0181 34.7325 6.8942 3.0167 28.7186 25.1559 34.8273 15.0042 14.6019 22.4578 
10.6493 19.3489 24.8038 5.6909 13.9218 21.1632 14.503 18.0658 24.7345 29.0036 12.3856 27.1447 15.9574 14.377 5.7669 
23.338 25.3802 14.6854 18.6723 3.1542 19.5386 24.6319 7.5478 11.7064 29.84 11.39 31.8103 6.2208 8.0531 10.7505 
8.5864 17.1012 29.1558 3.6855 17.7385 23.1253 11.4596 19.5302 26.692 29.3826 12.9149 32.2 15.6745 20.3275 8.8381 
31.0764 17.4413 17.8735 16.4977 13.9238 3.4353 29.8516 10.4622 16.2454 13.6199 28.4588 13.8695 6.6915 6.54 12.0191 
27.3208 26.7283 19.5852 20.087 10.4185 27.0787 31.6167 14.4274 17.3328 33.9886 6.2762 32.099 15.9442 16.9344 14.9624 
22.843 25.7061 18.5961 18.7751 9.3228 22.1965 24.026 15.3847 16.8399 32.1258 4.9311 31.9894 13.2249 17.0528 14.1482 
26.8613 29.3923 17.0673 16.7452 11.4603 26.8438 27.931 13.4323 16.2669 38.5209 6.0051 35.9203 16.3267 16.3188 17.4643 
9.1851 21.1737 32.1912 10.7675 24.0712 29.6674 12.8646 29.7282 34.1244 32.6706 13.4947 32.7612 26.0776 27.9631 17.4673 
19.5425 0.9977 33.9289 14.4543 20.5246 12.0287 17.8114 24.7401 29.5872 14.8229 29.9013 13.2744 18.3 15.0802 12.3087 
30.8038 28.6731 6.0742 22.2487 4.9725 20.2366 30.1158 3.3392 3.9438 28.0717 16.3254 31.9448 9.8046 8.7479 18.2272 
32.6072 16.1468 24.628 27.0186 25.2903 5.4147 33.6613 23.094 22.4543 4.4798 39.7335 5.4301 19.8373 15.3411 18.7059 
15.161 35.9004 30.5897 21.1509 25.2184 39.3723 19.3945 28.4824 30.836 43.0614 9.2565 39.1574 23.0297 31.7151 19.7134 
10.6372 20.283 30.5977 6.5343 14.7316 23.5662 15.9471 18.3666 25.1936 27.4342 10.9617 28.1898 16.0841 15.5369 9.2291 
19.5229 30.2161 28.5946 13.494 16.6102 28.116 20.2976 18.7482 22.8417 39.7729 3.2498 35.6359 19.0529 19.9555 18.0078 
32.0174 24.7781 6.8138 26.2851 5.2557 15.261 30.9956 3.0715 3.2757 24.2048 17.4042 27.5138 7.8205 10.1975 14.8365 
16.2938 5.3061 24.6514 8.5638 17.789 12.4177 17.0257 16.4399 22.7725 17.165 21.9304 15.7646 11.9639 13.5121 5.6667 
21.0937 11.0687 22.3068 15.9275 13.9391 5.4558 23.9299 12.8089 20.0922 14.6175 25.357 12.3372 7.6019 7.8783 8.9963 
30.0343 11.6012 22.4204 17.0864 16.8584 2.505 29.4292 18.8604 18.8505 9.4778 32.304 7.6679 13.7519 10.9985 14.512 
18.7484 11.8941 22.8771 8.3335 11.9838 14.7025 19.9114 14.4059 21.0936 18.6182 17.0509 19.194 9.1972 7.5615 0.9892 
9.827 16.0463 46.3232 15.7213 32.3893 33.2548 5.8663 36.8747 43.0106 31.118 27.5477 33.0251 32.9428 30.5001 18.1079 
18.1822 15.7148 20.7454 8.937 11.0766 21.2846 20.6925 12.3571 19.1212 26.131 11.3558 27.3617 8.8079 11.2613 6.256 
12.9781 9.5611 42.3627 12.2356 31.4347 22.6022 9.5361 25.6562 35.7852 23.5062 27.4626 24.2116 22.1227 21.1335 13.6562 
27.5957 21.0235 15.1561 14.6983 3.3905 16.1483 31.211 4.8514 11.9744 29.6674 12.5432 28.3686 4.6647 6.4975 9.9789 
9.5134 16.0568 31.0338 1.8821 18.1045 19.5446 11.8252 21.6574 22.4306 27.9455 14.7852 27.3631 15.2231 18.0035 7.3306 
15.3705 14.1083 25.7752 7.6998 11.2787 17.4347 17.2872 14.6824 20.9628 22.0433 13.5791 20.1167 9.3432 9.5358 0.6942 
26.8423 10.5258 24.2359 19.5733 20.3962 5.1435 24.12 16.5535 24.7289 9.2487 26.6524 10.3601 14.0026 11.6406 12.6581 
25.1797 25.2628 16.5919 14.9033 3.6813 20.9 26.7561 7.66 13.8528 27.7467 10.6398 27.186 6.3115 8.3364 11.8994 
14.9437 14.2869 23.0544 6.4185 14.8919 18.8632 17.5886 16.3071 18.2197 24.7359 15.0399 21.6463 10.4517 9.3942 2.0927 
32.5635 26.0479 10.7889 24.3948 11.986 10.4843 37.6398 8.6768 6.4126 24.6232 26.2273 19.4583 9.5058 9.4181 17.9742 
24.5701 28.3921 21.1967 16.4998 10.105 26.6693 25.5586 14.7297 17.3001 39.1596 6.6679 40.1144 16.3891 13.6145 13.4629 
9.7846 13.0356 32.6331 1.0816 22.5451 23.2667 12.1462 20.4405 27.2067 26.5515 15.8231 23.9149 14.9359 15.5014 7.1845 
13.4164 7.098 27.3579 4.873 21.6157 16.0236 12.8217 18.685 24.24 22.268 20.8439 20.0567 16.6452 17.5409 6.8055 
5.8108 17.1004 36.7759 6.3132 19.7557 27.0214 8.6029 24.1419 27.9831 27.6502 16.6661 32.7846 24.1702 20.8777 12.0272 
31.5263 14.1224 19.6608 21.145 13.3754 2.2585 29.7574 14.1612 14.1165 14.3333 30.9007 14.0732 9.5488 8.2365 15.5256 
17.4471 21.718 25.0648 7.8002 10.6359 20.5172 21.7767 14.2078 21.1546 28.9593 8.7133 28.9156 11.55 14.9247 7.7004 
17.4089 32.4105 36.0386 19.9834 25.574 30.15 19.1513 27.4292 29.0793 36.3349 7.7648 40.1758 26.0733 29.046 18.7072 
32.0491 12.9792 36.6498 23.7915 28.8842 12.105 33.3952 22.9612 32.0581 1.9293 34.9863 1.7731 22.5197 21.3501 22.7133 
24.223 14.9195 18.8063 10.0859 9.5392 12.3748 25.2659 10.0664 13.8575 18.2371 19.907 20.7878 4.8838 4.8403 4.4171 
28.8039 9.1498 33.4146 23.3722 27.1723 12.2469 29.5897 27.719 27.4185 6.4528 37.3926 6.4627 23.3801 20.3346 21.0736 
12.6564 8.3542 40.1043 10.8203 28.2611 21.3853 10.9046 26.0108 35.5448 21.7941 23.7482 18.7266 24.6181 22.0995 12.9165 
8.7144 25.1915 32.0793 8.5143 20.5128 32.8196 12.1541 21.5338 31.5934 34.2088 10.2712 37.4898 18.8105 20.9308 15.455 
15.4033 4.1419 35.6545 10.6397 29.113 18.9028 15.4144 28.9454 32.3129 16.8646 31.1321 17.8489 18.5598 20.9319 13.9589 
24.9806 26.0888 14.4944 16.246 4.0872 21.9565 25.7035 6.9902 11.0917 29.4459 11.204 29.6884 7.0128 9.4252 9.869 
14.6251 21.8912 27.6105 12.0514 14.9492 23.0919 20.2192 16.7191 25.9551 35.4833 4.194 30.9254 16.0763 15.1641 10.6993 
22.8162 23.7568 14.2738 17.5146 6.0351 21.1313 23.6846 10.7402 15.2909 31.4699 7.8496 32.8029 11.7873 13.388 11.3022 
12.0615 8.8329 31.987 3.357 20.8006 19.348 10.5814 24.2356 25.6255 21.8449 21.384 22.0486 15.8693 18.804 8.2914 
36.6243 19.3502 17.1932 22.823 16.9274 4.1474 34.7502 13.5405 15.8551 12.9427 33.4029 11.8188 12.6787 10.1758 16.0847 
7.6806 14.6683 35.9029 3.6197 18.3807 26.2196 9.8643 20.4964 24.6299 29.6717 16.4214 26.696 17.1411 16.5556 9.3729 
20.6006 35.5207 25.8063 17.9106 19.4444 35.1848 27.6513 24.4446 27.8286 37.842 4.3819 38.6564 23.5138 28.2677 22.091 
24.3994 12.2222 18.6229 15.6788 13.6429 5.5321 27.893 11.1026 18.1544 15.1476 24.545 14.7111 6.8634 7.1191 9.2213 
10.4146 15.9323 46.3229 14.6418 30.1908 26.9636 5.3047 30.0903 40.0697 32.8371 27.5696 32.1914 33.0172 26.6187 19.9266 
20.5946 13.8526 22.8728 9.0553 8.5739 12.9356 20.0168 10.4752 16.6741 24.1952 14.5684 22.1687 5.8783 8.2794 3.2786 
32.9692 28.0183 3.8115 25.2006 9.6357 16.0513 37.3127 7.0227 1.3682 30.0765 24.7927 30.8107 11.1678 9.9458 20.7051 
24.9108 32.1908 20.5882 20.699 9.8654 26.2582 26.401 13.8281 17.1264 39.8403 7.5473 37.2599 14.4711 18.5252 18.4782 
21.2679 0.7335 37.7132 11.8957 24.602 15.7935 19.5554 23.4521 25.9644 15.2934 26.2677 12.8875 19.8834 19.7458 13.3118 
17.7118 9.9122 20.3391 10.871 11.8865 11.9496 21.4539 11.7703 20.487 18.3913 22.1708 17.5125 7.8656 8.6678 4.0313 
7.589 18.3236 44.1665 14.8924 34.9817 32.3441 2.893 37.1391 43.8729 26.6255 29.1604 32.3903 30.1052 26.9378 18.194 
33.7442 10.8045 34.2273 26.4992 30.9213 9.1912 34.1127 26.5559 31.4252 1.7806 37.8914 1.3421 23.301 17.9403 21.1781 
6.4352 13.8202 33.4833 7.2747 26.1801 27.1329 6.5561 28.6072 32.7119 26.1546 19.9668 24.3577 21.6267 23.6271 11.9392 
11.2677 25.0884 30.4163 10.8655 19.5865 29.0408 13.6314 21.3082 34.0388 37.8422 9.1872 31.3497 18.9289 21.1927 16.9426 
30.148 16.1037 20.0039 23.005 14.9825 4.287 34.8813 11.6413 14.3967 13.1874 27.9393 12.0488 10.3482 7.8672 15.7709 
5.6811 18.5309 41.6069 10.5427 30.5403 32.0953 1.2671 35.6568 33.5395 29.1666 28.1537 30.3961 29.8074 26.345 16.3025 
14.8256 12.1556 38.5485 12.4775 28.6911 24.4122 10.4466 36.2789 35.7562 20.9021 29.9483 24.2812 26.771 23.5907 19.6661 
15.1985 29.0705 27.5589 14.3266 20.6489 26.5915 19.5762 21.3269 26.7824 36.026 4.5647 35.7346 19.9079 20.1186 16.8496 
33.8395 16.6458 18.0378 24.0556 15.1921 5.193 34.3656 9.2824 13.4223 14.8763 24.7634 13.2238 7.7273 7.5608 13.2623 
16.2693 30.8145 28.7781 15.6299 17.7152 32.5804 22.501 22.1194 23.2906 43.6251 3.3158 45.2134 22.1971 19.5328 19.5705 
17.0803 5.9865 39.7501 12.4401 32.3101 17.7681 13.3566 26.3948 30.4903 16.7663 32.3684 16.5257 21.9087 21.2333 15.1243 
14.9758 13.9386 21.2672 7.7612 13.3062 15.104 20.3574 12.4022 17.5353 19.6596 14.0142 22.3829 7.7926 7.8644 1.2802 
11.9807 15.9675 27.117 4.3466 13.9803 17.5114 16.2807 18.9673 20.784 26.3778 13.4265 23.6336 14.6659 13.9073 4.2737 
24.0804 18.3855 15.9041 12.5064 6.3667 14.0366 23.6319 8.5483 14.0636 26.4468 14.5873 24.5881 3.6299 4.3639 6.1839 
31.6925 27.5363 4.6733 25.0511 8.6988 18.6897 40.9763 6.751 2.3067 26.8782 28.0022 28.9187 12.9779 10.3119 18.9321 
24.9309 4.1059 37.9889 17.8352 25.7794 15.6586 22.4958 27.1988 34.865 11.3985 34.2833 10.3975 19.7134 19.7308 18.4917 
17.1614 33.7109 34.3658 15.9844 24.9389 38.5381 20.4522 27.6823 28.4292 46.3486 8.0366 38.0171 28.3458 25.8332 19.6686 
34.0131 24.3537 10.5209 24.5411 3.9191 22.989 30.2365 6.0903 9.0466 28.2221 17.3404 34.1268 9.7992 11.6993 16.4731 
28.4886 27.8037 8.2338 20.5851 4.5621 14.9232 34.218 1.9653 4.4302 26.5841 19.5008 28.5808 6.2198 6.9485 18.4461 
32.4566 20.3035 12.1467 17.8094 6.8165 9.6422 30.8327 5.0309 8.1822 21.1696 21.1515 22.0564 3.9694 3.9728 12.5921 
19.6114 8.0348 23.4319 11.3626 13.9724 8.3275 22.9586 14.9977 20.8252 15.6304 21.5928 12.8857 10.3414 9.2455 7.8742 
12.0029 16.3184 26.4161 3.7573 14.0948 21.5678 15.59 16.7522 22.2922 25.8892 14.9101 27.2982 14.8344 13.6128 4.8477 
30.1311 18.3014 15.3448 16.3914 8.3604 8.4148 29.1235 6.9671 10.9429 19.3699 21.9222 17.9102 2.6994 1.5388 11.7215 
16.3931 21.5306 24.7534 12.2543 12.1465 23.3768 19.6403 13.9983 21.4324 36.8486 5.2093 33.5329 15.6396 14.3824 11.2597 
8.2684 12.6642 33.7736 0.8682 22.0738 19.6427 10.0024 19.2105 29.4227 27.5044 19.8488 26.4071 15.7171 16.5799 7.6576 
22.3955 9.89 22.2158 13.2473 16.5741 4.9246 25.9837 15.4061 19.5994 13.4974 22.8681 14.196 8.0506 8.3758 9.7432 
13.0374 8.3193 34.8399 9.6274 31.0157 21.1289 10.4883 32.138 35.4121 19.8614 26.5083 20.7376 23.218 25.7599 15.673 
28.8991 18.783 12.2882 15.872 3.0723 14.3172 26.6969 3.0465 10.0426 21.4311 19.0506 26.0687 3.316 4.5035 11.984 
21.044 7.6421 24.5512 8.03 14.9273 12.5071 20.3717 14.6672 19.3141 18.0512 19.0043 18.3768 11.6102 11.0594 5.5087 
41.7474 34.4433 2.4077 31.3556 11.3965 24.277 46.479 9.0383 5.2819 29.91 25.328 38.4226 16.4066 15.9109 23.6077 
20.5955 4.1763 30.0669 11.9725 20.3987 9.6676 21.5873 19.3509 25.0589 15.4151 25.9526 14.5466 13.1403 13.7222 8.0839 
11.3947 15.2421 29.2384 5.0004 14.96 22.2389 17.4282 18.3086 19.9484 24.2441 10.8742 26.441 13.8342 12.4787 5.2551 
10.4385 12.4249 27.8613 2.6281 17.531 17.6153 15.4083 21.0856 25.6875 24.8547 14.6229 23.0158 15.0163 16.5502 6.2622 
41.0826 32.2676 2.4136 28.0241 12.6671 22.8883 43.4403 8.8161 5.7081 30.7262 22.251 31.7484 17.0389 16.1462 24.089 
41.0861 30.9638 1.462 31.6984 10.5898 18.4711 42.2857 7.2591 2.7889 30.8851 26.1234 27.2791 14.5196 14.008 20.4623 
22.8477 13.683 22.0868 13.4014 13.31 7.7716 25.5061 10.5444 16.181 16.4919 22.7986 18.6249 5.1139 5.4966 6.0217 
22.231 30.5218 18.8749 17.2048 13.6976 27.4534 24.6302 15.3604 22.2046 36.0803 3.5444 42.0218 15.4037 18.5704 17.5755 
29.5006 25.5907 8.3831 25.3882 4.7371 22.7236 32.9008 7.0491 8.8694 32.4416 15.6099 30.1823 9.7893 13.3777 15.239 
6.9968 13.9947 32.3867 3.753 19.1786 24.2342 10.9017 23.5704 28.739 32.3189 15.7706 25.5304 18.8081 22.3133 11.29 
11.7633 13.9154 24.7179 3.4952 18.4274 18.0829 13.4641 17.8467 27.0837 24.5142 15.4168 29.1586 13.863 16.9697 5.0591 
7.3651 12.5332 36.1322 8.9438 24.4988 27.1657 5.4567 25.812 32.0408 25.6946 23.3303 22.4384 20.7177 24.707 12.8533 
30.5758 16.4428 19.5294 24.3859 17.0716 1.6741 28.2739 16.0158 17.034 9.7192 27.8881 9.858 13.0615 12.9519 16.0597 
10.3171 26.4071 29.0909 12.0719 18.9853 34.0599 14.7315 23.4915 29.1331 36.6493 9.6628 40.831 20.77 26.3788 16.0989 
16.7079 25.2391 26.7472 15.4435 17.7732 33.1492 19.6016 24.3378 23.3251 37.6513 3.8602 35.0468 19.0499 24.0194 14.4636 
15.5831 13.6826 25.485 5.4184 14.2396 15.9399 17.6776 17.1958 21.3607 22.6553 16.4997 26.2317 10.5211 11.235 2.1088 
22.0478 8.6758 25.617 13.2838 17.6637 5.1738 24.9667 16.7534 17.536 11.7705 23.7891 14.2676 9.9691 7.6452 9.6635 
16.5232 26.5319 28.5114 11.8586 18.1587 27.4907 22.2017 17.8941 25.4989 34.0327 3.4856 35.4481 16.9275 22.5321 13.8764 
9.9983 24.6934 35.6038 9.8451 20.5604 33.9016 13.4818 26.0824 31.7288 31.0491 10.0843 38.951 23.9184 25.2643 13.4353 
17.5644 28.3283 30.5497 18.3886 22.1921 37.0581 23.0492 24.2907 27.0585 45.0057 8.0929 39.3175 28.7728 25.0612 19.7106 
22.6071 25.7138 16.5712 19.0644 6.6359 23.1198 30.5189 10.9155 13.7812 29.7469 8.1124 28.3125 12.3644 13.7343 11.45 
33.2971 18.2324 13.6649 25.77 11.3029 7.5966 29.4974 9.1462 9.9548 14.8776 30.4951 14.9842 9.4976 8.041 17.3386 
29.4146 11.7806 26.2618 20.4094 27.2688 8.0977 32.7165 20.9773 22.989 4.3665 35.2118 4.2727 15.8313 18.1207 20.0875 
16.4384 27.0583 30.9666 17.8145 25.7906 29.4512 20.6452 23.761 27.6808 41.0704 8.0583 36.305 26.4806 25.4957 21.9123 
8.2639 13.5567 33.7496 2.4038 19.6371 19.841 8.3227 21.9984 28.1328 26.5401 15.0882 24.0319 18.9043 17.3911 9.7974 
15.9485 16.8273 24.6482 7.583 11.6727 19.3684 18.8863 15.1837 21.2095 27.4263 13.7965 28.2306 11.7507 10.1591 3.6587 
17.985 2.7342 28.7391 11.9563 19.7594 12.997 19.0461 19.5092 25.4997 12.3033 24.7866 14.0164 14.537 16.1253 10.1456 
22.0314 25.6303 19.9335 15.5211 8.865 21.2091 26.0508 13.5039 16.6137 28.8774 6.0433 32.6458 11.4068 14.1974 12.3367 
31.8152 22.4858 9.4939 22.5673 9.8646 13.023 38.6081 7.8588 6.6024 22.4406 25.0416 22.803 9.2802 8.0795 19.3577 
7.6467 12.0893 38.2304 3.1101 21.0146 22.8807 9.1572 24.1714 27.7497 23.7252 17.1043 28.8539 20.2094 17.4998 9.2841 
26.6717 21.971 14.8305 18.9531 8.9914 8.9667 28.005 8.1102 10.8878 20.5829 22.5467 21.5735 5.6028 5.0138 14.3578 
6.9756 12.0725 37.6641 6.7018 26.5403 23.6843 5.9565 30.3433 36.0652 28.7223 23.0216 23.3685 24.5991 20.1276 14.0061 
18.5901 19.9912 20.3318 11.8086 8.4841 21.9382 22.3597 13.8109 15.9065 33.3565 7.5704 31.5286 9.68 10.951 9.3659 
12.437 17.1877 27.1471 8.9763 12.9699 24.7282 16.7371 17.6385 20.7904 26.3321 8.5136 26.5128 13.0947 15.1017 8.3804 
31.1107 18.2033 28.629 28.3738 25.7974 9.4598 31.2005 25.6644 26.3992 2.8065 34.0193 2.8922 20.8212 20.7931 24.2885 
23.8106 6.4672 26.3915 16.5062 20.6337 8.3729 23.8689 23.0558 26.2352 8.7035 31.4473 10.5381 15.4672 12.4195 12.1781 
13.8933 22.7411 29.0874 10.3399 18.879 31.4555 18.4697 21.3317 24.8032 31.581 6.1432 35.2866 18.6376 17.3385 11.4027 
22.1277 28.0557 18.5848 18.669 13.0266 27.2992 28.1559 15.5451 22.5869 41.3951 4.9198 38.2129 19.6216 19.5009 15.0992 
32.0269 15.8295 30.1626 21.3575 22.5136 6.6196 34.2976 23.6593 25.8929 2.9718 38.4404 3.1026 18.3598 15.4689 21.1129 
26.7907 20.8352 17.2319 22.154 11.4197 6.025 32.7347 8.7272 12.6739 18.3947 27.6645 18.9479 8.0879 5.7685 16.1035 
22.5949 20.0107 14.0299 17.4555 3.5896 19.8621 30.8123 6.4123 12.5121 27.7121 12.6868 29.8176 8.0558 7.5508 10.8877 
11.8381 10.986 43.7598 12.907 35.1184 24.7218 9.1985 36.2011 43.9726 23.8568 33.3943 23.8637 26.6738 24.9115 19.3197 
10.4184 17.2919 41.3414 15.8117 30.6008 30.0701 6.1523 31.8299 41.8544 31.7669 31.2655 28.5239 32.3063 26.1541 20.3252 
18.09 7.2489 23.7236 8.2048 14.8528 11.9948 15.076 18.9915 20.6703 19.1816 23.9284 18.9558 11.2332 11.1528 5.4347 
24.5151 8.2277 24.011 17.1458 16.9216 5.7825 21.3454 15.4129 18.0558 10.8176 23.244 10.4207 11.8949 11.2798 10.6576 
38.2305 28.2674 5.6804 26.8256 10.7729 14.4346 35.7715 6.162 3.0342 28.8873 26.2886 28.7316 9.524 10.8896 19.1276 
19.055 6.6237 25.1424 11.701 16.8583 10.8063 19.4142 17.2412 24.0273 17.6502 20.9283 15.437 12.029 10.4578 6.938 
6.9979 25.7719 39.2107 10.3384 26.2397 35.7976 10.3088 25.2766 38.1423 40.2093 13.9957 36.3929 26.6128 25.7582 15.0001 
2.8145 17.5036 38.2182 6.74 22.4737 27.1425 6.7399 24.1927 34.3905 27.7169 20.1126 32.9849 20.9517 26.7042 14.8399 
29.7652 23.4609 10.2669 17.8351 1.5617 19.6391 31.2103 5.0849 8.178 26.9805 13.2916 32.7558 6.2527 8.3848 14.3211 
17.8846 19.5257 20.5124 10.6344 7.1629 14.5594 23.9959 11.1219 17.1219 26.6107 12.3331 28.902 6.1995 8.4629 6.0683 
19.1014 5.4709 28.3535 10.2975 19.9989 12.2919 15.9239 19.3485 27.4234 16.8364 24.6391 13.9834 14.8907 12.8871 8.1822 
28.1065 14.9201 16.6625 18.8042 9.3612 6.4139 27.9882 7.2495 12.9221 19.9946 20.1388 18.071 3.8819 3.1742 10.7371 
32.7935 12.7388 25.9024 23.2757 20.6517 5.2345 27.3542 20.2501 23.5779 6.3196 30.6339 5.4206 15.0152 13.5292 15.787 
13.9688 10.2069 29.4851 4.3127 15.7381 17.7402 13.5738 15.1861 23.1317 19.4478 16.9424 22.7922 11.2362 11.202 3.035 
4.6839 16.9068 37.3322 7.3102 26.0885 26.7633 4.7116 24.5568 34.0115 26.3758 18.5622 27.2824 20.2073 20.2647 12.5043 
19.7198 30.0285 29.7716 17.6595 15.6083 27.9462 28.5953 18.9103 28.9634 35.9631 2.0428 39.8072 20.6539 22.7886 17.5912 
13.8547 28.7609 29.8087 14.2623 17.1986 28.4899 17.1408 25.0466 28.3244 40.3951 6.6603 35.8344 20.3903 19.5902 14.5278 
30.0659 21.689 11.5612 19.3233 6.0596 11.3693 32.5513 3.7012 7.9446 23.2244 21.4363 23.696 4.7754 4.4611 14.9163 
23.9973 25.6441 20.6943 17.9471 10.2756 25.4658 26.3404 15.1998 18.9672 31.0242 4.5133 31.1721 15.4639 14.238 13.6937 
23.1437 33.9995 26.7165 18.9997 22.3552 33.3872 22.9156 24.0315 29.8734 45.9831 5.83 43.0147 20.5966 21.8798 20.1345 
31.2598 19.8942 17.0111 23.5949 13.167 5.9492 30.0647 9.1788 12.696 15.9838 24.7522 18.2639 8.1838 7.9808 14.6251 
10.7702 18.0413 25.9608 3.9055 16.1771 20.7585 14.0554 22.0479 28.6453 24.164 11.9856 29.3461 13.9141 14.3454 7.1601 
13.8338 25.2268 24.79 14.8235 18.8722 31.5796 21.005 21.3422 23.5762 31.2943 4.1198 37.6701 20.0121 19.2032 14.8529 
34.1075 30.6322 1.8634 24.9333 9.6869 24.2686 43.4726 7.6951 3.4956 31.0814 21.786 29.0938 13.1758 15.2487 22.2625 
11.5516 15.7366 29.1294 5.7495 17.0684 20.6775 16.9759 15.6069 21.906 31.938 12.0185 24.8934 12.6901 13.6928 6.5684 
25.7829 19.6846 16.5566 16.741 3.9748 18.188 27.9308 6.9236 12.4966 30.2312 12.3343 30.9109 6.2493 9.5272 10.1484 
7.1611 17.2312 31.9103 3.3116 18.0242 20.6318 10.6483 22.9957 30.8611 32.0253 15.7983 30.9331 15.8019 17.2302 7.9895 
29.4655 16.0929 19.4793 16.7425 14.1141 3.4143 26.8707 9.841 14.898 13.0035 26.2006 12.664 8.3511 5.6268 13.7617 
25.4347 27.2009 18.5605 21.396 8.6835 24.6603 26.3979 12.2399 17.1373 35.5055 6.1206 35.5515 12.7325 16.3006 14.4075 
23.6435 24.2141 19.5236 18.2528 10.9081 26.7081 30.0209 14.0034 17.1005 34.0007 4.6245 38.9934 15.3164 17.5565 13.3716 
26.5776 26.3136 19.0647 20.0368 11.0205 29.592 25.9915 12.2919 15.0297 37.0742 6.8205 31.0221 15.4125 17.591 15.6961 
7.4992 25.5966 34.1018 10.7154 26.2965 33.463 13.3871 29.2647 34.6481 35.041 14.2254 35.5009 21.5044 25.7013 16.3166 
18.8896 0.9682 34.13 14.0057 24.8706 12.6292 17.3241 21.7892 30.0093 13.3331 24.5288 11.6578 16.6191 15.7712 11.9495 
28.7184 30.3964 6.647 26.1979 4.0399 21.1418 30.2859 4.2215 4.3973 32.2152 21.4808 27.0244 9.7813 11.0 18.9719 
36.4271 14.4191 24.52 26.9697 27.002 5.668 35.454 23.1733 25.5508 4.4828 35.0994 5.6591 17.9699 18.3034 21.2611 
17.9635 34.4154 30.3829 17.3455 27.0787 35.8687 22.9598 29.3021 35.111 37.2456 8.0783 38.2569 29.1522 24.8277 24.0758 
9.8794 18.6515 29.9518 5.8327 15.9465 20.7694 14.9923 16.9344 26.3142 32.7427 9.2356 30.0686 13.8085 18.3809 8.7019 
17.3137 30.5701 28.3545 14.4433 17.4121 33.7427 21.4916 24.2566 27.0183 43.1555 3.6089 42.0717 18.6078 19.3493 17.9893 
29.0391 29.0814 6.8956 22.2428 5.2364 16.9241 37.4685 3.3369 2.908 31.9206 22.0689 27.6492 7.3919 8.7949 18.0161 
15.0138 6.6713 28.7454 8.1849 16.9174 11.7196 15.6902 18.6365 27.1349 14.7059 20.0987 18.4512 14.9738 13.6007 6.9305 
23.5048 11.683 20.6785 13.1039 14.7102 5.7112 23.066 13.4222 18.0297 13.7677 21.8989 14.1341 7.9358 6.3421 8.9811 
28.8876 12.6634 22.0427 20.5516 20.999 2.842 29.8525 14.6552 21.7928 8.7726 25.7682 8.8073 13.0976 12.9252 13.0377 
19.5707 14.1795 21.5478 7.1115 13.4381 15.5617 17.6036 11.6268 18.1061 20.5119 14.351 19.681 8.4463 8.8917 1.164 
11.0585 16.7432 39.0563 16.4073 32.9186 33.0494 6.356 31.5412 40.7457 29.2555 28.7142 31.0875 31.7968 31.8526 19.9946 
16.4234 17.9709 21.6377 9.7236 11.1179 20.7735 17.8376 13.7616 19.0471 29.1353 12.037 30.1643 10.5968 11.5258 5.5896 
13.3419 9.9996 44.1029 9.4065 32.6116 25.036 8.5815 25.4456 36.3294 22.9807 27.5947 26.5729 23.2385 25.9049 14.6971 
25.7818 19.9485 15.5104 14.7667 3.2546 15.2727 30.639 5.3032 11.7378 25.511 12.1969 25.5781 4.8383 6.8395 11.0659 
10.8883 15.2993 32.6195 2.0063 16.8154 18.5558 12.0258 21.2823 24.2163 24.4122 14.8105 27.2489 17.9491 16.3814 6.7315 
17.4659 12.0499 23.8083 6.6007 14.1219 14.7346 19.6633 13.1389 21.7466 22.9664 15.3967 21.7717 9.4678 10.0296 0.6426 
26.9549 10.0115 23.5063 17.5003 21.1571 4.2593 22.8218 15.7908 20.462 9.8702 27.4142 10.2837 12.4312 12.4838 13.2215 
23.8729 19.8857 16.6305 15.4665 4.4309 21.1444 25.6345 7.585 11.1968 29.6943 10.4797 32.014 6.1921 9.4005 10.3173 
15.7017 12.615 27.33 5.2625 13.2032 14.3973 17.7803 15.2845 18.2668 26.5485 14.7167 20.6571 9.4954 9.6792 1.8681 
35.6739 25.9784 10.0262 22.4084 10.4093 12.7876 39.0222 8.5349 7.5275 19.8413 22.8212 21.7018 8.202 7.8078 19.8748 
26.1183 30.2208 18.1227 18.3184 10.6659 23.198 25.9473 13.5732 18.4596 35.3811 6.7692 31.9689 14.046 14.8032 15.6338 
8.9085 10.9782 32.8532 1.1411 18.3133 17.504 9.6343 22.063 25.315 23.4709 18.3786 25.7076 15.4989 18.5488 6.9197 
14.2768 7.889 30.2733 4.6513 21.6504 17.9995 12.8818 23.0751 26.7109 19.2299 24.113 22.4146 15.0327 15.623 7.936 
5.4376 17.8533 29.9451 6.1086 20.5767 28.2894 10.7935 28.2812 27.5686 30.6776 13.1227 29.7302 23.7803 25.0231 14.0059 
33.2857 14.6405 20.509 19.0704 14.1188 2.3246 26.8306 14.1389 17.8664 12.1004 26.6148 11.4279 9.6595 8.443 12.0041 
EOF