I 150
J 15
bounds (0, 100)
cv 0.5
D 1
k 5
t 3
FLR 0.4
FCR 10
abounds (80, 120)

a 
127.0 127.0 108.0 
96.0 112.0 120.0 
108.0 102.0 97.0 
98.0 109.0 132.0 
133.0 117.0 94.0 
105.0 103.0 98.0 
115.0 101.0 111.0 
117.0 130.0 107.0 
107.0 111.0 88.0 
104.0 106.0 111.0 
117.0 111.0 130.0 
110.0 103.0 101.0 
110.0 104.0 126.0 
129.0 107.0 104.0 
105.0 114.0 117.0 
110.0 109.0 106.0 
96.0 119.0 122.0 
130.0 106.0 125.0 
127.0 123.0 101.0 
127.0 117.0 113.0 
115.0 97.0 93.0 
103.0 121.0 95.0 
129.0 109.0 102.0 
110.0 114.0 106.0 
114.0 119.0 124.0 
108.0 103.0 115.0 
105.0 104.0 118.0 
113.0 116.0 111.0 
117.0 105.0 117.0 
93.0 129.0 100.0 
123.0 97.0 118.0 
122.0 107.0 116.0 
107.0 112.0 116.0 
110.0 117.0 110.0 
109.0 119.0 115.0 
100.0 102.0 95.0 
114.0 90.0 120.0 
126.0 122.0 104.0 
122.0 104.0 115.0 
138.0 115.0 109.0 
124.0 129.0 102.0 
103.0 118.0 105.0 
113.0 118.0 125.0 
84.0 100.0 121.0 
112.0 111.0 124.0 
102.0 122.0 109.0 
120.0 118.0 103.0 
112.0 113.0 118.0 
113.0 118.0 106.0 
110.0 115.0 109.0 
104.0 104.0 98.0 
115.0 125.0 111.0 
110.0 118.0 106.0 
112.0 109.0 107.0 
110.0 94.0 129.0 
102.0 110.0 111.0 
109.0 118.0 100.0 
117.0 118.0 106.0 
124.0 102.0 107.0 
119.0 111.0 100.0 
119.0 128.0 101.0 
103.0 116.0 127.0 
113.0 115.0 118.0 
91.0 109.0 111.0 
138.0 127.0 103.0 
123.0 124.0 116.0 
111.0 129.0 126.0 
116.0 115.0 127.0 
111.0 115.0 121.0 
114.0 128.0 124.0 
99.0 107.0 96.0 
111.0 108.0 119.0 
117.0 109.0 120.0 
113.0 112.0 112.0 
101.0 95.0 121.0 
118.0 95.0 108.0 
121.0 118.0 114.0 
137.0 96.0 107.0 
125.0 113.0 133.0 
111.0 123.0 120.0 
104.0 120.0 101.0 
113.0 106.0 129.0 
95.0 127.0 109.0 
99.0 109.0 89.0 
118.0 118.0 114.0 
125.0 113.0 94.0 
115.0 92.0 131.0 
104.0 125.0 114.0 
99.0 118.0 119.0 
103.0 115.0 112.0 
121.0 98.0 125.0 
110.0 116.0 112.0 
121.0 121.0 115.0 
116.0 122.0 121.0 
127.0 117.0 106.0 
110.0 118.0 130.0 
125.0 117.0 99.0 
110.0 115.0 106.0 
117.0 84.0 112.0 
102.0 108.0 114.0 
111.0 116.0 96.0 
119.0 125.0 105.0 
121.0 111.0 113.0 
87.0 122.0 120.0 
114.0 109.0 106.0 
111.0 113.0 108.0 
115.0 99.0 121.0 
102.0 124.0 87.0 
109.0 119.0 120.0 
124.0 94.0 108.0 
110.0 100.0 125.0 
118.0 106.0 104.0 
111.0 111.0 101.0 
127.0 115.0 95.0 
111.0 105.0 98.0 
99.0 101.0 114.0 
109.0 119.0 107.0 
127.0 115.0 113.0 
109.0 116.0 108.0 
112.0 114.0 114.0 
100.0 116.0 110.0 
102.0 106.0 121.0 
110.0 105.0 121.0 
119.0 121.0 122.0 
96.0 106.0 113.0 
101.0 119.0 120.0 
118.0 124.0 89.0 
120.0 128.0 124.0 
119.0 133.0 131.0 
121.0 108.0 112.0 
114.0 110.0 121.0 
117.0 109.0 108.0 
111.0 124.0 105.0 
111.0 112.0 119.0 
112.0 123.0 125.0 
107.0 119.0 112.0 
114.0 112.0 103.0 
118.0 115.0 104.0 
112.0 100.0 125.0 
119.0 116.0 112.0 
124.0 118.0 121.0 
95.0 121.0 104.0 
139.0 116.0 117.0 
115.0 112.0 118.0 
129.0 101.0 125.0 
89.0 123.0 120.0 
112.0 108.0 115.0 
89.0 113.0 140.0 
114.0 102.0 117.0 
108.0 120.0 103.0 

Icoords
48.7334 17.9357
29.3917 14.1514
42.1531 68.435
94.1 74.7284
65.4374 75.56
21.8858 95.6882
4.0482 30.1001
61.412 64.0624
92.1355 2.8824
25.4944 0.5373
34.7618 96.0231
59.7097 62.7034
47.321 62.6564
27.6102 55.0638
64.653 60.0858
18.5863 36.0875
35.3234 48.913
22.8742 22.3441
99.5391 82.4898
77.7532 79.77
63.4145 22.3496
86.2071 96.2415
30.8142 94.9316
55.8487 32.7744
7.8439 72.3735
59.5965 97.0815
76.1218 94.4176
3.1501 38.2296
68.8592 30.3527
36.9326 85.9788
61.3369 95.3903
43.3175 42.6038
45.0671 81.3394
45.8037 67.154
61.2006 67.0439
5.73 14.9619
78.4106 12.3054
22.3305 34.8399
82.0053 36.8292
60.4064 28.8271
56.3363 18.0254
38.6566 17.9394
71.5725 88.8358
57.0279 2.3284
27.7028 15.9854
85.0879 65.5165
23.9145 8.9614
5.352 39.5468
7.9814 60.4647
54.2453 74.275
97.9233 51.3593
34.2871 0.9149
25.9819 12.8696
51.7362 62.9115
8.2633 73.3291
72.9677 48.2957
99.4432 45.8025
96.1204 49.6908
8.9728 72.1794
59.0693 86.9943
95.1071 89.6329
62.3448 11.2707
65.9894 58.5162
67.6445 92.1307
92.9746 47.4426
23.6022 68.5921
40.98 43.482
8.8034 82.6703
44.9932 31.1697
66.6703 11.3147
58.433 79.298
84.8786 80.0837
24.7311 55.2059
12.4601 85.1867
63.7436 93.5592
63.0748 97.9621
12.5436 5.4955
54.6172 96.2951
84.6493 76.3489
76.445 48.9272
23.1689 39.0133
59.5061 90.2755
50.0267 71.7768
34.0424 86.6851
73.3614 80.3335
61.1465 29.2915
50.5537 63.3769
98.6079 93.6866
99.3682 6.2202
10.5779 1.8409
47.1559 86.4977
7.2933 81.7464
98.2037 47.6204
13.2775 69.1739
77.3975 17.1989
91.9442 69.2597
89.1748 67.8912
23.5722 33.9821
34.2769 28.0353
54.7143 90.8595
78.4887 32.2233
39.8088 46.199
83.871 96.3057
37.7525 27.6603
44.6006 82.1323
93.9455 67.4557
90.9803 34.6007
33.6398 92.5161
45.0521 68.0818
58.844 5.9708
13.8053 15.2664
66.2182 92.2566
55.7187 17.6082
49.9085 77.2695
80.5601 74.8888
12.362 19.1716
76.2377 8.6661
57.6993 66.9156
53.6167 93.1198
81.1181 92.4326
63.089 90.6807
69.3428 32.6637
36.1657 80.773
78.3509 0.3826
79.6491 96.0996
33.9237 54.0594
15.5779 19.8985
29.6055 42.6583
43.2814 10.6085
33.6857 41.8794
0.0454 37.7494
72.7009 52.2121
25.8501 42.091
62.568 2.6717
49.4145 33.4708
1.5095 82.9925
98.8301 67.5234
17.2858 89.0139
86.2292 98.672
59.3935 57.9782
4.0959 56.9269
53.0585 82.1007
12.1386 75.149
65.4721 94.2817
34.6531 37.9785
14.1864 79.0746
91.7491 42.1471
41.6843 80.4973
58.8703 8.7489
98.8752 39.2486

Jcoords
72.5961 42.051
99.6812 26.4867
34.4088 41.9907
62.7159 60.9296
24.6895 40.5003
45.7982 61.1092
84.5405 22.9905
98.7666 78.3363
7.5971 14.9905
17.2279 73.9775
97.7339 14.221
23.6004 73.14
41.2189 8.7189
1.6211 21.956
18.5323 70.2721

C
11.104 20.0494 9.4994 14.6482 9.8954 14.3624 13.0726 28.2276 15.3707 25.6712 15.8136 19.9681 4.6141 15.1875 22.4238 
16.1438 27.8747 11.1199 21.5666 10.2002 18.7625 20.9671 28.5994 8.6021 21.1294 24.3982 19.9569 4.0087 10.0213 21.3099 
16.0415 26.3361 10.278 7.425 12.8812 3.2362 21.9928 22.8972 24.9162 10.0349 30.3117 7.4837 19.8819 20.0488 7.7544 
14.5794 14.9916 24.3043 11.7867 28.7895 18.714 18.5989 2.2863 38.1185 23.6624 22.9372 24.4625 28.8246 39.0982 22.9595 
10.4817 19.4061 17.9332 4.4823 18.2605 8.8924 21.5397 12.4615 25.3764 15.445 25.7531 15.5894 21.4418 29.1031 16.1196 
25.51 32.6208 20.9195 18.2366 18.4289 15.5597 37.5633 24.6059 25.684 7.3387 35.9864 8.4076 28.0462 29.6995 8.4369 
20.9024 37.7158 12.0414 22.0099 7.8031 19.0758 30.8435 36.3524 6.036 15.4256 37.7617 18.0062 16.7237 3.0381 13.8231 
8.9846 17.6612 11.1882 1.3434 16.8767 4.9833 18.171 12.7205 25.6359 14.2641 21.8258 12.6341 21.7799 26.5386 13.2667 
15.2238 9.1021 26.1894 24.4168 26.3423 24.3633 7.0524 26.8894 28.3019 37.1169 4.1123 38.8866 17.0047 28.6479 38.0813 
24.0529 26.777 14.0475 25.3899 15.213 20.8646 21.6803 39.8203 8.0079 24.2553 28.6229 28.637 6.4628 12.3931 23.2671 
25.3762 33.9521 17.5933 15.941 22.5321 12.9953 31.9242 25.8044 33.7927 10.8898 39.6105 9.3336 27.0507 29.2116 11.4053 
9.4183 17.6163 11.0715 1.332 15.3464 4.38 14.4632 16.773 24.9556 17.4974 24.0544 13.663 19.3616 21.7691 14.1092 
11.6483 23.228 8.7651 6.1315 11.465 0.7529 20.1692 18.302 19.2661 10.5234 21.5324 9.8731 18.0378 20.6905 10.9289 
14.6953 23.4683 5.539 13.3436 4.8883 7.3656 22.7199 25.8585 13.5588 7.6789 31.1782 6.8897 15.3454 13.3551 6.1442 
7.455 15.4785 13.4174 0.7955 17.3836 6.252 13.1489 14.0595 25.1702 18.8183 18.4014 13.1475 20.8055 28.6419 15.785 
19.6649 32.101 6.5305 18.2967 2.5637 14.7425 22.8152 29.3189 8.7205 12.4473 27.9265 12.8248 13.9749 8.0039 13.4653 
12.753 20.5209 2.3433 11.95 4.1641 5.2733 17.9061 25.3511 17.2268 10.9621 27.9549 10.4266 12.8779 15.1567 9.3163 
16.361 28.483 6.8985 21.2869 6.5232 17.6316 21.7447 35.3954 5.8375 19.0832 24.7207 16.0023 7.3055 6.8616 17.0216 
16.3368 17.4674 27.6409 14.2264 32.2094 21.0934 21.1203 1.425 36.1681 31.2382 22.0517 27.5291 30.7226 35.0306 28.1324 
12.1786 21.3651 21.9124 7.7909 21.9893 14.2764 22.0786 7.2981 37.6038 20.4659 24.7792 19.4606 26.7804 31.0686 23.8531 
8.0488 12.3924 13.9209 15.2377 12.9886 13.739 7.0593 25.7969 21.3041 25.125 12.919 23.8201 9.8509 24.5078 22.4091 
20.0028 24.1692 23.5225 13.2749 25.22 18.393 27.6741 6.8128 45.1199 23.7962 25.3201 24.1239 32.701 36.7332 23.3986 
23.7028 32.4393 17.1499 15.0551 19.0562 13.5579 31.5697 23.2022 31.9325 9.2001 41.8436 7.5429 31.3747 27.3129 10.7137 
6.7582 13.9884 8.4713 11.1691 10.8539 11.8604 10.1855 22.7524 18.014 21.4882 16.9865 17.5301 10.3892 17.5289 17.2248 
24.1099 35.5009 14.3111 20.2294 11.8788 13.4727 34.326 28.6475 19.103 2.9817 32.4928 5.0244 28.4332 15.6871 3.977 
19.067 26.4651 20.626 11.0999 22.9166 14.4826 26.6975 16.9225 29.3272 16.1522 27.9668 17.2491 31.8956 29.7495 17.9392 
18.9944 21.793 20.9968 11.3878 29.7013 14.5042 24.2375 9.2043 36.3903 18.9576 28.6881 20.984 33.9599 34.8055 20.651 
20.9279 31.9053 10.8526 25.4277 6.6752 18.6815 31.0187 33.5325 7.5786 13.1473 29.5873 12.7972 14.5322 5.9382 10.8727 
4.4125 9.5116 14.0471 9.6963 16.0298 14.8462 6.032 18.0083 21.6509 26.6387 10.3361 20.2044 11.225 24.8003 19.2839 
18.972 28.9062 16.2098 11.1654 16.0697 8.3643 27.7925 22.4982 26.5458 8.3058 37.4331 6.0339 26.2236 28.2151 9.2294 
19.1674 26.4871 22.5106 13.3159 22.7963 11.6829 29.5898 13.5159 32.3869 18.078 32.0153 17.4224 28.143 32.0011 19.2416 
9.6051 20.1662 2.7022 8.7583 6.9043 6.0232 15.2794 25.8584 16.7819 15.6565 18.897 11.7333 12.7787 18.2486 12.8303 
18.5992 30.0099 12.34 10.6553 13.8839 6.7937 22.6909 21.3897 28.5515 10.9368 27.6506 7.7578 27.3291 25.7896 10.3329 
13.926 26.5623 8.3284 6.7976 13.2171 2.3146 22.3406 20.8673 25.6243 10.5794 28.319 7.1311 18.4109 19.7455 9.9777 
8.4218 17.527 14.144 2.1348 15.3837 5.2341 19.4332 13.7842 27.0258 16.2172 24.8232 13.7738 22.2505 25.8297 13.6244 
22.6391 37.1428 12.7565 24.8345 10.0223 22.7592 31.1883 38.7468 0.6082 19.8654 30.8959 21.5995 11.2209 3.0801 21.1307 
9.1774 8.0528 18.3866 19.329 21.0466 18.0788 4.723 24.2255 26.2765 31.2479 7.4041 29.4783 12.6216 29.3399 31.8275 
15.7063 28.4283 5.5556 14.5489 1.9973 12.2654 19.1632 30.6842 8.0167 13.4549 23.9127 14.3742 10.1475 8.4487 11.8238 
3.9773 6.2728 15.526 9.7176 19.3378 16.7577 4.6273 14.1184 28.6225 24.3584 9.4163 21.2162 16.6537 30.7947 21.8677 
6.5717 12.0079 10.1437 12.0309 12.231 14.1309 8.7302 19.8854 16.5796 20.079 14.8669 19.8391 9.4972 21.6264 19.2067 
9.617 15.4394 10.8071 14.7261 15.4369 13.3417 9.3932 25.4923 19.2942 21.8721 12.6836 23.7439 6.7086 16.9286 24.4672 
15.1958 20.3224 7.4247 15.4445 9.8867 15.2841 15.7179 31.9884 9.653 21.7244 23.6126 18.75 3.0605 11.4627 17.7009 
18.5687 22.6584 23.7153 11.2778 20.9824 14.8736 25.1797 10.64 33.7956 17.606 29.8957 19.1854 28.6666 32.7499 22.2869 
13.4094 18.853 15.6427 21.2132 19.4211 18.2763 12.6309 30.0898 15.5989 24.6457 16.6281 27.2893 5.1616 22.4072 23.7085 
16.7831 23.4879 9.9958 22.3675 7.5333 15.747 20.0495 32.9753 6.8362 18.2685 23.8531 21.236 4.6374 9.5815 18.9887 
8.7114 12.659 19.3769 9.0802 20.3902 13.2051 13.7498 5.9503 31.5914 23.4494 17.2336 20.186 24.2643 36.2289 20.885 
22.9741 23.4857 11.5094 21.4931 10.4078 21.79 20.2801 37.8531 6.0676 24.0194 24.9624 23.0276 6.4344 8.1954 23.3938 
26.4587 33.254 9.853 22.3696 7.0106 14.2088 30.1032 32.4887 7.9993 11.5638 29.8771 13.7703 16.4728 6.0995 10.498 
21.0229 37.5034 11.4209 17.0066 9.5855 12.001 27.6088 31.4131 17.8629 5.9895 36.3677 7.8208 23.8562 12.9308 5.6727 
14.6848 24.2067 14.9975 5.0771 13.7739 5.9864 19.3941 13.8455 26.7725 13.5377 26.6854 11.653 24.0683 29.3189 11.2266 
9.6547 8.8144 25.1606 14.2073 28.1701 21.1162 9.9057 10.7529 35.8917 32.6338 11.9067 29.5854 23.9165 39.5514 27.2586 
22.1418 23.5435 16.3277 24.1458 13.2502 22.9206 20.8521 35.2846 9.876 22.9735 22.6117 29.0366 3.6282 12.9857 24.9503 
18.9237 27.2131 9.9709 24.027 10.4945 20.4068 22.7248 30.2203 6.2016 19.9764 24.2995 21.5755 5.0503 9.4537 18.8065 
9.8297 20.1229 8.9046 3.4208 13.3933 1.92 17.3922 16.1503 24.4317 12.912 23.323 8.9932 20.1438 21.6364 12.7946 
23.3342 31.8227 15.3211 17.2231 12.6426 13.808 34.3079 31.7518 18.2845 2.7836 41.7026 4.6414 28.8378 19.1404 3.7725 
2.1832 10.825 12.5809 6.3177 16.681 9.7478 10.649 14.6989 27.6663 21.744 14.9415 20.9294 15.5511 25.6528 21.5209 
8.5932 7.4449 25.0356 15.4513 29.8417 17.3662 8.4988 10.0681 30.9327 26.8723 10.551 30.6676 25.8659 40.0733 31.3945 
9.1738 8.8809 22.4382 13.5374 27.0506 17.4877 9.2257 8.8489 33.7349 25.7874 13.2439 26.5768 23.5107 35.9077 27.4368 
25.1948 35.7312 14.1679 19.9975 11.9034 14.52 29.5386 31.1236 22.2701 2.5853 36.8272 5.3169 25.9107 19.1005 3.6018 
17.7273 28.6902 19.6956 8.1482 20.863 11.2719 23.0768 14.3223 32.9609 16.9888 29.8643 13.6931 25.9963 26.146 13.9314 
20.4605 19.7975 30.0471 14.3903 29.5458 19.1116 24.8038 4.0053 45.9618 26.8974 29.4285 24.0847 30.8273 38.3858 26.2307 
9.8398 14.4136 14.3876 19.8393 18.8911 15.8538 8.3783 26.2227 20.7478 27.2772 11.9853 28.4917 6.4285 21.6107 28.3963 
6.4188 17.1676 11.7194 1.3084 13.7833 7.0985 13.5783 15.0879 22.4606 19.3567 17.8582 15.4162 17.3639 23.7329 18.0361 
19.3395 29.0278 20.9881 9.9913 24.0375 13.2721 22.0215 13.1948 29.4931 18.4762 26.1495 15.1518 29.1542 33.5495 20.0352 
6.5052 7.5008 22.9335 11.9527 25.8831 19.0178 8.947 10.25 31.1459 24.9047 11.2194 25.3975 20.6392 29.0501 27.416 
21.8538 29.7206 8.7746 12.1724 9.8845 7.978 27.1566 29.279 17.3191 3.2753 28.6188 1.7637 18.8669 19.0399 2.1006 
11.9093 21.9575 2.3456 9.9449 6.4274 7.156 16.6852 26.7845 15.7252 14.5919 20.6756 13.7294 10.4987 15.625 12.2855 
25.6149 35.6534 16.9726 19.16 17.4259 15.1152 30.5957 31.1904 22.3176 3.9645 44.5636 6.8466 32.1926 24.0943 6.2125 
10.4795 20.4403 5.1889 13.0687 7.7828 11.1415 14.2112 26.9232 12.9939 15.5112 19.3779 14.4056 8.7557 16.0156 17.7998 
10.3861 12.4614 14.8467 17.4103 19.562 16.4352 7.7487 28.4461 22.4735 26.8673 9.9339 25.3999 9.297 25.8448 24.0366 
13.1701 24.861 13.8046 6.8371 17.4978 7.3372 19.7493 15.9282 27.1744 15.8918 26.0989 12.4441 25.5939 26.2178 14.9849 
15.0155 20.6345 19.6588 10.2232 28.5922 17.3295 17.6592 5.1049 34.9404 25.1121 21.9167 22.67 25.1567 37.814 25.2175 
15.9294 28.3974 5.6494 12.6573 5.6588 6.9355 27.0716 24.9758 13.6298 6.3416 26.0037 6.6488 16.647 12.9616 6.2983 
25.3918 31.74 15.5145 17.009 15.6223 16.2603 34.9211 28.9084 21.5526 4.5971 38.4963 5.098 31.004 21.7928 5.546 
17.2626 30.0037 23.672 11.759 23.9943 14.5804 22.6299 13.3659 33.6638 19.8243 26.567 17.3667 27.9402 30.0882 16.9453 
18.5234 27.5122 21.2426 13.8026 21.4359 15.5765 31.1468 13.2378 38.896 18.6632 28.041 14.6652 27.9684 38.4321 17.2973 
22.7714 33.1274 14.2522 23.006 14.2576 23.1134 25.7618 41.9547 3.2943 24.6493 29.0049 23.2015 11.3231 7.7577 22.3391 
17.8581 30.3778 20.0713 12.7891 24.7243 12.0539 31.4015 18.4977 36.1693 17.3216 30.956 14.1395 31.1324 30.5566 14.7972 
12.5567 16.4152 21.0412 8.7672 27.5734 15.4413 20.6124 5.6399 34.7896 21.6017 19.1171 20.7731 24.482 31.4153 25.9541 
2.8242 9.8266 16.3389 7.1849 17.8234 12.1495 9.4391 13.4946 26.7347 20.0866 15.2845 19.0949 18.512 24.0757 20.7815 
16.2922 23.7632 4.5441 14.3056 0.6538 11.4714 21.2994 26.7825 8.7058 11.0935 27.6832 11.7678 13.3227 9.7946 12.3622 
17.7642 23.3244 16.407 10.5921 22.8152 10.0806 28.5442 13.9768 27.7356 16.5022 28.8476 12.2418 27.6823 29.5497 13.8794 
11.5328 21.5129 12.8879 6.1332 13.1703 3.7099 22.5416 14.862 21.3511 13.0274 27.4434 10.5184 19.5595 21.3949 12.5522 
20.8493 34.236 13.8423 12.1987 14.1603 10.9018 25.2305 25.9867 27.7926 6.9172 33.5448 5.8628 23.5514 26.12 8.1002 
14.6115 22.0381 21.8249 6.8566 23.7173 11.8088 18.3038 8.7434 35.9241 17.5295 25.5777 18.1354 24.7658 31.4007 19.8674 
5.9111 12.8621 11.2895 12.5156 12.1518 13.9538 9.2308 19.2605 21.4 20.2377 13.1015 22.5135 10.606 22.4189 20.4206 
10.4708 23.8925 9.384 4.9426 13.1351 2.0194 17.0387 18.4203 22.2644 10.8061 23.2746 9.741 17.7216 21.2845 12.2603 
21.0802 25.0419 29.5579 19.0581 31.2351 21.4195 22.0715 5.4911 36.8529 30.5205 31.0888 26.1854 38.983 44.6453 26.2967 
15.78 7.4144 23.2408 21.1056 32.3589 28.9994 8.7706 25.7824 34.4419 39.8343 2.6793 32.6518 18.6715 30.4145 31.6732 
22.5582 35.8795 17.7234 25.9024 12.9307 27.1844 25.6783 40.1244 4.1164 23.2468 29.8513 21.8958 9.5247 7.6054 23.7471 
16.9359 29.7072 16.8751 11.1162 17.0312 9.3894 22.8672 16.0779 32.3775 10.1087 34.0073 9.4128 27.0444 28.7831 12.2661 
24.363 39.3795 17.0065 18.7437 15.5109 16.9941 31.1639 30.436 20.4409 4.4948 37.3819 6.1936 27.1282 20.8164 6.1034 
9.6517 8.3936 21.1277 12.0564 25.5549 20.2168 11.0128 9.542 38.2516 33.3306 10.9861 29.3154 24.7217 36.496 25.7681 
19.8937 35.3497 12.7049 18.5298 10.2983 13.0472 31.5221 31.623 16.9052 2.3223 34.1075 3.4094 22.7838 18.5447 2.055 
8.5781 8.8721 18.8427 17.0863 18.6199 16.5108 3.4246 23.1338 21.5651 26.4983 6.7888 24.044 12.4706 28.9201 23.8805 
10.1495 16.4697 19.2603 11.2147 27.8905 17.7741 17.492 3.9957 33.9607 23.006 22.0041 24.486 27.328 38.1739 25.3002 
11.0862 15.7881 19.9496 9.7016 22.0904 16.3892 17.6946 5.4002 33.6897 25.5169 19.5382 20.2023 24.5252 34.0021 26.1667 
15.2628 27.7689 4.0438 18.6906 2.0052 11.5133 22.1042 30.9832 8.9788 12.4929 27.0311 15.53 11.2263 8.2022 13.9372 
15.366 21.1446 4.2803 16.0976 5.7367 13.3824 15.7964 28.4537 11.1427 16.0585 19.5739 16.8023 7.2252 12.3235 15.1455 
17.8659 30.6633 20.0724 11.717 18.539 9.3266 28.927 15.1499 28.963 14.081 34.3463 14.2077 27.1285 31.6021 12.8259 
4.2432 8.5757 14.0323 12.8527 18.8118 15.2423 3.6695 16.6538 27.5336 26.3038 9.1971 21.3051 16.9816 28.3291 24.6477 
13.0972 22.9507 2.2223 9.385 5.1333 5.6512 15.7229 26.839 17.4962 11.7813 20.6834 11.8564 14.2525 14.081 10.0207 
20.7303 23.8026 27.0339 15.8817 31.854 16.7524 23.5498 7.9638 40.3703 25.3585 32.0585 22.8898 36.9417 38.3622 24.413 
11.5018 24.3423 5.377 13.73 6.6161 13.3346 15.0983 23.834 13.0018 19.9453 24.0219 14.7655 6.3949 12.2869 14.8558 
18.1627 23.7551 14.9467 9.3563 14.5275 7.9049 26.1267 16.458 26.8399 9.8823 27.1529 8.4913 26.0379 27.7456 10.6396 
10.0383 16.0552 21.0062 11.7567 28.062 19.3138 18.1023 3.6357 34.2417 24.0607 20.8727 22.2309 29.8912 31.3619 25.9451 
6.2465 4.0712 18.6732 14.2188 22.2286 18.8584 4.9827 16.641 31.4708 25.3493 8.2465 24.296 19.8951 30.1884 31.1063 
23.9771 33.7785 20.0609 15.0733 19.1487 11.3832 28.1075 20.8689 30.9221 8.8837 40.2611 6.8392 33.0752 27.7629 8.5185 
13.2113 21.2578 11.1418 5.9781 11.4233 2.4137 19.0243 19.6372 25.0603 9.8352 28.6373 8.4744 20.5169 20.489 9.859 
12.2594 15.8354 15.3255 17.9059 19.2231 19.8369 12.1191 30.4969 18.0196 31.5251 15.6716 26.7764 6.0293 23.5278 25.6821 
24.8599 28.4673 10.3056 22.8575 8.5247 21.8635 25.0041 32.2622 2.3279 18.9371 31.8869 21.1602 11.1583 4.2005 18.7156 
15.3902 25.7686 20.4451 10.5095 23.3977 14.2683 22.1322 12.2945 33.315 17.3234 29.8934 14.704 27.8772 35.2484 19.397 
8.9289 14.9082 10.181 16.2191 13.199 17.0619 11.3732 28.7406 16.5108 25.4941 15.1366 20.9582 6.0412 19.196 21.6231 
16.5564 21.9792 14.9587 6.8325 17.5493 6.1997 19.5798 18.0525 23.0169 11.5684 25.4103 8.3619 24.4404 26.0439 9.9141 
12.5968 17.9129 17.445 8.3259 22.7651 13.9664 17.3329 5.8629 31.8601 21.9342 23.0895 19.2329 29.0529 28.9692 24.7305 
23.5309 30.3008 12.0954 24.5571 7.5974 18.2467 23.1294 37.364 2.3309 18.4982 33.0602 20.2754 9.8091 4.2608 17.9636 
11.22 10.0181 17.0924 18.3385 22.859 20.9198 5.2882 22.0179 23.1058 28.2284 8.0506 31.1288 13.7064 29.7934 26.083 
10.9653 20.7781 12.3967 2.5571 16.4926 4.5804 15.7056 14.1262 25.6658 14.9788 21.7328 12.0348 21.9561 26.2059 13.0079 
20.3543 29.883 18.805 11.4471 22.4334 11.1574 24.0894 18.229 27.2479 15.7065 27.8961 11.8018 32.9283 26.943 13.5192 
17.8381 26.8349 25.1064 13.791 25.568 14.9226 25.0226 6.8958 37.94 21.6864 29.3363 20.014 28.8872 36.6737 22.3945 
16.6192 24.9825 20.0494 10.9909 21.5468 12.8047 28.2612 11.7978 29.4041 17.8443 28.4565 16.5534 31.862 32.3172 16.2512 
3.0143 10.5886 13.0385 10.2658 15.3461 13.0052 6.7466 20.3629 19.7685 26.2292 12.8515 18.3299 12.5436 26.4996 19.9948 
17.0874 29.6281 11.9106 10.0632 15.6909 7.3309 25.1095 18.8885 26.8154 7.5189 29.529 4.7796 28.8635 26.3636 7.4951 
16.691 11.5358 20.4059 22.4932 23.8586 21.1252 8.7501 26.8985 28.7539 30.4413 9.2358 28.5462 14.7468 31.5871 28.0488 
18.2816 23.919 26.7308 12.0772 28.5273 15.8469 23.8722 8.844 35.7693 26.2451 33.1635 22.5498 32.8853 39.4596 24.032 
12.2818 27.1598 4.0366 9.7356 6.4274 4.4135 21.6957 27.4669 14.8824 8.1375 24.6288 7.7665 17.2627 16.928 7.4867 
24.1194 25.6626 10.3168 21.0106 8.202 17.2731 25.8179 36.7105 3.0281 18.0329 27.4644 21.4078 8.6238 5.3214 17.8074 
14.3689 23.1215 1.5349 13.1906 2.0702 9.6599 22.4238 26.2102 12.5682 11.0661 28.4818 10.3175 13.8213 13.0153 9.1872 
16.0647 20.4487 12.7482 21.5289 13.1163 20.1343 16.3133 33.1304 12.1303 24.3231 18.5273 22.6101 1.0912 15.4578 25.159 
12.3386 26.158 0.2752 12.1425 3.058 7.4339 16.8933 23.9454 11.8127 13.1156 24.1805 12.9287 11.4734 12.4462 12.1525 
25.6481 34.6735 11.6407 23.8681 7.8508 15.9559 30.8102 35.7468 8.7044 13.5125 36.5754 15.6532 16.5091 6.2106 12.5211 
3.2944 11.9144 13.487 4.6817 15.2508 8.6254 11.5522 12.5252 23.2928 20.3441 15.4644 17.8378 20.3169 29.8654 20.9785 
15.6365 28.8416 3.2619 13.7117 0.7664 10.5697 24.1512 30.9834 12.8377 10.1374 24.5401 10.3913 12.4772 9.6873 10.2895 
12.4103 16.6995 15.3502 18.1183 17.9443 18.6705 11.4861 25.3059 19.5424 28.6455 12.7402 31.5577 8.616 23.665 29.6411 
8.8468 18.8027 6.4277 11.8657 7.8143 9.5636 12.0745 21.2431 16.0885 17.4407 20.7115 15.822 9.9496 17.1129 18.3088 
28.4657 37.5837 17.2216 20.3773 14.613 16.8899 34.5332 35.7829 23.5067 5.581 42.5667 8.9304 33.5036 23.4075 6.8682 
11.8144 14.095 26.2496 11.9348 30.744 21.2712 15.2187 3.7111 39.2155 30.2625 18.7291 23.3635 31.4637 42.0311 30.282 
27.3401 41.2289 16.2592 17.4116 18.3738 15.8823 37.3402 26.8063 24.6585 4.6929 43.191 6.4543 30.0959 22.05 6.5854 
23.1326 22.0357 26.1732 13.8116 31.3494 20.6566 25.0114 8.1417 42.3373 27.8051 30.8281 20.7025 35.1044 45.6382 29.1522 
7.0318 15.5656 10.2838 1.6198 15.3134 5.2094 13.2795 16.5952 21.1694 16.1184 20.1354 13.3175 15.9143 24.2715 15.3998 
26.1672 32.5022 12.7974 18.1969 8.9222 13.6631 31.9903 36.0583 12.9024 7.0504 33.2833 9.5848 24.0764 11.1381 7.4805 
16.7015 23.114 16.2293 7.3183 17.5932 7.4898 25.7035 17.139 29.481 12.5283 28.97 11.6543 29.5316 26.7732 14.2445 
24.3579 34.4345 14.1438 17.2588 14.4864 11.6523 32.8378 32.6375 19.2572 1.5725 37.9917 4.2334 23.3285 18.9888 2.689 
19.072 28.8029 24.3044 10.0732 26.087 15.1571 22.9362 11.1966 34.8686 19.7594 29.0628 15.1367 32.114 31.4614 18.2583 
12.8106 19.8371 1.5327 12.2209 3.7319 7.8234 18.1482 28.7805 13.7894 14.614 23.9832 14.1349 9.7308 14.3988 13.943 
22.1573 36.7467 15.278 17.284 15.1319 12.7988 29.3222 26.2631 20.2672 2.1908 34.4476 3.5734 26.7112 21.996 3.3476 
7.5636 5.4209 17.81 10.4878 22.8004 17.3139 7.0492 13.9822 28.526 30.6391 10.8643 29.3546 20.5025 30.7104 23.875 
18.1295 27.31 12.7165 10.9707 16.7747 6.2571 22.5773 21.3241 23.2833 9.823 26.5172 7.2236 26.7093 21.5083 8.1319 
11.195 14.2975 13.3722 17.6797 18.3532 17.9711 10.8001 30.489 15.8106 29.8175 12.0842 24.2352 5.419 21.9912 25.3148 
10.4682 4.1878 25.6937 13.0193 23.9802 22.6568 6.741 12.6918 33.4435 34.0621 8.6109 28.1834 22.3383 37.4473 33.847 
12.1625 19.9203 10.7341 13.9791 13.1895 16.7597 14.2876 26.4629 15.346 24.2697 18.2264 22.552 4.2942 18.7999 20.7319 
19.0701 27.3038 8.8739 18.2641 9.2072 15.1761 18.5878 32.5406 6.6588 21.9109 22.2796 19.9688 3.9722 10.7251 21.8015 
14.1683 25.0118 10.7409 8.0839 10.1304 2.9784 24.3481 18.2993 19.4048 9.7974 28.0911 7.3019 18.4306 23.4344 7.8255 
12.4787 16.837 26.8164 11.3582 27.2881 16.5159 18.1885 2.0256 35.3537 23.4471 20.361 22.0226 32.2332 39.1195 25.4879 
10.4748 18.341 15.8212 4.6504 17.4488 9.4313 17.121 11.2809 33.1234 15.9032 21.6215 14.3573 22.6219 28.4197 17.2099 
23.7238 33.2247 16.751 17.4377 22.0926 15.9759 33.5037 27.0255 30.2734 7.5274 39.8823 9.0318 33.3205 28.9501 8.4292 
21.7583 35.6487 10.0231 21.9502 9.1159 18.0253 29.8981 33.4293 6.0469 14.4818 34.721 15.9404 17.0282 3.0083 14.959 
8.6933 18.3799 12.3461 1.2582 16.4535 4.9102 15.9226 12.8764 28.4762 17.8098 23.8301 11.7397 22.9699 26.1584 14.0986 
13.578 7.9423 21.0087 21.4363 24.8209 23.3438 8.3335 24.8518 28.8058 33.5849 4.5789 35.0293 17.3379 30.609 31.8941 
23.8144 23.6569 14.4927 27.2627 13.4263 24.6593 21.3645 38.5378 7.718 27.4553 25.1673 22.667 6.7588 12.8197 24.4584 
25.2576 37.6337 17.2583 17.8388 21.4261 13.2882 31.6679 26.3689 30.0494 9.5265 34.5418 7.7628 31.6817 29.382 11.381 
9.3769 16.9637 12.3729 1.3274 16.3416 4.7861 15.236 16.6132 27.3367 17.1853 23.4383 12.8549 20.2461 22.8263 15.4992 
12.8223 21.1597 9.5035 5.0905 10.6099 0.7711 21.5943 19.7595 23.8887 11.2308 25.713 9.1858 16.5885 20.6721 9.699 
18.0811 28.4612 5.0822 11.8274 5.5166 6.3115 22.0861 26.1805 15.467 7.9896 28.3785 6.9563 18.8038 16.1288 6.6241 
7.0116 15.1873 12.0746 0.7961 13.7698 6.3219 15.9269 15.3478 26.4211 14.9588 17.2252 13.8841 17.1807 27.0139 14.9537 
19.3335 25.4293 6.6555 17.5878 2.8559 13.9218 22.8556 34.521 8.2329 14.7562 27.9429 12.3762 13.1936 6.9573 10.2998 
14.8754 21.0048 2.4236 10.6248 4.4054 5.4887 18.2399 21.2669 16.7318 9.3824 21.5499 8.3488 12.3619 15.9724 8.7158 
17.1045 30.2982 7.0671 16.7389 5.4758 17.7892 21.7817 29.7555 5.5256 20.0649 25.0671 19.3247 8.704 6.6299 17.0456 
16.6235 17.669 26.2987 14.9689 29.9951 22.6609 23.1882 1.4313 35.1416 27.8289 25.8488 29.4648 36.4967 37.448 28.5174 
12.0796 22.2409 18.8996 7.7403 23.6859 12.9924 17.6869 6.6683 29.1148 20.1619 24.7175 21.4901 25.0946 37.2154 23.9251 
7.6358 13.0823 10.8523 13.5091 15.4434 17.0258 6.681 23.9694 21.4505 24.9726 11.547 21.6258 7.9886 22.0978 23.7682 
21.584 22.9402 22.915 16.9096 28.7398 16.1655 22.4792 7.0556 38.6871 27.8625 30.6955 23.5233 33.3308 42.3507 26.0806 
22.0584 37.7989 20.9333 14.0946 20.9459 11.3124 34.5687 22.3279 31.3332 9.9343 40.1661 7.9675 26.998 25.8038 10.8405 
6.0115 15.0246 8.56 11.2416 11.1846 11.9446 10.8434 21.3003 19.2019 21.9456 16.5238 20.2839 9.933 17.2303 18.4257 
25.9189 39.6792 13.6049 19.1027 10.9451 12.2216 30.1299 32.5473 20.8187 2.9341 32.889 5.8952 25.2851 15.4128 4.1851 
20.5315 32.3426 24.1212 12.1813 25.4296 13.7352 26.0565 17.2959 38.1021 16.9243 32.8012 13.8296 33.3757 31.2393 19.5281 
19.8709 22.361 23.6766 11.2291 25.0889 17.3735 24.8057 8.6627 36.2225 19.8553 33.1317 20.423 30.4158 32.2904 23.3362 
25.6435 37.4676 11.3626 19.9584 8.4534 15.1872 30.1078 39.5049 8.4067 14.3652 35.2959 12.8822 19.1225 5.407 11.3312 
4.5758 10.5305 12.0471 9.9988 17.1085 11.8516 5.3287 16.9679 21.0319 24.9894 12.5389 23.3622 12.292 22.6184 19.3288 
21.173 28.5517 17.3818 11.5428 17.6428 8.9531 24.5 21.6321 26.2232 6.9908 34.2447 7.3259 28.2123 23.1482 8.2956 
17.6246 31.0291 21.8468 11.6329 23.8589 12.6728 25.3931 13.2691 33.6344 16.6561 32.7893 14.3295 34.5403 32.4743 17.7626 
8.9433 21.3504 2.6977 9.4921 6.4675 7.0819 14.5307 19.849 16.5652 14.1182 22.1866 11.766 13.1284 18.2067 12.3065 
14.5934 23.7865 15.6014 10.407 17.2203 7.9192 24.7972 20.8518 24.4139 9.569 27.9066 8.0336 28.4417 23.5087 10.7727 
13.7351 23.8352 8.3284 5.6353 12.3602 1.9525 20.4667 19.5519 21.0271 10.7557 28.3487 8.7247 20.0345 23.6895 9.4754 
10.8444 21.6474 11.9505 2.138 17.5324 5.0971 16.2824 12.7839 28.6995 15.5583 22.4083 14.9851 22.3738 24.1037 15.3959 
27.6027 28.7184 12.1339 27.3384 11.5968 22.2825 26.9105 44.1952 0.5643 21.3925 34.4934 20.8387 12.9325 3.1823 19.4219 
9.2441 8.1142 18.0787 15.9006 20.2215 20.6967 4.553 26.7891 28.0056 34.5143 6.0099 27.0954 12.872 26.1977 31.2692 
15.8333 27.4869 5.15 15.1547 2.4186 12.1703 20.5627 28.9956 7.6904 15.3534 27.4148 12.6881 11.3498 9.1341 12.0518 
3.5329 7.1104 17.7714 11.0573 21.1986 16.2476 4.7117 17.5876 29.4213 23.8432 10.4849 26.1265 19.2988 31.4487 21.76 
6.8055 12.5784 11.3443 11.1587 13.5124 13.6773 9.7308 19.8729 16.8689 21.7533 14.1615 22.7078 9.8807 20.0165 19.2597 
9.2747 15.9914 11.1904 17.3373 15.2778 14.7965 11.1086 22.432 15.8905 26.125 14.4754 20.9362 6.7069 18.876 24.0416 
14.2091 21.5055 7.9767 18.6221 10.4201 14.3434 15.6948 33.6415 11.3908 18.9766 23.506 19.2707 2.9868 13.0086 19.9773 
14.357 22.6515 23.8946 11.4799 26.5781 12.572 22.7235 9.3836 29.3794 20.9469 28.3143 16.4497 29.0692 33.5531 21.2529 
15.5 15.853 17.4645 22.8912 18.7357 18.1327 13.6219 34.3821 17.2624 25.826 13.562 31.1497 6.5325 21.3021 31.2287 
19.7316 23.4151 10.6941 22.6695 8.383 15.9561 19.9807 37.4092 7.422 23.1361 23.8391 20.9151 5.3786 10.5634 21.4938 
9.5009 15.5383 17.7845 8.7125 20.4686 12.9164 14.9151 5.6785 36.4943 23.9828 18.8713 23.6433 25.1901 29.2901 20.885 
21.4143 26.3319 11.0485 21.5645 12.0925 20.7608 21.7238 35.2506 5.4657 21.6861 24.7108 19.4207 6.45 8.5438 20.5011 
23.4643 30.1305 11.031 21.1269 7.0358 14.0346 25.9044 32.1347 8.0782 11.3052 37.8564 12.6579 18.8281 6.2344 11.8955 
24.0127 34.2567 12.227 21.0517 9.7 11.3807 31.0013 36.6131 14.1839 5.9567 37.135 6.1713 20.4859 14.8823 4.8286 
12.5896 24.51 13.4856 5.8516 16.6283 4.821 18.7508 17.6187 26.4934 12.8529 23.6306 11.2053 24.0416 23.7089 11.7153 
8.2812 8.0589 19.941 13.4922 23.8317 16.5239 11.3611 10.6827 38.8616 31.3683 12.85 28.4856 26.7828 39.6823 29.2255 
18.4318 25.8395 15.5924 23.0633 12.7614 22.651 21.1101 31.9395 11.4149 28.0003 22.0542 27.8831 3.2702 15.0062 24.0542 
18.0988 23.7206 10.462 18.9034 9.7615 20.4224 20.9895 35.3304 6.8493 19.4949 27.572 23.8978 5.9758 8.4709 20.3809 
8.862 24.0667 8.6248 3.6205 13.9342 2.2532 18.7408 18.1895 23.1938 14.0318 22.901 9.8494 18.5926 21.9988 10.6825 
27.0325 31.9973 15.6395 19.2112 12.4921 14.6567 32.0871 35.5044 22.771 2.727 40.1156 4.7549 28.3663 15.5817 3.7436 
2.4698 10.3939 13.2685 5.5302 17.9525 11.1717 10.2121 15.3879 22.3106 20.222 15.805 19.7743 18.986 29.6 20.5523 
8.8399 7.4893 23.863 15.0541 29.1522 18.6604 8.3135 11.3535 34.3234 30.0705 12.2747 25.911 21.4824 31.1927 31.293 
7.7714 7.7634 19.9506 11.176 28.2245 16.9614 9.2112 9.3638 30.4166 26.4643 12.4628 25.6546 22.6613 34.8539 30.9446 
23.6884 32.2069 13.8245 16.5602 12.3489 12.7204 34.597 31.0606 21.4978 2.8675 36.7742 4.8082 26.2097 17.9939 2.9799 
16.047 27.0505 19.2594 10.2327 17.7463 11.5192 26.3075 12.9977 33.0671 17.186 31.1663 15.0259 25.4263 31.8038 16.6282 
20.9342 22.311 29.2215 17.0476 32.1733 19.9148 25.8901 3.8557 43.4084 25.7297 29.6473 25.4569 31.6147 41.0518 27.7393 
12.8278 14.1435 15.899 17.4208 18.3715 19.9709 9.9145 27.6422 18.2017 25.1065 11.062 25.966 7.7074 23.8735 25.1922 
6.048 14.8665 13.1166 1.3836 16.8338 6.7178 14.6484 14.0958 26.8814 18.7224 19.6784 14.7974 21.869 23.0593 15.0684 
17.8901 28.3924 23.3522 10.0924 22.701 14.3914 25.8507 12.2007 30.1969 20.7857 28.0287 15.1614 34.9291 31.4876 18.2397 
6.6127 8.1389 19.9396 12.6683 20.8176 14.9116 9.3557 11.1332 28.5702 30.5309 12.2698 27.5504 20.6198 29.5054 28.9577 
21.4359 32.6336 10.015 14.1613 11.2423 7.9663 29.1051 23.4884 21.811 2.6027 30.9907 1.6768 20.9764 20.5763 1.6434 
10.0136 18.5658 2.1704 9.7247 6.0647 6.2204 17.8453 20.7311 15.9534 12.5355 22.24 10.6116 11.5555 16.2665 13.7709 
23.2553 33.7196 18.9337 19.8343 14.33 16.2285 33.7005 35.5316 24.8898 4.4245 42.9476 6.3661 29.8026 19.7719 5.9351 
10.0908 19.8585 5.699 13.7649 6.7437 10.5215 13.6216 22.467 13.711 16.0521 18.896 15.018 8.84 17.266 17.389 
12.3832 13.2825 13.6669 17.5397 19.9403 16.2246 7.2642 26.9376 19.7805 31.0818 11.8089 22.8456 7.8695 20.0642 23.4125 
13.7718 25.6919 13.9954 7.154 18.9324 8.7701 19.4327 12.4787 32.1338 16.1328 25.2854 12.2142 27.9477 30.8431 12.6899 
14.5359 18.0434 21.7644 11.2601 25.6242 13.5326 20.5197 5.508 35.8397 21.1589 26.2248 19.6235 27.3403 34.8185 22.7025 
16.0237 24.4805 5.6985 14.3667 5.3602 7.0318 20.9848 28.5826 13.2495 7.2392 29.8381 6.1367 19.1526 15.3506 5.0439 
23.5712 41.2652 18.0873 17.0313 17.9666 12.481 36.6824 34.155 22.8895 3.658 41.2809 5.3442 25.5058 23.743 5.8777 
16.5205 26.3664 18.4155 11.0571 23.151 12.2443 26.4997 13.0566 29.2796 16.6044 26.3772 16.038 33.9619 36.2499 15.3891 
22.556 29.0139 20.7144 14.2989 27.365 13.6676 27.6844 15.7306 34.3846 18.7719 34.1766 17.3837 31.9009 32.9195 17.3497 
22.3495 31.7471 15.1839 28.2098 12.8608 25.2776 28.7996 35.9047 4.0833 23.3589 27.2237 26.375 9.0232 7.4357 24.1086 
20.1497 25.3924 17.8869 12.2049 20.058 11.8037 29.6834 17.4301 33.2014 14.5609 34.3121 13.1486 32.4701 29.0137 13.9386 
13.7201 17.4256 19.7569 9.8664 27.1472 13.4172 19.7266 4.334 29.7071 25.6562 22.9265 20.4857 27.914 39.3461 21.7048 
2.5894 11.0089 14.4345 7.1612 16.1454 12.4398 8.9799 13.3949 26.8191 24.1245 15.1705 18.6299 17.9079 28.9513 20.0902 
19.4219 27.7793 3.8894 16.3312 0.7433 11.1994 22.7202 33.4803 11.2709 13.0264 23.7072 11.2183 13.6683 8.7668 10.7727 
17.1695 26.8073 16.6573 10.539 21.084 12.1206 22.6573 14.5841 30.8722 14.803 28.1071 13.3081 31.2846 34.5374 16.72 
12.7234 22.9982 11.5695 5.5139 12.4901 3.8683 20.205 17.9603 25.8312 12.7282 22.5991 9.8675 19.1074 20.9711 11.2973 
21.5865 29.961 13.8647 14.3031 15.1592 10.0855 25.2224 21.1901 29.7031 7.5348 31.5767 5.5276 29.9325 21.8704 7.5379 
14.8068 20.6057 16.4356 6.7039 23.6167 13.2875 21.5988 8.0452 28.3684 21.9472 26.8601 19.1309 29.1695 32.4921 16.8181 
6.602 14.2685 10.5199 10.7322 11.4805 11.8519 7.6899 20.3731 19.3049 22.8128 15.7171 18.438 10.036 21.5073 19.0667 
9.4526 20.4214 9.6707 4.3396 12.2304 1.7117 19.5301 18.8797 24.2573 10.6382 24.7259 11.1601 21.7417 25.3619 10.5014 
22.2077 26.0299 26.4999 15.6129 28.7035 23.4175 26.7208 5.8196 45.3473 31.6844 31.3908 27.4842 34.8715 37.8659 27.5064 
13.8299 7.9353 27.401 22.9034 32.6629 30.5487 6.935 26.3666 33.0775 35.4154 2.8279 36.6651 21.96 32.6223 40.1819 
23.3417 31.4511 15.2255 25.4769 14.0501 26.9845 29.8862 35.5597 5.1964 22.9425 32.9324 26.0561 12.0589 7.5415 24.9113 
19.5887 30.8636 16.7593 9.2815 18.2751 8.1029 23.2725 20.8381 29.9341 11.2766 31.3696 10.282 24.3298 28.9569 11.3086 
29.2998 37.0219 18.5897 20.2356 16.7733 16.78 33.6776 29.0355 20.9415 4.4292 36.3096 6.0203 26.6612 21.8374 4.9598 
8.0427 8.1161 23.2219 12.1777 26.6111 20.0653 9.7397 10.2793 32.2615 26.5606 11.0964 27.1629 25.5082 37.5453 32.9328 
23.7225 35.2244 10.7699 17.1264 11.3229 11.2982 28.6349 32.6461 16.9706 2.3745 39.1253 4.116 26.54 17.4504 1.6282 
9.1704 8.5027 17.2596 16.8326 18.009 18.5828 3.6287 25.2451 26.8168 31.065 8.1083 25.053 11.2629 23.3092 27.9148 
10.0727 13.6356 21.6798 10.4671 22.1412 17.1509 14.5447 4.3466 30.2297 25.8958 21.1629 21.6383 30.4004 37.4908 29.1767 
10.9941 13.8274 22.4031 9.0067 23.3725 13.957 16.0064 4.8641 30.9479 26.2172 19.9676 24.3072 29.7196 38.9161 26.9442 
16.3707 24.0291 5.2835 16.8658 2.2406 12.6882 21.8068 27.1856 7.6263 13.6794 29.1417 14.5002 11.6978 8.8855 12.6878 
13.9135 25.3316 5.5433 13.2929 5.8358 12.6819 19.09 28.1838 9.0134 15.7253 23.9121 17.3214 6.8516 12.2006 15.6774 
17.9646 29.8702 16.9131 11.4165 23.0887 11.7211 24.6495 15.4659 28.2128 14.1303 32.7379 11.4865 31.1574 30.1842 13.059 
3.7539 7.6492 16.1047 9.8328 19.9766 17.3275 3.9002 18.8653 26.7019 29.1803 8.4486 24.9335 17.4663 26.7316 21.5091 
11.2497 23.4486 2.1696 8.5081 5.8668 5.7765 18.8272 24.885 17.0611 14.0044 26.3869 9.8001 12.3472 14.3434 11.8295 
20.154 27.9045 26.3507 14.9872 27.5021 17.1102 24.1437 8.3092 41.4071 21.4999 29.4611 19.5193 36.4546 34.526 23.8292 
11.4339 23.8097 5.8096 14.1127 6.6087 12.4917 14.6516 24.1274 10.9804 17.3717 23.4318 18.2045 7.0034 13.1209 16.0105 
18.417 29.3611 14.0108 8.6591 17.7856 7.469 28.5174 21.5458 23.252 10.4964 34.4218 8.8317 25.1119 27.6716 10.0639 
10.5061 14.0405 24.9044 12.4363 25.4684 14.9431 16.448 4.7366 34.8277 23.822 18.2363 23.4307 29.457 40.4298 26.5187 
6.8337 3.8107 18.8443 12.7509 23.1204 17.7845 4.4158 16.4055 28.5841 26.1603 8.3817 29.8228 19.9848 33.1847 27.747 
22.683 29.7441 18.1407 16.709 19.8612 11.528 28.4264 25.1814 28.2969 8.9035 33.3705 8.5282 28.8345 27.3135 8.8331 
13.4046 27.3756 9.561 7.6018 11.8347 2.704 18.8865 21.8465 22.273 8.5753 26.4072 8.287 22.3431 19.9505 8.5206 
11.7574 14.0668 17.3843 17.421 18.2857 19.5479 9.3883 29.3398 17.0205 28.1605 14.9798 29.1886 6.8391 22.3039 30.3419 
21.41 33.5771 10.6734 21.3855 9.0825 18.0063 21.8804 33.733 2.3577 18.5195 29.1339 19.2584 9.8956 5.0011 21.719 
15.7647 29.1557 22.6104 10.7081 20.3254 12.1826 22.3973 11.2006 35.0511 18.2228 31.3157 15.7969 31.9755 32.2314 17.9635 
10.1675 17.7875 12.8267 15.4994 15.4201 15.2682 8.884 22.5547 15.9373 22.5317 14.694 25.3525 6.1891 19.272 20.7656 
12.9996 23.9773 12.8817 7.7605 14.4104 5.9496 19.4704 16.9285 24.3044 11.6143 24.5636 9.9277 27.156 23.731 11.6758 
12.8164 17.9181 21.0553 7.4492 22.319 11.8126 19.0818 6.958 36.9954 20.0467 22.3014 19.9054 28.0136 32.8565 20.1339 
20.9214 28.9338 12.6855 26.0813 8.4596 16.5679 22.9271 39.3537 1.9068 20.8146 33.5819 17.5742 11.1288 3.4897 16.7849 
12.2712 9.4233 17.7395 19.5693 21.8896 20.7379 5.823 22.179 22.382 26.8465 7.9995 32.011 12.2986 23.048 33.1482 
9.9797 17.8872 11.8133 3.0577 13.271 5.1366 19.8906 16.0657 27.982 14.4037 25.9086 10.8493 18.4964 22.0874 14.938 
17.8863 26.3268 20.0175 12.8588 23.1119 11.8889 26.0898 18.8799 35.9799 14.5265 31.2678 12.9808 31.6829 26.6169 12.7279 
16.2796 22.7107 21.3322 11.974 25.3456 16.1359 21.3168 7.0314 40.4067 24.4728 30.0399 20.0201 31.8733 32.6791 23.3505 
15.1574 22.8988 21.0044 11.0593 21.4646 13.0856 26.5215 14.9426 30.4177 15.4868 26.4839 13.1572 29.1305 28.9149 16.2904 
3.7863 10.9106 11.2125 11.0787 16.7697 11.746 5.4477 16.3751 21.9265 25.2051 11.7749 20.5105 13.1162 23.044 19.5776 
19.2512 31.4747 14.8417 10.0996 13.2286 7.7141 22.7357 21.8956 25.4815 6.9917 31.4239 5.6367 23.7496 26.5887 6.6885 
15.917 12.2538 23.244 21.9866 23.8251 21.4352 8.0938 29.6222 27.8508 32.0868 8.3975 32.5799 14.3624 24.7165 32.6393 
20.7725 24.7665 22.4637 11.9874 25.3376 15.7982 25.4036 10.0731 40.174 25.265 28.2749 18.7279 30.6325 40.6543 25.4718 
15.8493 26.3755 4.4304 10.6207 6.1961 4.9673 18.9993 22.6895 14.2841 10.344 23.7411 6.9595 17.552 17.4472 6.7937 
20.6327 30.0915 9.7478 19.442 8.7877 19.4501 21.5863 36.4665 3.1949 20.0835 24.8291 20.2879 11.1777 5.5654 18.3978 
12.9802 24.1715 1.481 14.5823 1.9891 7.5094 18.6135 26.5449 12.1157 12.1605 23.971 11.1905 12.5191 13.5375 9.6632 
14.7578 20.0268 11.3426 19.2633 11.3456 17.7478 16.7311 31.6157 11.9326 22.3019 18.2053 24.2621 0.9824 13.3982 21.5418 
12.6032 25.1957 0.2791 13.8509 2.8187 9.0066 19.5786 22.543 11.2882 12.4843 21.1807 12.7611 11.6911 15.1001 12.6545 
28.1119 33.5204 11.7376 21.2822 8.7609 15.7555 29.6007 35.8749 8.2416 12.1171 38.8061 16.5077 15.8995 5.0456 12.4612 
4.0585 13.8604 11.977 4.2734 18.3395 11.1643 10.4487 12.4219 24.3652 22.0603 15.5782 16.9251 18.0565 24.087 22.366 
17.5298 22.6462 3.0317 13.5089 0.6276 9.6492 24.1944 30.6495 10.0964 11.7725 30.1991 10.4007 13.2561 11.231 8.7755 
15.905 16.3953 17.0768 22.4701 19.6466 18.8346 11.4711 26.1027 20.8944 26.1105 11.3003 29.5526 8.1811 20.3985 26.6318 
8.0063 18.0618 5.6789 10.4561 9.9709 9.0674 13.6324 23.851 16.5365 19.8931 20.1913 15.2683 8.3852 17.4522 14.7681 
28.9004 34.514 19.1141 22.8561 17.7786 15.7883 33.9083 38.2658 22.2778 6.5939 40.6033 8.8771 29.0988 19.9529 7.7628 
11.5914 15.3305 22.0017 14.0237 25.2597 16.3621 18.6282 3.9338 41.479 29.6895 17.7001 29.3232 32.1141 42.8255 27.6225 
22.0941 37.7432 19.4971 16.5891 18.5603 14.2546 31.6572 25.8366 26.5174 4.9696 42.3452 6.4611 27.8421 25.686 5.9317 
20.3721 29.2097 24.6909 13.5004 28.5464 17.384 23.8002 8.6577 39.8111 22.0228 30.4616 22.4272 31.6443 36.9926 25.9073 
7.3587 17.4013 11.5474 1.3408 13.9185 5.1592 14.3567 17.495 20.9271 13.9356 18.1457 13.7334 19.784 23.3796 13.4498 
21.9684 31.2081 12.6115 20.8997 9.3806 16.4377 27.0399 34.6121 12.9445 8.0834 37.544 10.0869 20.1823 12.7122 6.0159 
14.7052 28.4407 15.4641 8.163 16.6567 7.161 26.6679 14.0249 25.8739 12.2638 25.4676 11.8391 26.3577 27.4221 12.8941 
26.2464 37.7397 15.5298 16.2343 12.4633 13.1038 34.8455 26.8642 20.8922 1.6487 33.5474 4.2799 28.8108 16.6356 2.7043 
18.9613 25.0668 20.7889 12.2184 26.6338 14.5362 22.8624 13.0534 39.2665 18.0844 30.3748 15.0757 33.1812 36.1213 20.3725 
13.7036 22.8484 1.3639 11.6154 3.3906 8.4961 16.846 27.2426 10.8853 12.3463 21.4285 13.2872 10.4146 13.6902 11.3515 
27.427 38.9951 16.4015 18.17 15.036 12.5697 34.5316 28.4454 19.3717 2.2092 37.3878 4.2667 28.5352 19.2472 2.947 
6.2497 5.6245 18.888 11.5598 20.5264 19.6204 7.6735 11.8184 27.3146 32.2922 9.2364 29.437 19.1696 33.8969 25.1064 
16.1365 30.2027 11.8465 10.6921 14.8713 7.807 25.4317 18.4851 25.7054 8.846 28.7045 6.388 24.319 22.4447 7.7903 
11.8289 15.9974 13.5538 16.11 17.2895 19.3419 10.988 30.1601 18.2692 27.2327 15.5614 28.4861 6.5134 23.3837 26.6611 
8.8349 4.6955 22.474 13.2639 26.08 19.6145 8.4836 15.0684 35.9274 33.1304 7.9796 31.9561 25.6525 38.5536 34.4412 
12.3694 19.0937 9.1802 15.0867 13.1598 13.1594 13.4885 30.7139 14.8016 22.1738 17.2092 18.5426 4.6581 15.5799 21.4932 
19.605 27.9674 8.7777 17.4026 10.0155 19.5285 18.5487 30.2534 6.9467 20.0244 23.291 21.0416 4.4486 9.5886 21.5271 
14.5147 26.1225 9.9363 7.9241 11.3526 3.2411 24.7644 20.3051 22.0778 8.9114 30.2651 6.9134 21.8229 24.526 8.4225 
15.0527 18.4396 26.4692 10.3159 30.3373 15.4018 19.4828 2.3329 38.4444 28.5055 20.6156 25.5696 27.9619 35.6697 28.213 
13.4867 22.6435 14.171 5.6862 18.7712 9.3777 21.8809 10.9264 32.0011 17.1718 21.6007 15.3002 25.8922 28.6947 18.4325 
28.7874 34.318 16.6959 17.6897 19.3241 15.0131 37.7937 26.9704 25.1431 7.2787 43.6445 7.2001 34.6747 24.1404 9.4265 
27.8119 36.8163 10.7795 21.1417 8.2376 20.0327 28.0557 40.2321 5.5658 18.2294 29.5233 18.4411 15.3044 2.5707 16.4878 
9.6043 21.2171 12.7088 1.2528 17.0905 5.0357 16.4176 13.4203 23.4656 13.7071 18.6866 13.2135 19.6767 28.2133 15.2468 
16.4801 9.0178 24.1394 22.1196 30.3658 23.0982 6.5859 26.806 28.0713 35.7227 4.9671 30.0041 19.475 31.5247 37.8917 
23.7516 28.1131 14.5351 24.1129 12.491 24.4932 22.9122 34.1561 8.3644 28.623 26.9172 24.105 6.0622 10.9755 21.3048 
22.8913 37.491 20.7219 16.0218 20.2016 11.4244 30.1212 23.2612 26.0069 9.1096 32.4771 10.1789 28.285 27.2966 10.3613 
8.8706 18.7005 12.5593 1.126 15.7777 4.8715 16.7816 13.1509 25.86 16.1657 19.9632 11.637 17.1704 23.1243 16.2528 
10.4874 19.4033 8.2047 6.1176 11.9274 0.7817 19.783 17.6889 21.4006 11.9896 24.7692 9.842 17.1747 23.4688 11.6734 
14.0491 25.0654 4.4559 13.4682 4.9982 6.5971 23.6674 24.3537 13.4513 7.3078 30.8698 6.4953 14.7755 16.1246 5.6961 
7.3367 16.0125 13.4914 0.7644 16.5157 6.9696 12.6649 14.1175 26.7411 18.2006 19.5042 14.0693 18.7842 22.3949 17.6885 
16.7198 31.9459 6.2367 15.8457 2.4168 13.0346 25.5183 33.9954 8.7538 13.9183 25.2496 13.5577 11.3149 8.4588 13.0551 
12.9615 20.8549 2.506 10.589 4.583 6.0884 19.23 26.2952 14.8128 10.0903 21.9497 9.7887 12.8332 13.2924 9.7537 
18.955 28.9906 7.4749 18.1366 6.6564 14.4566 24.3719 29.0576 6.5666 17.338 23.1997 16.805 7.9796 7.6588 17.9407 
14.913 22.1829 23.4687 14.5848 26.485 18.7279 19.5065 1.3587 44.9051 29.4094 22.1746 27.904 29.0017 37.2754 30.5327 
14.1963 21.9125 22.2632 8.1429 20.1871 12.7666 21.7012 6.4535 32.1227 22.7825 26.7254 21.4628 29.2092 31.1738 19.4808 
8.427 14.4219 11.3637 13.7329 14.9131 15.9699 6.7951 23.7642 18.3089 22.0563 13.8924 25.2786 9.877 21.2821 20.7676 
20.9582 22.1658 24.6102 16.5576 31.4378 16.1387 24.1058 7.5433 38.1558 23.1729 31.0434 24.3108 33.3308 43.1387 24.9354 
24.1544 34.1482 18.2483 17.4842 21.2252 14.3163 30.609 21.1807 25.0316 7.7442 41.0573 8.3899 28.5003 31.2742 8.5759 
6.203 16.539 7.1178 10.3866 10.5008 10.709 9.6581 23.3345 20.4721 18.3087 17.8615 19.9584 8.7984 19.3758 17.9813 
24.9393 38.6218 15.764 20.0276 14.0707 15.2978 32.082 32.028 17.4446 3.5186 34.2272 5.526 27.9947 19.6038 3.5272 
18.3036 24.5817 18.6452 14.3947 24.2927 15.022 28.2611 14.5863 29.7159 18.4637 35.6198 17.1151 29.5219 30.8028 16.9976 
17.614 24.1369 23.8575 12.589 22.7715 14.4051 26.5246 9.8264 39.0338 21.4076 31.944 20.4854 30.823 34.5041 24.3229 
27.5701 31.847 10.1159 25.0708 8.2325 19.0203 28.046 37.3171 9.3933 14.0425 30.0069 14.9901 19.2044 5.0687 13.8797 
4.4002 11.4593 11.1526 11.8795 16.6009 13.7353 6.11 20.4169 21.493 24.0836 11.7385 19.8494 10.8494 22.0763 23.6905 
17.7159 32.2439 14.3637 12.6572 18.0949 9.6264 25.6054 20.5792 27.4983 7.8882 30.7648 6.2301 26.2546 25.137 7.3593 
17.9026 29.7832 22.086 12.1847 22.0043 11.9727 22.8234 14.2851 33.8278 16.9454 35.2178 16.5769 32.7964 30.6476 17.3358 
10.9316 22.4936 3.2728 10.2046 6.2351 5.7432 16.197 22.5008 15.2017 14.0611 23.5859 13.3 13.2065 17.6204 12.4848 
16.5412 23.9104 13.6324 10.121 17.2933 6.324 22.5923 21.3413 30.4641 11.5127 29.0583 7.7004 26.0855 25.5174 9.4243 
13.3092 21.7426 9.0355 6.1777 12.1834 2.3025 18.4341 16.5585 23.1285 11.4491 28.7713 7.0207 19.3429 23.266 9.9174 
10.9433 21.9269 13.139 2.269 16.7966 5.5362 17.0003 12.1524 26.824 16.9873 23.2754 15.0117 22.7746 23.7525 15.2932 
26.7153 35.6378 12.3349 24.5782 10.4485 21.7752 23.9319 35.8875 0.7215 21.0258 33.2789 21.5995 12.3236 2.8051 21.0512 
9.7836 8.5616 16.5606 16.0539 20.4217 21.7591 4.649 21.7657 28.3174 31.1089 7.542 31.2879 11.6502 25.2535 28.3106 
16.2852 27.5647 5.1036 17.5058 2.391 13.7554 24.9007 29.9015 9.4084 13.9404 30.8544 15.1445 12.1041 9.6706 13.7979 
3.9612 6.2155 15.1909 12.1223 19.7455 16.592 4.3347 17.6592 29.4213 29.5034 9.0473 26.0921 17.3868 32.3643 27.2126 
5.8128 15.2893 8.9665 11.3454 14.2676 10.7505 7.8164 24.0629 17.0654 24.1835 13.8368 19.9831 8.4605 20.6143 20.7444 
10.4728 14.8388 11.525 16.1532 12.8363 15.1336 9.419 23.2284 17.5557 22.9643 14.5086 24.1734 5.8672 19.7373 21.72 
15.4664 21.2097 9.4519 16.3165 8.4167 16.4087 15.4132 32.9854 10.3956 18.2746 20.4871 21.9828 3.1686 11.567 21.7883 
15.5877 24.0194 20.0617 10.0013 21.6423 11.7656 25.6965 9.8879 38.1728 18.761 25.879 18.4535 30.7998 37.4243 20.0953 
13.5374 16.1422 17.7978 23.3505 16.9497 22.1123 12.0701 32.1362 18.7166 30.6125 14.4101 31.2359 5.7379 19.1272 25.653 
19.2021 24.3171 10.4013 17.8724 7.5358 15.4164 17.438 36.4355 7.7683 19.9539 22.8444 20.5885 5.6994 9.4102 19.5999 
9.4477 15.1799 21.1146 8.8198 24.5088 12.6595 14.3537 6.3384 31.4156 24.4751 20.4616 23.6123 24.6303 35.664 26.6834 
19.872 24.4266 12.0916 21.1624 9.5623 17.1131 18.768 30.6376 5.744 19.941 23.4453 24.7797 5.3528 7.878 21.2828 
24.9783 33.1206 9.0219 21.2554 7.7076 14.0942 29.0757 33.9048 8.7514 11.6439 37.0326 12.2488 14.3918 6.1409 12.3936 
24.7182 38.1488 11.1823 18.271 10.1192 14.9322 31.257 36.974 17.4036 5.0463 34.833 6.5434 22.5155 15.3077 4.8704 
13.5798 25.0837 12.9096 5.5892 14.7343 4.76 23.3849 15.978 28.4472 12.6419 22.941 11.7358 21.1675 23.9241 13.2426 
9.3876 8.4279 24.769 11.0878 29.5027 19.5943 10.348 10.1456 30.5946 30.9996 12.5046 26.1002 24.101 37.7893 29.5356 
18.1114 27.1947 15.2515 24.2122 15.6208 23.4538 19.4634 38.146 10.0419 28.5255 21.5745 28.7957 3.8704 13.1334 28.1225 
21.338 25.9241 11.1502 21.3533 8.3398 19.5567 23.0041 30.9545 6.9326 22.458 22.8858 21.8892 6.2174 10.2701 19.5995 
11.3755 21.0321 10.8441 4.0857 11.8548 2.3488 19.5262 15.1307 22.4902 13.1693 26.7324 10.5499 21.6564 21.0539 10.4853 
21.9321 39.2391 15.7048 22.0426 11.8387 12.2922 30.5518 30.4465 20.5424 3.348 34.6789 5.6476 27.7643 19.9795 4.0586 
2.4391 11.456 12.7801 6.4527 18.9403 11.1446 8.9015 14.7147 23.6972 20.0685 15.7924 19.9733 18.5345 29.311 22.1725 
8.3682 6.0946 23.3744 13.3739 29.8642 21.8458 8.8203 12.538 30.3515 33.5035 11.8256 28.3054 26.2455 30.2966 31.572 
8.5307 7.6719 19.6023 11.6835 22.5422 20.5941 8.7892 10.0168 31.529 27.1082 11.3621 26.1424 25.9632 39.0691 24.3624 
23.1533 35.2234 12.7152 16.5822 11.5285 13.6625 33.9387 32.8337 17.6421 2.805 41.4386 4.8214 27.8397 17.1869 3.0072 
18.6847 24.2376 17.8276 10.0432 20.279 11.2021 24.482 12.888 34.7134 15.6348 29.3781 12.368 29.3442 26.5191 14.9443 
19.3919 20.5573 24.0979 15.8704 30.1726 22.4953 25.1007 3.8272 34.9314 23.847 24.8256 23.9893 35.4645 37.5895 27.7788 
10.6217 12.2808 14.6451 15.9807 14.5723 20.9896 7.5927 29.0082 21.8453 26.9373 12.4469 24.287 8.1692 21.1113 25.8169 
6.1118 17.414 10.8141 1.4788 16.7211 6.3107 15.7305 13.9196 25.2719 17.8937 21.2969 17.9183 21.374 26.8272 15.347 
17.4775 24.353 23.4906 10.5504 24.3801 14.8998 23.9645 13.6033 31.5655 20.7696 25.8489 15.3005 26.748 30.6301 19.3579 
6.7097 7.3842 19.7691 11.5486 22.0119 17.1317 9.141 10.91 34.6989 31.0526 12.0752 22.209 21.3631 33.7543 29.931 
19.1012 34.5465 10.2562 15.62 8.9849 8.7533 24.4851 27.1871 21.5258 2.7905 28.2327 1.7982 23.1982 20.2102 2.0712 
10.0769 22.5198 2.0397 11.057 6.1524 5.78 18.7889 25.2256 17.4149 13.9773 20.3819 12.9525 13.3111 16.446 12.5336 
29.1164 39.0083 18.256 22.6071 16.0559 15.6676 30.5474 35.982 24.0978 4.4596 35.1818 5.8046 29.6249 23.5074 6.2976 
10.5448 20.8849 5.7807 12.5872 8.6833 9.4493 14.1426 26.6228 16.1354 16.5215 20.7795 16.7374 6.9094 17.3768 14.1737 
11.9418 12.3996 15.3631 17.913 16.617 19.0754 7.642 26.4843 18.2357 29.2858 11.1444 28.1803 8.1458 24.342 27.7586 
15.2701 25.2966 16.6666 6.0657 19.8013 7.5343 22.9022 12.7894 32.5683 12.9918 27.148 12.4972 25.1217 30.496 14.9235 
13.1171 18.4938 22.9342 8.9518 22.757 14.2885 20.8908 4.727 39.3762 25.7235 24.1513 19.7284 31.8496 31.5387 21.6629 
15.1153 24.4725 5.0777 12.6803 5.622 6.9508 22.622 29.6685 15.4046 6.1658 25.2167 6.2229 15.3053 15.5895 5.9253 
28.3816 37.7537 14.8894 19.9275 16.0254 12.8141 32.3125 33.4797 23.6424 4.2451 35.6895 6.4812 32.1233 21.549 5.1611 
18.8984 25.2631 18.6706 10.4271 22.5383 13.8944 26.2348 11.7238 37.7969 16.564 28.1984 16.4209 31.1529 33.0363 19.778 
22.3518 32.0896 23.3115 11.3473 26.7154 13.7083 25.0485 15.0993 32.9773 20.2983 30.6874 15.775 31.1934 34.1706 19.5578 
25.7593 30.8597 14.5287 28.0977 11.2008 24.2603 24.9986 36.4578 3.2365 23.8119 26.8298 26.9234 9.2974 7.4811 21.3894 
17.5895 29.4305 19.8453 13.1446 19.1146 12.3405 26.4371 14.7276 30.9285 16.2635 29.5746 12.7732 30.6539 32.2913 13.3958 
14.4399 20.1545 20.4751 10.3276 21.4398 15.6541 18.6915 4.7317 35.2131 25.2582 19.6758 19.5137 25.2295 36.8249 20.6424 
2.4019 11.6292 13.429 7.0007 17.3829 13.1554 10.8058 12.8521 29.9892 20.6138 14.6453 22.0652 19.7147 26.1436 20.5593 
15.1236 26.0814 4.1418 15.5852 0.7801 11.5631 22.162 26.1094 11.1879 12.0227 24.2572 13.4743 13.4074 10.5668 10.1091 
19.8079 26.8676 18.6381 11.3715 23.7628 10.4383 25.6008 14.4815 33.4509 15.3966 30.865 12.3532 29.8805 27.0156 15.7443 
12.7346 26.5333 13.3991 6.5806 14.9535 3.9532 19.1831 16.3669 22.783 11.2062 28.5274 9.0022 25.2834 27.7369 10.4428 
19.0386 26.7992 14.1105 13.7057 18.0196 9.1341 27.604 20.9225 23.0166 7.1702 37.5871 5.5345 30.0264 23.6948 7.5921 
14.6728 22.5715 21.4477 8.7246 23.4028 10.2563 19.1217 9.3703 36.6101 18.1905 22.7028 18.9097 23.6826 31.0863 17.9107 
5.5476 12.6999 9.0873 12.1703 12.6019 11.2478 8.3004 24.057 16.6833 23.0759 12.3774 19.2288 9.0221 21.2314 22.7737 
11.302 24.0522 9.9065 3.9004 12.3478 1.7439 17.4451 15.5732 21.0545 11.1523 23.1452 8.7004 18.1264 22.9386 12.827 
22.5603 22.7971 27.9588 18.0134 31.7359 20.495 24.9332 5.7889 47.525 30.6461 28.2597 25.6799 38.9215 36.551 25.1538 
15.95 7.1164 25.0724 21.3427 31.4221 28.6773 8.9295 22.4072 35.8247 34.8191 2.6972 37.221 22.024 39.127 33.2821 
25.5221 31.5344 17.3032 29.0703 14.6798 23.9234 30.6247 38.7001 4.6382 26.2025 30.4675 23.7078 10.3632 8.4597 26.0412 
16.4238 31.1268 18.3612 10.6194 17.8758 9.397 22.8524 16.266 29.4356 10.1768 32.7458 9.3424 27.1068 25.4577 12.3187 
25.1502 41.5864 14.4367 17.9445 15.6228 15.8364 31.028 29.5664 23.8722 4.3964 36.9756 6.2987 29.6003 21.2428 6.052 
8.7765 6.9911 19.7124 11.5902 28.5167 21.5156 8.599 11.8983 31.3466 27.6421 11.868 27.021 27.3987 32.7585 31.1105 
24.7791 36.8917 13.483 16.7856 10.5977 10.7085 32.6346 31.494 19.3242 2.3173 34.4904 3.7301 20.5793 17.7422 1.9492 
8.7756 9.1039 16.1133 15.887 22.8383 16.7326 3.3252 24.2348 21.7956 32.703 7.1587 27.9556 12.3777 23.5142 28.6122 
11.1945 16.248 22.9213 10.85 27.7442 16.8182 18.3167 4.3205 38.4541 24.683 20.604 24.0752 27.1937 40.0602 28.3691 
10.7792 16.3178 22.8333 9.2092 21.2987 14.6594 13.6366 5.559 37.5011 21.8489 18.2882 26.2742 28.3943 35.149 22.9294 
17.9109 26.6523 4.2782 16.0626 2.019 13.2563 19.4031 34.6586 9.902 13.6146 28.4279 13.9011 9.892 9.2709 13.5122 
13.4157 23.5718 5.5126 16.4063 4.9111 10.6961 16.3319 27.0551 9.0401 15.5145 21.5287 17.7896 7.9374 12.6789 15.8307 
18.0634 29.7917 16.6696 9.821 21.8223 11.9882 24.5753 18.2092 28.3021 15.0554 30.5583 12.8328 33.1552 27.3745 15.7525 
4.5091 6.9225 14.2897 11.2903 18.7083 16.3547 4.174 18.0492 26.6873 27.3269 9.0363 20.6478 16.9596 25.2271 27.6514 
12.7204 24.4509 2.6105 8.9411 4.9491 4.9522 19.4067 25.0663 15.9937 11.8064 23.6874 10.5421 11.9646 16.5508 11.8905 
20.2039 28.2195 26.0128 13.8949 26.9327 16.628 25.6394 7.462 41.6413 23.5944 31.2843 22.1925 32.3045 37.5639 22.8727 
13.4131 22.4408 4.5191 12.8066 6.2882 12.1511 16.0904 29.4098 12.8481 16.0697 21.3849 15.2847 7.0843 13.6659 17.2773 
19.3948 28.9148 15.978 8.5503 16.4934 6.8267 28.3105 16.4906 30.2974 10.4821 32.1109 7.0064 28.375 24.3661 11.3498 
10.3402 13.4407 23.9396 9.8935 26.8952 16.2397 14.9982 3.9785 38.3641 26.7863 19.3304 27.157 25.6368 37.3729 26.8734 
6.185 4.471 17.4694 14.7596 22.4749 15.8672 4.3229 15.0373 29.7833 31.1265 7.5874 30.8086 21.0168 29.8545 31.6393 
20.0054 32.8633 17.307 13.2058 20.1198 10.3998 29.0726 25.7012 26.1051 8.9555 37.7112 7.4153 28.5905 30.0099 8.333 
11.9645 21.3471 9.0622 6.142 10.4737 2.4452 18.1972 16.5694 25.1773 10.4268 25.4579 8.3554 21.4568 22.3136 10.354 
13.8734 17.4349 16.4441 17.0684 17.4601 18.4601 10.6643 26.0587 16.828 28.1844 12.6422 28.4073 5.6743 21.0265 22.7981 
24.7759 34.2786 10.4777 26.3772 10.3934 20.1697 21.8733 32.5161 1.9979 19.1253 32.9865 20.1564 11.2034 5.0303 18.5224 
18.3964 26.9346 19.416 10.2605 25.1031 11.3334 23.0565 11.4024 35.3518 17.1561 26.1988 15.0636 31.0948 31.038 20.6363 
9.3477 14.6974 12.8655 15.3853 12.5474 15.7278 11.5843 26.8052 17.2819 20.9618 16.1651 22.2091 5.3319 19.7984 24.7434 
13.4395 23.1596 14.5695 7.8352 14.7448 5.8529 19.8889 16.4153 23.062 11.7622 25.5923 10.5322 26.1402 26.6387 12.2737 
12.7049 17.1062 20.5396 8.3169 25.678 12.4931 15.7974 6.3521 37.4958 23.372 22.604 22.088 28.26 28.5605 22.2301 
24.2977 27.523 10.5628 23.4451 8.0729 19.1478 25.8688 32.8296 2.1224 19.8022 30.7342 20.6613 12.1263 3.8813 20.5115 
10.9581 8.9904 19.4081 16.638 21.8412 21.8778 6.4406 23.3945 26.125 31.1595 7.1403 26.1432 11.2585 23.8287 27.3998 
10.5855 21.3493 10.882 3.0225 13.8544 4.7367 15.5563 16.9864 22.5631 12.5549 25.9615 12.877 21.3392 23.9634 13.0157 
16.9274 26.9263 19.9574 10.4737 23.9526 11.398 28.1516 18.2195 30.0135 12.7749 30.626 11.3691 30.2412 31.764 14.7333 
18.3899 21.1144 23.9652 12.8606 23.8885 17.2311 24.2925 7.2234 37.9507 21.7662 27.2174 18.7218 31.3076 40.7002 21.3388 
19.0917 27.7239 19.5578 9.7621 22.76 10.7014 25.4706 11.4504 32.0695 17.7418 30.9916 17.0114 33.7197 36.8443 17.9027 
3.7823 9.8517 11.6898 8.9013 14.8021 13.1861 6.0981 18.0593 23.1275 20.1042 12.6619 18.336 13.8216 20.9049 22.4159 
18.3368 26.1105 12.2328 13.2154 14.8283 8.1476 28.8925 24.0757 26.672 7.4927 36.0114 4.8002 28.813 23.1986 6.4115 
16.3124 12.9887 19.6736 21.1362 23.3226 22.6548 7.3672 31.0083 21.9628 33.254 9.2549 33.0716 13.2969 26.9642 29.0515 
17.9055 22.1515 22.4285 12.8656 25.1343 17.7651 29.0525 7.8784 34.858 21.5034 32.6771 20.9811 29.5825 34.11 25.903 
13.606 27.8015 4.0849 10.0198 5.3086 5.075 21.8976 25.7083 18.722 7.8594 29.398 7.2263 16.5233 14.1135 8.0836 
18.4123 29.5179 10.6274 20.9043 6.9518 19.91 26.7222 33.9249 3.297 20.4839 25.735 18.1395 8.607 5.1704 16.9244 
14.2485 25.1567 1.562 11.6666 1.6579 8.8645 20.5216 23.8367 11.7162 12.7634 27.3227 9.749 12.2644 12.0198 10.5558 
14.7493 20.3315 10.2501 18.2815 12.3524 17.0146 13.6123 34.216 12.8494 21.5756 18.0634 25.8945 1.1018 16.2781 20.2241 
15.432 23.9081 0.2299 12.3266 2.9843 7.9066 18.396 28.4809 11.2545 11.7304 27.8293 11.7166 10.256 14.6584 10.1925 
23.9765 34.3025 12.2708 23.6743 9.7726 16.9319 29.0089 38.981 9.1984 13.5325 35.9022 16.9796 17.8744 6.2313 13.3366 
3.4295 13.838 12.5953 4.5836 16.7926 8.9229 10.3762 12.7651 29.3748 21.7266 15.3279 17.0211 20.0967 29.5718 22.4631 
14.4492 26.0872 2.7561 14.8378 0.6854 10.4981 23.6821 29.0943 11.0864 10.8278 29.8599 10.7649 12.1612 10.7364 9.9139 
13.288 16.3115 14.6103 21.8643 18.9132 22.1115 9.6815 32.7962 17.5031 27.8174 11.3226 27.8375 7.0805 20.4944 26.6722 
7.8605 19.8634 6.3915 9.9252 9.336 11.1245 11.6456 22.9706 17.0852 16.1369 18.1004 17.9802 9.741 16.3657 16.8916 
26.8004 40.4722 20.2076 21.0604 14.5888 19.6365 35.6294 29.6487 22.544 5.6734 35.7305 8.8481 30.8422 23.2244 6.696 
12.0667 15.7368 25.9308 11.0611 25.6937 21.3407 16.6873 3.338 35.2466 29.5586 18.7771 25.3324 25.4871 37.4254 29.599 
27.1877 35.7469 17.0149 16.4609 18.7811 14.7333 30.0644 27.8417 23.5611 5.8327 35.5458 5.7487 32.2324 25.259 7.1958 
17.5824 23.9375 23.946 16.4575 32.3147 20.0826 25.5716 8.0628 34.9998 29.2709 25.8591 20.3102 35.2955 41.8579 25.2393 
6.2808 18.7001 10.3847 1.7749 11.7503 5.1787 13.7793 14.5341 21.7617 17.1511 18.9078 14.6314 16.8542 23.9651 15.067 
21.667 33.0439 10.1784 19.7951 10.5054 16.664 28.6202 37.5239 13.58 8.204 32.8819 9.6989 19.0689 13.0452 6.0296 
15.3157 24.6452 14.4733 8.2235 19.7886 8.6336 24.7056 17.6389 28.4516 13.2778 24.9069 9.2526 26.0678 27.2955 11.5948 
23.4137 31.1293 13.1452 16.8857 12.607 13.3664 30.5891 30.8258 20.3311 1.7375 33.7996 3.5166 28.8543 17.1832 2.8225 
16.2518 26.8209 19.6454 12.5798 21.4164 12.3918 24.9287 12.4591 30.0585 17.1789 27.7162 15.6339 35.5379 33.7769 16.4657 
13.7379 19.9824 1.3417 13.8124 3.1902 8.0801 19.5755 28.1366 13.2001 13.9461 20.505 14.5072 9.257 13.3084 11.9398 
25.1172 37.7003 16.2917 18.9057 14.7081 11.1626 32.4892 32.8945 23.4818 1.7836 35.8437 3.6301 26.9449 20.452 3.0305 
7.0541 5.9581 17.4659 10.5812 22.5053 18.2086 7.7881 11.1401 31.7712 27.1385 9.2878 24.9526 19.103 28.3274 24.8632 
18.9879 27.3576 13.3004 10.8012 14.9234 7.6346 21.8601 22.1981 28.1793 8.4031 29.4596 7.7254 23.6156 22.5865 10.0757 
11.5515 14.8894 12.7283 19.1395 17.5507 18.6295 10.348 28.1628 19.8291 25.6772 12.4688 25.2557 6.2927 23.413 27.4188 
9.0305 4.4858 24.2871 13.8078 28.1872 21.1701 6.6347 14.8456 28.5323 28.7651 9.6682 30.8086 20.7399 31.076 27.1465 
EOF