I 150
J 15
bounds (0, 100)
cv 0.5
D 10
k 5
t 3
FLR 0.8
FCR 4
abounds (80, 120)

a 
78.0 105.0 83.0 
76.0 72.0 69.0 
93.0 95.0 87.0 
71.0 73.0 82.0 
98.0 72.0 77.0 
96.0 85.0 87.0 
82.0 95.0 72.0 
76.0 75.0 67.0 
87.0 79.0 72.0 
81.0 79.0 92.0 
88.0 69.0 100.0 
78.0 76.0 90.0 
80.0 85.0 89.0 
77.0 84.0 96.0 
76.0 84.0 70.0 
83.0 86.0 84.0 
79.0 89.0 84.0 
76.0 95.0 70.0 
87.0 90.0 84.0 
98.0 75.0 72.0 
90.0 70.0 90.0 
86.0 98.0 73.0 
83.0 76.0 74.0 
68.0 76.0 92.0 
80.0 88.0 93.0 
105.0 88.0 77.0 
81.0 66.0 86.0 
78.0 64.0 91.0 
83.0 78.0 85.0 
76.0 72.0 73.0 
89.0 77.0 88.0 
71.0 73.0 69.0 
73.0 88.0 83.0 
79.0 71.0 87.0 
90.0 84.0 89.0 
89.0 64.0 84.0 
72.0 101.0 75.0 
67.0 78.0 92.0 
88.0 75.0 73.0 
79.0 88.0 94.0 
71.0 73.0 86.0 
96.0 95.0 65.0 
85.0 77.0 57.0 
98.0 90.0 101.0 
80.0 73.0 89.0 
79.0 77.0 80.0 
81.0 75.0 78.0 
81.0 81.0 75.0 
95.0 76.0 93.0 
86.0 72.0 78.0 
93.0 67.0 82.0 
81.0 91.0 86.0 
84.0 97.0 73.0 
86.0 88.0 100.0 
74.0 83.0 103.0 
80.0 69.0 83.0 
78.0 89.0 86.0 
88.0 82.0 78.0 
75.0 83.0 93.0 
89.0 88.0 82.0 
92.0 87.0 85.0 
94.0 77.0 87.0 
84.0 76.0 84.0 
87.0 82.0 72.0 
77.0 94.0 82.0 
86.0 81.0 82.0 
77.0 76.0 68.0 
77.0 80.0 83.0 
78.0 85.0 88.0 
85.0 81.0 71.0 
73.0 76.0 82.0 
88.0 88.0 89.0 
85.0 82.0 74.0 
75.0 88.0 80.0 
91.0 84.0 84.0 
89.0 81.0 98.0 
72.0 82.0 86.0 
84.0 83.0 95.0 
94.0 72.0 78.0 
78.0 81.0 68.0 
93.0 79.0 84.0 
76.0 71.0 87.0 
80.0 81.0 80.0 
85.0 76.0 95.0 
78.0 70.0 86.0 
89.0 78.0 87.0 
88.0 80.0 103.0 
71.0 83.0 96.0 
70.0 80.0 94.0 
87.0 70.0 78.0 
76.0 71.0 93.0 
80.0 74.0 80.0 
69.0 84.0 73.0 
77.0 95.0 78.0 
66.0 92.0 82.0 
83.0 78.0 82.0 
66.0 86.0 79.0 
81.0 72.0 89.0 
84.0 81.0 80.0 
78.0 84.0 69.0 
79.0 92.0 84.0 
68.0 78.0 61.0 
86.0 79.0 73.0 
84.0 76.0 83.0 
73.0 82.0 68.0 
77.0 81.0 85.0 
66.0 76.0 81.0 
81.0 77.0 71.0 
73.0 91.0 71.0 
84.0 73.0 78.0 
89.0 86.0 82.0 
96.0 69.0 87.0 
89.0 70.0 75.0 
80.0 77.0 83.0 
86.0 86.0 94.0 
71.0 97.0 86.0 
90.0 89.0 72.0 
93.0 80.0 87.0 
73.0 78.0 81.0 
80.0 95.0 76.0 
72.0 71.0 83.0 
94.0 81.0 73.0 
73.0 92.0 66.0 
85.0 81.0 98.0 
82.0 65.0 88.0 
89.0 81.0 84.0 
83.0 67.0 93.0 
75.0 79.0 62.0 
80.0 92.0 80.0 
61.0 71.0 76.0 
79.0 77.0 66.0 
64.0 75.0 73.0 
76.0 91.0 84.0 
74.0 77.0 86.0 
96.0 75.0 101.0 
88.0 88.0 75.0 
84.0 75.0 85.0 
81.0 78.0 85.0 
81.0 83.0 80.0 
98.0 83.0 86.0 
76.0 83.0 97.0 
80.0 90.0 84.0 
81.0 82.0 82.0 
98.0 86.0 80.0 
91.0 87.0 79.0 
75.0 79.0 99.0 
91.0 78.0 81.0 
75.0 74.0 84.0 
91.0 94.0 65.0 
75.0 79.0 82.0 

Icoords
64.27 0.9671
69.2179 70.1566
19.3073 2.8748
58.3906 65.8562
4.0083 25.1555
23.8992 40.3188
59.9029 33.9617
47.23 0.5434
61.9403 36.1697
11.25 92.1363
63.5119 78.3804
51.9525 74.1546
46.1712 72.8155
38.8784 43.8474
20.996 53.8926
47.8881 86.8556
19.5534 72.0324
49.8163 47.1555
41.8113 40.8031
59.0503 84.6725
81.3579 2.6926
76.0143 84.2095
14.1048 44.2323
6.5794 19.0495
6.3895 2.7782
8.7197 14.8356
48.803 5.0973
84.0449 87.791
19.6788 81.783
81.9312 30.8187
80.4309 25.9715
75.9304 71.6751
56.9168 22.5933
17.5647 81.7643
3.0314 58.542
41.8975 20.9396
24.6877 83.8081
1.9523 60.9301
73.5647 99.973
51.2407 51.1049
31.5127 97.1836
3.0586 36.4319
6.1176 74.1804
49.9652 1.4925
87.4136 63.2086
83.584 91.3085
65.371 87.089
18.1831 60.7116
59.6088 5.0886
44.5328 60.6136
84.6678 46.0704
61.7153 90.4686
47.8671 63.0473
41.6503 53.4149
98.2071 82.1912
30.8551 44.497
30.5441 89.186
13.9834 60.3311
69.9726 35.0869
98.8486 26.9589
15.5268 66.9396
78.1483 77.5678
88.4215 77.7763
3.0737 33.7082
32.4401 37.5412
43.0142 39.0788
29.3896 53.7067
58.8334 86.8587
52.5371 76.5461
60.29 9.0517
94.8545 65.942
73.8253 91.7872
27.6193 13.5801
21.9353 66.2759
71.1664 61.7864
74.9149 67.4384
6.8337 30.1937
85.3569 69.1899
51.1789 44.7363
34.3845 3.0775
97.1491 55.0134
58.1665 42.4483
92.8585 50.9716
71.9429 84.0244
53.4351 5.5407
59.0396 9.8511
62.7713 75.0129
89.498 99.554
78.16 15.1992
1.4053 93.4611
65.0061 62.7338
16.6777 0.6959
58.0601 58.1742
61.9502 51.2474
86.4413 43.0438
45.5495 73.7502
28.6451 74.6937
15.8428 48.231
78.6059 48.3761
58.6057 39.1349
51.0113 86.3449
78.8296 72.8952
46.8842 96.2516
97.7519 42.5152
1.163 48.2203
40.4648 75.8553
18.4508 3.7123
13.9184 83.627
19.8309 66.3853
91.6621 77.9116
91.5429 72.9165
4.803 60.2565
2.6342 17.0705
58.2943 82.1524
66.5801 4.4441
18.2099 31.3994
9.2491 51.7023
64.135 85.5871
94.8266 19.5778
15.1569 29.0604
51.8602 68.1909
18.5392 87.2194
74.8164 26.4034
94.2729 93.191
6.4221 49.9514
90.4816 68.1496
50.1171 56.8154
61.0233 27.1978
29.7095 99.5556
79.3764 89.807
35.508 46.6124
58.7565 13.1846
27.687 7.4413
82.3463 44.6964
2.1534 34.5596
19.6412 66.9863
1.3054 24.284
84.7812 90.6805
52.3033 38.8486
47.3818 48.649
33.7156 40.3856
73.5777 45.9502
96.7115 66.8411
26.8407 46.9204
96.5907 84.1085
92.5347 60.3379
8.9255 94.0081
47.9847 34.7368
6.9099 95.2686
47.6265 25.0413

Jcoords
13.9914 78.9137
5.2318 55.8756
36.3687 33.9714
15.7124 10.797
45.1363 41.4263
22.1905 13.4339
51.9338 48.6355
21.8066 94.8104
6.4761 75.2187
48.1133 78.1769
95.8223 32.9865
84.0717 61.3416
56.7248 1.9754
27.7484 9.473
40.9428 73.0461

C
31.8987 29.267 14.2273 17.652 16.7922 14.3907 18.4202 39.2752 33.8075 28.6263 13.8456 24.31 2.353 12.4684 26.7584 
20.1914 23.7132 17.3446 26.364 12.0074 28.2792 10.166 17.3247 20.9609 7.3489 16.9493 6.6741 22.4169 28.8266 8.6745 
27.2655 19.8459 12.5172 3.4033 18.2276 3.4545 17.5459 32.0514 26.656 29.4035 29.4783 28.5312 11.9621 3.4338 23.2923 
15.9942 19.5905 14.5392 25.8171 9.914 22.5267 7.2848 14.4399 16.5061 6.0487 15.1687 7.8538 19.4711 25.4056 6.1709 
20.8977 9.6323 13.1677 6.5002 15.5113 8.2789 18.4387 25.8167 16.4156 23.3317 30.2428 26.8416 18.9464 9.173 19.9096 
14.8268 8.7455 4.5894 10.8206 8.3639 9.4395 10.6003 19.1298 12.0728 17.3511 21.884 24.7818 16.4953 10.0746 13.9738 
20.8568 18.0232 8.0063 15.053 6.4811 14.2294 6.2952 24.0068 24.8408 16.3409 11.944 12.4245 11.0414 16.0136 15.404 
33.5914 26.3067 11.497 12.5084 12.2932 10.4287 18.3284 31.7412 26.1257 27.7092 18.6851 27.5614 2.9498 8.5358 23.71 
19.444 22.7112 8.2542 18.5041 6.7576 15.8946 5.184 21.4173 23.2323 13.9749 13.3436 12.9545 10.837 14.5539 12.7688 
4.987 12.0415 19.1401 29.4647 20.5658 24.2986 19.4406 4.1774 5.6374 14.7857 38.1547 24.7079 30.708 25.5578 10.9819 
17.9671 24.6336 15.8484 24.9329 14.3209 24.4788 9.8597 17.9121 22.0096 6.0398 20.5212 10.1763 29.7082 30.8601 8.576 
13.75 18.2164 16.3087 26.7362 10.213 25.3178 9.1792 11.778 14.1561 2.1936 22.6567 13.2029 23.7265 26.1054 3.9304 
10.5136 13.6284 14.262 27.3199 10.9388 20.4995 8.4912 12.6864 14.7419 1.888 23.9586 14.1844 24.2369 20.8786 1.9741 
14.4738 11.5235 3.8477 16.0394 2.5994 11.9961 5.426 17.8277 16.385 10.9494 21.8664 15.8565 17.442 12.6424 9.2557 
8.4913 5.6944 7.5917 16.2384 9.4603 15.8384 11.9657 16.2598 8.7436 14.3896 23.5873 20.0514 25.077 15.5772 8.6169 
10.7995 15.8896 20.4211 25.18 17.0035 30.6877 12.2949 8.4993 15.7438 3.1089 24.2643 16.5143 28.4008 30.9927 6.078 
3.1641 8.6125 12.5912 23.3643 13.423 21.4277 13.6745 7.5031 4.7554 11.2472 25.859 20.4696 24.2919 22.6129 7.848 
15.2003 13.7605 5.742 19.7306 2.513 15.397 1.0078 20.7454 16.1713 9.7771 16.7233 11.7088 14.8679 13.3234 9.9404 
18.3547 15.5602 3.2196 12.0259 1.1133 11.8673 4.7407 20.4917 19.0692 14.9332 17.3053 18.5692 14.6575 12.8781 12.2761 
14.6497 23.8355 20.4177 32.1612 16.609 31.779 13.7161 14.0229 17.9482 4.6913 23.1273 11.7789 25.8613 27.0998 7.9404 
34.6881 34.4245 18.9642 23.329 20.7776 21.2335 18.8606 37.4265 37.4453 26.8722 13.0083 21.1421 7.7775 20.7663 29.1277 
19.1352 23.5057 24.2421 34.5909 19.7278 29.3425 13.9355 18.2108 21.1052 9.7798 17.3765 7.5696 31.6073 31.2008 13.7578 
12.9085 5.3783 9.4381 13.2456 9.9675 11.2212 13.4019 20.444 12.6275 15.8085 32.1785 28.1631 23.863 13.6332 13.4589 
19.713 13.5611 10.2318 4.8843 15.5004 5.8481 20.2038 26.5984 17.2159 26.3233 31.5233 35.1538 17.4438 7.8068 24.8462 
29.9323 19.7782 15.138 4.0396 19.8438 5.8661 21.8518 33.332 23.6011 27.5668 36.8903 34.1662 18.6768 8.5774 23.7574 
22.0016 14.3622 10.4204 2.4411 15.3221 4.5168 19.6463 26.7913 22.2303 25.8984 31.4433 31.6382 18.3981 5.9428 25.8884 
30.0908 25.0442 10.7894 11.2385 12.1116 10.6587 13.4618 29.3053 28.9865 27.1284 20.3967 22.5983 2.6098 8.2599 22.2853 
27.4829 31.087 27.0702 34.4758 18.4366 29.8868 20.0529 24.8778 23.7944 11.7352 18.6665 8.3924 35.7896 30.4306 17.0282 
2.1251 10.1389 20.2513 25.929 15.8844 23.7263 14.1065 4.3837 5.4333 10.1006 32.4128 23.0716 29.106 26.7389 7.7151 
29.2257 29.4352 17.3734 24.6417 14.7238 21.8886 12.5882 34.982 34.0303 19.3492 4.5116 10.1279 11.844 22.2053 20.4736 
28.281 28.0493 16.6143 22.6409 11.8981 21.7864 13.9853 29.8111 33.3371 18.6468 5.9692 14.205 11.2156 18.1184 20.7557 
19.338 22.6528 19.8546 29.5849 13.7871 29.0438 11.5302 19.1769 27.331 9.3128 15.5044 4.7122 26.5909 26.4838 11.5863 
24.2395 24.2699 8.6953 12.8622 7.7505 13.7873 8.018 26.531 23.7857 22.0885 15.971 18.3256 7.4887 11.2262 19.5914 
1.7685 10.1514 18.0424 27.5021 15.5425 22.4774 16.4738 4.4832 5.0102 11.4914 30.145 25.3103 33.0281 27.5594 8.6055 
7.3447 1.3317 12.8465 19.5082 17.194 17.197 17.4984 16.3237 5.7915 17.2152 35.2163 31.3975 29.7306 19.9387 15.8265 
23.3879 17.8574 4.3983 8.632 8.0351 6.9906 9.7831 26.1433 21.1748 18.32 22.0022 20.3303 7.9367 7.0881 20.1894 
4.6746 12.4861 15.8578 26.5775 14.2206 24.4916 17.2359 3.959 6.3991 7.835 31.1055 19.7333 33.7285 24.7597 6.289 
8.1004 1.9835 15.2488 20.1762 18.1576 20.1195 17.7062 12.7311 5.8047 16.7051 32.1442 29.6619 29.7825 17.3949 14.2454 
23.5052 29.6109 30.0166 32.9949 24.0419 36.7435 18.4172 16.3639 23.0691 11.5773 24.8821 15.7577 34.7721 40.179 15.6001 
15.2889 18.3033 7.7932 18.3437 3.4546 15.4939 1.0126 19.8863 19.7334 10.1841 19.1576 11.4622 16.0119 18.079 9.6029 
9.1382 16.612 24.4147 29.727 21.4323 32.3669 19.7242 3.6521 10.6746 8.0527 29.2595 20.8536 30.4629 28.1722 8.8989 
15.6163 7.0218 10.3743 8.908 14.856 8.9866 18.4526 22.0489 12.8064 23.0023 30.1133 28.6306 23.8329 11.4422 20.7583 
3.3909 7.2279 15.3067 19.8214 20.347 24.3744 16.7598 9.1724 0.3657 16.0642 30.9459 24.6809 26.946 22.9789 12.4636 
29.7432 22.4279 12.2566 14.1267 13.3948 9.472 18.5434 36.1238 31.8421 25.413 18.3803 24.0616 2.3698 8.142 21.6938 
23.6737 26.4934 21.1241 29.3799 18.8999 25.1882 11.6718 25.2763 32.5822 12.7214 11.4815 1.2009 21.4109 27.3729 14.4212 
25.3911 27.6635 26.6351 33.6758 24.4047 31.9013 20.4601 22.0528 25.458 12.2699 23.229 9.6806 36.8843 30.8303 17.4046 
16.2529 25.0091 23.887 28.4833 15.1534 33.0162 14.8596 16.432 20.7934 7.1807 20.4255 12.0351 29.0448 32.6298 10.7495 
5.6409 5.2147 10.7848 16.3121 10.7944 16.8438 14.1915 13.0374 6.0287 11.5222 26.4965 21.8035 22.8882 17.0705 8.9543 
30.3303 22.8648 13.1568 14.2182 12.9114 13.0578 14.9059 36.8411 28.1375 26.5761 17.8237 23.7393 1.5834 12.726 23.7781 
13.2626 13.6768 8.3874 21.5132 6.8417 20.4582 5.1744 13.9192 14.1081 5.5046 18.0771 13.228 23.1604 17.1808 5.0481 
30.2621 25.2363 18.7116 30.2921 15.6029 26.8348 11.8203 23.9982 25.3181 17.6122 6.757 4.6108 20.8709 23.116 18.8347 
16.1646 22.9438 20.0752 31.9145 17.8395 33.8192 13.3825 14.5804 21.014 6.7117 25.693 13.4387 30.49 31.8821 9.3969 
12.5539 14.3754 10.8809 19.9638 7.7299 19.882 5.891 15.4606 15.8768 5.4126 21.7846 11.2685 22.9071 22.7364 4.2641 
11.6695 14.3779 6.8262 15.3713 4.8043 15.843 4.5042 14.2905 15.3327 8.0408 20.4372 15.1692 17.0082 15.6148 7.0404 
33.0207 33.926 24.7796 34.5079 20.4173 35.8645 22.2922 29.9212 31.4349 16.8151 15.9266 8.0204 29.9819 33.7581 18.5568 
15.2653 10.3229 3.7251 14.6379 5.7656 12.6287 8.369 20.2847 12.8522 11.569 23.5149 20.5469 17.0323 11.3923 11.6332 
6.3547 14.2662 20.6094 24.9631 15.606 29.3871 13.9326 3.7689 9.4807 7.9389 30.2342 23.2779 28.81 28.3474 6.5586 
6.6507 3.0866 10.5165 15.7664 10.9503 18.0537 11.9929 14.0468 5.4205 13.5723 31.46 27.3934 24.1234 20.9013 10.525 
26.7251 26.9199 10.4129 21.2411 9.9736 18.4342 7.6885 27.8131 26.7412 17.3605 9.181 11.521 10.8167 15.1565 16.5583 
33.0436 38.0362 21.1942 32.6236 20.2203 23.7574 20.6102 33.4778 41.1146 25.6506 2.4146 14.7224 17.9152 24.4478 25.2958 
4.7902 5.3061 12.4188 19.0268 12.3236 18.629 12.669 10.1193 4.5434 13.4845 27.1475 21.6566 26.3703 22.3903 8.0378 
19.7197 28.4291 20.627 28.0642 17.607 33.6627 14.8633 19.9271 24.5609 10.3973 18.6936 5.6571 26.9494 30.6847 14.4895 
23.411 27.4417 21.6342 38.7522 18.8393 29.9363 14.7046 25.2618 25.4974 13.9151 17.033 5.3705 27.9759 32.2499 16.2847 
14.0725 8.5525 11.274 8.0722 16.6697 8.8139 18.6477 19.4156 13.003 19.2538 29.4949 26.1453 21.0125 10.9464 17.8444 
16.0768 10.2693 1.6535 11.9744 4.7453 10.0303 7.1461 22.9206 16.9393 13.7934 23.0289 20.3023 17.0024 9.7496 13.4206 
18.3591 14.0128 2.6812 13.9117 0.9905 11.5192 4.2642 18.9445 15.7311 14.6046 16.9256 18.6539 15.2329 11.8617 13.2855 
9.0682 8.6518 6.7195 17.794 6.2204 13.9875 8.3256 12.5893 10.0542 11.6006 22.011 21.9138 18.7698 16.4441 7.7157 
16.226 23.5265 19.3643 27.2796 14.881 30.6742 15.0275 11.687 17.0722 4.7426 20.4278 13.4336 32.5288 29.0717 7.6328 
11.6859 15.9674 15.2063 22.8112 13.3658 21.4709 10.9156 12.6335 15.8516 1.5832 21.4378 11.0698 29.8603 22.0099 4.0294 
29.007 22.5647 13.458 17.5458 11.0561 12.2415 14.9283 30.0792 33.8848 26.3 13.4995 19.9503 3.0839 11.4068 21.8549 
28.0169 29.4729 20.2227 35.2077 18.7865 28.2488 16.1466 24.6004 26.8991 16.756 11.5625 4.1406 23.6662 29.3457 16.8353 
20.7601 25.5582 22.1684 30.8715 18.8426 29.0801 17.0855 16.7314 23.8658 9.2833 22.4566 12.7948 28.4241 30.9884 13.5421 
21.1498 17.0747 8.6116 4.7554 12.6886 1.7178 13.8994 28.3649 20.7613 21.0357 23.528 29.4602 10.9229 1.5352 24.2725 
5.8365 7.4339 13.8416 22.3251 11.5385 18.4104 13.5132 8.9514 6.4116 10.4356 26.2002 23.2561 25.1713 21.0355 6.7755 
22.9311 23.3087 14.4025 25.0482 11.5565 27.4604 8.0055 22.1934 21.2415 10.907 14.02 4.2226 24.0643 25.2764 12.7238 
18.6914 21.8618 18.8212 27.4151 15.3177 26.6348 11.705 22.0168 21.6351 11.1882 14.4554 3.9108 23.2094 24.4145 13.5524 
19.126 8.8414 11.5083 7.7415 13.7031 8.2652 18.4424 23.4406 17.6503 20.318 30.7073 29.0405 19.2361 11.535 21.7821 
28.6443 24.7814 19.3853 33.3821 18.8159 27.4668 14.4434 27.3122 26.1936 11.6164 14.6635 3.1429 23.3934 27.0996 15.1264 
17.3291 15.0486 6.9813 16.4743 2.5272 15.9476 1.2022 21.4448 21.2314 10.3127 17.9346 14.0938 15.4538 16.1392 9.3291 
26.2134 20.6206 9.9807 6.0756 15.6681 5.1947 17.6733 30.3051 30.8941 27.7052 21.6132 26.3107 7.9382 3.5612 24.1185 
27.3243 32.724 24.4029 33.9529 17.2833 32.7359 17.4843 30.5298 35.7096 21.6113 8.1184 4.4122 20.1461 27.7248 23.1745 
21.4118 16.8366 7.2246 19.2965 5.1248 15.9452 3.3689 23.0004 24.0895 13.7589 11.9041 12.0397 13.4253 15.6256 12.9705 
25.3188 31.3492 21.019 32.8523 17.5106 31.3754 12.6581 25.6391 34.1209 18.8677 6.2776 5.3308 23.9986 26.9619 17.5447 
19.6985 27.4204 18.4528 28.2241 19.1307 33.6983 12.2937 18.5697 23.5557 9.7827 17.096 9.7255 32.8536 32.4219 11.2308 
32.1217 26.6368 11.7021 13.2467 13.9412 9.829 13.8246 36.9168 28.4424 23.8376 16.664 22.6113 1.8444 9.1886 22.1607 
26.6497 26.4391 11.5593 15.8529 12.8757 12.8988 12.9449 28.4216 31.8324 22.751 15.9257 20.7713 2.9305 11.7351 22.442 
15.8013 19.5377 16.4263 30.4201 14.677 28.4446 10.4629 14.1089 19.2024 5.9098 17.4085 9.0687 24.0896 28.7582 8.0413 
27.0682 35.7634 32.2165 38.1583 27.2525 42.9339 24.4875 25.0055 28.3683 17.514 25.0752 14.0836 34.226 34.4569 21.0271 
30.4741 32.0826 14.2298 21.2598 16.818 22.2701 14.6479 38.6153 31.825 22.336 9.3173 15.1375 9.7974 19.6601 21.7842 
5.9421 12.5391 27.2563 29.0186 24.585 25.3091 21.8917 7.5977 6.2709 15.6478 38.806 28.5218 36.0289 32.3659 16.5039 
20.2784 22.1653 14.6644 22.0902 9.5066 19.7261 6.1062 20.8499 20.294 8.9858 15.4922 7.2164 20.7385 20.6046 9.9431 
24.5123 19.8142 13.7029 3.7463 17.7583 5.4839 19.3341 33.6487 28.5752 33.3039 27.071 32.5663 12.5411 5.6088 30.4862 
16.8324 17.6296 11.2712 23.9119 6.5622 21.7849 4.3612 19.5961 18.5744 8.1003 16.2729 8.621 20.5914 21.0238 8.3763 
16.7207 21.9319 11.8659 22.657 7.6409 18.6667 3.7161 19.8865 22.5592 11.6837 13.399 7.8029 19.7995 20.3432 10.5867 
30.4213 24.9693 18.4214 26.7013 13.4014 21.7542 11.2563 31.6747 29.8581 19.7317 4.5427 5.7972 16.3178 22.827 17.3528 
9.8587 16.7369 15.0234 21.896 9.8273 22.5221 9.7331 11.4699 12.6765 1.9654 19.8181 15.3265 23.172 26.0784 1.8613 
5.938 10.6366 14.6478 22.7391 13.8868 20.8882 10.8899 7.4089 7.218 6.5166 28.7345 22.6053 28.3899 20.0051 4.4283 
11.2011 4.3262 8.4851 14.7903 10.8565 10.9403 12.6651 14.6279 10.9612 14.8538 28.912 23.8793 19.5692 14.4707 13.5183 
26.4358 28.4405 14.5034 26.881 12.183 25.3694 10.52 26.7706 24.7281 14.9825 8.8627 5.4692 19.5252 24.9592 16.4381 
22.624 18.7783 7.0974 16.3018 4.2177 16.8658 4.0818 24.1124 21.5179 15.2209 13.4551 12.2618 14.8382 15.7211 14.8659 
11.6522 17.0421 20.5999 25.3582 17.7264 30.5762 13.6587 10.7732 17.1176 3.0551 21.2869 13.4797 31.136 31.4352 6.3168 
23.1621 25.4268 19.8266 30.9106 17.0583 32.6179 11.6956 18.9927 25.6915 11.0706 15.8105 4.6143 27.2477 25.9696 14.6206 
12.0955 18.1629 22.2645 35.9484 20.0214 28.104 15.9355 7.7341 17.0373 7.0672 26.3707 19.6271 33.2707 31.5198 7.9264 
33.7546 28.7544 21.9639 34.5849 18.2668 24.5727 14.3483 35.7955 34.9145 20.2065 3.8558 8.3197 20.2909 27.705 19.7931 
13.1103 3.2796 13.6234 13.2823 14.4832 14.617 17.0799 16.1641 9.7875 19.8491 31.3327 28.9427 28.7276 16.1695 17.8185 
9.3833 14.3545 14.7756 24.4115 11.827 23.8637 11.7795 8.9075 11.8302 2.533 24.6175 14.7114 23.7913 25.5555 1.0706 
25.8846 18.2854 11.9846 2.8141 14.2343 4.0404 20.809 36.2361 24.397 26.9481 30.6659 26.733 11.904 4.328 23.7551 
1.4458 9.0146 20.8225 27.3632 16.4144 26.4056 19.8301 4.3698 4.3714 11.8042 32.6247 27.7502 30.8474 23.452 9.7775 
5.2069 6.8518 13.7878 22.2294 11.6439 16.1079 11.7789 9.591 5.5962 10.308 29.509 23.4556 24.9406 21.5132 8.7931 
26.7132 34.251 24.9241 35.9808 23.6147 31.0507 15.9845 23.0129 32.8386 14.3539 16.2422 6.7107 32.1479 33.9639 17.502 
28.5075 33.5545 23.8262 32.1133 18.4847 32.1612 14.4023 24.6906 25.5294 17.1707 15.0033 5.4693 27.2162 32.4886 15.2762 
6.3161 1.4125 12.5366 18.5829 13.6564 15.2737 18.8345 13.1746 5.3688 17.3611 31.2415 27.6991 30.6287 20.5353 14.7594 
20.5609 15.1328 15.0096 4.775 19.3054 7.7756 21.4545 26.583 19.8893 27.2395 33.3056 32.0718 18.4926 8.4303 25.4292 
15.5607 20.0315 19.9778 31.9086 15.72 26.7886 12.0358 13.6679 16.0134 4.2265 21.8955 12.8244 24.6511 27.5222 6.4529 
35.0626 31.8779 12.7367 16.0709 15.5608 15.6661 17.2487 39.7652 33.4639 27.1052 14.1835 23.3638 3.7998 15.0986 27.5734 
18.5319 9.5718 6.0247 7.301 8.8411 7.3366 14.2063 22.8773 17.9683 19.9091 30.8962 28.2738 15.1996 8.259 16.5448 
8.6455 2.0917 9.8015 16.4947 14.3942 14.026 13.8569 14.8753 9.0313 15.0762 35.3761 29.3465 26.4348 18.2847 13.3928 
16.5415 20.3393 19.3824 32.0215 15.8453 25.455 12.5108 15.7084 23.1464 5.903 21.7997 11.8214 33.0721 26.8532 10.1561 
32.9905 36.821 18.1033 27.1993 21.2621 22.5393 16.2887 37.4601 41.4095 27.1432 4.9964 14.2576 15.5881 22.6501 26.5533 
19.7672 10.5308 7.1176 5.794 12.5924 5.9978 12.7861 23.7379 17.8007 20.5541 29.405 25.958 19.0317 7.945 15.9334 
13.3147 14.8444 11.3552 20.5995 10.0726 24.6561 6.7662 13.9552 17.1714 3.8568 21.3455 10.2977 23.9749 20.217 4.1927 
3.6031 12.8954 20.2322 25.1449 16.8243 28.1171 19.5389 3.0677 6.4234 9.9828 29.2493 26.3297 34.0558 25.3503 8.9552 
30.4226 26.8873 12.8803 23.8589 11.9257 20.6992 10.3816 31.3889 31.0153 20.0627 7.3877 13.1959 10.6697 18.6025 20.2277 
31.7277 35.0648 28.8146 42.6347 25.7083 42.3565 20.4305 26.8482 33.3108 15.7561 18.1035 10.4142 35.58 38.2385 22.1476 
10.5252 2.0358 11.3303 12.9578 14.9251 12.4182 17.2926 18.1349 8.6945 18.3767 35.0606 27.4054 27.2282 14.618 14.3166 
28.3176 30.1623 22.3818 28.8822 19.0429 32.7976 15.1479 24.6642 25.9989 16.7711 11.2994 3.3999 27.9616 34.2302 18.1548 
16.0628 16.243 10.1556 20.7192 5.65 18.1505 3.1523 18.8677 16.5248 6.5482 16.927 11.7905 17.1952 18.3368 5.912 
24.5781 19.5782 9.8949 18.9041 7.3024 14.8155 9.3047 24.7541 25.4284 20.9302 10.9007 15.4934 9.0575 12.4829 16.2672 
8.1753 19.9483 21.2531 29.7781 22.6012 30.7241 18.2733 3.2061 12.3213 10.6433 30.7357 23.5631 38.5361 34.7351 10.5232 
20.4692 29.1261 26.7608 35.2194 18.4985 29.9015 18.05 19.9538 28.519 12.7521 21.7978 8.681 28.2003 31.4174 12.7675 
14.7795 12.2055 4.4764 16.0783 4.2104 12.9313 5.9182 18.9006 12.3658 11.8144 20.4424 17.564 19.3342 13.1125 8.2876 
28.3189 21.5527 10.4939 15.2783 10.7138 12.7508 14.372 30.5176 25.3114 20.4357 14.8806 18.253 4.4565 10.6586 20.2607 
23.6366 20.2121 11.1156 4.5515 13.8868 2.6476 14.9854 29.2736 28.0596 28.0662 24.0494 27.6599 9.1569 0.7523 21.2505 
24.7057 26.3372 14.9378 26.5253 11.4638 26.3381 10.031 30.3517 25.9814 14.9253 6.0789 6.3407 15.9109 24.7746 16.9104 
16.352 6.67 11.5528 9.5592 15.6875 11.3351 16.187 23.8037 14.2945 22.9181 29.641 32.5866 25.4173 14.117 21.6112 
5.0059 5.6334 11.7953 17.1007 11.5741 18.2928 12.777 9.5976 4.6674 10.8358 25.2107 25.8515 23.5459 18.987 7.3727 
22.1024 11.9157 12.932 7.5959 15.5593 8.3315 17.2361 22.9885 19.7874 28.1389 32.2717 31.8209 23.299 10.6473 19.1285 
28.2093 32.2661 28.6249 34.099 20.6311 36.4777 16.3479 19.8354 31.5756 13.6097 20.5711 9.984 30.2647 31.0801 15.9902 
18.4542 15.2021 6.6091 17.2114 2.5942 15.5883 3.3671 23.447 22.9459 13.6134 16.3397 12.0006 14.7398 12.7495 12.2447 
13.5691 16.1181 5.6995 19.4945 2.7789 13.0976 1.6984 20.2489 18.3305 10.5831 16.8358 15.2614 16.5551 14.0444 7.9028 
17.2225 11.413 2.5224 12.8497 4.1319 10.746 7.8356 18.2124 13.9158 13.5841 19.1703 20.9825 16.6069 12.2816 11.7913 
22.4173 27.1486 12.798 22.5801 9.3452 23.6554 6.6782 23.3137 24.4951 15.8912 8.0612 7.0416 18.1923 20.9812 15.9362 
26.9264 33.8595 23.9538 37.4784 21.7454 28.3391 15.7241 28.8003 31.4282 18.3842 10.5832 4.5351 27.1578 29.6924 19.2972 
12.1601 7.2372 5.6879 12.4887 7.047 12.9721 7.6989 18.0673 12.0281 11.6715 27.9951 20.1848 19.5329 12.0991 10.8245 
27.6592 29.4898 30.1454 38.0859 25.7852 35.3721 22.2422 27.8009 29.864 15.6089 16.729 9.6029 34.419 39.8329 19.4267 
31.5738 27.0293 21.6978 32.7526 19.4687 28.5433 13.4071 25.9728 32.6286 16.29 10.7576 2.6419 26.5264 25.2129 17.6299 
5.2032 15.3206 23.4143 33.0527 20.5642 28.107 23.4189 5.1224 6.3913 14.4334 42.0376 30.6453 34.0153 31.0826 14.8943 
22.0905 16.955 3.9371 14.8112 2.2299 11.5516 4.4965 24.3246 22.1602 14.5959 15.2082 15.118 10.362 9.8597 11.7632 
5.9918 12.8774 22.6877 25.6825 26.0233 28.0716 19.6473 5.2059 8.0118 15.2201 34.7923 30.1846 37.6188 29.6301 14.7422 
25.1691 20.8115 5.7234 11.4667 6.3956 9.9144 9.2387 25.4575 21.4018 18.2847 18.0927 15.6014 7.6296 8.87 15.2771 
31.9821 27.7916 14.0933 18.6379 14.5679 13.7499 18.1297 33.2392 34.0333 30.6851 17.5183 20.8471 2.8919 11.3772 29.7736 
20.2474 22.2709 16.113 24.3661 14.4854 27.2623 9.4759 21.3112 24.9202 6.9222 14.0741 6.3632 21.6752 22.5056 10.252 
26.2136 19.5826 12.1909 3.1789 18.506 3.8354 20.9236 28.5842 26.8764 31.153 25.1614 28.7319 13.1298 3.6417 26.0607 
15.4157 21.251 13.0512 26.465 8.4716 25.2279 6.7552 14.3232 16.4692 5.861 17.3656 8.636 19.5414 21.7799 5.8916 
18.5903 9.5062 12.1381 5.5684 15.4361 7.2189 17.5421 27.7219 18.0948 22.6144 30.6022 32.6756 19.4128 10.3253 22.365 
12.4998 9.1756 4.3781 10.0087 6.5478 8.1841 9.571 17.4447 12.0103 17.7646 24.7469 22.5446 16.7678 9.9099 14.6084 
23.7354 22.6351 7.5827 17.0138 5.6538 15.436 5.5404 23.2314 20.7772 18.2445 14.0676 11.6831 10.0257 13.835 16.5856 
28.671 24.5631 12.0769 11.5605 15.5067 9.7612 14.6898 38.4975 25.6748 25.8459 21.548 21.6112 3.7612 8.5101 22.4074 
20.7222 22.441 10.1611 17.9978 6.3192 18.0698 5.0018 22.3695 23.4968 15.1778 12.3363 10.0754 11.8263 15.1048 13.0446 
4.8965 12.2657 24.9183 25.416 19.5961 24.2112 21.8886 3.3999 5.4932 12.2353 36.8337 28.1709 39.0691 31.8293 12.5104 
15.6593 21.2725 20.5378 25.8518 12.765 27.9197 10.3704 13.7164 17.5483 5.7765 20.4822 8.1069 24.6916 28.4844 9.2694 
12.5143 17.5191 14.6451 28.7142 12.4028 23.0727 8.9904 11.4783 14.5746 1.8366 18.8184 10.5505 23.3142 24.1717 3.6283 
13.0322 16.2469 14.9591 27.617 12.2076 24.675 9.6645 12.2696 13.9505 2.1994 23.0484 14.8893 26.8296 25.9185 1.9667 
14.5555 13.2351 3.6561 15.2846 2.3793 11.5139 5.4955 16.6399 16.588 13.6049 22.9389 18.013 13.8598 11.8114 11.3457 
10.0633 5.3592 8.5806 13.4336 9.8488 15.381 11.0902 14.7128 8.5294 12.5476 26.6173 24.5926 21.3775 17.7248 9.6152 
12.5716 20.8294 17.4443 25.1965 16.8579 30.4155 13.1097 8.5702 15.0513 2.8719 28.2519 17.3909 32.9408 24.7478 5.0717 
3.0278 6.5721 14.7507 20.3946 13.6344 22.1316 12.1844 8.0364 5.1309 9.5411 29.7062 20.62 27.0994 23.2943 7.5568 
16.1291 17.2813 6.5235 14.9998 2.7438 16.2776 0.9197 18.8826 15.7427 12.2315 18.4322 13.4736 17.2217 16.1269 9.6339 
16.5145 13.6176 2.9112 13.2071 1.0335 11.187 4.2672 17.4623 18.2998 14.0766 21.5239 18.4001 14.5161 10.4913 11.7278 
16.0942 19.1783 16.7019 28.6068 18.0037 26.2606 13.5251 12.6025 18.7228 3.9294 21.9982 11.8336 25.5139 30.2765 8.5279 
37.6381 37.0618 21.5122 23.5538 17.9829 21.1072 21.0811 33.8725 32.7021 31.8541 12.8103 23.0092 8.0362 20.3286 26.2231 
21.1956 24.1309 19.4168 36.2439 19.063 31.9122 17.1531 17.6032 21.4698 8.8463 18.7275 8.1175 28.3806 26.8948 14.3798 
11.5871 5.3871 8.8718 10.9962 10.0796 11.0014 12.0689 20.2905 9.832 18.6386 29.3326 25.0227 22.9567 12.4383 13.9669 
21.3175 13.2884 11.7311 3.9205 13.3873 5.9808 21.3356 26.5134 20.8444 26.0488 28.4793 34.9419 19.8859 9.0242 20.1676 
30.0853 17.7281 15.8952 4.8844 20.2707 6.6399 24.5598 35.9541 26.1148 27.5238 32.3498 33.923 15.2183 8.0581 23.7339 
19.8285 13.4149 13.3256 3.004 16.7785 4.8581 21.9285 31.4105 20.0006 23.2727 35.1624 31.5939 17.2501 7.1172 20.2929 
31.6006 20.6148 10.0349 10.2883 13.9299 9.1639 13.7718 30.7855 24.8421 23.5473 16.805 25.6189 2.6473 7.0062 25.4865 
24.7713 26.0022 25.395 33.4464 23.5028 35.545 15.4296 20.0488 25.916 14.3091 16.8559 8.567 34.9881 32.0125 17.9074 
2.5035 10.6284 15.2581 23.2771 16.3043 24.9506 18.283 4.4774 4.7684 10.7082 27.4749 25.9834 33.6901 27.7575 7.7036 
30.2578 27.6923 16.1083 26.2467 11.5838 24.3898 12.8498 27.255 29.6266 17.7606 4.8814 11.465 13.2268 18.222 18.049 
32.2398 27.0296 14.3662 19.9953 14.4449 21.6852 11.4148 31.3573 30.7693 21.2256 5.5886 12.957 13.479 18.3393 23.023 
20.8596 26.6081 20.1333 25.7487 14.5166 28.7031 12.1589 18.0468 27.5258 10.2269 15.4826 4.8832 24.6895 27.5775 12.6788 
27.6952 20.9749 8.8127 16.7539 8.6923 12.8967 8.4926 25.0455 27.4158 22.3755 14.3844 15.1838 6.3094 11.8307 19.6391 
1.5295 9.2194 16.6711 23.1077 19.1045 25.3264 17.018 4.774 5.0553 11.8513 29.4995 26.7435 29.2951 24.026 7.9094 
8.8899 1.1498 16.1057 17.3049 15.7578 16.9177 19.9333 12.689 6.6412 15.3712 37.0257 24.6509 23.8734 20.4552 12.4534 
24.8163 16.0291 5.0778 8.705 6.4609 8.0134 9.1615 28.9681 25.3229 22.4826 18.3499 18.7826 7.2699 6.356 18.5322 
4.177 12.0163 16.8611 26.4671 17.4676 26.6745 17.3515 4.4936 7.0212 7.823 32.3469 22.7428 27.6296 25.3177 7.1292 
7.9229 2.0919 14.1471 19.0429 15.3382 19.8975 18.3753 13.3397 5.5094 17.5379 38.8532 30.4995 29.3963 20.4744 12.5102 
21.7676 29.6353 22.8117 38.4161 23.2869 39.3098 20.7458 16.5876 26.1726 12.1235 22.7645 12.8992 31.3018 35.4014 13.0917 
15.9303 13.9738 7.9951 19.7783 4.2465 18.1674 1.0159 17.0672 17.5521 9.1103 14.5571 10.7159 18.8791 16.9652 8.6722 
9.804 18.8004 24.7634 28.357 17.9827 25.9121 19.6084 3.808 11.3507 9.7031 30.9042 24.3461 36.392 27.5928 9.5753 
14.3661 7.4053 12.2915 9.2653 13.7713 9.2738 15.8482 19.817 14.5625 21.7984 32.6382 30.7919 20.0957 13.8439 19.32 
3.3615 6.8558 18.9145 24.5524 19.4046 22.4453 16.6024 8.2419 0.3781 13.1956 37.6286 30.2744 30.8256 21.0003 10.8399 
33.2263 22.7307 11.5418 12.9128 15.8083 10.7538 18.6755 38.8043 31.611 24.922 18.3525 24.1925 2.1943 9.0343 23.4751 
30.0032 31.4522 17.9652 34.8508 14.3628 27.8711 12.1167 24.0165 28.1964 12.7004 12.0116 1.1886 23.089 27.5496 17.8317 
26.6988 27.0358 29.4427 39.0252 18.8939 34.9952 17.0811 24.0514 23.6857 13.5446 19.5045 11.2151 36.5951 37.8345 15.7856 
20.0196 26.3371 23.9657 35.6655 16.7466 31.3854 12.7048 16.9319 21.9409 6.161 19.786 10.775 26.5381 27.4546 10.4677 
6.0014 5.2354 11.0305 19.1107 12.9155 15.3776 11.6285 13.6169 7.4417 10.8049 25.5732 24.4392 26.162 19.7601 9.4824 
31.7535 25.4541 13.2124 16.6086 13.5842 11.6508 14.8794 37.8536 34.2964 28.7439 17.01 22.31 1.4026 10.761 22.6787 
12.9742 13.3047 10.5553 19.4989 5.8627 15.8069 4.5014 15.0155 12.6202 6.0692 19.72 15.1618 19.6866 18.1066 4.2548 
28.0331 25.3403 19.6477 27.7516 14.6954 22.4081 10.9141 26.2413 29.357 17.8749 5.4125 4.8446 17.8013 24.8145 16.1426 
19.322 24.5533 19.3755 32.3009 18.8853 26.7973 13.4083 15.9533 17.2203 5.5861 23.3469 11.9847 32.4577 34.9737 8.2555 
14.746 16.4809 11.6031 20.8043 7.743 16.9212 4.9371 16.1755 12.9948 5.0782 17.3247 13.8709 22.1295 18.2612 4.7968 
13.5429 11.7535 7.4588 18.205 4.376 16.9857 3.7853 16.7741 12.4317 8.8342 21.653 15.4109 20.2779 16.0296 7.1209 
29.2703 32.4379 30.7941 35.1188 21.2203 33.015 21.4348 24.3535 32.8332 16.1216 17.8527 8.7106 31.1108 36.6641 21.0735 
12.5326 9.2716 3.5896 12.3251 5.1273 10.2971 7.3229 20.0239 13.7699 12.2085 23.0729 18.1244 17.7689 13.4774 11.503 
7.5217 13.2873 17.6446 27.8272 17.1192 24.1742 14.1252 3.5413 9.2414 8.142 30.3892 19.7482 28.4822 29.7831 7.3727 
6.7343 3.5845 11.9101 15.8358 12.1018 17.3348 15.5511 10.7446 6.4492 12.4207 33.0045 21.5965 28.7166 19.6052 9.2999 
23.803 26.5187 10.7255 18.9701 9.0791 18.8801 7.7878 24.9052 23.2333 14.8721 9.0435 11.3422 11.5656 17.5567 17.2703 
33.7899 33.3331 21.3828 26.2971 18.3846 28.2878 20.1089 38.5595 33.4023 26.4869 2.6965 14.7898 19.3453 24.8212 28.0932 
4.4474 6.0059 12.7581 18.5384 12.433 20.3329 13.5777 9.1337 4.5581 11.7921 31.2275 23.5479 29.2473 22.6018 10.3303 
23.0117 27.9346 20.6452 35.743 16.3539 25.6875 14.5431 22.9203 22.008 11.3676 17.9599 6.6469 30.3907 27.8212 11.315 
24.2968 29.145 26.2264 33.2755 21.2529 33.2882 16.6145 21.982 32.417 15.3421 13.6237 5.1801 25.396 28.3032 14.4525 
16.5512 8.5236 13.2218 10.2283 13.4795 11.0933 18.6681 23.3716 15.602 21.2349 29.0683 29.6028 22.39 13.4159 17.5659 
15.6419 10.6597 1.9455 10.9807 4.0469 10.0696 7.6709 18.9248 14.6606 15.1566 21.1416 21.6895 13.9792 9.1235 11.3214 
15.6336 16.4233 2.6049 14.5131 0.987 11.5159 4.2525 21.3059 19.0613 14.5099 16.915 18.0514 14.7819 12.328 12.3632 
10.7755 7.5263 7.942 17.9561 6.6857 14.8876 8.6676 13.7973 11.5597 11.4466 26.1794 21.4169 23.2691 14.0627 7.8891 
14.409 23.7184 21.3179 33.0153 17.0875 27.7282 12.534 13.3495 19.2069 4.5992 19.8136 11.1833 29.0645 28.7715 7.7684 
12.5896 19.9837 16.4678 25.0042 13.1505 21.632 10.1897 11.8113 14.824 1.5069 21.8002 13.1773 24.4977 24.198 4.6216 
30.2557 22.3912 10.9052 13.9233 13.0829 12.6404 15.9762 35.8694 31.2239 24.5593 14.3691 22.4433 2.9183 11.3254 22.6037 
24.6837 28.4267 25.3684 30.2883 21.6691 34.587 15.2256 31.2689 26.988 14.5238 12.334 3.7034 24.8205 30.2315 17.5422 
22.7064 27.9583 21.514 34.9685 19.7931 36.4276 15.9726 20.0193 26.765 11.2615 19.8951 10.8803 35.2993 32.3468 14.405 
24.4868 18.9745 8.1856 4.2553 10.2049 1.8275 15.2048 26.8257 22.5663 23.8956 23.5067 24.454 11.9444 1.3568 23.3219 
5.3379 5.9286 11.8106 19.9972 13.371 15.9003 11.1154 10.0557 5.5043 10.634 26.5082 23.6425 26.9478 19.6308 6.4789 
22.9191 20.1708 14.8791 29.2217 13.0139 21.5898 8.3294 18.2975 24.4063 10.7034 12.7575 3.9707 20.994 25.8611 10.9466 
22.7583 27.1242 15.7839 27.7101 15.7882 23.3442 10.642 23.8212 25.7816 11.1305 13.6978 3.8624 26.1785 25.4084 12.936 
19.5396 9.3098 9.5431 6.8306 12.9127 8.522 18.0282 20.3298 13.7556 19.6281 28.6328 28.9072 21.3224 10.1277 18.4849 
24.0419 27.275 18.4924 35.9087 15.4339 32.0165 14.2354 24.777 30.5843 13.2025 13.435 2.521 29.0336 32.3188 17.6229 
17.8392 14.9021 6.2453 17.9814 2.6367 16.4638 1.3944 21.5202 20.133 13.3887 16.5866 13.4306 14.6217 15.7624 9.7596 
24.1167 18.5037 11.4822 6.407 12.7926 5.9402 16.0182 34.805 28.4112 28.0335 25.1185 27.7043 8.4572 3.1391 23.4509 
32.9051 32.4206 20.0163 29.959 21.4872 28.2528 14.6304 28.9194 29.5412 21.1611 7.4034 4.6722 23.5538 32.7385 23.5168 
22.1336 18.5787 9.1494 20.8746 5.1849 16.3334 2.7787 22.5414 21.2619 12.4227 15.48 12.0397 13.6642 16.6125 12.2613 
30.1047 33.4907 22.4997 27.9641 15.0577 28.7748 13.273 30.2309 34.3541 17.4381 6.5911 4.586 19.9866 27.1472 19.491 
19.5124 26.1243 23.1628 29.6552 18.9646 26.4353 16.0867 17.2774 23.886 8.5535 20.043 8.2927 26.6534 30.7059 11.8951 
31.5052 27.5289 10.0839 12.5611 11.8307 11.9527 13.2122 36.4528 27.14 25.3452 15.5076 23.0697 1.9317 8.2921 24.44 
31.2838 21.5676 11.6718 15.6578 12.4203 11.4549 13.3431 34.2005 26.699 26.3767 17.3727 18.756 2.8132 11.7288 22.5669 
18.2579 21.8359 17.8269 25.4682 12.7272 22.8103 11.1159 15.0006 19.5684 4.5257 17.2801 8.3018 26.8818 23.668 7.6205 
29.2521 34.0835 27.6925 45.9493 24.1521 35.1407 25.2848 25.019 28.498 14.9055 20.8358 13.7748 35.4509 35.7784 18.9636 
30.447 30.5461 16.2364 21.9673 16.3878 20.8758 15.1494 33.1239 30.7124 22.329 9.365 15.2538 9.3239 18.6606 26.5442 
7.1001 11.6173 25.6969 31.1831 23.7626 29.5342 26.3564 7.4914 6.3789 16.0311 40.3309 28.8233 33.8907 33.5542 14.2835 
17.8754 23.9764 15.05 27.5895 9.4338 20.2354 5.8794 18.5739 23.9148 7.0586 15.1966 6.2511 21.9649 20.1431 10.006 
28.9733 17.0021 14.6232 3.723 16.9335 4.6733 21.3991 34.6195 22.806 25.6615 26.1393 30.1728 13.6951 4.6933 23.8472 
16.3649 19.8399 12.0675 21.9039 7.3914 22.215 4.1583 16.4933 20.3074 7.4614 17.4576 9.622 20.9062 17.4615 7.5577 
19.2344 20.5775 10.3132 19.6774 5.9273 20.9493 3.9221 22.6352 23.6047 9.8641 12.3908 7.6619 17.9167 20.4674 9.8601 
28.182 26.811 20.116 23.5687 14.1537 25.7443 12.2142 25.5633 32.6164 17.4855 4.4822 7.2086 17.8639 25.7074 20.7918 
10.9875 13.3983 13.6313 27.323 10.9587 24.7471 8.8365 10.7589 12.1291 1.55 20.1805 13.5579 22.6418 25.1446 1.8254 
4.5839 11.9883 13.7401 23.8865 12.3162 21.6828 13.3608 6.5612 8.5064 7.4125 30.5373 17.2804 25.2095 23.1425 4.4742 
11.8927 4.3066 8.9775 12.1511 11.2234 11.1137 14.1847 14.6843 9.5385 14.101 28.4072 23.0594 23.0324 14.2395 13.7195 
25.0136 24.3396 14.0661 23.7159 11.6532 25.0642 8.9009 28.634 26.6598 13.4561 8.3709 4.7277 16.6369 23.416 15.9788 
18.948 21.3682 7.4627 16.6565 4.8449 16.4691 3.7521 25.2803 21.9046 15.2411 14.2322 12.2787 13.7517 15.2546 14.0018 
13.2154 21.0345 19.4905 28.7687 17.8713 30.7722 14.0132 10.1863 14.3542 3.0247 27.6556 15.1751 32.8695 31.652 6.0399 
19.7955 29.6268 18.7725 30.9194 18.4137 25.3093 12.9959 22.2793 23.5632 11.5349 13.0301 4.9544 25.9403 26.9468 11.9306 
13.5084 19.4043 20.9507 31.1183 19.7746 33.0992 15.7775 7.6688 14.9783 5.9675 24.579 18.5662 32.6072 30.8089 8.9205 
32.339 36.2328 18.9581 31.0314 17.8089 30.9203 17.8336 29.8941 36.301 21.2639 3.2112 8.578 20.7062 26.2264 24.6172 
12.5348 3.2172 13.2018 13.4951 14.5944 15.5356 16.2015 17.3617 9.6774 20.0161 35.1486 27.2303 26.0746 18.068 16.9604 
9.386 12.3374 13.5257 25.6436 10.6353 25.906 10.0959 8.0058 11.3304 2.8959 26.5639 17.5471 27.8158 22.7641 1.0766 
26.1407 20.3249 11.1231 2.9159 14.3914 3.705 21.5542 29.9551 27.5653 27.373 30.4922 29.1871 14.6855 4.1661 22.1224 
1.6037 9.0582 17.2912 25.8989 17.9944 25.1263 17.3707 4.9473 4.4691 11.8596 31.8736 25.9247 35.1159 26.8389 11.1386 
4.9015 6.4777 13.937 18.6899 10.7553 17.327 13.0665 10.4002 6.3759 10.8197 27.1599 22.3215 23.4115 17.7553 7.2744 
23.575 33.9566 23.0666 38.1397 19.9312 33.7141 17.0751 24.5437 33.5545 13.5962 15.6828 6.7126 27.1577 35.9117 15.8308 
27.6052 34.7862 22.1716 33.4661 19.0006 29.3379 17.2781 22.8341 26.942 15.7008 13.0717 5.1966 23.8339 35.6916 19.0257 
6.5636 1.5587 13.0296 18.2132 14.9918 18.1706 17.7908 13.0321 4.6988 18.6267 37.18 29.0943 25.1259 16.757 13.9428 
22.2523 14.4756 13.4248 5.6947 18.3404 6.5602 20.1315 30.8667 20.7983 24.3297 36.5955 28.9295 18.97 9.7213 26.8265 
14.006 23.0928 18.6121 30.8117 16.1737 25.9424 13.4823 14.954 17.7072 3.5937 22.4336 11.4363 29.607 30.4076 6.8076 
27.9881 29.4363 13.5393 19.2492 16.2619 15.3445 14.9768 38.202 33.956 25.7523 12.7247 18.3577 3.0754 14.4016 25.3177 
15.3979 9.2587 6.4685 7.6247 11.3149 7.0366 14.6456 19.9621 16.1765 19.9202 24.1968 24.2367 17.4049 8.3881 17.0857 
8.9687 2.2678 12.0501 15.4511 12.6733 15.7186 12.9411 14.6239 8.2807 16.3975 28.1308 29.2937 22.6672 13.8956 11.509 
19.2124 25.0893 18.808 27.3618 17.4702 25.6804 15.3048 15.0716 18.1727 6.9586 19.89 9.7088 33.0385 28.4223 9.7422 
32.3989 32.4419 21.3964 24.477 21.0721 28.0502 19.2573 37.0302 37.9117 28.9493 4.5782 16.194 13.2797 26.0554 29.4455 
19.5977 10.2821 8.5938 7.2959 11.2174 6.1846 13.6151 24.1344 18.1858 19.4658 30.9395 26.9625 17.9898 8.0102 18.4776 
12.9054 18.7942 12.9028 20.5656 8.6266 22.4203 6.7682 14.1359 14.6776 4.1362 20.5289 11.5722 20.8145 21.9182 4.2034 
3.0453 12.102 20.2546 26.5367 18.1747 23.8914 15.6148 3.2454 5.7343 9.9952 29.778 27.1118 36.9047 24.4264 10.5167 
26.2441 29.9328 14.3732 24.189 10.1061 16.3577 10.3082 29.2599 29.1257 22.3638 8.7811 11.4936 11.7184 17.4971 18.383 
30.6106 36.986 29.0962 39.1283 28.0065 38.5509 24.3458 22.1947 32.083 16.4211 18.3203 10.2738 31.585 38.185 17.6212 
10.9443 2.1481 12.3249 15.2716 12.4118 14.1207 16.3045 16.328 7.9213 17.0274 29.3552 30.0738 27.2004 14.9977 13.0457 
27.0817 30.1451 22.4522 29.8528 20.9167 28.8511 16.3145 22.8225 32.3047 14.5942 12.6225 2.8277 25.4581 34.1701 16.2582 
14.1021 17.7425 8.1453 20.4549 4.9172 16.484 2.6311 14.8023 14.7534 7.3012 20.4011 12.8833 19.0677 16.5042 6.4341 
25.8434 23.273 9.0844 18.6246 7.6906 13.8308 7.9239 25.8171 23.6624 17.5908 10.9148 12.9435 9.2417 14.7525 16.082 
10.3028 19.3474 20.9762 29.0772 19.5099 30.8278 17.6288 3.596 11.8469 9.3061 36.562 21.636 36.5617 27.1123 10.339 
21.9208 25.0572 25.1187 40.1 21.877 34.4716 17.6393 21.6585 27.5822 10.8174 18.2959 10.7322 32.2458 33.1649 15.7403 
14.3564 12.405 4.1647 13.5656 4.1722 12.4308 4.9997 17.5427 13.2503 10.2577 21.7533 18.4064 16.1118 15.0134 9.6234 
29.464 27.3448 11.5571 15.4076 12.5136 11.5149 13.8558 29.9173 31.0308 21.1931 13.9771 17.3826 3.8288 11.3987 21.1288 
26.7003 19.6089 10.6717 3.8265 12.1103 2.868 17.318 30.0179 26.7102 25.9531 27.7386 25.4602 9.2337 0.6626 20.3938 
30.2171 29.1501 18.2663 22.6302 14.2653 25.8432 10.5646 24.3395 29.0563 18.2197 6.0004 6.4996 16.8973 21.0841 15.2946 
15.2686 6.5171 12.6992 10.7849 14.5862 10.1559 16.0266 19.1646 14.4581 21.068 35.4961 27.157 23.7775 13.0347 16.5076 
4.2352 5.919 14.4971 18.5258 11.0976 17.1776 11.3545 9.2292 5.8941 10.1475 33.0525 21.1495 29.8627 20.532 6.9231 
17.1334 10.741 13.3067 7.4755 16.51 7.7078 19.0676 24.3546 18.2976 27.1324 37.8623 30.9866 21.1184 11.6384 20.555 
25.4321 26.544 28.6323 34.9755 19.3792 35.9806 17.1376 18.9898 29.5562 12.9434 17.8573 11.5805 28.8599 37.1433 17.7621 
19.4853 19.7322 6.1008 17.714 2.6399 13.9767 3.5346 23.3387 18.5346 14.4835 13.6918 12.5222 12.1847 13.1055 11.8808 
16.8273 14.2236 7.2923 15.7535 2.4121 14.1801 1.7885 19.7265 15.3746 9.6586 16.3573 11.9809 16.0553 14.6974 8.7128 
13.8897 11.7793 2.7341 11.5612 3.8383 10.1333 7.7177 18.2737 14.9947 15.6466 22.0474 21.4298 13.7234 10.336 11.517 
25.9447 23.6609 13.6071 23.6837 11.2345 22.8953 6.5887 28.4035 24.7879 15.2299 8.3856 6.4678 14.1422 20.3252 15.6223 
32.8367 30.2017 23.4728 32.4353 19.089 35.252 17.9621 28.0007 31.247 18.7834 12.8455 4.95 26.7159 35.29 17.4342 
10.488 7.7705 5.5674 12.6285 6.4414 12.8774 9.8142 14.7351 13.231 12.439 24.04 20.4504 20.7042 13.9645 9.4499 
30.0593 38.1053 31.2111 40.4656 23.7529 31.483 22.7897 28.8586 32.9157 16.5466 20.1341 9.2755 33.1226 31.649 18.8934 
24.7053 28.4542 19.098 29.6354 16.8814 27.2074 13.631 24.1946 28.454 17.8793 9.2149 3.3186 24.7598 25.4435 19.2133 
5.4564 14.8762 21.6848 28.1937 24.0756 26.9719 19.7804 4.0835 6.181 13.8164 36.3674 31.8252 35.4983 32.4597 12.9885 
18.5397 16.6927 4.5331 13.9031 2.4873 11.4847 4.3578 23.4137 21.0296 15.4908 17.6399 14.4545 12.7457 11.9928 13.0876 
6.4053 14.9435 20.7358 31.6276 25.6337 30.7938 25.8702 4.559 7.9737 14.5332 33.8153 32.6291 34.2133 32.8086 15.4291 
22.489 18.2114 5.3426 12.938 5.4808 9.6068 8.0443 29.1474 21.4926 17.8224 15.6943 17.6075 8.0065 9.3573 17.6714 
33.9485 27.7029 14.452 15.5811 17.2935 15.7117 17.012 31.2718 36.5738 31.0322 14.1962 23.8716 2.5456 14.1671 26.2735 
22.238 23.9295 17.8284 25.6847 12.371 25.6634 10.649 20.9798 19.6139 9.0286 15.0341 5.9746 24.9123 25.8719 8.5807 
30.3678 19.0891 13.7658 3.1684 18.0977 4.2426 21.3001 28.6393 24.4151 26.759 28.2449 31.9776 11.5579 3.9856 22.3157 
17.1465 19.4174 14.2214 23.0933 9.133 24.7819 6.323 18.4009 18.7639 6.1033 15.2584 8.5917 20.2315 23.904 7.4202 
21.8381 9.4816 11.2157 5.7203 15.1044 6.7019 18.3693 27.384 17.2777 26.4559 36.7115 33.273 20.8525 9.7563 23.3992 
15.0739 8.3956 4.6957 12.0123 7.2304 9.426 11.4395 17.0194 12.9621 15.9895 23.1058 25.4001 18.2367 10.4352 11.1288 
23.2342 18.2588 9.3525 16.7594 5.485 12.9542 5.6857 27.6466 26.3866 17.9516 11.1391 12.1688 11.1282 14.51 14.9218 
33.3104 27.6752 13.047 11.6632 12.9523 11.1666 18.4202 31.2432 31.1449 24.2077 22.2141 27.1207 3.2647 7.07 25.6386 
24.0946 20.3578 9.4117 16.052 5.5973 14.6033 5.2224 27.4716 22.5607 17.42 12.0709 10.5815 12.7256 15.0137 14.1989 
5.0099 14.4307 20.0905 29.3425 21.005 26.7936 18.9344 3.9868 6.6094 13.2641 36.9472 31.041 39.988 26.2322 11.3243 
18.6852 21.4662 20.2307 30.6364 13.9495 27.5194 11.7972 17.7283 22.181 5.47 16.9496 10.147 29.8539 26.1864 9.0676 
15.2153 17.1227 15.2442 27.0574 13.165 22.1057 8.4723 13.8537 18.1 1.9367 19.8953 11.2387 26.6344 25.0142 3.4834 
11.8073 15.9988 14.9431 23.423 11.1963 24.5149 8.0388 12.8079 14.1573 2.2359 25.3399 13.2143 24.0936 24.0978 1.8977 
15.8154 12.4061 3.4116 14.4249 2.5115 11.4793 4.7057 17.5428 13.9902 13.7258 20.6143 17.8095 14.9021 11.9739 11.4715 
8.7771 6.2823 9.9167 17.1198 8.3409 13.9279 9.7753 15.6623 9.4969 11.4629 25.2887 19.6449 19.7452 16.7723 10.1711 
12.7596 20.065 17.5958 31.0104 17.9274 30.7655 14.3626 9.999 15.0125 3.0004 22.851 14.2873 29.4334 30.8648 5.6127 
3.1331 7.7747 14.2722 23.3765 14.3086 21.9322 12.6957 8.2424 5.2144 9.322 31.0943 24.9297 28.0511 23.2312 6.7624 
14.7072 15.1007 5.6573 19.7306 2.3096 14.5905 0.8306 20.9168 19.5894 10.5538 18.8029 12.9546 17.2446 14.4238 9.0646 
18.4774 15.5443 3.4475 14.7063 1.1042 13.019 4.1699 22.4268 15.5425 14.3874 18.7734 17.512 14.1126 12.5759 12.2794 
16.3713 19.9901 20.7954 33.6772 17.6539 24.8169 12.9263 15.3199 20.1704 4.8007 24.0471 12.5076 31.8096 29.1687 7.4175 
33.4877 31.5086 18.3944 24.2351 20.4011 20.8667 17.1584 38.9512 34.2137 31.9283 10.8733 18.5647 7.8687 18.059 27.2535 
19.4029 25.6176 22.5782 33.2133 18.9416 32.6769 17.1703 18.9123 23.3139 10.2679 17.4864 8.6946 33.4908 27.2506 14.5565 
13.4183 5.6126 8.3055 12.9745 11.4288 11.6096 12.3393 16.3716 10.9393 18.7732 29.8358 27.2195 21.4983 11.2994 12.9116 
22.0716 14.3091 11.961 3.8848 15.0992 5.2044 21.2923 27.6494 20.6422 24.553 30.5929 31.649 19.6952 7.837 19.7771 
26.6269 16.7934 16.4533 3.9461 16.6806 5.8509 22.9053 36.2994 27.455 31.5653 35.2478 32.3178 17.9216 8.8795 25.7542 
19.9956 13.5261 11.4796 2.8861 17.5225 4.2716 19.1031 30.357 23.9886 24.4737 35.4738 27.0337 18.0304 7.2259 22.7414 
31.0293 20.8022 10.4404 11.0035 13.9591 9.981 13.3353 33.3245 27.463 22.7726 19.1284 21.8614 2.8048 7.7868 26.7451 
25.8729 29.9136 27.6886 33.992 23.2486 32.6917 18.1185 24.4895 29.4758 11.7166 20.3538 9.5112 34.1416 37.8671 15.1696 
1.985 11.5568 17.6281 21.9689 18.6042 20.8469 15.4386 4.4814 5.6678 9.3554 31.8249 26.3753 33.5405 24.6289 7.6277 
25.5964 27.1436 14.6788 26.7725 14.4213 23.5063 12.1451 33.8756 31.789 21.1765 4.7478 11.5385 14.6671 20.2719 22.7216 
33.6925 28.6643 17.2905 21.0921 14.3139 21.4469 11.5677 33.6992 27.8283 21.5326 5.1065 13.6183 12.7673 18.3117 22.5806 
21.2836 23.8626 20.1989 26.0484 16.0576 28.9012 12.4184 19.9304 21.83 11.2296 15.1651 4.1952 28.0586 26.6805 10.9385 
22.8799 20.3848 8.0893 16.201 8.0415 11.2913 8.7207 30.5299 28.4728 22.4487 13.6354 14.9141 7.1073 12.5439 18.4113 
1.6657 10.9056 17.2464 22.8593 15.6891 23.7238 15.9487 5.2185 4.3072 11.1377 35.1245 27.5644 30.1928 22.6973 8.1814 
9.0241 1.1581 12.5028 17.957 17.0622 19.3926 16.8997 13.5956 6.1695 19.6148 30.2308 29.7595 23.499 18.7574 14.556 
20.6148 17.2294 4.5002 10.7971 8.0766 7.7667 8.9376 29.1748 23.5406 19.886 20.8032 19.1973 9.5015 5.6913 19.3504 
3.7453 11.778 15.5456 28.8284 17.7593 21.8509 15.4785 4.1888 7.9193 8.9842 27.4774 23.6443 27.7351 27.6389 7.4041 
7.7822 2.1564 17.1681 19.7239 14.9544 16.805 16.0128 15.1854 5.6308 17.1536 37.0315 32.1666 26.9017 22.8402 13.5636 
22.5953 31.6197 24.8345 39.6172 24.3999 30.3831 21.4366 16.4783 28.5396 11.5505 25.8986 14.4526 32.3956 38.6676 14.9613 
15.8281 16.7769 7.3304 17.1132 3.6491 18.3244 0.7805 17.2306 19.0877 8.9605 17.2183 10.4408 18.7308 16.7979 8.7716 
8.9155 18.1101 20.0022 31.2462 21.9029 28.2631 18.4865 3.6351 10.8644 9.4154 29.5048 22.3995 31.4084 26.7588 8.6009 
17.1297 7.5696 11.4431 11.095 15.4747 10.8234 15.9338 20.4057 12.4871 24.114 32.3505 33.0803 23.8138 12.7582 16.6277 
2.8663 6.9713 19.1258 24.0652 17.2802 23.1177 19.1308 9.6726 0.3336 14.419 33.0781 26.7667 27.4574 27.2704 10.8956 
31.092 25.2446 12.3552 13.6475 15.0682 9.1575 17.6563 31.2501 28.2812 25.0678 19.9491 25.8044 2.5528 7.4337 24.8598 
28.6742 31.2129 20.7241 27.1151 16.5838 28.8556 12.04 28.0362 25.8399 15.5937 11.8265 1.1794 21.6507 24.2895 14.5257 
26.7836 26.4596 29.5541 41.4998 19.7064 34.4498 17.6974 20.5863 29.0972 13.8736 21.0956 10.8884 30.0653 32.5937 17.5484 
18.5368 26.9943 22.8098 27.5365 18.8943 26.7664 13.3077 15.2374 21.8208 7.6876 19.1403 11.6501 26.7862 33.2767 10.3156 
5.6316 4.5069 11.3022 18.9758 12.0306 17.8496 11.4779 11.508 7.2534 11.8341 25.3259 22.3702 26.8364 17.6074 7.8127 
31.0592 25.1119 14.3357 14.506 14.5386 13.8705 13.4556 36.9482 33.5486 27.1606 16.754 19.9852 1.4403 11.8544 24.518 
10.8558 15.3553 8.8945 19.0902 7.0875 16.9971 5.3138 15.9969 13.3662 6.5944 23.2678 15.3318 23.1244 18.9085 4.1138 
30.5816 27.1492 17.0536 24.2585 14.1939 22.8311 10.8616 26.0663 29.6407 16.824 6.7604 4.8859 16.3188 23.0077 16.3583 
15.4821 25.931 20.4654 32.8161 17.4357 32.9793 13.6188 13.2235 21.5698 6.4111 20.7268 11.6505 31.013 32.453 10.1913 
11.6973 13.809 9.8522 21.2092 6.7754 17.7424 4.6406 16.1056 15.3591 5.6259 22.3393 14.4037 21.605 19.6061 3.8177 
12.1849 11.9506 7.7167 19.3226 4.3248 16.3499 4.3194 13.7993 12.6676 8.6397 17.6409 16.4811 17.9033 16.7393 7.6945 
26.6155 36.9311 31.2568 35.3479 22.5922 36.869 22.5094 24.2761 36.3475 17.5991 15.8133 9.0078 33.2059 33.6872 22.8712 
11.5898 8.9351 3.756 12.4766 4.8176 10.0681 6.5281 16.1337 13.9464 13.5369 25.9561 20.3795 15.1459 13.3051 10.637 
6.6275 14.1909 19.9876 30.5796 16.5798 25.8433 17.5957 3.1579 9.3332 7.9347 32.9217 19.712 30.7313 31.5219 7.5397 
6.6879 3.4077 12.045 17.8531 13.4793 17.0205 13.8594 11.8795 5.4172 14.3041 32.2538 28.0032 24.8974 17.9561 11.7173 
22.1536 26.8927 12.6185 17.8584 8.9278 19.2735 7.9344 25.3809 23.4812 15.824 9.015 10.3588 11.9651 16.1245 16.9645 
38.7748 31.2559 21.037 31.5649 20.6597 28.6148 19.804 33.0055 38.1026 23.0769 2.1354 11.287 17.4646 25.5826 29.3588 
4.2554 4.7968 12.3681 20.9132 12.945 17.3727 15.1792 10.0079 4.2772 11.3543 27.4875 25.9412 26.578 22.3022 7.9882 
20.9968 26.4284 18.2842 29.0149 14.9148 29.9091 15.4919 18.3716 22.6391 11.0011 18.075 5.5707 30.9093 26.4488 13.7137 
25.3613 31.287 23.9201 39.1872 21.2077 34.7933 16.1802 22.0027 31.2036 12.7058 18.0272 5.6 26.3902 31.5464 18.0787 
15.263 7.5681 10.5482 10.0582 16.8279 9.1511 15.6078 19.7608 16.4017 23.1083 28.8828 26.7273 22.4025 12.1604 20.3726 
16.4618 9.9084 1.937 11.8387 5.0626 9.9046 8.8664 20.713 17.2596 15.8186 19.1781 22.5878 17.1747 8.6056 11.3177 
15.5449 14.8149 2.7432 12.5909 1.1712 11.8627 3.9923 22.099 15.5255 14.0131 20.4128 18.5652 13.9671 12.4313 12.2986 
10.9498 8.8919 7.9755 15.8529 6.6238 13.9262 7.1656 14.9258 11.1888 12.2354 22.5747 18.8385 20.9229 17.4799 8.5154 
17.6469 23.8237 18.1863 26.6238 16.2856 25.7506 13.3069 12.2323 16.4608 5.1675 22.3883 12.8917 31.5354 32.6744 7.1604 
15.092 19.39 17.6928 25.8783 11.0293 26.8071 9.1484 11.5217 15.9069 1.8199 21.9414 12.1375 26.0587 25.8141 3.9276 
31.9739 22.5141 13.3267 17.8135 12.2286 11.6893 15.8912 28.9042 30.2089 25.0506 15.0846 20.2892 2.641 12.1651 20.0966 
26.8458 34.4782 22.8755 37.7928 21.2312 27.5585 16.85 26.6819 35.3412 18.9205 12.5021 4.5545 29.5418 29.4685 17.9555 
22.2779 30.3198 25.9297 33.9717 20.7726 29.7088 15.0677 15.7778 26.6887 11.4448 24.6162 10.1896 30.3441 33.4033 13.7351 
26.5825 15.8353 7.8683 4.2235 11.932 2.0366 16.0154 26.3859 24.8601 25.0952 26.0595 25.4375 11.9507 1.4489 22.292 
5.7708 7.0836 12.8685 21.2477 10.4167 16.2385 13.7254 10.5607 6.1955 8.8167 32.0189 19.1422 28.4977 21.3381 6.1218 
20.4362 25.48 17.3204 23.9785 11.3814 21.404 7.1784 20.2455 22.9065 10.0076 11.6391 4.2445 23.0121 24.2159 9.763 
22.2189 22.9425 15.8094 31.561 12.7951 28.8689 10.161 23.3073 21.9519 8.786 13.3915 3.495 26.4571 26.3201 10.4294 
17.7767 10.1229 11.5589 6.5149 13.5474 6.949 15.5091 24.4952 14.1338 21.4321 33.6275 30.0815 20.5601 9.2003 17.1923 
23.9699 28.9725 20.5739 31.837 18.7475 33.255 13.1054 22.8036 27.9578 15.0569 11.5205 2.4773 23.8026 28.95 15.6792 
18.0766 18.5236 6.1134 16.5529 2.2847 15.4484 1.377 20.632 18.2393 11.0011 17.2514 12.9074 14.6217 15.0088 9.3712 
25.8914 21.5012 11.12 7.2111 15.477 6.2282 16.0182 33.5088 24.59 24.2545 22.9798 26.5098 8.7703 3.3474 24.9337 
29.0288 30.2053 23.9848 32.3127 18.3262 28.9128 16.361 32.8134 31.3249 17.5493 8.7164 5.7095 20.4396 32.531 19.9988 
19.1148 18.9337 7.3158 17.1837 4.1354 16.1439 3.0571 20.8329 23.9242 11.4169 14.9093 11.004 14.0895 15.6704 10.6707 
31.2677 29.0761 18.8481 28.4686 18.3525 29.1029 15.9989 32.5853 28.3069 19.538 5.7053 5.3743 23.1341 25.1783 19.5079 
21.0657 24.9441 22.2969 34.7977 15.512 32.3079 14.1394 19.8723 22.8819 7.7855 18.5667 8.2439 31.0845 30.3332 12.6778 
28.8395 21.6816 10.0607 13.5057 13.8012 10.5154 14.618 34.3313 30.6102 27.7704 18.6182 19.2629 1.6838 9.4095 25.202 
27.532 25.5469 10.0267 17.3263 13.0275 13.0913 15.1884 31.492 30.9265 27.2278 13.4967 19.9068 2.5242 10.8119 25.4132 
19.5693 21.3872 19.2079 24.1387 14.9881 24.9416 9.633 15.5784 20.5535 4.8391 18.0607 9.7622 26.5667 24.9089 8.0873 
23.9292 28.7019 32.3346 44.4834 27.3914 33.2279 20.5012 26.9258 33.8274 16.7454 23.9786 13.7671 40.855 38.7162 16.7951 
33.3045 25.3855 15.65 24.6091 14.119 18.0927 14.7372 29.5735 35.6582 23.1454 8.2269 17.1053 8.3114 19.031 26.3585 
7.4675 12.6336 20.7976 28.0874 22.1313 31.5433 20.7096 7.2787 6.9791 15.1367 43.5489 27.8832 41.7486 31.8377 16.6018 
16.6284 23.8019 14.9282 24.1524 9.8212 23.4742 7.5098 17.1696 22.4066 7.3676 15.8691 6.5168 18.3961 25.304 8.3069 
25.154 22.2092 13.44 3.5261 15.274 5.4895 21.5717 30.3875 25.3634 30.5363 33.0118 27.4347 13.6149 4.3867 26.7851 
18.4835 18.941 10.5465 25.3925 7.622 20.5119 4.3589 18.1478 21.4048 8.3214 15.2198 8.4166 22.1092 18.6432 8.5622 
20.7514 20.3442 10.6373 19.1184 7.7616 21.7778 3.6085 19.8391 19.169 11.8926 13.0874 8.9968 18.3775 20.7482 11.5101 
30.1626 32.8128 15.3529 24.6336 15.7658 25.3905 10.9627 32.2875 33.9696 16.7264 4.6184 5.668 16.2164 23.0163 19.1731 
11.1442 13.5703 12.7372 23.6795 10.5966 21.9788 8.0954 9.7497 14.4283 1.8728 20.6207 15.6867 27.4796 25.6048 1.7695 
4.8157 10.0298 13.7525 22.1263 14.7817 18.7692 11.8056 8.2461 7.5884 7.7191 28.2047 17.2804 25.3966 20.6313 4.8055 
11.029 4.7918 9.2974 11.2415 11.4339 13.8443 14.3507 14.8956 8.8158 15.0827 27.878 24.3934 18.7112 14.7545 11.0864 
25.2708 26.4343 15.8735 27.2912 11.6908 21.421 9.7145 27.0641 24.1585 14.1213 8.7773 4.9599 19.2328 24.1716 17.3926 
20.526 19.7516 7.5837 17.2117 4.2533 14.5214 4.0307 21.4162 21.4101 12.775 13.0062 13.0727 14.6075 14.0861 12.7592 
13.6383 16.6076 19.7352 26.634 16.4398 25.1901 13.9944 9.9431 13.785 2.9389 22.0673 14.031 31.5334 27.3953 6.5954 
23.8523 25.593 18.3808 28.3605 17.63 28.1999 11.3297 23.5744 25.7205 10.6373 13.0821 3.9622 23.4146 27.6635 14.1092 
11.5935 21.3999 20.1928 27.7799 17.948 29.3831 15.6721 9.1458 16.7412 6.7701 31.0977 17.0054 36.6452 29.3249 8.4246 
34.4304 28.1094 23.5071 33.2831 20.1877 25.7305 17.8845 30.1339 29.1552 19.5587 3.3716 8.4337 20.7408 29.1758 23.5079 
10.0099 3.2068 12.9701 14.0934 14.6522 12.6415 17.0951 19.293 10.4727 21.4809 29.1083 32.3255 23.5156 17.8189 18.6016 
10.1428 16.1245 16.2148 27.8084 10.6214 24.3645 11.0824 9.7267 11.5072 2.5314 25.0376 17.3127 29.9944 23.4332 1.0213 
27.7529 17.3706 12.9517 2.8946 16.2024 3.6863 21.3581 32.4165 22.2799 24.6878 32.155 26.3836 15.0802 3.9714 27.8078 
1.5735 9.285 18.9206 24.471 19.9471 23.9955 18.3318 5.2977 4.075 11.0285 36.5439 26.5725 33.8898 28.9435 10.5756 
5.1945 6.1916 11.7937 17.1291 13.4602 16.9877 14.2367 9.9187 5.6426 9.6982 25.1096 23.2043 27.4569 19.9445 7.4272 
23.3498 28.3462 22.4734 32.9098 22.651 37.4201 17.0949 23.2788 32.7534 16.44 17.7176 6.2041 32.2064 28.5233 20.0191 
25.1239 35.0941 22.2729 38.8183 20.526 30.6354 16.4001 21.957 33.0776 14.6465 13.4491 4.8825 27.4058 29.1057 16.4704 
6.5552 1.4007 14.9848 18.8463 16.6209 15.8281 17.8927 14.6034 5.2559 16.8737 33.3319 27.271 27.0304 17.3143 14.7709 
23.623 12.7371 13.3041 5.6874 15.22 7.0018 19.6222 30.7065 21.3112 22.9205 34.1753 34.8804 18.3747 9.2857 25.341 
15.3875 17.9946 16.9764 32.3822 13.5587 26.6023 11.9983 12.9998 19.2547 3.4527 21.8646 10.3497 31.0184 30.8176 7.5287 
31.9538 24.3448 16.3063 17.3217 15.4497 15.4079 14.7301 38.5449 34.7546 29.0435 13.971 21.0185 4.0253 12.5182 23.2671 
16.7908 10.752 6.2191 7.4047 8.7836 7.2335 13.9487 21.6897 14.2077 19.0707 26.7586 25.6548 17.0269 7.2308 18.4902 
8.9908 2.0518 12.3741 12.428 14.5809 15.3227 13.3862 17.1069 8.0273 14.9915 29.4948 22.7832 24.1454 14.246 13.2209 
16.6579 21.9688 20.0505 32.565 17.2346 31.6978 11.6936 16.8131 20.1294 6.3125 21.3883 11.7366 26.1807 31.3666 9.4442 
35.4572 37.0143 21.6252 31.0918 17.4515 25.9508 19.1226 39.6198 32.3779 29.871 5.3137 13.2571 13.4434 24.4817 24.1697 
15.9325 8.8238 7.2634 6.3896 11.2725 6.4656 14.9275 25.4627 15.6778 18.2237 29.0416 27.5257 16.3278 7.0648 19.2016 
13.7555 17.2943 13.8419 25.4493 9.6697 19.5742 5.8725 14.5053 15.3068 4.069 17.358 10.1825 26.1858 21.4294 4.4615 
3.0832 11.884 22.3997 28.5251 16.0671 23.3448 15.6964 3.2578 5.1966 11.9527 34.3098 24.4838 33.0657 26.8456 9.4006 
31.7163 27.114 15.1961 24.4091 10.798 20.3848 12.4841 27.105 28.5546 20.8375 8.0371 12.249 11.077 19.598 19.3399 
31.4423 37.3046 30.4462 40.6993 22.0968 42.5608 18.6051 24.0358 28.9823 18.7267 18.8382 10.0798 37.2076 41.3502 19.5994 
11.1718 1.9348 12.4097 12.0885 13.938 14.948 16.5231 18.538 9.2074 19.4642 30.6018 27.1935 27.4229 14.0186 13.2243 
27.1358 33.2285 25.2299 33.7446 17.3271 31.7475 13.6616 24.2075 31.1329 14.42 11.8009 3.0904 26.097 32.4779 16.2632 
14.6653 15.408 9.4197 20.5181 4.9949 17.7119 3.1162 15.5462 18.0546 7.7325 20.1485 13.4999 19.3162 17.9598 6.4173 
22.0966 24.5464 9.8821 18.3306 6.5922 13.6701 8.5154 28.6544 26.1842 20.4937 11.8814 15.0938 7.7219 14.8242 19.3254 
7.8017 17.1593 21.4574 29.7152 20.3038 30.3264 17.6733 3.1093 11.2749 9.309 31.0359 21.1244 34.9012 27.8151 9.7516 
22.4975 27.5116 24.865 32.0638 20.7864 31.8288 15.0417 17.5499 22.8315 11.3078 20.2243 10.0917 30.9215 28.7149 13.6648 
14.2749 10.4008 5.058 16.0455 4.1929 14.2327 5.9182 19.5319 12.3944 13.2419 21.6544 16.1379 18.0344 12.8242 9.0918 
24.9152 23.99 11.4013 15.7956 10.6699 11.5807 13.1157 27.5966 25.4006 21.6212 14.2586 18.1769 3.9473 11.8141 21.7409 
24.0441 20.3296 8.6116 4.8923 13.9402 3.212 16.8448 29.3962 22.3639 22.3675 23.8674 26.2012 9.7537 0.7939 26.1632 
26.525 28.0125 14.3902 28.9625 14.5865 23.9178 11.7913 28.4498 25.8424 16.4097 5.9057 5.2245 15.6021 24.4237 19.2588 
17.1507 6.9737 13.1954 9.2774 13.5938 10.9624 16.4508 23.1826 13.9838 21.5115 31.9081 26.2003 24.2605 11.7051 16.9993 
4.0438 6.998 12.0655 21.4266 11.4297 19.2042 14.5821 10.9847 6.1953 9.4377 26.5371 19.5261 26.36 22.4661 7.9684 
19.5114 9.7478 13.2266 7.1183 16.8912 7.8984 18.3035 23.7597 19.4393 21.9857 36.8656 33.4441 18.6272 9.4289 23.3074 
22.5402 29.3226 26.5222 41.3328 19.2843 35.404 16.1345 24.7833 25.7091 15.0858 19.9954 9.491 29.1297 38.3044 18.6127 
19.7902 17.2294 5.8225 15.4364 2.5294 12.9522 3.7471 20.1584 21.3897 15.0531 13.4415 14.2271 12.8087 13.1859 11.6213 
14.173 14.1296 6.7069 19.1835 2.7902 16.9425 1.6251 19.2779 16.2282 8.994 16.0009 12.637 18.0831 17.182 9.5581 
16.5256 11.8247 2.2746 12.015 4.1709 11.4319 7.0697 19.9228 16.2992 15.0117 22.8793 19.6408 14.5517 12.247 12.7848 
22.4582 25.0491 14.5179 25.505 10.7305 23.1689 8.7174 24.0611 27.1891 14.0634 8.3522 7.4477 17.4764 17.6952 15.2024 
32.3769 32.6525 23.7889 38.4437 21.4464 33.1708 15.0474 29.9357 34.5094 19.6767 10.6171 4.6385 27.3255 33.6574 21.8391 
12.7979 8.9634 5.8905 11.8953 6.1644 12.3737 7.8121 14.5666 13.1438 11.6224 25.8064 19.7894 17.8436 13.6873 11.5608 
32.5588 35.6957 26.4389 40.804 26.1128 31.7498 20.7993 27.529 34.6633 16.0338 19.7507 9.5795 29.4433 34.0047 21.055 
30.6698 28.5416 19.7868 30.9883 19.6065 32.0774 15.8705 29.8597 33.8513 16.0794 8.9449 2.9385 21.8702 26.2013 19.8243 
4.9326 14.6578 23.3681 27.2336 24.0756 32.0347 19.2365 4.3571 7.2913 16.1959 40.912 25.8682 39.6673 33.2564 12.8086 
21.1596 16.955 4.1454 13.9031 2.3601 11.1435 4.6366 24.9012 17.9972 16.3031 16.1225 17.6601 12.5626 10.3355 15.3662 
6.2199 13.1652 22.9529 30.5999 25.8384 30.669 24.4506 4.6097 7.5145 17.0089 42.4129 33.354 31.7914 32.3936 15.9006 
21.8539 20.4289 5.048 10.544 6.1122 9.9899 9.1667 22.7272 21.9274 20.6547 16.0411 17.7413 7.9643 8.9861 18.7038 
EOF