I 150
J 15
bounds (0, 100)
cv 1.5
D 100
k 5
t 3
FLR 0.8
FCR 10
abounds (80, 120)

a 
114.0 104.0 106.0 
96.0 105.0 97.0 
100.0 76.0 102.0 
102.0 83.0 72.0 
87.0 85.0 103.0 
94.0 99.0 91.0 
91.0 82.0 79.0 
96.0 101.0 100.0 
96.0 101.0 116.0 
87.0 101.0 82.0 
98.0 102.0 90.0 
103.0 103.0 98.0 
87.0 92.0 88.0 
85.0 89.0 91.0 
88.0 99.0 98.0 
103.0 89.0 79.0 
105.0 100.0 95.0 
87.0 101.0 84.0 
112.0 101.0 106.0 
112.0 98.0 85.0 
81.0 112.0 107.0 
111.0 86.0 94.0 
103.0 86.0 93.0 
95.0 88.0 100.0 
93.0 99.0 92.0 
90.0 102.0 105.0 
89.0 94.0 88.0 
97.0 86.0 95.0 
88.0 82.0 97.0 
90.0 91.0 88.0 
83.0 101.0 84.0 
106.0 96.0 79.0 
81.0 91.0 93.0 
85.0 77.0 90.0 
90.0 99.0 88.0 
107.0 92.0 101.0 
95.0 95.0 96.0 
111.0 96.0 95.0 
96.0 103.0 97.0 
90.0 76.0 103.0 
89.0 84.0 91.0 
99.0 102.0 83.0 
103.0 94.0 90.0 
90.0 92.0 100.0 
96.0 87.0 106.0 
98.0 85.0 82.0 
100.0 99.0 107.0 
98.0 101.0 83.0 
86.0 96.0 97.0 
98.0 104.0 102.0 
108.0 100.0 83.0 
105.0 92.0 99.0 
101.0 90.0 91.0 
91.0 88.0 85.0 
111.0 96.0 106.0 
106.0 87.0 88.0 
77.0 95.0 102.0 
88.0 97.0 87.0 
88.0 88.0 103.0 
96.0 79.0 108.0 
98.0 95.0 97.0 
79.0 88.0 111.0 
68.0 95.0 93.0 
94.0 108.0 85.0 
104.0 106.0 94.0 
95.0 102.0 99.0 
91.0 102.0 75.0 
97.0 102.0 88.0 
90.0 85.0 87.0 
86.0 99.0 96.0 
91.0 101.0 107.0 
92.0 89.0 97.0 
93.0 87.0 86.0 
89.0 100.0 98.0 
88.0 98.0 95.0 
94.0 103.0 91.0 
63.0 94.0 100.0 
90.0 84.0 94.0 
94.0 100.0 93.0 
86.0 94.0 101.0 
90.0 85.0 106.0 
97.0 97.0 93.0 
86.0 124.0 103.0 
99.0 96.0 89.0 
91.0 99.0 104.0 
97.0 96.0 90.0 
92.0 72.0 116.0 
95.0 97.0 89.0 
86.0 101.0 96.0 
105.0 84.0 84.0 
80.0 85.0 96.0 
98.0 82.0 103.0 
97.0 101.0 81.0 
75.0 74.0 101.0 
102.0 110.0 92.0 
97.0 100.0 86.0 
80.0 78.0 90.0 
95.0 92.0 96.0 
77.0 106.0 84.0 
91.0 79.0 89.0 
93.0 102.0 95.0 
89.0 86.0 96.0 
102.0 78.0 99.0 
96.0 74.0 91.0 
92.0 97.0 101.0 
81.0 88.0 89.0 
108.0 93.0 81.0 
86.0 107.0 95.0 
101.0 88.0 91.0 
80.0 99.0 86.0 
89.0 96.0 92.0 
87.0 91.0 92.0 
98.0 95.0 93.0 
104.0 79.0 93.0 
100.0 110.0 76.0 
90.0 106.0 95.0 
95.0 84.0 90.0 
99.0 95.0 86.0 
88.0 94.0 108.0 
103.0 78.0 99.0 
122.0 72.0 104.0 
117.0 94.0 95.0 
88.0 114.0 93.0 
86.0 96.0 96.0 
109.0 92.0 78.0 
68.0 89.0 98.0 
83.0 91.0 114.0 
108.0 92.0 112.0 
92.0 82.0 100.0 
94.0 94.0 97.0 
89.0 89.0 92.0 
98.0 93.0 88.0 
116.0 79.0 88.0 
95.0 68.0 97.0 
116.0 108.0 106.0 
109.0 98.0 112.0 
80.0 97.0 108.0 
102.0 118.0 83.0 
105.0 93.0 93.0 
103.0 87.0 95.0 
99.0 91.0 99.0 
83.0 77.0 88.0 
82.0 93.0 95.0 
86.0 90.0 99.0 
79.0 93.0 95.0 
92.0 102.0 87.0 
85.0 86.0 125.0 
82.0 80.0 93.0 
94.0 98.0 95.0 
92.0 107.0 79.0 

Icoords
93.5383 24.459
79.4684 37.1736
96.2448 85.0533
93.3043 66.4417
13.646 31.2285
94.5437 42.4001
60.0759 12.809
1.8888 79.6124
39.014 88.8909
44.5695 0.2901
9.1707 44.9271
90.3349 1.7473
39.4644 36.5354
97.2288 83.9762
20.9326 91.1002
30.692 2.9885
81.6234 67.1945
5.4517 62.3512
3.186 72.8873
40.3591 25.8234
6.1659 65.2087
43.0988 4.0188
40.8947 64.8688
19.9075 83.4973
0.768 1.8174
54.8565 76.5587
32.3525 7.3473
15.3718 10.3464
64.9039 75.443
39.3634 65.9862
45.6439 21.8498
16.193 93.9035
8.0454 59.5338
6.9735 38.5862
12.7328 73.2732
39.6761 10.5013
36.361 72.8521
61.2779 22.9785
11.1524 17.1858
23.2765 96.5671
64.343 57.0008
19.1075 67.1795
92.614 50.4125
44.3553 94.7753
25.3485 63.1325
6.8954 87.9143
51.8769 26.1024
85.106 98.7513
15.2862 76.8628
18.8056 44.2112
24.2075 64.7845
28.715 1.564
34.9997 43.5218
30.6995 90.7939
30.1517 77.7173
89.3577 73.653
94.591 73.9161
83.3521 94.0374
99.8436 58.3546
2.4282 73.4708
64.4521 64.0505
83.3563 74.2017
75.3192 70.5974
66.9792 98.8481
15.0467 51.3387
30.9252 70.7355
56.6244 33.0686
42.064 84.3141
8.7108 79.341
18.1553 88.8753
46.8103 96.4364
59.8555 78.3746
20.1089 26.8123
76.3338 35.0822
65.2111 67.8127
73.2736 57.4979
86.1906 52.0576
5.9127 65.8249
80.112 95.8784
11.1704 15.56
78.463 77.3795
4.4371 41.1617
69.6873 5.9926
8.6767 24.3923
65.4667 79.8411
65.6145 13.1799
86.2454 77.255
1.558 30.2799
16.7386 57.2634
70.3663 28.7538
72.432 22.6379
8.989 57.9287
90.6569 35.0867
10.9953 21.3046
20.7243 12.7745
79.6054 38.6056
25.7159 75.2189
11.8163 35.9073
82.327 79.2251
68.1024 92.8022
54.4096 24.0697
36.564 79.3722
35.9007 82.2315
81.8447 54.1652
80.7826 49.5306
80.1397 90.2185
60.0568 39.3101
79.3418 9.7807
96.6539 51.3767
83.5522 58.6225
99.254 80.8923
80.3878 62.858
69.4345 87.8277
58.1607 36.1046
99.9765 91.692
20.6802 0.6093
61.7244 12.5067
11.0915 88.2238
32.758 79.7566
15.4806 0.8324
48.6527 38.4462
9.3361 73.5064
5.9157 91.867
23.5765 21.8596
83.0101 25.2132
22.3183 35.244
1.4815 16.5438
56.6466 13.6926
96.4663 14.6761
71.5607 49.3815
45.8985 39.1422
30.8077 46.7088
79.8648 48.0245
9.5537 12.2562
92.2212 28.6096
42.9999 54.1528
45.9254 23.6583
37.066 9.9803
31.6396 43.3467
25.9382 42.4412
30.9402 35.369
98.7509 17.7135
49.9011 98.3849
64.1741 87.3534
54.104 64.6152
88.3413 59.802
7.7629 67.9909
30.164 19.6153
53.457 65.0792
63.5859 78.5386

Jcoords
84.632 93.9689
67.6422 70.1261
55.5982 14.4905
10.0519 25.9538
45.0824 87.3531
38.2303 59.9141
84.9032 25.5007
45.862 80.9287
10.7432 6.532
96.6381 49.5866
91.6769 68.3061
23.4183 64.2492
5.5476 26.0081
55.3098 48.3283
60.2394 50.961

C
24.5624 17.65 15.0596 31.0536 31.3612 22.0215 3.3243 29.5396 28.1165 7.6157 15.1584 25.3317 27.4925 15.7289 13.993 
19.7778 12.7893 12.0125 21.4187 24.2532 17.3395 4.4835 20.0328 27.5328 8.0001 10.8482 23.8282 26.3975 9.8562 7.5337 
5.2823 11.1438 26.1805 34.4146 15.8559 22.9514 22.6427 15.7063 45.773 11.1337 5.5427 29.8414 37.8133 16.7568 18.9613 
10.2341 8.8068 24.3996 27.9671 17.9863 19.2056 12.8475 15.4668 32.979 5.7146 0.7551 27.1011 31.8085 14.1427 12.216 
29.0089 24.5761 13.9659 2.5231 25.2684 14.2011 26.2357 20.1317 8.5889 31.1434 33.546 13.1444 3.6151 16.695 19.6883 
18.0854 14.3363 16.4774 33.553 24.2485 23.3537 7.6461 22.7536 32.3779 2.8131 10.3813 24.2339 28.5325 12.1656 14.0789 
31.9417 17.512 1.6922 16.2201 29.8673 16.19 10.8382 27.6816 16.8387 20.0903 19.2804 23.1628 22.2056 13.8261 14.6391 
27.52 26.3212 26.9953 17.4714 14.7486 14.7366 32.671 13.2419 26.7663 36.7556 36.1898 8.5642 16.6452 19.9527 23.7659 
14.0453 11.5081 27.6778 23.1261 2.1472 9.1368 25.8952 3.2178 34.1338 21.9161 21.6503 9.2853 27.3466 15.2866 17.1512 
38.574 25.0286 5.8903 16.5728 27.8606 18.2278 16.5572 25.6948 10.6873 26.2934 25.1518 23.3692 14.3382 17.2974 19.4651 
34.442 21.7752 18.22 6.3496 17.6925 11.4667 27.1847 19.4564 15.2633 32.2424 26.6611 7.3533 7.133 16.3128 18.0755 
36.8205 24.4668 12.902 29.424 36.6213 27.4413 7.9264 27.3719 30.4749 16.7534 24.9646 35.3536 31.9512 21.4878 17.3579 
26.3039 14.3809 9.5695 10.7465 16.2687 7.6648 16.8428 17.5326 13.507 21.5987 20.1753 11.0771 10.7604 7.6915 9.9854 
6.3271 11.7278 29.3795 38.8409 20.7246 20.7844 19.7687 18.576 36.4413 12.3271 6.5534 28.024 40.7196 20.7837 15.5137 
23.446 16.2978 29.4644 24.6626 8.9275 11.205 32.3169 9.9109 26.6953 29.045 26.5566 8.6318 22.0187 19.9031 19.4214 
32.3334 27.0058 10.6388 11.6316 31.563 22.3546 21.7365 30.9036 6.8199 27.3494 31.2141 19.8213 13.6054 19.7804 17.2406 
10.1251 5.2941 22.8652 30.4475 15.2825 14.6387 15.558 13.1894 34.7803 7.8862 3.5584 20.5436 31.4374 12.812 8.5967 
32.7397 24.4619 21.628 11.2923 16.8549 11.0407 29.8477 13.6764 17.0843 28.2764 34.1574 6.8147 13.1562 15.6155 20.4643 
26.2234 21.1739 26.7811 17.7637 16.506 14.2598 33.6759 13.0759 20.5696 29.6452 29.9234 7.3411 18.414 21.5786 22.8411 
25.0538 16.0668 6.5406 11.8684 21.6419 13.5501 16.2902 18.4137 13.2649 20.9662 20.0661 12.6907 13.8935 8.1487 12.6112 
25.0796 21.4128 25.39 14.1298 15.1521 11.4948 32.0987 16.8391 22.5885 27.9381 27.8778 6.2913 15.3137 16.3005 19.5381 
38.2829 23.2563 5.1397 14.283 32.0178 17.2192 17.4984 23.5958 10.3655 21.176 31.8361 21.8797 13.1287 14.6938 18.0355 
16.2066 8.4749 17.9902 17.9703 8.4005 2.1681 19.7632 6.6788 22.6358 22.8253 20.0845 6.8708 17.3564 8.5568 8.9559 
21.2434 16.2596 24.3326 20.1241 8.8172 9.9121 29.9221 8.0148 27.2444 31.4923 23.0496 7.4193 18.5233 18.0445 19.593 
38.4514 37.578 20.2593 8.1641 38.1769 21.3881 31.9553 29.5401 3.6829 41.9772 42.2132 24.1214 9.6069 22.4646 29.9646 
12.0963 4.4054 21.8868 25.8664 5.0326 9.401 22.5952 3.516 28.2305 19.8229 15.0332 10.9626 23.7343 10.1529 9.7829 
30.9698 28.4614 8.3704 9.3462 31.2707 19.8883 20.9604 26.4159 7.7633 30.6452 27.8319 19.4339 12.2413 16.5721 17.0469 
35.0606 25.4824 12.2572 5.5156 25.3148 19.252 26.8785 23.6426 1.9805 35.0508 29.2735 19.7944 6.8923 20.0398 22.1139 
8.8956 2.3372 22.4561 24.0989 9.1111 9.5711 17.0055 6.2144 30.9133 14.4334 10.8698 15.6279 26.8199 11.4386 9.6923 
20.4734 10.8576 20.0858 17.9313 8.0779 2.3559 23.5936 5.4782 20.5673 20.0891 17.9978 6.2698 18.5989 7.2282 9.7739 
27.6201 18.9555 4.537 13.0521 23.6541 14.647 14.979 20.0988 12.5167 19.9167 20.9347 17.7316 14.8587 9.9305 12.7102 
20.737 19.6616 33.7853 25.0869 9.0942 14.8422 29.8812 10.8285 32.1189 32.2374 28.4471 10.6765 24.0125 18.2163 20.0848 
30.7001 20.5986 25.8264 12.1305 16.2912 9.2826 29.5204 14.1949 17.163 31.9333 30.9705 5.0555 11.6623 18.74 18.0419 
32.2875 21.1081 16.6927 4.5468 18.8891 11.6055 28.724 20.1161 10.4281 27.2095 33.6533 11.8749 4.2495 16.0005 20.7965 
24.0018 17.9353 23.4552 16.7495 11.7485 10.259 26.4754 13.1657 22.0811 33.2435 26.9178 4.7693 18.4826 17.8337 18.9314 
34.6131 23.6363 5.8993 11.6007 26.6487 18.2856 18.326 27.5512 11.2639 26.1199 25.6739 17.7331 11.3658 13.638 17.7911 
18.1193 11.9822 19.6395 20.9073 5.3269 4.3309 23.3003 4.3346 25.104 24.843 16.9393 5.5746 21.0598 10.4069 12.2483 
27.3449 14.8435 3.7625 16.3019 22.0583 17.075 8.3277 18.3255 20.8642 16.1524 17.3774 19.7979 18.2507 10.076 10.3887 
37.9517 23.6362 16.916 3.4844 29.6641 16.238 22.3099 25.1128 3.7295 35.6538 37.8184 18.5885 3.6697 17.3343 22.5646 
23.0596 16.3774 31.4562 28.3413 9.0785 13.0634 35.5567 10.2001 33.0433 31.2919 24.9262 10.0639 22.364 19.7518 20.2294 
16.4757 5.1604 17.3428 20.3135 13.2862 7.977 12.624 11.9757 24.5747 12.1639 9.3679 13.2291 20.7234 4.5143 2.1928 
25.8239 18.7446 24.1496 16.0266 11.8958 7.7182 27.7741 9.4964 21.8622 27.2452 23.5879 1.57 16.0817 14.2816 13.8699 
17.2522 9.7069 20.4053 29.475 19.396 19.549 8.6526 20.1993 30.3375 1.2669 6.859 23.0891 29.785 12.2175 12.6862 
14.6878 11.1291 25.0176 28.9132 2.9413 11.9884 26.0232 4.205 28.6778 24.9262 20.7234 14.3919 24.3834 18.9454 14.8576 
22.2924 14.7423 19.7848 12.7643 11.4752 4.7309 25.6783 9.562 22.3881 23.3732 22.7798 0.8795 16.0305 10.4936 11.1117 
24.5768 22.6732 30.8026 23.8795 14.8563 12.6614 31.1898 12.7671 25.5826 33.0422 28.5685 9.4727 23.5176 24.5149 25.1721 
25.4332 14.7158 3.6666 12.6312 24.2315 11.6459 10.7353 18.6866 15.5651 15.1643 19.3 17.4142 16.4886 7.3316 8.1305 
1.6335 12.3397 28.6404 39.6174 13.5166 23.9966 23.1986 14.1976 40.7879 17.0636 11.6643 26.4487 42.6139 21.36 21.2851 
22.0987 16.1002 28.7259 17.3287 10.0832 8.8286 34.2593 11.1165 28.1275 30.7088 25.7509 5.1972 20.3284 14.8297 20.6436 
25.5801 18.7311 15.0357 7.524 16.6697 9.3593 24.3523 14.7319 14.6769 27.0644 25.0747 6.3701 7.1589 12.0897 13.9374 
23.513 17.1284 23.1098 16.1023 10.4432 5.0471 25.3337 10.1585 23.2337 26.258 26.8286 0.3193 16.8214 12.7203 14.8659 
32.5099 30.6381 11.2517 9.7968 29.9128 21.8925 24.0816 29.3523 6.375 25.3215 30.0768 23.3517 13.2929 19.2703 22.2149 
27.3098 13.926 11.5582 11.0456 17.6621 6.2069 16.0553 13.606 16.7823 21.5661 19.2568 8.315 13.47 6.8666 10.1069 
20.2651 16.924 29.1515 27.158 5.1539 12.5931 27.5286 6.7184 27.6058 25.9004 25.8668 8.3374 21.1618 15.3527 15.5716 
17.6357 11.5748 24.0929 16.9807 6.8148 6.829 25.9208 5.4584 23.3156 27.3682 19.8859 4.7431 20.054 14.5229 12.6589 
6.7643 7.4272 20.4827 30.7065 16.5689 16.7612 19.2803 14.5045 38.4125 9.3132 1.8627 21.0144 36.403 13.1841 14.652 
7.8633 9.68 23.7039 31.8223 17.9087 17.4454 16.7184 19.4413 32.6794 8.3599 2.4522 24.7082 37.6546 17.8191 13.4069 
0.4794 11.1065 26.2522 33.1137 12.7503 20.5299 21.5397 12.1848 41.4689 15.2358 9.6738 20.4868 31.5842 16.9939 15.2864 
13.4227 13.5016 22.6224 34.1169 22.859 19.7842 12.8955 18.5482 37.7976 3.0322 4.9486 23.1337 38.1313 14.8586 16.0912 
27.9833 20.6412 31.5808 15.2315 14.7667 11.6724 30.6365 14.6531 24.1888 30.7996 33.3097 7.4832 18.8976 20.4062 20.8947 
13.4175 2.2378 18.1744 24.9449 10.0844 10.337 13.6545 8.7982 25.6391 11.7787 9.2173 16.188 22.8945 6.0217 4.931 
7.4202 5.9011 25.3975 29.7762 13.4766 18.4223 18.3501 11.7288 32.7745 8.6231 3.5814 20.2995 30.6609 14.0231 10.2077 
8.4332 2.6897 19.6614 25.7785 10.7786 12.0885 15.892 9.9768 34.5936 10.6799 6.1544 18.3634 29.9166 11.2148 9.693 
6.5823 10.5984 25.9707 34.6003 8.8264 17.1038 27.4086 9.1617 32.6234 20.9705 14.2266 17.3453 36.0659 16.7942 16.0552 
31.6874 20.363 17.7309 8.3953 14.5892 9.7886 25.3983 16.4564 17.0779 28.7594 25.5865 4.8931 10.0421 14.0184 15.574 
22.5348 12.0191 21.386 16.1414 6.7958 4.3569 25.2618 5.6474 21.5968 20.8201 23.1102 3.8474 20.4364 10.8224 11.8811 
24.4532 12.9088 6.2462 14.7369 16.6882 12.2588 10.2722 16.9437 20.7558 13.3547 15.5271 15.5556 16.5567 4.8078 6.2866 
16.5736 9.2722 28.3924 21.6797 1.5737 8.378 23.1235 1.6724 32.6014 24.2251 20.1697 8.9787 26.9272 12.1097 12.7778 
24.1927 22.7078 29.6893 19.6367 12.7261 13.0929 29.6773 12.2785 24.8813 30.1497 29.1767 8.0056 19.2336 17.0557 23.0367 
25.0952 20.9244 28.5724 19.0641 9.48 12.5485 31.4966 11.1635 27.8205 27.2957 23.9188 8.3731 19.9794 20.5574 20.4146 
12.6024 13.2423 25.6396 28.6012 3.5496 13.7161 31.2566 5.5575 33.1583 20.8669 18.6511 15.6253 25.7121 16.698 15.382 
9.4618 4.1131 20.5971 23.7385 6.6833 8.9507 21.156 5.5277 34.3924 14.3723 12.2925 13.33 24.3152 10.5417 10.1523 
36.8423 25.7167 13.4792 3.2693 20.544 14.7968 20.6218 23.8348 8.0441 28.8084 32.5199 14.7926 5.4761 13.3545 17.2029 
22.2591 14.0993 11.1749 21.9189 23.5442 15.2861 4.6007 19.3168 28.0202 8.8957 11.9082 21.8182 24.514 9.5842 7.3751 
11.9952 1.0168 21.5427 24.5746 9.6055 10.5396 16.7125 7.4077 26.8922 14.481 9.667 16.3919 28.9221 7.9009 5.3236 
13.2855 4.2462 17.4972 28.1769 12.5321 12.0308 13.3729 10.8796 25.9756 8.4635 7.0515 17.9608 24.2739 6.1636 4.9388 
15.6521 8.874 18.2745 27.5515 17.4411 15.3672 9.3404 18.4702 33.1062 3.371 5.5582 22.0675 31.1102 11.8853 9.9586 
32.6371 23.0253 28.2551 13.0718 13.601 10.937 30.5175 13.8249 21.9159 29.8714 26.7353 5.7352 12.6026 16.4706 20.513 
1.8533 9.0616 31.0588 39.0097 12.6939 16.6275 27.137 12.2687 42.0784 18.5554 10.8057 22.9686 38.3806 16.1801 15.3589 
38.0143 30.7041 16.7053 3.3024 25.3205 19.089 28.6068 25.3907 3.3242 36.53 35.3611 19.4649 4.1563 20.9393 21.6673 
6.7364 4.0319 20.7843 33.1811 10.6711 16.2809 17.241 11.645 37.6542 11.314 6.2626 20.1004 31.2895 12.7978 11.9102 
30.9376 24.1324 20.0897 6.2981 22.31 14.3344 27.1996 22.1654 10.7604 29.5439 32.9189 10.5626 5.8346 16.6249 22.2546 
34.8112 25.3007 5.4412 21.6836 27.9394 22.7669 9.8021 27.2147 18.6271 20.1113 21.7534 27.3849 25.0015 14.2224 15.1452 
35.8047 28.1551 17.4844 0.7031 27.4477 16.5934 28.1992 23.1699 5.7139 35.0164 29.2221 16.3353 1.3942 15.7357 17.6336 
9.3215 3.8578 25.1214 27.6255 7.4167 12.3348 22.2306 7.632 28.771 15.13 9.5731 13.9965 26.0096 10.3367 9.2979 
26.2603 19.9438 4.0235 21.6247 27.0369 17.1978 8.5601 27.6703 20.6222 17.0139 23.1101 20.5033 21.6265 11.4828 11.8797 
5.9812 6.5086 27.2893 35.2079 13.6093 15.55 19.5697 13.856 36.2703 10.0461 3.7905 21.2752 35.1694 14.4042 12.5407 
32.5759 27.2865 20.8928 3.585 23.607 14.2343 30.496 21.2843 8.978 31.9877 36.5723 12.6518 1.9745 17.7021 22.0504 
25.9866 19.9671 17.5448 10.4179 14.3192 8.0468 23.681 14.9204 19.6522 27.018 28.9734 3.6042 11.6526 12.0876 17.3315 
20.3943 13.5829 7.921 18.1621 23.984 17.5783 5.4342 21.0569 21.5577 11.0278 14.678 23.513 24.6921 9.8386 9.0111 
26.1606 17.9032 7.0543 22.6822 24.0069 17.2762 4.8994 23.2028 19.2736 14.0005 16.8496 20.5808 23.1312 9.9783 10.7988 
27.4412 23.6397 20.1523 9.9593 15.3161 11.1314 30.395 13.9457 18.4107 30.763 28.1261 5.4678 10.7811 17.3847 20.1819 
23.6462 16.5843 14.1541 25.4232 20.9008 21.9503 4.3826 23.3944 31.8657 5.4537 13.0481 24.9114 28.3652 14.8531 12.4033 
38.8879 28.4547 17.615 1.8739 27.3445 16.83 26.5016 26.2398 4.9702 31.4409 31.5603 15.4368 2.8055 17.8395 22.2178 
36.0615 27.105 11.2674 6.4918 25.1921 16.2572 25.5302 26.5653 4.39 26.1374 31.5621 17.1233 7.9457 15.8028 18.4637 
21.9029 11.8203 11.0488 21.2721 18.2726 15.0137 5.3813 18.3224 29.9835 7.1679 10.3618 22.1974 29.7331 9.8395 8.0746 
18.9749 14.3808 22.6533 16.8269 9.1278 7.3623 28.1057 7.7414 24.0426 26.1378 24.7315 4.3419 17.2367 13.9112 14.9957 
29.1684 23.5069 18.8963 3.6199 19.7026 10.8829 23.4096 18.6268 11.7491 33.6368 34.111 11.0249 4.3494 16.6591 17.1346 
5.4901 6.689 25.3039 31.5867 13.9905 14.4467 20.9282 12.7621 36.4729 11.8815 5.2211 19.2194 34.3035 14.1886 14.0291 
5.523 7.657 30.5557 28.5528 9.2898 15.026 24.7986 9.4694 32.2398 17.0068 11.4571 16.078 31.7549 17.7103 13.2148 
23.1734 14.673 3.3466 14.0164 23.7766 15.243 9.5794 19.6125 16.0887 15.2359 19.8456 15.9637 17.6726 9.4771 10.0021 
19.3657 11.5593 26.6069 22.268 3.7914 6.595 26.4982 3.3731 28.5864 20.1561 19.5565 7.418 22.998 13.8749 11.6348 
16.6314 13.2489 24.9594 24.6172 4.0509 8.1206 24.0635 3.8898 24.1305 24.2582 20.6555 6.8516 24.4968 13.716 12.0423 
14.7315 7.3132 17.6392 30.739 16.4479 13.5582 10.7987 15.5521 26.9927 6.0208 5.3151 18.8128 27.1876 10.0282 7.1313 
15.5983 8.9244 13.049 27.586 17.0801 17.2094 9.0988 16.8119 24.6637 6.198 7.3718 17.8437 24.6727 7.8952 8.1651 
1.9914 8.833 28.2201 28.6889 12.8069 15.7119 20.8176 13.0408 38.6488 16.6337 8.2093 23.868 30.3042 18.1588 14.3307 
21.2989 10.2538 8.0089 17.9186 15.7963 9.1156 9.2243 17.2813 19.0135 12.4631 14.0633 17.5201 22.0115 3.9043 4.1902 
27.4151 20.168 9.3968 21.6161 28.6457 24.4426 6.0146 25.3901 22.6286 16.4144 22.5668 25.7929 28.3415 14.9268 13.8137 
17.1714 11.1643 17.2475 31.6078 21.7125 21.2323 8.9151 17.676 38.4639 0.5431 5.9502 23.9657 37.1764 13.7967 11.8719 
12.0835 6.9344 16.743 25.3607 17.9862 15.9235 10.8034 17.155 34.7443 5.1254 4.026 20.408 29.3974 9.7815 7.9704 
5.9771 10.4793 29.6333 40.9727 17.3323 24.3338 22.5105 20.9937 40.7841 11.2434 4.9891 26.5608 38.4865 21.5005 16.2026 
9.47 5.2204 19.3378 27.6336 15.3835 15.3658 14.8823 14.5705 31.2334 7.2972 4.3133 21.5352 33.2347 10.4803 8.3393 
5.6845 5.8162 26.8672 29.0467 8.4591 16.278 20.0809 8.3312 34.7829 18.1947 11.5092 19.0482 28.9903 15.0806 14.4803 
22.9011 11.6337 7.4177 18.556 18.6017 9.9826 11.4641 13.9814 17.6815 12.851 18.5682 14.898 19.822 4.2023 5.4994 
6.0328 14.9014 35.2006 41.9387 21.6627 27.0692 22.7214 17.8158 45.9349 13.5244 9.0475 30.986 38.511 21.3468 17.8166 
41.4176 32.7937 12.5504 10.5039 32.6471 23.3844 22.9088 29.7388 4.0338 32.9522 37.6405 22.0398 11.7906 21.096 23.5001 
25.9704 19.2882 2.154 16.6107 29.2819 21.148 8.5032 27.3923 18.5096 17.6728 23.1536 19.9124 17.8356 13.6177 13.9001 
27.9863 18.4659 28.1111 24.8741 10.4862 13.4553 31.0251 11.2373 32.4891 34.5431 25.6004 9.9852 24.454 18.635 23.1103 
20.842 11.6999 25.8887 20.2115 4.4012 7.0024 24.8481 4.7257 28.6963 24.0056 19.4949 6.9044 18.6816 15.3414 14.8472 
45.0433 32.5939 14.7139 10.1829 34.7855 21.7724 22.2572 27.0358 2.6637 33.9791 34.5737 24.8233 9.367 20.8148 22.1165 
22.766 13.8877 7.7695 13.8228 14.8778 8.4694 13.9921 14.0537 19.2668 17.5765 16.2506 12.1447 14.2487 4.1751 6.3735 
24.4068 21.884 27.6702 18.852 12.3897 12.0063 29.9913 12.2738 21.5035 34.3522 27.1029 5.6911 17.5968 20.8042 20.7714 
27.3479 23.7952 32.3493 22.732 13.4837 17.119 40.2662 15.3905 26.2141 33.9008 32.6672 10.4761 20.1663 23.3087 24.481 
36.4053 24.9334 10.9485 4.3523 23.989 13.4039 22.3131 24.7103 7.7884 24.9989 27.664 14.9 5.6406 13.6862 16.4907 
25.9419 15.1807 11.0321 27.9153 24.0168 17.341 0.6359 25.3794 27.237 9.6563 16.668 22.7466 24.4407 13.6699 13.5461 
32.1778 18.2445 12.8722 4.827 19.0155 10.5595 21.7189 20.3471 12.1477 27.6045 29.259 11.0938 5.9084 13.3199 13.6037 
40.8677 25.6433 19.9834 4.2549 26.9427 20.4986 27.8216 28.9883 4.3712 37.3811 36.7927 16.8181 3.9071 22.573 21.9541 
29.4235 22.5494 0.4433 18.2895 27.879 16.1555 9.5549 23.7109 18.3279 19.5604 20.6521 19.1418 17.2456 11.0847 12.1946 
24.4442 24.454 12.3545 31.5821 30.7163 23.9883 4.9386 27.3947 30.6548 13.3185 19.4967 26.855 31.3989 18.6656 18.8072 
14.5897 7.9337 14.9025 22.8459 17.7807 13.7268 8.7537 16.0968 23.8887 8.1028 10.5173 15.7053 24.174 5.9913 4.0317 
21.5886 14.2627 10.5144 12.7688 15.5936 6.8796 14.9501 16.209 18.0201 19.8459 17.5538 10.1809 16.0149 4.4031 6.4448 
23.6086 14.2991 14.7485 9.2519 16.4472 5.614 18.2622 14.8343 15.6326 22.865 19.4666 7.4078 10.1307 8.2679 10.6311 
17.4972 8.4734 14.529 26.3514 18.607 13.0893 8.0204 15.4347 27.2573 5.8876 7.1703 22.4239 29.57 7.6323 6.5326 
42.2896 32.3799 14.0278 4.3834 25.646 21.4027 27.9472 25.9374 2.0586 29.0309 33.0198 20.4477 4.7053 21.5989 20.3311 
25.3126 16.4184 14.4716 30.3199 29.7809 20.2208 2.4903 25.1582 28.1274 7.1535 12.978 26.7015 33.6358 15.124 14.0075 
19.2983 11.0242 15.5349 13.8343 11.8392 2.3156 15.5079 9.2284 17.7671 20.0956 16.6526 6.9288 16.5329 5.2621 6.8675 
24.8728 20.4296 5.0483 11.4958 19.1802 12.0085 12.0654 21.0984 13.7578 18.6704 20.3223 16.3375 14.5242 8.7366 11.3876 
29.8255 22.8189 6.5535 9.5594 23.7873 19.964 18.2661 28.2392 9.812 22.8202 29.18 21.2475 11.8596 16.15 18.5962 
27.3429 14.6635 13.2058 10.956 17.3426 6.4599 19.1665 13.9556 14.8415 21.9138 23.6863 7.8704 10.8707 7.8758 11.7615 
24.618 15.9781 13.2698 6.9809 14.9737 6.6099 21.5953 13.9984 12.8712 23.9615 26.6187 6.9745 8.7861 10.3437 11.0519 
30.1301 18.8038 12.3618 6.9722 17.859 9.6248 18.5529 16.0411 13.8326 23.2577 26.1239 10.7557 10.5194 8.7164 10.5377 
28.5467 20.6923 15.2407 32.3631 29.2863 28.295 4.8472 30.389 26.6412 11.212 18.3088 27.7418 29.2131 20.7053 20.1526 
10.5067 11.1376 30.3472 32.4312 3.7487 14.6376 25.0241 6.891 37.8836 25.6764 16.2927 15.9682 31.3824 19.6911 15.6631 
8.5875 6.6988 22.8682 30.7258 6.8157 12.3823 22.1273 6.5574 38.5607 17.7494 13.2145 17.47 26.1268 15.8396 12.9507 
14.3781 4.7797 17.7771 20.1389 8.4419 6.0575 19.3813 6.4537 22.3756 16.5919 13.0061 12.134 20.6325 5.4449 4.8261 
12.173 8.6949 21.8305 33.7846 16.2632 19.4381 11.8829 14.75 31.2112 4.5218 3.0118 21.0258 26.9527 10.5217 10.7381 
25.8756 21.4444 21.6593 14.2212 14.1728 10.5182 26.9313 15.5552 23.9848 33.0551 29.0764 5.249 14.6093 16.3927 20.0711 
29.061 21.6112 8.1261 7.6315 27.4046 12.6624 16.621 23.5316 7.1304 25.9516 27.9915 15.5014 8.6777 14.4845 14.1052 
14.8293 5.4022 19.8536 19.7924 8.9117 4.8799 19.0726 6.2287 27.8656 16.2218 15.2004 11.1426 21.724 5.1587 6.0333 
9.293 2.9513 25.1529 29.6634 6.8517 10.1146 21.4928 5.7927 30.3673 14.8954 9.549 16.8232 28.7056 12.166 10.6536 
24.0508 17.1723 13.6905 25.4006 24.2077 25.5363 2.7728 26.8716 27.1253 9.5905 14.5528 25.2914 31.3823 15.6703 15.6187 
20.0231 11.3049 12.0289 21.5663 21.5097 18.3331 3.9427 20.9045 29.7826 6.9048 10.1961 18.9605 29.7467 9.4411 7.749 
4.4829 12.1375 24.9509 38.3441 16.9826 25.0253 24.1522 18.2591 39.4811 12.0169 6.7231 23.2294 32.7701 17.9062 15.9515 
9.2615 8.7783 23.8604 31.4942 19.0638 21.1523 13.3532 15.7644 32.8362 6.3606 0.7786 26.5278 36.8039 16.5335 13.0886 
37.5543 23.1853 16.5676 2.3999 22.7274 13.3662 27.2794 21.026 8.2656 31.7384 30.7037 10.6718 3.2895 13.6325 19.5314 
19.0989 13.8689 18.3748 26.1418 24.2017 21.673 6.2609 18.8982 33.335 2.828 8.5881 24.5539 33.7539 13.6219 11.7242 
30.6189 19.4661 1.4727 16.0287 28.704 16.6936 8.549 25.3366 15.2473 16.6105 23.5784 23.3522 22.2504 13.776 13.979 
32.9031 21.5513 27.2654 20.4892 15.8764 12.8144 39.0724 16.9681 28.0472 38.6242 32.2804 9.2333 19.6971 22.4909 23.9805 
16.9829 13.1101 27.0451 22.5787 2.0346 11.5138 26.49 3.8406 33.4459 22.4742 18.9758 11.5891 21.8901 16.4101 15.3083 
32.308 24.3887 6.1096 16.7879 30.9079 20.0986 17.4704 29.2514 12.4415 26.9889 32.5981 26.6633 18.2218 19.6257 17.2746 
31.5621 23.8573 18.4532 6.3952 20.7885 11.7381 27.9744 17.9297 14.6408 29.7898 28.582 9.2235 5.8752 17.3491 20.0862 
28.3569 22.5648 11.6366 31.7383 36.418 27.3008 8.6501 33.9561 31.025 17.6991 24.006 27.7078 27.7446 17.9269 21.1479 
26.8081 14.1924 8.5724 10.2714 19.6227 7.2879 17.5956 14.3616 13.5901 17.7868 24.0992 9.8121 13.186 7.3853 9.6971 
6.4027 11.8356 28.8368 40.9248 18.3469 24.4481 22.8703 17.3565 36.6967 10.3666 5.5808 27.4892 42.3901 18.6321 15.9104 
20.2833 19.4365 28.5394 24.0153 7.3683 12.8205 31.6113 8.1743 28.1604 32.8958 23.6133 8.7962 25.3697 19.5354 20.5956 
34.7872 25.3582 8.4249 10.9739 26.4195 22.1881 18.4024 28.9264 7.4399 28.7221 35.1014 22.289 13.1929 16.6694 17.1617 
10.3353 4.5327 18.3098 29.6628 13.7259 17.0366 16.6538 12.2049 33.6328 8.5851 3.4845 17.7461 30.7454 11.4618 8.5376 
26.6607 22.1429 26.0159 12.9138 14.3433 10.0086 27.7458 14.7883 18.3795 29.0038 32.5325 6.1426 13.6396 18.4589 20.3132 
28.3603 25.3545 25.5884 15.7051 13.7004 13.9347 29.7652 16.7759 21.5513 36.7723 27.8942 6.8132 14.5275 21.9128 18.4832 
30.4498 16.7276 6.4266 9.4559 23.9376 13.0173 16.1477 21.1882 11.5366 19.8238 20.8522 14.0051 12.595 8.246 11.2203 
30.7958 20.8577 27.2881 13.1279 14.0014 11.199 34.6825 14.6616 21.3408 31.023 26.098 5.5518 12.1067 20.099 21.596 
33.1112 26.2321 5.5767 15.1239 29.542 21.1242 18.7486 30.4067 11.2093 24.1992 24.2537 23.3751 17.1583 14.3353 17.8106 
20.5721 9.0037 16.9091 15.0555 8.54 1.8452 19.3144 5.1272 23.0298 17.9123 16.4351 6.0786 17.2934 8.7125 7.5836 
23.4596 15.1244 30.1205 19.8964 8.6542 11.4053 30.8716 8.4921 23.555 32.8932 25.6025 6.216 17.9959 17.1712 19.8055 
49.1421 36.2206 20.7095 8.6011 37.3003 23.0541 29.3593 35.3862 4.357 38.0033 36.6043 26.5522 9.7697 22.6725 29.9106 
11.6997 5.3859 21.2537 23.0615 4.3802 8.0671 19.6923 3.104 29.2236 17.5004 14.154 10.4055 27.4346 10.3591 8.5875 
39.8024 25.7823 8.1321 9.8602 28.2165 18.6559 20.0375 22.5556 7.1426 25.5607 26.5475 19.1632 10.7552 18.6906 20.039 
36.5156 29.969 13.6685 5.6541 32.2729 21.3371 24.5301 26.8872 2.0908 32.0998 36.9488 21.4512 6.1103 20.9823 21.7024 
10.1892 2.3492 19.7678 28.7828 8.0612 11.3397 18.8507 7.7957 34.9626 15.4895 10.0081 14.9232 27.0671 9.6036 8.1048 
18.648 8.7541 16.7004 15.7829 6.6954 2.0266 22.2287 6.363 25.3643 18.3316 20.7627 6.3243 18.9497 7.3353 9.9334 
25.6279 20.6373 4.8205 11.1389 19.7434 13.9529 11.9075 18.3382 13.7897 18.1695 25.0026 15.2423 14.0727 9.0369 10.1766 
24.9939 17.4738 35.0442 27.086 10.4894 14.7572 29.28 12.6225 34.6926 31.6128 30.8622 11.992 26.5141 21.4775 23.3389 
32.3712 18.2561 22.951 11.5856 16.4487 12.0327 33.1264 16.2152 18.5799 28.198 27.5648 6.0412 11.6724 17.5257 18.9094 
29.3305 21.4568 21.5876 4.6782 21.2348 11.8288 31.2764 22.8814 10.1247 34.9062 30.287 10.7746 4.0862 16.538 16.9686 
25.0941 18.0563 28.1477 18.3041 12.3483 8.9119 33.8927 11.4213 25.6867 31.7962 25.3912 5.5679 15.007 15.4947 18.837 
32.5938 23.8207 5.0638 12.7367 27.9815 15.0427 16.3438 24.7374 9.0999 22.3757 25.6428 18.07 14.166 12.8808 15.2722 
20.1584 12.3809 18.7362 19.1704 5.8955 4.5086 21.5575 4.3857 26.3837 21.522 18.1604 5.9957 20.8355 10.6642 12.2192 
26.5975 15.8092 3.3764 18.9188 21.0095 14.576 8.898 20.2144 18.3452 13.4441 16.4987 22.055 20.7288 8.3936 10.0638 
36.6657 29.4504 16.1991 2.9002 26.4062 19.7538 28.522 28.6402 3.3275 29.4007 29.5394 15.2472 4.0293 16.7885 18.1256 
19.5531 15.6543 28.3512 26.5021 8.6145 15.2327 36.7983 10.1479 33.816 30.412 28.7006 12.8303 22.0075 19.3812 19.6189 
16.2649 4.6515 16.2665 23.1779 14.0483 9.0359 12.7669 10.7875 28.771 12.7703 10.8853 15.5066 20.0655 4.1036 2.6857 
22.1287 19.1044 19.9132 15.7776 12.1886 6.2208 27.7351 9.8333 22.0765 25.4803 23.2976 2.0021 16.6019 16.2979 15.5942 
13.8292 10.2891 18.7599 33.1433 18.2462 21.8125 8.0815 19.6522 31.9073 1.4148 5.6567 23.6748 36.1688 14.0296 12.738 
12.3312 12.8314 26.7849 28.7133 2.2985 10.8132 29.9483 5.4669 32.5399 21.3604 21.13 13.4517 31.0952 14.345 17.3789 
21.0495 16.4913 17.9002 14.7181 11.4752 4.6247 21.536 8.9293 22.3413 22.1033 24.4564 0.7879 15.2395 12.5121 12.6933 
29.1225 20.7237 32.7057 20.5479 12.7024 13.5144 34.8063 13.3134 26.1692 35.4525 33.4242 9.7873 20.0748 24.2898 25.3732 
24.7248 16.8014 3.741 14.183 20.9345 14.2274 11.8551 20.0103 14.6404 17.7372 22.6414 14.3778 15.1914 8.3548 10.0609 
1.9007 10.8979 33.0597 39.9206 13.2502 21.6712 28.3261 16.9475 43.3586 17.609 10.761 26.3286 34.4856 19.4741 20.0406 
25.9057 16.3483 27.3668 19.7084 12.2502 11.1819 32.3301 11.2523 23.7156 32.3305 24.5364 5.5799 17.2631 19.6419 17.5619 
24.8622 21.899 15.5939 7.2 20.1148 7.923 23.4936 16.0044 12.1299 27.3453 29.1579 8.0295 8.9785 13.5077 14.0759 
25.5664 14.2708 18.3373 15.5733 12.1556 5.1124 22.2465 10.3098 23.712 27.2941 20.944 0.2906 16.5159 11.8406 12.01 
37.8886 27.24 11.6604 11.4829 31.1005 21.5969 20.2034 28.3617 7.2756 32.4088 30.9118 21.9488 11.5955 17.495 20.0995 
25.3849 12.928 11.7433 9.6359 15.0085 5.7391 16.5328 14.1474 13.9557 21.4732 21.0259 7.7974 12.7778 7.332 10.2306 
18.1581 15.5905 26.9603 27.1036 4.6141 11.0071 25.5344 5.8953 33.8578 27.4788 24.6189 10.5394 23.754 17.208 16.7717 
18.8978 14.8874 23.1388 17.0918 6.2195 7.7635 29.4465 6.3403 26.3851 21.9105 23.583 5.7746 21.308 13.6409 15.8679 
7.3588 6.8486 23.1529 34.0382 14.905 20.3824 14.6283 14.6985 36.8206 9.7884 1.8691 25.8767 32.566 14.8305 14.0208 
7.2341 9.1385 23.2704 31.3266 17.3136 21.226 14.8965 17.7379 34.2607 9.6295 2.0141 21.8854 30.607 16.0799 14.7827 
0.4444 9.387 25.5445 37.9357 14.3897 21.4747 24.1105 14.6234 41.5371 13.9785 10.5717 21.4572 34.0853 20.4742 19.3635 
13.0858 11.8422 24.5288 31.0527 22.9024 19.2418 12.7583 18.4429 40.3126 3.0201 4.274 29.994 38.6198 14.9864 15.5634 
28.1358 21.9864 30.7311 17.5174 16.256 12.0208 33.0122 14.468 20.4518 36.4561 31.8972 7.3204 15.6489 22.0281 22.0114 
12.2085 2.6564 18.2197 23.4904 11.542 9.0071 13.2531 8.5748 26.5441 10.8789 9.2751 12.8027 26.639 6.5419 4.7619 
7.0102 5.2485 20.156 31.2417 13.2783 14.9433 17.2391 15.2067 35.2857 9.2272 3.2632 19.461 33.7178 14.6413 11.5943 
7.7564 2.9551 19.5127 29.2973 12.915 12.7679 15.5186 11.9059 27.7531 10.8295 5.829 17.7412 31.3739 11.0262 8.8462 
5.6995 9.4147 30.5417 33.3609 8.4331 18.4638 28.594 11.045 36.5148 18.8948 12.9854 17.5511 35.9134 18.3393 16.5582 
27.044 19.5867 21.1609 9.5906 15.9679 7.7395 27.3497 16.1275 14.3591 27.9923 30.6489 5.7487 8.1673 15.9524 15.47 
22.7338 12.5149 24.1498 18.5871 6.8329 5.0058 26.8604 6.3165 25.2445 23.1603 20.7268 3.6847 15.7053 10.276 11.142 
25.2509 13.3418 6.8323 15.2221 21.4111 11.9041 9.5374 15.2709 16.3778 14.3893 15.4526 17.1681 16.2525 5.9779 7.1263 
16.8311 9.901 23.4493 20.6946 1.4482 7.5802 27.5838 1.7268 26.2035 23.6429 16.4736 9.1458 22.82 14.84 13.8109 
28.1745 21.2464 26.3763 20.0051 11.7578 13.2872 29.4907 12.1781 26.9426 35.7377 28.3481 6.4315 17.7537 21.6345 19.8953 
20.6682 17.0666 28.7556 22.5343 10.5831 13.7853 32.9048 11.0683 27.9115 34.0538 23.8348 9.4887 22.8584 21.8223 19.7178 
13.7623 12.1383 28.8043 29.7539 3.5921 13.5097 27.11 4.9562 29.7679 25.2852 17.1153 15.1479 25.2632 17.4748 15.0975 
10.6826 3.5845 21.6151 24.4326 6.8994 10.2558 19.5997 5.1095 30.1455 17.0534 11.418 14.518 24.5943 11.3409 8.3346 
31.9343 22.1605 14.7302 4.0021 25.2855 11.9552 22.9354 23.5112 7.4119 25.0637 28.7723 13.2329 5.6905 13.1936 14.9032 
21.3314 13.7671 11.1164 20.9755 19.3116 15.186 3.8641 16.8396 24.1931 8.2269 11.3446 22.8092 23.7219 7.8498 8.51 
10.5194 1.3112 18.3839 26.2572 10.2114 10.9445 15.5971 8.9973 27.0725 13.6418 9.5452 15.532 26.212 7.2998 7.0033 
13.5338 5.4437 16.079 26.8345 12.5567 10.9595 11.0749 11.2366 30.7351 8.8458 8.1998 19.0726 24.9834 6.6799 5.1516 
14.3394 8.0013 18.1243 25.7243 19.034 16.9758 8.3513 18.7083 30.5772 4.1386 6.6335 24.2864 28.678 11.5463 9.7949 
25.9324 19.2692 22.9541 13.3364 15.2637 10.8187 27.2538 13.5986 17.9658 32.5258 28.8717 6.9813 13.3631 18.7817 20.2539 
1.5844 9.6682 31.9258 38.2871 12.5606 21.215 25.5357 12.3771 45.1099 17.8181 11.5053 20.5666 32.0349 16.2606 17.579 
33.3189 30.3429 16.7008 3.4257 28.2503 17.0782 23.4732 27.8995 3.0684 27.9196 38.3159 17.8332 4.5395 16.9757 18.4846 
5.6956 4.7027 25.9369 33.4378 11.1554 16.2809 16.9639 10.2021 34.0966 11.5564 5.583 20.7286 35.2229 11.2784 11.6053 
35.5466 25.6828 19.1954 5.9917 19.6336 11.6522 26.3553 19.9087 11.5946 31.4975 35.0568 11.3367 5.637 19.2399 19.6937 
35.0968 23.8505 4.964 22.8093 32.9628 21.893 8.3202 29.7074 21.0675 16.3904 22.6917 25.8003 20.2041 17.1509 14.3273 
39.1008 29.5953 14.8852 0.659 23.9059 15.0501 23.5336 21.5391 5.6599 31.814 36.0111 14.508 1.296 16.2179 20.4294 
7.6382 3.7065 20.9312 26.7985 7.597 13.1144 19.7374 7.1274 29.082 17.1065 9.2008 17.7635 27.6769 13.1046 8.8459 
24.9988 19.4139 3.9457 18.814 28.8148 16.5207 8.5921 26.0684 21.0091 17.7074 22.8967 23.4579 22.7812 13.7721 11.5477 
5.15 7.8195 27.5477 31.4418 14.4782 16.0401 17.2607 15.3077 40.6049 10.9918 3.6429 22.9946 35.5135 14.7727 13.1989 
34.9836 25.3804 21.0504 3.7413 22.5949 15.7195 28.6427 26.5936 9.416 30.2704 35.4475 12.3044 1.9283 19.3294 22.4175 
25.3692 16.6909 20.7752 9.736 14.9021 6.6847 25.5761 13.8509 18.7633 26.3759 24.4967 3.8246 10.7729 15.5836 17.5688 
25.5013 13.6244 7.0813 18.2768 24.4372 13.6168 5.1407 22.1694 21.9586 13.3614 14.3994 21.0116 21.1693 9.5917 7.759 
22.9041 18.7528 6.5269 23.2757 22.131 19.1177 4.5872 20.602 20.0259 11.2475 16.2251 21.8153 24.0286 10.3488 11.3353 
28.7567 22.2678 19.7254 9.9497 14.7293 9.9004 26.3087 14.0935 20.3444 28.9845 32.0846 5.6773 10.3123 18.5294 17.301 
22.4092 13.5533 15.5366 31.0206 27.0448 22.5014 3.5464 22.8432 26.9607 4.7651 12.9019 27.9603 27.9373 14.0302 13.2748 
38.7017 24.0276 14.4611 1.4891 29.2993 15.2377 25.3838 27.4693 4.9008 34.6968 31.6257 16.8718 2.7896 19.8171 19.7862 
36.3199 25.0525 11.6829 6.663 27.4359 18.5703 24.5619 22.3085 3.7001 25.6058 31.472 15.5666 7.257 15.1431 21.7937 
19.0899 11.446 12.1003 22.9617 19.2164 14.8555 4.8625 20.8935 29.8695 6.2094 11.096 22.6297 27.5847 10.3184 7.7139 
23.3338 12.9744 20.3859 16.7183 6.8973 6.7336 24.1016 7.3686 27.424 23.4607 25.9386 4.3194 16.0294 14.4351 14.0505 
31.9903 20.2395 14.8314 3.0488 19.6107 12.6676 22.7969 22.1547 9.1389 29.109 30.6982 10.4338 4.3588 14.2301 17.7533 
4.8201 6.0895 22.1453 35.241 14.8444 17.5517 17.9 12.8935 40.0845 10.0153 5.0788 20.6357 35.7889 15.0546 14.3268 
6.2538 7.6321 28.6604 30.2969 7.1702 16.8121 27.601 9.4366 34.4361 17.7888 11.6475 16.253 29.522 15.8453 16.8847 
29.3646 15.2193 3.7066 17.3195 22.8043 14.4329 11.8842 19.7678 17.5709 18.67 18.3764 19.8913 16.1078 8.3604 10.9239 
15.789 11.2578 20.7379 20.6041 4.1649 5.935 26.5923 3.0931 23.4549 24.6218 21.7881 7.8889 19.5662 13.0263 13.066 
17.0224 13.327 27.4215 20.2326 3.8269 7.306 28.164 3.3202 29.7065 22.817 18.9769 7.7688 22.088 12.3721 14.519 
13.8736 6.527 15.9362 23.681 17.5721 15.9294 10.4585 14.727 26.4193 5.9899 5.8111 22.5066 31.807 8.6127 7.3366 
16.7223 8.172 16.2725 25.4015 18.2087 14.0031 9.5938 14.7409 28.321 5.4099 8.2878 21.2017 28.417 8.0125 8.1692 
2.1629 7.1294 31.4601 34.6606 12.5818 18.4944 22.8747 14.0139 42.1712 13.485 8.1573 24.3047 38.926 15.8506 15.3606 
23.5762 11.2472 7.676 17.5666 16.5662 9.0136 10.2874 15.8214 21.5182 13.8424 14.2864 16.1328 18.6562 3.5812 4.4197 
26.8162 20.5614 7.8065 24.1989 26.8225 23.6192 5.1275 29.8486 26.5843 15.6896 18.5714 23.8413 25.4401 16.9164 16.9687 
17.6406 12.7809 16.6735 35.2813 23.687 20.6713 10.2849 23.2174 37.6789 0.7118 5.869 29.3567 29.7808 13.5106 14.1662 
13.1727 7.1858 15.7766 29.3984 17.8421 15.2434 12.1194 15.3462 30.2502 5.0172 4.4469 22.2863 27.3006 10.3647 9.1974 
7.4993 12.0355 27.8294 36.5308 20.251 24.8049 18.7225 17.0374 42.7377 12.057 5.7706 28.5251 34.0232 21.6427 15.647 
11.9003 5.285 19.0008 26.4262 16.4621 12.9147 11.9811 15.5369 31.0095 7.6308 3.8006 18.1901 29.8728 11.2657 7.5203 
5.1994 6.7806 27.1582 30.942 8.8269 13.4687 21.7763 8.1003 35.2041 16.1204 10.3254 20.5839 32.3329 15.5505 14.4461 
22.0102 12.4496 6.7038 18.9936 16.2322 10.3025 10.7104 15.0458 20.3863 13.4504 14.8406 14.2542 18.0059 4.0354 5.7559 
5.6931 11.7649 28.6823 34.2082 20.3191 23.847 26.4348 19.5869 38.2256 14.0144 7.648 24.9677 37.5333 23.812 17.8109 
42.2211 33.0202 14.7486 8.8027 33.2419 19.4385 24.2313 26.4981 3.6047 31.1898 38.0329 19.1988 8.8814 21.6148 19.3124 
32.3763 19.6357 2.1192 18.896 26.6443 17.3491 8.086 23.466 17.8475 18.4418 19.4741 24.4382 20.164 11.86 15.2508 
24.4972 20.5975 26.1991 20.7326 13.2744 15.3534 31.8775 12.6407 24.8264 36.7302 28.1239 8.9932 22.4052 22.5121 21.556 
20.643 11.1245 24.9621 21.3094 5.293 7.3194 28.7461 4.556 26.7542 23.6736 20.4192 6.4065 22.3444 12.3474 12.025 
41.4937 29.5496 13.7689 10.1315 29.1891 21.8357 22.9351 28.6634 2.5903 31.7732 34.6144 20.4006 8.7201 19.6681 22.6003 
25.3198 11.1249 7.9566 14.9305 18.9626 7.3143 15.2816 14.2538 17.4779 19.4238 16.9157 12.5272 14.5942 4.5123 5.6878 
29.3693 21.5803 27.6777 18.9043 15.0923 12.3384 34.0737 11.2861 20.7734 29.8534 31.3106 5.6675 18.6356 20.6994 16.7352 
23.7729 22.8921 35.4481 26.3049 12.1472 14.3605 40.7202 13.5392 29.2227 32.2393 32.1513 10.6919 24.0718 25.6527 21.2848 
30.7078 23.6328 10.3899 5.2383 23.6168 12.3151 20.4086 19.6786 7.8963 27.984 32.7912 15.502 6.7914 12.4424 18.6861 
23.0877 16.5004 9.0658 29.0754 26.2736 20.3832 0.7077 21.7634 28.8568 10.7649 15.3889 25.4964 29.6697 12.0175 12.6146 
32.7429 22.5511 14.1979 5.9795 17.1389 8.9948 24.5375 15.7781 10.2005 22.8057 25.133 10.0111 5.9256 12.1913 14.1168 
44.9352 32.318 16.7557 3.9075 26.319 21.8118 30.884 29.5982 4.3889 38.066 38.5086 19.8898 3.151 23.9046 24.7664 
30.1206 17.7486 0.4387 17.7788 27.9685 18.0363 9.9254 23.5474 14.9271 17.1261 25.8492 21.0112 18.2338 12.5336 12.7375 
24.9573 24.7352 14.1855 30.6671 34.1965 29.3936 6.3182 28.7036 26.8833 13.5489 20.0997 32.3991 36.2366 18.9793 16.4691 
17.5122 6.8886 14.8296 19.7985 16.9752 10.5389 9.0601 14.807 27.7871 8.2482 8.6475 16.8037 22.3322 5.8463 3.4693 
20.4944 14.0242 9.8627 14.6595 15.0584 8.8391 14.6608 13.4302 18.3749 18.2918 17.087 11.6031 16.6599 4.4491 7.4297 
28.1641 17.0053 15.9071 10.1531 16.0595 5.7458 19.401 14.9203 14.4874 25.2108 24.3365 7.0538 10.1862 7.8234 9.5368 
17.3586 7.6324 15.063 23.6862 20.5444 16.1635 8.8675 15.9694 30.7803 6.6204 7.5904 17.7664 24.4388 9.366 6.6021 
43.6212 29.5346 14.6963 5.3059 27.374 17.4926 24.0913 26.7686 1.8586 35.0569 35.0482 21.4647 5.6521 23.3002 22.104 
20.9568 18.6136 11.9871 29.9828 26.8058 23.0729 2.6588 24.3962 25.3586 8.0239 12.2158 28.6464 28.2163 13.948 11.9903 
18.3132 10.3488 16.3339 15.8726 11.4467 2.7539 17.5334 8.3747 22.6963 20.4132 18.8121 8.4336 15.8114 5.3193 6.0119 
24.9852 20.0809 4.298 11.7187 19.4541 13.8728 12.9551 19.7297 13.4018 21.6948 21.5561 14.351 16.0126 10.0722 10.8112 
29.9027 21.402 6.8434 11.3011 29.9402 17.4167 18.8846 25.7727 8.5006 23.3997 28.4849 20.1227 13.3306 16.2137 14.3308 
24.7706 17.3513 12.2794 10.3239 14.3885 7.0608 18.8351 13.0675 13.4488 25.577 19.6552 8.131 10.8331 7.5178 11.6608 
30.7647 19.8925 15.173 8.4439 16.7215 8.3019 18.9511 16.7547 14.7311 24.0609 24.2026 7.5848 8.794 11.4671 11.1862 
26.4741 19.1324 9.8513 8.4798 20.9568 10.0857 19.0247 17.254 11.5829 21.2008 23.0908 10.0514 8.2082 9.768 11.2248 
29.9349 19.3271 15.483 29.7441 34.7989 29.173 6.072 29.9522 32.5319 10.7648 20.1938 29.4419 29.3909 18.6592 16.6777 
12.6773 11.3178 33.2062 28.1407 4.0966 14.9351 29.7217 6.9896 31.2735 26.2777 15.7728 16.5082 31.654 16.5091 16.9688 
6.7771 5.6181 23.9833 30.2511 6.0158 12.4767 24.2735 7.7082 30.6548 15.6577 10.7355 16.2941 26.9838 14.6991 13.4522 
13.9292 5.6334 17.6417 19.1542 9.7506 6.137 15.3636 5.7354 28.7251 13.6732 12.0887 11.5663 22.0407 6.3921 5.7707 
12.472 9.0997 18.521 28.8462 16.5248 16.4615 12.8999 17.3641 33.5737 5.2575 2.8848 22.3858 29.7696 12.1897 10.9178 
29.3159 22.3312 27.415 15.6147 14.6269 11.1706 33.7654 13.4066 19.5792 30.5955 27.2219 5.4132 15.0886 20.2516 16.6174 
33.5773 21.6301 9.208 7.1296 23.0556 14.7419 18.9663 20.1645 7.7978 22.9474 23.81 17.1445 8.3522 12.6639 16.7768 
15.3265 5.6235 15.7522 22.3285 8.7951 5.7611 17.3943 6.5187 26.1046 16.4879 14.3566 11.4371 22.1814 5.1318 4.8116 
9.3426 3.1483 20.0281 23.6227 7.9154 10.8099 18.3717 6.5457 32.9486 16.8331 10.3442 15.6252 30.7096 9.964 9.5702 
24.4293 18.931 15.2792 26.745 28.3521 19.8469 2.7572 23.2208 28.5993 8.0106 13.4776 26.8152 32.2272 16.2787 14.0994 
19.122 12.2816 12.7863 26.9667 19.5084 16.8544 4.2298 19.5417 22.7772 7.9345 11.5203 23.0563 23.1829 10.5374 8.7806 
5.5868 10.8308 30.9525 39.6295 19.7635 24.0958 23.746 15.8681 42.6038 13.9712 5.7198 25.0698 33.3004 19.4901 15.8027 
11.0364 8.2494 21.8511 29.1335 18.3227 16.9484 15.0208 14.9509 39.3749 6.2404 0.839 24.4302 30.1176 16.2094 13.5778 
36.9101 25.6076 13.6859 2.0591 22.9848 14.5147 23.7766 17.8099 8.6884 33.6338 28.9932 11.8427 3.0592 14.245 20.2095 
18.8783 13.9113 15.591 33.2862 22.5241 23.4599 6.4691 24.3802 30.2449 2.4268 9.3049 26.5926 31.9803 14.84 10.8085 
25.5313 21.2178 1.4459 17.3425 27.5482 19.5235 10.3976 25.5453 18.3107 18.0833 21.969 24.9188 19.5968 13.9982 12.4529 
31.7778 23.9495 27.2823 17.6723 14.2001 15.9643 35.4555 16.3522 28.0472 32.3127 31.4568 9.1037 19.7508 21.6118 21.2307 
13.8296 12.3057 29.5606 22.2185 2.1523 9.5484 31.2949 3.6852 34.6911 25.4177 18.9193 10.653 25.4874 13.6692 16.6557 
33.5102 24.1387 6.9907 14.2071 27.9912 22.8867 16.6999 28.7594 12.0116 26.6734 26.6907 25.1409 14.9083 16.372 20.754 
35.5849 24.2902 17.6815 5.8729 20.3105 11.7577 28.5764 19.0914 12.608 33.7402 27.8445 7.3173 7.2178 15.0637 16.6716 
31.0641 24.0922 12.3507 27.0929 36.1759 30.4478 8.5819 29.6423 24.0562 18.8234 22.6878 35.1979 31.9512 20.4679 20.5076 
27.5753 15.4463 8.2364 10.4183 16.6266 7.1521 16.5155 15.5412 16.0074 21.9154 23.2191 11.7528 11.4245 7.5058 7.7066 
6.0827 11.9924 25.1593 36.0239 20.8082 24.7666 20.2349 15.8642 44.5329 12.0794 6.3871 29.2617 34.8731 20.3765 15.7616 
20.041 18.4739 27.8415 24.5437 8.7638 13.8868 35.0474 9.9513 32.7261 32.6799 24.7282 10.2632 20.9285 20.386 21.4158 
34.4065 28.7837 9.1821 10.381 26.3682 20.4654 17.8858 27.529 7.527 24.3133 28.3277 21.6967 13.0736 19.2851 18.0125 
8.6514 5.3641 19.3267 28.7128 15.8333 15.2327 14.6923 15.2849 34.6124 7.7173 3.1275 20.9399 26.4718 12.8606 9.5873 
28.9286 19.7362 22.9173 12.037 15.8756 12.8551 26.7736 14.4992 21.2167 28.7828 26.7762 6.6702 11.0193 15.5948 18.1252 
32.7435 21.832 29.5903 16.4687 15.5265 11.5431 30.5303 15.13 24.4898 31.0224 28.5145 8.2673 16.3346 20.7604 22.0466 
26.4516 17.43 6.5007 9.1862 23.8635 11.6032 15.6889 19.4105 10.9357 24.0634 21.4784 15.3028 12.7447 9.1295 12.6721 
30.7206 19.4516 23.5203 12.7334 15.6536 11.6312 33.1305 16.5317 19.7223 28.9939 26.5857 6.7371 13.1613 17.901 21.2828 
34.0524 25.8795 6.2518 13.2994 33.1931 21.9715 16.8921 30.4914 12.2803 25.1905 26.4293 22.2028 13.2332 14.2296 15.9766 
20.0573 9.0256 17.2869 18.0497 7.8562 1.9516 22.6447 5.1642 20.0944 22.23 18.6797 5.965 16.3321 8.5984 8.5533 
20.909 17.8261 30.6721 21.315 7.6584 11.4889 32.0824 9.9083 23.9425 26.5176 24.348 7.12 18.8314 19.0774 20.2874 
38.6633 34.6911 17.0178 9.9588 33.4855 25.9229 31.3784 34.3208 3.3386 39.3529 35.2752 20.7343 7.7551 27.4321 23.7773 
12.4344 5.4818 21.0178 26.9681 5.1651 7.4977 18.9459 3.07 30.1175 15.9438 13.2333 12.0362 23.819 8.9586 10.2302 
34.7942 21.9222 7.6506 11.4954 26.572 19.481 19.7595 26.5505 6.9242 24.3916 31.7532 22.6249 12.4274 16.9244 19.832 
36.787 27.5232 13.0417 4.9583 27.6177 21.0423 21.9113 26.8026 1.9979 29.7986 28.9956 16.3609 6.6261 19.3068 22.4165 
10.0999 1.9162 23.4982 26.234 8.4219 11.5835 20.4808 6.5612 32.0878 13.5615 10.5235 14.6181 23.9927 9.6266 8.4562 
18.7172 9.1857 17.5427 17.9958 7.8213 1.9951 23.6911 5.5238 24.9486 20.7326 16.1179 4.8455 20.5782 8.2132 7.778 
32.1866 17.4064 4.3885 12.4394 21.4597 13.7861 14.5176 18.7872 11.945 21.8788 24.8653 15.9652 15.1974 9.1131 10.2971 
23.7689 20.3077 31.9148 26.2741 11.4995 14.2549 30.4241 11.5928 27.6018 33.2018 31.8186 11.6471 20.9955 19.3754 24.3109 
32.9002 22.3177 24.916 12.7293 14.4476 11.1301 31.6974 15.5287 16.282 30.0612 26.6903 5.919 13.4306 16.8311 20.1524 
36.7037 24.0209 19.2704 4.7081 24.7316 11.5488 31.5214 22.9676 11.3027 33.4518 29.6856 11.5 3.8622 18.7519 20.9332 
24.6901 16.8078 24.2337 14.7921 12.3518 10.0691 27.5054 12.013 26.4613 29.1894 30.9203 4.4364 18.5878 16.526 17.3359 
37.078 20.8044 5.1606 11.1497 25.1541 16.7878 18.0306 25.911 9.5176 24.9525 24.9508 19.5974 14.4547 15.1893 15.3403 
20.2374 10.8298 21.8333 18.4713 6.0901 5.0799 25.7619 4.6563 24.2579 21.102 20.5026 5.0601 21.1103 11.941 9.7248 
27.6887 15.2716 3.1926 19.4833 23.9103 14.9896 8.9241 20.832 19.5196 14.2406 21.176 22.167 21.499 8.352 9.9378 
35.9005 26.9884 16.7868 2.8781 28.5417 19.0253 24.7888 25.9693 3.4245 30.6988 37.4369 15.3737 4.1505 18.5609 20.0859 
21.7148 20.0805 30.5388 25.2306 7.3717 12.4498 36.4503 9.7633 35.0341 32.8948 24.6819 11.0237 25.8634 18.9469 18.2981 
13.3762 4.6014 17.2864 24.829 13.8183 8.7206 11.7325 9.3272 22.4102 11.6371 8.939 16.5207 24.0599 4.8161 2.2746 
23.3534 15.4236 21.6501 14.5915 10.896 6.2229 25.3674 10.4019 20.5398 25.6393 24.1177 1.5919 13.0084 14.3796 14.626 
15.3613 12.3316 17.4807 34.1852 20.612 20.2998 7.9511 22.0417 29.2321 1.5791 7.1511 21.1697 36.0513 14.6797 12.317 
12.1862 13.0145 27.7334 23.3536 2.5856 12.1087 24.8914 4.9599 29.2538 21.7819 19.151 11.7489 28.4105 17.4374 15.6965 
26.1281 13.2891 20.18 12.5593 12.4749 4.8663 24.4807 9.0107 19.8979 22.5968 23.3121 0.8289 16.5649 13.3409 11.6032 
26.9081 21.1731 26.5558 23.2405 14.9404 13.4262 32.1988 15.0592 25.5581 33.13 33.1718 11.2506 21.2946 22.9827 24.627 
25.5311 14.1032 4.7787 16.1864 19.4185 12.4991 10.3786 17.7104 14.4354 17.1256 18.9172 16.7098 15.5389 8.9576 8.7915 
1.5244 11.9642 30.301 41.6772 14.9564 18.6396 27.806 15.6027 43.6311 16.6496 11.7982 22.8864 36.3183 18.6717 18.2844 
27.6913 20.1174 24.671 17.8916 11.9532 10.697 27.7362 11.1381 24.2372 30.46 23.6293 5.3428 15.8961 19.2487 16.27 
30.1184 19.8866 14.9412 7.2081 15.5736 8.8647 21.3572 14.8413 13.5941 27.8992 29.296 7.4496 8.3345 12.0199 15.1884 
22.6339 17.2378 19.0902 13.1679 11.8666 5.54 28.0521 9.4347 23.724 26.4652 25.4638 0.3427 15.2551 11.2776 12.0409 
38.9687 25.2689 10.5238 9.932 30.2708 21.0116 20.0507 24.3669 6.4459 27.2513 32.1045 20.8668 12.7136 21.4599 22.5138 
26.6304 14.5451 12.708 9.6268 17.6036 5.0774 18.3792 13.8319 17.1273 20.1478 19.1145 8.3245 10.7424 8.1585 9.5964 
21.5779 16.7631 26.3423 25.7562 5.6138 12.145 29.3192 5.8826 32.8966 23.8787 22.1492 8.4255 23.4135 16.4914 15.6708 
19.1707 14.6349 23.0093 21.2343 6.694 6.913 24.4303 5.7085 23.9281 24.4444 24.4855 5.1196 21.3825 14.8131 14.1406 
7.8156 7.6516 23.1393 32.4186 17.4402 16.1947 16.7077 13.2829 31.1559 7.7341 2.1016 22.6596 32.3636 16.4515 14.2718 
6.7236 8.5479 26.3267 31.2002 18.0216 19.1993 18.5996 16.1281 38.4021 8.0815 2.2796 21.7921 39.8892 16.1127 15.6999 
0.4269 9.9306 26.6987 33.8841 11.8567 17.6504 24.5767 14.3851 40.9117 16.5719 9.9199 20.8281 34.0957 17.9377 18.9479 
15.1809 11.0434 19.2206 37.7921 18.7693 21.4175 11.7514 21.3158 35.9113 3.0453 4.7336 24.935 39.6267 16.8215 13.6497 
32.8971 26.1134 31.279 17.3201 15.8164 14.6891 31.5333 13.3707 24.7891 30.3525 30.3596 8.2306 16.448 20.6053 23.6492 
13.1504 2.2185 19.0303 20.2362 10.345 8.8956 14.8502 8.2935 28.3226 11.0906 10.179 15.2196 21.0854 6.6037 4.8856 
7.4063 5.0358 20.3009 27.5734 12.1452 17.3194 15.8309 13.0469 36.9135 10.3125 3.3621 21.1562 33.251 11.9702 11.768 
8.7074 2.7912 20.3751 30.3648 11.47 14.8521 16.7542 9.418 33.4292 10.8176 5.4953 16.1883 29.5854 9.8915 9.7004 
5.6831 10.6673 27.2305 29.9758 9.4669 15.9132 23.9882 10.347 42.6871 22.9658 13.936 18.8695 33.6361 15.6587 15.4459 
31.8261 21.1728 19.7746 8.3591 14.3875 8.8419 23.864 16.5547 16.4072 24.7687 25.4138 4.7116 10.6102 12.5124 15.2847 
21.2475 13.8038 18.6467 17.1394 7.8699 4.7917 28.1563 6.1899 24.5177 22.5252 22.2347 3.7779 18.7137 12.7663 13.2601 
24.051 12.2941 6.3634 17.6343 21.3556 11.9431 9.2623 15.6388 19.8654 13.1642 19.1604 17.2546 17.4488 5.1478 6.325 
14.186 9.0645 24.1108 21.9593 1.3355 9.6352 28.4206 1.5324 29.4989 21.5988 18.2095 10.1976 25.4274 12.1212 11.9839 
25.654 20.7335 28.705 19.7061 12.5176 12.2483 30.0412 12.6578 28.9966 32.7209 27.4023 7.8792 20.5906 17.386 21.6542 
25.1152 18.1779 28.2226 21.7223 8.7707 13.5739 29.9595 10.4227 32.9465 34.756 26.2168 8.8667 22.5186 18.297 18.3131 
14.941 10.222 28.4087 29.6585 3.3582 12.1441 24.4529 4.6905 32.0346 22.5631 18.7729 12.8003 30.4464 15.5304 18.8719 
9.172 4.1925 19.5535 24.2808 6.0938 10.833 23.2506 4.7624 29.9367 14.1528 10.7505 13.7325 28.5702 9.3109 10.2647 
33.7038 22.257 13.9676 3.1532 21.0679 14.0572 21.0365 23.6071 7.4365 24.9439 32.1724 13.263 4.4596 13.1152 17.9616 
23.5674 13.2508 9.3864 25.3914 24.068 15.8091 4.1675 17.0598 26.7111 9.6418 12.1937 20.5796 26.5551 7.7355 8.4603 
11.3729 1.14 17.7337 23.2936 10.2367 11.1188 17.2212 8.3007 28.8763 11.9016 9.7146 12.8643 22.5184 8.6942 5.3219 
14.7486 5.0551 17.8319 23.4007 13.6161 11.6023 11.2213 11.8677 26.1369 9.5143 8.5049 16.1949 24.8564 7.3193 5.7218 
14.8301 9.5006 17.7319 25.8934 17.9883 19.3475 8.0987 17.8304 26.462 4.2782 6.7656 25.431 25.7204 11.8355 7.8728 
26.8688 18.5947 27.162 13.4487 14.7497 10.2766 31.4753 15.1105 22.6714 33.4474 30.1845 6.7687 15.5611 16.937 20.9467 
1.4769 8.7526 26.7833 33.3181 11.5475 21.7339 23.7228 11.3457 41.4676 19.5384 11.2631 24.6565 39.7907 17.8266 18.3501 
37.0258 30.2408 13.6877 3.9076 26.7973 17.9979 29.3954 24.3843 3.5737 31.1761 28.9799 16.1111 4.6902 18.4545 19.3741 
6.2425 4.0253 24.0364 32.7874 11.6814 17.0353 17.1939 10.5759 38.4873 10.5535 5.0444 20.3721 30.1299 14.1054 12.7382 
28.95 27.0385 20.7763 5.5653 20.2488 12.8426 31.6345 18.6453 12.9181 29.8309 30.8083 10.6014 4.5659 17.4315 21.0761 
34.1955 22.625 5.2322 24.9223 28.9339 20.7194 8.5552 27.2776 20.9968 19.0145 24.7138 26.4921 23.8055 13.7887 16.611 
41.0786 27.9611 18.0934 0.7197 27.2732 15.8171 28.3059 20.9165 6.9922 28.1998 34.1801 15.0647 1.1773 16.3385 18.5559 
8.3643 3.0285 24.3085 29.728 8.1597 13.1346 22.3691 7.579 28.6337 13.4619 10.1487 14.9786 29.6585 12.3895 9.5268 
30.6011 20.8669 4.0185 22.5711 27.5295 20.1498 9.0728 27.134 16.8526 16.9326 18.982 22.2191 18.451 11.981 12.5361 
5.9258 7.5147 25.7876 35.9703 15.3767 18.5313 20.4032 12.4003 39.6014 9.8983 3.8188 22.1092 31.1353 14.6795 11.7012 
32.0944 28.7141 20.1271 3.7518 24.8559 16.1627 31.2807 24.5816 8.1097 36.1207 34.9095 12.9831 1.8342 18.9892 20.4079 
24.2269 19.4841 17.5506 10.293 14.2613 7.7393 27.5764 14.5677 17.9459 26.5846 25.3754 3.2659 11.6493 14.2098 16.6545 
23.3784 14.7604 6.3873 22.8657 25.1328 13.9794 4.5777 21.8351 22.8812 12.8685 16.5694 17.957 20.261 8.2606 7.886 
25.0968 15.8461 6.1043 21.0393 25.1801 15.9811 4.0997 21.6077 20.4276 14.3229 16.8496 21.4167 26.1984 11.1978 10.4072 
28.6394 18.1222 21.7961 12.0964 18.166 9.0065 28.2982 15.8101 19.5164 34.0119 28.5428 6.2255 12.6753 16.0696 16.52 
23.2378 12.8281 14.3493 27.1024 24.583 18.29 4.1613 23.5738 28.5561 6.2584 12.4299 22.2656 29.8203 11.5427 13.3674 
35.9808 27.6994 16.6043 1.7026 25.3674 17.4159 22.3265 21.1217 4.8506 36.0767 36.0983 15.3071 2.758 17.2478 21.1256 
40.05 25.6379 13.8477 6.0898 23.9525 15.508 24.9806 22.1341 4.0215 32.5156 34.4813 16.9016 7.4443 16.6857 16.7327 
17.5723 10.8999 13.0632 25.1391 18.4757 16.6845 5.6442 19.34 30.2645 7.4132 11.2499 24.5629 24.8277 10.0122 8.6236 
19.9765 13.3714 24.9477 18.5793 8.6319 6.6763 24.6814 6.7216 25.3642 23.0912 26.4294 3.5909 19.614 12.7036 13.5273 
31.9437 21.1955 19.2472 3.1377 21.663 12.6533 26.3995 18.7059 9.4358 29.865 26.3201 9.6468 4.5556 17.6813 17.5453 
5.6319 6.6424 23.2589 31.4969 14.8635 18.6926 20.272 12.6343 34.0958 12.0954 5.027 20.6417 36.2186 13.1133 13.0714 
6.1146 7.7636 29.1838 31.2 7.6149 16.6744 25.6588 10.0266 39.4192 16.9705 10.41 18.0984 35.6259 18.3582 15.054 
26.1738 17.7303 3.5387 13.5191 25.4077 14.6374 9.8114 20.0668 14.3946 15.9464 22.8071 18.8916 19.4819 9.1809 9.1601 
18.8132 10.1229 21.2855 20.1092 3.6221 5.8998 23.6464 3.3335 23.5399 24.1927 17.6509 6.7407 18.6898 11.0934 14.5083 
16.9322 12.4947 23.9224 22.2143 3.5304 7.0659 24.2134 3.2881 30.0974 24.2651 18.5055 7.8957 19.3406 14.2004 11.971 
13.1075 7.0355 17.8057 28.3169 17.5077 17.0864 11.453 17.3593 30.5615 5.0979 6.6327 23.135 30.4 10.3488 8.0159 
17.2754 9.1663 13.4417 26.5571 18.7444 16.3115 7.4751 16.3563 32.496 4.8233 7.8819 18.6965 26.2098 10.0934 7.4876 
1.9751 7.4535 26.3016 35.7541 11.2698 16.0533 24.5165 11.1479 34.0283 13.8841 8.3183 20.3059 38.926 19.269 16.0252 
22.7791 10.6505 8.4779 19.5955 18.8257 10.2892 10.8872 17.5671 21.1155 14.6974 14.7927 13.3628 16.8831 3.3743 4.4209 
31.7003 24.2004 9.513 26.7604 27.4246 25.6809 6.3731 24.1556 21.88 14.8215 21.861 24.5048 23.0525 18.1474 16.1153 
16.5297 12.7982 18.6218 31.1926 20.5052 21.5275 10.3104 19.0746 30.3428 0.6142 5.3255 25.4157 33.4124 13.5894 13.5689 
10.6973 5.8978 20.3947 26.5672 16.0224 16.5628 12.6663 15.609 35.7917 5.4387 4.6858 18.7773 29.7441 10.4909 7.7913 
7.3777 12.5565 25.1354 31.6279 16.9013 25.7083 21.3604 20.0167 37.4316 9.6224 5.6516 28.7037 38.0196 20.5488 18.7695 
12.5125 4.9005 18.2019 31.2317 14.4553 15.425 12.6886 13.0117 28.9673 6.7978 4.7483 21.0964 32.1252 11.257 7.3823 
5.719 6.3109 24.9118 27.8547 9.5771 15.8803 23.0992 7.6975 37.6807 16.6742 9.701 19.4567 34.0931 14.5563 12.3601 
24.3646 13.4915 8.3275 19.4656 18.9455 9.905 10.7995 15.2271 18.2627 15.5256 14.7337 15.3496 19.4685 4.2626 5.9794 
4.7778 12.1535 31.6209 37.3271 18.8048 26.0136 20.841 19.609 39.2248 13.6427 8.1741 25.35 45.7117 19.7469 19.4668 
43.5564 32.3072 11.874 10.0092 27.0693 21.9495 26.4285 31.5065 4.382 34.814 33.54 24.1928 10.8386 23.1301 22.3219 
28.3229 19.879 2.0716 19.6382 29.6883 16.1057 9.8584 21.1763 17.8629 20.148 21.431 24.0198 22.5444 14.0908 13.2843 
23.1916 19.3091 32.624 22.1588 11.8565 14.322 31.2963 10.8394 29.2377 37.4061 31.5523 10.5864 20.2378 22.4347 20.5877 
16.1411 12.706 25.5084 18.5179 5.5753 6.8625 27.068 4.4324 24.705 24.7898 21.8478 5.6517 19.4828 12.5369 13.9117 
35.334 27.7803 15.4174 10.0826 34.7763 21.2913 23.5613 30.925 2.5999 33.6951 39.9272 25.4816 8.7066 22.3087 26.0411 
24.645 11.3207 9.2411 15.0684 18.7812 7.51 11.9905 13.5939 16.2638 14.8376 19.2253 13.2021 15.5901 4.1679 5.71 
27.0675 20.5465 23.1935 19.0184 15.2303 11.9935 29.3109 13.7871 21.2222 33.6733 32.0944 6.6196 16.5104 18.2306 16.7742 
28.5921 20.0911 28.5424 22.6989 14.0475 13.8016 33.5707 15.7301 33.1544 31.8389 27.82 10.0772 21.9577 23.4206 25.3446 
28.9976 20.8421 10.4984 5.6353 21.9693 14.7251 21.3301 21.5221 7.4605 27.648 28.0679 15.0611 6.8265 14.3432 16.0086 
25.6186 17.5399 9.9047 25.3616 24.5774 19.0802 0.7251 20.6652 24.8335 9.4748 16.2593 25.7458 25.7809 14.4203 12.3328 
26.6379 18.7306 15.449 4.8532 21.4322 11.2523 20.1924 15.7781 10.5781 22.836 26.078 8.7775 6.3813 11.6412 13.6201 
34.278 32.6841 19.209 3.8718 26.9593 22.1926 28.5935 25.3833 4.2785 39.305 41.514 19.2597 3.699 20.1976 20.9122 
26.346 17.6336 0.4361 15.8419 25.4482 17.9119 11.2392 20.9121 16.6043 19.9419 20.4445 19.0026 16.9986 10.5302 11.2923 
26.8974 21.523 15.7793 26.4666 27.5388 24.2686 5.6371 27.3864 34.392 11.3251 18.6837 28.9826 36.4473 19.4949 20.4069 
17.7353 6.6839 12.5467 20.5159 18.3871 12.5803 10.5072 13.7084 29.647 9.2112 9.1115 19.1466 23.2566 6.0368 3.6762 
21.8571 14.9554 9.0786 12.6657 17.0787 7.349 16.3922 13.9107 16.1979 19.5713 17.2715 11.0571 13.3542 4.4017 6.9911 
27.0754 13.1119 13.0859 10.247 14.4958 5.1277 22.3121 14.038 16.661 19.913 21.6238 6.715 10.8525 8.3784 10.7738 
16.0329 9.0821 15.866 22.6685 16.4229 16.709 8.8213 18.3447 30.7239 5.9112 8.9634 20.844 26.3146 7.6298 6.4632 
39.815 27.7225 18.1537 5.0413 29.8912 18.6884 30.2959 26.8385 2.0919 32.2145 30.3154 18.8119 4.6781 20.2704 25.0822 
20.5357 18.4254 13.4747 25.3707 23.4541 23.9591 2.7709 25.6405 27.9248 7.8845 15.3441 24.4467 27.8261 16.5217 13.6174 
22.8987 10.199 16.3256 13.4613 10.8878 2.7584 17.4471 10.0605 17.3127 20.4993 18.949 8.178 14.7854 4.6479 5.8699 
25.5871 17.1264 5.1003 13.6311 19.486 14.4065 12.6858 18.3093 12.2474 20.2025 24.2794 17.5535 16.1704 10.2543 10.9499 
33.4258 24.4652 5.8383 9.575 25.0863 15.4238 15.7565 27.9675 10.5925 23.5356 28.5728 21.5945 11.3575 16.4728 16.4164 
22.4621 16.5571 12.2194 10.7203 17.3518 5.6058 20.5259 15.9286 13.8213 23.1414 20.4874 8.4926 12.0361 9.2498 10.7226 
29.8119 15.3424 14.2764 7.8005 17.3513 8.2805 18.6934 16.8588 14.9923 26.1928 27.8055 8.408 8.1262 9.511 11.9107 
28.5326 19.5721 10.1776 8.2828 19.3998 9.9142 17.6478 18.8888 13.8326 26.3968 23.7403 11.7733 8.1703 10.3504 11.5766 
29.0043 21.4298 13.2329 32.5413 29.5236 22.3188 5.883 31.8644 32.5673 11.7071 18.6868 27.2636 35.4169 16.6716 19.6591 
13.325 12.6391 26.3615 28.3887 3.8366 12.6596 27.9591 6.2747 35.9964 25.9939 16.6273 14.7671 28.8273 16.1315 15.9446 
7.2867 6.2067 28.2385 30.7176 6.4511 12.658 26.0674 6.2198 36.032 16.0611 13.3617 17.4888 25.5413 15.2713 13.0349 
16.0806 4.9931 15.2547 21.8679 7.368 5.1437 18.6942 6.1156 22.0349 18.0264 12.2926 11.0538 24.5345 6.2288 5.4758 
11.9943 7.3834 19.8347 27.2938 15.8888 18.3056 12.4655 15.9503 29.3193 4.5784 2.9277 19.926 33.2572 12.0288 10.6114 
24.3907 19.7368 24.2285 15.9094 12.7728 12.1225 27.6887 15.3178 23.671 32.447 26.6513 4.8965 13.3691 19.8091 20.7221 
36.4162 24.7875 8.0457 7.1338 24.1238 12.7857 20.4969 22.2911 8.4605 27.1548 27.2933 17.3341 9.8222 14.0074 14.3224 
13.5882 4.94 19.7422 21.265 7.8575 5.6566 16.353 5.4976 26.7206 17.7541 13.4399 10.6528 22.8862 5.5362 5.6449 
8.1865 3.4649 21.1641 28.1926 6.286 11.9897 18.1145 6.5313 31.7875 15.1635 10.7329 13.6086 26.4276 9.9013 9.7091 
EOF