I 200
J 20
bounds (0, 100)
cv 1.5
D 1
k 5
t 3
FLR 0.4
FCR 4
abounds (80, 120)

a 
82.0 71.0 82.0 
93.0 72.0 74.0 
92.0 88.0 68.0 
71.0 90.0 69.0 
82.0 73.0 80.0 
92.0 85.0 70.0 
99.0 79.0 83.0 
85.0 81.0 74.0 
77.0 59.0 68.0 
86.0 68.0 85.0 
88.0 76.0 82.0 
89.0 76.0 82.0 
82.0 87.0 70.0 
82.0 80.0 73.0 
100.0 85.0 74.0 
85.0 74.0 81.0 
70.0 72.0 73.0 
85.0 90.0 88.0 
98.0 82.0 58.0 
89.0 81.0 77.0 
76.0 82.0 79.0 
87.0 90.0 94.0 
72.0 88.0 81.0 
89.0 84.0 85.0 
92.0 61.0 79.0 
71.0 74.0 86.0 
81.0 71.0 82.0 
90.0 78.0 93.0 
86.0 74.0 64.0 
94.0 77.0 88.0 
88.0 100.0 75.0 
84.0 82.0 73.0 
99.0 86.0 87.0 
79.0 110.0 79.0 
91.0 89.0 75.0 
87.0 67.0 66.0 
72.0 67.0 83.0 
82.0 72.0 73.0 
96.0 95.0 70.0 
84.0 93.0 88.0 
85.0 78.0 86.0 
99.0 74.0 78.0 
80.0 83.0 74.0 
85.0 83.0 80.0 
90.0 81.0 87.0 
91.0 65.0 91.0 
100.0 67.0 73.0 
70.0 86.0 88.0 
64.0 70.0 77.0 
76.0 92.0 71.0 
86.0 81.0 100.0 
87.0 80.0 76.0 
60.0 79.0 70.0 
79.0 79.0 83.0 
76.0 83.0 80.0 
68.0 84.0 82.0 
74.0 86.0 81.0 
92.0 80.0 83.0 
82.0 76.0 86.0 
64.0 75.0 90.0 
79.0 87.0 79.0 
80.0 78.0 82.0 
87.0 79.0 107.0 
94.0 93.0 72.0 
62.0 86.0 79.0 
73.0 76.0 88.0 
88.0 82.0 83.0 
85.0 97.0 79.0 
79.0 87.0 96.0 
78.0 79.0 73.0 
73.0 75.0 70.0 
79.0 88.0 79.0 
76.0 72.0 79.0 
70.0 70.0 84.0 
69.0 74.0 77.0 
89.0 94.0 89.0 
77.0 71.0 92.0 
78.0 76.0 70.0 
86.0 73.0 94.0 
66.0 72.0 92.0 
87.0 83.0 74.0 
79.0 100.0 65.0 
86.0 76.0 77.0 
70.0 87.0 67.0 
62.0 66.0 72.0 
77.0 75.0 85.0 
75.0 82.0 87.0 
76.0 70.0 77.0 
86.0 77.0 95.0 
70.0 71.0 79.0 
83.0 91.0 82.0 
74.0 74.0 83.0 
88.0 90.0 105.0 
96.0 91.0 72.0 
69.0 72.0 78.0 
90.0 68.0 81.0 
88.0 85.0 84.0 
85.0 79.0 82.0 
90.0 71.0 82.0 
76.0 83.0 76.0 
80.0 73.0 79.0 
94.0 75.0 72.0 
97.0 63.0 89.0 
82.0 89.0 87.0 
82.0 70.0 79.0 
104.0 92.0 80.0 
85.0 94.0 83.0 
82.0 91.0 71.0 
87.0 92.0 74.0 
92.0 90.0 87.0 
95.0 63.0 78.0 
83.0 81.0 85.0 
79.0 77.0 88.0 
96.0 83.0 76.0 
78.0 74.0 82.0 
65.0 68.0 90.0 
72.0 82.0 75.0 
83.0 83.0 81.0 
76.0 83.0 92.0 
73.0 101.0 81.0 
79.0 84.0 88.0 
85.0 86.0 85.0 
73.0 85.0 71.0 
82.0 67.0 80.0 
73.0 95.0 72.0 
79.0 78.0 72.0 
89.0 92.0 93.0 
81.0 56.0 77.0 
81.0 58.0 93.0 
84.0 68.0 75.0 
68.0 86.0 76.0 
97.0 87.0 82.0 
82.0 61.0 100.0 
77.0 90.0 83.0 
70.0 86.0 66.0 
96.0 76.0 75.0 
62.0 68.0 75.0 
66.0 77.0 85.0 
66.0 81.0 69.0 
87.0 87.0 70.0 
75.0 95.0 82.0 
65.0 74.0 65.0 
79.0 79.0 79.0 
73.0 66.0 84.0 
96.0 92.0 71.0 
76.0 84.0 74.0 
87.0 75.0 94.0 
76.0 59.0 75.0 
76.0 98.0 69.0 
84.0 69.0 73.0 
74.0 89.0 69.0 
70.0 65.0 80.0 
82.0 75.0 68.0 
80.0 82.0 77.0 
73.0 74.0 91.0 
71.0 81.0 90.0 
93.0 73.0 82.0 
81.0 81.0 73.0 
85.0 74.0 84.0 
80.0 79.0 73.0 
80.0 87.0 93.0 
88.0 76.0 83.0 
74.0 80.0 76.0 
77.0 71.0 82.0 
69.0 73.0 73.0 
85.0 74.0 69.0 
92.0 74.0 73.0 
65.0 74.0 73.0 
69.0 90.0 81.0 
76.0 103.0 71.0 
74.0 81.0 84.0 
66.0 71.0 76.0 
72.0 85.0 80.0 
68.0 70.0 85.0 
84.0 61.0 85.0 
86.0 72.0 101.0 
81.0 91.0 89.0 
83.0 89.0 85.0 
86.0 81.0 66.0 
68.0 82.0 86.0 
87.0 81.0 86.0 
97.0 69.0 76.0 
88.0 58.0 72.0 
83.0 80.0 88.0 
76.0 95.0 89.0 
90.0 91.0 92.0 
76.0 89.0 76.0 
69.0 75.0 76.0 
64.0 73.0 88.0 
72.0 81.0 79.0 
73.0 76.0 75.0 
75.0 86.0 63.0 
73.0 79.0 68.0 
75.0 65.0 85.0 
93.0 82.0 86.0 
76.0 77.0 90.0 
69.0 89.0 95.0 
87.0 86.0 67.0 
77.0 90.0 93.0 
82.0 71.0 86.0 

Icoords
22.6185 55.0743
82.1572 84.4694
63.5152 54.5281
44.9135 96.8339
83.2404 88.9361
4.4575 75.3596
56.4704 99.1575
72.1336 54.0753
71.8192 69.7371
8.9353 82.1064
5.6029 63.9633
91.6016 63.2119
43.2777 73.9109
98.7079 24.5436
45.9272 62.6422
76.3345 76.9873
16.6944 51.2892
53.0282 38.0821
2.0784 6.7354
25.0113 95.3673
21.0346 84.7951
40.2785 78.9392
24.2347 82.6778
29.9888 78.2021
1.4554 92.9718
59.4934 58.6426
32.2616 50.6622
61.3388 81.097
6.2278 15.6167
38.9055 87.0977
65.4084 9.791
80.5937 37.438
35.7851 15.1328
92.9364 21.5923
0.987 61.7146
24.3881 31.4514
79.7929 54.5764
94.0102 11.4844
48.4622 36.5272
32.9879 1.6451
72.5081 1.2529
29.9515 77.5213
80.7131 84.6276
15.4929 95.4091
55.8762 42.2965
45.5537 65.4746
6.2575 65.6478
3.9859 78.3118
14.9931 53.461
79.4119 23.0594
55.9692 41.5826
9.3 52.4503
68.4702 91.2442
86.0613 46.1248
11.986 97.6142
78.5482 88.3356
63.8949 91.6793
12.7593 66.4879
36.306 88.8549
95.0117 19.9796
78.8451 47.4888
69.1659 1.2758
3.4759 98.6251
31.3415 96.5894
56.3963 58.5001
23.5 36.384
46.4663 69.783
53.3059 53.8891
37.584 32.3795
59.5322 77.8603
91.0406 17.9925
37.1476 97.2648
9.6168 13.7736
16.7457 78.0756
91.6998 35.7327
32.1562 91.8175
36.6818 85.1515
10.0178 31.521
79.7433 73.2321
15.0316 45.9121
24.8651 45.9435
69.3402 89.0166
29.7289 37.991
81.2889 20.8788
75.8842 14.9356
4.0804 80.7905
12.2898 69.8313
65.1909 24.7151
88.4947 66.6016
92.7468 36.437
59.1476 84.8865
42.0277 83.2964
26.5547 24.2664
38.6147 5.4654
66.7634 49.2424
45.539 47.3533
45.2183 15.2449
48.1178 9.2325
75.7054 78.1994
57.4133 54.2001
27.2812 4.7631
98.1314 44.3031
25.2856 12.6599
93.0675 26.2871
49.494 11.0517
89.5826 87.5529
14.2023 71.7809
10.7237 52.0111
23.5933 69.7035
30.3305 2.1756
82.9392 36.7232
55.5447 1.5445
82.6696 36.8838
26.7886 80.189
7.9309 0.2976
35.6106 68.4735
25.8944 70.608
24.3799 87.0924
25.5893 27.972
22.69 4.2548
94.9084 16.131
39.6197 82.3589
20.6807 7.3109
64.6392 13.1667
0.2527 64.7415
9.7179 0.3176
36.0421 29.0312
46.6767 2.7027
89.3605 66.901
87.3646 58.5782
84.7515 58.1012
75.7287 93.644
62.9786 20.9141
40.3995 19.606
29.9494 13.1078
55.9656 52.0805
85.2883 37.1796
31.5167 22.1579
91.2333 10.8171
6.1303 79.7413
38.5083 51.2091
57.0255 51.9225
23.9439 72.1671
49.3361 95.4134
78.1962 55.1395
70.7628 24.6284
3.4572 72.8506
75.6186 52.4617
13.1795 89.2937
54.2975 28.0754
93.5119 72.8674
12.7977 56.6092
1.1594 27.003
10.2513 65.6219
21.7026 97.9278
70.7104 5.2
71.2048 88.0982
89.824 29.9012
69.4952 65.4887
13.8454 2.6375
31.3341 5.7219
94.5782 46.8042
69.0746 47.0933
26.5685 45.3395
88.8257 38.7501
43.9871 87.4049
31.4046 79.0812
6.3864 87.629
0.2665 30.0352
27.6065 77.3058
38.4181 40.1064
15.9689 13.467
62.7534 32.8941
64.9152 60.3392
61.0997 50.9167
15.5598 35.1818
40.882 82.6416
7.7591 3.4996
38.7302 42.4823
66.9683 69.5499
93.8683 4.9217
38.9697 55.8113
63.6453 62.9673
55.7232 20.9269
75.5154 24.8469
57.3445 61.6719
47.7141 89.6618
91.8209 94.7152
91.42 1.7563
40.1121 47.2177
78.1719 11.7917
61.167 26.5186
55.3914 83.0365
54.2574 43.8287
62.4128 99.7249
90.8121 58.1535
4.7067 93.1065
64.68 14.7737
99.8007 56.2436
18.9383 4.9809

Jcoords
48.679 9.7021
41.0894 88.12
79.7383 50.2392
71.3973 62.4237
69.368 86.7681
52.1358 74.0085
30.1247 57.508
12.2223 43.2152
20.9591 16.4097
81.0146 24.8802
58.7803 11.4803
40.7499 31.82
11.3939 91.5569
2.8385 94.0858
85.9374 85.2197
74.4183 59.8119
64.6841 58.8726
80.3855 1.7382
78.7488 41.2542
31.1915 31.1217

C
18.4389 12.4627 21.6055 19.1003 21.3382 13.2943 3.0143 5.3463 14.35 25.6847 20.4245 11.0195 13.5008 14.2897 25.8845 15.7608 13.6847 25.49 20.689 9.5682 
26.5094 13.3832 12.9404 8.7626 5.03 12.2144 23.1774 30.14 32.2635 19.8647 24.1343 26.3103 24.7346 29.2912 1.2984 9.8773 9.8772 31.5692 13.5727 24.1186 
15.8037 12.3956 6.578 3.4072 10.8622 7.9887 11.0157 16.3355 19.0763 11.6398 13.6721 11.4503 20.5617 21.8022 13.1855 4.7894 1.6687 21.4309 6.8698 14.0118 
29.0681 2.9424 20.924 16.5828 10.3929 7.2541 13.9279 24.0393 30.4782 24.2392 27.4897 22.7819 12.9316 16.7857 15.3235 16.129 13.6664 35.1785 20.835 25.1803 
27.4718 15.5566 15.34 8.9319 4.2895 12.1927 18.8114 27.2308 37.4267 19.504 30.5411 23.4635 22.3591 25.3543 1.6788 11.7038 12.4535 32.0188 18.343 25.8114 
25.8539 13.2199 29.6891 25.71 22.7571 17.5813 11.2116 10.4928 18.7015 35.571 33.3572 19.8273 5.982 5.7854 30.7861 23.5643 23.7656 36.1593 32.0934 19.9776 
33.3226 7.2394 19.5175 15.7176 6.3435 9.8889 18.5795 25.0569 33.353 28.1697 27.0841 22.8258 18.1526 18.801 9.9225 14.1889 12.8316 33.2634 20.0145 28.1321 
16.0861 14.2045 2.9411 3.0355 10.8469 11.0006 14.4402 23.3139 20.6764 9.7316 16.079 12.1962 26.6152 29.5661 13.0645 1.9407 2.9319 16.4832 5.5588 15.8179 
21.6441 12.6046 7.4877 2.2057 5.7366 8.0042 13.548 23.0073 27.2367 14.062 21.8495 18.819 19.8643 24.0889 8.2995 4.0732 4.4453 22.9597 10.0165 17.7347 
31.1136 11.4262 27.09 20.0923 23.4509 16.4823 10.9282 14.4879 26.5549 36.7768 34.4825 20.9876 3.7771 4.8672 28.5834 21.61 21.8213 38.3907 26.0701 21.6292 
22.4123 14.6214 28.9366 25.4299 25.2055 17.8232 7.7593 7.6965 19.6788 32.1574 28.1974 15.4222 9.8202 9.0989 30.1733 24.729 21.7335 31.822 29.2957 15.4627 
26.0465 17.2225 5.4548 7.0021 12.2117 12.8517 23.2825 30.5744 33.5569 14.3439 21.7858 18.1374 26.3969 35.4771 7.0607 6.8279 10.3443 22.3834 9.2027 22.1357 
24.9624 5.1842 16.2929 9.1308 9.8079 3.4673 7.1401 16.6016 23.3646 19.7741 24.5663 15.8294 12.3572 16.9923 17.1457 10.8054 8.8449 28.5417 16.0651 16.1936 
19.8455 27.8511 12.2966 14.6774 23.9819 24.1524 28.8397 27.5964 30.5188 6.8716 13.0106 21.4493 41.759 46.5927 20.8834 15.8361 18.8644 9.5163 9.8996 22.4402 
18.623 9.1466 13.5954 8.7442 10.7373 4.4048 5.651 13.2308 19.7355 16.3352 17.5241 12.2703 14.8767 21.2727 14.8435 10.293 6.0629 23.0502 11.8153 11.6737 
26.3926 12.3341 9.6584 5.8097 4.5715 8.436 18.4544 28.3839 28.9063 17.3431 26.6526 17.4975 26.196 25.7239 3.8376 6.2371 6.7413 27.1138 11.2601 20.1302 
16.4056 16.244 21.3748 21.9391 19.5986 13.884 5.1075 3.6347 12.355 25.2675 21.6082 11.8651 14.1706 16.0727 25.423 21.2743 18.8899 29.2685 19.4491 9.0185 
9.38 20.3146 9.476 9.49 16.1511 13.3328 10.7515 14.6496 12.289 11.9444 10.7887 4.8461 26.7968 24.6664 22.7254 10.553 7.6558 15.3391 8.3033 8.0446 
16.9876 27.3462 35.3122 33.7886 40.8836 32.7532 22.3663 14.676 6.6551 27.2548 17.1326 14.5521 32.2297 30.2943 43.7605 29.0074 27.1711 28.805 26.5029 13.592 
30.7239 5.7123 21.6419 19.0368 17.0067 13.5854 11.6978 16.426 31.2688 27.7372 28.901 25.5912 5.0255 7.7534 19.3943 18.523 20.3223 34.7764 25.7004 24.7003 
26.8066 7.1984 23.8145 20.3018 18.4449 12.5255 10.9667 16.0833 21.5209 28.5025 30.156 19.0149 4.2015 8.0109 25.7215 18.0947 18.0323 33.0852 25.9037 16.4424 
26.9215 2.9493 15.2966 12.4784 11.4594 5.0596 9.1302 16.4708 21.126 22.4186 22.9646 15.4889 11.9746 15.9895 17.7304 13.2308 11.6052 29.9097 18.3046 19.1724 
29.984 6.3939 21.6135 20.1975 18.014 9.1916 9.2672 16.133 25.0733 25.0762 27.5947 17.7581 4.8256 7.5628 23.1211 16.9468 17.5769 32.1436 23.3266 18.8272 
21.5 4.5938 18.7873 14.3308 14.5645 7.4992 7.6487 12.7293 23.9616 27.9048 22.1785 15.8841 6.9437 12.1228 18.9291 16.95 14.2502 34.1403 19.9377 18.2732 
35.9077 12.4541 33.5432 25.2092 20.8951 19.713 14.6065 17.3902 28.6876 32.1174 31.3649 26.9238 3.1783 0.629 27.2666 29.4451 28.3471 37.1565 31.6851 24.8498 
16.6603 11.5512 7.6719 4.3115 11.84 6.433 9.5108 19.7209 21.4963 13.577 15.9521 12.7651 18.8254 24.8534 11.5999 4.599 1.9645 18.5432 9.5892 14.5392 
13.9356 15.0819 15.2691 13.9104 18.2347 12.1567 2.1608 7.1852 11.7766 18.1279 18.4944 6.8197 17.1524 19.9427 24.0095 16.358 13.1242 23.2847 17.9189 5.9473 
25.204 8.2923 12.5672 7.1478 3.2488 3.6859 13.7094 20.3886 25.8202 19.1011 22.2297 16.5183 19.7582 18.6187 9.7547 8.1119 7.2279 27.9196 13.7398 22.3068 
16.4759 27.6262 30.1622 31.2202 28.7189 26.6062 17.6177 10.5145 5.8597 23.7831 19.8577 12.5199 24.8746 29.9325 38.1698 25.6131 23.0377 26.5869 28.2063 9.8946 
28.622 0.7412 17.8116 15.1077 9.9892 7.3123 9.8768 17.9702 25.0079 29.8708 26.3408 19.7507 9.6321 13.8464 16.4131 13.4937 12.9584 33.7195 21.0518 22.3986 
6.5597 31.3881 15.5597 20.9452 25.1663 25.3709 22.1417 22.8527 17.7286 7.5609 2.4679 12.8492 36.6799 34.5696 24.4445 19.7662 15.001 6.3513 12.9521 15.697 
14.8116 24.0008 4.6059 8.8766 18.1016 16.1073 20.0742 23.137 22.1444 4.9958 11.6128 15.6405 32.2845 34.7674 16.5394 7.6177 8.3472 12.5059 1.5353 19.4436 
4.2336 25.4592 17.4664 20.8266 30.6023 20.4087 16.9809 14.6633 5.2128 17.2533 7.2342 5.855 26.0641 26.675 33.4474 19.5743 18.5792 14.6457 18.5186 6.4596 
14.133 27.6735 10.9668 15.4419 23.6403 21.1826 28.7828 32.037 25.8995 3.8721 12.7988 17.7832 34.8764 38.312 25.3292 12.8555 15.0947 8.2961 9.0341 22.5538 
27.1616 15.0095 30.9976 25.6518 29.0066 16.4497 10.2038 6.6079 16.3339 30.3584 29.0444 19.8391 11.9687 10.6319 30.4444 22.9844 21.4172 39.5334 26.567 14.2945 
12.5431 23.147 18.3305 17.6035 27.7128 17.2937 10.0452 5.654 5.8285 17.2274 15.7251 5.2355 19.3214 20.2026 29.5935 19.3117 18.2974 23.0051 22.0177 2.1013 
17.938 17.598 1.6673 4.0555 12.3947 11.0598 17.7773 22.8785 24.426 9.2879 16.805 16.7206 24.8897 33.1917 10.9512 2.476 5.8103 19.5355 4.4112 20.5283 
16.0097 32.4566 14.9421 21.747 29.7687 26.8872 30.3689 26.9937 24.4545 6.551 12.5947 22.0631 38.9452 41.0413 25.5239 15.6443 19.5663 5.9251 11.7121 22.6935 
9.6091 18.908 11.5085 11.0212 17.4678 13.4035 9.8057 12.6328 12.199 11.544 10.3182 2.8127 22.7315 22.4455 21.4746 11.228 9.2282 15.7041 9.242 5.6245 
6.8844 27.0549 23.574 23.41 28.5212 23.1897 19.3036 14.5259 6.854 18.1717 10.4895 9.4749 29.1738 33.0398 31.2737 27.2156 25.2321 17.5514 22.248 9.2256 
9.883 36.6357 15.3305 19.1435 28.4444 23.4142 21.3979 26.8321 17.296 9.1583 5.1545 13.8275 37.608 45.9746 33.6394 17.5829 19.1076 2.7189 15.2994 15.8708 
25.2935 6.0208 20.2108 14.993 16.1784 8.2655 6.9729 15.2226 22.2618 26.9812 24.6154 16.9525 8.3973 12.1244 18.8526 17.0586 15.3274 28.2925 24.2891 14.3705 
25.6274 12.4583 13.6164 8.0087 3.7765 9.3319 20.5259 30.3101 30.9154 18.1754 25.8342 24.4501 27.7266 24.6559 1.7066 8.0005 10.1078 28.3981 13.1339 28.3094 
35.8623 10.0202 28.7361 22.7186 21.067 15.7093 15.3165 20.1968 27.3675 35.6767 29.388 23.708 2.1465 3.9748 21.5455 24.219 21.2687 43.3021 26.5468 26.2786 
12.1602 17.7 10.0019 8.6925 14.8621 10.9462 11.3324 16.5703 15.1611 11.3123 10.298 6.0794 21.0134 29.3106 20.4896 8.1698 6.5266 15.7235 8.3274 9.0718 
21.238 8.21 14.1021 9.4256 11.0469 3.3733 6.2373 15.7036 17.9032 20.2347 21.1856 12.6906 14.7116 16.8991 15.4591 9.0951 6.5732 27.4336 14.9451 11.9634 
25.1704 14.0025 23.6274 21.842 25.3425 14.1767 7.7517 8.3726 17.0088 32.8852 24.959 16.4696 9.8337 10.277 32.1712 21.2687 20.7393 38.1025 30.2806 15.106 
29.7152 11.9701 24.6157 26.8792 26.0015 17.0937 13.2025 12.9492 20.4435 29.9238 32.59 19.3106 5.4983 5.4817 27.6333 28.2766 19.4647 39.157 26.0509 21.0583 
18.4997 14.4125 24.2836 21.9367 23.2615 14.2623 4.9763 3.4081 13.788 25.1798 22.7962 12.5381 14.4261 15.6429 28.2854 22.8416 16.9149 28.0974 22.2719 9.6303 
12.6635 26.3448 8.9836 15.9282 25.0565 20.6892 19.7175 23.3592 21.6141 0.8602 8.5834 11.9521 31.1025 33.0978 22.1444 11.8652 14.3547 7.3016 5.9682 18.0257 
12.7314 16.8268 9.9061 9.1611 15.3362 10.4224 10.968 16.0707 13.9452 9.2961 11.3647 5.4787 24.5362 24.2612 20.2695 9.8038 6.8697 16.9211 7.6229 10.6022 
18.8721 18.6579 22.6148 23.6415 23.8463 15.2688 8.4585 3.5927 13.398 28.128 21.3792 14.0822 12.6104 14.3045 27.8304 20.8723 17.0611 26.6066 27.3011 12.0544 
29.276 10.6569 14.82 9.2584 1.4559 7.9194 18.126 24.7482 34.9429 26.0161 28.9904 21.2977 19.3435 23.9714 7.3224 12.201 12.6132 29.8788 15.8313 24.6182 
16.4093 23.8617 2.3597 7.9981 16.468 17.5217 18.6148 27.1717 26.8004 8.5356 17.0874 15.129 30.3901 35.9144 11.9005 5.5885 8.2335 16.6194 3.1331 21.6045 
30.4363 11.9115 26.9678 27.3236 23.038 17.6985 14.8074 19.8395 26.2335 36.7911 36.3866 24.8093 1.8922 3.5923 29.4158 27.9533 19.7397 36.3215 30.9556 27.1721 
32.4433 13.0958 14.1292 8.2738 3.5967 11.7307 19.6837 26.2474 27.9369 21.0386 30.8777 20.9207 25.4135 24.2741 2.4499 11.1999 9.9965 33.9798 16.3468 26.6334 
29.6407 7.2015 13.5714 11.4739 2.6914 8.3141 17.0263 24.5757 26.8109 26.5212 29.9428 23.0014 20.9112 19.7365 9.0431 10.7627 10.2583 33.9244 19.8757 24.3499 
23.2957 12.7929 25.2322 23.0119 23.5536 14.6924 7.7926 7.8846 15.6802 24.8685 23.5601 14.138 8.4457 9.1559 24.9123 20.6401 15.8753 34.1735 27.6946 13.0531 
31.3246 1.4925 21.9855 16.8786 11.9525 8.3338 12.7195 16.1057 28.54 25.1551 25.8154 17.3225 8.8781 10.4365 18.5173 14.4422 15.6626 38.0283 21.6706 19.7409 
15.3482 27.6239 10.1857 19.0253 23.0295 24.1272 26.6626 26.8541 29.0994 5.8238 11.2761 20.7159 39.1406 43.4285 25.9257 15.0575 17.9622 8.2676 8.7914 24.8582 
18.9875 21.7035 1.0434 5.474 16.0292 12.4584 19.0355 20.8157 20.8865 7.5247 14.5141 14.2523 28.3206 31.5156 13.3104 4.8959 5.7197 17.2944 2.3226 16.189 
6.8096 28.4671 15.5385 21.8688 33.2737 26.8845 21.8239 24.3281 18.6948 10.3057 4.4685 16.6039 33.8164 38.6143 33.7618 22.9796 17.8165 3.6843 14.0969 18.7788 
33.6067 13.9263 35.91 26.0224 26.5592 18.1374 16.718 20.2282 32.1926 40.6949 37.7964 23.3478 3.5843 1.4966 29.5077 24.5832 23.6469 47.5758 28.4215 23.9712 
32.472 4.7766 25.3707 20.9116 14.449 11.4745 15.4954 18.7378 31.0137 27.3825 29.8941 21.6506 6.7869 11.0502 19.4795 18.5782 16.1295 32.0875 26.0423 24.6159 
19.3369 10.2224 8.4979 5.5634 10.0491 5.19 8.8493 16.2294 18.3663 12.5092 18.2671 10.2872 20.2304 22.2422 15.2239 7.1592 3.1517 23.9159 11.1658 13.7542 
11.4792 20.1528 20.9844 16.5898 26.0686 15.9909 7.3057 4.2074 6.9708 19.3968 13.5469 5.9704 18.4369 23.0938 23.8833 18.0647 15.9354 26.4957 20.5546 3.0288 
19.7259 6.2257 11.7229 8.3338 8.6137 2.5561 7.041 15.551 20.8995 19.3195 21.7976 11.5749 13.561 17.5689 14.7194 10.4108 7.1626 28.4581 12.9375 13.959 
15.1457 11.1435 9.8568 6.4231 11.4425 6.3141 7.9536 13.0186 19.1447 14.1489 16.6724 10.0751 18.3593 22.8979 16.2357 7.4246 4.0917 22.2709 9.6159 11.2898 
8.1419 22.1336 17.0262 16.3878 23.1821 13.6002 9.5387 10.6953 9.1127 15.5843 9.7099 1.0513 20.1454 26.8889 28.0698 16.8093 14.5189 20.8029 15.2103 2.0177 
23.5279 8.3911 12.3134 6.1524 4.0407 2.9338 11.48 18.4243 22.3393 18.8889 23.9116 17.2443 17.5972 22.6621 8.8841 8.3381 6.8781 23.8043 14.2842 21.2189 
17.0416 30.522 13.5484 15.8613 26.5002 22.6632 23.0101 25.3481 21.2191 3.6857 12.4897 17.7073 34.4673 44.8135 22.7207 15.3006 16.6106 6.9404 8.8742 23.4734 
29.2512 3.3559 23.9191 18.3651 13.4261 10.8347 13.6902 19.1119 25.4636 31.3505 27.815 20.4825 9.4884 12.1837 15.9207 16.9133 18.4214 33.8476 25.5498 21.8093 
13.3727 24.6076 31.1404 26.9093 31.1576 24.4857 18.9352 11.666 3.7729 22.2911 17.7526 13.2246 23.4111 29.9582 38.033 29.4513 25.8234 23.5023 26.5139 10.1851 
24.3217 8.5218 23.0573 20.3746 19.6061 11.7734 7.6479 10.5915 20.1376 31.2689 25.7282 17.8123 4.6299 7.1637 26.6761 20.6168 17.7543 38.9988 27.5686 19.5325 
15.1654 27.5485 7.4606 10.2718 19.0965 19.1899 21.3178 29.8161 22.887 5.6884 14.9611 19.0909 36.1577 39.7699 18.683 11.0316 11.4646 13.6003 4.5644 21.9918 
26.812 3.321 19.7149 19.0282 11.7991 10.6255 10.7817 18.7537 30.1279 28.3671 27.5568 19.3103 7.6702 11.5651 20.4329 16.079 14.1484 33.7494 24.7662 18.812 
28.1218 1.8445 20.0775 14.2614 10.564 7.2552 10.0431 16.8608 26.5214 23.905 30.758 19.0946 9.952 12.909 18.3723 15.5092 13.1911 32.074 21.1036 21.544 
17.2246 23.031 23.0718 26.3472 29.3931 19.6946 11.9075 4.7184 5.8432 24.4368 20.8403 11.2762 18.4959 18.8989 28.0461 21.5594 21.1805 24.1153 23.7475 8.3778 
27.969 14.9533 6.9737 5.338 6.5337 10.5723 18.9828 28.5299 31.1007 19.212 24.7418 17.4113 23.5217 26.5421 4.8616 5.7493 7.2703 27.4619 10.833 24.5959 
15.3381 18.5369 23.2232 19.2296 22.0332 16.7131 6.9567 1.5223 10.3486 26.178 17.3088 9.3081 14.3916 18.3019 29.713 24.3601 16.9651 23.7673 22.1241 8.2938 
16.7606 16.8059 17.4205 17.7761 19.3435 12.7963 4.6968 4.9433 9.4616 18.2549 19.1427 7.3332 17.7118 17.8679 22.8727 16.5641 16.6373 26.3651 19.65 5.9515 
30.8749 9.531 15.1315 10.2182 0.7335 8.0729 17.3504 26.3715 30.6857 23.5859 29.2037 21.0952 20.7125 24.1835 5.8655 10.0134 9.4829 26.929 16.6438 21.2299 
10.6473 15.8981 17.6448 18.3021 22.3504 15.9281 7.0959 6.8273 8.547 17.3045 13.4271 3.8335 17.8173 23.6449 24.3008 19.2066 14.3447 22.1761 17.7796 2.416 
10.5036 29.6836 9.4907 16.2711 23.8843 18.5928 22.7597 23.976 21.6754 1.2714 9.6861 14.4402 39.5718 39.734 23.1199 11.9434 14.8233 6.0475 7.7266 18.3519 
9.9901 31.5874 12.0959 14.391 24.444 24.7859 20.8127 26.3247 19.4945 4.1649 5.9834 13.4796 37.9565 41.682 24.3741 15.4277 16.0692 4.2515 10.5631 15.5529 
27.0978 13.0123 25.6693 25.4548 24.7033 18.4372 13.233 14.6292 25.0186 32.7444 29.8525 18.433 5.0071 4.5801 31.061 24.4861 19.6752 36.5542 30.6951 20.3654 
24.2406 10.5452 21.394 19.7891 20.1477 15.4488 6.8872 9.1853 21.5508 27.0011 24.0458 18.8753 6.832 9.8449 24.8511 20.031 16.128 33.4642 22.4624 14.3751 
8.3487 24.9347 9.4335 13.0202 23.1733 20.0708 17.3222 18.6442 14.6761 5.8583 5.2411 8.0634 31.9955 34.4835 21.2996 13.2348 13.0496 9.2777 6.666 11.867 
25.8967 19.0177 5.7994 7.0032 10.3311 14.4786 19.7012 27.2439 28.2557 13.5171 19.024 23.1497 24.417 32.2948 6.9101 4.7182 9.5779 25.4152 10.5313 22.1672 
18.035 26.9931 5.7923 10.3957 20.7887 21.5823 23.8586 25.1317 26.5621 5.423 16.4762 19.7896 35.3566 40.7026 16.6632 11.2726 12.8589 11.2604 4.4974 23.9167 
27.7905 6.1769 15.4042 8.1568 3.4596 4.2398 14.4633 23.4461 26.0228 24.4034 23.3288 20.7643 15.6417 20.0265 8.7342 8.8986 8.0242 31.2034 14.5077 22.5791 
26.1955 1.6811 18.906 11.7101 10.244 5.0256 9.2792 18.8306 23.0015 22.8181 22.3887 20.5918 10.8922 14.064 13.48 14.259 12.786 27.3989 21.4297 19.7646 
9.2601 21.3815 22.1181 20.4961 26.6899 18.9115 12.6343 9.0948 3.7888 21.2843 12.9907 6.3692 21.852 25.2477 26.2101 18.7024 20.5042 18.1541 20.0839 2.9976 
3.6799 29.6946 19.46 24.4539 31.4059 27.1701 17.0162 17.8164 8.2508 14.932 6.3236 9.4712 29.634 30.8976 31.6976 20.3246 22.9638 16.3218 18.5895 8.0259 
14.7657 16.3298 5.0556 5.4407 11.661 10.8553 11.7599 18.1849 20.7842 9.5229 14.9948 9.7089 21.5124 23.8785 13.009 5.1014 3.6078 19.4809 4.5227 12.7509 
11.5915 13.7749 13.1311 11.8431 17.9396 9.6712 7.221 12.9188 13.8234 13.4635 13.3262 6.2353 20.7168 22.5358 17.7075 10.5899 7.0114 20.6992 11.9799 7.4393 
2.4981 28.0143 18.5364 21.3339 23.4171 22.6027 15.3661 15.7322 9.0251 13.4491 4.7587 5.7492 31.7361 30.0394 30.4733 21.1046 17.1268 13.4413 13.4054 7.0993 
0.2891 27.8388 18.2274 20.0431 31.3942 22.4361 20.0927 18.551 8.8993 11.2237 3.4282 7.9996 31.4242 29.1036 26.5755 21.498 16.1966 11.4519 14.836 10.1522 
27.3706 14.0005 9.7037 5.2642 3.955 9.1759 15.0773 24.7245 25.6742 20.8384 22.7491 19.3629 24.0075 28.2056 4.0205 6.6873 8.2075 26.9034 14.0459 25.5533 
14.6516 13.8377 8.2623 5.9619 13.3012 8.1116 10.1652 16.682 19.6798 14.5963 13.8141 10.7591 22.0259 26.9642 14.7071 7.0733 3.1753 22.2727 8.4227 13.9481 
7.8179 27.8066 25.8261 27.1384 33.7911 25.2495 18.3819 14.6435 4.2512 18.5151 12.3226 10.0343 32.9296 35.0886 39.18 25.3074 22.3121 20.7549 19.0662 9.2332 
20.4243 25.2109 6.9366 10.448 18.4847 16.481 25.8333 33.0519 27.2517 10.2442 18.3655 17.8402 39.3022 38.5112 13.7734 10.7104 11.8533 14.6326 7.8327 26.7444 
7.4677 23.8462 26.3785 25.197 29.7918 23.1907 14.0919 10.7036 1.831 17.1159 10.6445 8.6719 31.884 31.7582 34.9721 24.9783 24.285 17.11 20.7838 6.1426 
16.6371 27.7714 10.4381 14.4105 25.6457 19.5151 26.425 30.0906 28.2903 4.8163 12.0334 18.6974 36.0384 42.267 22.2193 14.5702 15.1637 10.8812 6.767 18.6628 
0.5239 27.2501 18.0977 17.3515 24.6507 25.1104 15.9504 16.576 9.8976 13.5755 3.1365 7.79 34.9761 33.8973 25.3367 18.5421 18.866 12.8543 13.161 8.4203 
29.8124 15.3103 13.306 12.0943 7.9584 14.9687 26.354 29.5672 36.405 22.0952 29.4228 28.3432 24.1059 34.648 1.5966 12.0327 13.4032 30.3193 15.9148 31.9373 
26.7708 11.1062 22.6549 18.0937 21.5971 15.1008 7.236 10.8695 21.0688 29.5829 23.3291 15.9183 7.7201 9.8004 26.4637 19.4005 17.2992 29.3431 26.7826 16.9389 
18.717 16.1213 21.5327 19.1946 23.9483 14.3489 7.4347 3.4174 13.3394 27.7496 20.0229 12.9935 12.7356 15.3549 28.6697 23.1591 16.6775 27.6365 24.7451 9.4112 
24.635 9.2998 20.9586 17.9736 19.0572 8.928 4.2942 8.9966 18.9157 27.9578 23.8037 13.7488 7.7812 11.4727 19.3701 20.4215 16.3221 27.1821 20.964 15.1118 
6.5585 29.8909 23.2016 25.4102 35.6731 25.2459 20.4565 13.8833 6.7214 22.1038 11.9521 11.3843 34.8285 34.776 34.8099 26.0726 21.0943 19.9777 22.1632 10.2978 
16.3452 24.285 4.7656 11.2327 16.7017 18.0493 22.1523 24.7414 23.6372 3.8695 10.8107 14.5514 33.4695 34.463 16.2628 9.8296 9.9455 10.7234 2.2848 17.9729 
3.3149 33.24 18.4164 20.1058 26.3761 27.8714 21.6484 23.4792 14.2825 11.9522 3.232 10.3349 35.7618 32.844 29.8586 22.4351 19.819 9.6783 14.2254 14.9957 
17.0826 21.0097 5.1207 9.02 17.4036 18.8908 18.4527 24.1335 22.8929 4.7281 12.1911 15.6821 31.0092 38.9007 18.8843 9.1695 10.8517 12.8552 2.1237 17.0369 
22.5114 5.1364 22.9949 17.7708 13.6277 9.2175 7.0242 14.4652 21.8842 27.9541 23.0785 16.9356 6.9448 10.7188 23.5193 19.137 14.1525 30.3656 23.0043 17.6022 
15.8746 31.4289 30.7359 30.3028 34.0815 33.0219 24.4967 16.1442 6.904 26.3321 17.2906 17.9474 29.9911 29.6056 35.6198 27.7336 26.9717 27.357 31.6926 12.1524 
18.4293 6.9673 17.1697 12.9644 14.9744 5.7511 4.0033 12.2307 19.498 20.7399 22.6465 13.1171 12.6028 14.0835 18.5162 14.3185 11.1448 25.7888 18.1486 14.4958 
25.9528 8.4557 22.9177 17.9153 14.8648 10.579 5.088 11.2143 21.6384 22.9897 23.4096 15.8458 8.8612 11.3788 19.379 17.0109 15.72 33.3189 23.2221 15.6651 
27.6847 6.529 20.4099 16.4067 13.6318 11.9549 11.2501 15.3802 21.9514 29.7736 31.0598 18.2275 5.4777 7.0934 24.5605 18.8529 17.7322 35.5368 24.6763 19.2438 
9.4161 24.6713 19.0927 22.4971 27.8557 19.5616 11.3283 6.6721 4.4688 19.7676 11.5227 4.9098 20.3464 24.982 26.2937 19.3182 15.4679 21.6096 20.3285 2.5155 
8.0059 29.2095 26.0489 23.4813 33.9673 24.2664 18.4054 13.0265 3.957 23.2423 13.9313 11.0529 31.0217 35.0238 36.4419 28.2843 27.1311 19.4561 21.4535 10.4463 
14.6604 29.3107 12.0015 18.2918 23.5178 23.922 25.5285 32.6457 29.3359 5.6482 12.7601 20.8061 40.7708 47.8214 24.4119 16.3368 19.4684 7.4835 9.8038 24.7688 
24.426 2.1047 19.2927 14.7126 9.1032 5.081 8.2017 15.189 22.7822 22.7091 26.0064 15.8782 10.2657 14.0871 14.9659 13.8616 13.001 27.7799 20.2772 18.9114 
9.5681 32.0967 28.0436 27.3525 30.2673 23.5608 15.5992 11.8851 3.5821 22.0317 14.4417 11.3659 30.5123 28.5615 33.6185 24.7544 24.8977 19.5364 25.2431 8.7192 
4.9894 26.0053 13.8342 18.7438 28.3581 24.2925 22.2066 19.3401 16.4645 6.2454 1.8601 11.375 35.8205 33.2848 26.5602 16.6045 17.4048 6.479 11.872 13.9549 
24.9769 18.7938 24.2717 22.6075 28.4866 17.9563 11.8024 9.0492 18.9606 31.4952 28.4804 18.9295 9.5709 10.7168 26.5527 24.4915 23.2331 40.3763 32.5445 15.6257 
12.8121 30.7781 27.1656 27.6595 35.9841 31.0179 20.2508 15.5081 7.6379 29.8696 15.5427 15.8174 32.8608 33.4712 40.4469 34.8332 26.784 27.7426 31.0833 11.7532 
7.4499 19.7601 16.9027 18.5968 22.646 16.8293 9.3741 9.6948 7.7626 13.9511 9.8437 2.0733 22.8644 25.6729 23.0243 17.612 14.0799 19.5209 14.2548 1.6432 
2.8 30.7902 19.5482 19.662 29.2133 28.2196 20.0089 17.4119 9.5558 14.6054 4.5288 11.3093 34.4171 36.5787 32.1112 23.5042 22.391 13.0203 17.0353 10.6348 
25.4861 16.6887 5.8453 6.8886 8.7346 14.6207 19.3902 31.8817 32.6471 16.871 21.7174 22.5042 30.8363 35.6783 5.9858 6.3541 8.2001 23.2525 9.6339 20.7335 
22.5398 18.9243 4.4908 5.1242 11.1638 11.7918 19.7169 29.3365 28.4445 10.6062 19.1945 16.5761 32.8795 31.6392 8.5749 4.4477 6.9544 19.5738 6.8841 23.1965 
19.9862 19.1809 3.6132 4.6741 12.8736 11.2457 17.9569 25.211 29.0733 12.9877 17.3229 19.5632 31.6942 27.0643 8.6102 3.3401 7.8421 20.3854 7.1377 21.2958 
35.1448 11.158 14.4064 10.3194 2.8737 11.9066 22.8727 25.3092 34.7297 26.4211 27.6849 25.2026 23.5653 24.2218 5.2692 11.0646 14.0096 33.9383 17.6847 23.6431 
6.8523 21.2184 12.5649 15.0105 25.8566 17.5468 18.1271 18.4281 15.332 7.2815 3.3559 8.4877 32.7496 28.4145 22.0548 14.6165 13.1773 9.0229 9.963 11.4647 
5.0151 25.1733 16.4435 20.2561 26.8509 18.3213 14.1097 13.1493 7.0452 12.8807 6.1999 3.6853 27.8348 30.3631 30.1501 17.9383 14.0401 16.45 17.4477 4.4572 
6.3031 23.3799 19.5771 23.2815 31.396 23.8264 14.8342 13.7414 3.7745 17.9067 9.7488 8.491 25.5545 29.5469 33.6787 22.8031 17.6268 15.5105 18.72 6.6936 
13.5107 11.9463 8.5027 7.3789 12.9596 8.7637 8.7901 16.5096 15.0336 13.138 13.6704 8.3995 20.2139 22.5666 17.2385 6.8484 4.371 17.6306 9.9865 10.3939 
15.1374 23.0046 5.4106 9.2837 16.3796 19.5188 20.6882 28.8567 22.159 4.5742 12.5678 14.6826 34.6707 35.384 14.8169 9.6086 11.1357 11.7534 2.5403 17.2722 
7.2185 22.7954 17.3991 20.8839 29.5032 18.4307 11.4446 9.7619 3.9116 15.6352 11.6183 4.3381 22.9707 23.7646 26.9633 21.4914 18.4156 18.1559 20.3276 3.526 
13.2219 35.2535 14.8035 16.8572 24.6354 23.7639 23.702 25.815 24.3636 6.3676 12.0426 20.6519 44.4883 39.8925 24.5628 20.5128 19.0948 5.6286 10.6984 19.9654 
25.421 12.1724 27.0968 24.2281 22.6894 16.0132 11.3706 12.3275 23.5461 35.2104 26.0603 18.374 4.9826 5.2335 29.7101 26.3561 23.64 41.6135 27.171 18.0943 
16.9017 14.2972 13.3622 12.565 16.2435 9.4772 3.2256 9.487 14.1787 18.345 15.9184 6.1756 18.1518 16.9274 21.5068 13.8362 10.5744 22.0762 15.2425 7.0057 
14.9512 12.3397 6.9145 5.6157 14.6352 7.7227 9.4567 14.797 16.6931 13.715 13.4557 9.4097 23.5599 22.8426 16.7835 7.3739 3.3767 17.935 9.6588 10.2023 
25.8928 7.4825 18.4222 16.6161 18.4984 8.5575 4.9985 9.4985 18.7892 22.9462 24.7361 14.419 8.7953 10.2664 20.2412 16.6027 13.0835 30.4609 21.8591 15.9177 
27.0513 4.1758 21.7644 15.7 6.9948 8.1578 15.8297 22.7112 28.8101 26.5596 30.5164 22.511 14.3321 16.8111 14.4492 16.0046 11.9177 32.4483 23.4566 26.1401 
19.2405 15.5687 1.6311 3.7824 11.7132 11.8852 16.5085 23.103 23.3313 10.6548 16.1837 14.7031 30.0227 33.3285 9.9176 2.0219 5.0003 18.4496 4.426 17.7834 
8.2817 26.2182 9.2893 14.4209 20.9153 16.5032 16.7641 19.5317 16.3042 3.5718 6.3347 11.8821 30.1678 29.5723 24.298 11.9773 11.8529 8.0749 6.3393 12.1946 
23.309 15.5869 25.7939 21.2187 24.8641 18.8683 11.9249 9.4567 22.7623 30.8235 25.2834 19.212 7.9717 7.5077 28.9573 22.6836 22.5083 34.0579 29.1745 18.9546 
19.5028 19.4923 1.8612 3.6137 12.5118 11.1705 15.0456 19.47 22.7668 9.0862 14.4969 13.6351 30.0001 33.3524 11.4712 2.5717 4.9979 20.1037 4.0972 19.1675 
32.3325 9.4866 27.141 22.7111 20.057 13.5712 10.889 17.0066 26.0281 30.5332 29.1767 25.3639 0.9378 3.4409 27.684 27.0232 18.4358 33.8741 31.3432 18.4578 
6.7996 19.3109 11.7757 12.9113 21.3967 16.8255 11.506 16.0755 12.9096 8.7988 6.6611 5.3229 29.3991 31.2195 20.902 12.4494 12.8641 14.0127 9.7607 7.0267 
30.0772 18.9449 10.3869 9.2104 10.868 14.6154 20.5904 31.9724 30.1627 14.916 21.4556 21.9932 27.9267 29.7062 5.2714 8.1442 10.2961 25.3735 11.4964 22.6756 
18.7802 13.2338 26.2987 19.9746 21.4311 14.8055 5.54 4.8531 13.8441 29.6199 25.2624 14.1747 12.322 14.7237 24.2442 23.1389 15.7313 33.9784 20.8968 10.5359 
15.1865 27.6761 30.9578 31.2295 33.5363 25.5728 16.4099 5.9549 8.7464 24.7159 21.2682 14.1224 22.5035 25.325 31.3463 28.833 23.2899 31.5913 23.7293 12.1253 
25.3219 13.5208 22.397 22.5815 24.1973 13.8784 6.9528 6.9954 15.7538 25.378 25.4185 15.4747 9.7714 11.23 28.7398 23.1302 18.5227 34.6553 26.9073 14.8355 
34.3476 7.1372 23.9243 18.8354 15.4794 12.9246 12.6713 21.1783 28.614 32.4063 34.9822 22.8682 4.7589 7.6775 20.7833 22.7162 22.5854 44.4849 31.6504 23.3537 
7.2475 34.8157 17.4462 21.5978 24.955 28.4088 26.4761 22.8733 15.4984 6.7399 4.9331 12.1316 39.7273 34.7139 28.4932 19.7165 17.5586 3.3684 12.4486 16.069 
24.5031 9.0708 14.2894 9.3047 0.7343 7.5847 16.9328 27.5717 27.7513 21.5275 24.8691 19.6386 22.4006 25.7149 5.6862 9.9753 11.6812 28.6333 17.6553 23.3795 
16.6979 24.888 8.1929 13.8306 22.6749 17.9734 25.8358 28.7936 22.6802 3.1626 11.3491 17.6458 32.1736 37.3386 19.6089 11.1567 13.318 11.186 5.5067 18.7313 
22.7993 14.3787 6.775 1.2445 6.7031 7.0775 14.558 21.4097 22.9026 16.0781 19.4806 15.4548 25.1923 26.5032 9.1563 2.8877 2.738 24.4209 10.1949 18.5003 
14.146 34.6315 29.0687 29.1445 40.1992 24.5006 21.2283 13.6978 5.5013 26.6539 15.2274 14.6782 32.5747 30.0826 42.6102 25.838 23.1747 24.3626 23.9709 11.229 
7.0845 28.6093 23.4642 26.0908 31.7462 21.6081 15.5711 16.4378 5.0704 21.0111 10.5248 8.784 28.7802 29.4133 37.9217 23.318 19.7654 19.6458 21.7452 7.996 
20.4916 26.2239 5.1881 8.7658 15.0117 17.7049 24.4619 27.2857 26.1639 9.232 19.4981 21.2269 35.0819 37.4745 14.5649 8.6731 12.3762 15.5729 6.3658 20.0334 
15.627 18.0523 3.9258 5.1959 12.9185 11.8302 13.4945 21.9732 17.3368 8.4508 11.9925 11.6911 23.8224 28.9605 16.6339 5.1802 4.2439 15.6733 3.5572 13.6822 
14.7165 15.2475 18.8752 14.7999 23.8026 15.1964 4.4295 5.0266 10.4614 22.3172 18.2682 6.2228 18.2272 20.9271 22.9865 16.2369 12.6801 21.61 18.2405 4.9561 
17.0414 22.1612 4.7418 9.1102 15.5691 19.2855 22.1851 27.9386 26.8792 5.5347 14.8303 15.6647 29.8981 32.4042 14.4241 9.9903 9.9219 11.9391 4.0194 17.6852 
23.7892 0.9157 19.4933 13.4511 8.5408 4.8467 11.1188 18.9932 22.5402 26.654 26.9805 20.1336 11.6904 14.7448 15.5343 12.9027 11.3571 33.6107 18.9222 22.9781 
25.6604 4.679 19.9587 13.3868 15.2611 7.6215 8.0761 13.4792 21.7166 26.1726 24.5859 14.5155 8.5883 12.0775 18.0436 14.6771 14.5577 32.2524 18.3012 19.16 
26.7853 13.3204 30.3886 21.6011 24.4203 14.5541 14.7957 16.2518 23.9675 38.1626 36.7141 20.3633 2.0919 2.86 29.901 29.0689 19.8978 42.9338 33.253 19.7849 
20.6623 27.5604 29.2247 29.4029 32.428 24.3578 14.0306 5.3847 9.4544 24.7188 20.6255 13.2428 23.8326 22.705 31.3769 29.238 25.168 29.6798 24.5134 9.865 
23.8423 6.3156 18.4736 14.777 16.3658 9.3901 7.4501 13.5205 22.1508 29.8907 22.3018 17.5988 6.9743 10.3423 22.1746 16.5713 14.0908 27.9196 22.2068 17.5981 
12.4923 15.9027 16.7625 14.7854 21.7421 14.4606 6.3922 9.9266 10.6845 16.8504 10.5494 2.6599 17.4522 25.7374 25.0299 13.449 11.7536 17.11 14.7226 4.1728 
10.6681 23.8189 23.5632 25.3068 32.6934 25.5148 14.0168 10.0654 2.1626 20.3401 14.4173 9.7877 26.2519 29.201 31.3288 26.3315 23.6477 20.0028 23.6721 7.7021 
9.1125 21.4928 8.4045 11.5229 20.6693 15.1127 13.5857 20.145 17.5443 6.2958 7.662 8.5299 29.1993 33.1342 18.9609 9.0005 8.6382 10.9223 6.7122 10.0967 
19.5689 13.0729 6.486 2.6923 8.8954 6.2088 12.2937 16.738 21.4026 11.897 16.0925 14.3392 24.3132 23.0341 10.0226 3.6986 0.545 19.2978 7.9553 13.9036 
13.8348 15.4061 6.263 6.0733 14.6986 7.9935 12.262 19.7328 20.9989 11.876 14.5258 8.5284 23.7366 26.3725 15.5513 5.2084 3.0472 20.0101 6.6721 12.5027 
16.0209 23.0918 20.2312 24.3047 26.2759 18.5255 8.5276 2.7585 7.7 25.3049 16.0941 7.8146 21.9219 19.7961 31.2079 20.3344 20.2611 24.5238 22.6687 4.9598 
26.3712 1.915 15.9725 13.0864 10.3936 4.9501 10.4681 15.3197 20.9289 27.9792 28.0816 15.6989 10.9393 15.6447 15.9667 15.0959 11.0467 33.6542 18.9999 19.4176 
16.3149 36.17 28.1414 32.2024 33.4571 27.3428 22.6693 14.1878 6.3885 28.1056 16.1741 16.0134 29.1013 28.7672 37.6939 32.8538 24.8646 26.9233 28.5518 12.5039 
12.5654 16.9405 15.7259 13.273 17.1461 10.6885 6.3686 9.2548 10.6965 15.9436 13.7455 3.3532 17.1389 20.1837 19.3584 11.9337 10.6454 18.6168 13.905 4.3289 
20.8642 10.0813 8.3877 2.7546 5.9386 5.4998 11.8184 21.7852 22.3101 14.9937 19.1297 14.2843 19.7191 26.0028 8.9117 4.4667 3.7932 27.139 10.7091 18.807 
16.3362 30.632 14.9718 20.0706 32.9607 30.566 31.9467 36.0631 25.4714 8.2874 12.4043 18.5469 37.8581 43.566 32.1948 18.6175 18.4936 4.67 14.6235 22.4721 
17.7173 12.3264 15.0888 10.6698 13.0723 8.1016 2.7965 9.5258 16.7009 18.6395 18.4562 7.6959 16.4061 20.9802 18.3812 11.626 9.4261 26.6452 16.4226 9.7279 
20.3551 11.9802 7.21 2.8994 8.3351 4.8693 12.6815 19.4619 23.1686 13.835 18.7627 15.1419 18.196 24.8296 10.1234 3.4721 1.607 21.6581 8.5776 15.8231 
4.7959 25.4924 13.0657 15.7295 26.0152 19.0838 16.5243 16.2814 13.8403 7.9791 3.4066 7.3751 32.7301 31.2251 23.9897 13.716 12.2934 11.8117 10.2095 10.5678 
11.3707 23.3456 10.1677 13.6994 21.0198 21.2851 19.7062 23.7784 16.9148 1.7988 8.4108 12.1621 30.6552 35.5342 19.0659 11.6945 13.9583 8.1264 5.9751 15.5561 
17.6081 9.4964 8.7147 4.5413 9.6173 5.1676 10.5189 14.9909 20.8311 17.2674 19.1559 12.538 20.0619 22.3921 11.2605 6.7548 2.3754 24.9392 11.5898 15.9093 
30.5548 2.0983 18.5437 12.171 7.8756 5.7012 14.6308 22.9493 23.4424 24.729 24.5094 19.5868 11.7365 16.0261 13.7838 15.4799 13.3347 30.3154 21.5574 19.9939 
38.0762 16.4014 15.398 14.7598 7.8527 15.1342 24.7266 37.6285 34.629 24.9239 28.6301 31.1193 26.827 29.8187 4.1565 12.2815 15.2178 29.7801 17.8592 29.3026 
16.8068 30.6575 17.4746 19.3256 29.1317 29.5986 30.9556 32.101 24.275 7.9013 13.1938 18.6887 46.3095 40.6884 27.6357 22.7034 21.5238 3.5344 15.2109 20.5976 
14.9538 13.5916 12.3913 12.5539 18.7334 10.0546 4.7351 9.6304 14.2203 17.5186 16.0512 5.833 18.7431 22.5578 17.949 12.5861 9.6927 23.3333 13.2177 6.4557 
11.2383 32.6878 13.8372 16.694 28.2565 21.144 20.6127 25.1084 21.7599 4.5284 6.6308 13.3785 33.5386 43.9132 25.4739 17.0606 18.2382 3.5165 10.1341 17.2878 
6.6001 23.7005 11.6767 14.6798 21.1967 19.2397 15.067 18.8033 15.9535 7.5877 4.9821 7.2711 28.7955 28.4386 23.8288 13.7421 10.6518 11.9417 9.0454 10.9783 
24.0217 5.0165 15.2848 9.5203 5.257 3.8129 14.0907 19.1874 27.4418 24.5878 24.7217 19.2671 14.6948 20.5195 10.2743 9.3883 7.891 30.4832 16.9404 19.3371 
13.3961 14.5368 7.893 8.8083 15.3268 11.2667 10.913 16.7864 14.6959 11.6427 12.4283 6.5228 20.8809 27.0921 20.3125 10.1908 6.5473 15.6747 8.5995 9.7648 
32.7923 9.0383 18.5501 14.3343 5.6558 9.9615 18.7562 30.1642 31.6956 23.3833 32.1836 23.9632 15.9088 18.7301 11.0079 13.5458 15.5438 39.0914 21.3395 26.5315 
24.3735 19.9185 5.1437 6.8423 13.1125 16.1223 20.3436 29.2709 25.2834 12.6048 18.805 20.4655 27.3721 29.4495 9.0481 6.3092 8.6987 22.0418 6.339 20.0512 
34.6784 11.6301 27.2981 27.6537 23.2077 17.3535 14.8153 19.4249 24.0374 35.0381 30.0395 22.048 2.6902 0.8043 26.2466 26.1892 21.008 37.0038 34.2228 22.2709 
6.6521 23.5686 14.3678 16.6547 24.4867 20.9437 18.2238 20.9388 16.3981 6.6115 2.3236 9.44 36.8519 37.9158 28.6534 17.3303 16.9648 8.0417 9.0767 12.0182 
21.9985 26.2149 6.4438 10.5778 13.6336 16.0183 25.4638 29.2986 30.8724 11.7428 21.1352 21.6693 29.6544 33.4321 12.3476 8.6226 10.6983 18.6715 9.4818 25.1194 
9.7657 26.8185 24.3 31.0158 34.3696 24.6714 19.742 14.3788 4.256 25.6384 15.2997 12.3051 27.5486 29.4189 36.7329 24.9298 25.2573 21.7149 22.2792 10.3442 
19.7209 13.1706 22.5226 15.8199 21.9764 12.7332 2.3973 6.2941 14.0598 22.2991 17.1733 9.1972 14.9475 13.4105 22.336 18.6685 13.3341 28.2733 22.9319 9.1383 
28.6066 12.8637 12.587 7.4943 4.4063 9.5629 20.0774 32.3566 30.0577 18.631 23.0767 21.9096 25.2324 24.4492 1.3566 8.841 10.7728 31.5692 16.7589 27.4609 
15.8037 14.7504 6.6266 3.6181 10.315 7.9909 12.2058 19.8547 20.6017 11.8533 13.0788 9.8522 24.4809 24.0259 13.8659 4.6089 1.7186 21.5473 6.9264 15.9354 
29.2862 3.5419 20.4819 15.4538 10.0835 7.8358 14.8018 24.0268 27.4824 31.251 28.1296 24.9318 12.667 16.693 15.4727 17.5351 16.6282 38.1422 20.5682 22.2937 
32.4855 12.7573 13.7236 9.7072 5.1319 12.1341 24.2363 27.3997 30.3811 22.3434 32.0031 22.8085 25.695 29.8902 1.5916 11.2716 13.6901 30.2913 17.8976 26.1459 
29.7803 12.8902 24.1735 21.5648 25.6833 17.4239 9.9797 10.7805 21.0522 35.2959 32.896 19.9124 6.4296 6.1726 25.5826 26.9255 24.465 40.0619 25.9298 18.3908 
33.7626 6.4935 18.9324 13.8302 6.297 7.8831 18.2296 26.1768 28.4455 29.5778 34.3551 24.9348 14.3675 17.3788 11.598 15.5166 13.0248 33.5543 22.2542 21.9918 
18.5504 14.6422 2.8227 2.8813 13.0877 9.8034 13.3991 21.4933 20.5366 10.0031 15.0924 11.673 22.4612 29.1821 10.6594 2.4323 3.3998 20.2662 5.1591 14.2502 
24.089 11.7738 6.3618 2.8233 5.919 7.404 15.273 24.6903 23.0804 15.4861 18.3094 16.064 22.1578 23.5622 7.9831 3.7992 4.0684 20.7117 8.8557 20.1617 
29.7177 11.9005 29.9473 20.5703 21.2931 16.201 12.9476 11.9978 21.5658 32.5616 30.2986 18.768 3.0858 5.0823 23.8747 22.198 19.1155 40.6812 25.6657 16.7782 
21.6364 15.2181 26.9311 23.2976 24.9753 17.4424 9.9197 8.0907 16.5756 27.6557 26.0829 16.5272 10.604 11.295 31.5444 20.7718 18.6973 38.3206 24.7233 14.6217 
24.0435 18.1856 5.7027 6.256 11.7355 16.3173 23.1034 27.4884 33.2349 13.314 24.3896 19.1174 28.6342 30.797 8.5537 6.6685 8.4085 19.4339 8.3376 25.2207 
24.2922 5.6543 17.1189 12.0135 9.2494 3.1262 6.5977 16.2741 22.0447 19.9659 23.6851 15.9137 13.5415 17.6793 16.6294 10.4602 8.9522 26.6427 18.2396 14.1394 
19.0941 28.6576 11.4406 16.1204 20.9274 24.7503 28.8397 28.2776 29.182 6.7371 12.9014 22.5241 35.6394 38.5627 18.8062 15.061 16.9311 11.6489 8.5433 26.3136 
17.3136 9.2425 12.3745 7.7636 13.0752 4.7234 5.6127 12.6162 16.8298 20.2631 20.6259 10.7389 15.0164 18.8936 16.332 9.9351 6.3939 25.1494 15.298 10.689 
26.7127 13.9345 10.47 5.0224 3.9435 9.6697 16.6791 27.3694 25.0571 19.2526 22.2512 17.3653 26.5221 28.7045 3.9198 5.4283 7.8828 24.1749 12.6103 23.6954 
19.7161 15.1086 22.1252 19.5051 22.6279 13.3157 5.146 3.2277 14.0311 25.6082 20.9477 9.6276 14.5158 15.155 28.4997 17.5049 15.6979 28.5099 23.0321 7.4959 
10.7093 17.012 9.8546 9.4748 16.8341 11.8414 11.2471 12.9798 14.1662 9.8371 9.2972 5.0694 23.7607 24.2152 17.6836 9.3517 9.4673 14.0017 10.3299 6.9697 
14.284 33.6818 34.0838 30.6409 35.6764 25.8017 20.5102 13.4076 8.3544 30.7456 18.2479 16.3913 28.7908 28.5472 41.5208 32.5783 30.6011 25.7527 26.6374 14.6022 
26.7868 6.5271 25.6213 20.9541 14.1783 12.2044 14.9336 17.065 28.7389 28.6375 33.1422 20.8644 5.5417 6.8673 19.0917 23.0396 16.8185 35.7663 26.1961 24.8875 
28.6871 7.4504 21.7164 18.2242 17.0372 11.1693 10.8143 13.2823 23.6682 26.4509 24.9279 22.3047 4.4995 6.3458 22.8852 21.1361 16.5296 33.565 26.6701 18.6766 
27.2424 3.188 15.9553 10.9882 11.5166 5.1084 8.9595 15.7758 23.0239 25.7624 21.034 16.3606 10.9533 12.7868 15.2738 15.6453 10.5404 31.4235 21.2018 16.0671 
24.4428 6.3354 21.8 16.3017 13.8221 9.3027 8.8691 14.681 25.7102 31.1528 31.5356 21.3781 5.4781 7.815 18.7735 17.6858 15.1551 30.7941 22.3202 16.559 
23.836 4.4866 20.2825 15.35 12.2311 7.0822 7.3134 12.4153 24.0053 24.6575 24.4749 15.4127 8.8484 10.116 17.1473 15.3199 13.9683 31.7135 22.2197 14.2229 
31.15 13.9595 33.6056 25.0565 25.3755 21.082 16.4124 15.807 29.367 35.7407 34.5532 24.9903 3.7093 0.6104 26.7915 29.0284 25.6747 44.9618 34.7448 23.8136 
16.54 11.2072 6.6439 4.1629 10.3287 6.3819 10.0251 17.1402 20.1585 13.2807 16.1974 11.5151 18.4058 24.7264 13.4595 5.6529 1.9697 23.5442 7.8898 14.2273 
15.5727 12.4188 18.227 13.9798 20.1451 9.4463 2.7704 7.6192 13.0678 21.7072 14.5154 7.4459 17.1065 17.9337 19.8856 17.1 12.2345 26.9973 16.4818 6.1958 
23.355 8.2902 12.9409 7.1838 3.6361 4.5339 13.6742 24.3956 27.8715 18.8748 24.7027 18.4302 18.0845 23.2628 7.7469 8.5391 7.9089 24.5572 14.0616 21.4139 
14.3671 26.1138 29.1221 26.5584 34.9212 22.5284 14.6324 8.6872 5.2416 24.4538 20.4218 14.2551 26.2142 27.0343 39.154 30.3587 28.9644 27.3413 26.7756 11.5432 
29.3319 0.7596 19.5498 15.4912 10.4675 5.9313 10.4509 17.4772 26.0508 29.9309 24.1672 20.5139 8.7068 14.6143 15.5894 13.8475 13.0043 36.671 20.9061 18.9574 
5.9624 31.6833 15.3752 18.7787 26.7618 25.0758 21.1625 21.9105 17.2747 8.058 2.2914 10.9446 34.0144 37.3411 27.1024 15.2681 17.5829 5.2545 11.7594 13.9592 
14.8539 22.2851 4.4429 8.7488 15.8452 15.3473 21.1278 22.197 24.288 4.4945 11.5043 15.6043 31.1689 35.0079 16.8856 9.0799 9.0572 11.8775 1.6358 18.1437 
4.3987 22.6418 20.6109 19.5301 28.1971 23.7695 16.391 13.7688 5.0253 17.3273 8.2843 5.465 25.5106 32.7662 31.4738 17.9205 16.9541 16.5457 18.2873 6.3498 
16.9972 33.1053 11.6922 14.7679 21.9285 25.6994 22.6254 31.2683 27.0108 4.7625 12.7098 17.48 34.6937 35.6985 22.7496 16.7839 14.6737 8.0824 9.5409 24.9216 
23.6261 15.8402 26.1987 24.0182 27.0476 20.837 11.3196 6.5386 14.9922 34.64 29.5192 16.6653 9.9745 11.3549 31.6078 23.0872 23.4192 35.4239 30.4668 13.1209 
11.578 18.8519 18.8274 17.8118 23.4992 18.5435 9.2128 5.2597 5.0618 19.958 15.4706 5.4237 21.7505 20.0171 27.4032 21.9341 17.9269 20.6025 16.748 2.5481 
16.6384 16.9117 1.5906 3.4752 10.8382 10.8029 16.3494 23.1869 25.5621 10.4262 14.4317 14.6554 24.5786 31.7211 9.5198 2.8317 6.0773 18.3149 4.8014 20.9384 
15.5016 29.169 15.7391 20.8051 31.2579 25.9993 30.3374 33.582 25.9115 5.9145 12.7497 18.6025 44.7324 45.2365 27.2671 18.1735 20.1013 6.6672 12.0801 23.5097 
9.5071 18.168 11.0953 10.8586 18.9806 13.5504 10.2989 12.1574 11.7662 12.6746 10.3344 3.5111 21.5107 22.4602 18.7465 11.8104 10.2747 18.5607 11.8996 6.2977 
6.1648 29.9471 21.0048 27.4722 35.0938 27.666 20.4559 18.104 6.8674 20.5512 8.7532 10.7555 31.2359 29.4908 37.012 25.0661 20.2014 17.1911 22.7987 11.5261 
10.0398 33.0793 16.093 21.3093 30.1473 24.8044 27.0538 22.9758 18.3277 9.977 5.9608 15.9962 42.6783 35.5517 29.8469 18.6375 21.7824 2.685 15.2913 18.2568 
23.3938 5.2782 21.0794 16.9779 15.8829 7.6636 7.161 13.1798 22.3977 25.1917 24.0461 16.5862 8.1599 10.1799 18.8074 16.5608 13.4982 33.3629 18.6348 14.6582 
31.1685 15.5052 10.878 7.7727 3.5744 11.5635 17.6215 24.4354 31.0605 19.4719 25.6968 21.1058 25.4485 24.2401 1.7881 8.1976 10.9512 26.1767 17.1761 22.1634 
32.039 9.7647 27.2046 22.4784 20.6633 12.985 14.5974 18.8685 26.7815 29.5445 30.6156 27.0059 1.9733 4.8336 23.5456 25.5752 23.0825 44.624 32.1926 24.8492 
13.3518 15.3455 9.4084 8.263 18.0966 12.3768 11.8409 16.6227 13.2355 9.9055 10.0751 5.59 24.5842 27.3092 16.7952 7.7209 6.4553 16.823 8.5174 8.5922 
19.9923 9.1033 12.8933 9.7587 10.6667 3.8702 6.1592 13.407 21.3883 17.1245 19.5012 10.6237 15.3048 17.1099 16.6638 9.7304 7.5466 27.8984 12.4673 12.44 
27.5014 13.2397 24.731 21.6268 20.5974 16.6436 7.7794 8.5722 19.6912 32.519 26.5435 17.3005 9.4982 9.5925 25.5909 24.9218 18.2865 35.685 29.4775 16.4007 
32.4009 12.2311 28.2673 24.6352 24.472 14.5364 10.6569 12.7726 22.5039 36.2704 29.6171 21.9066 5.0794 4.7748 32.5679 23.1936 23.7732 33.9325 28.3122 21.1891 
18.1463 13.445 23.0065 17.5905 20.1944 13.2988 5.8894 4.0088 14.3434 25.9424 20.7702 11.8586 12.9911 16.8599 28.7051 19.8594 15.2054 27.7389 24.479 10.5134 
11.5777 26.5034 8.6492 13.2366 20.071 17.7938 23.115 21.0443 18.1255 0.7333 7.3721 14.4733 32.2029 33.6618 20.9256 11.8244 13.8397 7.991 6.8658 19.1697 
12.3717 14.7259 8.8765 9.4567 14.2239 9.9359 11.5357 16.4691 13.0009 10.3016 9.203 6.7389 23.8866 27.1818 16.2251 9.6404 7.1543 18.1548 8.869 9.096 
18.378 18.5146 22.1003 23.6352 21.4873 15.1106 8.5249 3.7632 11.6669 30.0719 20.3771 11.7389 12.5399 14.1696 26.9219 22.9038 20.8413 31.2695 27.2518 9.8629 
27.8328 8.3392 15.9937 11.2254 1.5266 7.5489 16.8185 25.7911 32.0 22.5311 29.7135 21.2649 19.8572 23.7809 6.7644 10.0833 10.5729 32.5606 19.9499 25.3256 
18.1525 21.8374 2.3205 7.8578 16.3801 14.1623 22.6392 24.3636 22.8429 8.7278 16.0643 14.9295 31.0019 30.497 13.9648 6.1006 9.8538 16.4494 2.8634 22.4692 
35.9044 11.8686 32.3911 22.6902 21.4613 18.1689 15.4457 18.6373 25.6861 35.5477 37.0336 23.0357 1.9342 3.1953 29.0034 25.9316 21.244 42.481 34.7999 27.6012 
32.5527 12.7287 13.0086 9.1125 3.5343 10.7181 21.446 27.9561 31.9543 22.8548 26.6401 20.8255 23.8806 26.2482 2.4114 9.2746 11.833 33.8066 17.8534 26.4403 
31.6334 8.2955 15.8784 9.1151 2.4752 8.4097 18.5733 24.101 33.0587 27.5073 30.0393 20.1455 19.5724 24.2215 8.8272 12.7327 11.4069 34.9851 17.0739 21.4593 
26.2857 11.9338 23.1094 20.3903 20.8778 14.4158 6.9578 9.0439 17.5223 27.7703 22.2906 15.1717 8.2373 10.7014 26.5061 19.257 18.4468 35.6341 25.1865 12.5307 
25.973 1.5704 20.5907 16.0308 12.6018 8.5725 10.2945 17.9119 22.8749 23.4146 29.4734 19.7367 8.5098 12.6519 15.8848 17.4226 13.6604 33.0197 20.1592 22.1347 
18.713 29.579 12.1109 18.0393 23.0295 24.9963 27.4646 30.1303 22.249 4.8806 13.282 21.4768 37.3575 38.9579 21.6311 13.5688 17.5973 9.2005 8.8449 21.8262 
15.424 22.1362 1.1359 5.4489 14.5584 13.1472 16.9961 21.036 22.9561 7.6019 16.3732 15.8959 29.9401 28.1278 14.4161 4.3145 6.7499 16.1271 2.0427 18.275 
7.2504 35.5314 17.8978 24.2307 26.5369 28.3113 22.7207 27.5035 15.2085 8.4014 5.6202 14.7182 38.4681 43.5765 29.4902 20.4877 23.0275 4.3558 14.6437 18.4987 
36.5893 13.4928 35.3591 27.8003 23.4661 20.1769 15.3412 21.9391 26.1491 40.2882 37.27 29.6667 3.6777 1.575 26.0156 25.4 26.2889 38.6692 37.6587 26.7514 
32.3036 4.5481 25.6522 18.3477 13.7264 12.0823 13.5561 19.6846 32.2345 32.8346 35.4383 23.2803 6.6532 10.8213 18.3753 20.606 16.0489 40.3523 28.578 22.953 
18.8676 12.4196 7.6189 4.9602 10.1362 6.0295 8.3156 18.1085 21.7116 15.0469 17.8057 9.6779 17.511 24.0233 12.1648 7.1954 2.7942 23.6879 11.1207 11.406 
12.9724 17.0654 21.8937 20.9131 24.6923 15.972 6.719 4.81 8.0038 21.696 14.4754 7.0535 21.9672 22.0948 28.7741 19.8135 14.95 24.9171 20.8707 3.4212 
21.6257 6.3366 12.2013 8.3676 9.3322 2.571 6.763 14.8835 22.9167 21.852 21.4341 13.744 14.8573 17.7987 16.5418 9.1139 6.9821 26.9071 14.3032 15.8421 
16.3942 14.2838 10.4305 7.4753 11.8084 7.6664 8.6317 14.4194 16.9564 15.7134 15.9626 8.2571 21.7685 23.6398 14.2226 7.5671 3.9948 19.0508 10.6187 10.8422 
8.0459 21.9549 15.845 14.0493 21.1159 14.5659 10.0472 10.2127 8.3059 14.218 9.3468 1.0468 23.7759 21.6626 23.9657 18.2514 14.3863 19.4027 14.4145 2.0933 
21.5195 6.8948 12.1971 7.5406 5.0691 3.1089 13.1537 19.0576 23.1374 20.4954 25.0667 14.962 19.2588 22.6975 10.8139 8.9955 6.2387 28.4215 15.4914 17.8738 
13.4805 27.1383 13.2614 15.9001 23.0101 22.6837 27.4103 31.6541 21.4364 3.6638 11.7163 17.8168 39.0644 43.7768 20.9341 15.5346 15.628 7.3757 10.5186 19.791 
27.5024 3.3529 23.8873 17.8814 10.9489 10.3588 15.6846 19.3619 28.4651 32.3831 34.6449 25.9226 10.111 10.8606 18.5992 20.8815 17.9962 31.8344 24.866 26.0861 
13.9579 28.8219 24.1694 30.8805 28.8654 23.3355 18.0222 9.8099 4.1152 28.8592 15.6018 12.3142 30.7869 26.3635 33.2658 24.8488 27.7523 22.4399 27.786 10.7388 
28.0043 8.6351 23.381 21.8015 17.1153 13.9678 8.4601 13.2877 22.7151 32.7956 28.8547 19.8551 5.0911 6.695 24.6588 19.2133 16.0967 39.2174 27.9508 18.6728 
15.3363 26.3904 6.5939 10.8084 19.8319 17.7312 25.8636 29.2333 25.153 5.6122 13.2561 16.3928 35.5709 32.0625 15.7485 10.2135 12.2329 11.7695 5.2148 20.7842 
29.4169 3.7223 21.9707 15.6893 13.9884 10.2883 10.8196 16.3163 28.9082 27.9444 25.8218 20.4801 7.6723 9.3185 21.1753 20.6806 17.5605 30.8884 25.385 21.6772 
25.2569 1.9338 17.4556 14.4854 11.0124 7.3333 9.2618 17.4336 23.9123 26.9951 24.3664 20.7206 9.1068 11.2709 15.7618 17.3637 13.2141 32.3941 19.6322 16.7051 
15.0937 20.3967 23.4399 20.8084 30.2607 23.6491 9.8671 4.4685 6.957 25.7916 19.6646 10.9873 18.3998 22.3122 29.8594 26.7083 19.3039 29.2654 22.0121 8.2677 
21.272 14.3734 8.3165 4.7986 5.5821 9.2577 18.1708 24.5471 27.5361 15.1732 20.8029 19.7548 26.9254 29.9843 4.6822 5.6309 6.6273 27.2689 11.476 22.3979 
18.0123 18.765 23.5799 19.5409 22.6927 17.1692 6.34 1.4436 11.0558 25.2292 21.3729 11.5164 16.6811 15.7476 31.8938 21.3471 18.5918 28.027 25.0055 8.7232 
16.5091 14.6007 16.9086 19.7211 23.4018 15.3359 4.0641 3.8931 9.3425 21.6732 16.7058 8.2621 16.0852 20.6791 22.8436 16.2657 16.7001 22.3127 17.0213 5.8258 
28.0718 8.977 15.8742 8.1324 0.7311 7.4062 16.3895 24.1385 28.3387 20.2611 24.7042 22.195 21.6463 24.4836 5.1929 10.8434 10.2882 28.5389 18.3671 20.8001 
12.3566 18.5606 20.4148 14.9982 21.0557 14.3459 7.8025 7.105 7.0444 18.5855 14.0131 4.5889 20.7558 20.5221 23.7501 14.9594 13.5548 21.385 18.6246 2.5073 
10.8139 26.4089 10.9373 16.9672 24.5271 22.9865 22.9422 23.0106 22.9337 1.3352 9.086 16.3675 32.4248 40.1524 25.5196 14.9164 15.6899 6.2679 7.7636 18.4337 
8.5633 30.3394 14.1947 17.4437 25.0643 20.2209 19.944 25.022 17.5054 4.3193 5.5105 12.8169 32.2279 33.5394 22.0524 14.7722 15.4753 4.9473 10.4705 15.8001 
31.4785 11.8843 26.1834 25.4269 25.4441 15.9717 12.5133 11.9225 22.403 36.2157 30.8502 21.186 5.1593 4.7845 28.5607 22.8713 23.2905 36.6201 26.8761 20.6766 
21.8861 12.4011 27.6029 21.4809 21.8326 15.6852 8.4762 9.1773 18.2548 31.0249 22.7477 17.6407 8.5106 9.3815 27.5898 22.0448 16.9256 37.0274 22.73 15.3056 
8.5718 25.6876 10.6968 14.8392 23.789 15.3387 18.9305 17.2808 15.4817 6.189 4.9602 8.6616 34.0118 28.2621 23.8005 14.4106 11.6832 8.556 6.9761 10.9951 
25.2508 16.6334 6.9574 6.1936 10.1338 13.2245 22.2178 31.5838 31.6131 16.7385 20.3766 22.0569 25.8271 32.4657 5.6567 5.0354 9.668 24.7354 9.6243 21.5269 
18.1794 26.7738 7.0706 12.871 18.2859 17.3942 21.6386 31.6449 25.2132 6.3699 13.4372 15.9476 31.082 37.5626 15.3185 9.4429 13.9224 12.7191 4.7239 22.0014 
27.0694 7.0281 12.4056 7.8395 3.7994 3.9279 15.756 20.2141 30.8683 19.7028 25.9641 17.3719 19.1133 21.1277 9.4468 10.7863 9.6279 33.6148 15.0291 19.331 
23.7792 1.4845 17.2962 14.2935 9.679 4.983 9.2111 15.6189 22.3493 28.0363 25.9211 19.9533 11.0096 14.7143 13.313 14.9431 13.0925 35.1589 19.1857 17.3772 
10.068 22.3048 20.8515 23.499 23.4171 19.8512 11.6814 9.3229 3.6538 19.6341 10.8481 6.2406 24.3697 26.0809 32.6349 23.6865 18.2642 22.4607 20.4627 2.7105 
4.1735 28.6196 19.7093 23.5864 34.1092 27.6103 20.7759 15.8496 8.1927 17.399 8.2491 8.2602 31.2773 31.5761 34.1644 19.856 21.6682 15.4956 16.5407 8.942 
15.9397 14.783 5.1441 4.2182 11.7475 8.7901 14.0059 17.6746 20.9476 10.0704 11.7488 10.1534 23.4497 27.9546 14.5418 4.7843 3.2404 17.598 5.724 14.1761 
14.3798 13.2458 13.2101 9.5774 14.0754 8.8309 6.2962 11.8411 13.3769 15.1685 15.2496 5.2601 17.5163 24.283 17.5192 10.788 8.0079 17.4101 11.99 8.2582 
2.4491 23.2042 18.212 18.1398 26.2781 17.7745 16.5374 17.0255 7.8399 13.0377 5.1908 5.514 32.6042 27.8732 31.7201 20.5398 15.3926 12.5296 15.2259 7.8556 
0.231 24.7896 16.8655 21.0186 26.7152 20.0672 19.763 17.6465 10.3151 12.6371 4.167 9.121 30.9735 35.1052 30.8703 18.1174 19.3941 9.9446 17.0207 9.8367 
24.3957 12.5637 11.1331 5.9019 3.3838 7.6223 17.6001 22.3035 32.3693 19.3917 25.3303 19.4558 24.5461 23.7831 4.8605 6.2228 7.0439 24.8428 12.6966 24.5361 
16.8147 13.6871 8.9515 5.9327 13.6377 6.8652 9.39 16.1751 15.9465 14.1146 14.5108 9.4114 22.7728 24.7335 12.7476 5.7338 2.9221 17.8972 7.9086 10.8881 
8.659 29.978 25.354 27.015 36.0125 23.1233 20.4102 14.3503 4.7508 21.3323 11.3273 11.5909 34.4385 31.2362 30.5674 26.9381 25.0945 18.7922 24.5741 10.1446 
18.4084 21.8159 7.5357 10.8 17.8231 20.3028 21.2056 34.0829 31.2151 8.388 19.4416 23.1958 30.6298 36.5007 16.4461 10.6934 10.9704 17.4687 7.4147 25.9461 
8.1114 25.9355 23.1697 21.6624 31.5509 24.2421 13.9746 12.3386 1.7428 21.0127 12.9504 8.9231 31.155 25.8035 36.2488 26.6672 19.9005 19.9972 19.8865 6.3694 
17.6512 29.8958 9.5637 15.6999 19.8124 20.6908 27.4227 28.1248 27.9045 4.1598 12.3882 20.2914 39.0599 41.477 21.6257 14.1942 15.4576 10.0163 7.753 24.5962 
0.577 30.9015 17.4344 22.0929 24.5098 19.4708 19.0207 15.8868 10.8702 10.6119 3.1096 7.5331 27.8063 30.6495 28.7001 21.4061 19.3326 12.4962 13.119 9.6073 
26.9279 18.7342 14.0662 11.5763 7.5012 15.4944 25.8144 32.2333 39.3111 23.0061 32.3446 26.7723 25.061 30.8727 1.4153 11.1918 11.489 29.5081 15.1492 29.5418 
27.3389 10.6783 24.483 19.1601 22.3631 13.4744 7.6081 10.735 16.9744 30.3992 25.3388 17.5686 7.6043 8.4811 26.7556 21.4449 19.4772 31.7522 21.9273 15.7492 
18.4442 17.7867 21.7951 23.0421 27.0841 15.1836 6.9145 2.8749 13.0578 22.6638 23.3297 13.4748 12.5892 13.8267 31.4569 20.0404 16.6884 25.7809 23.9807 8.9842 
21.2597 9.4421 21.8261 17.461 15.2077 9.3524 4.6843 11.3949 18.6596 24.687 22.1097 16.5352 8.5746 10.9155 22.833 16.6779 14.8263 31.9826 21.9446 14.9506 
6.261 30.8263 26.1517 27.0216 34.3501 26.6647 19.455 17.2251 5.4739 17.3665 9.336 11.4911 30.0866 30.0273 31.3719 23.0321 20.0005 15.3675 19.3197 10.5034 
16.2186 22.5153 5.4782 9.0464 16.6239 17.4061 18.0828 24.5425 25.5548 3.8683 11.237 15.7024 31.1889 36.5221 17.6135 8.2717 11.062 10.8251 2.0317 17.291 
4.0634 32.6432 17.753 20.0995 30.3044 25.2889 21.9311 23.0404 14.6476 13.7277 4.1672 11.3728 33.8368 36.1455 33.1436 21.596 20.7362 9.5243 16.594 12.9536 
16.717 20.2575 5.3463 8.6012 15.8238 15.7712 18.7519 26.1988 24.0503 4.4143 11.1903 16.2268 33.6951 31.3975 17.2517 9.1013 9.0336 13.954 1.8307 17.1457 
22.4376 5.4945 23.0497 17.2666 13.2184 8.4218 8.8078 14.044 20.6418 26.374 26.042 18.0029 6.5793 8.7915 19.2453 20.4994 15.7787 34.0425 25.4067 17.9766 
16.4726 35.7471 29.7737 35.3917 42.1113 29.4464 21.1339 14.2291 7.2708 26.9644 15.9578 17.5924 34.3108 35.4196 39.0445 31.9276 25.0388 28.3426 30.1382 12.9826 
23.9864 7.2712 16.2816 12.9462 14.1835 5.8539 4.2215 12.2686 19.5792 24.9697 20.1856 12.2177 11.7965 15.0651 21.078 14.736 10.5141 27.3479 15.4962 12.1488 
22.9224 8.3537 20.8568 16.7687 15.2868 9.5074 5.2958 11.7042 20.92 26.5993 20.5544 15.8333 8.6599 12.9813 23.9889 19.5958 13.4506 29.6129 23.0589 15.1153 
27.9037 5.173 26.5016 16.7359 15.8002 9.8315 9.1888 17.7705 24.9377 32.1208 32.2061 18.7406 5.133 8.7467 23.2118 17.2742 16.1381 35.6593 26.8666 22.3787 
10.5968 23.1682 17.7754 20.1242 28.8087 18.334 11.8184 7.9555 4.7366 19.9952 13.3276 6.2127 25.1871 25.1568 32.8734 20.5016 18.408 19.5136 21.4791 2.5348 
7.99 27.8701 28.4523 24.6042 36.2236 25.6823 18.158 13.3855 4.4248 24.2384 13.6847 12.4865 28.0815 36.6981 35.8461 28.9523 23.142 17.3944 22.6759 10.1983 
17.7082 35.0183 13.6552 20.0675 26.3946 22.2667 24.9058 33.1504 24.5291 5.9158 13.2664 19.8194 37.935 41.7291 23.6316 14.9907 16.3641 7.9599 11.4975 25.3055 
28.0357 2.094 15.9985 13.1408 9.2836 5.8123 10.5295 18.7199 26.8465 24.5225 25.8522 20.0791 10.8802 13.2764 17.871 15.7275 11.0431 33.3901 18.5463 18.2519 
9.8266 26.1291 22.962 24.439 32.4013 26.3999 17.2439 12.6376 3.1114 24.3128 12.4755 10.498 31.0123 34.3198 32.0229 25.7761 23.2573 19.3025 22.9495 9.7447 
5.9775 24.2533 15.2512 16.9043 22.3472 21.9011 21.9481 19.189 14.3928 7.4293 2.029 11.8024 29.2629 30.5561 28.5362 17.0096 14.1871 7.0043 10.8724 13.1387 
23.9799 18.6574 27.4066 23.2766 28.9871 19.6534 11.8362 8.6649 18.5347 32.1526 30.4984 19.4984 10.9879 9.1644 34.7634 23.3765 20.5416 38.5313 25.1376 14.0723 
16.0101 32.0648 29.6766 33.0251 37.8432 27.7444 19.0485 14.7174 6.3109 29.6584 18.7126 16.5205 35.0601 31.478 35.2555 27.9949 25.9407 22.5758 29.2454 14.8436 
7.7963 23.4191 15.125 19.0685 20.1994 18.3436 11.5759 9.3898 6.6475 16.4622 10.0792 1.9403 23.187 27.4916 23.9636 15.5851 14.9071 17.0059 16.7558 2.033 
2.2532 30.3366 19.5655 24.6325 27.646 26.4532 17.6159 17.5076 9.2411 13.657 4.6858 11.3628 29.1972 35.0178 32.0472 25.0597 23.3761 11.6377 15.6161 10.7351 
23.1137 20.1319 6.8458 7.2885 9.4815 13.6733 22.2391 24.5871 28.1496 16.7725 23.724 20.1842 29.8469 30.391 7.1282 6.2929 10.3305 22.4632 9.6006 25.0632 
22.1221 21.1863 3.4918 5.5036 10.1337 11.911 21.7721 29.6663 27.9647 12.8592 21.547 19.9032 33.07 32.8769 10.4451 4.4711 7.3877 18.9153 7.6503 22.64 
20.282 20.7016 3.3521 5.1878 11.9691 11.5251 19.0549 26.8399 24.2494 11.0688 19.7671 16.8468 28.6869 35.0091 9.0282 3.6878 7.7377 19.7805 6.56 22.9031 
31.1673 10.93 13.151 12.3682 3.1604 9.7518 18.2237 28.9179 37.7974 26.9936 30.7721 24.9398 19.3943 22.2465 4.7437 13.1469 11.9592 30.8832 19.8572 27.1972 
6.2781 24.4626 12.2946 13.1935 26.28 19.6385 15.3338 18.7219 16.1476 7.047 3.3166 8.3045 26.5128 32.4304 22.3211 14.3124 14.055 9.6704 8.4985 12.306 
4.8292 27.1055 16.3538 19.5002 25.9585 17.3863 12.7313 12.3516 6.7536 12.8561 7.8538 4.0274 25.7867 29.5956 25.7654 17.7224 16.8472 13.4718 16.8136 4.8435 
6.8627 29.9548 21.0864 23.4619 32.198 24.2153 14.2836 13.8916 3.4862 16.6804 9.2752 6.6545 31.0605 26.0372 29.7074 23.2674 21.976 20.0809 17.7173 6.1014 
15.3554 13.7826 7.642 6.229 14.6292 8.786 7.9795 15.8223 19.9764 13.4227 13.0925 8.6123 22.0477 25.3299 17.4842 7.3365 4.0273 20.8087 8.3418 12.5518 
17.8884 21.9525 4.8274 8.8544 19.3066 17.7497 22.4989 25.1763 25.8567 4.0963 12.3536 14.7858 28.4503 33.13 16.5754 9.7718 9.7355 11.6103 2.8624 19.7 
7.8971 25.6814 16.7574 20.9292 25.7966 21.2151 13.0791 11.3355 3.7241 15.9128 8.9421 4.2138 23.8522 30.1761 32.4526 17.2559 15.6597 17.5309 19.166 3.2641 
16.3039 34.4611 15.6782 18.5268 23.7502 29.1736 28.8776 28.1207 21.6142 5.6966 10.7929 20.2528 40.1507 37.5609 27.1883 18.9121 17.3983 5.3938 11.6854 22.095 
28.6335 11.8165 31.2125 20.3251 21.1305 16.8523 11.3411 13.0496 25.2178 35.1268 27.8534 20.3012 4.3229 5.8193 24.2545 22.4792 23.7519 36.6595 28.2066 20.2494 
16.0811 11.3075 12.5869 13.0237 18.5882 8.104 3.2476 10.0942 12.7016 15.34 15.1423 7.1729 16.3531 19.1026 18.9446 13.4374 9.0824 20.0345 13.9326 7.2708 
13.5224 14.9618 6.9897 7.0094 11.6668 8.8176 8.4924 16.1799 19.5225 13.086 14.3098 8.0647 22.4236 26.9484 14.9623 6.738 3.7966 18.7708 8.9933 10.922 
25.5837 8.3607 22.6486 18.0985 18.4459 10.2442 6.0183 11.585 16.9187 22.7164 21.1254 16.4471 8.5459 10.7624 22.2558 18.728 14.472 27.8165 20.6699 14.2214 
31.3541 3.7013 16.8093 15.3865 8.3017 7.9009 16.3141 21.1293 26.6191 25.3457 25.7443 23.7687 12.0668 15.2946 15.1559 14.5892 14.5256 39.0208 22.0946 21.9181 
21.2777 19.1084 2.0384 3.2095 12.2616 9.9 16.6385 25.6171 24.9415 10.0349 18.5919 13.2518 25.6479 26.7968 11.9489 1.8945 5.0101 16.0713 5.2014 20.1799 
9.1027 23.2537 8.4345 14.969 19.4857 20.4826 19.0589 20.975 18.9593 3.5892 6.5571 11.2864 35.4642 38.821 18.9137 11.903 12.2389 7.7844 7.2578 13.1409 
30.9984 12.4841 29.8039 26.4357 26.3596 19.253 10.6758 10.149 17.8104 31.4345 28.6132 20.8255 7.8762 7.6543 30.5503 25.1944 24.8257 40.5217 27.9905 18.3784 
16.3138 19.4079 1.7128 4.0562 13.7079 10.2176 13.7868 19.5917 25.7199 11.2277 13.9297 15.4099 23.4812 30.3341 11.9554 2.8554 3.8546 20.0375 4.3799 17.615 
33.875 9.8078 29.2786 20.0758 20.0177 12.6338 12.654 14.5409 23.7119 28.0729 29.9433 22.1894 0.8703 3.8045 23.0567 25.7727 20.6491 37.969 30.0995 20.9667 
7.0378 22.4402 11.6981 15.2173 21.6451 17.4187 13.3151 16.7104 13.5913 9.0678 5.5867 4.9532 30.3722 31.4538 24.3509 12.6523 11.6128 12.263 10.1996 7.0081 
27.0951 19.3871 8.2995 8.8215 8.8343 13.9987 25.8799 29.5583 29.418 17.9805 24.7918 24.1457 32.6092 35.5264 4.7381 8.1372 10.1423 25.0118 12.2082 29.074 
18.2605 12.823 22.5062 18.1491 25.4955 15.7174 6.4595 4.1091 15.1485 24.6996 19.8375 11.6342 13.3713 13.6147 29.9617 23.9719 17.923 28.102 26.3344 10.2938 
16.6581 22.0839 27.1803 29.5461 33.3368 21.759 15.9177 6.1217 8.935 25.0275 20.7669 12.2758 20.1113 26.4859 37.5682 24.2576 23.894 29.3794 26.0486 11.8009 
23.6935 11.6274 25.2651 23.9224 24.731 14.156 6.8992 7.488 20.1203 27.6234 27.8688 16.4809 10.0544 9.2152 30.3347 24.451 21.4681 35.3383 25.0098 14.2503 
36.8016 7.8433 29.3101 21.7365 16.5955 14.02 13.3277 18.2132 26.3477 33.7519 34.8317 24.2097 3.7991 6.0411 22.2435 23.8936 22.3589 40.0454 27.3965 21.8962 
8.383 26.53 16.2656 22.3761 31.4732 28.4658 21.8085 22.5245 19.1397 7.5752 4.8078 15.6425 33.8604 34.8928 32.1831 17.9868 18.8603 3.9603 12.0386 14.741 
30.9469 10.7422 14.0177 8.3855 0.7361 9.2539 17.9623 28.2314 31.9096 21.5019 29.9531 22.8061 21.3282 26.8198 5.8258 8.9874 10.9835 31.395 18.8509 26.4777 
16.9134 27.3707 8.5879 12.5148 19.9131 20.7233 25.2373 26.0063 24.1118 3.6807 11.1758 16.7274 39.6858 32.474 19.0709 10.6015 14.8293 10.6513 6.268 18.9365 
19.1552 12.9077 5.9005 1.3484 6.6946 6.0487 12.8588 19.8243 24.4488 16.6352 21.7766 14.3259 23.5239 24.9873 8.1289 2.4106 2.5376 23.8647 10.1482 15.9324 
12.9518 32.6757 24.4272 28.4558 34.6451 30.0001 22.5447 12.4592 4.8425 21.6585 14.2153 13.1818 35.2433 35.6367 38.1815 32.6598 30.3159 22.9252 27.0825 11.299 
5.5309 32.6584 25.0885 23.8274 31.9969 26.3124 19.9016 15.9075 5.4442 19.2486 9.6835 9.5636 32.6047 34.5569 37.6613 27.2735 21.6917 15.0936 19.5529 10.0813 
20.4621 21.5806 4.7403 9.1767 16.5143 18.8089 24.782 30.4264 30.3534 9.6986 18.0749 17.5559 35.1575 41.0455 14.6555 9.1122 11.3446 18.7953 6.5688 23.6183 
14.2215 15.8523 3.4944 5.0532 13.1208 11.3977 14.4621 17.8076 17.7876 9.9816 11.4438 11.3982 26.0728 27.2713 14.7746 5.2879 3.8643 18.4593 3.9301 15.4171 
12.8082 17.8136 20.4557 18.2157 21.5093 13.2296 3.9009 4.5814 10.426 19.1008 15.2913 7.1319 17.05 20.9217 28.2361 15.0821 15.0219 22.649 17.5234 4.8455 
17.8491 23.1157 5.6089 9.7863 15.8851 18.0083 20.2747 29.2815 22.3779 5.2864 14.7857 16.4321 31.3695 32.2508 17.3992 10.1741 10.3619 14.9609 3.3736 22.8013 
26.4826 0.9703 18.7868 13.6032 9.3964 6.2015 11.1814 19.8912 27.7797 25.5204 23.4919 18.4186 10.9281 15.8079 16.3324 14.5787 13.6976 30.4088 17.5586 22.9204 
23.4082 4.8327 20.9831 15.0504 13.9248 7.8371 8.5839 15.7691 24.9824 27.6421 24.513 18.0613 7.9657 9.8382 19.6021 17.9858 14.4253 29.0116 19.3314 16.5846 
34.1267 11.9737 24.7571 21.9637 20.83 14.8071 15.045 14.8721 25.0216 31.6884 28.4322 21.2546 2.5419 2.3178 29.7259 26.9963 20.6843 43.4553 28.8439 20.5439 
17.5485 22.2358 27.1665 30.2783 34.3413 24.5278 15.9416 6.4257 9.0679 32.1384 21.7856 13.4373 23.1824 22.5768 31.4686 27.3522 23.0931 26.4764 23.7999 10.6571 
24.4017 6.1808 17.9684 18.0747 12.9274 9.7985 6.089 13.6439 23.4189 22.5116 27.3128 15.0894 7.1449 9.0469 22.2687 17.211 16.422 35.3488 20.1607 14.3648 
10.9295 15.8546 14.4524 13.0453 21.2997 14.4168 6.6312 8.5997 10.9082 15.0772 11.5365 3.0077 17.8765 19.8606 25.0757 14.3313 12.4702 19.3163 13.4073 4.5672 
11.241 30.6007 22.7167 24.4563 34.1082 21.2059 14.1001 11.7804 2.2229 22.1166 14.1858 9.7816 27.4957 25.3865 31.0983 28.6215 21.0639 22.3927 23.0816 8.7907 
9.0718 22.8394 7.8922 10.8675 18.3787 16.6583 12.7969 17.8344 15.6708 7.9111 8.189 8.5696 30.3688 26.8567 19.8022 9.7808 10.0762 12.297 6.3548 9.8818 
20.5048 13.8964 6.9362 2.2156 8.9811 5.7635 13.8435 18.7049 22.5957 12.0294 17.5304 11.7001 21.8968 25.719 10.9477 3.3969 0.4524 22.3282 8.1274 15.1931 
15.3414 15.2287 6.3954 6.098 13.0503 7.6541 12.5692 19.1291 19.3103 11.3286 15.466 9.8819 19.8137 26.7423 13.3914 6.2975 2.6955 19.2019 6.6178 14.027 
13.9566 20.588 24.3051 23.6275 28.9893 18.0188 10.0683 3.0255 6.3151 22.3894 18.9777 7.868 22.278 21.0194 33.9539 19.6006 17.2833 27.8428 19.3995 5.622 
27.8896 2.1206 17.3891 13.7306 8.9775 4.8267 10.0416 19.3507 25.8395 26.256 25.9757 17.8334 11.7464 14.1271 16.5624 13.4041 13.0481 27.3609 17.1655 20.0572 
13.8109 27.8028 34.3035 30.1903 35.6634 28.6508 20.2901 12.9728 5.8475 26.2055 15.8178 13.6612 30.2911 31.2711 38.4064 33.0284 28.5415 22.1285 31.4785 14.1955 
13.6684 16.2596 15.1541 14.7924 18.0239 12.6515 5.605 8.2948 12.1637 14.8444 12.9222 3.6234 18.6612 24.7787 25.3506 13.1318 11.821 18.2148 15.9749 4.2512 
24.5314 11.8459 7.7464 2.5725 6.2828 5.7507 12.0316 19.3187 23.2661 18.206 18.813 18.2678 19.6534 24.6089 9.1799 4.3551 3.4624 21.6227 10.185 20.6447 
17.6812 38.4945 16.0209 21.1016 31.7561 25.9654 32.4343 34.9178 27.0287 8.1497 13.0753 23.7686 43.7431 48.2807 27.0872 22.7056 19.3339 4.4207 15.2689 23.8375 
17.034 10.5974 13.0891 12.3477 15.515 7.6164 3.5116 11.4121 14.4482 15.8261 16.7324 8.7063 18.0133 18.8853 17.5111 11.7081 8.0355 24.234 16.448 8.6562 
20.8476 11.4497 7.2839 3.0027 9.165 5.9315 13.0211 21.7314 22.297 15.028 16.2286 11.7092 18.8095 22.2202 11.4589 4.2523 1.6589 20.2743 9.0325 14.8046 
4.136 23.7044 12.4178 13.5382 25.1747 16.296 13.5105 15.1083 13.8403 10.1882 3.5447 6.9085 31.7628 28.0114 26.0001 14.566 14.9446 9.4869 12.1998 9.3511 
11.6326 27.0625 9.0531 13.1739 21.7167 17.2949 20.8414 26.0916 20.7515 1.6635 8.0724 12.3854 33.7179 32.1012 19.5928 12.3067 11.1802 8.9033 5.7543 17.7004 
19.8052 9.4902 8.4683 5.3463 10.4243 5.1047 9.7699 15.4297 20.2503 15.5306 19.9894 11.8071 18.867 24.8146 14.7424 6.6947 2.5868 19.5777 8.8831 14.8154 
27.4761 2.2827 17.0352 12.1205 8.0591 5.3124 12.9999 19.6232 29.9853 25.8653 30.9842 18.142 11.0454 14.8131 15.0767 12.6803 12.8601 30.9626 21.7471 22.8892 
30.6974 18.3761 18.3569 12.3412 7.2192 15.8504 22.0897 35.2205 38.1986 22.3234 30.4211 30.6575 31.0688 30.1391 3.7566 11.7745 14.2962 30.0892 19.0094 34.3196 
15.2243 39.9237 17.8237 20.795 30.0363 31.3586 25.5698 29.5444 27.3624 9.4354 11.6306 21.9409 38.1782 45.4609 27.4601 23.9072 21.0003 4.3432 14.3067 25.9849 
12.3256 14.1194 12.8205 11.5277 15.7571 10.0723 4.857 10.5461 14.4888 17.3136 15.1521 4.6294 17.2956 18.4858 21.9794 11.117 10.6064 20.3628 13.3272 6.8605 
9.0534 25.5597 15.2417 15.7387 28.4905 23.6462 23.3053 23.6474 18.7235 4.4708 7.3135 16.3666 38.4799 42.8087 24.5879 18.207 17.4105 3.5824 10.635 18.4918 
6.3739 22.2816 9.9053 13.1491 21.1845 17.045 14.5231 19.5014 14.8424 6.4963 5.1557 8.2794 24.8234 32.6339 24.4086 12.3196 12.0643 10.2608 7.7194 10.9814 
25.5019 5.783 14.043 9.5386 5.0502 3.2784 12.6073 21.3193 23.2119 21.9632 23.2317 21.254 13.9195 17.5927 9.9068 10.1629 7.9661 32.567 16.074 20.0302 
11.3905 16.3158 10.3917 8.3379 14.1296 9.2366 10.3942 15.4327 14.161 10.5771 12.7353 6.897 23.5496 22.9147 20.5887 8.6832 6.756 19.0187 9.7717 8.2927 
29.9511 7.368 20.2122 15.2513 5.1528 8.4937 21.2329 23.2562 32.1702 23.1905 33.526 24.0701 16.3221 20.9801 8.924 14.6087 14.0299 38.6331 21.9466 26.5993 
22.6656 22.5716 4.1011 6.0094 13.8312 15.257 19.6699 26.247 28.0258 11.8313 19.6428 19.7697 32.7655 34.4765 10.6927 5.8067 7.9956 19.5921 7.2733 26.1195 
29.9264 14.1162 33.9606 24.1373 25.917 16.8779 13.7086 16.5893 28.6081 32.0594 32.2327 24.7 2.303 0.7372 28.4175 26.2279 25.4071 37.4191 35.2804 22.7899 
5.7725 28.8232 15.2309 18.1705 25.3163 22.4574 18.9328 21.8637 15.6237 6.8554 2.6865 9.1668 31.2442 32.7061 22.8992 14.2799 15.9947 8.1009 10.9928 13.2964 
21.003 26.1013 7.1286 10.854 14.6293 18.5718 21.3871 28.0944 29.4768 13.7244 23.242 23.4266 35.8328 36.0343 12.3636 9.7478 11.4343 21.8248 10.022 23.9284 
11.446 26.8959 23.9817 28.1063 32.8034 23.9897 19.0008 13.2142 4.0308 21.1795 12.9624 12.395 30.8596 30.6504 41.071 30.3588 24.7837 18.6998 25.6927 10.8725 
18.575 13.5984 21.5653 17.3985 21.5754 12.2633 2.791 5.4441 13.2393 25.264 20.9116 11.4087 15.0658 15.4794 22.4482 16.3538 13.5369 30.1367 21.3017 9.5453 
29.6633 14.047 11.1388 9.133 5.1522 10.291 20.763 31.8532 36.4921 19.2151 24.9391 25.0042 23.995 28.9156 1.4864 10.2857 9.967 26.6125 17.2227 23.0784 
14.5524 16.1115 6.0947 4.0576 12.612 7.7225 11.0224 16.4037 20.3332 11.2439 17.0241 10.3988 20.9133 28.2921 13.4896 3.9776 1.7132 16.9364 6.4152 12.4594 
27.4983 3.5961 18.3412 13.8906 8.9067 9.0736 15.9152 23.7191 33.1719 27.0407 28.977 21.4008 11.822 13.792 14.5262 15.9586 15.845 34.4579 24.0494 26.5632 
27.4459 15.6114 12.9076 9.9046 5.3285 11.6994 22.8353 28.3542 34.6353 24.4457 30.7197 24.1896 28.1466 31.8399 1.5498 12.005 12.1744 29.1833 16.8631 25.1657 
24.5082 14.0268 25.2925 22.8056 23.3503 15.7974 11.1959 10.1819 19.1239 29.4362 33.1811 18.3593 6.4014 7.0542 30.7532 26.474 21.1618 40.9397 26.3303 15.9356 
31.5447 7.2148 18.1741 15.5471 6.8443 10.162 17.9586 23.9799 32.1824 27.2623 29.5048 22.3764 15.2178 20.9613 9.8443 16.5848 13.4113 37.4063 23.191 24.445 
18.2242 17.379 2.5612 3.0758 12.7859 11.0203 14.651 21.6273 21.3754 11.0987 16.8378 13.9237 23.2035 25.3012 13.5823 2.0673 3.5256 18.3429 4.6325 15.5222 
22.9438 11.1615 7.4056 2.5698 6.7811 7.3516 15.1079 19.9153 28.2242 14.9687 23.3479 16.1621 21.6953 21.9675 7.3294 3.2124 4.6065 26.784 10.5529 19.2873 
27.562 12.944 28.7749 20.0661 21.0688 14.4034 12.6912 14.4176 26.6884 35.295 30.9383 20.6722 3.5027 4.1131 29.015 27.054 23.3372 33.5945 25.1965 17.9186 
27.5045 13.3335 27.3307 24.1861 22.0498 14.3719 8.4794 8.413 19.274 26.5855 24.9846 18.1704 9.4537 11.9665 30.9212 21.3784 23.0025 32.3473 26.1172 15.7125 
26.2249 18.9346 5.6798 7.8857 10.9258 15.7199 18.6828 25.5401 33.2603 13.656 21.1609 21.9142 25.6568 34.4246 7.4493 5.8365 9.1529 24.8829 8.4801 24.0852 
20.1104 5.0304 15.5018 9.3769 8.7812 2.771 8.1136 13.7371 19.1642 21.5189 24.3862 14.615 11.6575 15.9936 14.8817 13.024 8.9967 24.9222 18.7796 14.2505 
18.7131 28.6748 10.8625 18.1611 24.1814 22.0055 28.0407 29.8083 26.6961 5.8823 16.6193 21.6946 33.5701 37.9113 18.9613 13.1425 16.9843 9.9317 8.9338 23.7494 
18.0611 9.2296 12.1944 7.7661 13.2535 4.4087 5.6892 14.1995 17.7178 15.6703 18.7902 12.1141 15.0074 17.2987 15.6428 9.4798 6.2121 26.6959 12.0033 11.9312 
26.8 11.6614 10.6103 5.2638 4.5715 8.9602 16.2579 27.8187 26.6411 16.145 20.8202 21.2006 19.9731 26.2294 4.4688 6.1282 7.3594 25.7499 12.2307 25.0984 
17.8011 16.7564 24.3194 21.699 21.2752 14.5449 4.5511 2.8732 10.6402 22.5419 20.5306 9.2903 14.788 15.7398 28.6076 23.2465 17.0048 24.4106 20.3794 8.4571 
10.0633 18.5862 9.6462 10.6976 18.8832 13.6347 10.0638 15.5873 13.1522 12.325 10.1872 4.9329 26.092 28.0881 19.7589 9.4645 7.8584 15.2345 9.086 7.8132 
15.1338 27.0935 27.5501 35.1668 34.3276 31.2438 19.5241 14.3731 7.6183 27.028 21.2522 14.7549 33.2708 26.5381 37.5927 34.2023 24.4906 30.5077 30.4295 11.5299 
29.8441 6.483 24.238 17.1137 16.9435 11.5104 13.6958 16.7106 23.7264 29.4567 35.005 20.0657 4.7003 7.5558 18.8693 20.416 19.352 36.2232 29.5746 22.4349 
29.3833 7.0357 23.9235 17.348 17.4629 11.7849 11.4844 13.5289 26.766 25.4759 25.6701 17.8505 4.3746 7.7105 24.1249 18.2421 20.3016 38.2608 28.6799 16.9723 
26.7053 3.4322 17.9168 11.809 10.5737 4.6178 8.1461 14.4449 25.2033 20.5233 21.7895 18.4104 12.5104 13.433 18.1083 14.0017 12.4677 33.9203 20.4964 18.5251 
26.6131 6.0556 22.4493 17.1332 17.3071 10.7869 9.5489 14.7965 24.7747 28.5439 24.1206 19.9611 5.9043 7.9847 18.9403 16.9689 18.4875 37.3154 27.2087 19.9197 
25.4549 4.9659 18.6675 16.3603 12.7268 7.0755 7.1334 14.6088 19.534 28.4362 28.101 18.5028 7.8983 9.9241 17.3728 18.1906 13.8213 33.2795 18.6653 16.9686 
36.865 15.928 29.8865 29.9793 24.7754 18.4847 15.2541 18.1691 30.7812 32.7667 39.0268 28.0505 3.9703 0.6143 25.6377 28.3231 24.8342 43.7554 34.2333 26.8675 
16.3595 13.0524 6.6373 3.9294 11.5657 5.7192 9.0082 17.2247 17.8202 13.8052 17.853 11.4202 21.5472 22.6948 14.9067 5.355 1.9801 23.5018 8.445 15.3721 
16.0669 13.5464 16.1665 15.1813 15.9204 11.6907 2.2124 6.7342 12.3392 20.163 17.7942 7.3033 16.0919 19.0457 19.8154 16.0517 11.2378 23.7994 15.6091 5.9981 
24.8342 7.1178 10.8643 6.9845 3.4661 3.5616 11.9722 21.9889 24.3333 22.8891 24.8769 18.0243 17.1353 21.6988 9.1012 8.3742 7.8752 24.8265 16.6661 19.768 
14.2342 27.5538 29.5934 30.498 28.9092 29.6293 16.2239 10.4665 5.0351 29.4651 20.0264 13.9195 29.1295 29.2099 35.8947 27.157 23.4959 24.3537 28.8063 11.5579 
25.7512 0.8266 19.3848 13.8103 12.0517 6.3147 11.2534 18.4273 25.9268 30.0511 23.8545 18.1301 10.9448 11.4842 18.1217 17.3407 12.473 35.5796 18.4462 21.2063 
5.3501 32.4953 14.62 18.8105 26.7541 25.9479 23.5363 24.8817 14.9828 7.4979 2.4186 12.9881 30.6532 40.7424 24.0849 18.7751 16.8417 5.8615 13.4237 14.9833 
15.4374 20.3959 4.466 8.2216 18.2888 17.743 17.9288 27.0618 24.933 4.1037 12.2672 13.025 30.6242 36.7011 16.2749 8.5299 10.5521 11.9561 1.4971 17.8399 
5.0563 22.2174 19.7615 22.3303 25.0799 18.7345 14.5826 12.1705 4.6235 14.5698 8.4519 5.4163 29.2971 26.8375 33.4216 21.9724 20.5975 17.2582 17.7392 5.5131 
18.2116 28.9977 9.4686 16.2313 21.4572 22.9694 27.0897 29.572 22.9913 4.5164 12.9021 20.9154 36.7029 37.225 23.2873 15.7392 16.5962 7.8334 7.7151 19.4675 
22.8499 14.9135 31.308 25.8067 24.0909 17.807 10.0331 7.7723 15.9131 32.1732 24.2126 16.2076 10.2968 11.3873 30.0477 24.6812 25.1153 35.0159 31.1824 15.4295 
12.667 19.0824 21.3817 20.4633 25.3814 16.745 10.4188 6.5273 5.429 20.7276 12.1975 6.0145 24.0749 25.0975 27.7955 20.1283 17.2787 23.1509 20.6975 2.5236 
20.7229 19.7184 1.6613 3.8039 10.7333 11.2524 15.4936 23.9337 21.9715 10.5095 16.6803 15.3287 25.9549 33.702 10.4699 2.984 4.8914 16.9938 4.9804 18.1646 
13.7686 32.5218 14.2441 20.7939 26.7981 29.0469 27.5974 28.9237 24.4325 6.8738 11.6505 19.4634 41.2578 41.7179 29.3737 17.9232 18.0393 6.0943 11.3542 22.5685 
9.8344 17.6468 11.8295 13.1659 16.6461 12.511 11.0875 11.4278 10.2805 12.2182 8.2188 3.1072 20.2367 29.2394 21.4132 11.4198 10.087 17.5408 10.6183 6.7574 
6.9268 29.7908 23.0952 27.7239 28.3824 23.9532 19.8518 16.4172 5.7628 17.2274 9.7138 12.3102 30.7088 37.6292 34.4199 22.5523 22.6873 18.9164 22.3206 11.5379 
9.4861 28.1188 18.4996 22.8511 28.5984 24.7968 23.7575 24.9884 16.5922 9.8665 5.5533 13.4969 35.8851 40.9953 25.6122 18.4969 18.5261 2.4829 14.2994 19.6792 
23.0913 4.9876 21.7833 14.521 13.065 7.7467 7.3912 11.8553 19.9763 23.1383 25.9197 15.7879 9.2209 9.9321 18.8865 16.0917 13.9555 27.5187 18.5071 14.0734 
25.0326 15.5927 13.3825 8.2808 3.8365 9.9142 18.8556 24.4434 28.494 23.4571 27.0026 25.8872 25.1559 30.9395 1.7718 8.3461 11.8855 32.3685 14.189 23.935 
30.9361 8.5857 27.8643 24.1531 19.4956 15.7687 14.5568 18.5547 24.002 28.9957 28.3964 21.1217 1.9508 3.9086 26.4425 26.2016 18.7626 34.3682 31.9511 25.8948 
11.5927 18.9038 8.6036 8.4841 18.1245 11.8882 11.3982 13.5357 13.2138 10.2909 9.4932 7.2956 23.4094 24.9074 16.4074 10.0726 7.1048 14.7663 9.0234 8.7033 
18.7634 9.0225 12.4292 9.7248 11.8551 3.244 5.4229 14.4571 17.3982 19.3507 17.9892 12.0685 16.0096 19.2538 17.2257 10.7629 7.6296 23.4751 15.5327 14.1267 
21.1544 16.5186 23.9877 24.2551 21.0633 17.9401 7.8904 7.7644 20.4671 31.8719 27.0641 14.6482 9.7888 9.8016 29.6933 24.5593 20.104 38.7778 24.4524 15.8045 
24.7777 14.9904 26.1668 20.923 23.2919 14.9473 10.8439 11.9831 22.061 31.7987 30.0665 22.7661 5.1614 5.3599 29.6236 27.9125 22.2499 35.8254 30.4985 18.727 
19.1016 13.6012 22.9222 17.3335 22.4389 15.748 5.183 3.6936 11.6526 28.1366 20.1817 11.2228 13.2552 16.5334 27.1583 20.2838 15.3103 32.7581 25.245 10.7534 
13.0388 22.9243 8.4372 13.2848 24.0182 21.2382 18.0458 23.6398 20.9611 0.8619 8.8744 12.7568 32.2898 34.0796 21.1069 12.0061 12.0855 7.5833 6.1339 18.011 
12.4665 17.0173 7.6977 8.391 16.915 11.8428 12.0943 13.8906 15.8986 9.4195 10.6935 6.88 21.8107 28.7131 19.6977 9.6949 6.3527 14.65 6.928 9.8007 
20.8017 15.1796 28.0976 20.9686 23.0577 18.7551 6.8105 3.799 15.1329 30.0565 25.4842 11.9495 12.9237 15.6064 29.8724 20.5839 19.4084 31.8807 24.1637 9.652 
32.4814 8.5597 14.5223 11.405 1.8097 8.0547 19.2088 29.4671 29.7573 21.6801 30.3483 21.4944 18.4645 24.7598 6.5556 11.7947 10.4524 35.4771 18.3882 26.6838 
20.2089 24.2924 2.9753 6.7396 14.996 15.0801 22.3423 26.95 23.9164 6.9765 16.7699 18.0893 33.9037 32.3797 14.5825 7.1841 7.5017 14.1762 2.6358 20.6716 
33.5133 9.9829 32.7053 24.382 20.632 15.2301 15.9431 20.8894 24.8691 34.0235 31.1423 28.055 2.2233 3.3002 24.6319 25.1652 22.3428 45.9672 29.0247 24.0507 
32.8555 13.0883 14.598 10.6796 3.0612 12.0012 18.771 26.5202 31.4475 23.6169 25.4735 24.6398 20.909 23.0593 2.9888 10.8483 10.9701 33.2609 16.6717 29.0769 
25.1716 9.0734 15.732 9.9607 2.8142 7.5182 17.2521 27.6361 33.518 25.9972 26.6319 21.7179 18.5066 20.983 7.7338 10.2962 12.8443 27.7613 18.4459 25.9397 
23.934 13.8123 25.9628 20.6254 19.5248 13.9708 6.9969 7.6541 15.9137 31.5753 26.2926 16.3257 8.044 8.8098 25.9773 22.9162 17.8171 29.6794 27.4615 12.3751 
31.9094 1.8414 22.526 14.2603 11.7405 6.5498 9.9781 20.0586 24.2523 23.7112 30.9882 21.2756 8.2341 13.4581 18.8607 16.6847 15.6007 37.5889 19.7383 20.3437 
17.3937 33.8108 13.5515 17.3398 23.9452 20.6992 26.4902 27.2669 23.3611 5.3908 11.585 20.6215 37.7868 43.0382 21.5587 15.1741 15.7133 8.5551 8.861 21.146 
17.9528 20.8272 0.9875 6.0414 15.6332 13.4333 19.8214 24.5876 23.1795 8.0402 16.2165 13.2843 25.2348 35.1531 13.7941 4.0173 6.7862 18.2648 2.3569 17.2975 
8.8143 30.5116 19.5057 22.9641 28.1356 22.4473 24.5211 23.5643 17.5832 10.1816 5.3202 15.4107 39.7865 39.6295 30.0209 19.8941 20.9015 4.3692 14.508 18.9527 
30.3448 11.7471 30.6897 25.9454 25.5148 21.0821 15.5568 21.4848 28.2589 38.7687 31.7481 30.4088 3.9155 1.6855 28.2128 28.8772 22.8733 39.9433 28.8663 25.9998 
34.6338 4.2963 24.8212 19.19 12.3478 9.9949 14.9871 20.1892 27.8444 27.4872 28.2845 20.8259 7.3033 9.6682 17.5946 21.8691 15.5606 32.0662 26.6398 23.2607 
16.9507 11.4794 9.5675 5.8084 11.3834 6.2724 10.3742 17.4214 20.7817 12.7842 17.156 10.6181 17.3156 19.4579 11.9895 6.9749 3.0173 24.6492 9.4013 13.8733 
11.8791 19.5791 20.5963 21.6164 22.1508 18.6954 8.0672 4.0281 7.3393 19.0859 15.0843 6.9643 21.2894 22.4626 29.1784 20.2899 17.2728 25.7364 17.7482 3.0251 
19.9303 5.9334 11.8618 10.1327 10.3701 2.7004 7.2536 15.3776 22.4257 18.5773 23.0132 12.3427 16.0586 16.4603 16.8978 10.5829 7.1413 27.8651 13.1012 14.9151 
13.4485 13.5169 8.6213 7.7234 14.6078 6.8139 8.2727 13.4559 16.6693 12.8772 17.0059 8.0743 20.9965 24.8657 16.5252 8.7315 4.7973 21.795 11.2692 10.1472 
9.6693 18.5312 16.6096 16.3607 23.0246 17.1678 8.2595 9.8155 8.02 17.2327 9.2605 1.0034 23.0511 26.5702 23.3354 14.6507 13.9087 16.8655 14.5955 2.309 
20.9328 7.0257 13.6721 6.5399 4.4508 3.0055 12.5815 20.9341 22.6295 21.9818 23.4735 16.215 19.8094 20.492 8.5332 8.1252 7.3719 27.8848 13.139 21.044 
16.3941 29.0841 11.382 16.8669 22.3251 23.9658 28.5503 28.7576 25.8527 4.7281 12.5523 18.5575 38.7717 36.1933 23.4219 16.2321 18.24 7.5876 8.3112 20.1647 
29.8341 3.4117 24.5091 15.1553 13.4328 9.1608 14.6592 20.8618 27.9621 27.948 27.0719 24.1464 8.4887 11.4222 19.4134 19.83 18.1473 36.4271 25.8358 22.3937 
11.7939 24.4623 26.335 31.1007 33.8083 26.5575 16.7132 11.4503 4.2258 23.2521 17.2653 13.4513 24.6482 27.0728 39.9984 30.6039 27.9588 26.2086 25.6212 9.2632 
28.7439 9.1591 22.4169 22.2335 17.0567 12.4467 8.4355 11.175 24.0563 29.9674 28.5948 18.0468 5.2957 7.0344 21.2922 18.923 19.7374 35.1327 23.8187 19.6258 
16.875 26.1646 7.1034 11.6702 21.4975 19.8505 22.4869 28.0199 25.219 4.5781 14.0493 19.6735 38.8962 35.9215 18.7627 11.1294 11.6922 10.7627 4.8995 21.1058 
33.2364 3.0281 24.2139 19.6019 12.7342 8.3265 12.1909 16.0273 29.8763 32.4609 30.0112 19.1406 6.5552 9.6773 16.678 17.908 16.6068 38.8992 27.2552 23.4376 
28.7483 1.6792 17.633 13.5269 10.0764 6.6531 10.9949 14.7732 23.1366 26.5162 25.7739 20.6618 8.8329 12.9125 18.0867 16.8319 15.0881 35.1156 19.8207 16.4282 
15.3467 23.2829 27.8074 27.22 26.3119 19.3297 10.1102 3.6058 7.0689 23.0677 16.3327 11.0733 21.9429 25.0453 30.2686 27.9534 23.7906 23.5346 25.8439 7.0923 
26.8092 13.6402 8.6913 4.3398 5.3348 10.448 16.8904 24.1407 25.6475 16.039 24.4549 18.1849 26.5221 25.3548 5.1045 4.9609 7.0477 25.3885 12.7142 24.6859 
16.9297 17.8077 25.5449 19.1063 22.21 15.9917 6.9167 1.2201 11.8683 24.6682 21.4286 9.6893 18.0914 17.1887 28.7239 23.1707 18.1864 30.9693 24.2516 7.7615 
15.9974 14.673 20.3157 17.9637 18.4919 13.9468 4.1137 4.585 9.5778 18.2369 19.0218 7.5436 15.9567 20.2927 25.5593 18.7253 15.2892 23.8457 16.7941 5.7742 
31.3912 10.3309 14.2884 9.9328 0.8192 8.6231 15.7909 24.6729 27.5534 22.269 25.1659 21.2167 19.4191 24.3302 5.3955 8.9403 9.7391 26.5947 16.4004 25.2513 
11.3487 20.0358 17.5263 17.7949 20.9362 15.0671 6.5063 5.6946 8.5842 15.9017 12.8096 4.7922 18.7515 19.278 27.9716 15.8795 13.3553 22.3132 19.165 2.5607 
12.241 25.79 11.0725 14.4988 24.1655 23.8047 23.5463 22.1032 21.8992 1.5145 7.32 13.8187 38.2995 33.886 21.3652 15.2011 13.9194 7.0842 6.7041 18.5871 
10.7242 31.9034 11.8615 15.5119 22.987 19.3104 19.9752 26.9446 21.2362 4.2858 5.7653 14.5866 30.0647 32.4839 27.7111 15.9935 14.3508 5.4381 10.2348 14.26 
32.3848 12.1182 32.001 22.1753 20.7565 14.6662 12.4959 12.2109 20.2266 34.2661 27.8129 23.0519 4.0413 4.9367 26.7162 24.9045 21.8598 35.3786 29.1912 19.2789 
25.1613 13.527 27.7223 17.9663 21.2967 12.9168 7.9668 9.14 19.294 28.4628 23.8892 18.5667 7.0538 8.6917 29.4407 21.7301 18.4993 31.6827 26.8608 14.2889 
8.6299 22.2554 11.4254 12.6533 23.5651 17.5569 16.7365 22.1789 17.7184 6.0735 4.4793 9.2266 26.4956 28.1129 21.7089 11.0465 10.7096 8.7516 6.7943 13.2405 
26.5703 16.5761 6.8646 6.968 10.7841 11.9109 21.0245 30.435 33.3044 14.386 18.9802 20.3439 24.3198 32.2588 5.9855 4.9635 8.8444 20.4995 10.4498 23.5825 
19.3288 24.5743 5.7639 12.2219 19.1072 19.137 23.3102 26.6994 25.9435 5.8808 14.2844 17.7276 30.7282 38.4918 15.3382 11.1479 11.9427 13.7026 5.3752 22.8479 
30.2652 6.386 12.9739 8.2514 4.0904 4.6475 13.789 21.8835 27.3165 25.1187 23.5857 20.6913 17.228 20.4145 8.5011 9.7471 9.096 26.3632 16.6458 21.9488 
28.3311 1.5518 17.206 11.6885 8.855 4.9789 10.7079 16.518 23.4292 23.071 28.5021 17.6979 11.9075 13.0112 16.0248 14.235 12.9859 31.0581 16.9919 16.3701 
9.088 20.0324 22.9645 17.8465 30.2052 17.625 11.3772 8.5698 3.0123 19.1167 13.8609 6.2454 23.0591 28.765 30.9925 18.3268 16.9203 21.9414 18.311 3.2666 
3.3753 32.2415 18.5238 20.6357 33.8224 27.0094 17.5698 14.6658 6.5143 16.387 7.9166 8.3792 29.8326 33.0766 28.3034 23.904 23.4392 15.5627 20.9233 8.512 
16.0701 14.3543 4.8552 5.1892 12.9512 9.1899 14.2914 20.1549 18.8342 9.1701 12.2236 11.5404 23.1082 30.7735 15.4387 5.0114 3.329 15.6904 5.3307 12.3836 
13.9944 16.2108 12.9492 10.6339 14.0569 8.3312 5.6133 10.8507 12.1953 15.1181 12.3741 5.2145 18.1196 23.4854 17.2534 9.4608 8.104 18.9427 11.3755 7.5585 
2.4067 27.4304 16.5407 18.2261 29.2826 20.869 15.5231 14.7676 7.7136 12.6447 4.3364 6.2144 32.7044 29.8066 24.7171 19.7672 16.5535 14.9218 16.5032 7.0082 
0.2394 23.958 17.5283 22.1682 26.265 20.6513 19.2838 15.1552 10.4976 12.812 3.3072 9.4821 31.7938 35.5764 30.047 21.3897 20.0796 11.7401 16.7991 8.4504 
23.1807 13.0066 8.7799 5.0679 3.8367 9.5614 19.1519 27.2542 28.3655 20.1257 21.2761 23.2076 22.2669 28.3399 4.6272 6.4661 8.648 26.6123 14.0163 25.7153 
17.8123 11.7523 8.6477 5.0502 13.7383 7.1071 9.3763 17.7796 17.2539 12.4547 14.5578 10.8791 19.4712 21.9959 13.0931 6.4035 3.0068 22.4674 9.7129 12.687 
7.9057 31.8115 27.1174 28.8373 29.2838 23.7413 18.2129 14.7632 5.1868 17.7578 10.2162 11.1254 29.0737 33.2828 35.5856 26.1626 23.5553 19.0368 24.3911 8.7136 
19.1327 28.383 6.3026 10.5481 19.6028 17.3625 25.4384 32.0896 30.813 9.6799 15.4908 21.3049 34.9068 36.8017 13.5557 8.54 13.2943 17.2474 6.9693 21.8935 
7.2154 24.9024 25.1082 23.8266 27.2653 20.3513 16.9608 10.4544 2.2666 18.451 11.0702 8.5414 24.2975 27.8391 36.3245 21.3964 21.1757 17.2055 23.9487 6.54 
14.8791 28.7488 9.5473 13.4625 24.0866 19.6848 24.1485 30.7514 29.0327 4.0202 12.7468 20.6492 32.881 42.5717 18.2836 12.4909 14.5631 8.433 8.2149 18.9421 
0.5967 27.1028 18.6669 19.1833 24.9012 23.7556 17.8227 18.5108 11.3289 13.4068 3.4442 8.8378 29.5431 34.6878 24.8657 19.9714 15.8655 10.8281 15.9656 8.8929 
27.1566 16.5519 13.2134 11.474 7.9847 14.3714 21.5109 32.4829 36.3951 24.5242 27.1987 26.6611 25.6952 28.8458 1.5031 10.6259 14.7363 34.4965 14.474 31.7181 
24.1789 11.5121 23.6414 22.4171 17.9042 15.0932 7.9032 10.6176 19.8584 27.6891 29.8457 16.9593 7.8899 9.2997 28.8721 20.4626 18.383 36.7728 22.4343 15.4495 
22.2297 18.2633 26.3584 23.3438 26.6137 14.1567 7.3964 2.9935 13.1801 23.1159 19.9224 13.985 13.0243 16.9945 30.6511 20.5025 19.6474 34.0023 24.9793 11.0811 
22.9051 9.564 20.8338 16.3295 19.0084 9.2571 4.4782 9.4232 17.3043 24.7526 23.7969 13.6947 7.6535 9.6956 20.0062 19.6189 16.7385 28.4132 21.9942 14.4944 
6.0885 33.8839 22.4847 25.9498 36.0644 25.3735 17.5848 16.2248 6.4862 19.5435 10.0424 10.0834 29.3739 37.7116 35.5794 25.376 25.6288 19.362 21.9018 8.8962 
13.8886 25.1069 5.3004 11.027 19.9735 16.5887 19.8423 25.5225 25.3395 4.203 11.5759 15.0695 27.7455 37.0837 18.148 9.7483 11.3519 12.3861 2.0212 19.7374 
3.8502 28.5792 20.189 23.4148 30.4253 27.2476 24.5557 18.3758 13.0929 12.1456 3.2717 11.457 35.6816 38.3287 28.5411 21.7798 22.0191 8.789 14.4278 14.716 
17.1 22.7187 4.1676 10.5442 18.8853 18.3861 17.2842 23.9779 25.7277 4.6566 10.7788 14.2761 29.8863 31.6332 18.2836 7.6514 9.2694 12.2071 2.3157 17.3218 
26.0763 6.0669 23.1957 15.0819 13.869 8.8079 8.065 15.6574 21.6601 29.0152 29.7178 19.2413 7.4558 9.9628 19.2571 16.5778 13.6004 35.3917 25.3418 16.7302 
15.0257 34.2169 26.5025 32.7984 33.0844 31.9132 18.9186 13.1681 7.7619 27.5659 17.0824 17.01 35.6533 30.6857 37.7531 27.6979 27.877 24.6322 26.6123 12.9865 
18.3691 7.4262 17.6472 12.2458 14.0568 5.9759 4.0008 12.6782 17.8755 20.4252 23.3541 13.18 11.104 14.8405 16.925 14.8672 9.6078 25.2504 18.7607 14.1686 
20.8871 7.2918 19.1701 14.5449 14.5077 8.1658 4.7576 11.9736 21.5731 22.6244 23.5584 16.5187 9.4243 10.8391 19.6509 16.4343 14.6664 29.7358 21.366 14.1034 
28.6337 5.6166 21.607 20.8986 15.0849 9.8468 9.9904 17.4518 21.3075 28.5621 32.447 17.53 4.8227 8.2643 23.415 17.1146 19.597 39.1201 25.3448 22.1757 
10.5349 24.367 18.8761 19.8548 22.3799 19.5403 9.3621 7.6128 4.1263 20.5781 13.865 5.964 24.275 21.2623 27.8492 18.8169 16.8533 20.437 17.5559 2.4268 
9.5407 26.7711 26.6864 24.3007 35.9202 27.1814 18.5774 15.9795 4.857 22.9268 11.9106 12.1437 32.7823 36.1553 34.3255 26.265 20.8409 21.1828 21.0639 8.685 
14.1843 27.2345 12.1023 15.7373 26.8453 26.1601 28.3342 32.4804 24.8915 5.5349 11.3103 19.9209 43.6404 43.3577 23.5689 14.8121 16.1024 7.688 9.1646 23.2305 
25.7732 1.9799 15.9676 12.0754 10.9978 5.1773 8.3108 18.3185 25.277 26.7466 29.2737 19.5584 9.1465 11.96 14.5576 13.6211 11.7988 30.2463 19.0684 20.6717 
9.4389 30.3131 22.8306 23.4353 33.1281 24.7333 16.8097 12.5269 3.1961 19.958 15.2887 11.1854 26.3084 28.7564 30.7322 25.393 23.603 19.0686 22.1087 9.4532 
5.169 30.7978 15.9237 17.1976 24.7368 24.4167 19.8297 20.3008 13.9986 7.8521 2.0729 10.4748 33.1577 32.3583 28.3033 15.1557 17.0209 5.9984 11.3282 12.7477 
23.2468 17.4669 31.4384 22.458 25.8461 18.0828 10.8342 7.6576 20.7062 30.3874 27.3963 18.1832 9.5941 10.7669 31.4157 22.3359 24.1906 35.1879 31.0041 16.7999 
12.6718 34.1719 31.0697 29.3663 38.1898 31.8342 23.7666 13.8752 6.6564 27.2604 19.8548 13.8717 33.5909 36.6303 38.4958 33.7609 31.8837 24.1944 24.8313 14.0663 
8.3991 18.9298 16.1207 18.2029 24.4126 16.3134 10.3019 9.3177 7.8433 15.1569 11.0156 2.122 21.7689 24.1756 29.7347 17.0856 12.5743 19.6302 17.6442 1.8318 
2.4068 26.9297 18.1237 24.193 28.9956 23.3924 18.9956 16.6886 10.4913 13.6488 5.6442 11.2855 35.4783 38.7882 31.0512 23.1804 22.8334 12.3863 20.0442 11.4018 
23.4296 16.1931 7.1171 7.0201 9.8958 14.0523 20.026 28.2909 31.5163 14.0135 21.5655 18.5477 26.7968 28.5136 5.6056 6.3095 8.937 21.0292 10.9162 24.2915 
23.4124 17.7165 4.2874 6.108 11.7291 12.6341 21.3714 28.6232 24.4013 11.5938 20.7592 20.5267 28.6308 31.8592 8.4361 4.8781 6.8319 21.0055 6.2998 24.3282 
19.4309 20.2724 3.6234 4.4818 11.7609 12.2037 16.7277 23.7672 25.7735 10.5273 18.0487 16.6469 26.9373 29.8288 9.3892 3.4679 7.6493 17.1913 5.664 23.5148 
30.3206 11.0142 13.3994 11.7283 3.1819 9.6351 21.9883 25.666 30.6489 20.8004 31.6111 23.4126 22.9989 27.2833 4.2884 11.7993 11.0544 34.0396 17.7214 30.5595 
5.653 23.3247 12.7405 14.93 26.1675 18.1808 15.0731 18.7995 12.7499 5.6269 3.2743 7.6013 33.703 33.4249 25.5099 13.6678 12.4554 9.4477 8.1588 10.2728 
4.5749 27.27 18.7919 16.8413 28.2772 19.3565 14.2511 12.653 6.5192 15.9975 6.7224 4.664 25.267 31.8395 29.7667 17.775 17.6321 13.4499 14.2418 5.2254 
5.9052 22.796 22.0181 22.225 29.0317 19.9374 16.0019 10.8449 3.218 17.8228 9.3359 7.106 29.4079 31.7843 28.6575 19.411 21.5279 17.5372 17.0412 6.1104 
15.7596 13.4006 7.3725 6.2123 14.5623 8.5901 8.5525 17.5629 19.3417 12.6351 15.3308 10.016 21.2737 23.4471 16.1214 6.9504 3.8759 22.1404 9.9486 9.8649 
15.9247 21.9525 4.9693 9.327 20.4836 18.3444 18.901 23.1968 26.465 5.1874 12.8558 14.7723 32.7899 33.3504 18.4251 8.7022 11.8896 11.0557 2.3362 18.6821 
7.615 26.5013 21.7908 17.2228 24.1417 18.1852 11.6533 9.7533 3.6808 15.2486 9.2144 4.3394 24.2496 26.2734 30.0119 19.0426 19.1132 19.7924 19.6144 3.3663 
16.7764 35.9446 13.9781 20.296 28.9666 29.2181 28.893 33.808 26.556 5.262 11.27 19.1155 35.904 37.3788 29.083 18.0523 17.9309 5.1321 10.5109 20.6562 
31.5346 11.7194 27.2792 21.1017 21.3086 18.2524 11.0402 14.1642 19.7865 32.769 28.2499 23.2512 3.8883 5.1481 26.6063 22.0239 20.9298 40.5366 30.2613 18.8382 
13.2478 12.9726 12.6157 13.5623 17.3217 9.44 3.171 10.2041 14.6542 17.205 16.6588 6.726 16.1781 18.9074 18.1801 13.0497 10.0343 23.9883 16.3576 8.3419 
16.7201 13.2572 7.6843 5.4662 11.2749 8.2656 9.0446 16.8554 19.4769 14.1126 12.1846 10.2762 21.1786 22.9868 13.2381 6.165 3.2691 19.3078 7.5339 11.5356 
22.8627 7.4263 18.1824 19.2417 17.4773 9.7865 5.9515 11.2976 18.3984 24.9695 21.0134 15.4593 7.3679 9.2562 24.7456 19.3412 17.0947 28.1865 18.8955 14.3839 
33.4284 3.8708 18.0943 12.4893 7.8086 8.2334 13.5817 20.7258 33.5278 27.5106 30.66 23.3324 13.9775 17.7042 14.8026 14.4019 14.8466 35.0338 22.0884 22.86 
19.8852 18.1055 1.5823 3.5961 10.3307 9.7617 17.3893 21.9431 21.9975 11.6547 18.3195 13.9355 23.4719 31.0466 12.129 1.8146 4.3176 18.8932 5.2306 17.3664 
8.4496 22.4267 8.5593 13.6044 22.5065 18.3293 15.9225 19.1079 18.298 3.2723 6.71 11.7401 29.0942 31.7873 24.8226 13.5372 13.5014 7.8812 7.0881 13.2893 
27.7673 14.4741 31.6736 20.8956 24.0625 16.7551 9.5806 11.5366 19.1104 31.7354 32.2322 21.9344 6.7809 6.6771 32.7438 23.4845 20.8943 35.2207 31.5588 15.5876 
15.9903 16.3403 1.4773 3.6592 12.5746 9.7204 17.7599 25.2681 25.124 10.2441 15.5558 15.5436 23.8346 27.0559 10.9629 2.5456 4.136 20.2005 4.3706 18.5859 
28.4892 10.7967 28.6767 19.3384 17.7622 15.9356 11.8867 16.0526 26.0941 31.2628 31.4044 23.8085 0.9966 3.6426 28.1723 21.0694 22.8025 40.2096 29.181 19.7001 
6.7381 19.8827 12.0389 13.8629 23.8448 18.0947 11.7955 17.6674 11.511 8.7396 5.3512 5.1458 24.6103 29.3195 25.3568 11.5851 11.6745 12.8338 9.8107 9.3037 
27.2422 19.0705 10.228 8.846 11.1021 15.8531 23.9559 28.7276 35.4763 16.6466 27.0629 23.1028 30.4617 35.6568 4.7671 7.3832 11.9208 26.1619 13.4503 23.0881 
22.6602 15.9948 25.2027 18.5849 21.2965 16.0185 5.7429 5.0703 12.5274 28.8525 23.4842 11.8695 12.322 13.51 26.7495 23.0525 19.0344 34.1525 25.4202 11.7806 
16.8958 25.9605 24.9597 30.9778 29.002 22.7784 15.1774 6.1413 8.0705 26.4174 20.7729 13.4484 21.7192 20.9163 39.7176 29.9006 23.3041 33.1297 27.9971 11.031 
26.0547 11.6312 26.8237 21.9814 23.7766 14.9847 7.7922 8.4642 17.9345 30.7263 24.2988 18.0834 8.2657 11.027 27.3247 20.8172 19.9159 32.7579 23.4685 12.3333 
32.6039 7.2306 29.6406 21.8342 19.3174 12.9169 13.8645 16.825 26.4537 30.2233 35.8382 26.5419 4.3057 6.5301 21.6149 21.2265 22.6957 43.4258 30.7739 26.046 
8.518 28.3527 16.6882 17.5747 30.5758 25.337 24.8275 25.7751 18.7674 7.7707 5.0343 13.4382 36.8148 39.0867 31.841 21.7582 19.4112 3.2122 14.5098 15.0765 
25.8734 9.9953 14.204 8.4908 0.7735 8.8461 18.7767 22.4428 31.9096 24.4255 29.8832 22.966 20.3936 24.9806 5.1669 10.3966 9.3156 33.5141 15.8238 26.7283 
16.5604 25.5789 7.9137 12.9633 18.2511 18.4723 21.1659 30.384 22.7364 4.0093 11.3636 15.6322 31.176 36.4305 17.5847 11.3619 12.102 10.3959 4.885 19.3646 
23.0196 11.0409 6.0383 1.4288 7.865 5.9927 13.8912 22.4483 23.0683 13.4779 20.0092 16.8715 23.1927 26.641 10.2376 2.9734 3.219 20.838 8.2596 19.9413 
11.3168 27.9475 29.0443 26.6218 37.0341 28.5017 18.544 15.0785 4.9231 26.5407 17.1692 14.0868 34.7362 34.384 39.6066 26.471 27.3745 25.4206 27.2109 12.0694 
5.9918 27.6468 22.8592 22.8069 32.7042 22.3077 19.6478 16.6945 5.1731 20.5052 10.4912 8.6147 27.4937 32.3472 37.7867 24.7563 20.5058 18.0562 18.3915 7.7115 
17.8947 25.9941 4.8165 10.4262 17.7759 17.4125 21.3845 28.8767 30.2737 8.3065 17.059 19.9697 33.0038 34.7395 13.0135 7.7111 12.041 18.4456 6.5201 24.8197 
15.4609 16.0062 4.0025 5.6455 14.2079 12.5712 12.9784 17.4486 22.7924 9.0964 11.4253 12.354 25.512 28.4488 15.7376 4.2849 4.6588 16.5007 3.6544 14.9443 
16.1047 14.3665 17.599 16.2679 19.5377 15.0581 4.8111 4.5002 9.5066 18.0597 18.5019 6.3227 17.157 19.523 24.9604 18.3365 15.2161 25.9736 19.884 5.2611 
17.5667 25.2378 4.8047 10.095 17.7503 17.5096 24.4837 25.6827 24.8786 5.1352 13.9093 15.145 37.0867 34.9401 14.7174 8.4439 11.5844 14.9229 3.9135 18.4817 
29.1138 1.0759 17.5234 12.702 9.6732 5.521 11.1221 21.6055 26.7796 24.3504 28.543 19.2427 13.0276 14.6823 14.6311 12.6275 11.9422 31.3954 18.6738 20.6405 
23.9873 4.3227 17.9718 13.0446 12.4839 6.5437 8.3938 14.7279 20.0583 23.4245 25.4319 14.5974 7.1923 11.0224 18.5814 17.0431 13.5103 34.5411 21.616 15.5726 
29.2857 12.9976 25.0041 23.686 24.4266 16.7116 11.6586 17.533 25.0361 29.5531 33.5622 23.1815 2.4846 2.846 31.636 24.9089 22.7645 40.9271 30.8121 19.069 
17.6746 25.3383 31.3239 31.2083 30.1839 25.9626 15.3736 6.0716 9.2637 27.049 21.4726 14.1829 22.926 25.0832 36.5944 26.9367 24.3846 31.0563 24.3707 10.1682 
22.4827 6.2205 21.252 16.1322 14.0578 9.2812 6.8034 12.0058 22.3162 27.7054 24.851 18.4273 7.1535 9.1905 17.9068 15.8167 15.3413 33.533 23.3644 16.1389 
10.7851 17.1866 13.1973 15.3748 21.5405 13.5719 6.7758 8.6103 10.5255 17.2621 10.6723 2.9784 20.3754 23.1772 25.5016 15.1932 10.6399 17.6673 12.7819 3.8477 
9.9865 25.3548 23.4086 28.3388 34.4528 26.6996 14.5349 9.1179 2.2877 21.6873 15.3087 9.7199 29.9675 30.3119 30.3566 24.9291 21.0839 24.6189 23.219 7.73 
10.081 18.5919 7.7684 9.6737 19.8279 15.2315 16.2301 17.69 17.3376 6.0365 6.6274 8.2589 25.2775 30.9246 19.3901 10.3177 10.3132 11.1694 5.4903 11.1779 
19.0584 12.147 6.0089 2.2231 10.0425 5.7448 13.8086 21.2757 24.6403 12.8784 19.4607 13.685 24.716 22.7161 11.5502 3.1389 0.4971 21.9646 8.8628 14.3409 
13.5206 16.7072 6.5744 5.3707 13.8303 8.3551 9.8014 16.8332 20.3372 11.4794 13.949 10.6326 24.8024 23.0514 16.7837 5.4006 2.8351 17.3847 7.7808 11.5487 
13.2672 20.5116 25.3994 18.8746 28.1544 20.7072 8.3143 2.8463 7.2312 21.9123 14.9308 9.4411 21.2887 22.99 32.2528 24.0414 19.8902 22.0875 21.6785 6.0629 
27.1707 2.1748 18.1531 13.4195 9.4294 5.2267 9.503 18.1614 24.228 25.3135 22.028 17.8588 9.285 15.7877 15.5289 14.3088 10.2091 28.6934 18.6408 19.4019 
13.7406 27.9301 32.793 30.1382 36.1917 32.5331 23.3182 15.4307 6.863 26.4497 17.8628 16.9569 32.8822 35.3081 34.5612 29.4943 26.3576 27.0177 30.4574 11.3412 
13.1443 15.4873 14.7033 12.9706 17.6092 11.1578 5.6518 10.1856 12.5108 16.3329 13.572 4.14 18.4253 19.3917 21.0905 12.14 10.7037 22.0664 15.5505 5.2601 
24.0996 9.5652 7.3042 3.1657 6.4966 5.5989 12.144 23.9114 27.3218 17.2788 19.9917 17.9737 21.8232 25.6526 7.62 4.8345 4.3643 23.738 9.2349 16.3236 
13.996 32.9573 14.3927 23.8057 31.6365 26.2802 26.8399 32.8617 27.9735 8.3278 13.9606 20.6785 43.5517 39.0042 25.4411 18.536 22.7259 5.3502 13.6633 24.4829 
16.0351 11.028 16.4097 11.196 17.2418 8.881 2.8271 9.2065 15.1327 16.7134 15.0912 8.5331 16.5235 16.3378 20.7529 13.2599 10.2755 24.8743 15.5839 9.9919 
17.8543 11.6829 6.5924 3.0796 7.4784 5.2983 13.5645 19.7924 20.0673 13.0103 16.4975 13.3289 23.5327 24.2148 10.0415 3.8515 1.656 24.14 10.2941 17.5327 
4.0856 24.9353 13.1491 16.0311 24.2603 17.6207 14.4794 17.9481 13.3214 8.4833 3.2458 7.2381 30.4536 33.7797 26.3837 15.7266 14.4456 9.5713 9.6259 8.9872 
9.2506 25.3553 8.0801 13.3365 20.2669 17.1152 21.2049 22.948 18.0244 1.6839 8.0082 11.07 36.6048 36.4376 24.4267 13.4402 11.8765 9.1253 6.1406 17.7631 
19.6892 10.5022 7.8649 4.9607 8.6851 4.8717 10.2656 15.2542 19.4663 16.2612 19.7585 11.2743 19.1136 21.2316 13.3311 5.5492 2.8876 23.8284 11.6312 14.542 
24.2375 2.467 19.7423 11.9328 6.5823 5.9923 11.6475 18.6587 29.2445 28.3564 30.0288 20.5481 12.6203 16.45 14.8304 12.6243 13.8094 31.863 18.2108 24.0145 
34.9016 19.0053 17.0249 11.4663 7.5431 16.6248 25.5623 33.3528 34.9987 21.4966 28.5674 26.9712 25.1448 28.484 3.9432 13.2487 15.555 32.7029 19.3947 30.7612 
16.7372 32.4068 19.0206 24.7559 34.8052 30.9474 31.809 33.9783 24.606 10.0262 12.3969 22.972 47.7168 44.143 30.8142 19.0919 20.8427 4.0861 16.1774 25.4087 
11.5867 14.3649 15.6064 12.6026 18.5465 9.4996 4.5085 10.3291 13.1356 14.9321 15.6157 5.3198 17.919 23.2105 20.0803 13.7847 10.669 23.4305 12.8972 6.8973 
9.831 29.7602 14.4144 16.316 27.9017 26.1956 22.6156 28.3593 21.2204 4.4534 6.2914 14.2444 36.3369 39.7071 28.4939 19.1366 16.1813 3.2818 9.1852 18.9998 
7.4506 23.383 10.0439 12.1074 22.6438 16.7308 16.9838 20.4478 15.1326 7.506 5.815 6.651 30.9985 35.2403 22.9177 11.3377 12.6956 9.6274 7.6001 11.3453 
22.107 5.6586 14.574 10.0527 4.674 3.4837 13.6345 17.9658 26.7068 23.0181 22.6586 19.2724 14.1615 19.8536 10.7949 9.2022 9.9958 28.9522 14.5949 17.3209 
11.3075 16.1032 10.3733 8.6995 16.8108 9.875 10.114 12.8893 16.4817 12.0198 12.6374 6.8283 21.4198 24.3383 20.4011 7.8187 6.3698 18.018 7.5258 10.5312 
34.1583 9.1062 17.7794 11.8212 5.7602 9.8784 17.1033 27.2846 29.9368 27.7638 35.0716 25.182 18.0323 23.7747 10.527 13.3583 15.3883 33.3931 18.7229 24.0215 
23.7571 17.4338 4.3937 6.8344 13.4593 14.4962 19.0084 31.5508 29.6533 10.7179 20.0561 19.9338 32.9637 30.1907 9.7961 5.5447 8.6307 17.9456 7.7156 23.7694 
30.0395 11.7476 31.3769 28.2409 21.6809 19.2759 14.9115 16.9274 30.9836 37.8121 36.345 22.2755 2.4327 0.6535 27.5116 24.5051 23.4251 42.2121 31.3844 24.5627 
6.0612 23.5763 11.9828 18.7047 27.5457 18.9214 17.8611 23.2541 16.5993 7.0437 2.2034 10.4213 32.6088 35.15 27.3804 17.7082 15.6375 7.3743 11.0378 12.9201 
27.1283 22.0863 8.3306 9.3163 16.9698 17.4222 26.8227 31.6007 33.8757 13.8048 19.5809 23.7908 30.5873 39.5003 11.5028 8.8738 13.0542 20.1758 8.5515 28.1734 
11.979 30.3719 30.0453 29.4832 30.1034 25.2919 16.5304 13.2065 3.9426 24.3802 14.4116 12.6337 34.0751 28.9572 34.6318 27.3869 23.3699 20.9703 24.2028 10.2806 
EOF