I 200
J 20
bounds (0, 100)
cv 0.5
D 25
k 5
t 3
FLR 0.8
FCR 8
abounds (80, 120)

a 
119.0 115.0 125.0 
115.0 135.0 115.0 
131.0 114.0 112.0 
121.0 115.0 126.0 
144.0 107.0 110.0 
122.0 111.0 110.0 
108.0 90.0 99.0 
98.0 107.0 126.0 
114.0 127.0 134.0 
121.0 107.0 113.0 
120.0 128.0 114.0 
112.0 115.0 119.0 
117.0 110.0 124.0 
124.0 125.0 123.0 
104.0 145.0 106.0 
107.0 100.0 125.0 
106.0 109.0 130.0 
122.0 116.0 108.0 
121.0 117.0 106.0 
111.0 124.0 118.0 
127.0 129.0 105.0 
110.0 126.0 87.0 
111.0 116.0 113.0 
113.0 110.0 105.0 
96.0 126.0 143.0 
104.0 120.0 138.0 
130.0 102.0 121.0 
132.0 116.0 133.0 
119.0 105.0 111.0 
123.0 119.0 114.0 
114.0 116.0 106.0 
102.0 130.0 114.0 
124.0 117.0 107.0 
126.0 135.0 122.0 
122.0 116.0 103.0 
120.0 101.0 115.0 
106.0 102.0 90.0 
114.0 104.0 123.0 
106.0 107.0 115.0 
119.0 104.0 116.0 
97.0 131.0 111.0 
119.0 111.0 105.0 
101.0 104.0 112.0 
115.0 124.0 109.0 
126.0 118.0 126.0 
109.0 119.0 114.0 
114.0 114.0 97.0 
105.0 85.0 106.0 
107.0 101.0 90.0 
135.0 123.0 113.0 
125.0 111.0 108.0 
116.0 107.0 112.0 
124.0 106.0 110.0 
129.0 95.0 131.0 
103.0 99.0 122.0 
102.0 122.0 109.0 
109.0 110.0 95.0 
89.0 98.0 113.0 
117.0 114.0 112.0 
114.0 107.0 117.0 
123.0 117.0 127.0 
129.0 120.0 125.0 
116.0 110.0 108.0 
116.0 119.0 111.0 
109.0 122.0 126.0 
123.0 115.0 112.0 
118.0 116.0 111.0 
107.0 115.0 146.0 
126.0 111.0 112.0 
110.0 103.0 111.0 
103.0 114.0 108.0 
109.0 107.0 122.0 
115.0 116.0 117.0 
109.0 98.0 110.0 
113.0 110.0 111.0 
108.0 117.0 126.0 
103.0 96.0 104.0 
105.0 115.0 125.0 
115.0 122.0 118.0 
107.0 111.0 109.0 
106.0 93.0 125.0 
123.0 110.0 112.0 
118.0 127.0 113.0 
119.0 115.0 104.0 
114.0 106.0 127.0 
103.0 119.0 129.0 
104.0 121.0 95.0 
114.0 120.0 107.0 
108.0 113.0 120.0 
114.0 135.0 135.0 
100.0 95.0 132.0 
112.0 124.0 104.0 
113.0 139.0 119.0 
123.0 103.0 113.0 
109.0 124.0 103.0 
101.0 110.0 104.0 
119.0 103.0 109.0 
115.0 96.0 108.0 
125.0 122.0 130.0 
121.0 129.0 124.0 
107.0 109.0 102.0 
111.0 114.0 118.0 
107.0 126.0 119.0 
127.0 80.0 122.0 
115.0 118.0 128.0 
122.0 109.0 112.0 
108.0 111.0 101.0 
111.0 130.0 112.0 
136.0 116.0 125.0 
113.0 123.0 131.0 
126.0 123.0 114.0 
98.0 105.0 109.0 
117.0 109.0 116.0 
120.0 109.0 100.0 
120.0 113.0 98.0 
108.0 100.0 108.0 
116.0 111.0 105.0 
99.0 142.0 121.0 
119.0 108.0 115.0 
116.0 138.0 131.0 
126.0 106.0 134.0 
114.0 125.0 111.0 
127.0 117.0 117.0 
92.0 81.0 134.0 
120.0 119.0 113.0 
100.0 107.0 115.0 
112.0 109.0 123.0 
119.0 112.0 106.0 
109.0 130.0 120.0 
106.0 132.0 133.0 
114.0 99.0 116.0 
114.0 128.0 105.0 
107.0 104.0 123.0 
137.0 130.0 121.0 
115.0 101.0 120.0 
108.0 126.0 103.0 
101.0 103.0 103.0 
117.0 116.0 107.0 
119.0 110.0 98.0 
109.0 108.0 112.0 
113.0 121.0 105.0 
136.0 87.0 104.0 
131.0 115.0 108.0 
121.0 118.0 136.0 
118.0 124.0 119.0 
115.0 99.0 115.0 
94.0 135.0 106.0 
106.0 120.0 121.0 
101.0 117.0 115.0 
89.0 126.0 116.0 
119.0 109.0 113.0 
111.0 94.0 121.0 
124.0 104.0 137.0 
111.0 118.0 142.0 
112.0 113.0 123.0 
105.0 110.0 109.0 
108.0 108.0 116.0 
98.0 100.0 122.0 
119.0 117.0 121.0 
107.0 109.0 121.0 
106.0 122.0 116.0 
119.0 110.0 140.0 
113.0 121.0 125.0 
112.0 108.0 115.0 
118.0 111.0 114.0 
114.0 108.0 99.0 
103.0 131.0 119.0 
115.0 117.0 125.0 
125.0 123.0 123.0 
111.0 131.0 106.0 
98.0 98.0 120.0 
137.0 117.0 114.0 
124.0 119.0 103.0 
124.0 106.0 115.0 
118.0 98.0 108.0 
123.0 125.0 118.0 
80.0 109.0 105.0 
92.0 103.0 118.0 
103.0 111.0 103.0 
111.0 123.0 140.0 
122.0 107.0 123.0 
129.0 116.0 110.0 
131.0 118.0 103.0 
108.0 99.0 135.0 
118.0 122.0 128.0 
110.0 119.0 104.0 
103.0 125.0 115.0 
94.0 105.0 119.0 
115.0 102.0 129.0 
108.0 100.0 109.0 
107.0 111.0 124.0 
106.0 120.0 114.0 
111.0 102.0 104.0 
123.0 119.0 115.0 
142.0 116.0 105.0 
112.0 102.0 113.0 
135.0 123.0 103.0 
107.0 107.0 122.0 
119.0 125.0 129.0 
123.0 123.0 128.0 

Icoords
44.169 50.4351
96.268 73.5349
87.3668 71.4287
58.6013 10.022
36.4329 63.0425
94.9121 64.5058
88.5481 23.0917
23.7067 10.6673
47.1055 55.9793
63.1989 24.7612
49.4823 2.5543
82.6431 83.7732
44.8661 24.5161
58.4452 30.1211
56.9321 77.8945
95.3312 34.8788
60.1469 70.4212
44.6931 13.8567
44.187 92.438
24.105 79.5544
83.59 83.5297
78.1421 39.83
32.884 87.8241
28.1531 9.5813
12.0842 35.5416
96.9984 70.233
13.8523 82.5561
1.3269 45.7159
9.9492 48.2451
88.9049 78.5779
97.599 82.4319
32.8801 47.8349
75.3939 73.8343
12.4304 88.4561
62.3521 51.7283
67.307 48.1241
28.888 95.0207
50.3528 88.1139
42.4097 3.4105
34.0492 24.6414
76.1321 65.5233
7.6008 97.5314
8.8965 64.2973
6.406 28.7823
44.9165 31.5526
29.2891 33.6469
10.2139 27.9177
67.9632 34.0131
61.9396 42.1322
66.8612 94.344
27.5858 42.1101
59.8611 4.4752
34.7371 58.8801
93.4001 22.0852
72.8205 65.1949
9.3393 23.2422
48.9641 27.9306
96.4777 57.4381
90.177 45.6133
98.0581 30.5799
14.1899 89.9955
22.0463 5.5564
72.1812 29.4269
67.5099 8.7573
59.2374 63.162
48.352 67.2568
54.2787 84.6112
89.6888 63.5058
21.7657 82.3069
15.4058 49.7931
79.7213 56.7834
7.9808 26.1681
72.0707 19.7061
10.1859 80.2569
82.5765 50.6
23.7833 42.9786
85.4908 68.2764
61.1867 56.8842
48.719 58.9154
4.2093 71.3109
31.5125 12.3561
61.5659 51.9575
64.7694 32.3606
4.4416 73.299
38.8026 18.4633
70.9348 73.0315
39.2 75.5216
88.0613 33.6923
91.269 93.5413
30.4497 31.5002
30.7535 80.4187
36.997 95.482
67.1445 10.5805
37.0527 53.5775
14.0245 25.675
2.6824 68.8028
53.1618 48.8614
80.2542 34.2892
51.6332 53.4741
85.9032 77.2498
88.6137 85.0801
41.3376 80.4215
47.5603 15.4373
7.3185 13.3552
57.0519 63.6844
45.1469 30.9977
52.0872 73.0274
84.2478 90.4294
16.1479 96.5321
77.6255 85.6925
72.1845 56.2272
6.0552 79.4725
81.5649 89.5868
12.3454 11.9244
43.5655 49.5243
81.1881 81.4637
93.0581 47.8893
32.9089 54.6381
65.2413 74.2762
58.0768 23.2132
96.8551 49.4726
0.072 74.1635
14.7594 82.2683
36.1376 73.9452
9.5242 94.4095
78.6249 91.7869
22.482 79.7113
47.0431 68.3549
58.6274 75.8829
59.6638 47.5625
81.2258 38.948
23.9592 6.0854
52.7411 98.3304
90.7344 1.5489
40.2078 3.5164
46.132 15.7192
65.919 19.6031
81.2589 39.0619
95.6439 57.9682
25.0854 81.7783
73.3023 83.036
36.9439 82.9145
46.8533 16.698
1.8646 49.5262
96.1471 3.1298
32.1017 80.429
73.3867 49.6518
74.6366 52.3284
63.0858 23.2272
11.5221 93.223
69.273 9.6612
75.4889 74.4616
11.96 67.9033
30.759 79.338
91.4804 55.5142
0.2356 88.865
39.8998 35.082
76.6151 33.0241
62.4052 86.3758
85.4079 66.2224
63.433 17.4726
10.3795 75.4848
90.9442 54.8824
53.333 96.0252
33.0668 82.2158
63.6856 61.9801
89.5049 46.344
75.7644 89.9652
70.6103 34.6668
69.213 19.8171
10.454 95.018
18.8835 13.8653
5.4801 25.3227
61.4978 45.447
96.9745 28.3874
97.0453 81.6214
1.2376 33.8707
12.1328 48.9213
41.046 16.5758
86.8591 29.8709
1.9315 43.7945
1.1149 25.2088
13.6737 87.8619
75.8015 95.7362
14.8046 6.5198
2.7696 29.892
12.1099 34.2662
30.8806 46.1407
79.9667 59.993
90.9003 70.5798
31.916 90.2614
19.8633 67.7589
23.1914 62.572
53.0819 77.242
69.3364 19.6398
80.8189 72.9646
54.0682 58.4692
1.2771 84.7428
56.8732 75.9358
49.3102 49.8417

Jcoords
72.2679 65.4602
13.2249 99.027
15.8569 83.9909
12.6001 27.5489
77.589 30.6032
49.1896 52.1203
32.2749 75.4321
22.4863 68.6193
64.0101 58.9103
54.5407 44.7049
19.8938 1.9477
40.894 91.6965
38.6511 29.6106
82.5226 72.2818
74.3682 40.019
51.1708 8.614
60.0706 84.8052
84.7446 69.4974
43.4423 7.5736
38.5417 17.7539

C
12.2803 22.7322 13.7947 14.7897 12.3423 1.8938 10.5996 9.9469 7.1328 4.4044 17.8237 15.828 8.0808 17.1305 12.2158 14.8369 11.8837 16.5199 14.1721 11.0761 
8.4297 31.9239 27.2213 31.1527 16.9392 17.7813 22.894 25.8735 11.4082 16.8537 39.0349 21.6263 25.6691 4.8502 13.204 29.1922 12.4501 4.4201 29.0366 24.5396 
5.262 25.656 26.3193 34.0006 14.2229 13.84 19.4159 20.2487 8.9066 12.7282 31.4574 17.3851 23.1836 1.7033 11.9792 27.9912 11.2684 1.1467 23.7782 26.818 
19.1963 39.3024 30.5929 14.8912 10.568 14.3087 25.7853 26.5625 18.7696 12.7143 14.1239 27.186 8.9134 21.5832 11.6982 2.7748 26.067 20.9326 5.4036 8.4832 
11.7986 14.5714 11.0729 15.7801 16.9159 5.6947 4.0774 5.3592 10.1139 8.7751 23.2985 10.1526 12.7522 16.6779 13.4768 18.5349 12.0617 16.9083 20.7202 17.3417 
6.8265 35.3132 27.0644 35.8115 13.9001 14.7416 23.0488 24.4831 12.342 17.0465 38.8471 22.8416 21.417 4.5243 12.5296 24.1664 12.7987 3.7469 26.44 25.8153 
16.3989 41.2853 33.5603 24.3224 4.3871 19.5377 26.2987 24.5585 16.3467 14.0305 24.4531 26.1537 16.9934 17.2362 8.4418 14.919 21.9534 16.045 15.0209 15.4442 
28.92 30.9737 28.4941 7.9415 22.0846 15.571 21.4279 20.7804 19.9401 18.1549 2.9435 29.571 8.9372 33.7484 22.1436 10.6968 27.2087 31.7987 7.9287 6.2195 
10.2421 18.3244 13.3199 16.3278 13.2159 1.7048 8.0282 9.7137 6.2622 4.3919 20.8352 12.4458 9.4647 13.3576 11.3664 15.2459 12.6398 12.7658 16.3691 14.1101 
15.8032 34.1229 27.6306 15.7449 6.0042 9.7007 19.8803 19.1793 12.3347 7.7032 14.777 27.1632 9.1932 16.8774 6.9264 7.1921 19.9376 16.1079 8.9637 9.528 
23.1693 38.9159 26.7665 13.8562 13.2982 18.1564 23.4005 26.7058 19.5838 12.8717 9.4496 26.8755 11.64 25.6555 14.0912 2.2967 31.8201 29.0317 3.0306 7.3131 
6.5122 23.7815 20.1295 34.4181 21.2517 15.3731 19.9469 20.9434 11.6637 16.5456 31.7597 15.8589 23.201 3.6303 17.469 30.0997 8.2295 4.7228 30.4035 25.1919 
17.9333 26.4385 20.6656 11.1484 10.3281 10.0922 17.2245 18.2 13.7259 7.7684 10.6296 26.273 2.4133 19.5367 13.0277 5.9102 19.1567 20.9014 5.1245 3.4619 
14.431 32.3907 25.8478 15.9333 6.7369 9.036 20.857 19.423 9.8405 4.8448 15.781 20.0279 7.8094 15.2792 6.8057 7.5604 20.7782 14.9299 9.7065 7.3673 
7.4235 15.8363 13.9234 22.4121 16.3023 8.149 9.7855 12.2036 7.62 12.3552 33.7143 7.1794 17.3783 9.0517 14.773 24.3666 2.8455 10.0434 25.4406 24.6905 
14.8923 40.3127 33.8664 28.0727 6.9989 15.6492 23.4435 24.5495 12.0448 14.2193 30.0274 28.1228 22.0582 13.3076 6.5054 20.3724 23.6911 13.1085 20.5925 21.4069 
4.8721 18.5965 17.3569 19.6865 16.245 6.8961 9.1895 11.7975 4.3104 9.1674 30.9216 10.2235 14.9816 7.6744 10.3344 21.0913 5.4056 7.5445 25.8168 17.5618 
21.344 28.0928 23.9019 12.6064 13.0304 13.3765 22.8459 19.3828 15.2992 9.7761 10.9079 28.4921 6.6934 22.1407 13.1303 3.0951 24.5519 26.6411 2.4863 2.3193 
12.932 10.0886 10.5982 23.3033 26.2987 12.2409 7.7985 10.4206 12.421 14.8825 34.4421 1.2445 23.8975 15.904 22.3136 27.5306 6.3212 14.8362 28.2355 27.712 
18.1009 7.3521 2.8528 19.7446 27.4643 12.4048 3.0244 3.5739 16.4215 14.5516 30.0236 8.1014 19.4863 20.6982 24.4348 28.3668 11.1767 21.0466 28.5536 23.8245 
7.6381 27.5453 23.8155 33.0437 19.5538 16.1269 20.3125 22.6428 12.422 18.3533 36.0397 16.6316 25.3109 3.5387 16.9325 31.6967 8.5053 5.4122 30.9547 30.4862 
9.4792 31.5312 24.0509 26.0063 3.6308 10.0052 21.3614 20.4024 8.0848 7.4781 27.2791 23.8182 16.2964 11.877 1.2893 14.4141 15.3844 10.8595 17.392 18.099 
17.3237 8.0847 6.1715 23.8233 22.1472 13.1137 3.8164 8.1219 16.4666 17.3756 27.2459 3.4992 17.7952 16.4107 20.3557 32.0215 9.5738 19.2127 26.5895 23.585 
24.1561 32.5552 25.0164 8.7785 16.5994 18.4842 25.5341 22.1105 23.8631 14.638 4.1118 25.1869 7.4422 25.9843 19.5343 8.2822 27.7668 24.8651 5.8182 4.7572 
24.6392 22.3632 19.2878 2.8025 24.1216 14.7607 15.304 11.6334 20.4536 15.0282 12.4956 20.8466 9.3858 26.7172 23.2045 17.5143 24.586 28.1914 15.0804 9.7747 
8.9992 30.0653 30.8294 33.613 14.7077 17.6279 22.3171 23.052 12.6779 15.4717 34.3798 22.4 26.5613 4.87 13.2425 29.6035 13.4183 4.2671 25.7589 27.5265 
18.8258 6.4481 0.9395 17.3098 26.4364 17.102 7.174 6.5398 19.5413 19.7503 24.7434 10.6186 18.5745 20.9207 27.1248 28.2353 17.7596 25.1144 24.7714 24.5 
28.4314 18.3915 13.6863 6.4548 29.7841 14.9359 16.4969 10.4707 25.3985 16.0735 16.7353 19.6057 12.2318 31.4216 27.8327 24.2022 27.5539 28.9369 17.8188 18.5452 
19.6157 16.0092 11.025 8.2293 23.1168 14.0415 13.2062 7.581 20.4873 16.184 15.3804 18.5371 11.043 28.1949 23.7623 18.8874 22.2099 30.3871 18.6197 13.2256 
7.0614 26.019 24.0401 31.1278 19.2186 16.879 18.8642 22.1363 10.4063 18.027 33.3093 18.2709 23.5968 3.2911 16.2896 26.1923 11.366 3.8315 31.7518 29.7079 
9.4888 27.1472 29.8985 34.9569 19.4284 21.2815 23.6842 24.8668 13.0563 22.1092 36.3591 17.3347 27.9642 7.0318 18.9855 27.6962 12.898 5.8007 32.0054 33.466 
16.1775 17.7229 15.5377 9.1418 18.0159 6.3894 9.2169 7.3364 12.3476 8.0605 18.1172 17.3937 7.1342 22.1232 12.9736 13.9263 14.6168 18.6831 12.8617 9.948 
3.4056 26.3287 21.0665 24.2062 17.2411 12.653 15.7708 18.7616 5.997 10.758 30.3787 13.6362 19.2266 2.4704 13.1467 22.4304 6.3341 3.621 28.5347 22.4198 
24.7121 3.3583 1.7144 22.0363 27.2124 16.638 8.0966 6.8833 19.2653 19.62 31.0938 11.1639 19.5331 25.1266 26.0182 35.2049 17.11 28.595 26.9747 22.7014 
6.6701 21.7408 20.4468 17.2864 8.2802 4.9855 13.6522 16.7471 2.5791 4.1472 21.0285 16.9299 11.395 9.388 5.5753 15.4378 10.9181 11.1229 19.1654 14.3588 
6.102 28.3858 21.0293 20.0652 7.5999 6.9239 16.8123 16.5448 4.3863 5.0856 21.3045 17.3953 11.944 8.8163 3.5033 13.704 13.0559 10.9454 15.1271 13.3397 
17.0606 5.0296 5.1849 21.4199 25.3733 18.1066 6.8086 10.6655 16.0038 18.4513 35.252 4.6953 20.2835 22.044 21.7321 34.3282 13.0531 21.2116 34.2366 30.0335 
11.3154 13.6915 13.4901 24.8361 25.1482 14.2933 8.5636 11.9778 9.7975 13.0962 34.5459 3.3004 21.0011 13.2303 16.9121 30.6647 3.8948 14.3406 29.4325 23.8933 
21.4016 34.93 27.489 12.8919 14.8865 14.8473 28.6125 25.0305 22.4046 14.6119 7.7686 27.5493 10.4232 31.1712 19.239 3.5583 32.341 26.2293 1.3618 4.7004 
21.2545 29.8477 22.4215 8.1451 13.4299 11.4985 19.79 17.0431 14.6436 9.2315 10.5596 21.5287 2.0373 22.5985 15.8023 8.3069 22.5361 21.6476 6.3374 3.0072 
1.4856 27.4186 22.1211 29.4584 11.6909 10.1651 13.8215 16.1313 5.1312 9.1929 30.1324 17.4263 18.1526 3.1141 8.2115 19.7366 8.4018 3.6015 24.3049 23.8707 
23.3873 1.7564 5.4365 25.321 36.4404 21.3366 12.3652 11.7979 24.6041 22.9742 30.9062 11.8234 25.3395 31.0477 34.3501 31.6067 20.9593 32.1917 38.153 26.7912 
24.757 12.5749 7.4965 12.5836 26.0138 15.204 8.9803 5.5687 20.7273 18.0357 25.3121 13.9309 15.73 22.6173 23.0433 25.1685 18.5238 24.2675 20.7016 18.1386 
29.9283 25.2729 21.3685 1.9162 21.9031 15.142 19.7527 16.9305 25.3073 19.6969 9.7669 26.1517 9.7412 29.5709 23.6413 17.4004 27.618 28.0842 15.198 12.7238 
15.8094 24.1605 18.9448 12.2211 12.8621 6.6319 17.2611 13.8987 10.9327 5.7335 14.5362 22.1583 2.5917 17.8225 10.747 8.6045 16.6876 17.1356 8.8073 5.3748 
18.48 23.2338 18.6172 6.5796 16.7788 9.0339 14.7961 11.9353 13.3885 10.7703 12.2396 23.1583 3.6223 20.3642 13.7538 10.4932 22.8789 26.4006 9.8554 7.1097 
21.8741 24.8963 19.8205 0.7755 23.573 18.2552 18.618 14.4624 23.6917 15.0634 10.9337 23.3626 10.2811 26.2645 22.5823 14.498 29.9093 28.0698 13.6794 11.8307 
10.7378 32.6952 26.8223 17.4687 3.7335 10.4227 21.3008 17.3211 9.2517 6.6033 19.8484 24.0476 11.0798 13.8106 3.4463 11.3481 18.8541 14.9669 14.305 11.0292 
8.8527 27.7058 24.5287 20.0859 6.8615 5.8955 15.93 16.304 5.5957 2.4401 21.0715 21.3397 8.3475 13.7955 4.3683 12.9909 17.0386 12.7241 14.2796 13.2389 
9.7648 20.5508 15.936 26.3594 20.8908 17.9932 11.9756 20.1424 13.8531 18.0952 40.8271 8.4048 23.6554 9.4723 18.5254 28.5517 4.001 10.5462 32.7056 26.1959 
18.8352 19.1834 14.4003 6.3291 17.3993 7.6931 10.2566 9.3862 13.7023 8.3676 14.0302 15.7977 5.5123 19.4674 16.3012 15.2804 17.9507 23.6095 14.2206 8.1296 
23.7859 39.9254 33.2711 18.0393 11.4016 18.2071 30.3 22.3458 17.7263 15.1445 14.8935 32.1603 10.3105 27.339 15.1335 3.3477 28.1477 25.4116 6.5197 8.4316 
15.2375 15.2219 12.4442 12.0727 20.2385 4.8025 6.5179 4.9549 11.0301 8.2341 22.687 13.2955 9.7803 18.3578 13.6587 16.6744 12.027 16.7783 18.9321 16.2399 
15.8546 43.7821 37.1095 30.4745 7.1641 16.5261 27.8521 32.7315 16.4715 14.3748 30.0134 26.6898 17.7397 15.4598 10.3006 14.1621 21.3361 15.8516 17.6878 20.5093 
0.1937 22.3405 21.0126 27.1222 11.2124 9.1607 13.1559 17.5064 3.2575 10.9781 28.7823 15.1365 18.4655 4.3013 8.2001 21.7972 8.6218 4.8932 22.3076 20.1926 
25.9162 22.7956 23.7913 1.7697 23.9985 16.7573 17.9744 16.4454 21.2608 16.0072 9.1929 24.1809 9.6466 30.1196 25.2112 16.3169 31.1991 30.4309 14.9971 9.547 
14.5737 26.1639 25.1571 14.3646 9.3349 9.536 15.7438 14.7189 12.8117 5.3349 13.5333 21.7955 4.1691 20.1276 10.3532 6.9253 17.8599 20.8413 6.6695 4.4574 
9.8319 36.2945 28.6134 33.2134 12.8147 14.6946 22.4634 27.7101 12.2691 15.6639 31.5594 21.9254 20.2019 6.1834 8.8804 21.0345 17.1708 5.2697 27.5896 23.8691 
10.4872 36.1391 26.5988 27.6951 6.2354 13.9774 24.0066 23.3712 10.728 13.8456 25.9813 26.0847 17.8857 8.4512 5.7787 19.1879 17.826 8.7493 23.2359 18.1002 
16.4148 33.0824 29.4872 27.9538 7.8315 19.9415 26.3777 25.4832 14.0586 17.8709 26.8044 29.9588 20.409 15.9494 9.3028 18.961 22.0934 15.1941 19.5688 22.965 
22.7414 3.1581 2.383 18.79 33.5763 17.5236 8.0828 7.9566 21.3104 23.3898 28.1373 8.3031 24.3014 21.5515 27.5194 29.731 13.8566 22.8792 32.8496 24.6088 
29.7674 31.8085 27.1204 7.9369 18.8088 19.042 22.8316 21.5996 23.5202 18.1225 1.277 33.6046 9.438 34.6707 20.0298 9.8982 33.7883 35.3013 7.827 7.2419 
12.4784 27.9206 24.5218 23.2959 2.1811 11.5361 21.4556 20.1136 10.2829 7.3464 22.0502 25.5475 10.2067 16.2585 3.9098 9.718 21.8245 15.2522 11.7988 11.8323 
17.5259 34.118 36.4761 18.0087 8.832 17.8976 29.8407 26.6957 19.6274 12.1335 17.7636 34.6504 12.5079 24.3996 12.5204 5.3774 27.6302 24.6932 9.5086 10.835 
4.9142 21.988 17.295 23.2548 14.3892 4.8042 10.7591 14.4567 2.4308 6.5611 27.0986 12.4629 11.9902 9.1302 8.6297 18.4888 7.1064 9.2277 18.1804 19.9309 
7.2573 16.8802 11.8973 17.1301 15.2567 5.8471 5.6796 9.7856 6.1358 7.2986 22.1201 8.3249 12.4248 11.9605 15.0476 18.6288 7.6788 14.2674 23.9419 19.4091 
9.748 14.6329 15.021 22.6262 23.2472 10.0634 9.2529 12.9184 8.6924 15.7913 28.6585 5.7761 17.1819 11.3964 14.7606 23.7538 1.9964 13.3451 30.216 24.0052 
6.4879 30.0319 28.1966 27.4666 10.5872 14.9051 19.8202 24.8425 8.679 12.1216 33.0932 21.6226 22.7916 4.5287 9.781 26.8097 13.5967 3.0444 22.208 22.6734 
19.3946 6.6727 1.9372 16.8058 28.8529 14.5557 4.9152 4.7617 14.946 19.718 25.0548 7.9737 19.705 24.0094 21.4695 25.9689 13.1243 23.1945 27.2036 25.2316 
21.3216 16.6426 12.7159 8.7798 21.9244 10.8534 12.1137 6.7984 18.9055 15.2095 18.3091 14.758 10.6791 22.4952 22.5142 16.9463 20.198 22.1443 18.1133 14.9897 
4.4381 27.5651 27.1773 25.4556 9.2381 10.1429 18.1029 19.9535 5.4682 8.814 27.2684 19.4034 19.1516 6.1344 6.133 18.2207 12.2458 4.8735 19.7168 17.4125 
29.2108 26.487 18.6391 1.8933 21.8943 17.7901 20.2082 17.8637 22.8495 16.7231 9.7764 25.6947 10.373 31.5461 22.0676 16.6764 30.5573 32.8793 13.8261 12.1689 
14.8794 35.8124 28.7273 18.5955 4.7894 12.3315 22.659 26.3137 12.4876 11.6787 20.6796 29.0348 11.9836 16.9444 7.764 9.1023 24.2476 18.3629 9.5207 12.588 
20.7227 6.7616 2.661 19.4063 25.7683 16.0776 7.7461 5.9131 20.2833 19.2134 23.9803 11.7938 18.6551 25.5004 28.2103 32.297 19.2853 29.7105 27.1044 23.2808 
5.9737 27.6512 29.0228 27.1272 6.6692 11.9448 21.4628 23.9079 6.5682 10.391 28.7955 21.0668 18.5675 8.2326 4.8759 19.8194 15.2685 7.3004 21.4732 18.0299 
19.4533 18.7072 15.8062 7.4815 18.8544 9.0939 11.3721 8.1873 13.4603 9.9965 14.3469 20.4889 7.0778 22.8962 17.2283 15.9382 18.0407 24.4246 15.9395 10.4713 
5.2266 28.1632 27.5832 26.3684 12.3947 15.5321 19.2281 25.1266 8.2487 15.192 35.505 15.7867 21.3856 1.513 12.1136 25.3773 9.4603 0.4767 24.2282 23.6702 
4.3522 20.4819 17.535 18.667 11.859 4.9697 11.1603 14.7406 1.1659 5.0004 26.7753 14.7439 11.1056 8.5145 8.1661 19.1771 9.1542 10.2265 20.5956 15.5569 
8.2661 16.4646 15.7533 15.8917 14.0353 2.1292 7.5141 8.8413 4.6684 4.8036 19.3515 13.3393 10.8265 13.9658 11.6538 18.6991 9.4419 11.6285 16.0307 16.5873 
25.8825 9.21 6.1657 16.625 30.4611 18.6076 11.1906 6.6876 22.2123 20.4439 27.1088 13.4089 19.4002 30.8265 26.7106 28.6782 22.9068 26.39 26.8167 20.1728 
23.8108 32.9958 23.7355 9.1578 18.5744 15.4396 19.2648 19.1803 20.8875 13.068 4.923 31.0225 6.2461 26.985 15.6749 6.6197 28.8525 23.6705 4.0139 2.6685 
6.4404 22.387 20.345 19.5432 8.3669 4.6824 13.3894 13.8623 2.8831 3.7743 21.9505 16.4708 12.3965 9.4237 6.167 17.5571 10.2591 10.4787 17.5322 15.3627 
11.9022 31.1542 25.8523 20.5162 4.6492 9.5343 18.2527 21.4225 8.8925 5.0916 18.3014 24.5923 8.4408 14.099 4.891 9.3751 16.5652 16.2052 10.7351 9.2554 
21.7874 10.8092 4.8032 14.3133 26.8233 19.2383 11.032 6.9589 22.2146 18.8976 23.661 14.5035 20.3975 24.7147 30.9072 28.7513 19.8425 26.7467 30.3639 23.9722 
20.418 28.5277 23.46 9.6733 14.3466 10.574 19.5133 20.3378 16.247 10.5414 8.7896 24.5358 4.1405 23.6653 15.4 5.9417 24.0423 25.2832 4.0861 0.2551 
2.8629 20.8619 21.4242 28.0052 15.6627 10.2211 14.8856 15.9763 6.0206 12.7772 27.0582 12.2759 18.3911 4.1246 11.8889 21.7304 4.9695 4.5786 25.6583 23.5072 
11.1748 13.4872 9.4064 18.8916 18.1873 7.9259 2.7107 6.4068 11.107 11.3186 26.0674 5.1945 14.7936 17.0082 15.7413 25.346 8.4288 14.5496 21.2342 18.8566 
14.166 34.2238 33.0428 28.1569 3.8706 16.403 25.354 25.1419 11.9321 13.6476 26.597 29.7026 17.2781 13.6331 5.0773 17.2363 22.978 13.5419 18.3127 17.5832 
13.2808 24.7228 28.7106 40.375 23.5668 19.1898 21.3705 27.6173 14.9008 20.935 44.4855 16.1913 31.2734 8.1264 21.0141 30.9834 11.022 9.2155 32.8281 28.0576 
18.8493 22.2378 21.5528 6.2359 14.4461 8.7631 14.9014 15.1361 13.853 8.9725 10.155 22.9414 2.8009 25.1272 14.5306 10.716 20.9169 23.4596 8.3041 4.9465 
14.5355 8.6585 5.5286 18.173 21.7159 10.5983 1.7038 5.616 13.7867 16.233 24.4549 5.2734 18.7985 19.0072 23.1976 22.6044 10.3426 18.7563 24.0016 22.9918 
17.6147 8.3498 8.691 24.9025 26.0205 15.5309 7.0509 12.1515 15.2722 16.5465 29.5049 1.6663 24.3076 18.1801 26.6377 31.8356 9.379 20.559 34.6496 29.2471 
20.03 37.0321 34.9789 21.4496 8.0757 16.2326 25.4765 24.1005 15.5949 14.26 18.704 32.9607 11.9753 22.6821 10.3636 6.0772 28.2064 20.2054 8.0947 9.8787 
12.1235 18.782 14.0906 12.3781 15.1943 4.7894 8.2951 8.1787 9.6454 6.0144 17.8345 14.708 8.7601 15.5908 12.6532 17.9275 14.2181 16.9892 16.4278 12.2407 
24.7083 26.2763 18.8862 0.7808 23.8126 14.9114 17.6485 13.7613 21.7115 16.5577 9.5106 24.1353 8.0129 31.9223 18.9797 16.1914 25.8107 27.0723 13.4778 8.4045 
26.2779 11.0787 6.6189 15.6013 25.8644 17.303 9.2858 6.397 24.2332 20.3975 26.1367 15.76 16.5066 30.6398 24.2484 29.1308 21.6922 31.3489 23.42 20.2002 
8.3167 23.571 16.6639 14.5799 9.7315 1.7916 12.7991 11.8914 5.0455 1.5025 19.3356 15.0648 9.4403 11.8156 6.9916 13.5598 11.6211 14.3023 13.9508 13.5631 
9.8432 29.2329 28.6096 21.5797 1.6402 12.4648 23.455 23.2307 11.0436 9.8515 26.2685 23.2828 16.2312 12.4609 3.0286 12.3756 16.5645 12.1991 16.8475 16.0726 
7.6744 19.2457 15.2168 16.9674 13.824 0.9579 9.2561 12.1435 4.1947 3.483 22.3793 15.1465 10.5378 12.7625 8.9928 16.7158 10.0554 14.5263 16.5847 13.73 
6.0241 26.2665 25.7835 32.0866 17.0338 15.0466 18.7753 24.3974 8.7021 15.1501 35.3187 14.7674 25.4707 2.0179 12.0945 25.4309 9.6032 2.8023 31.4711 27.0341 
9.8393 26.7955 28.1964 30.6011 21.4711 19.6143 22.6807 20.7298 11.8713 17.1173 42.2697 17.382 26.5542 4.6972 15.5247 33.5201 10.3331 5.0432 32.5823 31.5146 
12.3589 12.4059 9.9213 20.5928 23.3386 11.6688 3.4667 7.1883 11.7013 13.8873 30.5717 3.9888 18.7958 14.8111 18.74 25.2367 6.0603 14.1622 23.0806 24.22 
17.4127 35.2792 27.1755 12.3021 10.3817 13.531 22.0652 19.6263 16.1987 11.2952 10.8068 26.3026 5.0809 24.0916 11.0898 2.6085 21.28 23.142 3.0252 3.0411 
31.0918 29.8932 24.8313 5.7428 28.8485 19.4006 26.6753 21.6222 21.8763 18.4327 6.4841 31.4254 10.6107 30.5539 24.9302 15.7068 29.9835 36.4574 13.3164 11.9536 
5.3219 19.3904 15.3905 19.8268 11.9733 4.3741 9.4026 11.4664 3.2303 7.2923 25.4792 11.3442 15.4899 8.3497 11.5449 16.8034 7.9858 9.5585 20.5027 16.9309 
13.2616 26.2787 19.3817 12.6563 11.7936 8.211 15.2338 15.1433 11.2285 6.0736 11.5668 21.0715 2.4563 20.6552 9.9025 7.8673 21.671 16.8171 8.3164 5.6312 
7.3107 18.6328 13.4377 18.2614 16.305 6.5748 6.7796 9.3224 6.0738 9.8733 27.8803 8.3043 13.989 10.3724 14.3727 22.708 4.6911 11.1485 25.8477 19.4857 
10.9144 22.9076 26.4469 31.9824 20.5628 19.3125 18.1213 23.4749 14.4921 18.7792 35.7878 15.2237 28.5885 7.0329 15.6317 28.0543 7.5138 8.2223 36.648 34.161 
20.4631 1.4108 3.9942 23.43 34.3538 20.2876 9.0003 9.2511 20.7109 22.4907 28.4165 8.071 24.0688 24.3232 32.4389 36.4732 15.7841 28.2319 35.2852 26.4289 
7.9805 20.1246 21.8497 32.1528 20.1572 16.7231 15.1626 18.448 10.9572 18.5531 34.4105 11.992 26.232 4.6885 14.094 28.6118 5.3435 6.2555 32.5989 27.6206 
2.9261 22.5418 21.9103 25.2207 8.291 9.1823 15.2845 18.2906 3.025 7.974 26.6055 15.7788 14.1539 7.2466 6.4355 18.4809 9.5726 5.9072 17.7721 19.1093 
20.6218 8.029 3.5088 20.7611 31.4045 20.0727 8.9801 7.739 19.0817 22.809 29.6101 14.3217 23.5186 27.5652 24.9127 26.343 20.2023 30.8948 25.827 24.9553 
9.877 22.718 24.4659 32.5596 23.3928 17.0981 17.2872 24.3735 13.392 20.7306 41.0006 12.2951 25.2291 6.8147 15.3017 34.2757 8.7506 7.011 29.4746 32.8562 
30.189 27.6826 27.5188 5.9834 26.9898 17.525 21.2264 19.6571 26.6839 16.0457 4.7602 31.2726 10.2703 35.3404 22.1494 15.1345 27.3111 28.0923 10.0417 10.1686 
12.7871 17.9234 14.2222 12.7733 12.2048 2.2622 10.3181 8.7403 6.7556 3.6008 18.0145 14.6927 8.0814 16.955 11.0441 14.1228 15.5686 15.895 14.859 12.0459 
6.6562 23.9228 21.9481 31.8432 17.1829 16.5154 19.2453 18.538 10.4074 17.9336 32.8804 12.5218 23.0513 3.2437 12.6132 30.5711 6.5958 3.9024 24.9084 29.4627 
8.9611 29.3902 28.5079 26.2329 7.1702 15.3195 21.9483 28.2813 11.9552 12.9821 29.4771 23.6781 20.978 10.1632 7.0775 22.5375 15.7086 7.3624 21.1993 21.914 
15.7605 15.9026 11.1989 12.6217 19.5429 5.2998 7.1315 6.4471 10.4822 7.2053 18.9308 14.5532 9.9347 19.3359 16.7932 18.5928 12.247 17.234 19.224 12.3689 
4.408 17.4658 18.8137 23.6998 17.8408 9.5594 10.8031 14.754 5.6096 12.1326 26.507 9.7567 18.5729 5.4745 12.5394 24.5846 3.9003 7.6526 26.4487 21.9539 
14.1767 32.425 24.5024 15.6738 6.8937 9.9649 21.1781 18.0635 11.1093 7.9565 16.0311 25.7006 6.9946 17.1041 8.5385 4.9307 24.6127 18.477 7.0147 6.4502 
9.4935 31.4764 30.9748 34.0146 9.7244 17.4772 23.2054 25.2883 10.8913 14.0095 27.6151 24.1647 21.4941 10.0238 7.9547 20.1277 16.597 9.314 20.868 23.8576 
24.6225 9.7576 6.361 17.1016 30.0098 19.4998 10.7931 8.3955 20.3179 21.3516 29.0561 13.6794 20.7156 32.4115 29.0353 25.2831 21.5893 33.454 25.2391 23.2489 
21.7909 5.5266 0.7821 18.9038 26.5507 16.7313 7.1844 5.8173 16.9741 21.5571 30.89 9.4685 20.9208 26.0624 25.5648 24.92 17.8307 24.5436 25.9561 21.7001 
11.969 11.4859 7.0839 16.8406 23.3834 9.0251 1.3948 4.6158 12.0596 11.4981 25.1092 6.1822 17.336 16.9925 20.0262 25.24 8.9489 16.6296 23.8511 20.2867 
27.412 2.3297 4.7867 20.394 31.6459 20.6294 8.9324 10.0881 24.8415 24.5775 36.0164 11.6722 22.9828 26.8271 25.5851 29.698 16.3974 29.8412 36.9451 30.6627 
10.5517 25.3131 18.9814 32.0296 21.9681 15.9497 18.6429 22.0576 13.3984 16.7379 32.4039 14.8849 25.1246 6.9041 16.7255 27.5286 6.0345 8.7441 35.4208 30.1813 
16.851 8.1951 2.8417 18.3958 27.0894 14.0966 3.3001 3.5905 17.0273 16.1961 25.3183 8.7701 16.6254 24.1208 20.9897 29.2179 12.0928 24.2095 25.5637 25.5508 
8.0767 13.7561 12.1195 18.7324 15.2727 5.2452 6.5211 7.9642 7.3344 9.4228 24.8588 7.5624 15.4924 12.5472 14.3288 19.2764 6.5659 13.3826 18.8448 16.5527 
6.5268 16.7611 15.6368 21.3779 14.9281 8.8338 9.143 14.6239 6.8142 10.1378 28.6542 8.0974 18.1138 8.8661 15.455 22.1249 2.7621 9.2812 27.158 22.448 
7.9462 26.7503 20.676 16.5701 9.1278 3.725 13.6059 13.305 3.976 2.0256 18.6333 18.6946 10.4247 10.1713 5.5446 15.9096 11.2964 11.9217 17.0846 14.3065 
9.4336 33.9365 28.3563 25.642 3.4291 10.8453 24.4206 22.1181 9.8456 9.5683 21.6963 26.2947 14.2703 10.8016 2.4841 15.0652 15.7969 10.969 17.7244 14.8592 
23.2619 33.4943 29.4896 8.48 21.9245 16.7303 25.011 19.7224 24.3289 19.212 2.0227 28.7031 9.1251 29.8383 21.0677 8.3954 32.5038 31.5172 7.4545 6.8449 
12.7965 12.8843 14.29 26.5271 21.7507 16.1425 11.6765 13.4293 13.0172 17.1054 38.2357 5.1637 27.688 15.3516 21.1394 33.4155 6.0611 15.9425 32.1866 30.4036 
23.304 49.3918 43.4121 27.5038 9.9592 22.9919 30.3934 36.5338 21.041 21.6229 26.0627 34.0647 18.4171 23.8191 13.7001 14.2271 29.749 25.9342 17.1961 19.226 
27.5368 37.6253 30.9407 13.3709 18.4607 16.6914 27.349 24.9646 23.5497 16.2887 6.7949 29.5853 9.3897 27.646 16.4929 4.4685 26.0246 25.7125 1.6355 4.653 
19.3741 29.9527 27.1773 11.4353 12.3403 11.7332 23.1222 21.2308 14.6078 11.4143 9.032 27.8965 5.9308 26.4256 13.4296 3.0635 21.2703 25.2239 3.059 2.7095 
16.0873 32.6356 29.3697 19.1157 6.2305 12.0127 22.1622 19.765 14.9386 10.2028 18.9738 28.3732 10.9911 19.8122 7.1058 5.5857 19.7832 16.2649 8.265 9.6396 
9.7188 28.8934 30.2711 21.3308 2.8436 11.8352 19.6696 20.2622 8.1465 9.1808 24.1323 23.2156 16.6849 12.2205 2.3146 14.6055 19.0457 12.0455 18.2224 19.0613 
9.2175 28.6092 28.3074 33.6337 11.2746 17.8528 23.0586 24.8549 10.2349 16.585 28.302 23.5357 24.4001 6.3865 10.277 22.7077 14.3219 5.1341 22.1591 22.7404 
17.2689 8.0592 3.6176 21.508 23.975 14.5457 3.3948 4.1031 13.986 18.8454 25.7517 5.9048 17.3513 19.7763 23.4289 30.3322 12.6909 20.8373 26.3265 19.8625 
5.6005 24.7371 19.3101 29.6479 20.4276 12.711 13.2564 16.9768 9.8915 12.8371 32.9741 11.9992 21.0458 4.5798 15.6329 28.2388 4.9033 6.1315 30.7822 25.9229 
13.6327 11.18 8.2917 21.9002 20.556 11.811 2.6962 7.1527 13.1938 13.6675 26.9244 3.8499 18.8312 15.4542 19.3436 27.7258 8.72 16.647 29.492 24.058 
16.5128 30.7972 27.3535 10.887 10.3127 12.6378 18.2215 20.361 17.3241 10.1998 9.5942 25.0307 5.8482 20.5398 11.4878 3.4038 23.6509 22.4926 3.6276 2.7456 
26.5276 17.1256 14.6369 8.7882 29.9958 15.4464 13.8982 9.8053 22.5757 17.3764 18.9884 17.9619 12.9134 29.8267 25.6301 24.6091 23.6314 28.1503 18.6115 18.4735 
24.5966 46.1721 45.2275 34.7735 12.6184 27.1307 35.1263 38.7946 20.2655 20.3923 28.5756 34.7718 22.6934 25.7257 16.767 17.8428 34.9653 21.2323 16.9571 19.0422 
15.3713 9.6961 5.9372 22.3755 21.8186 10.7399 1.548 5.2601 13.3201 12.9049 24.7171 5.1909 17.8208 19.6434 21.601 27.4552 10.2734 21.3182 24.0516 23.0095 
5.6989 23.6367 24.401 25.3935 6.3416 9.4713 16.4164 20.2341 5.2551 6.8858 23.8746 20.2664 12.7967 7.7582 3.2941 17.8075 13.5177 9.1281 20.1262 14.687 
4.5248 24.8192 22.7735 23.6413 8.6143 7.9118 18.7557 20.8216 4.8112 6.5984 24.0676 19.2052 14.9161 8.2152 4.5186 15.9758 12.5503 6.5329 21.6686 16.5642 
14.3014 30.3397 29.3601 18.4947 5.0131 11.2919 20.2831 21.4062 12.1756 8.689 15.3211 25.7457 7.7254 16.373 7.558 7.0254 22.3241 19.3881 8.0628 9.4779 
20.6045 2.2477 3.537 24.7822 34.0353 16.9542 8.4984 9.2795 19.1637 19.4529 35.5818 10.2764 27.2474 25.0647 30.0633 30.7879 16.6592 28.2558 34.112 25.1623 
20.6027 35.1485 35.8075 20.9843 6.9919 14.49 24.7896 24.281 17.1867 12.4688 17.2024 34.2273 13.3287 19.5029 12.2206 6.3826 27.2691 22.917 7.7952 9.7879 
3.7429 21.2786 18.3642 28.9984 16.4965 10.5594 15.5004 19.4951 6.6047 11.8416 29.7603 14.4127 17.708 2.4838 13.4501 22.6167 6.9513 3.6393 27.3979 20.7242 
21.8494 10.4911 5.085 16.1155 25.8321 15.8432 7.2578 3.5471 18.461 18.0916 20.1618 14.6883 17.6206 23.7051 25.2911 25.8669 18.4493 27.2061 20.4422 19.8996 
15.695 10.1874 4.9723 17.6386 20.6481 12.3561 1.303 4.1473 12.5738 14.7967 25.3516 6.0511 17.2901 20.4947 17.9499 22.4144 9.2254 18.7344 23.2476 24.3826 
8.3465 30.121 26.0119 27.9611 10.0313 16.6695 22.0131 21.8338 8.7495 13.0438 30.5869 20.0142 20.7228 5.7335 8.7585 23.865 15.835 4.6811 25.7285 19.5402 
26.2815 5.6601 6.3345 23.6503 32.4511 21.65 12.3922 9.2024 27.3522 24.1129 35.547 14.3383 23.2402 31.1171 32.3597 34.5509 18.1597 28.4116 28.4006 28.7226 
13.3882 27.0561 16.6167 9.5778 11.6938 5.8762 15.6824 13.4679 11.2 5.822 13.9572 20.0163 2.2022 19.2123 11.3514 10.7074 18.2547 19.2536 10.6727 5.7932 
11.909 34.2535 29.9215 24.9221 0.9629 12.0742 22.2598 24.5595 9.1213 8.6436 23.3353 27.078 14.4769 15.1216 2.2797 10.6626 17.6778 13.9421 12.6018 16.3225 
7.4044 20.1044 17.884 28.2494 21.9014 12.6415 11.4857 16.7114 8.3307 16.7463 31.0993 7.029 18.5282 9.6288 15.009 30.9955 0.9074 10.9195 29.6487 27.3102 
4.2579 26.5931 28.6996 28.6402 14.3863 12.5812 20.1141 19.948 8.7466 12.1121 29.0204 19.7714 21.7885 2.4563 9.6078 22.3827 11.4531 1.0342 27.0004 24.2784 
17.7025 34.1038 26.0391 19.1586 6.3234 14.6211 22.6365 24.5955 14.3968 9.362 15.2771 24.683 9.9286 21.8573 8.4321 5.3959 24.4789 21.7349 8.6798 7.7541 
22.6078 7.1283 3.0716 14.9576 32.2947 15.914 8.3904 4.7321 22.4028 17.2954 24.514 12.4842 19.3128 22.8775 22.9283 30.6506 18.3676 29.2529 24.2911 19.4307 
7.0487 32.1952 26.334 31.4975 8.9891 13.8552 21.9812 27.8941 9.2839 12.8216 28.4145 19.2296 18.8526 7.0092 7.5141 23.6917 15.2804 4.9103 21.9762 24.0064 
11.2539 15.2757 12.0208 28.8106 21.0857 17.6135 11.4133 13.4929 13.5055 18.9578 31.6205 4.9219 24.7926 12.7442 21.1007 33.0078 3.9446 14.7848 29.3087 30.2058 
13.2756 8.387 6.2976 19.9576 23.0116 11.342 2.1398 5.4717 14.7747 12.997 28.8438 4.2169 20.9011 16.7725 20.0932 28.2339 8.4693 17.5466 24.4844 25.7806 
3.685 25.0275 17.4378 22.5661 12.8148 6.6637 10.2578 14.08 1.0366 6.8588 26.4609 14.306 15.5867 7.4179 7.4217 17.4253 7.6007 8.3002 20.7472 18.7217 
9.879 31.2044 29.3629 28.9201 6.0965 15.9365 22.0649 24.5629 8.5555 12.0759 25.6112 24.8776 17.9988 10.5753 6.5374 16.6686 15.9873 8.9752 21.3796 17.7525 
8.2082 22.6166 24.0397 27.5637 22.3782 13.9516 17.4977 17.4137 11.7878 18.716 40.5334 11.085 27.6183 6.2491 19.2168 31.4623 4.9577 8.6924 27.5604 31.5456 
10.0069 33.1634 25.7708 20.4266 3.1083 10.0632 19.5241 22.8574 8.5428 6.9233 20.4482 24.2889 10.215 12.8785 2.0992 10.3889 17.8859 14.2651 14.1733 11.1013 
15.654 35.3466 29.9529 18.5985 4.7237 14.693 20.9172 24.8234 13.4483 9.6842 20.7151 28.8863 10.857 17.4883 8.0749 7.1209 22.471 17.0156 11.3469 10.9959 
24.2551 1.6409 4.6122 22.8566 31.8661 21.79 10.632 11.1607 24.3509 25.9623 33.9017 10.904 27.2655 25.6485 30.895 34.4244 15.5567 26.9669 33.8512 32.8598 
22.6662 29.1383 27.9149 4.5624 20.5294 18.3799 20.7102 20.1437 24.2866 16.934 4.3332 28.8916 7.9152 26.9177 23.0331 10.8275 26.2248 29.5278 8.0594 7.8092 
31.0124 28.3175 19.4167 2.8266 28.0532 15.4016 20.4508 16.6902 26.4869 18.7317 10.754 23.0506 11.1178 29.3956 25.555 18.4675 30.0903 31.4696 15.8281 11.3622 
7.6113 28.7465 20.7473 17.9122 8.6167 5.3819 12.8331 16.7069 5.1592 2.6454 19.7911 18.8551 9.9269 11.093 4.4964 11.6061 13.7214 12.1855 13.3004 14.2588 
16.3592 41.7543 33.6636 31.9711 6.4193 19.7143 25.3265 33.0762 17.2424 16.6667 26.6714 30.6841 20.1552 16.8305 10.0422 16.3987 20.7842 14.4927 21.7396 22.5929 
11.0904 28.1053 25.7639 31.9472 18.2754 17.0678 21.7384 24.9834 14.5683 22.1533 37.2535 20.5145 24.3041 6.3696 14.6077 27.2209 13.7164 5.6322 32.7533 29.6561 
27.6048 23.4458 17.1297 4.7291 27.3665 19.5532 17.2473 14.0724 26.2963 20.2505 13.0373 26.5605 12.4752 30.5942 28.2693 21.2246 26.5204 31.749 18.3095 13.6905 
23.8246 18.2027 13.8316 8.1021 26.9845 11.88 10.7974 7.9177 17.8196 14.4301 14.5307 19.077 11.6586 23.4806 19.5082 17.0415 18.9582 24.7016 19.2261 16.3283 
18.8224 29.4906 23.4182 11.4608 12.5648 12.2232 19.8573 16.9519 16.4424 10.3798 7.8773 29.0267 4.4583 24.0857 12.5528 4.1294 27.3837 25.5721 3.2698 1.0633 
12.9971 32.457 32.6216 28.2025 3.1198 17.2023 27.0679 26.6054 11.3956 12.8941 23.2535 26.3555 18.2615 13.6934 5.8275 14.2064 19.9367 14.9843 18.7519 19.3277 
26.083 21.5917 13.1322 6.9773 27.471 18.2442 13.8787 10.7358 24.7711 18.0792 16.5079 19.1601 11.939 32.1482 24.1904 20.5028 28.1817 28.1895 18.0536 16.6813 
26.4704 24.738 19.3322 3.5269 24.5248 21.7183 17.8318 18.6286 24.5962 22.2369 9.7847 29.5892 11.561 29.1705 23.6314 15.984 25.8951 29.2984 15.6546 13.0819 
20.1177 4.0663 1.3453 23.1036 31.4587 16.9048 8.9376 7.9473 22.397 20.8085 31.3202 10.2452 22.6205 23.2381 25.4573 29.9924 18.4037 27.7398 29.191 29.3683 
10.9429 23.7994 23.6274 30.2719 23.7304 17.3922 18.3905 19.0212 15.208 19.7029 39.9518 12.7103 27.2063 7.5342 18.0973 27.4961 6.536 9.4889 32.0058 28.8405 
25.9956 28.1818 25.6918 7.8192 24.188 19.3037 26.2757 21.4812 27.6357 20.1039 2.7146 28.0343 10.6221 35.9833 23.1869 11.8422 27.7621 32.4511 9.3709 8.0517 
23.5385 26.7099 20.1877 3.819 28.298 16.3101 19.1494 13.7543 22.98 19.0732 11.4512 28.0593 12.9931 31.4941 27.2975 18.0399 28.6588 34.7959 14.2197 12.8927 
22.1997 24.6451 19.3978 2.5001 24.6783 13.9431 15.0583 13.2527 17.2592 14.5333 13.0245 20.3448 9.4609 25.2062 23.6276 17.1409 25.0686 25.7765 15.9951 10.7521 
14.223 18.7896 15.6335 9.5794 17.5142 5.9015 9.1669 7.7503 12.4056 9.0571 14.4356 14.8745 6.7856 19.8823 14.4002 15.6267 18.6904 20.9477 14.0788 8.9177 
2.9801 27.6722 23.7673 26.2077 11.0129 11.4746 19.6855 18.2393 6.1398 10.8467 31.6345 19.5129 18.7033 4.5362 8.1046 20.1255 10.7498 3.2913 23.3132 20.3459 
6.3824 31.7399 22.9231 35.2467 12.8342 17.6932 22.2009 23.6125 10.7989 14.0083 37.6054 16.7189 23.1125 3.246 11.3376 22.5242 11.9516 2.1582 24.3187 23.3396 
18.06 7.0542 5.1754 24.9224 24.7191 13.3064 4.6147 7.4315 13.8007 17.0602 35.3928 3.4877 22.0173 17.5349 21.9363 31.9526 10.1263 21.0987 30.1306 27.2381 
16.0302 10.8585 5.1996 15.858 23.0595 12.1642 5.6544 1.0379 14.1513 13.0504 23.4749 10.4959 14.7898 20.0529 21.7967 20.2968 16.0973 20.9512 24.5565 18.8216 
16.6067 13.0385 7.8538 14.4236 22.3107 10.5189 6.0444 2.1906 14.2824 13.7875 21.3045 13.1865 11.6502 20.6394 21.0058 23.2973 15.5241 24.0333 21.2631 15.3255 
7.3601 17.4693 14.2739 20.4848 19.1723 8.3179 7.7924 10.1688 7.3331 12.0248 31.5478 6.4606 18.5441 10.7122 14.9907 23.0954 3.8545 11.7379 22.2742 19.1985 
14.2517 33.656 32.9503 17.5005 5.3393 14.6732 24.8295 20.8148 12.4042 10.4142 18.4635 26.0831 11.0764 18.3644 7.3553 7.1251 25.6636 16.7355 11.1041 11.6961 
4.321 28.9633 22.2514 27.5938 13.663 12.2352 17.0415 20.2214 8.5845 15.3702 35.9775 17.5698 22.0143 0.7127 12.6597 27.3418 8.7076 2.094 27.6723 27.6832 
7.701 18.9198 14.5434 15.6888 12.3874 3.1531 10.3839 10.9172 3.4503 4.9415 25.0527 13.6684 10.928 12.1015 9.3926 18.1679 8.3195 11.1519 15.6239 16.6937 
24.5038 6.2459 4.6513 22.6103 28.7622 21.5684 10.985 9.3567 22.4155 23.7083 33.9364 13.5791 23.2589 27.0916 28.9113 31.7757 21.8771 26.3709 31.1474 24.323 
7.0387 16.0583 14.9936 26.2012 17.4097 9.8421 9.1476 13.6619 6.9801 11.8695 32.6888 7.0093 19.1704 9.0498 13.8391 24.6402 2.8624 9.9347 26.2931 20.1122 
10.2876 22.5161 18.2232 15.5432 10.4523 0.8018 11.3991 12.8779 6.5599 2.5893 18.031 15.4803 7.1003 12.5699 8.3892 12.7977 11.8489 14.0405 14.5559 13.1324 
12.2739 20.5258 17.0919 14.7195 12.8009 1.6253 10.5443 10.4535 6.697 4.6094 20.8169 13.2907 8.5957 14.4777 12.4298 13.9379 12.3079 13.5567 14.5364 9.9851 
8.5867 26.5207 28.0484 35.4777 17.8849 18.9243 22.958 28.8461 11.649 16.6001 38.5639 23.2697 24.1839 5.1124 14.7694 26.8445 12.7193 4.3224 26.0197 30.2872 
5.1013 23.8127 24.3154 32.1194 15.2766 16.0861 18.9132 24.1776 10.4887 15.0521 30.1014 18.5816 24.6345 1.6955 11.9078 26.8675 10.323 1.1991 30.1412 26.6293 
18.9679 39.8219 32.8483 15.6247 10.5512 13.8083 23.3738 21.2349 16.0643 11.988 15.7688 29.0413 8.5416 25.2382 12.7725 2.743 22.7235 20.6207 5.5188 8.2983 
12.8689 16.9864 10.6031 13.3047 17.3823 6.5076 4.361 5.6957 9.4056 8.2545 23.8175 10.8979 10.963 14.337 13.6055 19.3131 10.4263 18.117 22.3528 13.7464 
7.9529 26.8529 26.4537 34.4039 12.0079 14.2253 22.9471 28.8864 12.3608 13.9979 30.222 23.9725 24.1909 5.3873 11.0593 25.6213 15.4238 4.1139 28.7962 28.0051 
17.8514 39.2852 34.025 26.8253 4.7964 15.64 26.7444 30.1185 13.047 12.3623 28.2174 25.8781 19.0062 17.9399 8.6295 14.9631 20.8727 14.2664 17.9259 18.9947 
22.6674 34.3015 25.397 7.4222 19.166 16.2035 23.7733 18.7806 20.3613 17.1216 3.3404 28.751 7.9069 27.2917 22.0148 8.4743 27.2087 25.6611 6.7141 6.4497 
9.9706 18.0888 15.947 17.5662 12.7677 1.5679 8.8232 10.6408 5.485 4.2785 18.7783 10.9666 9.6087 12.4336 10.0585 16.2395 10.5095 15.0054 16.7477 14.6311 
14.1228 31.5538 25.2497 20.108 6.1129 9.5347 18.0757 22.5963 10.7737 7.7902 16.5783 26.7117 9.1957 15.6616 7.3689 7.4639 19.7752 14.9658 9.6026 9.9766 
20.2121 30.9389 34.1849 16.6319 13.3617 18.885 29.5932 25.514 20.2298 15.3213 9.5117 30.592 9.9526 28.8191 14.3971 2.3539 31.2893 25.6118 2.9481 5.6576 
6.6195 22.1397 22.0463 28.068 19.8203 14.4013 17.4759 18.7907 9.3707 15.4435 36.1524 14.1336 23.7662 3.8429 16.8011 26.8974 8.2544 5.362 27.9355 27.9072 
15.3419 27.7823 23.5111 11.547 13.307 10.0419 17.3032 18.5759 15.3674 7.9698 11.5519 26.3201 2.4599 23.1983 11.1247 6.0762 24.1681 22.0496 5.2758 3.1767 
14.7611 26.7614 22.4142 15.3226 7.0242 7.4608 19.6797 19.502 8.8582 5.2901 16.6643 25.131 6.6194 18.3719 7.4713 7.4946 17.5778 18.3723 8.9509 8.8881 
6.0671 14.6469 16.5436 26.5712 19.6206 10.6383 7.7586 11.8219 8.0172 11.9193 32.9539 7.8416 19.7687 8.5618 15.4443 25.4233 2.4212 10.8773 22.0323 20.3825 
13.973 41.6256 28.5319 31.7271 6.1211 17.1368 28.8564 31.8308 14.8675 14.0053 28.1178 26.549 20.396 14.5332 7.2824 16.7347 19.7059 13.7239 22.4747 23.0855 
5.0332 18.635 15.8375 23.9568 16.7927 7.0924 8.9459 11.7296 4.382 9.3806 25.3219 11.0097 17.2602 8.5164 11.6568 22.9462 5.502 9.3586 20.5754 20.6643 
22.6488 33.7041 28.7627 13.1019 13.5287 15.1411 22.1172 21.7406 15.4413 11.1944 10.2779 24.5332 5.8177 27.2635 15.0688 3.0051 23.9348 22.3906 2.4895 2.197 
13.7693 12.2886 9.0994 22.0692 25.5959 13.1631 7.0739 10.8491 13.644 16.5871 36.8594 1.2263 24.9571 13.2404 23.5838 32.7626 6.4322 14.3329 26.4023 26.6484 
16.5653 7.4636 3.5655 18.7113 28.0154 14.2783 3.6137 3.9077 14.8714 17.1889 26.7438 7.3928 16.2507 19.1617 22.8105 23.029 12.5506 23.3209 26.8021 20.0801 
8.3589 26.7311 23.4904 34.5987 16.246 18.5958 20.167 25.0643 10.3207 19.0709 40.0349 17.2054 25.4653 4.151 17.1726 29.4601 8.682 4.4619 31.0234 28.6047 
9.921 29.7214 27.7158 20.2115 2.9791 11.3797 18.464 19.3434 9.1177 8.4686 24.8959 20.0251 15.8191 13.0886 1.1921 14.4224 14.8125 9.1453 16.056 15.1928 
15.8517 7.6276 5.6636 24.5801 24.253 14.617 4.4901 7.3553 16.611 17.226 26.2992 3.0063 22.1475 17.9087 24.4446 25.5668 10.5831 17.8816 24.404 27.9857 
26.6408 34.4595 27.0074 8.403 17.1796 14.8396 22.9609 19.4001 21.8933 15.9076 4.4391 27.6633 7.1188 29.2624 19.6007 7.0911 31.7545 31.3514 5.2738 4.2747 
25.0694 20.6361 16.615 3.1076 21.2444 16.0084 16.6274 12.9545 19.9126 13.4863 11.9265 20.9034 10.6025 27.162 23.6915 18.1741 21.5119 31.2391 14.614 11.0851 
7.6543 28.7454 24.8627 35.5424 14.2047 20.0358 22.4145 29.3498 11.7049 16.7995 35.5642 22.5862 22.5657 5.3627 11.4531 28.682 15.6851 4.3457 27.053 25.1462 
24.1638 5.4542 0.8083 16.8696 31.074 15.7215 7.3715 4.9643 17.1458 20.9896 25.5195 9.3541 21.8719 22.3233 24.1216 29.3617 15.7097 23.0816 29.35 26.4278 
24.8158 19.4566 13.5307 6.7862 24.3964 17.6787 14.9609 10.3117 21.395 17.287 18.9841 22.6023 12.7765 26.6802 28.7924 20.4989 25.6488 28.1302 20.8531 16.7251 
21.7427 19.7087 12.0503 6.9544 22.1941 12.3144 10.9724 8.471 16.9001 17.3291 18.4489 16.1793 12.535 23.5697 25.0092 18.8874 20.0633 25.4651 20.3689 14.9686 
7.9364 31.1773 24.3551 34.1387 15.369 18.1341 17.14 22.6534 11.3136 17.1344 34.619 16.3448 27.6313 3.0275 13.0176 28.9744 11.2746 3.1283 26.6425 24.4328 
11.1963 27.7836 25.1975 34.8153 21.7062 17.7746 19.7554 24.4697 14.4054 19.8765 42.5569 18.6907 24.3391 6.0413 18.5696 31.4896 14.6014 5.5491 28.8178 30.1378 
14.0113 21.704 15.3778 8.766 17.4937 5.1905 11.0305 8.5796 12.9523 7.8372 15.8186 17.6567 6.5511 19.1793 13.0327 15.4712 14.7453 22.404 16.3082 11.7784 
2.8603 23.1626 18.4513 26.4451 15.9469 11.2679 14.321 17.0391 7.2884 13.1081 29.0527 13.1584 22.9063 2.3441 13.5188 25.4847 6.7939 3.1428 26.8428 20.5073 
22.3339 3.6191 1.7639 22.1886 30.2883 19.0724 7.2255 7.0634 21.2032 19.1524 30.3123 10.2443 22.0971 22.8103 28.605 31.5309 15.9059 24.0347 33.8093 25.0529 
5.4353 21.8567 21.2334 18.6803 9.7545 5.1725 13.9317 16.2925 2.6837 3.6157 21.5062 14.0175 10.3997 8.8955 6.0182 15.3754 13.0069 9.1418 15.4572 15.9477 
5.6223 25.7864 23.3812 19.3229 6.1433 7.0649 13.3832 18.25 3.7175 5.231 25.8315 16.3355 11.9236 11.2288 3.5721 13.8021 13.5868 9.0338 17.5221 16.247 
20.5987 5.9124 5.9753 25.8413 27.5456 14.2859 6.0234 10.709 16.6637 19.8745 36.4676 4.6716 20.9118 21.5488 23.5449 35.051 11.0679 19.4368 29.6712 26.6073 
11.1988 14.5468 10.9157 23.0162 21.0183 11.2323 7.3601 11.9268 11.5642 14.9715 30.5247 3.7363 23.662 12.5276 20.3526 26.3159 3.6104 13.402 28.7858 24.9206 
22.4621 31.5809 32.9274 14.2574 15.5757 15.1227 23.3031 24.7714 22.756 15.4554 6.839 26.9224 10.5847 26.6123 17.8103 3.9038 25.7779 27.9874 1.5227 4.7435 
21.741 27.8702 20.8138 7.8702 15.3636 10.6389 19.5511 14.7377 14.9895 9.1025 9.2971 26.2671 2.6509 24.4131 16.5919 7.5353 19.7764 25.33 5.9848 2.5245 
1.1602 27.0908 23.3125 23.7517 11.6909 10.5473 15.3233 16.142 5.1671 10.3147 33.0183 15.4773 16.7043 3.1504 9.2648 21.3958 8.8259 3.0761 24.8838 18.5094 
27.7905 2.1794 5.2493 23.6582 37.1376 22.3588 10.5466 10.9036 24.0367 21.7587 37.5269 12.9558 24.6599 25.0469 33.3808 33.1019 20.6354 25.3052 34.1053 29.093 
21.721 11.448 6.6568 13.3962 29.6021 15.8396 7.8901 4.8357 20.7384 18.2543 20.0193 16.37 16.0362 25.0612 22.1495 26.2801 17.3495 27.3238 26.2407 20.6935 
25.3147 25.654 21.4581 2.513 27.1225 16.1751 17.0802 13.1114 21.8879 19.124 10.6589 26.4674 9.7444 30.3775 22.7045 16.3939 24.0494 29.9029 13.9006 12.965 
13.9928 23.6461 23.7829 11.6805 11.7377 6.4218 18.0556 17.1697 10.926 6.2191 14.7572 20.6996 2.4113 20.4058 10.8635 8.0767 21.809 18.2688 9.2926 5.9022 
18.3623 21.6449 16.4235 5.7196 17.4273 10.2503 15.3072 11.832 13.6676 9.6621 9.9418 22.6848 3.5305 25.2842 16.2259 11.3743 20.4549 24.5715 11.6235 7.0324 
27.0597 21.8999 20.6546 0.7403 26.5871 15.4107 16.6483 13.0936 23.2199 16.8788 10.4404 21.9471 10.3381 27.0873 23.3592 16.282 26.3465 26.38 14.3651 9.6277 
9.7633 30.46 28.8006 18.8566 3.9142 8.0075 19.8519 18.2241 9.0778 5.7762 20.3973 19.5745 10.3061 13.8884 3.1478 12.0545 18.6588 15.595 14.3915 10.9115 
8.2149 27.0991 24.8338 16.5616 7.225 5.9068 14.873 15.501 5.9084 2.8349 20.5656 18.9112 8.5617 11.8826 4.7516 10.6356 16.6969 11.3385 12.602 11.2521 
10.8638 21.5092 17.9814 30.1545 20.0117 17.7048 12.7403 18.4498 12.9004 16.5864 33.3437 9.2322 27.1508 10.054 18.1853 26.582 4.4752 9.934 30.6924 31.0546 
15.538 20.193 13.587 6.5694 20.2829 8.0884 11.9122 9.5887 15.3469 8.7981 12.7462 18.1234 5.5807 24.7887 17.8278 13.2772 16.2554 22.5004 12.0582 10.1219 
22.7839 32.1027 34.816 19.3331 10.3943 19.3301 28.0009 27.2232 19.9592 14.3572 15.7145 34.856 11.6195 28.0611 13.1487 3.6481 27.3043 25.5718 5.31 8.9189 
12.1626 17.317 11.2472 13.051 19.4325 6.2832 6.2134 5.9033 10.7842 9.6564 20.0276 10.0301 10.867 16.0005 13.3646 17.9331 12.201 16.1137 20.5193 13.3487 
14.9958 38.4482 33.1505 25.2591 6.2122 20.3583 31.5923 33.5373 15.5387 17.4503 29.4951 27.7623 21.9839 17.5349 8.4831 15.811 25.5977 17.9578 15.8357 21.2743 
0.2394 23.6494 20.6047 24.53 12.5778 9.1229 13.7121 17.1633 3.4934 8.7594 31.0503 14.8212 19.2943 3.6946 8.4952 20.1554 7.2581 5.0073 24.6683 19.9117 
26.3178 27.2425 23.8035 1.6632 26.8129 15.4925 17.906 17.7682 25.8432 19.4148 9.2761 25.093 11.9143 27.8115 23.1561 13.6314 27.37 34.8009 14.3928 11.1694 
15.4042 24.2859 22.058 12.2917 11.0858 7.7701 17.5916 18.1559 12.302 6.2665 15.3775 21.7891 3.8368 17.4247 9.8214 6.4198 22.0264 19.7444 7.085 5.5601 
7.8859 35.3173 28.2314 27.7194 11.0557 18.8346 25.5305 24.4774 10.4686 14.1563 33.1861 22.5065 20.6961 8.1392 11.1068 21.8938 13.9826 5.2478 25.8279 28.0334 
8.0252 34.0127 31.2076 29.7581 6.4392 14.5792 22.7106 25.1156 10.455 10.9118 25.7166 26.8674 17.5997 10.607 5.113 18.5589 17.8112 7.9532 20.1868 21.7906 
13.4997 38.271 31.193 33.6489 6.2574 16.4648 24.2837 33.2246 14.9046 14.38 25.5224 25.465 21.6627 16.608 9.188 16.6931 20.7362 14.3509 19.634 19.3546 
22.7729 3.3007 2.2565 23.9997 32.0821 20.5508 7.558 7.8809 22.7902 19.0224 31.3754 9.2744 24.2298 26.2035 28.6458 31.5278 16.0268 22.8865 31.2316 27.178 
28.548 35.7893 25.9717 8.4755 20.7646 16.5843 21.3627 23.6933 22.4884 19.8014 1.3375 27.7055 9.0054 34.5446 20.4433 8.8469 32.3028 32.9192 6.5031 7.3937 
13.9017 31.0766 28.7722 23.0157 2.1368 11.4036 21.9367 24.1831 11.0783 8.5156 21.4064 27.011 10.4548 15.1256 3.9433 9.4932 21.0876 12.7913 13.3909 11.024 
20.1149 38.7528 28.1989 18.4091 8.9836 15.1485 23.2873 24.7632 19.2905 14.434 16.2869 29.8422 14.0247 22.4348 9.88 5.3496 27.5843 19.7369 9.3206 10.6924 
4.5808 21.9005 14.475 22.9614 12.9727 5.3969 9.118 11.8224 2.3234 6.2297 26.9822 11.5809 13.7379 8.7926 11.0491 17.0717 7.6869 9.7113 22.8613 18.5835 
9.3271 17.5243 11.2576 20.7955 18.3933 5.838 7.054 8.9749 5.5254 9.2373 23.4879 7.7091 14.4696 12.9794 12.7914 18.1181 7.0901 14.5518 23.906 17.1129 
9.2777 14.5284 14.7559 24.5129 22.1648 13.066 8.6164 11.5803 8.6485 12.1158 33.5557 4.5812 18.4055 9.2576 19.4461 27.321 1.9883 13.2022 27.5164 27.4463 
5.7271 31.9204 24.0437 26.9392 11.2182 14.7495 21.38 21.6074 8.4077 14.3019 33.6516 20.5688 23.1469 4.2772 9.1921 22.0553 11.3786 3.0358 28.5148 21.7401 
20.2038 5.8729 2.3434 19.8705 27.8333 14.6372 4.2961 4.5245 17.9593 15.4881 28.9613 6.546 20.6457 18.9169 25.8565 25.0327 15.2163 21.9926 27.1024 23.3974 
23.3152 17.9042 13.2391 8.0534 21.5209 11.1277 11.2052 7.5487 14.9394 13.41 15.2432 17.0338 9.9526 21.3131 19.5498 20.6769 18.5976 27.255 15.412 12.2115 
4.2311 26.4307 26.0111 25.4483 8.915 9.6703 16.028 22.6361 6.3355 9.0569 30.3523 16.2756 15.1381 6.2321 5.6367 21.6364 11.0137 4.9213 20.1447 18.7061 
24.758 25.5082 21.6095 1.8514 26.3722 15.545 16.8466 17.11 24.5951 15.5805 9.4147 29.2219 11.4532 33.7462 25.4992 15.3943 24.3298 31.8303 14.8552 11.798 
16.9749 34.1432 29.6667 19.8432 4.4303 15.5849 23.2548 21.5079 13.7163 12.0573 21.1205 31.0667 13.8798 16.135 6.2084 9.0574 24.2277 20.3255 11.4392 11.7315 
23.2755 7.3225 2.4865 16.0084 26.8483 15.0916 7.0927 6.5142 21.8119 18.5256 24.2565 10.4961 18.9572 24.547 23.4379 32.6437 19.2803 28.9949 24.1709 26.3487 
5.6789 25.6381 23.0839 29.2123 7.3761 11.9382 19.2525 21.7686 6.6252 10.5084 27.9386 22.2785 15.2425 8.6489 4.1527 19.5363 14.4332 6.9181 19.6528 18.1508 
16.1773 22.192 15.5848 7.4129 19.4341 8.7186 12.4657 9.4556 16.4587 10.0519 14.149 18.0569 6.3621 25.4694 18.8143 16.2063 21.8338 22.0047 13.4652 8.7704 
4.091 26.6631 21.8081 26.9696 13.7805 13.9109 17.8213 20.3633 7.2106 13.8109 35.5144 19.4589 22.6853 1.6706 11.8768 24.5858 11.1128 0.5564 26.5395 23.2012 
5.483 19.3582 19.4628 19.3594 10.5175 4.0158 11.7064 12.7994 1.0488 5.0767 24.4455 12.9468 11.3745 10.4326 7.4469 17.4516 9.4365 8.7034 16.4136 15.3218 
7.572 17.6537 14.9762 16.8819 13.2427 2.5093 9.2249 9.2553 5.4192 5.2735 19.3196 10.2825 11.691 14.511 9.8857 19.5149 9.3034 13.4796 19.9842 15.6332 
21.8591 10.3846 5.9608 13.9069 32.6932 14.9399 10.385 6.2738 22.9146 17.6201 22.1095 13.9503 17.7019 27.6389 28.7848 27.3544 18.0565 26.672 24.0699 23.4618 
24.2392 27.495 25.51 8.6119 16.3096 14.8869 21.3969 20.4283 22.3807 13.0839 5.0946 25.5418 5.9884 30.8726 16.4859 7.034 30.3788 26.0446 4.5511 2.9415 
6.3318 26.8469 18.3691 18.9578 8.8528 4.3779 14.3804 16.628 2.5647 3.9975 24.8864 14.0071 12.3325 9.158 5.8432 14.3836 10.9397 10.3625 15.2119 16.1832 
12.7846 26.9323 26.0657 16.0735 4.5896 8.0471 17.3732 17.6794 8.1754 5.9653 19.5266 20.9978 9.8459 13.6446 3.7011 9.0577 18.6134 14.6618 13.0633 9.4596 
21.7397 8.5174 4.8173 15.1545 31.1767 16.9363 10.9426 7.3578 22.4107 18.7245 27.5741 13.7604 21.4574 27.4634 27.3836 29.677 18.57 29.7775 29.1182 23.0467 
18.1391 27.2598 24.9597 9.7703 15.005 11.7857 19.2094 19.7101 18.5155 11.692 9.952 29.188 3.786 27.6315 14.2938 5.4326 25.2893 26.7595 4.2199 0.248 
2.3701 22.1721 20.9917 25.9784 16.1051 10.1034 14.3627 16.9104 4.8567 11.5565 32.1951 13.3511 19.2893 3.8749 13.014 22.95 5.7513 4.4945 24.5579 23.3214 
11.51 10.8143 7.7079 16.7249 22.2171 10.165 2.1186 5.622 9.9127 13.1878 28.3265 5.419 15.6843 15.5832 16.336 21.3902 7.1656 15.8452 26.8781 22.8486 
12.5731 37.0849 26.8126 27.1121 3.7461 16.8031 23.2708 27.4897 13.4654 10.8426 26.6196 29.583 16.6485 13.1925 4.9445 17.4549 18.7472 12.945 18.3902 18.9878 
13.2401 30.2385 26.9699 39.0606 21.2739 18.0266 22.1789 24.9251 14.936 21.0022 37.1467 15.8586 29.8824 6.9333 19.5211 30.9458 10.9572 8.042 37.8748 29.387 
18.5746 26.4679 17.2597 6.0183 18.5998 8.3869 14.0747 12.566 15.985 8.6896 11.1748 23.0453 3.1814 24.9685 14.3875 11.6175 21.0449 19.9871 10.1991 5.2495 
16.2035 9.8319 5.0185 17.1668 24.7791 11.8311 2.0776 4.5931 12.9115 16.9582 30.3488 5.8193 16.5824 20.3121 18.3108 29.5618 9.6311 21.9457 24.0829 22.9602 
14.3956 7.3139 8.6332 21.7265 23.4414 16.2832 6.8531 11.8095 16.3179 16.3585 34.4588 1.6983 21.125 17.2757 20.8327 31.3692 9.3815 20.5047 30.7624 23.4319 
16.5465 40.6576 31.4058 20.6727 8.9226 16.3458 27.3468 22.5773 19.3144 13.7762 18.7136 32.6111 11.8965 25.2702 11.5003 5.2516 29.5933 24.1777 8.8258 9.917 
12.4172 15.5695 11.8107 13.3245 14.9847 4.754 8.6687 6.3822 9.9532 5.9379 20.2066 14.5509 9.0868 16.6724 12.4467 15.2129 12.8215 18.7339 17.3846 13.0008 
26.0697 24.9338 21.8092 0.8467 20.6822 13.7146 16.2599 13.7306 23.7524 14.7135 9.5204 27.3358 8.3721 25.3439 21.7336 12.5329 24.3943 29.2687 10.4175 8.3479 
26.6471 11.7765 7.6985 13.5095 33.1713 18.7852 11.6543 7.8368 19.4375 22.2617 27.1998 16.2544 20.8686 24.6621 24.82 25.4595 22.5977 31.7756 28.8999 23.9121 
9.6935 25.1484 18.5393 15.3085 9.1795 2.0213 10.3251 11.6433 5.1327 1.6803 17.6562 17.7872 8.8931 13.5583 6.9043 14.8171 14.4541 13.2912 14.1416 12.2089 
11.7932 29.9411 32.2702 24.0953 1.3655 14.0336 20.5855 25.2937 11.2885 9.0026 21.7831 24.0763 15.9674 12.2212 2.99 13.5356 21.0524 13.9667 14.4732 16.7726 
8.9941 23.4046 16.825 17.5484 11.4992 0.8442 10.8924 11.503 5.3383 3.1688 22.3249 12.9708 8.2938 13.4352 9.9015 14.5713 12.3981 11.8484 16.3656 14.624 
6.4837 24.4 27.7187 32.9014 18.6921 14.8953 19.7895 25.2486 9.4932 15.5614 36.6906 17.2066 26.182 2.2817 14.5539 30.2463 8.4136 2.8893 27.9299 25.498 
7.896 28.7045 24.1362 36.197 21.3821 18.1087 19.6112 22.2631 10.9159 17.3867 41.1264 17.724 24.2624 4.3017 15.8366 33.9033 8.8431 6.2313 29.2003 33.0165 
11.0601 10.9698 7.8707 20.641 22.0078 10.1034 3.953 8.3982 10.3824 13.3428 25.414 4.0497 16.2924 13.9547 18.2129 27.1719 6.826 16.4763 22.1477 19.785 
17.4295 30.3271 25.038 13.0494 10.1933 14.5371 18.7777 22.9894 17.4304 9.6404 11.9703 27.535 6.2192 21.4422 13.4722 2.6888 21.7805 21.751 2.9302 2.9722 
28.344 26.8188 26.4535 5.8458 25.2813 21.3179 21.4901 19.6165 21.9926 18.0586 5.4875 30.6072 13.5475 31.2131 23.6458 16.2097 34.5752 30.6044 13.481 11.2031 
5.7692 19.3679 14.9496 17.3635 12.9351 4.3937 9.5068 11.1068 3.2834 7.3938 23.1373 10.7427 13.7938 8.1992 10.9995 17.1412 6.7932 10.4809 20.8664 18.4215 
13.8843 29.1418 22.8875 11.8414 10.5769 7.1013 18.3472 14.8534 12.3672 6.1583 12.3636 21.8321 2.3274 22.1923 11.1503 7.7074 21.0791 19.6228 8.4784 5.1991 
7.7525 17.333 12.4044 21.574 19.6115 7.4212 6.8894 10.9624 6.4341 11.2492 28.0831 6.7131 13.8845 9.6418 12.9987 23.9706 4.3895 12.8073 22.1571 18.154 
10.5433 28.0299 24.3724 32.9643 19.5094 19.8682 19.3222 20.5668 12.2934 17.7541 39.8907 16.1735 27.9196 6.4404 18.1334 34.2758 8.7301 6.9954 36.14 31.2334 
22.3619 1.2655 4.072 26.345 28.9466 21.9095 9.0853 9.2854 18.4705 20.4912 30.1677 9.0468 27.8461 24.8603 32.1305 34.1262 16.3388 28.6079 32.7821 27.0185 
6.71 20.5718 19.5325 27.8262 17.9922 16.4239 17.9338 18.1709 11.3838 18.3791 32.7322 11.5639 27.0038 4.5329 15.7974 31.2114 7.0239 6.3828 29.8703 23.7722 
2.8106 24.6765 21.0877 23.3692 9.8021 8.8904 15.3066 16.2213 2.92 7.8223 27.2536 14.3693 16.3973 6.712 6.4143 17.3931 10.5565 5.5784 17.8852 18.7209 
24.7435 7.35 3.5185 20.9076 29.0221 18.3055 9.3197 6.5141 22.6054 20.6313 24.1999 12.2541 21.243 27.1735 24.7549 26.2926 21.4452 31.6721 26.686 27.4034 
10.3113 26.6297 22.6128 33.4779 22.5001 14.9194 16.7693 20.5808 13.4662 17.5663 39.5539 13.4761 29.4844 5.8476 16.2684 33.6876 8.7418 7.7677 30.7408 30.9053 
26.4445 34.1895 27.6414 4.963 22.5583 21.3801 21.0933 22.076 26.7887 16.5693 4.7678 28.9426 11.516 29.222 24.0287 13.6889 34.3327 28.8323 10.0793 9.8787 
10.0065 23.0211 15.6507 12.0709 12.6914 1.9171 10.8014 8.7118 7.2685 3.7758 17.2546 15.0772 6.5964 15.0737 11.5631 14.6347 15.1752 13.9728 15.2282 11.6985 
6.8156 23.5718 25.4459 30.648 15.6991 13.9278 16.9339 21.9872 9.211 17.7883 34.1554 16.1927 24.5537 3.0442 13.9573 28.8692 7.0982 3.8337 26.1364 29.8997 
10.088 36.7188 33.9111 32.6065 7.0032 13.9709 24.4641 26.2218 9.8767 15.4325 29.1229 21.9615 18.2862 10.2775 6.3941 18.0702 17.6295 8.0709 21.2249 22.6366 
14.6461 19.0491 10.7576 11.1625 19.1624 5.8401 7.2667 5.4408 10.3315 9.0358 21.3894 14.8944 8.6945 20.0941 13.5665 16.5379 15.673 18.6306 15.9782 14.8426 
3.7473 17.6674 15.366 21.4615 18.0632 8.7304 10.0543 15.9184 5.2365 9.9155 28.1204 11.9631 17.0031 6.1356 12.309 20.9181 4.4398 6.1526 24.6803 21.2038 
14.2034 28.188 24.4506 17.0808 6.7706 11.2653 17.73 19.4885 13.8849 7.8411 13.9988 26.2584 8.1788 16.5504 7.4408 5.3586 19.7136 17.4514 6.7019 7.079 
10.9481 32.604 33.1056 29.1305 9.9509 17.1813 22.9897 30.6792 13.239 14.5588 31.2604 27.7329 18.5975 8.4722 8.8987 19.7354 15.4902 8.8928 26.7673 26.0216 
25.9969 10.638 6.3499 17.2127 27.4845 20.3451 12.4432 8.026 24.7022 24.3363 29.8424 15.0433 19.4072 31.2404 26.6559 29.6465 18.7741 28.3405 30.8098 23.4264 
23.9658 6.0213 0.7177 18.7505 31.8136 14.2509 6.6466 5.8299 20.6371 20.6762 28.1857 11.1049 18.5616 26.2953 25.2068 32.3968 16.3784 27.2043 26.6842 21.4663 
11.969 13.4767 8.8266 18.8384 19.2813 8.2164 1.3166 5.3675 12.3984 12.7764 22.2529 6.026 15.7063 14.9966 20.3482 26.145 9.3484 17.8059 26.6088 21.5185 
23.3075 2.1333 4.4087 23.533 30.0878 20.7743 10.3278 10.3681 23.3133 23.8599 28.0334 11.8233 23.2315 23.2802 31.1795 33.1504 20.2459 29.0963 28.3311 28.671 
9.0377 25.0301 22.0933 30.832 20.2058 16.7499 16.5098 22.1669 14.2655 16.4418 41.4413 14.085 24.171 6.548 15.6815 26.5914 7.8029 7.8635 32.3542 31.6293 
19.7872 7.7474 2.5562 20.1902 25.9084 14.0621 3.9424 3.3675 16.7718 17.9809 29.8389 8.0429 19.1629 22.0941 22.5967 27.3856 14.5242 23.8814 24.6923 19.8671 
9.3106 14.2446 10.5776 19.4533 14.7676 5.106 6.0183 9.0816 7.2334 8.2394 23.8472 9.3535 13.2763 12.2117 13.8722 20.4801 7.0024 11.8286 23.3018 16.0088 
5.9586 16.4248 16.355 22.5993 18.3791 7.7088 8.4551 14.7087 5.721 11.2729 27.7611 8.3018 19.6561 7.8826 15.6547 25.1028 3.5322 9.0231 26.9621 19.9818 
7.0312 26.1542 17.4 20.1501 9.572 3.7547 13.899 16.501 4.2993 2.2597 20.8604 18.8721 10.6734 12.2621 6.1214 13.4978 12.1158 10.8155 13.4381 12.8817 
8.8851 29.6445 25.3952 24.689 3.3863 11.3406 19.5304 23.4409 9.3817 9.4263 26.7389 25.2123 14.7759 12.9233 2.6562 13.9208 16.3424 9.8435 16.9877 14.5018 
25.6119 36.7782 24.9937 9.444 18.3805 18.3367 22.329 19.1719 22.6186 15.6799 1.9299 28.5809 8.8478 28.6009 20.8003 9.6498 33.5777 34.9693 5.8815 7.4537 
11.7184 14.228 12.7387 25.6646 27.3488 16.6893 10.8258 14.2647 14.731 18.5273 31.9225 5.0497 21.7463 14.5049 19.6778 30.4275 4.755 15.4041 34.8871 24.9709 
26.4706 45.693 35.2932 27.5943 12.3604 24.8637 30.2426 30.7734 23.9013 18.1139 24.2066 39.3182 20.1505 23.8832 13.6666 13.8212 29.6337 25.7364 14.9221 20.2316 
23.882 35.3128 29.7468 11.764 16.9235 15.8462 27.0958 20.9702 21.4456 16.6333 7.6241 28.1391 8.3833 25.5709 16.203 3.8265 27.807 28.4669 1.69 4.7362 
18.2784 31.5829 27.5656 12.2531 11.0979 11.1524 23.2939 19.8054 18.6559 9.3107 9.0498 27.9041 5.1404 26.8896 13.7239 3.3553 23.3353 22.4764 2.576 2.8919 
16.504 36.3052 25.5201 19.9243 5.103 13.2743 24.5804 24.7685 13.3015 10.9221 17.0168 23.1153 9.7567 19.6576 7.7665 6.9118 22.0744 16.4196 9.4581 10.7865 
9.914 33.0107 31.1043 26.4198 3.6338 13.0125 19.8405 26.308 9.2325 9.1945 24.6845 21.8758 15.5458 13.261 2.732 13.8093 18.6626 10.9426 17.7844 16.6792 
7.752 28.0015 28.1899 33.8636 10.078 17.8856 23.5516 23.879 11.9344 17.1335 35.3775 24.4231 20.8352 6.9185 8.4844 22.5947 15.8994 5.5371 27.3107 22.7753 
15.3668 7.0042 3.2437 20.0333 25.7786 15.0922 3.1943 4.8958 15.5841 16.9514 26.2157 7.0637 16.7745 17.6863 22.3437 23.792 14.0464 20.2831 24.3084 25.9861 
5.6164 19.1668 19.4077 27.781 16.4031 14.2401 13.1688 17.4628 9.6743 13.4004 32.3138 12.4018 19.4411 5.0954 13.1672 27.1906 4.408 5.6387 28.9806 23.2678 
11.8636 10.5807 7.9707 20.7571 25.392 12.5964 2.7067 6.6484 13.5447 14.5762 26.0639 3.3125 18.0686 15.9409 22.6737 23.8828 8.7455 15.51 28.8568 23.2433 
19.6086 30.5037 28.9982 11.8105 11.0245 10.6533 18.3122 22.3913 16.7955 10.8998 11.1031 27.9723 4.9013 21.5503 13.0352 3.2553 26.988 21.1538 3.4065 2.785 
22.312 19.9189 12.5316 7.6875 27.1859 17.9204 12.3322 10.4685 20.3445 19.1326 18.5203 17.893 16.1219 29.6675 24.5405 19.5925 26.0476 27.2978 20.6493 16.9886 
22.7811 43.8394 37.3534 26.2346 10.3308 24.1584 35.107 34.517 21.4307 18.6336 29.2085 36.7448 24.0291 27.4525 15.4776 14.7573 27.7865 20.9831 19.5594 22.7033 
14.544 8.872 6.4793 19.2249 26.6087 10.0786 1.9505 4.7393 12.435 16.0942 24.0499 5.5067 18.9788 18.5657 22.829 27.9679 9.6648 18.3611 22.8203 21.2075 
5.2884 26.3996 21.4798 19.9216 7.4028 8.4692 15.3343 17.9309 5.2103 6.4454 23.7815 20.0486 16.033 8.5269 3.0868 18.1388 12.905 7.5114 18.1533 17.3986 
4.8931 28.9082 20.1964 24.2225 6.6608 9.716 16.0584 21.8051 4.1174 8.0772 25.4514 19.1015 16.2396 6.9601 4.478 18.2779 13.9243 7.1187 19.5301 15.6245 
15.8875 29.6411 26.8358 17.4154 4.9269 12.2954 23.3686 23.5316 11.0905 7.8661 19.2598 24.6733 9.3316 16.2991 7.0664 6.4729 24.371 18.6166 8.2638 9.9431 
22.8086 2.14 3.8165 25.0055 31.523 18.9891 10.1686 9.8074 19.3205 21.1518 32.942 9.4999 26.1616 23.5324 28.8364 30.3581 16.5951 27.3014 34.8159 30.5971 
17.6355 40.5072 30.343 18.7973 7.9248 15.73 30.0871 26.4185 15.3195 14.5253 18.3019 32.9079 13.4785 19.5093 11.2356 7.2476 28.0413 19.629 9.5004 9.7816 
2.8748 24.9868 19.1794 26.574 13.9498 13.2372 15.9111 16.5836 6.4713 13.2972 31.2314 11.6299 23.2044 2.7106 12.8056 27.6286 5.6721 4.1486 22.3693 24.9679 
21.9278 10.2949 5.3598 16.0833 27.6966 13.4978 7.7301 3.7149 18.4452 19.0808 20.9192 13.718 16.3043 24.8151 22.6732 24.1112 18.5258 24.6945 26.941 21.4832 
17.043 9.6548 4.927 19.3069 23.1826 12.4613 1.3747 4.7728 15.2079 13.9312 27.9462 5.6371 15.11 18.7236 22.342 22.1936 9.2582 19.6782 24.042 20.2361 
6.7737 33.0758 27.0382 27.1242 10.6674 16.0585 19.3582 26.7568 10.6178 12.0778 34.0023 18.876 21.4171 6.7012 7.1149 21.1872 13.9452 5.4153 25.0769 21.6015 
23.6307 5.8926 5.4885 23.1561 37.3512 22.9844 13.6325 10.9412 21.2363 26.9967 35.048 13.6617 25.2881 26.3744 31.3032 28.9904 20.1988 34.0731 33.2614 31.2588 
17.1703 20.8896 16.5186 10.5917 14.6086 7.584 13.0831 13.3809 11.8576 5.9429 14.232 21.0299 2.0636 20.8076 13.4232 10.6556 17.0527 22.2892 10.6005 6.803 
10.8422 31.4898 26.9079 22.6669 0.9052 12.5989 23.3887 25.4795 9.2192 8.1991 20.3214 22.9084 12.5291 14.3197 2.4252 13.903 18.8738 11.6626 14.8011 14.2919 
7.0691 19.3833 17.9446 25.251 21.2829 12.3918 10.7292 14.7934 10.6308 13.7906 36.8465 8.7774 22.3064 8.8821 17.6661 26.9571 0.9057 11.1855 29.4785 28.0295 
4.1724 31.5565 27.4074 29.1101 13.8795 15.057 19.1111 25.0798 6.7861 12.8684 30.7459 18.6892 22.8337 2.1335 9.0306 21.8667 11.0917 1.1615 23.0484 22.9704 
17.5415 28.7886 31.6003 15.7124 7.3468 14.4188 25.9135 19.7341 15.7023 11.3071 14.6947 27.1963 10.5771 18.2763 8.5023 5.051 25.207 22.151 7.3994 7.7492 
18.8649 7.6357 4.0094 15.3415 25.5302 13.8936 8.2787 5.1664 17.5585 16.8648 24.21 13.7316 21.0857 26.8709 28.7445 27.2276 20.1169 28.0517 28.8683 22.9828 
7.3664 30.059 27.3406 26.6185 9.5461 14.9515 18.7673 23.0135 10.1908 12.1374 31.2941 24.5978 20.4963 5.8339 6.717 22.2212 16.1145 6.2804 21.8622 19.3631 
13.5837 14.5718 14.8902 30.5396 25.4745 14.4428 11.0628 13.3443 12.7176 16.3398 35.4345 5.0207 21.9766 13.034 21.8126 33.6111 5.078 15.0397 27.2171 26.5734 
16.1532 9.5546 6.2111 21.2243 21.1439 12.5541 2.1609 6.2814 13.1361 14.5617 29.9907 3.8727 16.4257 20.1169 20.2113 30.0454 8.491 18.1001 24.9441 21.349 
2.932 21.1212 18.0486 18.7342 10.9204 6.157 10.2544 15.4362 1.0178 6.1043 25.8293 13.1301 12.5013 8.1371 9.4145 17.08 9.1422 7.8485 18.4717 19.0015 
9.0012 30.7687 32.142 29.6802 6.6927 14.0508 24.8832 23.7507 9.8942 13.609 31.9851 21.3142 19.8672 10.4678 5.9911 18.7394 18.0941 8.2496 21.0424 17.6707 
8.9582 21.3338 18.5009 31.835 22.9127 13.9655 16.2276 19.1069 12.0102 18.0662 39.3971 11.9788 25.3085 7.3735 16.2988 32.4907 6.3322 7.367 29.0473 27.9711 
10.9506 26.9377 22.7346 18.3226 2.8184 8.6899 19.7927 19.306 9.8996 6.2886 23.979 20.3854 10.0047 13.2731 2.1895 12.4856 19.2948 13.1449 12.3969 14.0924 
15.5442 35.5891 28.3589 18.1814 4.7483 14.6968 24.676 24.0937 13.468 8.8175 16.8176 28.8322 9.6535 21.1527 6.7385 8.0469 22.5235 20.4458 9.2071 10.627 
26.201 1.6399 4.4919 26.2047 28.1073 22.2177 9.1425 9.861 25.2099 20.4969 30.4779 9.964 21.9092 24.3638 25.8189 30.2407 15.7391 27.0454 29.795 31.3142 
26.0368 30.8112 22.2716 5.6405 24.1738 16.7303 24.7615 17.6579 20.5884 14.7748 3.9349 29.0696 7.7686 34.269 23.763 11.1023 25.1174 32.2694 9.147 6.5107 
27.319 25.4124 22.2765 2.8631 28.2195 19.9544 20.9679 18.2671 23.1735 16.6797 9.1365 25.6386 10.3953 33.2031 25.6255 17.7962 26.0938 35.5258 13.0707 10.2429 
8.6136 21.8159 21.5418 20.3283 7.9994 4.6819 14.667 14.3656 4.573 2.262 18.7017 18.3285 8.8288 12.6407 5.551 13.3963 12.4375 12.9715 13.892 12.9818 
17.0809 34.9943 29.8478 25.3642 7.2681 16.9826 31.9181 29.4782 15.1668 15.5165 25.9543 28.3329 18.5276 15.0791 9.0532 16.6731 20.5415 14.1367 17.8856 19.849 
9.3095 26.1448 25.2604 36.8205 18.3518 20.8682 21.6277 27.7988 12.2872 19.3834 35.8783 18.2211 30.2785 5.6514 14.9726 29.5317 13.0892 6.532 32.278 31.0333 
28.2733 20.0207 16.2265 4.4678 29.6056 19.7636 17.709 14.1864 21.1465 21.0773 12.3865 22.8723 12.6371 28.0589 24.5558 21.8961 30.9871 31.9215 18.8018 13.5402 
20.8184 18.2328 12.026 6.4475 22.1994 14.4241 10.8407 8.4985 21.1321 16.4885 17.3254 16.6698 11.9539 24.022 18.9801 21.8223 19.6828 25.2375 19.6099 15.1845 
22.7376 27.959 24.9798 10.5187 13.9779 13.4594 21.1485 17.5873 15.4166 9.5 8.7311 25.2481 4.2105 25.0024 15.6655 4.615 26.2433 22.765 3.1152 1.0661 
14.1741 37.8513 33.5858 22.5635 3.2956 14.4855 21.5789 25.7488 12.1125 10.8139 27.7156 29.021 17.789 15.4925 5.5475 13.5584 24.2394 13.3652 15.2329 15.2181 
26.5319 18.9928 12.7663 7.6673 26.0886 19.1416 13.4929 9.785 20.9759 16.9585 14.2446 22.7229 14.4111 25.7459 26.4027 21.9794 27.6125 31.1636 19.1223 17.1261 
29.8139 26.6754 22.1805 4.5443 26.7021 17.0077 21.579 18.0335 24.796 19.5526 11.5963 30.1858 12.88 31.2957 25.5521 20.6668 25.3922 34.4086 14.4899 14.658 
20.5317 3.8428 1.5946 20.7208 26.3701 19.8121 6.8056 7.9537 19.2729 20.1072 34.2145 8.5574 23.305 23.6687 27.1961 27.9058 15.3581 27.9894 27.1274 23.0751 
11.7323 19.3754 24.2016 36.3244 25.3723 15.9565 15.3502 18.6144 15.3704 17.7127 40.3667 10.5913 24.946 8.1759 20.0983 30.2846 5.9498 10.0405 34.3066 29.4455 
27.6913 34.0569 24.7465 7.3075 25.4455 19.298 23.9012 23.8027 22.1445 17.5303 2.1482 29.9318 12.0627 34.3314 21.1915 12.9387 35.6657 31.1523 10.9384 9.6825 
30.073 26.1085 18.3342 3.7917 23.8834 15.8057 18.9595 14.4062 25.9279 21.1356 10.8186 22.0176 10.9765 31.6024 27.1167 18.632 26.6985 30.3895 16.0058 14.1544 
23.8328 19.5348 17.3882 2.2179 22.1075 12.5768 16.0576 13.4465 21.1718 17.0502 12.9447 19.4518 9.4959 29.2312 24.1591 17.2064 23.1038 25.4697 12.8339 10.9765 
17.5938 17.0389 13.9435 8.6486 16.8595 6.5332 11.504 7.6783 13.3216 7.1988 16.6078 15.4902 5.9527 18.5684 13.4736 14.0226 14.8486 18.3234 14.74 11.5669 
3.3172 24.4944 23.336 24.3234 11.7383 10.8933 15.5098 22.1976 5.1083 11.0158 32.6787 19.7594 19.4111 5.0132 6.7563 20.3199 11.4463 4.103 20.5148 22.2391 
7.5611 25.9412 29.3189 27.9115 15.3959 16.781 22.7774 25.7069 10.3153 17.4669 31.8974 18.6513 26.5518 2.8314 13.1895 28.5895 13.3471 2.0944 26.1408 27.9213 
14.3182 6.8581 6.5581 20.3815 29.5727 12.7328 4.9915 7.4504 16.8784 19.1507 27.1752 2.9458 18.5878 20.8163 20.8444 25.854 10.8376 20.6787 26.0397 23.4374 
15.9988 9.8292 5.1428 12.7608 27.1922 10.4924 5.1014 0.9582 14.7907 13.9624 23.4222 11.8629 15.3936 25.0158 22.0841 21.769 16.0449 24.177 21.2793 21.1757 
18.6617 14.7468 8.1956 11.522 19.32 10.9784 4.7596 2.2916 13.93 14.354 21.0738 12.706 13.0446 23.6935 20.4968 22.5072 13.7886 24.4298 18.9832 15.6713 
7.5222 13.8901 14.3193 21.6834 18.1186 8.6484 6.8609 10.1529 8.1782 11.7056 29.359 6.7007 16.8967 9.6911 16.1999 25.6013 3.9379 11.4249 25.7486 23.7547 
15.7899 30.3118 29.8795 18.4801 4.4652 15.2045 24.8362 22.5499 14.8613 11.5319 18.789 25.138 11.3636 20.8988 7.8654 6.4642 25.4134 20.8372 11.2584 12.341 
4.4803 25.9713 22.1987 30.4212 13.4718 11.5269 19.1413 19.9465 6.9456 15.1503 29.7083 16.1365 18.942 0.72 13.0021 27.7527 7.666 1.6189 26.5501 27.6832 
6.9582 20.0595 17.9299 16.625 11.9789 2.6254 8.6275 10.1575 3.0024 4.4802 22.2918 11.774 10.097 11.5385 9.8151 19.7909 9.3595 12.5863 19.8561 13.3471 
26.6666 6.7916 4.8937 18.3949 31.0358 22.5364 11.0886 8.9357 20.8958 25.4141 31.7724 14.0658 26.1895 32.8618 31.302 30.1191 19.8781 28.2375 31.4288 25.0742 
6.4763 16.9817 14.9601 22.5416 17.0558 8.9812 8.2545 12.1537 7.0484 10.8266 30.4969 7.7275 18.4685 9.5939 12.5526 20.5256 3.6006 9.8603 24.9555 23.266 
8.4356 20.7227 15.1445 16.4666 12.135 0.7608 9.5823 12.7731 6.3993 2.2756 21.0437 16.2958 8.6255 15.989 8.8522 16.0333 14.3803 13.5178 13.2715 12.7567 
12.2198 18.8091 14.0976 13.6862 15.1831 1.6391 9.3013 9.613 8.1124 3.5998 18.2629 16.3868 7.7404 16.1991 12.088 13.9549 12.0996 14.906 15.4024 11.0728 
8.5082 28.4318 31.6081 31.7924 18.5966 18.945 21.3255 27.1453 13.8308 18.573 35.078 20.251 27.9513 5.0365 13.3722 29.0499 13.2083 4.1124 31.4958 28.7379 
4.9016 31.1938 23.72 30.8103 13.6225 16.0005 19.8633 25.3531 8.6469 15.7886 33.869 15.3976 21.8032 1.6645 12.0879 25.7583 11.7943 1.0363 30.397 24.7646 
18.9851 37.9437 27.244 18.4306 9.4423 14.9256 25.4609 26.356 16.4283 12.854 12.6293 31.2309 10.7448 20.5761 10.6172 2.92 24.773 24.8241 5.9011 7.4856 
14.1834 14.7727 10.01 13.4372 17.6233 5.4966 4.6485 5.4719 10.0275 7.8345 20.3616 10.1294 10.571 16.2831 14.027 21.3092 10.211 15.4948 20.9607 15.909 
8.5784 28.9813 27.8623 35.7302 14.9775 16.5986 25.4078 26.8117 11.3653 16.8082 38.5638 22.8053 21.7613 5.3054 11.7945 27.8215 12.9882 4.2237 25.2734 27.053 
15.7136 34.0443 29.4921 28.248 4.055 18.2173 28.0432 24.3499 16.8287 12.2011 28.0881 27.1311 18.3772 16.4185 7.3179 14.0492 26.3712 15.3094 16.6857 15.3285 
24.9297 35.3692 25.95 7.0221 20.0163 16.7145 20.6375 22.3512 23.429 16.4556 3.3109 32.2879 7.3158 30.4519 18.3613 8.7717 32.6918 28.9503 6.007 5.7921 
10.7235 17.2726 14.3229 17.8747 13.3349 1.3535 9.5424 9.318 5.6017 4.5783 24.0173 12.6234 8.778 13.1354 10.7377 17.4612 12.2131 13.2617 18.607 14.1884 
13.6141 28.4566 27.3804 15.8158 5.3363 12.1382 21.952 18.2398 13.4654 7.5967 19.4221 25.6816 9.4359 15.8361 6.0566 7.3069 22.1983 18.2231 8.3823 8.4873 
22.2661 37.5142 30.37 15.0814 14.4894 18.201 22.6292 27.3553 20.48 15.1854 10.1628 29.2218 11.063 23.7188 15.508 2.0494 25.2935 26.1565 2.4675 6.5416 
7.7161 28.046 25.7529 33.6367 17.043 16.635 15.5766 21.2412 12.4249 16.3868 35.1625 16.3051 23.8639 4.2969 14.9308 32.4464 7.6849 5.2553 32.0059 30.5351 
14.8295 25.0057 24.1794 11.3526 11.5496 8.3934 20.1774 19.0605 13.8322 8.3437 10.3334 22.8341 2.7685 22.4563 13.0377 5.2944 20.0023 21.1779 6.2857 2.8462 
12.0442 28.3027 23.0117 16.723 7.2616 7.5777 16.357 18.8067 11.0896 5.4758 15.8144 20.7899 7.4767 14.9247 7.2407 8.6843 18.3656 18.4055 8.1303 7.4985 
7.8124 14.6323 13.6701 20.829 16.9681 9.3062 8.3384 14.237 8.0719 10.1857 25.704 7.6173 15.6384 10.3249 13.1093 22.5104 2.4273 9.0353 21.9607 20.1939 
11.5216 38.0205 32.736 31.8766 6.3565 15.4275 29.8235 31.887 13.2331 15.369 29.0973 26.2185 18.9501 15.233 8.6077 16.3031 20.8428 14.4045 22.2108 23.1508 
4.2591 21.8333 16.4119 22.9132 15.393 8.2677 8.5495 13.1058 3.9692 10.4518 29.0709 9.3225 15.9364 6.8975 12.1904 20.398 5.0244 7.5027 23.4822 20.3455 
21.0105 31.8609 26.2299 10.9665 12.3438 13.7618 22.8207 21.3565 19.3237 10.1679 10.5448 26.4113 5.6068 23.1151 13.3479 2.6617 24.6245 21.2868 2.0187 2.3958 
13.1579 11.9119 11.6565 28.0592 25.7505 15.1335 7.7259 10.7073 13.831 15.5126 35.8007 1.2267 21.3053 16.4151 19.7308 27.0512 5.6779 15.0365 29.8649 25.0531 
15.918 8.8198 3.1534 17.4862 26.5798 14.7913 3.3108 4.1841 14.4626 15.8471 24.6531 8.1304 19.9389 18.7614 24.5691 27.7973 12.7032 22.6939 26.571 20.3276 
7.5272 28.6189 21.8986 30.6841 18.2115 15.2744 17.8916 21.649 11.7551 18.3339 34.6941 16.7446 25.5916 3.5353 15.1356 29.8111 7.4077 5.3038 29.477 31.2675 
8.4827 33.8506 29.2886 24.5392 2.7776 10.4487 20.9375 23.4665 7.4366 9.6302 24.7361 19.7697 15.4683 10.5213 1.2348 14.4719 15.6365 11.4734 16.0181 18.0038 
16.1733 7.8358 5.5938 20.8852 24.0134 15.0331 4.1228 7.5344 13.1826 17.1633 28.6963 3.0454 22.0949 18.1324 19.1721 24.8515 9.8692 16.5396 30.0376 26.8961 
27.8795 31.7844 28.0105 8.6668 19.6293 16.2965 21.7535 21.5708 21.8567 14.2118 4.1725 32.915 8.6972 32.5737 18.2339 7.8698 25.25 30.0574 4.8482 4.3553 
21.6215 22.2616 19.3801 2.8545 19.8386 13.3586 16.3815 10.8185 20.7952 15.6536 13.7821 19.6032 10.0037 30.9754 19.1143 16.1758 22.3441 28.7849 12.6307 12.2392 
9.0345 26.6814 28.5415 34.4548 13.2868 20.3375 22.1548 23.1265 12.6814 15.551 39.6326 20.9704 26.931 5.2896 14.0805 29.6342 14.3988 4.5961 28.6934 24.7455 
23.549 5.0882 0.8729 21.7775 28.122 15.479 7.0634 5.102 17.0404 21.3508 32.1964 9.6453 20.4103 21.7192 29.5658 26.2557 15.793 24.8621 25.4001 24.6456 
23.159 19.8171 15.0291 7.6628 25.3527 16.3797 16.3682 11.902 25.4562 19.5011 17.3249 24.04 15.2684 26.0138 24.5212 21.1016 22.403 32.901 18.7393 17.2232 
25.1758 16.3959 12.8112 6.3743 23.8228 14.0849 12.4604 7.6552 19.1207 16.3271 17.3692 20.3775 10.4167 26.0467 19.684 17.6065 21.5026 24.9442 20.8958 15.6667 
7.0296 30.0641 24.8312 29.1083 17.5033 17.8573 19.6072 24.0302 9.9082 15.2043 39.4865 15.4887 26.4455 3.3135 12.9723 24.5945 10.4751 3.6457 29.5934 25.8385 
11.2847 27.7234 24.9522 37.3346 18.9506 18.4999 21.0628 28.3188 13.003 21.302 41.5836 18.8516 28.1067 6.6992 14.8315 26.205 14.8985 5.5819 31.1184 29.6123 
16.3976 20.2399 13.3397 8.9065 16.1425 5.9679 9.3052 7.8569 10.6162 6.6204 18.5273 14.384 6.834 16.9438 14.7932 16.8474 14.5984 21.3642 16.3914 10.7561 
2.8147 20.9489 23.6575 24.136 15.7651 12.0166 13.9456 20.8562 5.8525 14.2294 32.6491 15.3612 21.3827 2.2362 10.3015 22.2217 7.2047 3.3963 28.7186 24.2719 
20.3595 3.282 1.7105 19.6244 34.4185 16.3279 7.3797 8.1554 19.8776 20.7313 29.5655 9.3534 23.276 27.0616 27.3863 30.1288 18.2663 24.5954 29.3395 27.201 
5.7233 20.486 18.0359 21.7393 10.3119 4.9921 14.5904 16.1236 2.8879 4.1472 20.7276 14.8704 9.9459 9.4168 6.5752 16.8408 11.7437 10.9685 17.2728 14.7363 
6.6303 25.0883 20.8349 21.4914 8.0488 5.987 15.9994 15.9632 4.3344 4.5305 21.5229 19.5302 11.1048 11.2944 3.5839 14.9075 14.443 8.4021 18.002 12.8922 
16.2785 6.4621 5.9463 22.5513 29.7583 15.1687 6.423 9.3452 16.447 18.248 31.2686 4.7551 22.3403 20.541 27.4202 26.8593 11.3337 21.2177 35.3802 27.8844 
11.8607 13.5406 13.2052 26.9414 19.192 11.7941 8.1727 11.6955 12.2832 13.3274 34.9389 3.9457 20.661 13.6498 19.272 26.6339 3.6443 14.5244 25.7948 24.2643 
22.3243 37.6992 26.4454 13.6053 15.0243 18.2406 28.5906 20.9667 22.8156 14.4914 7.9604 30.0393 8.2422 30.3901 17.786 3.9863 26.0194 29.0076 1.6252 5.5323 
21.0923 27.3681 22.974 6.8074 16.7215 10.1997 15.6378 17.4842 14.8257 8.7784 8.5375 25.2696 2.6475 25.8404 13.6015 9.2661 20.3795 24.7343 7.4537 3.0599 
1.5208 27.5683 24.2266 22.6119 12.2816 11.4772 17.5399 20.8492 4.1467 11.4184 32.5769 17.04 19.2738 3.0611 8.9683 21.1099 9.0493 3.1472 25.2963 24.0044 
22.8965 1.9589 5.6299 21.0693 30.6591 21.4536 11.1296 12.6141 23.0454 23.6456 33.4696 12.1378 26.5867 25.5845 26.6218 33.9138 20.3115 30.0822 29.1958 28.3742 
23.4007 10.853 7.6845 14.5781 30.3749 14.884 8.0843 4.7987 17.7813 16.4313 25.0716 14.9756 17.9327 24.7723 26.2135 27.3637 20.4368 27.1717 26.1344 20.2189 
23.1888 24.2072 17.9574 2.2029 25.6343 19.2601 18.019 14.5205 23.9161 18.5714 10.2505 22.8873 11.7637 29.5797 26.9409 16.7425 29.7514 34.0436 14.4895 11.7283 
13.849 28.7003 23.3573 11.2572 10.6132 6.7873 14.1239 15.649 10.1553 6.4962 13.8927 22.737 2.0748 16.7581 10.1678 8.6877 17.5125 16.5525 8.1611 5.2744 
20.298 23.052 19.6071 5.6556 18.9034 10.7255 14.8883 13.1574 15.6814 8.5402 11.8958 21.3114 3.4011 25.5407 15.1378 12.8173 18.5503 24.7366 9.9117 6.2711 
28.5683 22.5191 21.9959 0.7736 25.043 17.5441 16.9731 15.1129 23.4496 18.3387 10.4376 23.0229 8.777 30.8964 23.0589 16.4269 26.3238 26.6787 14.6067 10.335 
10.4394 29.2446 27.1328 17.792 3.8897 9.6272 19.4638 22.8472 9.7408 5.2425 22.6509 21.7346 9.079 14.3716 3.0231 9.3811 20.0981 13.3183 14.0742 12.3469 
10.0798 25.9382 19.5545 20.2969 7.6487 5.5246 14.4806 15.7433 6.1536 2.5647 18.6928 20.5643 8.0302 13.6129 4.42 11.8537 14.181 12.0473 14.6011 11.786 
9.5767 16.7551 20.7553 30.2664 19.8889 15.1461 11.9282 18.696 12.5414 16.5148 38.1116 9.073 26.3882 8.7986 20.9768 30.5562 3.6778 10.5952 28.9218 28.1639 
16.8589 18.9134 14.8047 8.0801 15.5059 9.1789 11.8314 10.4444 12.6072 8.4623 15.7477 15.4691 6.3136 24.4314 16.6618 15.813 18.337 21.5053 12.1988 9.8014 
24.4331 35.8559 35.5067 17.119 9.4755 15.8879 24.8719 23.8899 20.123 14.9334 15.4141 31.0089 12.1326 22.7062 12.8723 3.7645 31.0236 23.5528 5.2933 8.2633 
13.4047 16.397 10.1005 13.3809 16.198 6.0534 6.2134 4.908 11.6536 9.1498 18.1272 10.8648 9.9132 16.1791 15.3002 20.3552 13.0057 20.2188 16.3977 14.5341 
14.6098 34.2922 36.2463 25.3481 5.7704 21.0531 29.2476 29.5593 17.5788 17.4908 28.3138 31.6598 21.7187 19.6253 9.095 14.9733 21.7907 18.0349 18.8843 21.9896 
0.2024 20.7506 22.9321 24.878 13.4926 10.7109 13.7958 19.9179 4.0378 8.5644 32.8482 14.0743 17.395 3.8219 8.3363 21.5125 7.7072 3.9158 21.9648 20.9184 
27.8334 28.0013 19.8016 2.0441 22.5569 14.8133 18.0542 15.4769 21.8548 15.6419 8.9862 25.9146 9.9465 28.481 22.3637 15.568 27.2344 29.5994 11.7507 9.6688 
17.4673 30.7553 20.8275 14.1246 11.0714 8.9167 16.1617 14.5782 11.9817 6.4309 15.2021 23.4859 3.3332 17.8529 9.5345 7.2597 21.4759 20.6494 7.935 5.6475 
9.0897 34.5076 31.4144 28.9749 11.0787 16.6885 26.1173 26.8046 10.3971 16.6544 32.9686 19.601 21.3378 6.271 10.2202 24.6446 15.891 5.7357 27.0728 22.4717 
8.8565 30.7622 28.5393 28.5156 6.0591 15.1768 22.3654 27.1818 9.1225 13.015 27.5948 20.9231 16.7796 9.9328 5.606 21.1341 15.3006 8.7934 19.2286 19.6432 
16.8399 32.9189 35.9474 28.6037 6.2799 21.3033 30.9876 32.0824 14.9312 16.4068 30.7085 27.8667 19.3395 17.2355 9.9505 18.583 22.0471 12.5452 21.3586 20.9619 
21.8587 3.3752 2.4191 19.8957 29.3456 16.4819 8.0201 8.046 18.7325 23.4202 27.2462 8.9025 23.9366 23.3587 31.0786 35.0676 17.0102 29.1978 26.2989 25.9887 
23.5685 30.4941 24.4296 8.6478 19.4302 16.304 23.9897 21.2212 24.3483 18.3616 1.5102 29.1693 10.1015 27.0882 25.0169 10.9085 34.096 28.9969 7.8807 6.3105 
12.2369 28.5135 23.7063 21.1856 2.2071 12.0917 19.2022 24.6768 11.5189 7.8132 17.8859 21.652 13.1239 17.0477 3.3647 9.7387 20.1636 14.1435 11.9287 12.7687 
21.7822 41.2387 36.4943 19.4073 8.1848 15.6569 25.9268 26.1264 18.9285 14.8277 15.5076 28.3266 12.102 24.1515 12.2036 5.5751 25.9797 21.2648 8.1182 10.107 
4.7647 22.5597 14.6964 21.9639 13.9295 5.9657 11.0672 13.9402 2.3439 7.1096 23.1619 10.2987 14.2851 9.0102 10.9938 19.3821 6.5887 9.1462 17.5447 16.1383 
7.2118 15.9614 11.1553 16.879 17.9854 4.6707 5.9394 10.2544 5.5165 7.0578 24.243 9.2499 14.0459 11.3665 14.9836 21.2473 8.3583 13.3631 22.4029 17.8699 
10.1815 13.4711 11.8777 27.3323 21.453 11.9051 8.1085 11.3525 8.4533 12.028 27.8885 4.772 21.5731 11.6337 15.7535 28.112 2.001 12.2772 30.1771 21.5188 
5.8866 26.2041 29.66 32.3406 10.9062 16.4785 19.6736 25.2738 9.1721 14.3578 28.3377 18.3147 22.8161 4.4584 10.6279 22.8935 11.3749 2.5961 22.8466 22.3234 
19.2349 6.2371 2.2444 16.8558 28.5562 13.426 4.276 5.4196 18.278 16.1066 25.103 6.4544 21.2101 20.6226 20.8756 29.6028 12.0379 20.7458 23.3907 24.8047 
22.6605 19.1806 13.6701 7.3942 23.1609 13.2306 11.1807 7.5125 16.067 15.7305 18.1217 18.0294 12.1075 24.3922 22.6696 18.2062 20.3626 24.833 15.9847 15.4837 
4.143 29.96 23.4912 22.8639 8.894 9.8 19.1021 17.9079 5.798 10.1433 27.2197 17.7951 18.7625 4.8634 5.8391 20.1021 12.1842 4.5905 21.7649 17.2083 
27.704 26.3628 20.8275 1.4565 25.7096 18.993 17.1102 13.9742 20.987 16.5928 8.3674 25.5701 9.7774 27.4703 24.9159 18.6018 27.9377 27.0968 12.2966 12.451 
14.6186 31.3679 32.3567 23.4543 4.4254 14.0574 26.9868 23.5556 13.6123 12.0634 21.8811 24.0453 12.1544 19.3512 8.0707 9.1355 25.8098 16.1741 9.9094 11.3419 
19.593 7.3472 2.3418 19.7071 28.7822 16.7845 8.1463 5.593 19.0558 22.3399 26.0398 12.8752 20.9616 22.7567 27.9451 32.5611 17.3617 23.5861 29.8779 21.3796 
5.5053 27.4313 28.4781 28.1366 6.5517 12.7938 19.9762 24.6481 6.5845 9.2249 24.0188 23.3555 14.7898 7.7556 4.9134 16.5948 14.9204 6.3341 17.5822 19.8428 
16.9094 20.0817 12.6483 6.9212 16.6846 9.399 10.0906 7.7868 16.9087 11.66 14.7137 15.8934 6.404 21.5834 20.1723 17.2433 16.9609 25.0827 13.7203 11.5117 
4.3384 26.8359 27.0121 25.3164 11.7519 14.0063 20.6134 22.5748 8.8345 11.8151 30.878 15.4845 18.3609 1.9512 10.2005 24.9299 10.4669 0.493 23.8811 22.277 
4.6492 22.1355 18.9082 19.2629 10.4711 4.4534 12.4656 12.5972 1.2789 5.239 24.2393 12.1369 10.773 7.9751 7.9093 17.9791 8.682 9.6333 16.3559 14.4176 
7.5769 16.2611 15.187 18.915 13.6552 2.589 7.6959 10.8524 5.7495 4.6869 24.5166 11.9845 9.3144 13.9803 12.6637 15.4508 11.2794 14.4145 15.6024 13.8821 
23.9289 9.1954 5.8678 15.1234 30.5786 15.4142 10.5382 7.2104 23.4704 20.9677 28.4031 14.4035 19.2433 31.1163 23.3382 25.4665 21.9068 25.1575 22.9772 21.8141 
25.6851 31.8531 28.9636 7.9351 19.4615 16.6754 20.4697 21.756 20.0813 13.5802 5.6032 27.7469 5.6579 30.1329 16.7256 6.2675 26.5396 24.3968 3.9316 3.0089 
5.622 26.1114 21.9972 21.015 8.1534 4.7616 11.6252 16.3986 2.7866 3.4199 19.8609 16.1304 9.8263 10.3666 6.104 13.7506 10.8411 10.9235 16.4392 14.0474 
11.0842 27.2526 23.8325 19.3322 4.622 7.8785 19.9522 20.2026 8.3188 5.5068 20.6542 23.8824 10.1033 13.4742 4.735 10.757 18.566 15.307 10.879 11.597 
27.0926 9.7679 6.0325 18.4261 31.6765 15.6095 9.7451 6.5674 22.5394 19.6071 27.4573 12.8865 17.1959 30.1496 27.3836 28.3523 17.1499 24.2787 27.5056 23.3009 
20.0257 25.7975 27.0009 8.4752 12.5827 10.8875 21.5662 16.651 15.5797 9.446 8.8423 27.2172 3.6332 24.0814 14.8719 5.9433 23.7915 22.303 3.6398 0.2839 
2.8091 24.9697 21.7106 22.7237 15.3149 10.4624 11.8062 16.2342 5.9482 13.0423 28.7822 10.9744 18.2071 4.4068 10.9595 26.5145 6.2479 4.9863 22.1227 23.5264 
11.8038 12.3486 8.0803 18.9191 22.3293 8.1524 2.4198 6.273 9.2618 11.1671 25.1394 5.0124 16.9332 13.3372 17.0306 23.0486 8.1615 16.3413 22.3235 19.8272 
11.4166 36.0915 28.5109 29.3758 3.7952 16.0373 22.1351 23.6411 11.7369 11.1389 25.1382 23.9012 15.4239 15.0209 5.4046 15.3361 21.9989 11.3305 17.6354 17.7653 
10.4056 25.8494 30.0181 36.5038 24.1593 17.938 20.0808 24.3106 15.2534 18.4907 35.4398 18.248 30.8346 7.1379 18.2582 32.0447 10.766 8.4108 34.6382 33.1262 
18.5261 27.7223 18.5782 5.6856 17.8124 8.4064 16.5326 14.84 15.283 8.5604 9.8537 20.1738 3.0703 24.532 13.6269 10.4567 18.7032 21.6769 9.8751 5.6212 
15.1974 9.5482 6.0311 20.1853 25.3193 12.3748 2.0411 4.691 14.9828 13.0619 28.8911 4.6424 18.7676 20.5846 18.1027 29.6216 8.9345 18.525 23.9794 24.6715 
16.2483 7.982 7.2714 22.571 28.3011 14.8283 6.2496 9.1838 14.963 17.2073 37.6537 1.7863 23.7541 19.4728 25.9021 35.0042 8.9874 21.0863 31.115 30.8719 
16.6182 37.8918 34.2446 20.9755 7.9786 13.8116 27.9653 28.4871 15.314 14.5438 17.0324 33.5319 12.1911 24.6661 9.5512 6.2542 25.388 23.7288 9.0074 11.0553 
13.1456 17.3297 11.1509 12.3924 14.6585 4.4691 7.7448 8.3148 10.151 7.7185 18.9498 12.3786 7.7873 14.7893 12.8477 15.0809 12.2047 15.4808 14.2541 12.1798 
23.8196 23.1439 21.7626 0.737 19.541 16.7021 17.8711 17.3067 21.6755 15.9937 8.0147 24.5915 8.4344 29.967 20.6606 13.2809 29.513 29.2188 12.9114 8.639 
26.6959 11.9686 7.9479 14.0144 26.7641 16.0183 10.5292 6.1514 21.649 20.3288 24.3072 16.9226 18.2355 24.5822 23.6304 26.0778 21.013 31.7264 22.6697 21.6476 
8.4888 24.1801 19.8767 16.5823 10.7287 1.7264 10.3352 13.7121 5.1726 1.6041 18.749 14.8732 8.8377 13.0438 7.5614 14.7727 12.8802 12.7026 14.5743 10.3356 
10.7828 36.3338 29.2929 24.4284 1.3696 14.1662 23.3033 26.2681 10.3328 10.0235 20.8244 26.0531 16.5452 12.1717 2.5481 11.751 16.7657 11.979 16.7656 17.1943 
8.3545 20.8127 15.2403 14.9993 11.2743 1.0588 10.3509 10.1924 4.9233 3.1384 23.9891 14.2413 10.516 11.8873 8.7339 15.6525 11.3436 12.15 17.368 14.1751 
5.9123 23.1861 24.7984 30.8467 18.5737 16.359 16.4036 25.1078 9.6874 17.1885 31.0228 14.6823 20.8543 2.1819 11.8879 30.3617 9.2721 2.4511 29.7984 24.0531 
7.7887 24.3728 25.0894 28.9709 18.5697 17.3019 21.0516 25.8476 13.6457 16.161 34.6549 17.6855 23.5531 5.3449 16.64 29.2205 8.7232 5.4269 27.1549 31.3636 
11.8332 10.3866 9.0182 20.5928 23.7329 9.9125 3.444 7.4574 11.22 11.8768 25.414 3.6018 15.463 14.8909 18.9122 26.3529 6.5509 14.6814 22.6943 22.3632 
19.5998 31.5561 29.0638 14.6552 11.3976 12.9802 23.1301 22.2839 16.3103 11.0425 11.5886 23.2406 6.6344 25.5598 13.3194 2.6293 22.6334 22.0594 2.7358 3.5206 
28.827 29.9533 21.7861 4.9295 22.8718 19.7259 25.5178 20.9002 28.5671 21.108 5.4569 32.5931 13.8758 29.7896 23.451 14.9129 35.5078 37.3277 13.6859 10.5031 
5.5869 18.726 14.5684 17.6843 15.2674 5.3963 10.8998 12.3184 3.3484 5.7684 25.8034 11.8616 11.8459 9.8041 9.9291 17.6673 6.9959 10.9959 19.0073 17.2776 
13.5115 25.2417 20.2476 10.6206 11.6962 7.7034 15.8167 15.9997 12.3335 6.0719 13.3836 24.0835 2.5015 17.4754 10.661 8.5048 21.8441 18.3746 7.1327 5.3486 
8.1642 17.3376 12.957 21.4355 16.7109 7.8644 7.3843 9.4062 7.0254 9.9557 29.6516 8.2477 14.0481 9.6935 15.7228 22.8304 4.3454 11.927 22.058 21.8246 
10.1638 25.7191 22.1055 28.6078 20.7554 20.751 17.1747 20.0624 13.492 16.8217 39.2342 14.5991 29.5843 7.0821 17.9844 27.8425 8.6011 7.5711 32.3903 28.2285 
20.8095 1.1929 4.1071 25.5575 29.4422 17.9128 9.0082 10.0096 23.9983 23.2001 34.7491 10.0352 22.5367 21.7793 31.8709 35.3565 14.1112 28.5784 35.1549 30.3273 
7.5242 21.6701 19.6746 26.9801 20.9945 13.5069 16.4878 18.2979 10.4224 14.1453 37.0043 11.4448 26.4916 5.3296 16.1683 27.0309 6.1116 5.4523 26.0331 27.213 
3.3056 28.9458 20.535 24.9232 8.8593 7.5823 13.6989 17.9065 3.339 8.0351 22.8822 17.4012 15.9478 6.6299 5.0143 17.2943 11.3729 5.8689 17.5744 19.2524 
25.6978 6.7481 3.9535 16.3179 31.2919 18.7703 10.4048 7.3491 20.8651 21.4785 26.8617 13.3876 23.2923 23.0491 24.1632 32.8784 16.989 25.2869 25.1544 21.4958 
9.3521 24.4704 24.3538 28.6079 20.0231 15.6522 20.359 24.6494 11.031 18.2369 33.8314 12.4009 27.0802 6.7714 16.5439 30.2799 8.2376 6.4639 34.2227 30.8132 
27.5052 33.9543 24.1926 4.7771 23.773 17.2142 24.6942 21.7593 22.012 20.9027 4.126 32.5096 9.8328 36.6733 23.4295 12.3835 29.245 35.9456 10.2677 9.393 
12.7149 21.4593 16.6413 13.0088 15.1947 1.8626 9.0294 9.949 8.7083 3.7351 18.3334 14.2278 6.5861 17.5325 12.4366 16.4156 15.0155 17.7303 14.0829 12.1166 
7.248 22.4837 20.5097 34.5826 17.7692 14.718 19.6346 18.6401 9.7667 13.6477 36.1634 12.8586 22.327 3.1018 13.3651 25.3236 7.7183 4.2881 27.912 28.788 
9.8022 28.6413 27.7323 31.6853 8.1723 17.5495 24.3506 27.4869 9.6996 12.928 28.1466 25.381 19.8186 8.3697 6.1183 17.8807 15.9809 7.58 24.6963 22.7674 
15.1074 17.2088 13.049 13.326 15.403 6.2981 8.2466 5.5873 10.3943 8.8001 17.3623 13.2302 7.8574 20.8419 15.1095 16.2706 14.301 19.9086 16.0216 12.8203 
4.2682 19.9485 18.5217 21.736 17.7365 9.2886 10.028 16.147 5.1702 11.186 27.3607 10.1488 16.4885 5.7824 13.6881 26.5388 3.5577 7.4437 22.526 23.4292 
16.5699 34.1604 27.6105 17.8757 6.635 9.233 18.8832 22.5404 14.0984 8.2179 17.4166 21.9655 8.0479 21.2211 9.1494 5.8932 21.624 17.6437 7.2181 6.7605 
10.5551 33.5955 29.7774 29.9488 8.8695 16.785 22.6069 25.918 10.9733 14.6525 32.9518 26.2047 21.3588 8.7846 8.6377 20.9551 19.9276 9.2087 20.7662 26.5394 
26.9059 10.0614 6.5544 16.7203 28.5338 20.9534 12.6301 7.5088 26.2338 20.2989 25.4241 15.4076 18.4996 26.0364 25.1351 31.7742 20.0781 25.6354 28.2589 23.3103 
21.3775 6.0887 0.8092 19.4022 27.8034 16.4567 6.436 5.8299 17.4919 17.6615 25.8677 8.5017 22.8059 26.6925 26.0908 30.2359 16.0381 21.6624 30.4208 26.9533 
13.2866 11.9309 8.8515 19.4627 22.4479 9.2972 1.4669 4.4664 11.8157 10.6654 28.7848 5.8036 17.7401 15.4561 19.239 20.9361 8.3497 14.931 21.02 21.6141 
21.4556 2.351 4.1514 23.6 35.2751 22.995 10.9559 10.6596 21.603 23.5917 32.1831 10.0002 22.109 24.7066 31.2049 34.991 15.8932 28.9299 33.9619 28.9251 
9.2625 23.5562 21.7581 29.1647 20.3404 17.7724 18.0482 20.6061 10.8511 20.1278 41.0764 11.8966 22.6705 6.9856 15.775 26.7841 7.7236 7.1469 32.4455 27.9503 
17.1254 7.4025 2.8559 16.596 26.1077 12.1574 4.0333 3.7824 16.8275 16.0917 23.6999 7.8364 20.8528 21.241 21.1073 25.6452 14.9453 24.3735 23.8359 21.5312 
7.904 18.1801 12.9777 16.3294 17.8853 5.5596 6.0691 9.3223 7.2975 7.8648 21.5802 9.1121 15.5677 11.0194 13.3053 23.0611 6.6708 13.2431 19.2406 16.0806 
6.1422 18.5142 14.0043 24.0877 16.553 9.7952 8.7345 11.6232 6.2035 10.3139 26.6426 8.1141 17.5594 8.03 14.4484 24.0741 3.0233 8.3886 23.2253 23.2844 
8.5285 25.3917 21.8439 19.209 7.7534 3.7844 15.1533 17.0051 4.6784 1.805 20.0555 18.7666 9.6564 12.3227 6.5924 12.3737 12.3243 12.3615 13.3906 14.3065 
8.471 30.2071 28.4039 27.7012 3.602 11.2506 19.3839 24.9742 8.9336 8.6865 25.2347 23.1871 16.1445 12.6764 2.1065 16.0516 17.7867 12.0392 18.8638 14.4208 
27.8317 34.5702 30.0927 7.9967 23.3574 20.1426 24.3265 23.1439 23.4804 18.9164 2.0256 28.7642 9.2084 28.6274 19.9861 10.4369 31.4818 27.9508 6.5537 6.1277 
11.5616 15.7733 12.6121 25.5832 23.8211 14.9328 12.131 14.1672 13.0951 18.9458 32.4215 4.2703 26.2148 13.587 23.3659 26.9908 4.912 13.806 34.6316 24.6354 
20.1839 45.3816 34.948 26.2439 11.6653 23.7184 33.4459 28.9648 22.2117 21.6623 22.8039 37.5773 22.6176 25.0367 13.9509 14.8661 26.759 26.6914 14.431 21.188 
24.5864 31.2833 28.7295 12.5913 15.1092 16.5283 25.1206 24.3168 20.9693 15.6084 7.1148 32.0368 9.5544 25.0219 17.7728 4.0309 29.9827 24.9324 2.0667 4.8953 
19.7899 26.9431 24.4364 11.0726 11.0631 13.83 24.1092 19.2143 17.7771 11.8942 10.487 26.282 5.426 22.8542 12.0214 2.6306 24.9563 25.5681 3.2546 2.5406 
15.4485 33.4172 28.709 20.9485 5.9819 13.2853 20.4935 20.9373 14.1515 9.0756 14.8182 27.1217 9.2919 17.9564 7.8482 5.9296 22.0875 20.3765 9.2872 10.0073 
10.7032 28.3765 24.6692 22.6883 3.5139 12.4307 23.8061 22.2293 9.009 10.4697 24.5268 23.7065 16.9555 12.1806 2.0892 14.6954 17.2309 11.1663 15.26 16.2066 
8.7216 28.3974 28.8277 28.2477 12.4057 14.861 24.0643 22.6296 10.3583 14.6587 32.0518 21.1435 23.738 5.9399 8.707 21.4919 16.6302 6.2622 28.254 26.6096 
16.4402 7.9043 3.3158 20.7512 25.7712 12.7495 2.9872 5.1332 16.636 14.4371 30.7837 6.7595 16.8015 22.8502 24.2235 29.773 10.9843 19.2902 25.3327 20.4055 
6.3506 20.4288 22.4125 31.8437 19.4333 15.5104 12.8433 17.6529 8.7332 13.2169 36.7706 10.4293 19.2628 4.9084 17.1992 27.7186 4.5148 7.0125 25.3205 25.5235 
12.3837 10.3485 8.2663 22.4688 22.0399 11.9303 2.6485 7.907 13.5881 13.84 27.0237 3.5571 18.1219 18.2109 21.4328 24.6696 6.989 17.0541 27.3444 22.7935 
20.318 31.0018 27.3683 12.0476 12.2862 12.6094 22.385 21.1467 16.2897 10.3538 10.1566 24.173 4.9166 20.5992 12.8584 3.2681 25.878 24.4228 3.1366 3.1545 
21.7779 19.7209 14.7634 9.0719 29.7772 18.5698 12.3002 9.3107 24.2852 17.1067 15.7372 22.7656 13.0974 32.7013 25.2498 21.2903 26.0612 28.6362 23.2245 16.8625 
22.7744 47.0849 38.5271 30.6303 11.8095 26.1603 29.7719 31.2052 22.3384 18.8277 23.0999 33.3521 25.1052 22.7725 16.2743 15.7722 29.849 21.1515 20.6437 21.0808 
15.0455 10.4514 6.2764 21.6935 23.9775 11.9634 1.6895 5.4901 13.7243 16.6511 24.8998 4.6792 18.3076 16.0631 22.6828 23.8069 9.0533 17.4202 23.9927 23.7403 
5.149 26.135 23.8583 21.5321 6.5874 8.9945 16.0428 21.2716 4.1838 7.5814 25.7668 15.9889 14.7296 9.4616 3.0104 14.6156 13.1644 8.0099 20.6013 16.194 
4.8785 25.205 25.2906 22.332 7.7943 7.9372 18.5 21.4117 4.4199 7.0799 23.8295 17.8623 14.7373 7.3656 4.3081 19.4737 11.6783 7.6347 19.5901 16.3992 
15.3041 32.2904 24.7041 15.7635 5.3028 10.6699 22.6291 19.8654 12.8324 7.8361 16.4623 27.6459 9.8822 20.0138 6.3563 5.9789 23.4462 19.4698 8.633 8.7486 
26.0879 2.3166 3.4045 22.1614 32.1237 20.7453 10.9258 9.0559 24.8827 20.0559 33.7303 10.7176 27.2405 22.4738 27.4695 29.1434 15.8856 23.8454 34.24 31.535 
18.6357 33.4185 31.8167 20.0929 7.7805 16.7868 28.5929 25.282 18.7816 11.4576 18.0421 28.151 13.7891 22.7097 9.6872 5.6646 24.7102 21.4584 9.9487 10.8621 
3.7668 21.7873 18.8292 31.156 17.401 12.8335 16.2871 16.0184 7.3102 12.402 29.4405 12.5652 18.4277 2.849 12.7195 25.7965 6.4184 3.2254 24.268 22.7344 
23.4006 11.5253 5.2572 15.7644 24.6393 15.2973 8.4104 3.9523 18.8361 16.3654 22.1548 11.5378 14.8666 21.8104 20.8959 28.2695 15.813 27.5265 21.81 19.8145 
14.3338 8.2865 5.0425 17.6386 21.4659 10.6994 1.6147 5.0626 13.6821 16.1411 24.5154 5.3542 15.548 17.5534 19.3239 24.9466 9.5683 21.7964 26.1627 22.986 
7.5093 32.5923 30.2947 30.4467 10.6389 14.7136 22.95 23.3437 8.7384 13.421 30.6227 23.9075 18.9753 5.8286 7.8721 23.4445 13.2366 4.7044 20.5027 23.2402 
27.1147 5.8497 6.1136 24.3508 38.0097 23.927 10.5197 9.6115 26.4151 26.5837 29.024 14.1304 25.9802 32.8882 33.1498 29.7698 23.0895 29.4866 31.8805 29.9907 
17.5121 23.9521 16.9819 8.7226 13.341 6.3653 13.5881 14.832 10.8407 6.6822 15.0487 22.0208 1.7487 20.1005 13.0367 9.1424 19.2474 21.5769 9.0252 5.2995 
11.6865 35.0771 27.9627 24.4466 0.8541 10.029 20.1123 23.8599 10.679 7.5373 23.5616 21.3079 12.0222 12.7357 2.7837 11.5794 19.1184 14.5325 13.9272 14.6037 
6.9882 17.3825 15.9777 28.3034 20.0979 13.552 12.0948 16.4056 9.0268 13.5913 34.0675 7.4234 19.3773 9.4519 17.1682 27.8842 1.038 9.3124 30.7834 21.8031 
5.0714 25.8002 23.0429 27.5767 13.0589 12.1537 17.8223 24.2613 8.6516 15.0432 27.7631 19.5201 17.8691 2.059 11.0011 26.8057 10.325 1.3366 28.3706 24.7436 
16.9999 31.767 31.175 16.5468 6.0261 14.3513 22.9326 24.4448 15.1428 9.6255 16.724 31.005 10.8806 18.079 9.5572 4.6728 23.9396 20.8354 7.1919 8.5283 
21.9809 7.6381 3.6492 18.9646 29.9186 16.8517 8.0554 4.5999 21.3139 19.7662 27.6135 13.4103 20.4552 27.2536 22.6942 27.3373 19.7529 27.6936 28.8155 21.7303 
6.4649 26.9306 24.9971 25.0503 8.4709 13.7757 21.285 22.036 8.4588 13.5511 29.7967 19.3725 20.5601 7.5524 7.6677 19.8234 14.8547 6.1915 25.697 24.0963 
12.4979 13.2606 12.1861 24.8508 22.6067 15.6202 9.7374 14.8587 13.8453 15.8008 32.6788 4.4556 23.2894 14.4525 22.0519 28.2424 4.188 14.2462 27.7511 26.3584 
15.518 9.3752 5.545 21.843 24.8928 10.5192 2.3098 5.4338 12.6673 16.4462 26.4117 3.9674 18.5417 19.3653 18.8591 26.5815 9.8392 20.1012 27.5742 21.1161 
3.6599 23.1557 20.4178 22.794 12.5025 6.3849 10.5893 14.1718 1.152 6.4503 29.0394 12.1451 12.4808 8.1693 8.1836 20.3414 7.5823 6.8334 22.0476 15.5319 
9.4285 32.5671 28.1718 24.3917 7.1704 14.9509 20.7167 22.0487 10.4087 10.8298 27.7578 26.3003 17.9507 9.6056 5.5925 19.003 17.9391 7.1906 21.9816 17.8051 
9.2527 20.5502 20.3793 31.8527 22.0812 18.354 14.0358 21.3338 11.6051 16.6865 31.3905 11.476 23.5939 6.5217 17.1083 32.4652 5.1857 8.5046 27.1444 31.0745 
11.9096 31.3612 22.1377 21.4903 2.7118 10.0991 21.1525 18.6405 7.676 6.838 19.4886 23.2343 10.2506 15.2143 2.1725 10.3109 18.9925 12.8442 14.3268 14.4151 
14.6522 33.4648 29.4438 17.7472 4.4137 14.7006 26.1181 21.4519 12.001 10.0916 17.7461 24.0114 11.0559 17.3422 7.7976 7.3163 24.5252 19.6599 9.3811 9.7632 
23.9536 1.5502 4.6638 26.009 28.4515 19.8306 8.8199 11.387 20.0556 25.407 28.635 10.9163 28.4051 27.9156 28.3401 34.6058 18.4391 25.8671 34.683 29.2014 
28.6056 32.0573 26.9042 5.3243 23.1971 14.7098 24.2764 19.765 19.4152 18.3813 3.917 30.6549 9.7878 32.4118 20.1808 12.836 25.2241 28.3726 7.8768 6.8093 
23.6022 22.2404 21.4305 2.7534 24.026 19.5288 19.7405 17.5182 25.5219 18.1251 9.1804 27.7224 11.6563 31.3715 24.2449 19.2508 31.7534 31.8417 14.2273 11.491 
8.6318 26.8209 20.4127 19.3858 8.6124 4.7729 16.4171 17.56 4.2566 2.6363 20.9047 15.8324 9.3737 10.3532 5.0467 12.9067 14.5327 12.8779 15.9311 14.0969 
17.767 42.4993 37.5581 31.4142 6.1481 17.8256 25.7505 28.7586 15.0006 14.1299 30.1429 32.8492 21.2344 16.5856 9.16 17.9852 25.8337 13.3004 18.414 19.0175 
10.0994 32.1289 30.4586 33.4213 20.7488 21.1212 21.2439 27.0798 13.1812 21.6184 40.5918 18.4322 27.3382 5.3993 18.2466 33.9636 12.681 5.7013 29.3253 34.1946 
26.7419 21.3523 15.9446 4.5783 26.3348 18.3578 16.5522 14.8137 25.634 20.2016 12.2423 23.896 13.4467 35.9255 26.8235 19.641 25.1274 29.7789 18.8863 14.7065 
19.7582 19.4707 12.4457 7.1957 22.0226 11.72 10.9905 8.8078 20.963 13.8335 15.9352 18.7883 10.4514 29.5102 22.375 22.0748 23.8924 22.9356 17.2708 16.2875 
17.4709 27.698 23.6197 10.1376 13.8292 13.9955 19.9703 21.2672 18.3063 10.8977 8.1731 26.7581 5.2522 22.3841 14.6225 4.6446 21.8375 22.5317 3.4291 0.998 
14.4972 38.1746 35.1392 27.3778 2.8948 15.7236 22.6739 28.9721 11.3513 14.1672 27.4326 26.7329 18.9942 16.716 4.9343 15.6686 22.9437 15.3533 16.8435 15.4173 
24.7362 19.5284 14.3063 6.0775 27.8242 14.89 15.3122 10.8712 24.2855 19.8893 16.5625 22.6117 14.3993 25.7203 29.0067 19.7826 27.2995 34.6233 19.519 15.4279 
32.0457 28.8897 21.3624 3.6113 30.0983 20.3905 20.6629 18.5028 28.3352 17.8976 11.2675 28.2411 12.0107 29.0671 22.7046 16.833 25.5179 34.7398 13.9167 14.5054 
18.8505 3.5333 1.7457 18.1149 28.052 19.0815 7.4901 7.6214 20.382 20.6837 32.3452 8.8982 20.3388 25.4829 25.3104 27.0729 18.2642 26.1029 33.9863 27.9252 
9.9827 18.9055 23.6702 30.5136 21.6127 15.6295 15.5951 19.8167 12.1842 21.4774 40.5741 13.0828 24.6123 9.4324 20.8841 36.0518 6.2448 8.4882 36.476 33.9915 
26.2096 28.2558 24.1577 8.407 25.3514 17.6246 24.8183 21.6064 21.7636 17.5083 2.4136 28.6846 11.7274 34.7939 21.3486 13.2119 31.0447 34.0793 10.1417 10.4257 
28.2618 22.186 18.696 3.0661 28.6571 18.4305 18.7316 14.5278 22.7293 17.6946 10.0648 24.7189 13.0936 34.2578 25.3523 19.166 28.2541 32.5017 16.7203 14.3584 
24.3004 25.5195 18.3955 2.0583 20.2516 15.0625 14.3844 11.4297 19.2011 16.4821 10.9701 19.7473 10.2854 30.2074 22.5335 14.8651 21.2156 28.2145 15.3818 10.4903 
18.2606 19.6706 12.4205 8.3357 15.5944 7.3383 11.1815 8.9285 12.9026 7.898 17.5823 16.4091 7.2879 19.6913 15.116 13.276 17.1498 17.7656 13.7868 11.1347 
3.7119 27.2934 23.6235 27.0601 10.9776 9.7782 18.0062 22.5289 5.5961 9.4197 27.0485 15.6888 20.4521 4.786 7.3184 18.3704 12.4672 3.3084 19.1923 23.3987 
5.8781 25.1057 26.7194 35.622 14.7513 15.7775 21.3303 20.8338 8.876 16.3333 31.0185 18.3799 20.6559 3.0135 13.3215 22.9585 13.5644 2.44 30.424 23.2727 
16.7385 7.4175 5.5806 22.816 23.3141 14.5164 5.0953 9.0793 14.8729 17.1263 28.8241 3.0886 19.7106 16.4339 19.9893 33.0935 10.2009 21.6209 26.0898 26.4809 
19.487 10.9928 6.0022 15.9684 21.3982 12.5398 5.5216 0.943 16.8078 14.6619 24.5542 12.1752 14.7175 21.5229 24.084 22.4182 15.9838 20.8798 21.7964 18.2451 
18.057 11.421 8.8975 13.6406 23.6547 10.4236 5.2524 2.3848 12.4587 14.0834 22.8406 12.9105 11.4754 22.7616 18.0025 19.9848 14.9169 22.107 20.2843 16.3535 
7.7203 15.6434 14.3345 24.51 17.9184 8.6687 6.8902 10.3436 6.7697 11.787 25.6068 5.7496 18.141 11.4646 15.5524 22.4844 3.7391 11.6987 24.3068 19.566 
15.7118 33.0046 29.7205 21.4647 4.7918 14.463 21.3466 25.9321 14.2312 9.7622 17.3082 30.7312 11.0668 17.3388 8.3314 8.1748 22.6621 18.2958 9.8586 12.3255 
4.3892 26.2901 21.6584 30.1917 16.5094 14.58 18.2761 17.9987 8.2317 14.4711 35.1915 15.0692 19.4379 0.5569 11.7398 21.7303 8.409 1.6252 26.9794 24.7765 
6.2583 21.6309 18.2791 19.0045 12.7192 3.1739 8.7021 10.9835 3.4274 4.2529 20.8321 11.6989 12.95 11.9655 8.8275 16.6148 10.2184 11.7355 16.0346 15.5695 
25.8427 5.6742 4.7856 18.7389 28.8183 19.7078 12.2375 8.6986 20.3734 24.861 26.3497 12.7827 22.1265 29.1383 33.8898 31.357 20.7835 28.0594 34.4715 24.07 
5.6626 17.3422 15.3238 25.506 17.4994 8.2805 9.0787 11.2677 6.2878 9.4016 25.6085 7.1394 19.5885 9.0239 15.4211 23.9578 3.7665 10.0119 23.8826 21.2895 
9.674 18.856 18.9259 13.9154 10.9482 0.8475 10.523 10.6939 6.5599 2.2785 16.9912 14.9424 8.1202 15.7565 8.3489 13.9327 13.9962 12.1887 14.2615 11.1626 
EOF