I 200
J 20
bounds (0, 100)
cv 0.5
D 25
k 5
t 3
FLR 0.8
FCR 4
abounds (80, 120)

a 
123.0 79.0 107.0 
100.0 99.0 106.0 
99.0 105.0 101.0 
99.0 93.0 114.0 
90.0 90.0 89.0 
95.0 103.0 88.0 
94.0 100.0 100.0 
107.0 104.0 94.0 
89.0 93.0 97.0 
127.0 113.0 87.0 
106.0 83.0 95.0 
92.0 93.0 105.0 
87.0 94.0 85.0 
94.0 91.0 84.0 
104.0 93.0 104.0 
109.0 100.0 97.0 
90.0 102.0 85.0 
97.0 113.0 92.0 
92.0 102.0 82.0 
90.0 101.0 94.0 
106.0 116.0 101.0 
89.0 94.0 88.0 
100.0 104.0 91.0 
122.0 99.0 100.0 
88.0 100.0 94.0 
97.0 102.0 118.0 
86.0 89.0 85.0 
84.0 89.0 88.0 
99.0 86.0 103.0 
85.0 98.0 111.0 
98.0 93.0 95.0 
96.0 95.0 96.0 
104.0 96.0 92.0 
99.0 94.0 120.0 
100.0 93.0 87.0 
92.0 98.0 101.0 
83.0 113.0 118.0 
86.0 94.0 103.0 
82.0 107.0 94.0 
102.0 103.0 103.0 
97.0 100.0 98.0 
104.0 116.0 95.0 
108.0 82.0 101.0 
84.0 93.0 93.0 
99.0 124.0 95.0 
86.0 121.0 112.0 
98.0 89.0 92.0 
111.0 103.0 106.0 
95.0 112.0 92.0 
94.0 80.0 100.0 
92.0 97.0 118.0 
91.0 102.0 98.0 
82.0 102.0 85.0 
83.0 88.0 93.0 
110.0 95.0 88.0 
93.0 94.0 81.0 
93.0 107.0 69.0 
100.0 78.0 86.0 
90.0 100.0 108.0 
105.0 84.0 93.0 
96.0 100.0 89.0 
97.0 91.0 103.0 
80.0 107.0 111.0 
101.0 89.0 113.0 
84.0 105.0 105.0 
89.0 109.0 90.0 
104.0 112.0 90.0 
84.0 108.0 90.0 
120.0 96.0 86.0 
114.0 94.0 103.0 
74.0 87.0 100.0 
96.0 82.0 103.0 
84.0 97.0 98.0 
107.0 97.0 91.0 
93.0 80.0 106.0 
115.0 110.0 104.0 
91.0 93.0 87.0 
91.0 81.0 84.0 
102.0 103.0 98.0 
98.0 82.0 102.0 
89.0 98.0 118.0 
93.0 99.0 90.0 
89.0 89.0 70.0 
111.0 96.0 92.0 
90.0 99.0 100.0 
101.0 92.0 96.0 
91.0 106.0 104.0 
106.0 74.0 81.0 
100.0 107.0 109.0 
94.0 82.0 99.0 
103.0 78.0 101.0 
106.0 107.0 91.0 
92.0 93.0 106.0 
89.0 84.0 88.0 
91.0 77.0 83.0 
106.0 86.0 104.0 
94.0 93.0 105.0 
88.0 74.0 86.0 
108.0 92.0 87.0 
89.0 94.0 111.0 
91.0 95.0 85.0 
94.0 116.0 94.0 
90.0 85.0 98.0 
91.0 92.0 88.0 
112.0 89.0 93.0 
81.0 111.0 96.0 
90.0 105.0 102.0 
93.0 110.0 97.0 
93.0 99.0 85.0 
102.0 93.0 88.0 
99.0 88.0 97.0 
96.0 101.0 89.0 
94.0 115.0 105.0 
103.0 97.0 79.0 
91.0 89.0 98.0 
94.0 113.0 101.0 
82.0 113.0 91.0 
90.0 130.0 104.0 
102.0 89.0 97.0 
97.0 87.0 91.0 
95.0 97.0 101.0 
97.0 97.0 108.0 
121.0 96.0 98.0 
110.0 100.0 90.0 
101.0 90.0 102.0 
108.0 84.0 107.0 
88.0 99.0 99.0 
110.0 89.0 88.0 
99.0 106.0 108.0 
99.0 94.0 91.0 
118.0 100.0 78.0 
98.0 73.0 94.0 
98.0 86.0 91.0 
100.0 87.0 101.0 
92.0 98.0 95.0 
92.0 107.0 102.0 
99.0 77.0 89.0 
90.0 101.0 104.0 
99.0 111.0 119.0 
100.0 92.0 80.0 
97.0 92.0 103.0 
87.0 91.0 91.0 
108.0 91.0 104.0 
104.0 94.0 94.0 
95.0 86.0 90.0 
96.0 100.0 95.0 
93.0 96.0 95.0 
120.0 112.0 96.0 
79.0 111.0 86.0 
87.0 103.0 99.0 
101.0 84.0 101.0 
92.0 93.0 95.0 
96.0 90.0 98.0 
87.0 99.0 94.0 
80.0 101.0 96.0 
105.0 95.0 97.0 
100.0 103.0 77.0 
103.0 94.0 88.0 
102.0 101.0 102.0 
93.0 87.0 91.0 
107.0 99.0 91.0 
108.0 95.0 99.0 
104.0 100.0 96.0 
111.0 95.0 112.0 
107.0 105.0 106.0 
111.0 91.0 83.0 
107.0 90.0 85.0 
109.0 96.0 91.0 
86.0 83.0 96.0 
78.0 91.0 82.0 
107.0 102.0 97.0 
110.0 93.0 102.0 
85.0 108.0 99.0 
91.0 93.0 97.0 
108.0 108.0 80.0 
84.0 92.0 102.0 
93.0 94.0 87.0 
97.0 88.0 101.0 
107.0 113.0 86.0 
105.0 93.0 89.0 
99.0 97.0 93.0 
94.0 110.0 80.0 
83.0 84.0 97.0 
96.0 98.0 101.0 
97.0 104.0 91.0 
86.0 100.0 94.0 
90.0 82.0 93.0 
96.0 96.0 101.0 
79.0 91.0 101.0 
101.0 95.0 80.0 
105.0 79.0 101.0 
80.0 87.0 100.0 
104.0 100.0 81.0 
125.0 107.0 115.0 
92.0 106.0 94.0 
102.0 81.0 90.0 
81.0 101.0 96.0 
103.0 109.0 82.0 
82.0 112.0 95.0 
92.0 109.0 102.0 

Icoords
4.783 17.1726
49.0083 40.075
83.1078 0.3751
75.0433 39.9765
66.736 16.6558
47.885 38.5474
49.2216 93.1134
99.4604 52.3279
37.8068 93.6491
25.9305 14.936
88.1883 92.7407
37.7425 58.2974
20.4764 95.1898
63.8135 27.4708
61.4113 24.5914
11.3764 55.1342
92.0779 43.5334
56.4949 50.7043
53.5979 16.476
55.6953 30.7408
15.8959 24.7509
71.5865 20.8739
95.6804 30.0247
61.0736 85.5005
37.6866 9.4544
97.2616 65.7992
80.4746 96.5659
16.0505 36.083
40.273 61.4838
99.7001 96.7947
86.8402 1.4885
71.9246 31.6274
11.027 22.8805
37.0905 47.7227
26.0966 41.138
68.0252 19.8873
33.3429 49.0626
55.9871 10.568
33.0806 9.379
18.9704 24.8181
69.7159 53.5079
80.5922 82.7496
63.8968 98.36
76.6525 94.1792
41.8675 73.3738
52.0018 77.3994
57.2518 16.7167
11.1747 87.9705
92.1349 80.0578
58.7568 1.0392
58.8831 24.7445
3.4209 65.0133
58.0359 52.57
39.4603 19.0354
33.1332 24.043
96.9566 20.6916
82.9515 44.8768
83.452 91.7001
27.3956 72.431
72.4299 62.9981
76.2714 86.8263
31.7951 27.1731
2.2931 66.8453
89.0418 4.6484
86.9236 97.0928
67.3604 30.5008
52.1856 92.5251
8.1093 84.543
68.5988 96.7347
62.4511 51.5969
6.5126 35.6899
93.5098 32.296
99.0203 6.528
13.2198 21.8009
74.9122 29.4826
74.7198 70.7247
47.7856 99.904
43.9296 5.0978
49.6155 41.7646
62.8518 43.9483
29.4448 44.9073
85.3368 14.5014
83.3632 25.0081
55.9268 14.5264
40.6286 31.8905
17.305 16.5426
57.6641 29.9827
19.7502 89.1095
39.0788 34.3796
58.3198 2.5652
52.0971 86.8989
58.9364 17.0197
12.9111 28.9988
50.7353 43.1473
68.8639 12.5871
8.5953 57.5326
48.391 8.2061
37.2414 93.0363
20.5936 1.0291
76.5964 4.0201
64.0246 79.713
65.8153 8.6332
12.2036 21.2754
26.0662 57.0284
74.7727 72.6111
37.7826 11.4428
70.7875 31.3871
40.0755 1.4562
44.5065 79.1818
67.3392 55.5169
1.7142 42.9554
19.8523 92.3215
55.1254 76.7285
67.6523 27.8607
39.0152 51.9165
80.3145 32.9593
40.308 69.4624
44.4761 2.1372
79.3636 51.2962
4.3565 53.2006
34.995 30.2002
11.7802 1.0381
23.8919 12.476
38.6422 78.4972
66.016 5.5563
60.5217 60.5687
77.3919 12.5185
20.3381 50.3025
45.3359 94.7185
43.9496 37.5587
78.2492 72.3061
82.8064 20.0274
44.4157 64.0545
26.8974 57.6121
93.2477 53.9204
95.1751 98.4747
42.1668 51.7559
50.0505 85.1884
32.2423 31.9918
59.9826 14.5748
98.0838 91.8838
85.9819 45.554
29.395 1.2545
99.578 62.6943
49.1859 82.4608
86.4056 25.1726
14.3854 88.2625
86.6573 54.2128
63.704 17.1512
18.4774 65.7903
13.4778 56.9005
77.7351 65.9407
15.0425 35.9539
62.4281 93.5171
84.9665 41.224
40.2954 32.6693
72.7955 92.5857
29.8494 31.856
27.7428 17.6871
49.7519 43.522
62.6348 0.4176
61.5947 7.8819
21.2266 0.2964
28.7821 10.3979
95.075 97.9026
93.5411 40.6441
65.6905 2.5253
56.5405 59.493
44.9319 22.677
34.397 34.2201
77.8699 68.4415
39.7495 56.2016
99.7009 36.9221
76.2874 99.4997
96.6387 84.4374
89.2198 1.2559
87.283 37.046
56.5254 15.0513
25.5668 41.4837
46.3736 54.145
31.8443 67.7461
75.93 98.173
78.483 74.6417
70.8158 23.4169
54.8359 71.6273
43.1009 90.8864
85.0078 10.9975
81.8224 94.0235
18.3803 48.2542
7.4486 93.5283
29.9622 22.419
29.2511 78.279
27.2403 70.729
76.4891 52.6502
98.4606 49.2626
13.9158 16.4602
91.7769 69.3153
5.2024 68.4477
56.5901 32.1929
17.9319 2.2822

Jcoords
61.1976 33.0633
29.1045 55.8093
99.9335 19.8536
1.5487 17.0881
32.9576 13.723
51.9764 43.663
88.1231 49.5453
52.7005 30.1073
81.7161 86.0351
4.8301 26.9924
12.2695 89.9988
13.5065 77.2753
64.563 38.8161
10.828 17.8106
79.5548 54.1612
69.4941 85.5549
58.6629 6.4712
18.149 27.6226
42.1212 85.455
14.267 98.891

C
18.0812 14.9975 32.2879 1.0984 9.4692 19.1368 33.8673 16.0264 33.7321 3.6275 25.8358 18.2866 20.7199 2.1147 27.4787 29.8634 20.1767 5.9127 25.6275 26.7779 
5.3591 9.484 20.8817 17.1384 10.8272 1.79 12.7496 3.3611 19.298 16.914 23.5605 16.4397 5.5384 16.5432 12.89 15.2336 13.9433 11.0247 18.1762 23.2733 
14.0604 24.3084 9.9303 31.2535 16.7728 20.976 18.7915 15.3908 26.0355 27.0031 42.3597 39.362 16.8246 24.0681 20.8444 31.1229 9.1755 22.8796 37.0007 41.3797 
5.856 19.305 11.1417 25.8332 18.611 8.9047 5.6511 8.1092 18.169 28.2972 31.6332 21.8033 3.4975 24.259 5.2737 16.7544 11.2594 21.2038 19.5157 31.6231 
5.6748 19.8271 10.7057 19.7522 12.189 9.9934 12.8719 6.4329 24.7075 19.1615 30.805 28.7679 8.0338 19.4937 14.6017 24.596 4.1107 18.7731 28.5192 32.2104 
4.4288 8.0198 20.0421 19.6035 9.4548 2.4342 12.7144 3.6099 18.2382 15.7808 24.6923 16.7888 6.2317 14.0812 12.6691 17.7404 12.8451 10.9452 18.4505 27.4578 
18.7678 14.0372 30.6947 29.4783 30.1304 18.4984 21.2489 24.5656 11.8426 30.9084 12.6342 15.112 17.7563 26.9806 18.6717 8.5374 32.7442 23.0803 3.5487 12.6481 
16.0388 24.387 11.286 33.2056 26.5367 16.0974 4.2621 15.6504 11.7553 29.9865 37.09 31.5133 11.9675 34.8317 6.5267 13.6066 19.7331 33.2363 24.8858 32.4662 
20.8082 14.6613 33.7338 28.5143 31.4687 20.6264 23.8131 23.2013 17.6699 29.0184 8.2834 10.5253 18.7004 29.7909 20.6528 11.8849 31.5078 27.1498 3.2773 9.1184 
13.6764 13.5698 26.1065 8.9805 2.5607 13.0639 21.9571 9.3387 36.0765 9.3951 25.0403 20.1311 16.3275 5.8958 24.2038 30.9828 12.3437 5.6585 24.2241 26.6744 
24.8038 22.7564 22.3033 41.994 30.8212 19.2183 15.4769 24.6848 3.4604 38.9421 28.4273 30.2777 22.931 35.5515 12.2594 6.4689 31.2116 31.5114 16.8789 24.9901 
11.8341 3.1426 24.9757 18.2257 16.1031 6.6593 16.532 9.9536 16.7411 16.7428 13.9287 9.7672 10.9359 16.447 13.3486 15.8933 18.9465 13.2127 9.2428 18.4008 
24.5876 14.094 39.9982 32.0486 25.0384 20.0805 31.0428 24.6919 22.9972 26.1685 3.2677 7.6775 24.1963 30.5987 27.908 15.4862 37.592 20.9177 7.3739 2.653 
2.4338 13.7158 12.2703 20.1052 13.4444 7.339 11.657 3.6115 23.9201 20.8985 29.1318 22.5892 3.5918 17.7681 11.6819 20.6015 6.5969 18.0376 21.5877 28.1719 
2.7602 15.7239 14.3994 21.8459 11.8545 8.4324 12.158 3.4416 20.0283 21.3163 26.2777 27.3364 5.7099 18.3219 10.6644 23.8116 6.5227 15.7731 25.3666 31.3436 
18.3363 5.6044 35.2516 15.101 15.5549 15.3358 24.4239 17.0927 26.183 8.9569 13.089 8.5414 21.6192 14.4309 22.583 24.901 26.8768 9.8854 13.5113 17.1418 
12.1331 25.3876 7.6792 29.5482 26.3387 13.6105 2.7324 13.9746 16.475 28.2035 33.7075 31.8953 8.7518 33.6552 6.0969 16.3344 18.9776 29.9311 20.3016 34.8933 
5.5958 8.6735 17.1399 19.3563 17.2803 3.2378 11.4761 7.9313 16.0702 21.937 20.2802 16.7784 4.7628 21.3583 7.2728 11.2034 14.486 14.6041 12.8951 19.8558 
7.2836 14.6978 14.6484 18.89 6.4239 9.3608 18.3533 5.2143 22.7708 15.7349 29.3512 26.1597 9.8723 14.874 16.5421 25.1994 4.4205 14.2732 22.3697 31.2585 
2.1578 14.1098 15.5536 19.2206 9.395 4.9995 11.6205 1.1436 20.0688 15.8314 24.3174 19.321 4.7447 17.8649 12.4874 17.3699 9.1078 11.9545 19.1386 26.8453 
16.9586 12.3999 29.8756 4.9381 7.5634 15.8913 24.513 14.5719 30.3166 3.6412 21.1468 19.9326 19.1896 2.6503 23.5548 29.8201 18.4365 1.1669 22.0004 22.8926 
4.8913 16.8416 10.9349 25.068 14.9834 9.8763 12.2067 7.6374 22.6055 22.5577 32.5452 25.7451 6.5241 21.8339 11.059 24.2098 5.8246 20.6291 26.8325 30.5533 
12.5588 23.8173 3.928 28.999 19.9215 16.7427 8.1594 16.9126 22.0451 30.5336 32.1352 36.6932 9.7103 27.4584 10.2642 18.7807 14.3166 24.3022 27.3937 37.7589 
19.9367 13.6039 24.0378 30.7961 26.1481 17.0276 15.7119 20.93 6.5355 25.7999 15.7472 14.8777 16.2587 31.7559 13.8873 3.2091 24.9137 25.2203 7.4521 18.2663 
11.3218 18.6072 20.8767 13.932 2.4444 14.6662 23.9161 9.3172 26.6862 13.9293 33.1251 22.2559 12.678 9.6424 20.5986 26.27 8.3394 9.3619 26.6683 32.1179 
17.9627 26.2591 16.0713 37.7924 25.461 15.9081 5.8924 21.6496 8.0177 35.9387 26.6259 28.895 15.7538 36.9447 7.3017 12.4488 26.9668 33.7402 20.5355 33.8274 
24.6609 25.0953 25.7369 43.3923 34.7249 21.7948 18.3313 24.9796 3.5257 38.6123 27.3054 27.0541 18.3659 32.4021 15.6468 5.4115 31.5913 29.6104 15.1216 20.6695 
17.3571 7.5458 32.7572 8.6152 9.1162 12.0431 29.1297 13.7173 28.0849 5.6637 16.8847 15.2702 15.3494 7.5161 24.8989 22.7874 18.6081 2.6482 21.9869 22.8336 
10.7466 4.4209 28.9615 22.6632 18.3559 7.1252 15.3573 12.8006 15.8237 16.0483 15.8107 11.5298 10.7679 20.0207 12.2832 15.0678 20.673 15.8395 8.1912 14.2144 
22.978 29.6482 30.1534 40.2329 41.4633 24.6821 18.048 25.4873 8.016 41.424 29.5881 31.4619 23.6739 37.0367 15.0467 11.7766 39.1577 41.78 22.5585 31.5343 
14.8222 29.648 7.7204 29.905 20.4606 17.8384 15.0519 17.258 30.103 26.0315 45.6579 40.4538 13.9277 25.8191 15.9523 34.2233 9.3569 25.363 30.4804 43.6551 
3.6548 19.2723 11.1809 25.6691 14.2287 8.287 7.5169 5.8064 20.117 23.7744 31.0897 27.7053 3.2298 24.7739 9.0904 20.8317 10.2376 18.4422 21.8731 31.2558 
19.9245 11.9531 30.8951 4.3066 8.3204 17.5098 30.8035 12.9509 30.5229 2.4847 23.4283 18.3446 17.1985 2.0234 29.145 31.0447 19.0851 2.6619 27.5235 24.878 
8.9299 4.1938 25.5802 16.4275 12.3505 4.6875 15.6055 7.3882 20.8913 11.6037 18.0997 13.7135 10.986 14.6324 14.3538 16.7419 14.9291 9.7163 11.6939 17.1333 
14.0325 5.128 27.7789 11.619 10.7446 9.0827 23.41 8.666 26.7261 9.4656 18.0725 15.2267 14.7826 10.7729 18.955 22.3554 14.6355 5.2274 15.6409 22.0009 
4.8972 18.1243 11.9752 23.4936 12.8749 10.1833 11.6256 7.147 23.6897 25.0494 32.2214 26.1452 6.7966 20.0093 13.1265 25.7547 5.6654 15.5405 26.4865 35.5957 
12.5439 2.8436 25.5012 14.1452 11.7016 6.9414 18.4726 9.4906 21.4984 10.9936 17.1046 12.5606 10.1467 13.2578 18.5086 16.3656 19.3688 9.1578 12.9604 19.7093 
8.6868 19.8977 16.0173 18.8332 7.8544 12.238 19.2469 6.2929 26.3835 16.8924 33.7281 24.896 11.3568 16.6708 18.2565 24.0924 1.696 12.4678 29.3749 32.1174 
13.2163 14.7816 25.3283 11.2963 1.5966 14.8678 22.3021 9.1046 35.8502 12.9571 26.3776 27.2753 15.0077 8.0003 20.9946 32.8861 7.8966 8.4681 27.2123 33.2485 
16.1643 9.909 26.1597 6.8443 6.038 12.0064 22.4508 12.6156 32.7503 5.4994 25.7314 20.627 16.373 3.3678 24.7185 25.8026 14.3514 0.9725 24.5929 26.6606 
7.8892 14.3141 13.7588 30.4663 16.7158 7.4721 7.219 10.2567 10.4912 21.2456 23.4318 23.4407 5.4337 22.0981 3.2767 11.8705 16.573 18.5676 13.7535 28.2744 
21.3243 18.4208 22.1755 34.8146 31.0561 17.6038 11.4877 19.9695 1.0514 30.9107 22.5631 26.4321 15.2365 36.4563 10.8908 3.9859 28.3185 25.655 13.6022 20.6626 
25.1869 17.8524 27.746 33.9769 29.1791 18.5857 20.643 27.1403 8.2809 31.4143 20.8886 18.8506 23.6106 31.8414 16.3882 5.3007 31.1179 31.7001 9.5073 17.3664 
20.5825 24.0424 28.5532 37.7126 31.6325 19.0702 14.3737 24.7685 2.9096 36.2711 25.6203 21.8399 20.049 36.4168 13.5094 3.5507 33.3156 32.5745 11.0767 20.2642 
17.5201 7.5796 31.3743 26.3375 22.6353 12.2709 17.2436 16.2218 13.6557 18.9105 11.9325 8.806 14.7267 24.9808 14.2389 10.3864 23.839 16.5578 4.2282 12.4005 
15.8932 10.2973 26.3623 28.7714 24.2458 12.1856 17.0504 18.1338 10.9417 24.3699 14.2303 12.9845 14.5264 23.1921 13.722 7.5791 27.342 23.8202 4.4861 16.2239 
5.625 18.9411 15.4154 17.7808 9.2527 9.926 14.2988 4.5003 28.5729 20.3955 30.7488 22.7107 7.4301 18.1707 16.2435 21.8145 3.6032 13.2665 26.7811 35.2682 
29.0943 11.7682 34.7959 25.9736 27.5694 23.1412 28.383 27.4987 27.2322 23.4807 0.8802 3.8696 27.5187 25.7981 26.4927 20.2483 32.1838 19.0632 11.0626 3.4299 
21.0539 22.6779 23.5544 40.1132 27.744 21.3427 10.8021 23.0061 3.9951 36.3714 25.7139 24.1462 19.1194 40.3247 9.4606 7.6396 28.2541 34.7043 16.3187 28.7045 
10.5826 21.8671 16.4878 22.0079 10.131 14.657 18.8424 9.8757 26.712 23.8849 37.2688 27.3586 13.6371 19.9559 17.2685 26.8194 1.7374 15.541 31.6453 34.1714 
3.3589 15.6251 13.9938 17.5323 10.4852 6.2031 14.7806 2.8343 24.2458 17.6311 30.9626 22.1297 5.8058 16.9304 12.1128 18.8644 6.8676 15.3706 23.36 29.1536 
23.669 10.5749 34.865 15.3286 19.8277 17.2918 30.2738 19.1133 27.9847 12.3006 9.847 6.3508 20.4144 15.2562 28.5312 25.8435 26.1114 13.6836 13.7429 12.7809 
6.5173 10.4193 17.4252 21.4328 17.9683 3.3794 11.3638 7.4342 15.0373 18.2121 20.2968 19.3205 4.8656 17.6517 6.9825 12.9512 15.1864 16.4755 11.7273 20.2976 
8.0639 12.0687 21.73 13.7914 3.0061 9.1579 19.8442 6.0391 29.1658 11.207 23.0339 23.3175 12.2438 9.1593 18.017 23.6911 7.1299 7.8947 23.1725 29.7596 
9.2267 11.7132 24.3296 12.6422 4.0347 8.8818 21.2458 7.1822 29.5905 9.0605 22.9806 17.8432 11.457 7.9206 16.8719 24.9664 11.8453 5.3643 22.5238 24.3686 
12.5889 26.7939 1.1118 29.3875 24.9913 19.2379 10.7455 15.9359 22.6856 27.878 42.9521 35.5407 14.406 29.5586 12.2638 22.4273 12.5488 28.8995 25.9756 41.6203 
7.7432 21.5716 12.018 28.7205 20.5995 9.4795 2.0992 12.2806 13.6501 28.7551 29.2576 23.4567 7.2315 27.0778 3.3781 15.3304 13.6506 23.6655 17.9027 26.7642 
19.7624 23.2837 22.3349 39.531 33.2576 19.4575 14.5221 24.1982 2.2379 37.6857 25.2556 22.9536 21.7773 41.4418 14.9076 5.5559 32.6728 35.8549 14.375 26.1467 
17.0401 5.9986 33.0941 23.8888 22.0433 14.8406 24.7321 17.1506 19.5041 17.4421 8.1927 4.5262 16.4373 22.5971 21.1228 16.4481 24.417 16.3748 6.2122 11.7059 
10.7461 14.4006 18.4758 27.0072 24.2693 8.6352 6.6537 13.7462 8.5617 24.7082 24.0819 22.4871 7.8348 28.1604 3.9798 7.2108 19.0595 24.3289 11.3995 25.3838 
17.4879 19.0524 23.66 34.7514 29.5361 15.3249 12.663 19.784 1.8541 34.2744 20.8902 21.3318 16.3571 29.7696 10.1083 2.2548 27.9937 28.3908 12.6902 20.542 
9.4938 11.0591 23.0468 9.9636 4.6846 9.4369 22.0311 8.3343 25.5545 8.8474 20.0396 17.7715 10.895 7.635 20.5112 27.1937 12.1665 5.2853 19.4615 22.2372 
21.675 10.9307 35.9321 18.9298 24.4001 19.2438 28.5433 23.5277 29.1045 13.9768 9.7492 5.9297 27.0077 17.9975 23.8881 21.2131 28.9674 13.3561 13.3423 11.2447 
13.8286 25.2721 6.3181 27.6519 18.8735 21.1113 17.9176 17.6555 25.8712 30.0148 38.6297 36.0676 16.035 24.9362 19.4899 25.5114 10.4235 24.4732 34.5172 42.8521 
22.7853 22.372 29.4275 42.9517 33.6469 24.2352 16.0476 23.439 4.0933 41.3236 27.8139 24.6233 21.2288 38.3083 15.5812 6.3292 36.499 38.0756 17.0344 23.4607 
2.0423 15.0315 11.4253 25.9591 11.6053 7.6308 11.1626 4.9275 21.8828 22.9221 31.4616 21.6489 2.6714 21.7446 8.0307 18.1594 10.0253 18.821 23.9775 26.5455 
22.619 16.5102 26.5471 27.6929 30.2636 18.343 20.393 21.5286 10.5279 26.4872 14.2946 16.3397 16.5626 30.7516 18.3226 5.7974 33.2762 26.3023 4.7931 13.315 
27.2726 11.5017 36.2353 26.6891 27.2742 21.0169 32.7237 26.9579 28.2266 23.0576 2.4679 2.8552 22.209 22.6678 29.6729 19.4309 32.3768 17.8483 13.232 5.5084 
23.2555 21.0435 32.4033 41.0617 28.3757 21.0665 16.3472 26.6251 5.427 30.0891 17.3539 20.999 20.6806 37.9008 14.7576 4.1576 32.1372 27.0476 10.4069 21.1735 
6.6855 10.7187 15.7865 27.7199 15.6634 4.7765 10.0054 7.6623 12.3867 22.6683 23.8224 17.0237 5.0832 19.1876 5.7592 13.1579 15.4827 19.1921 14.8177 21.5714 
21.3189 11.1721 32.4057 6.4516 12.4038 18.1861 28.6496 15.9159 29.5844 2.9207 19.7973 14.5653 18.2949 5.8195 24.3956 27.8831 19.1588 4.7476 22.011 25.3172 
12.2271 20.8981 5.5227 32.6235 22.6935 16.7248 6.6681 12.3585 16.5604 32.7724 35.325 36.0514 11.3288 27.5075 9.1668 20.9447 13.2592 22.6894 24.2439 39.5201 
17.3768 33.9931 5.1103 37.4913 26.2557 18.4838 16.184 19.2675 29.9436 36.6755 43.8691 34.572 16.8579 29.1895 19.353 29.4341 13.891 32.5868 30.289 45.9053 
16.2729 12.7057 34.0871 3.7911 7.1594 13.6385 29.5144 15.0689 29.4855 3.535 25.8427 17.7243 20.9271 1.6887 26.7478 27.1355 15.8361 2.4425 24.4888 29.1119 
4.7937 20.8906 10.1771 29.5232 17.3755 8.6613 8.2346 7.7594 21.8785 22.6859 33.2807 27.6079 5.162 25.6646 8.4576 20.6406 8.5553 17.3902 24.3264 36.693 
13.2171 15.7797 19.8435 32.5972 22.054 12.6022 8.5093 14.2256 5.9522 28.1877 19.7574 20.8082 12.1253 31.0596 6.6673 5.071 25.4917 25.9872 13.1177 22.7021 
26.1171 16.2438 37.6323 37.1998 32.4867 19.1524 21.402 23.1459 13.3939 26.9444 11.1204 16.4257 20.462 31.8792 20.016 7.8223 28.4449 29.3423 5.033 13.266 
11.5725 18.1379 20.2124 15.5873 5.2741 14.2495 19.3176 8.4968 33.7285 16.1055 31.0799 23.5687 13.5471 12.6659 21.3004 26.5673 5.6348 13.396 30.5595 34.6564 
5.7627 8.7826 17.6335 19.9645 12.0419 1.0818 12.049 4.3471 16.7005 16.831 23.1625 19.6247 4.6209 15.7826 11.9734 18.0005 14.4062 11.0291 14.9742 21.5575 
3.5496 14.151 13.8725 22.2273 16.9791 4.1885 10.2603 5.6472 18.0841 19.2528 24.0238 21.5256 1.7572 19.2187 7.1303 13.4322 11.8939 16.3712 15.6493 28.7798 
12.3156 3.5874 23.9687 13.7573 9.5557 8.5863 18.8356 9.9429 21.1174 9.2336 16.2271 12.8045 13.619 10.0699 16.2554 22.4999 15.3774 7.516 13.4968 18.6063 
10.9988 26.1094 5.3886 31.0415 20.4563 15.876 12.7716 14.123 23.3355 29.6062 32.4967 28.7806 10.6719 24.5301 15.3984 23.4192 8.8611 24.4802 26.0783 36.199 
9.2897 20.3085 6.5752 28.5552 18.1717 11.2457 8.6456 10.1924 24.0412 29.3729 32.9328 33.8601 7.0795 25.3662 11.5839 19.5476 9.4068 24.7034 22.165 31.7839 
5.8894 15.0697 15.7364 21.6175 7.6925 10.1647 17.0587 4.8164 26.1574 18.9133 28.5285 23.8286 9.5177 16.0886 17.7606 28.5852 2.7368 13.7903 26.4326 29.9488 
7.9216 8.2253 20.7684 14.4967 6.5196 5.0002 18.6971 4.8482 26.7459 11.9741 21.0918 16.6915 9.3934 11.1666 14.8847 22.8263 11.0424 7.4387 18.2672 24.8688 
16.3958 14.2192 32.1848 5.8412 5.0322 16.3748 30.7053 13.4603 33.1065 5.2791 23.3624 23.5069 20.0355 2.081 24.9113 31.5467 13.102 4.4415 23.1379 30.3083 
1.6853 15.3868 17.1735 19.041 11.1712 4.5617 13.3542 1.6604 20.0002 17.3308 26.1344 24.1083 4.4093 18.7228 10.6785 21.1361 8.1517 15.375 21.0963 27.0934 
21.644 12.286 36.7546 28.4663 26.4198 17.1595 26.9925 20.3346 19.5743 20.2767 2.9591 4.9507 24.3917 23.899 27.1113 17.3799 34.4541 23.0715 8.5298 4.4753 
8.1452 7.9516 19.3574 12.6611 6.6529 5.9449 19.9644 4.5241 22.5519 14.0145 21.1347 15.8059 9.5063 11.6365 16.5654 21.4611 12.3421 7.6251 17.5294 22.7745 
11.2854 22.7019 15.4022 21.2598 10.8477 13.0409 20.2849 9.5966 33.3571 18.9523 30.0213 31.729 13.2682 19.5375 17.0621 31.0921 1.3449 17.6834 27.4657 40.5255 
20.2564 12.0992 26.8333 32.1488 24.9301 14.6008 18.8485 19.8725 10.1399 25.5022 12.8233 15.2965 17.897 26.5328 12.8782 6.6201 27.6059 23.8809 3.2115 15.5328 
5.9835 17.4353 14.186 22.1803 8.8277 10.2687 13.744 4.584 22.7263 20.274 28.0749 29.9436 7.181 15.3005 16.2191 21.0874 4.0393 13.2666 25.0806 36.6623 
16.0975 10.2578 29.9868 6.0741 9.9831 16.0315 23.9518 14.5248 28.3844 3.2348 19.9176 16.8932 19.3061 3.5974 22.6173 29.7605 16.6302 2.0612 19.8069 25.9629 
5.311 9.9606 21.0823 17.7343 11.0215 0.5095 11.5804 4.4626 17.5334 18.5267 19.58 17.6867 5.7642 14.1907 9.7895 15.3072 12.8254 12.7201 16.6442 23.2746 
8.315 18.3055 12.1569 21.0762 12.049 12.3399 14.3404 9.4514 24.4421 25.8598 34.5791 26.4959 10.4164 21.9913 16.75 23.8832 3.9833 17.5406 29.713 33.7314 
21.1987 6.3123 31.5582 16.0233 15.1587 15.8084 30.8682 17.1962 30.0106 9.8068 12.1055 7.5518 19.3331 14.788 21.7665 24.0796 24.5216 11.1308 13.3074 16.4227 
11.1765 19.8359 17.9241 14.4699 5.0792 11.7462 17.2528 7.366 27.2193 16.5373 31.9386 27.2141 12.875 15.4621 20.1501 27.1235 3.5221 14.282 23.5686 30.9766 
23.0294 14.0535 30.0174 29.8493 28.6023 19.7599 24.8265 24.9998 16.6763 24.0495 9.6473 10.9948 23.7577 31.389 18.9562 12.7072 34.1188 21.8535 3.4694 7.8334 
20.0877 19.5749 30.8068 7.5807 5.5039 19.4233 28.4542 15.0701 41.4715 9.5769 32.4103 24.9404 17.8855 6.4792 28.0331 30.4869 14.5134 9.9532 30.965 31.1654 
12.186 27.5873 10.5699 23.0359 15.9282 15.9597 15.9435 11.7028 31.0538 28.1596 41.2121 37.2791 11.7891 22.982 16.8918 31.9026 5.8518 19.5277 34.6741 45.1786 
14.6328 15.1625 23.6985 30.4655 28.5622 13.8128 13.8344 15.6614 6.7634 25.6591 20.8695 19.3558 12.9123 28.5424 11.6106 2.9874 23.3165 21.0109 8.3373 16.8402 
8.5553 21.3224 11.8846 19.6665 11.8103 15.0092 15.5593 9.8963 29.3237 21.1192 38.0849 31.1462 10.6426 21.987 16.2118 30.3187 2.3933 16.1574 29.6489 38.2918 
16.3573 14.3756 27.8842 4.4076 7.8845 14.3358 29.6828 15.0583 34.9805 3.6537 27.4069 18.0985 17.5598 1.2872 28.0692 31.0322 16.8128 2.8952 23.7497 24.7836 
14.2252 1.1907 31.7794 14.4391 15.3915 9.6734 20.3958 11.5541 21.77 11.8337 11.244 8.637 16.081 16.6025 20.2959 19.8484 21.9203 10.3967 10.2349 17.3235 
13.0205 17.5569 23.0936 30.6376 22.245 12.7084 9.1892 15.321 5.533 25.4021 21.6883 23.9015 13.1717 32.4393 5.7655 5.3553 21.1709 23.5764 11.2909 21.3072 
10.4725 15.7728 20.565 13.8653 2.1128 11.1891 23.6186 8.7331 30.048 13.6639 26.2075 23.6319 13.7516 11.0648 21.0312 24.9493 7.9503 9.4896 23.2872 29.4031 
3.8698 15.2227 10.7388 24.6318 12.6004 7.6956 9.964 6.7198 21.1551 24.8285 30.4789 26.2314 3.6015 22.2978 9.4368 17.0731 9.4849 20.3545 23.1325 28.0941 
12.8377 19.6013 23.7147 14.7641 4.5 15.9228 25.4173 11.143 33.8914 13.3358 31.7675 29.0428 16.9478 13.2195 22.9756 32.5021 7.4101 11.3648 27.4085 33.9276 
19.1476 8.5205 27.3046 26.2153 24.5407 12.1446 19.1525 15.0555 13.6775 25.7384 11.2313 9.3952 17.5833 22.9336 13.0179 9.0488 24.208 19.381 2.204 13.2506 
7.1907 12.0328 18.5575 27.7795 19.4502 6.5529 7.6768 8.859 12.6473 20.6816 25.1451 19.9913 5.3617 26.5697 3.8138 9.1942 17.0241 17.5132 11.9937 26.7655 
23.4146 9.4914 37.9584 8.5803 15.5914 18.3877 32.3848 16.5154 29.4761 5.7722 16.0742 13.3291 24.6208 10.6099 30.2854 27.0106 25.0987 8.5007 19.6746 17.2267 
28.7652 14.5203 35.8461 30.5453 29.1403 22.3021 29.4223 24.5463 24.5434 24.5881 2.7281 5.4884 23.7072 23.665 24.6154 15.9772 34.0494 24.7171 8.1329 3.1775 
17.33 13.2747 25.979 28.7655 26.3225 11.7548 15.5106 16.993 10.4942 27.367 14.2441 16.1204 14.9597 26.4776 11.2112 5.8329 23.3831 21.8405 5.2417 18.049 
3.1537 18.9978 11.2483 25.578 11.8201 7.7549 9.2683 5.6169 21.4024 19.0118 27.5598 23.4135 3.754 19.6086 10.0808 18.2522 8.9814 19.2768 24.9856 28.8869 
11.0218 3.8801 22.8621 15.6532 15.3639 5.9466 18.4123 8.476 21.1907 14.1642 16.1433 11.8949 10.9589 13.827 15.7575 16.3732 18.4427 11.9037 11.8561 16.5338 
5.9512 18.0567 8.8571 30.2594 16.0449 11.0597 5.6188 10.8517 18.5883 24.2985 27.3739 24.2915 5.5255 21.7338 7.4742 16.8287 13.0892 19.0115 21.9233 36.5268 
15.2426 5.521 24.138 24.9093 20.6391 9.0723 16.3162 13.587 17.1671 18.1345 11.6568 8.5678 13.1711 23.4976 15.5522 11.5817 22.124 18.4931 5.3935 13.4471 
10.7722 20.3556 18.3214 14.9461 5.8602 12.7859 22.3931 10.408 27.8954 16.3401 31.4704 27.1605 14.3899 13.4335 22.7265 31.2125 5.4797 12.0442 30.5232 39.7636 
10.0816 18.3679 14.0412 29.2407 18.313 10.3944 3.1586 10.9426 13.2171 23.9891 30.4327 24.6512 6.0152 27.9027 0.9125 13.4515 15.8886 23.2471 16.6969 32.1512 
23.7171 9.5385 35.4903 13.775 18.4955 15.133 31.8448 17.0588 33.1787 10.021 13.4109 9.9517 18.7622 12.4408 28.8634 26.3211 24.6168 10.1186 16.6772 18.6497 
10.0901 9.058 24.9747 13.8454 5.9421 8.5035 21.5363 5.7703 26.1438 9.9408 22.9273 16.2074 11.4167 8.6307 19.8124 21.5113 11.2442 5.6392 21.9618 23.8426 
22.7186 17.6876 34.2167 7.052 7.6822 18.1331 33.0866 15.3545 36.6975 9.2482 34.3749 30.1214 19.8298 6.2309 32.8005 31.7671 15.6834 9.1168 33.011 34.3868 
13.1663 14.1936 26.8465 8.8907 2.8917 15.0836 24.206 11.4905 35.9667 7.624 27.5224 24.6821 16.596 5.2719 20.9042 32.9571 12.2865 5.8785 26.4929 32.4756 
17.2159 8.6557 25.6942 21.6447 20.6579 13.9722 19.572 19.9043 16.9273 22.8703 10.611 9.3162 14.4513 20.9083 17.8608 10.7226 28.886 20.4305 2.4333 11.3237 
10.8911 18.9614 13.836 25.3056 11.588 15.4442 19.5598 8.8201 28.756 19.9359 31.7104 32.0259 13.1934 22.1662 15.6159 31.3651 2.5608 17.5519 25.4105 42.4642 
9.8004 10.343 18.5184 26.604 18.0943 7.2361 10.8037 10.4695 12.2324 19.6911 20.7312 19.1049 7.0357 22.9384 7.5109 9.414 19.2592 18.6463 11.8817 23.9008 
8.298 19.6047 7.3462 23.6604 16.5934 12.6907 14.0786 12.011 22.9547 27.251 38.5218 34.276 10.7238 21.5212 13.4062 25.6603 6.5755 23.0735 29.4902 36.0098 
16.0671 3.7725 30.8755 13.9019 13.7019 12.3847 25.1701 12.6113 23.0039 10.0763 14.9799 8.5894 17.9662 13.4032 23.3097 24.075 21.6359 8.7518 15.326 16.8297 
24.9749 16.0668 31.958 32.505 29.0381 15.4817 22.5797 25.0364 14.7626 25.8998 12.4421 11.807 18.5981 30.9531 20.1592 9.0045 28.2559 27.3797 3.0779 9.9278 
6.9514 7.8411 23.1168 18.6499 9.2682 3.833 15.2783 4.3353 20.6784 13.5179 23.5386 18.7057 8.1161 13.2383 12.4693 17.1756 13.7092 9.0325 18.511 22.7443 
14.0257 17.6514 18.452 32.2749 25.3545 12.8419 7.5175 19.2487 5.3157 27.5482 26.122 23.1487 13.6791 28.296 5.8723 4.7816 24.2464 26.9158 11.9837 27.0629 
8.4895 23.0956 5.7601 24.7347 16.556 13.8958 11.9342 12.1343 22.1684 29.7333 30.2239 30.5618 9.8364 26.8175 12.0558 21.1564 8.8439 20.2142 29.8861 33.7487 
14.0374 6.7474 21.6299 19.2671 15.491 7.2443 15.4691 12.1394 13.3652 19.4894 13.7891 12.2773 12.333 19.5354 14.4524 11.1784 22.3042 15.5401 8.4651 17.9446 
16.7581 1.1057 29.3276 14.9324 14.5854 11.146 24.424 14.4519 20.5131 14.1951 12.8501 7.6175 15.0027 13.5207 17.1345 17.3922 20.4089 11.8648 12.5092 14.362 
13.5711 25.6427 11.1406 33.1639 26.2964 16.2538 2.1118 15.6398 11.2842 31.9336 32.7036 26.8384 10.0659 27.2468 4.7549 12.7264 20.3567 31.6132 23.379 29.1654 
23.7714 23.8621 27.3708 37.3406 38.4067 26.6592 16.101 31.4624 7.0157 45.6899 26.2097 26.9073 20.1766 41.1401 15.0637 10.927 29.8733 40.4289 16.5632 26.9104 
8.5362 4.6939 25.5515 18.6157 14.6197 5.0194 13.835 7.9569 20.7047 13.9649 16.0772 14.7015 9.309 14.8809 12.9443 15.1821 17.6685 13.5001 10.6489 18.612 
18.038 11.611 27.1345 32.2638 25.1967 16.1832 19.0098 18.4515 9.8705 29.362 14.3051 12.0922 16.7928 26.1253 14.1249 6.6392 23.9936 20.8434 3.0609 14.0357 
9.3937 8.1655 23.2033 13.2695 6.8634 8.1896 22.1054 6.1778 28.5969 9.3095 23.2698 14.7901 12.5659 9.8165 18.3707 23.9443 11.8833 5.0418 21.4483 24.2313 
5.6864 19.0552 13.1573 21.313 9.2769 11.5551 15.266 6.3301 24.6559 19.6735 31.353 25.6932 8.4446 16.0886 16.993 25.8099 2.9303 14.5749 28.2589 35.1518 
21.2662 25.3846 23.0212 46.5645 39.6268 20.809 13.9226 24.6905 6.5614 34.6509 30.6259 25.7746 18.9246 38.1027 15.2476 10.5707 30.2814 30.7893 19.5355 29.5307 
8.6981 22.1006 11.5189 34.4827 22.8022 11.5933 1.7393 13.0291 14.8045 30.1855 28.9125 28.2197 7.0415 25.1469 4.0218 15.5454 14.4007 26.8373 20.3499 35.0796 
16.2558 18.9035 26.9037 10.9009 5.1481 15.9368 23.8287 13.8047 32.8665 11.7055 29.3559 27.2443 16.7436 8.3336 25.2178 29.5271 10.1555 9.7178 27.2672 30.9446 
17.9307 22.1349 13.084 40.2959 26.2932 15.7025 5.7443 20.3302 9.5169 34.1216 32.7767 29.1837 14.2615 36.5494 7.4525 12.7673 27.7583 29.1427 22.6562 34.8356 
15.4544 12.5205 28.0216 25.1643 27.58 12.4979 15.9126 19.1205 11.4574 21.7755 12.121 14.1405 15.5667 22.7022 14.8567 7.6316 28.8624 24.5117 2.3525 14.1591 
9.966 24.048 5.2359 30.5845 20.0167 14.6121 7.5352 12.2257 24.2707 31.5205 35.5518 27.0606 9.127 26.9722 9.7225 21.9031 11.8105 21.5488 23.7117 35.5429 
27.8287 12.1052 35.7418 28.2275 28.2999 19.3825 29.5493 23.177 20.4124 23.7563 0.9843 4.0419 27.4531 24.9859 25.0887 17.4574 33.4547 19.4603 8.6197 3.9849 
12.0511 19.5294 13.7136 35.7856 25.1799 12.5135 1.8385 14.6625 10.0153 32.6403 31.0133 24.2833 8.157 32.4428 2.5577 13.2858 21.6671 28.5279 18.5346 28.0128 
6.2097 20.2178 12.9844 20.4118 9.7699 9.5754 13.0301 5.4904 23.3393 23.6793 35.4651 25.4241 6.8732 21.1044 15.4081 21.789 3.7379 15.514 28.4095 33.4536 
17.4469 5.7705 35.3211 15.5146 20.7634 12.811 27.9624 16.3603 25.252 13.7985 9.3869 3.817 19.0102 16.1741 18.6959 17.929 27.5993 11.882 9.3888 12.8198 
17.8003 6.1218 28.9889 13.2788 14.9826 13.4061 28.4051 18.1737 22.378 10.2802 12.0624 6.469 17.4064 12.7608 25.1375 24.1927 22.8051 9.4993 16.0122 13.8887 
11.5375 17.3961 16.2058 28.5449 21.6474 11.4394 6.3313 17.0478 7.0899 27.4668 23.8532 19.7229 11.8293 26.1272 4.1717 6.5463 20.2222 23.1233 16.0531 24.8932 
13.8783 8.8198 33.5249 7.7471 9.3505 14.1374 25.7641 13.6621 30.5616 4.9687 16.5054 16.3911 18.3581 6.3199 25.7069 28.3355 17.448 2.6986 20.8203 20.6827 
20.1111 19.9679 25.4516 29.5873 30.5289 19.3207 19.2155 23.5436 7.6464 31.7309 18.8657 18.0828 17.4793 34.8977 16.1297 3.7855 34.5285 26.1113 6.7141 18.9721 
9.8638 22.5627 8.5028 31.5748 18.7498 10.622 3.3526 12.1357 14.9882 28.9098 29.5634 25.5724 6.3505 27.9425 4.4483 18.6875 17.107 20.8859 22.0641 32.0419 
7.223 7.8474 20.8985 15.8362 7.2046 4.963 18.8974 4.0699 23.4008 11.6155 19.9608 20.6567 9.5329 10.9565 17.1957 18.9871 10.8336 7.239 16.6903 26.4904 
22.201 18.2634 24.1895 36.5714 28.0788 17.0883 17.727 20.5883 3.7707 30.8963 18.2107 23.624 19.8927 34.7574 15.3366 2.4949 29.4001 25.688 9.5421 21.1451 
9.9824 7.6424 25.3203 11.4249 6.923 9.395 18.7387 7.9502 23.3786 7.7533 19.9357 16.8221 11.5419 7.2448 17.7879 20.9121 14.4809 4.294 20.9056 21.8511 
11.2667 13.439 23.9853 8.3607 2.3221 13.3325 26.6115 8.9682 32.6411 8.4701 26.4662 19.9541 16.8279 6.0117 24.4454 24.7811 11.3114 4.91 21.5796 30.514 
5.8281 7.4724 19.0585 18.8731 11.5 0.718 13.4934 4.6877 19.5682 15.2072 18.9453 17.622 6.2116 15.161 12.158 16.2023 14.6866 10.8218 15.7146 20.7354 
12.4991 19.5156 16.2095 21.5098 11.2759 16.5063 20.6275 11.8812 31.0171 22.6299 39.7407 27.6664 11.5687 16.6459 18.9598 32.8328 2.6362 17.4008 31.8415 38.2671 
7.7442 18.326 12.3265 19.0808 10.8548 14.4389 17.2132 8.1345 29.8436 22.0474 32.0904 32.7914 10.0252 20.2569 15.0267 23.8125 0.9826 18.463 30.5204 36.6414 
18.3172 18.0038 28.5635 8.9919 6.1191 17.2883 25.5689 15.8014 32.8743 11.6576 28.7213 27.5342 20.7862 7.8623 28.8602 35.917 15.1427 10.7824 27.1208 36.976 
12.048 13.8554 23.2773 9.358 1.928 15.8684 26.14 12.3971 28.7577 11.5565 28.0145 22.5007 14.2334 6.1342 21.1414 28.5488 9.1287 6.6375 24.7605 31.5568 
25.0925 27.5695 27.2918 43.237 37.725 23.215 18.0371 28.2299 7.0975 45.3002 30.5111 28.5979 20.8742 45.1485 17.326 11.0439 37.0632 33.1866 18.5603 30.3861 
12.0622 22.4143 7.726 28.8395 22.8388 14.5901 4.063 16.171 17.0269 29.5833 34.6391 31.6517 9.2914 27.3209 6.9264 19.44 15.5911 28.2469 21.1915 32.1382 
12.2757 22.0665 12.7031 21.8305 10.5066 16.9291 19.5364 10.3537 26.0288 21.902 34.2644 28.999 13.7245 21.1121 20.8727 30.6285 3.1521 18.7782 25.9245 43.0576 
8.6817 10.5469 18.0785 26.409 16.1158 5.7349 12.0429 11.057 12.8222 24.4303 17.7581 16.949 7.9178 23.9411 8.3132 10.1746 17.2777 16.7951 10.2189 22.161 
7.351 12.6239 17.9266 14.4348 5.8013 8.8215 17.8592 3.8936 25.4073 15.488 22.8746 19.3714 9.5631 13.1046 16.9266 26.2257 6.4041 10.8507 23.8733 29.9114 
9.5955 8.0801 23.7978 14.078 6.9369 7.0541 17.6993 6.1382 23.8088 12.0289 22.0107 14.5194 11.7906 8.9746 14.839 20.8633 11.7554 5.4451 19.9276 25.2435 
15.2724 18.4574 16.5531 28.0109 24.1252 11.3216 7.9868 17.5042 6.775 30.4264 23.6778 22.8228 12.4775 32.6221 4.4231 7.0935 23.5639 28.3709 13.1996 23.5453 
12.4686 3.5099 23.7291 20.7376 13.4561 5.5604 17.4516 10.6009 18.3614 13.8533 17.3061 11.9045 11.1012 15.756 13.3643 16.0555 19.2125 10.765 8.9956 18.6139 
11.8526 22.5742 6.7154 37.2406 21.5514 19.2648 5.351 18.7878 20.2149 36.4291 37.9769 35.9372 13.8961 30.3258 9.9273 18.0396 20.134 32.7419 23.1111 38.8922 
21.3378 19.3428 26.1875 39.8625 36.2391 23.8787 17.8551 27.1765 4.5412 32.4542 19.9917 23.0298 24.1537 39.182 15.1914 5.3065 32.3249 35.1297 12.7149 19.2335 
20.0408 26.986 23.5132 35.5983 34.7817 21.4748 11.8667 23.5963 4.6029 35.533 31.5803 30.5558 17.0485 42.0327 10.8115 10.6687 34.5852 38.6609 17.3887 28.5346 
15.2055 31.9274 6.8703 31.2347 20.7053 22.4065 18.7266 17.518 27.0396 31.1 45.116 35.728 16.1794 24.7733 20.1141 28.6567 11.5719 29.4802 35.3105 44.8039 
10.1065 18.3816 7.966 31.5047 19.0781 12.4683 5.001 12.2111 15.24 25.8992 34.3317 26.781 8.3293 28.4683 6.0938 19.2256 16.5132 21.6018 23.5357 36.945 
7.032 15.469 15.5126 21.8572 8.5451 8.7638 14.5248 4.8156 24.2082 20.4851 31.5428 25.546 7.8774 14.1279 17.324 23.3769 3.399 15.2567 24.0163 36.2687 
13.704 4.8636 26.681 13.6699 10.4425 10.197 19.2501 10.2477 21.9475 7.7894 17.8379 12.6488 13.3053 10.2371 21.4783 22.5999 14.8199 4.8751 18.0185 23.1227 
10.2392 6.8997 24.6056 20.0009 16.6996 4.129 13.5625 8.6227 18.57 16.5466 17.71 12.9774 8.3755 17.5211 11.3612 13.3737 14.8091 12.7385 10.898 20.1512 
15.5303 4.0967 29.4856 21.5622 16.3022 10.1262 17.8452 14.9489 18.289 15.1767 11.0872 7.6836 14.4432 18.2579 19.7832 12.6822 22.4405 13.0284 7.3218 12.1164 
26.0881 19.3414 31.5455 38.8088 34.9739 21.0596 17.9276 25.5174 4.4091 40.1223 20.2241 25.3638 23.8358 35.8362 17.2271 4.4774 35.0671 29.5462 12.0719 19.3882 
14.4001 16.7581 20.652 29.2274 23.4843 14.1557 10.6569 19.0811 4.6686 28.5887 23.45 19.5675 13.3023 34.2295 7.2867 5.4009 23.8041 30.0689 11.688 20.7505 
4.4967 20.6706 10.4491 24.7618 15.5146 10.9765 10.6307 6.0676 21.0065 22.5804 33.0884 31.0256 6.5434 22.3585 11.305 23.2387 7.2298 19.7707 25.7212 32.1404 
14.4381 10.7951 21.6831 28.3497 20.2164 9.698 14.7519 13.3871 11.1013 20.1824 15.7073 13.1606 11.4509 27.0917 11.5226 7.8473 21.3493 19.7771 5.9792 17.1516 
19.4611 13.0105 31.6031 26.0429 23.5816 16.8032 24.4433 20.8718 13.4308 27.4305 10.9867 10.2968 22.1112 27.4485 16.4241 8.603 32.8415 26.3186 2.0051 11.6765 
12.5046 24.0662 6.8484 26.644 16.8248 15.7484 11.7451 14.0159 23.8624 31.7792 35.1909 31.0812 13.1879 23.316 14.975 23.3489 10.0455 25.8838 25.8292 37.8529 
23.0068 24.1564 24.5157 38.9716 32.4017 21.6716 14.8558 25.9599 3.0446 36.5254 22.8236 25.6315 19.25 33.5385 14.9046 4.6186 35.3741 34.9863 14.2844 20.4885 
15.5424 4.5638 32.4184 13.173 13.7896 11.9018 25.9487 13.3666 24.1452 9.843 15.4751 11.718 16.0408 10.1251 22.8013 19.5652 22.078 8.2201 13.7644 16.4197 
24.7476 14.9879 44.0337 29.0263 32.2313 23.0909 30.9928 26.0531 27.8126 24.1313 2.381 6.2495 30.4503 29.7791 31.3659 21.7068 31.6345 20.8519 11.6946 2.7368 
10.4674 13.1301 27.1461 10.7745 2.8512 11.9833 22.9236 7.4673 25.431 9.4209 21.1109 18.9053 11.8467 6.361 19.9607 29.2377 10.8188 4.4612 20.9735 24.4971 
20.7832 8.7476 33.6185 26.4917 20.8083 13.3668 24.9723 18.1623 17.0879 22.5796 7.1019 6.0393 16.252 19.6718 19.9046 12.2809 28.7189 19.7893 5.1825 8.2284 
18.6066 4.64 34.5328 19.3833 18.1558 14.6483 22.4847 17.6184 21.0554 18.7139 9.463 4.6434 15.7238 18.7879 18.2131 15.637 25.9866 17.5382 7.6729 10.1143 
7.6833 14.5414 16.1097 25.9551 21.6831 10.2527 3.6557 12.7062 11.5331 27.9414 27.1903 23.5404 6.0841 26.1127 1.3323 10.4217 19.3348 24.1104 17.9734 27.6369 
15.1963 27.0716 10.5034 38.9153 26.5526 16.7476 3.9215 17.8042 12.6226 29.508 35.6068 34.9852 12.1629 35.7713 7.6324 17.4688 22.5628 30.4591 23.3767 36.7375 
16.2815 13.2315 31.1024 4.0009 6.9197 17.7493 31.5895 15.6856 29.5424 4.3774 27.5177 18.6707 19.6091 1.3147 30.1496 31.5501 15.9507 3.8859 24.3365 30.4172 
16.3101 21.9773 19.8313 33.1422 26.9994 16.7433 6.3008 21.262 7.7156 33.439 31.7442 28.1024 14.1388 32.4103 7.4565 8.4345 25.2599 33.2275 20.8068 30.9195 
25.9654 9.6038 41.6928 18.5516 19.4636 15.9228 27.8447 19.1548 30.6264 15.2272 8.5754 4.4564 23.619 19.4216 24.2507 25.1545 29.7845 14.0992 12.2309 9.7484 
1.7964 13.1689 15.0429 21.0612 11.2297 4.8241 11.5067 1.5972 23.2734 18.2384 27.8763 21.9004 3.4619 19.0533 11.8985 18.4574 9.8266 14.4047 19.6209 24.8038 
16.5613 18.1759 31.6583 8.1815 5.7657 19.4622 29.4733 15.6084 41.3523 9.3556 29.8154 28.6071 18.4113 6.7536 31.3271 35.8671 16.0835 10.1086 31.9451 32.5999 
19.3295 15.9517 35.5909 1.0641 10.7068 16.3929 30.7738 15.9072 36.6128 3.7414 25.8285 18.2198 22.4174 1.998 27.8041 29.0726 21.6818 6.2673 28.5926 25.6755 
4.8528 8.9512 21.7583 18.2721 10.9136 1.4007 13.0434 3.7002 17.4139 14.4444 21.0191 18.8411 5.1686 16.3001 12.2408 19.8575 11.9259 10.2094 18.2084 22.7473 
15.6778 30.3216 8.0255 31.1952 15.6519 18.8645 17.2247 15.8203 29.7536 28.0779 39.3438 36.6238 16.0692 27.585 20.0197 28.6127 7.8075 24.3729 31.9578 38.9279 
5.5681 17.9931 11.8266 27.1264 15.2033 7.961 5.0077 9.6261 18.5041 26.0909 29.2412 22.1991 4.1629 21.2495 5.9063 17.489 13.568 21.6346 19.0497 32.4357 
5.3821 20.5982 12.2065 19.7978 12.1721 9.901 15.1474 7.1677 22.862 19.0925 28.914 26.5656 8.2631 19.572 14.6731 26.1544 4.767 17.7869 22.1329 34.5906 
5.6627 9.0733 19.7545 15.8044 10.9437 2.0745 12.8729 2.9375 19.3694 15.9814 20.2808 16.7319 5.1325 14.2553 10.9071 18.6251 12.6116 9.6052 15.8937 24.2181 
20.8987 13.2446 30.6591 33.7677 29.9683 19.0481 18.5037 24.4142 11.3072 30.7173 13.6762 14.2251 17.5588 29.7784 16.0057 8.1047 33.7203 25.1824 4.1346 13.1406 
15.2378 22.5626 11.0684 41.416 24.4452 14.8859 3.773 18.2286 12.3458 31.4952 28.5797 29.3564 14.4935 29.4861 7.878 15.4456 22.6547 27.5171 20.396 37.0875 
20.5614 12.8403 36.1454 29.0141 26.6723 15.8517 20.7085 24.3891 15.2812 23.3143 8.0048 11.4512 23.5387 27.9637 21.578 11.6985 35.5504 22.7477 2.7819 7.4809 
14.398 15.3696 24.2672 9.4651 2.6228 11.8308 24.1778 11.2249 28.0786 9.6479 24.7961 20.093 14.1611 4.6644 24.5693 32.9991 10.802 4.7045 23.0519 27.7424 
20.7888 25.7107 28.8813 37.0366 37.8782 19.9075 14.5353 22.8635 3.4091 33.0498 29.4605 28.3787 21.5357 32.3852 13.7024 6.8555 35.479 32.1426 18.3061 29.4111 
11.7169 3.0285 29.0555 19.8491 14.7896 6.3878 17.657 11.029 17.9525 14.0629 13.6521 11.7434 11.8641 17.2735 16.4326 12.5916 17.4319 13.4238 10.2991 18.1194 
28.6063 12.4048 36.7791 26.5437 27.9972 18.4681 26.2526 22.0629 20.9848 27.6798 3.796 6.1205 25.234 25.8264 26.2177 16.5403 31.3041 22.5268 8.5606 2.7267 
2.122 15.2707 11.9935 19.2151 11.3568 6.5387 11.2433 3.905 23.7487 20.3617 25.0153 27.6932 3.8249 17.3264 11.998 19.3642 7.3515 17.549 21.792 34.0219 
2.6949 15.8002 13.9026 22.1716 11.0291 6.6983 11.7522 3.9468 24.9917 22.33 29.6974 25.3569 4.7818 17.7043 13.256 22.5509 6.2002 15.9379 22.021 32.2499 
18.1292 6.8728 29.9515 12.3268 14.0886 16.5593 29.9258 15.7062 25.8603 10.3582 12.3601 8.8528 16.8459 11.5156 26.79 25.4913 24.0609 9.0581 15.1867 16.5849 
10.7799 25.1502 9.2585 30.048 24.988 14.6251 2.6374 15.0688 14.2658 32.2173 36.6997 31.9551 9.9578 28.2178 6.5371 15.8669 18.0394 26.4827 25.2385 34.8742 
6.2439 9.4536 16.2608 25.4435 13.4665 2.9433 10.6912 7.6863 16.7387 19.0094 21.6408 18.7089 4.52 22.1744 8.1891 11.2332 13.68 14.8727 12.2445 19.6315 
6.0429 14.4569 16.005 18.3538 6.6051 8.2196 16.7518 4.6529 28.2853 17.0769 32.4044 27.6381 9.051 14.8826 17.3017 23.3776 3.9697 11.8652 23.7892 33.2219 
2.1751 14.3328 15.1344 19.3099 10.7497 4.3446 14.5707 1.1908 22.0733 18.7691 25.3753 19.6099 4.3537 15.5489 12.5242 19.3426 9.0638 14.912 20.0293 27.7066 
14.0707 10.304 28.8906 6.0865 7.8621 15.981 26.8192 13.5008 31.4768 4.4756 22.5453 20.0798 16.4084 2.6726 27.2573 27.664 16.5249 1.2217 20.7109 26.6969 
5.3846 16.8196 8.8614 25.1732 15.5962 9.0495 10.714 7.3452 25.7313 21.6393 30.6233 26.9837 7.3642 19.9663 12.1063 22.8573 7.0728 18.5016 24.5751 37.9205 
13.1092 22.9534 3.5256 37.655 25.6375 16.4131 7.8831 16.5043 18.6856 33.6697 37.1383 33.2145 11.2495 25.9238 11.3208 22.5687 14.3254 29.3054 25.4591 33.2057 
17.8549 17.4521 23.0232 28.0665 23.558 13.0715 14.0606 16.846 8.1524 29.8903 15.8943 19.2078 15.4395 31.1574 12.4757 3.2748 30.0372 24.2692 5.8791 16.504 
12.7312 18.1263 23.6282 11.5238 2.1399 11.9191 25.0887 8.5307 33.9916 11.9666 26.0642 28.0377 13.1596 10.1825 18.9326 28.2 7.7609 8.0706 28.9065 35.0393 
15.8732 26.1282 15.5512 33.0562 30.7237 19.2652 6.5115 19.0405 9.8932 34.3548 32.7941 33.8151 13.7103 38.9911 7.0602 12.3125 23.8454 33.6348 21.0916 33.9257 
26.1607 21.3313 26.0377 42.4178 31.6306 18.6821 17.5882 24.9868 4.0761 35.7141 21.1865 21.0188 19.1206 40.4764 16.1982 4.945 29.5427 29.9728 14.9579 23.8295 
17.9951 9.2655 34.0985 9.2413 9.7133 11.8155 23.2642 13.1194 25.651 4.3857 16.2415 13.6978 18.634 7.4116 20.178 23.1879 17.8142 2.8077 17.1964 21.9477 
11.3924 4.9345 24.4437 19.9297 17.6215 6.6754 15.668 11.3123 14.9663 16.4786 13.5326 10.0847 10.5685 16.281 15.5079 12.8833 22.6452 12.6805 8.3042 16.8112 
26.5074 32.4971 26.8987 45.202 35.7089 25.9105 18.3691 27.3801 7.9909 37.6314 33.9026 32.3545 22.5418 37.334 15.2824 11.7251 30.4769 32.53 23.4505 26.6204 
13.7972 27.7772 8.8391 27.8847 16.6536 21.5593 17.1191 15.8681 28.0363 26.3407 37.0935 32.0699 14.6493 25.2826 19.9084 31.777 9.4428 27.2959 31.3556 44.7118 
4.2349 19.1395 12.0195 21.6161 14.9277 7.6184 8.5725 6.9442 19.5587 26.7807 28.5274 23.3089 3.876 22.7819 7.5916 17.7332 9.3077 16.6573 20.2118 32.6112 
19.4484 14.515 30.7172 4.3033 8.9193 13.9784 32.3208 13.2681 30.8547 2.4066 26.0329 18.5352 18.7346 1.9392 25.7326 31.4819 18.9642 2.9126 27.7611 28.37 
8.7888 3.4187 26.742 16.1976 10.525 4.9328 16.9689 7.6894 21.9441 13.801 17.3006 12.9762 8.716 13.8363 13.7868 17.793 17.8851 8.8407 12.8017 20.4781 
11.5509 5.5817 29.2312 12.3441 8.5545 9.7536 18.8908 9.1613 26.769 9.9356 16.0768 11.9854 14.7826 8.7153 19.5712 21.5667 14.3739 5.5237 16.9321 17.7858 
5.1257 18.0343 11.3594 21.8569 14.1958 10.1259 12.7004 6.5004 20.6702 20.3562 29.3459 25.5832 6.7831 18.6529 12.2948 22.7267 6.4163 18.0944 21.1568 29.0117 
11.2943 2.8165 26.4973 14.0235 11.9738 7.6824 16.736 9.4527 21.4618 12.0321 14.2546 10.7879 10.6692 14.6097 14.7241 16.0728 17.704 8.8688 11.6501 21.1393 
7.2967 18.4611 13.9736 19.1458 8.6447 12.0347 17.489 7.0418 29.4053 20.2719 30.8177 29.8784 9.5914 14.4161 18.5984 28.5193 1.6505 15.3938 27.5013 37.3043 
11.3818 14.9027 21.3968 11.147 1.5358 15.2397 21.7297 10.9513 31.3656 12.3745 32.7305 22.3573 14.4517 8.7476 24.6798 25.7432 8.9394 9.364 25.6418 29.6539 
17.1668 11.4708 27.3034 6.9529 6.8343 13.0592 24.1693 12.7624 31.1637 4.92 21.8196 18.992 17.408 3.863 25.4658 31.3566 14.9286 0.8834 22.4705 27.3583 
7.2115 16.1608 16.9068 26.9188 21.1899 7.4539 6.7163 9.1168 11.5452 25.8018 20.6823 19.9255 4.8296 23.8265 3.1012 12.0083 16.4088 19.7331 14.944 21.6178 
20.4869 18.9148 24.5181 40.8568 30.058 17.0516 10.3471 18.1941 1.2195 36.536 23.6006 21.8686 17.0697 33.8257 9.4375 4.4129 27.3582 29.3283 11.6431 20.5261 
25.9123 19.2045 27.7201 33.2393 28.1338 20.0188 21.4986 27.1057 7.1954 35.6757 18.3364 19.8776 22.8841 33.761 16.1537 4.7711 36.7599 30.5965 8.4214 15.2322 
21.2318 19.9488 25.1418 33.3321 34.6905 22.4322 17.8991 23.9272 3.0889 37.1956 22.517 19.8396 17.5443 32.3739 14.8335 3.5025 30.3072 31.6352 11.2512 24.4497 
15.0703 8.4155 28.8236 25.6729 23.2023 10.1055 18.8982 13.4743 15.8383 19.4269 11.223 11.268 15.4378 22.1104 13.2151 11.899 24.8944 20.4229 4.8263 13.2463 
18.0666 11.3138 26.235 30.9967 21.0622 10.4043 16.4027 14.5581 11.4677 24.4251 12.8673 13.6698 12.315 27.5741 14.3312 7.6544 22.7185 22.8028 4.096 17.24 
6.148 17.3851 15.1543 21.2178 7.5661 10.2527 14.6953 4.9769 26.1177 18.857 30.5596 23.3531 7.223 15.1384 13.4891 27.0374 4.0645 13.9647 26.6262 28.5818 
25.2319 13.1195 39.1146 24.686 29.3336 23.6532 27.8153 24.5217 22.8711 19.416 0.7867 3.69 25.6101 24.2265 29.3151 22.729 34.2118 21.8638 9.6282 4.4685 
21.4646 24.4608 23.7304 34.6523 29.6641 19.9769 11.0975 21.8287 4.4719 31.3346 25.4483 29.5041 18.668 36.8534 8.6775 7.176 32.0052 32.2196 16.2885 30.6352 
12.1948 19.3759 13.7897 22.0495 8.6389 16.9531 21.9157 11.7938 29.0275 22.8795 38.2323 27.0572 13.6447 16.0307 21.2676 30.5424 2.0319 18.1716 29.9417 37.1166 
2.6777 13.5552 13.9814 22.9638 9.7838 6.7025 14.7691 2.7729 21.2175 16.6789 28.212 25.7462 5.34 15.9059 12.5406 22.4447 6.7415 12.7938 21.5021 30.2699 
25.7487 9.3117 37.7313 18.8826 20.2834 21.0047 34.1829 22.936 27.2389 11.7413 8.6595 4.8901 20.8467 15.9347 30.3076 22.7782 28.4617 15.4157 15.2048 12.6635 
7.6654 9.0277 16.9468 21.9398 16.9002 4.28 10.2933 7.6235 12.9219 22.6397 20.6752 18.2867 5.9283 21.6499 8.4045 11.2856 17.8696 18.3856 12.6552 21.1834 
7.7716 12.2368 20.4478 12.1515 2.5719 8.5059 18.0752 5.5783 31.558 12.0598 26.8488 22.8074 12.1734 11.0049 17.8571 24.8807 7.7104 7.1801 21.1384 30.8649 
9.4036 10.0257 26.6387 9.8932 3.3679 10.3508 24.125 6.3976 30.2679 10.2955 23.6793 21.3835 13.2698 6.978 19.6221 24.9593 10.3298 5.221 18.8433 27.9116 
11.5067 25.9535 1.0261 36.3572 20.2273 15.8035 9.6532 16.4969 22.9137 31.2577 37.0865 30.4188 13.1811 27.7834 13.1541 23.2937 13.6149 31.2175 33.6894 41.0626 
8.5329 20.4837 10.7236 28.3592 19.5628 11.5719 2.4573 13.0448 13.1066 26.9278 31.7733 25.4031 6.3099 24.5895 3.4681 15.1547 15.4365 25.0403 17.6494 27.5244 
22.4781 19.6885 27.7455 43.586 30.9445 19.0957 15.6503 24.2533 2.1431 35.9038 25.5333 27.6385 19.3233 34.3864 13.0734 5.6108 29.6816 29.4049 16.3563 20.9925 
20.2157 6.0638 28.1756 18.5259 21.8487 13.9135 23.3888 16.4553 20.2377 19.8215 8.3828 4.6159 17.7302 21.5697 21.9628 16.8626 26.9645 17.4958 6.6801 9.6973 
11.9738 17.4793 16.7669 31.7111 20.1971 10.4421 8.113 12.7298 9.1827 25.1524 20.0661 18.6069 8.6181 26.09 3.5848 8.0206 20.258 23.2923 11.6145 27.2018 
19.9447 18.3354 24.967 33.8418 28.1681 18.4354 13.1715 18.7889 1.7303 36.9862 24.1135 19.8335 17.3059 31.6908 12.1897 2.5913 28.224 26.1922 11.4871 20.2893 
10.3514 9.9115 27.1655 11.5896 4.1972 8.3501 21.025 7.7559 28.5645 8.1301 22.5002 17.2115 12.9189 8.0484 17.9274 21.3908 11.2575 4.5999 20.2547 22.9681 
20.4188 8.9678 43.2356 16.7352 19.2906 20.8063 28.5083 22.2615 28.5407 13.23 9.8501 5.749 24.761 15.8474 30.4571 21.8967 26.6299 13.4788 17.0262 12.7807 
12.7346 24.3186 6.3649 27.9259 20.3961 16.9784 13.4854 14.2699 28.6332 33.6305 43.3823 34.653 13.9461 25.999 15.482 33.2855 10.6517 28.326 32.667 40.2896 
22.1366 24.7663 28.7539 35.7911 31.6209 19.9193 17.5316 29.389 4.6654 42.9213 27.664 22.9883 23.9066 35.2863 14.3659 7.1528 33.1861 34.5662 17.4695 28.7445 
2.4061 18.2057 13.6357 26.5972 14.8396 7.5134 10.7202 5.3425 18.011 20.6486 28.3965 24.7875 3.3593 19.5603 10.0856 20.7269 8.86 17.9584 22.9737 32.4416 
19.2872 13.8257 26.5297 28.2108 30.2799 16.1881 20.7403 19.3876 10.9633 30.1094 14.6185 12.9387 20.0901 30.8626 15.3489 6.7099 31.7833 23.8912 3.9149 13.4303 
26.2817 11.6725 42.4917 24.3645 23.9193 20.3213 29.964 25.7687 28.1309 20.8152 2.1365 3.0055 23.9526 21.4923 29.9602 21.3218 34.4788 20.7036 11.5818 5.7957 
21.4094 17.523 24.9148 31.598 29.6224 17.1736 19.013 22.481 5.6301 31.0625 21.7108 23.3595 18.5382 32.9712 16.8369 4.0185 29.1224 31.6511 10.1248 18.4602 
5.9146 13.1623 15.1136 25.2419 15.8554 3.9802 8.3829 8.6676 12.2722 22.3488 21.5602 18.0296 5.1467 22.0565 5.3372 11.1394 17.602 19.3583 14.7703 23.4484 
17.0869 9.7956 37.314 5.8355 10.3582 17.9738 26.9526 17.2372 35.5031 3.1767 20.6711 13.6334 19.8181 7.1658 28.1702 24.3003 23.8155 4.3582 21.2216 23.0758 
11.4838 22.2282 4.5719 35.2893 22.5225 16.8971 6.7657 14.4591 18.1174 35.4198 31.1199 35.308 10.2902 29.7403 9.3224 17.9768 16.7464 27.5293 25.7374 35.4108 
18.4395 26.0807 5.1731 33.648 20.4477 20.9111 15.0923 17.8226 25.4114 34.2176 36.6097 40.3543 14.4496 27.7492 16.034 25.5619 12.2848 30.8985 30.036 40.4397 
19.4565 13.8542 32.8034 4.5136 7.9698 16.4552 25.7921 13.8706 33.298 3.5231 27.0022 21.0972 19.5532 1.6115 23.0205 29.7886 15.4572 2.692 23.559 25.789 
4.5145 18.4074 10.0055 27.1497 14.6999 9.2842 7.6437 7.6039 19.6399 22.3072 31.7129 27.3667 4.9321 23.502 9.0125 20.2068 8.775 19.1452 25.2151 30.0844 
15.3419 17.1955 17.5497 34.4662 26.5199 13.8606 7.617 16.8406 6.2232 32.6974 24.9402 18.8875 11.3819 31.325 6.6707 4.7644 25.8957 23.2491 12.4917 21.495 
21.4336 18.8873 31.5179 31.8313 32.714 17.3477 22.4666 22.971 11.6051 32.555 13.8489 13.7394 19.5244 27.5038 19.4424 9.2379 32.2357 27.4049 5.2006 11.596 
9.8832 21.1284 19.2858 17.0452 4.2944 14.4543 24.1815 9.3105 31.0845 13.7708 35.2753 27.2814 12.6023 13.4247 20.9245 25.8159 4.525 12.0643 27.6097 31.0068 
4.4836 9.8167 16.7773 20.0455 10.3328 0.954 13.0586 4.2302 18.8058 18.4862 22.9429 17.0115 5.1725 17.6471 11.8697 15.4709 14.3625 11.2706 17.6206 26.119 
3.9262 10.9352 14.0803 22.9434 13.1573 3.9981 8.1922 5.2609 16.4976 23.0974 25.1319 19.8464 2.1359 22.5256 6.8953 15.4504 13.4853 17.8655 15.8302 22.3036 
12.7731 3.7194 29.8113 13.6864 12.0317 8.1463 21.4549 8.9092 22.135 11.4256 18.3405 11.2423 10.8531 10.06 17.8911 17.2273 15.5464 6.5972 15.8929 19.9297 
9.8143 27.4421 5.6482 32.1564 19.6863 15.0386 12.8982 11.3845 24.589 28.9789 33.7785 34.8191 11.1612 27.67 13.5628 23.9579 9.811 25.555 27.7731 34.2351 
8.9477 23.2409 6.865 25.1112 18.2182 12.133 9.113 10.2297 20.3416 28.4773 31.6999 30.7628 9.0365 22.9316 10.7195 24.4049 10.9941 23.3067 25.9555 40.271 
7.3271 18.6389 16.6851 17.5782 8.313 9.3767 17.2823 5.6931 26.9556 16.8779 30.0107 23.6089 10.2189 16.1429 17.576 23.1039 3.305 12.1829 25.9629 37.4855 
7.5899 10.0572 21.0468 15.1027 7.2611 5.3207 15.3276 3.6658 24.8224 13.3435 21.0207 18.7482 8.5712 11.338 15.0551 21.9244 9.4966 8.5599 16.3274 28.3176 
16.8836 14.0306 26.0654 6.0083 5.9181 14.1079 23.7986 13.5513 29.7143 5.6859 22.5451 19.1439 16.3785 2.3291 27.1151 33.7703 12.8721 3.6248 27.4154 31.7422 
1.4176 11.9906 16.591 18.9777 9.577 5.7144 14.0094 1.9101 24.1051 16.5159 27.1879 22.8855 4.3163 17.5469 12.2538 17.6304 8.4906 12.9722 19.8001 29.9762 
21.414 11.7499 34.6038 24.9823 23.5803 19.5886 25.9577 23.2135 20.6972 24.5058 2.7866 5.2906 22.2159 22.7277 24.4652 19.5643 27.8683 18.5261 7.2309 4.26 
8.6704 7.7885 20.4648 15.3718 6.9459 5.4586 18.8094 4.4241 23.215 11.5164 22.5425 17.1443 8.0112 13.0612 16.9888 20.0919 10.5351 7.7065 16.3782 20.8945 
10.2255 21.0682 17.6238 20.9375 8.5258 15.4154 19.8009 9.8468 28.7454 21.969 35.0611 32.7918 11.0795 15.5472 19.0484 25.1467 1.2802 18.2326 31.072 32.9521 
21.736 11.8904 32.4833 31.7523 24.8469 14.4971 16.8609 21.0595 11.1889 23.8006 12.0324 12.9181 17.2562 27.0479 13.0449 5.6325 31.3017 23.2251 3.5139 14.3978 
5.1993 18.1351 15.4065 21.1302 9.2126 10.0264 13.9494 4.5232 24.5142 19.5258 31.9037 22.6539 6.9266 16.4168 14.2098 27.571 3.6784 16.6465 22.8255 33.0996 
19.005 11.7173 29.1905 5.3005 9.2169 16.1567 23.5853 12.7137 33.6662 2.9617 21.1011 15.4062 20.6836 4.4441 27.2975 29.0725 15.9673 1.7227 21.1736 23.0338 
5.4171 7.6697 19.7323 19.0257 12.5548 0.4865 12.0053 3.9615 19.9778 18.5559 21.3682 16.2725 4.8194 14.4271 10.8076 17.3707 12.3789 14.0087 13.5054 20.1638 
7.5235 23.4266 10.82 22.0612 12.2502 13.5354 14.7905 7.6589 25.911 20.5041 36.6983 28.1562 10.2888 18.6407 13.6936 22.0371 3.9381 18.3446 25.0946 40.0324 
18.8201 7.8992 37.2395 14.6152 17.0986 16.947 27.4952 20.1774 23.7479 11.7454 11.769 6.9069 21.8648 14.0718 28.1103 21.0093 22.4764 10.9393 14.3938 16.2974 
8.9284 15.7116 17.4802 15.2661 6.4346 10.8481 18.0326 8.3861 33.349 16.0155 35.3452 24.7225 10.5312 15.055 17.0463 29.5609 3.7148 10.9541 28.8698 33.8059 
19.5485 12.2244 38.5456 29.5724 24.0987 16.1068 22.8586 24.313 14.997 27.5293 8.7216 10.499 18.7913 26.0392 18.9619 12.2139 31.4881 25.6967 3.1367 7.8594 
19.7981 17.5071 28.8497 8.0017 5.658 19.9633 27.5395 15.0051 35.2942 11.3082 29.8904 23.7995 20.9582 7.2558 27.8109 35.0668 12.506 9.5099 31.7492 35.4705 
11.5614 25.3176 9.9015 23.0131 17.3811 14.6718 18.2353 13.0224 25.7782 28.9282 34.6835 38.5262 13.4938 24.0571 17.6402 30.2657 5.678 25.1943 27.8472 45.0083 
16.1704 16.2839 25.276 29.1121 25.5207 13.828 14.7997 19.3351 6.8761 30.2487 18.954 17.5148 15.3622 24.6084 10.2651 2.6185 22.259 23.2252 8.2785 17.2988 
8.4757 18.8715 13.2386 22.5834 11.4312 13.1448 16.3515 8.3765 24.1006 23.7495 36.8674 27.4957 10.9658 18.408 18.6087 29.3715 2.2782 16.7167 27.5828 39.7781 
17.5566 11.9573 31.4026 4.1385 7.445 18.0372 29.5532 12.6999 36.3771 3.0137 22.665 21.493 21.2705 1.2254 27.5071 33.6067 16.6616 3.1335 22.4681 27.6254 
16.8747 1.1655 30.6879 16.4918 15.4923 9.0116 23.0586 11.4556 24.0983 13.1727 13.6029 8.0342 13.5939 15.0415 19.5942 15.993 24.0257 12.1264 11.2502 16.6233 
16.5871 16.3306 21.6791 31.7403 21.7178 14.3333 9.2052 16.0777 5.7915 31.6065 25.7496 24.2948 10.9229 26.6285 6.4421 4.2034 24.4248 26.2884 12.8804 24.4604 
12.6971 17.3551 24.5601 12.4571 1.8284 12.8826 21.7625 7.4787 27.1913 13.8206 31.6505 27.7366 11.7756 8.7521 23.4689 27.0855 6.7375 9.9196 25.1629 30.3721 
3.4774 17.1792 10.7043 27.3891 14.3497 7.015 9.2661 6.5657 21.0827 22.1183 30.4955 22.6204 3.1363 22.8388 9.0219 19.3813 9.0887 19.6104 23.1631 34.6004 
14.5598 16.9509 20.1829 12.7559 4.4348 13.7039 20.4549 11.2307 35.0415 17.1659 35.8881 30.9388 17.8546 10.8537 21.731 33.0991 5.8045 10.7161 27.1313 34.613 
14.9394 10.6618 27.1665 22.878 26.3021 14.2098 20.2388 18.3343 11.7668 26.1711 13.2953 10.0506 15.8885 23.7736 13.0524 9.2758 25.6451 19.0104 2.143 13.099 
7.8309 15.019 16.3205 28.1528 19.0497 7.0748 8.1417 11.5657 10.9066 24.9691 25.8793 23.2139 5.1213 26.298 4.1395 10.1127 16.4463 20.7251 13.1288 24.6339 
22.3895 11.9664 40.0672 8.6812 16.8194 19.006 29.083 19.4915 34.4554 5.1899 17.6845 11.5327 20.4827 9.0507 25.1422 24.0806 26.918 8.2017 19.9502 21.5147 
26.0773 12.1323 34.4529 30.6227 24.5266 22.4421 27.8593 27.0017 19.7118 25.6003 3.0128 5.7301 26.8519 25.1736 25.905 17.36 37.3187 21.2221 8.4009 3.0042 
13.7679 11.4518 27.9412 30.0963 22.8761 13.0768 16.588 16.4328 10.3223 22.6915 14.3473 15.4128 12.385 27.657 11.8431 5.1061 22.0254 19.1174 5.3372 15.6877 
3.1636 18.6264 10.5299 20.1731 11.9849 7.5835 11.809 5.7938 23.0723 22.8632 29.108 22.5705 4.2776 21.6975 9.8008 20.3072 8.9327 14.9106 19.2085 32.53 
11.4322 4.2431 20.7073 15.7453 12.1504 5.7576 14.8823 8.7696 17.4412 14.3376 15.9804 13.3409 9.4258 14.7384 14.1619 16.1644 15.0414 10.4529 10.2225 18.9762 
7.102 19.0436 7.7411 25.8965 16.4129 9.1725 6.2274 8.667 16.4645 24.768 30.2862 24.8447 6.3355 24.223 6.5832 16.1628 13.3561 20.8084 25.8184 36.1068 
13.8115 5.9978 26.9847 24.0753 20.6335 8.5371 15.7982 15.5179 16.3152 17.2325 13.3285 11.0663 12.3855 22.6233 15.211 10.5485 23.9152 18.2753 6.3157 13.561 
12.6496 16.7881 20.6909 14.2506 5.6641 14.8156 23.8624 9.5218 30.5574 14.0473 29.9077 32.0042 15.8829 11.726 22.7076 28.1905 5.275 12.3263 31.3984 39.4697 
9.8062 17.172 12.8651 26.3252 20.6656 9.6609 2.7933 11.4364 13.7812 27.4229 28.899 22.1662 6.5863 29.9851 1.0949 13.1449 15.2665 22.8271 16.9091 24.6114 
23.2889 9.2971 39.1851 12.6341 18.242 16.9834 31.4507 18.0338 27.6489 8.4509 12.9894 9.5036 19.5979 13.6676 23.5239 25.9793 21.5719 9.2294 16.5928 18.6264 
9.352 9.2314 23.7845 12.2108 6.4784 6.7916 19.6478 5.6623 23.6904 11.1511 21.7438 19.5296 10.1848 10.3607 19.5342 25.3465 12.5211 6.3567 16.8196 22.6587 
21.6469 20.7092 30.7193 6.4525 8.2154 22.6855 28.2385 16.248 40.1647 10.4654 29.7756 30.4417 24.7564 5.7001 26.6348 36.8024 18.2367 9.7701 26.9471 37.9009 
16.6219 13.6262 23.951 8.6352 3.2313 15.4823 23.635 12.2336 36.8837 7.4851 23.7598 25.7124 17.0273 4.9967 27.4898 34.4301 12.5017 5.1399 24.9359 34.6667 
19.4681 9.5122 28.6123 24.5862 21.9778 12.9279 19.9561 15.3944 15.7947 23.3508 10.7404 8.4933 15.5462 23.4985 15.2236 10.6847 27.6002 21.1051 2.9 10.0906 
9.9192 23.6814 11.138 23.8975 12.8411 13.4949 18.0237 10.75 25.4515 20.5194 36.9255 33.8659 11.9283 18.3277 19.5817 30.4762 2.5312 20.045 26.3362 39.2946 
10.3589 10.8514 20.1334 23.578 20.6054 6.5542 9.5762 10.5828 13.1237 23.0337 22.3194 17.3985 6.8808 23.1547 6.3361 9.0238 20.737 19.1669 10.4673 21.4861 
9.585 25.2793 7.8203 25.5675 17.7091 14.162 13.2729 9.7828 28.6032 24.3283 36.457 27.8174 11.4553 25.2672 15.8455 25.0212 6.9022 23.4342 26.4764 33.4423 
13.9606 4.0106 28.2677 12.1733 15.2381 10.167 25.1023 12.4358 21.3917 10.4095 12.436 11.0742 17.0797 11.636 22.1465 20.5182 19.4408 6.8629 15.1565 17.4516 
24.1982 16.2776 36.2296 35.1343 31.5863 15.7906 20.1407 24.3471 12.4437 30.9662 13.1001 11.7489 21.5539 25.516 17.6015 10.286 31.2278 24.1219 3.1397 10.0344 
5.7198 8.3964 21.2144 15.7966 8.486 3.4559 16.1846 4.0928 24.4269 12.9831 22.9321 17.3145 7.9468 14.7307 12.214 21.3785 13.6886 9.2399 18.396 20.707 
15.75 18.3875 21.1991 30.4036 28.4276 12.0334 7.9417 19.0464 5.1996 31.2322 26.9008 24.707 13.5489 26.2415 6.258 4.8943 27.406 27.0506 14.5481 23.4046 
8.4895 25.4445 5.1487 30.8737 17.988 15.0495 11.6372 10.2992 25.5551 27.9953 33.592 30.8045 7.9063 27.7464 12.8821 22.0123 8.7802 24.4653 23.707 41.2716 
10.9712 6.1109 21.8286 25.4161 19.5534 6.6549 15.9066 10.6648 13.8155 17.4396 15.3796 12.7614 10.7183 19.0324 12.368 11.5649 18.4306 15.1942 8.3962 15.2126 
14.3623 1.0165 29.1056 17.1073 14.0404 9.7399 20.9102 14.9987 20.9638 13.3912 11.0804 9.1092 13.925 13.7697 19.9314 16.4243 21.4625 11.7554 10.6084 14.1159 
13.0319 23.3518 12.5327 34.498 25.4341 16.1134 2.1953 15.4987 11.7005 32.026 27.4554 26.1321 11.8489 27.8227 4.6221 13.2169 19.6698 24.3802 18.994 33.3643 
23.2333 27.6215 28.6862 39.7349 33.3391 27.4897 15.1963 30.9151 7.3254 39.2384 31.0516 30.5101 20.1766 40.5916 15.9658 10.1796 30.4375 36.431 21.0864 30.8588 
10.6462 4.8101 21.8561 17.2753 15.0658 4.6557 17.8332 7.9087 20.8199 15.1298 15.7035 14.8666 9.053 14.077 13.9296 16.573 16.0443 10.2893 12.7113 18.5517 
19.4292 13.1408 31.5568 26.6455 26.343 14.6035 15.9015 18.1647 12.1291 26.6572 13.0787 12.511 19.334 28.277 16.163 6.3203 26.0525 25.4899 2.5341 14.2081 
10.1905 8.9511 21.0508 12.8328 7.0005 7.3229 21.4845 6.4839 29.161 10.4909 20.4354 16.868 12.8103 9.4826 18.3133 21.2954 13.3012 4.6523 20.6762 26.6628 
6.1663 16.4846 16.0951 23.3367 9.3093 9.5699 15.0595 6.5257 28.5175 19.7357 34.1733 24.14 8.7851 16.3596 13.6986 22.5514 2.7694 13.8694 28.1858 37.5208 
23.2172 23.4385 26.7032 46.7355 31.091 25.2456 14.4401 27.8181 6.5979 45.1939 28.1882 25.8776 24.4607 45.4623 12.789 11.1037 31.8994 39.825 18.3131 33.5596 
8.9534 21.0603 9.1706 34.1174 24.0267 12.2643 1.5341 12.7209 12.411 25.5237 31.1676 30.8384 6.7743 28.9762 4.0336 16.6357 17.0281 26.9426 20.4922 31.6476 
16.8046 19.3127 28.9098 11.2148 5.0119 18.2334 27.3262 11.1751 35.8652 13.6446 35.05 27.4695 17.9425 8.2938 24.8897 28.1641 9.0288 10.0561 27.1054 31.6758 
18.9102 24.1954 14.742 40.2959 32.4861 17.789 5.4304 17.7839 10.5573 38.121 33.0878 29.3495 14.52 36.4002 7.1152 14.562 21.3472 34.4978 23.8118 29.6366 
20.0552 13.1645 26.845 27.9711 23.0034 15.5125 17.4983 18.6116 9.9487 26.5837 14.3101 13.1923 16.4459 27.8516 13.0676 7.0523 27.3614 22.1298 3.0539 11.8205 
9.4589 25.7569 4.9175 27.388 18.3933 15.4562 8.0849 12.7707 20.0587 31.5857 33.4739 30.1788 9.0163 28.3011 9.7046 20.417 12.2186 24.8409 25.6415 37.0178 
27.8576 13.6126 36.2018 22.8612 28.9605 18.4201 27.3006 25.4892 26.3744 20.0977 0.9407 4.3263 26.6852 26.171 28.0014 18.4947 31.4922 22.565 9.3975 3.6129 
12.3589 18.3952 14.2883 31.3937 23.4851 12.963 1.8904 15.5203 10.7013 32.1833 31.0711 29.1844 10.3114 29.3306 2.3453 14.0934 18.3244 27.0949 21.2873 32.9041 
5.7539 17.8365 11.0589 18.8268 11.3724 11.2974 13.2126 6.7177 27.8748 20.8022 27.4839 29.7711 8.5665 18.9945 13.2058 25.7157 3.7839 17.1033 28.6029 31.6481 
18.5555 4.9934 35.9009 20.1292 18.4882 15.7257 26.1174 18.9461 24.8071 12.8772 9.4094 4.2024 17.2266 14.8818 22.8927 17.6335 26.6321 12.2637 12.218 11.2715 
16.7708 5.0331 29.4874 13.977 17.7394 12.5145 27.985 16.2974 29.4935 9.8972 10.9396 7.0415 19.8938 11.8557 20.4089 21.5626 25.4323 9.0901 14.6371 13.7375 
13.8781 18.4492 17.4079 32.2918 26.9784 12.8255 7.2843 14.0841 6.9096 25.9459 25.4713 25.1362 11.0905 31.1053 3.9107 8.4143 22.8078 25.0573 13.7139 23.6346 
16.3848 7.3211 32.9632 7.7911 8.6767 12.5829 23.2218 14.2719 31.5038 4.9293 17.0736 15.4607 18.9484 6.1299 23.0927 25.0284 17.4375 3.0089 19.0937 21.2366 
22.8018 19.7264 25.4268 33.2026 29.2104 15.6634 18.7673 19.3481 6.643 34.6083 15.2354 16.6446 20.3424 31.1871 15.8894 3.8622 29.0918 28.3898 7.2057 16.4279 
8.5093 21.3849 8.0541 34.6749 19.8559 11.3366 3.2841 11.3337 14.175 29.9028 27.8388 30.6149 7.9633 27.8881 5.1158 16.6919 13.3631 26.9819 20.5369 34.4049 
6.9868 8.7985 18.4707 15.4144 6.5626 6.0747 17.4672 4.4169 22.1105 13.0127 25.5125 19.8502 9.4578 10.7717 15.562 23.8139 11.0736 7.7001 20.1287 25.5725 
18.8353 21.6099 28.6766 35.9485 34.5993 18.5079 17.0371 21.3693 4.1923 36.318 22.9482 21.6033 21.6007 35.8062 14.8411 2.4956 33.7983 30.1702 11.9765 20.2385 
11.2247 8.1457 22.4832 11.2845 5.9277 9.3298 20.7058 7.7715 27.3388 9.8153 18.4049 17.0924 13.4573 8.6588 19.1009 22.7677 13.9548 4.9696 21.3895 25.1821 
13.4869 12.7104 27.8854 9.3668 2.6064 12.8848 26.7548 9.2023 28.2779 8.3662 24.2552 24.2794 16.2421 5.9965 23.3935 24.9006 12.1403 4.8713 21.642 32.8682 
4.8048 9.0269 19.0751 18.0924 10.6346 0.7387 12.2233 4.3608 18.4406 16.7293 18.796 16.4185 4.9078 16.3039 9.5663 18.032 11.6151 11.2004 13.4897 23.1489 
11.1234 23.2905 16.3399 24.7898 9.7895 14.7203 19.7032 9.984 27.447 21.0458 32.8347 33.2306 13.7986 21.1326 18.4752 28.4255 2.5674 19.3145 26.8379 37.7076 
8.6912 21.308 12.8647 22.6892 8.9726 11.723 17.6133 7.919 30.7232 20.4901 28.8814 27.6583 10.2365 20.4741 15.2054 27.0135 1.2048 16.8882 25.7936 34.0154 
18.9064 20.9586 27.0794 7.9856 5.602 19.4467 31.0764 16.3476 35.6654 11.5009 30.948 24.5325 19.9339 7.6953 28.4235 36.113 11.4585 10.5981 29.1639 32.6962 
13.646 13.7782 23.5429 9.4365 1.7871 15.1587 21.7253 9.8526 29.644 9.7878 29.3477 22.9604 17.7701 6.2585 24.5801 28.053 9.5145 6.1274 23.2359 27.7815 
28.9991 27.6947 30.3651 43.5583 32.1907 23.9286 16.2392 31.148 6.2899 39.9977 26.6598 30.7518 20.2691 44.2767 15.2142 10.669 33.5891 39.5321 19.3436 31.7841 
12.3844 21.8781 6.7015 34.67 23.7007 14.5776 3.321 14.5767 14.4048 27.6357 31.9863 30.5867 11.5881 25.9137 6.0356 19.4451 16.1478 27.3211 24.9633 33.0727 
9.6242 21.7239 15.2782 23.1459 12.7864 13.3863 17.9943 11.7348 27.942 21.8823 32.194 31.1413 12.8386 19.6029 20.9635 33.0472 2.8926 18.59 32.1492 35.3461 
8.5288 10.4279 18.9189 22.5966 20.4203 5.9112 11.6919 9.8686 12.4601 22.8179 16.9893 18.1084 8.7562 21.4851 9.3125 9.8603 16.7365 15.0687 11.8137 21.693 
6.1814 11.4892 18.7252 14.6972 5.7954 7.5951 15.911 3.9517 25.7296 13.1567 29.6239 21.192 10.0994 10.4795 18.5411 25.7802 7.1305 9.9438 23.4522 32.5156 
10.4566 7.0153 20.5371 12.096 6.8095 6.0085 21.8728 7.0293 21.2827 9.7309 23.8289 16.8978 11.7876 10.7925 16.2558 18.7615 12.747 5.4801 18.9846 26.0766 
15.5149 16.9764 16.1636 31.3961 26.2489 12.4183 8.1265 13.886 6.5517 31.5769 23.6847 19.9968 10.1003 33.0001 5.2499 6.4037 20.8844 24.566 12.289 22.8049 
11.7902 3.2756 22.7096 20.8196 15.2629 5.8494 17.9839 9.1968 19.5456 16.6622 15.8904 11.191 10.6497 17.1547 14.1375 16.5361 20.2181 11.8469 11.6723 17.9676 
14.8439 22.0846 6.0855 38.963 26.7449 17.6839 6.2382 17.6955 15.9365 36.0475 30.9297 31.2262 12.5272 29.8531 10.4098 21.4631 19.5566 29.5736 29.3238 34.0478 
22.169 20.6546 26.7441 40.5411 36.931 19.2016 15.4988 23.8564 5.5923 34.3681 20.1859 21.8843 18.7704 41.7885 14.3596 5.9052 32.0503 36.8862 12.8441 19.5746 
22.1628 27.8662 24.3733 35.7848 36.3614 20.8096 14.3054 26.7406 5.0502 39.3993 32.2482 28.0108 20.2887 35.4274 12.8834 9.0767 34.5245 34.6495 18.4301 33.2346 
14.2602 24.7431 6.9153 27.4573 19.0515 18.2808 14.6113 14.316 28.7674 33.5439 37.7044 34.5907 13.5195 27.7138 21.023 32.137 11.5533 30.0942 34.4036 49.1242 
8.6209 18.7667 7.8123 27.1738 20.7985 13.7148 4.2706 12.4474 15.9105 30.0026 33.6339 28.2347 7.8713 28.6654 6.4469 19.9386 13.5063 23.2485 22.6949 35.4044 
6.8013 16.0585 15.8402 21.7912 7.4616 10.1283 15.1048 4.9011 26.6637 17.2752 33.3706 23.2312 7.7545 17.1448 15.967 22.4737 3.3229 14.5985 22.536 35.405 
12.6788 4.6909 30.5225 10.6675 11.2124 9.1317 20.0385 9.1267 26.4918 9.9195 19.0956 12.3504 14.4115 10.9426 21.8 23.9626 15.2005 5.9111 15.3686 22.052 
9.9428 6.8789 24.4848 21.3386 16.4057 4.4713 15.8768 7.8024 14.3572 18.8197 17.8189 16.0721 8.0615 15.6149 10.1236 13.9821 18.4966 12.9167 11.1982 21.3573 
16.9798 4.12 27.4377 19.3605 16.4751 10.437 22.4469 15.5342 20.7803 16.9565 11.3569 7.8241 15.1856 18.1821 17.9478 14.2441 22.0392 14.4657 6.5458 14.0368 
23.1041 22.3597 29.6697 40.8224 30.9658 19.4461 18.1883 23.1871 4.8488 39.9814 21.4564 25.107 22.476 40.1903 17.0814 5.2182 33.8727 35.6105 13.9069 19.4252 
15.5303 20.8591 19.5753 37.5672 25.2791 12.8103 9.0788 18.6128 3.9722 33.7819 21.9003 20.5494 12.3414 29.2815 6.6058 5.2016 27.0839 24.9439 11.6045 24.3336 
4.7786 16.2344 11.5873 25.1165 12.4742 9.4637 9.6999 7.6183 22.0871 21.0076 34.3917 30.4357 6.1478 19.4123 11.8676 20.5351 7.9179 17.7313 24.4225 33.6399 
13.8557 10.2635 24.9925 24.4228 19.0094 10.3052 12.1834 12.6388 11.7844 26.4496 16.8571 15.9638 11.8582 23.3237 9.6279 7.4085 20.7162 17.5198 5.8665 18.6717 
23.666 12.1192 35.8787 31.2684 27.9944 16.3947 21.4727 19.1243 11.7573 28.9276 11.6807 9.831 21.8409 26.3381 18.2766 10.1001 32.3264 22.0818 2.0266 11.3713 
12.3196 27.1255 6.7686 32.5854 17.9715 17.0584 12.8551 13.4716 24.1478 32.3842 35.105 38.5981 11.4652 29.5361 14.9402 24.1638 8.618 26.2558 28.1921 38.8683 
19.7376 24.8921 27.2032 41.6402 37.4495 22.8541 16.738 23.3681 2.8737 40.2718 26.1956 25.1462 21.5347 33.653 15.0204 5.006 32.1772 36.2283 13.6549 21.3216 
16.6373 4.3133 28.4978 13.938 14.4643 12.6241 25.0559 13.0754 28.0981 7.6394 16.3105 9.6493 14.7257 12.258 18.745 22.1026 21.9735 6.7036 14.0557 19.849 
29.2619 14.1789 37.3293 28.2903 32.9602 23.8396 34.7326 24.0742 23.6325 20.5489 2.2836 5.2539 29.3983 25.6863 27.2747 22.5201 32.4425 23.9433 12.0862 3.2434 
10.0648 10.331 25.1926 11.2226 3.2485 11.1297 20.5362 7.6449 32.7462 9.1246 22.557 18.9339 14.5806 7.2762 17.8881 25.3418 12.5918 5.1466 22.7646 25.8086 
21.5638 7.9612 27.6211 22.522 20.4527 16.3855 23.0857 19.8124 19.6442 18.3761 7.135 5.1558 17.2051 19.716 20.892 16.1373 28.2301 20.6605 4.736 8.2437 
18.5356 4.6355 32.3058 21.2389 18.0241 12.0303 19.6161 15.4898 17.4509 16.699 8.1258 6.0644 14.9823 21.9958 21.2203 16.8863 28.483 17.5602 6.3058 10.4616 
9.5321 16.2368 12.8119 27.0417 22.5007 9.6183 4.3613 11.9393 10.8674 23.9379 27.012 24.3519 5.8503 24.1949 1.1655 12.0599 18.1369 20.1428 18.4866 25.443 
14.274 26.6884 10.3885 37.4551 25.4869 15.6754 3.8604 16.4251 12.756 32.4049 28.8382 32.7131 12.3367 29.9522 7.6206 17.3759 23.1647 32.5385 26.6311 34.4017 
16.2965 12.6832 30.7752 3.9799 7.6065 16.7341 26.6902 15.2374 34.8758 4.5429 24.1782 23.0069 17.666 1.1974 28.946 34.8044 18.0826 3.5934 25.3874 25.323 
14.432 23.6955 18.8337 35.1543 27.6064 14.8919 7.7785 16.9886 5.9555 30.1802 26.8068 29.3297 15.4059 33.245 6.0781 8.5392 27.6751 30.8922 19.1725 29.0944 
21.5274 10.1986 36.2203 18.4795 24.2682 20.9992 28.2274 22.1153 26.6538 12.9802 7.4301 3.9122 26.3192 16.0947 25.9164 21.3557 29.85 14.2449 15.5071 9.9994 
1.6393 12.5311 14.0199 21.689 10.0989 4.1516 11.0532 1.37 21.0096 16.3917 22.5225 23.609 3.6889 16.9187 10.4175 20.4393 10.064 15.3725 20.9897 30.8467 
19.9542 19.7616 28.4464 6.8389 7.5334 16.081 27.8993 16.7663 40.9101 10.6869 28.9979 22.9578 17.9018 5.4439 29.5791 32.5566 15.8624 8.1751 29.2166 29.9896 
22.4476 13.9429 34.2868 1.2521 8.9498 17.1777 30.5324 17.0885 32.1523 3.8445 22.2705 21.3839 24.9033 2.0953 30.2316 33.1774 17.1224 6.3029 27.363 26.7943 
5.2986 8.8497 16.8598 16.9802 10.4137 1.4389 12.2827 3.6002 17.0641 13.956 22.2402 16.1106 4.8065 15.509 10.273 19.3637 12.9783 13.1777 15.5049 25.6368 
13.8401 24.8811 9.4026 29.9548 18.8746 17.7182 17.1456 12.9072 26.9779 26.1598 44.3246 40.2644 14.0077 26.8563 20.8498 29.8462 10.0094 25.1407 32.1844 47.413 
6.0494 15.0485 10.0694 26.3336 19.4741 8.2273 5.7014 8.0286 17.4849 24.9413 24.5858 23.5447 3.8265 21.1137 5.2082 16.5524 13.1465 21.3551 20.3354 27.4079 
6.267 16.8891 13.1637 25.3519 11.5007 10.2365 12.5934 6.3357 21.8684 24.8667 30.4761 26.6624 6.9873 18.873 12.073 24.0926 4.5266 16.6861 22.4325 33.5663 
5.4381 7.8056 17.4207 19.4963 10.8944 2.3077 15.3007 3.8023 20.9786 17.2474 21.6136 19.3418 5.9315 12.9602 13.7248 18.7751 12.9094 9.6305 14.8303 21.6485 
23.2501 15.5629 30.5344 31.7755 27.5695 17.9783 17.8028 20.1359 13.2727 25.031 14.4439 15.362 20.3518 29.1529 15.3491 6.9927 28.8658 28.6619 3.3503 13.4736 
16.1931 23.901 11.0749 33.0704 29.0743 15.634 4.108 16.546 13.3552 33.4446 35.5608 32.7574 12.0948 30.3802 6.0909 16.9714 24.2321 31.9786 23.1971 32.3011 
20.5224 14.5526 31.5248 29.8951 27.8414 20.2367 26.5564 25.8967 13.8952 22.593 8.7142 9.3854 23.6302 26.2733 18.0956 12.9282 30.2976 22.479 3.6153 9.3041 
14.1006 15.5048 29.2808 8.0087 2.2234 12.932 23.1458 10.108 32.3171 7.8495 29.5112 24.657 18.1624 6.0603 24.9413 25.0086 12.1443 4.828 24.1951 33.3705 
25.4588 25.6062 24.5328 35.1043 31.2357 22.2923 13.883 28.673 3.6579 34.6635 23.5654 27.677 20.6703 38.7071 12.7773 6.8575 33.2906 28.7189 18.2268 25.0643 
11.2484 3.0806 23.5207 17.6114 17.318 7.4514 18.2859 11.1343 15.878 14.4762 14.0669 11.0631 11.8442 15.6594 13.9831 13.7717 20.422 13.6931 9.5894 17.9787 
29.6017 15.896 34.1074 27.3634 25.8626 18.8304 26.5055 28.0108 19.3129 27.19 3.6367 6.7875 28.5833 30.3726 26.1529 19.5926 30.3962 22.3036 9.1254 2.6797 
2.0881 16.7717 14.7473 24.9657 10.7792 7.8645 12.4943 4.4601 21.3542 21.3881 30.5094 24.9819 4.3774 20.0086 11.6261 18.5997 7.5591 16.7088 24.6769 34.1522 
2.7212 13.9224 13.6115 23.9936 9.5701 8.4664 11.1893 3.7921 24.9917 17.505 24.6742 22.5371 5.5394 16.5101 12.4476 22.3972 6.8526 15.5736 20.9611 28.7214 
21.5567 6.4204 33.4309 14.2798 14.7797 14.8085 24.3316 17.0541 27.1049 10.8956 12.8902 7.169 19.9892 11.6723 23.8921 26.1932 24.6444 9.7522 17.2292 13.5766 
9.7984 21.1596 8.0959 34.9806 20.9027 13.1133 2.3884 16.346 14.4801 27.2977 29.5887 27.1922 10.826 29.5814 6.4944 17.9135 16.727 28.6001 23.1777 35.0939 
6.1654 10.5124 19.4096 25.495 14.7421 3.0286 11.0805 8.3481 16.2481 22.4884 20.783 19.942 4.9999 17.4581 7.8557 11.4564 15.2433 14.255 12.7409 21.5857 
6.0794 18.0247 14.6019 20.7066 7.4026 10.3576 17.7462 4.9944 25.7794 17.7305 27.9258 23.2393 9.0386 14.1295 15.938 28.0914 3.7847 12.0436 26.1947 36.3358 
2.1704 11.1315 15.0707 22.0573 8.5402 5.1635 12.3515 1.0221 22.3605 19.3098 28.9531 24.8736 4.6103 15.1193 13.3533 19.6592 9.2569 11.5589 19.3415 28.7036 
17.0967 10.8676 31.8033 5.348 7.4009 12.3513 23.4515 12.4669 34.9392 4.0872 22.9439 16.3415 16.3476 3.2226 23.7441 24.9487 14.8785 1.2294 26.1994 26.4744 
5.1107 17.6611 10.8186 24.7454 11.7895 9.5366 10.3201 6.9437 26.1401 23.818 32.0898 25.0407 6.5993 23.8719 10.7441 20.7864 7.4753 21.2593 22.9993 34.8226 
13.4554 26.4018 3.7935 33.6548 19.779 14.2659 6.5707 13.1648 20.2557 36.0058 39.3163 35.0913 12.6528 33.9307 9.7214 21.7952 15.0712 26.1639 29.4363 42.1202 
17.9073 16.8369 28.554 32.1745 28.1524 16.5909 13.5072 20.0449 7.7353 29.7198 19.2515 14.6702 15.2475 29.7243 13.629 3.0702 28.195 28.254 7.1944 16.0025 
12.1747 16.2595 21.4762 12.6504 2.3597 12.9757 23.1623 9.4448 32.852 11.6537 29.9832 25.3736 12.8929 10.7873 23.1405 30.1878 6.8054 10.3357 25.7167 28.1979 
15.2644 27.0444 17.5026 37.642 31.8159 16.1098 6.7147 20.5877 9.8677 34.3047 33.5188 31.4734 15.0458 38.5858 7.7107 12.3295 22.4653 27.5649 20.1784 27.5908 
24.7471 22.1903 30.2084 36.2013 33.7221 23.8439 14.9299 24.3169 3.7601 34.08 22.8105 21.43 23.9307 36.7021 14.6797 5.1394 34.743 36.1812 14.327 25.0286 
18.0268 7.2264 33.2442 7.2554 9.859 11.5474 23.0955 14.0255 30.1971 5.7012 18.5169 13.3098 17.0549 6.3284 26.1138 27.7396 15.6555 3.4754 18.1512 21.024 
12.85 3.9712 28.896 18.1859 16.2396 8.3255 16.3584 12.2336 16.1657 17.8287 14.26 12.1172 11.0702 16.5707 14.6568 14.6816 21.7925 15.6494 7.4195 16.0686 
23.946 30.3584 27.4835 49.2227 42.1666 27.1246 16.5108 28.5875 7.5927 45.4286 34.1569 32.1335 24.9349 37.12 16.7489 11.6187 36.9057 33.8667 18.609 30.2524 
12.9064 25.7557 7.2784 32.0813 20.9082 16.9082 15.5279 16.3893 27.9007 27.0621 38.2277 39.4942 14.106 30.8414 17.7123 32.704 9.1051 26.4581 32.0406 37.8125 
3.513 17.8019 11.0077 27.013 16.7031 8.9697 8.3116 6.0918 17.3529 26.8412 25.3308 28.4837 3.7216 23.8218 7.4013 21.1826 9.521 20.8688 22.1992 33.9667 
16.5662 12.4489 33.9553 3.408 8.116 16.4215 25.5173 13.3358 35.272 2.8186 24.7709 20.9746 18.9636 1.9808 27.9021 27.0592 17.8557 3.1342 22.765 27.8984 
9.1753 3.9847 27.3332 15.6814 10.4052 5.2754 19.2158 8.2802 22.0324 12.248 16.776 12.6473 9.4034 12.3356 14.8004 14.9736 18.2622 8.5121 11.713 21.3129 
11.6085 5.3751 27.1257 12.0314 10.7136 8.0478 18.9033 10.1031 25.0749 8.7581 18.4025 12.9039 13.534 8.5062 17.5354 20.362 18.1077 6.2026 18.2563 18.7645 
5.8054 20.8785 9.8309 21.3046 14.0534 11.368 13.6928 6.3549 24.4868 20.7123 31.666 24.103 5.9556 20.8907 13.9112 24.9336 5.793 19.866 26.4583 37.1056 
11.275 2.8173 28.9406 16.4043 10.8287 6.5029 20.8118 9.6694 23.8789 12.5657 14.2408 10.6293 13.0876 12.811 18.2715 19.386 18.0508 9.9567 14.091 18.1727 
7.7054 16.4876 17.4367 21.8652 7.1384 12.3547 20.0401 7.6422 30.2984 18.5257 35.8316 29.3643 10.7634 14.0227 19.3467 27.6964 1.6926 15.5931 28.598 31.5313 
12.6575 18.3931 25.1185 12.8576 1.315 12.9379 24.5848 10.5888 32.7001 13.26 27.6099 21.3115 15.5077 8.8094 25.3961 26.8662 9.4028 7.9966 24.5616 31.1082 
15.5061 11.924 27.2709 7.2998 6.8753 13.1276 27.7532 12.1444 31.9 5.5366 24.8664 17.2305 16.683 4.08 25.1494 27.6039 15.191 1.0792 25.8001 29.4588 
7.2535 15.3147 17.6124 30.845 19.3862 6.2792 5.7842 8.7348 12.5229 22.1008 24.6092 23.2027 6.2246 21.01 2.9641 11.393 16.0464 19.6985 13.1034 22.1266 
19.5962 19.1705 25.9131 31.9476 31.8612 17.5602 11.4774 21.9533 1.1799 29.7913 20.708 24.6888 15.6854 30.4803 10.8822 4.3648 29.1837 31.7689 13.2937 21.0381 
24.1804 21.1008 31.495 35.1958 30.6841 20.657 21.0408 23.3017 7.7847 30.8677 16.8668 19.5935 23.6761 33.2111 15.3003 4.7082 31.0075 25.6263 9.4137 16.3093 
20.2925 19.0139 25.7649 34.5914 29.6915 17.4229 16.8254 24.9396 3.0007 35.74 20.6008 25.9059 20.2814 36.2454 15.0863 3.4723 27.0392 29.9427 12.8219 20.0953 
17.7839 6.7633 25.578 21.4564 19.0648 10.027 17.2904 17.2566 16.2313 19.0648 11.7934 9.9082 13.9742 24.5353 14.8015 9.9033 24.1839 17.8101 4.3985 13.983 
16.749 12.0502 24.8869 29.5106 20.3311 12.7591 14.5644 15.9392 11.607 22.6785 13.9218 11.7219 15.699 25.6185 11.9595 5.9193 22.7684 19.0224 4.4058 13.0929 
6.4439 18.7291 13.7763 21.7581 8.0949 9.289 14.0059 4.5017 22.8465 17.2705 26.7848 24.4438 7.4325 16.1089 16.797 25.4712 3.868 15.2313 25.8098 30.8168 
24.0212 13.0348 39.7412 25.6446 26.1379 18.6238 27.3767 25.1057 27.8461 20.2191 0.8777 4.3326 27.3518 26.163 24.6009 21.2114 31.8631 20.1081 10.7459 4.0542 
18.5051 23.6301 20.1366 41.9004 29.0863 19.4024 9.451 19.3213 4.0924 35.5745 28.6837 23.6584 17.6559 31.5798 10.8713 8.6251 25.4247 31.3672 19.9204 28.5923 
12.6477 23.7418 15.5598 20.3977 9.5819 17.0826 21.7626 11.4731 33.1831 21.3115 33.5549 33.8924 14.1645 19.5497 17.9702 32.4167 1.7363 17.2349 26.2334 36.418 
3.1094 17.2001 15.3209 18.0182 9.2316 6.054 14.3933 2.7483 19.9618 17.9773 26.6001 23.2403 4.9014 17.2362 11.915 23.6176 6.323 12.8306 19.6 26.0643 
21.8732 9.5136 33.9486 18.7147 21.3014 16.8621 32.5642 22.8454 26.1364 12.799 9.8205 4.7774 25.7026 14.9935 30.7537 25.2415 32.1885 15.8014 14.0624 12.9587 
6.4857 9.4003 20.9549 24.8682 15.8552 3.2965 11.2428 8.7317 12.9055 21.9372 20.4032 15.547 4.622 20.4598 6.6567 11.0726 15.8502 18.2304 14.0581 24.0958 
9.8826 11.5606 23.2662 11.5707 3.3041 10.5834 22.0153 5.5558 27.8192 11.9567 26.6512 20.7096 12.5857 11.045 19.0564 28.5519 7.7586 7.8073 26.2169 30.5802 
8.8995 12.0622 21.3043 11.4585 4.1214 9.0069 22.8703 6.8381 31.1185 10.472 24.3157 22.5976 11.5021 7.5199 17.9123 26.1311 12.3226 5.563 19.3398 25.5419 
14.6171 30.5452 1.2024 36.319 25.2617 19.7026 10.8783 16.4019 22.122 35.607 41.0261 38.7571 14.2315 27.6283 14.2518 24.7095 14.9997 31.083 28.6148 36.1233 
9.8771 18.165 9.1904 28.5571 21.5361 11.1131 2.621 13.1761 14.5601 29.837 29.0228 30.1389 6.9314 25.8683 3.0479 14.7563 16.8679 21.9153 21.6616 34.4885 
21.7192 19.7927 22.5635 43.309 35.5708 22.2601 15.6715 21.8645 2.2953 39.7528 28.2319 26.9386 17.2062 34.9148 14.6547 5.2036 28.1993 30.5942 12.6027 22.9054 
19.1001 5.6344 32.5207 19.2711 17.9861 13.3648 23.6094 19.6063 18.4066 17.6552 8.654 5.622 17.9306 19.1211 21.2609 13.7846 29.0084 14.7415 5.9389 9.3488 
10.6182 16.6492 16.8795 32.429 20.6201 9.9636 6.4842 12.2964 9.2373 27.3199 21.8135 23.7239 8.9308 26.6019 3.4168 7.6885 22.1314 19.9556 14.6662 25.5478 
19.4757 17.1613 21.9482 34.0768 30.7597 15.9787 14.0517 20.9633 2.0319 28.5434 22.582 25.014 17.3405 35.5903 12.9546 2.2121 27.8292 26.3416 13.4899 20.5357 
9.2689 9.9345 26.8913 10.3557 5.1328 9.3092 19.9037 7.9375 25.7938 9.8451 21.6318 16.3954 10.8672 8.0369 20.7745 21.217 12.7193 4.3404 23.2023 22.1634 
22.3676 11.0003 38.3052 15.7499 21.5111 19.2219 26.7484 24.8875 26.351 14.1684 7.6769 6.069 23.1426 17.4301 24.4675 24.6102 29.7934 14.2361 16.2745 10.41 
12.7664 31.4976 6.2657 27.2631 20.6404 17.3982 14.2443 14.8113 29.0663 26.704 39.0544 35.0302 13.614 24.3572 19.0613 27.1344 10.4691 26.299 36.7598 44.8371 
26.5943 25.6827 30.9079 43.1506 38.1358 19.7789 16.9703 25.9364 3.7817 42.6298 22.9021 28.0377 20.4049 35.1104 15.5812 7.0316 29.4081 30.4898 17.8954 22.872 
2.1338 18.0681 13.6391 25.7912 14.4453 7.7543 8.8382 4.6239 21.4927 24.7383 26.0612 23.5463 3.4549 17.7236 10.4343 19.3771 8.4 14.9957 19.9984 26.3377 
19.7502 15.1788 30.7904 29.1648 24.7154 17.0726 19.0372 20.7671 11.0903 26.1395 15.4825 13.3586 20.9168 33.5953 16.4046 7.2156 26.3034 26.7347 4.6135 12.6114 
24.0114 13.4234 38.7963 26.3773 24.5723 20.0874 30.2696 26.4864 27.542 18.6824 2.2737 3.3947 22.8047 20.4972 28.6093 20.5237 33.5859 20.143 11.0646 5.5225 
23.7234 19.3714 27.6296 36.3455 28.2402 20.0822 18.9415 21.2138 5.7385 37.1483 19.3054 22.7402 21.5921 33.2646 16.2654 3.8817 34.1713 28.6563 10.6832 20.2002 
5.8143 11.9859 14.9859 26.8379 14.9242 5.0012 10.0105 7.3697 13.7757 21.4779 19.5129 16.9573 4.942 23.383 6.0792 11.4481 15.2065 18.2602 12.9339 20.3899 
16.9664 9.4991 32.3015 6.8867 12.6788 18.3015 28.4426 17.0139 34.3899 2.9216 16.7335 15.4129 19.196 6.568 28.4641 30.6947 20.2408 4.371 22.476 23.5215 
10.3557 20.8569 5.2482 34.5716 20.4704 15.0325 6.1387 15.6034 17.8809 29.6986 32.0267 32.7932 9.0737 29.606 7.9477 19.6944 13.1334 24.4034 28.8798 39.8721 
14.4429 30.2379 4.7858 34.2951 20.3613 20.8931 14.2314 19.9484 27.2096 35.8562 39.487 34.1391 17.7457 33.1549 17.6961 26.3464 15.0573 27.9315 31.369 49.528 
15.5238 12.1013 26.6278 4.462 6.462 14.0568 28.3162 15.9766 36.6316 3.6642 23.1077 17.3193 19.7317 1.8153 28.6446 31.6935 16.5891 2.5913 27.2781 30.4919 
5.2757 17.7258 9.649 27.9086 17.6668 9.0037 8.619 7.4972 19.8279 27.6789 28.6383 23.406 4.3286 20.7271 9.8789 22.2855 9.8737 20.6104 24.7091 36.0847 
15.554 17.3923 19.7413 27.6255 26.852 10.7498 9.775 15.2282 5.2587 29.0287 22.0514 19.5216 10.4343 32.6192 6.8691 4.7486 23.1074 26.5562 12.6347 25.0563 
21.0791 18.4659 29.0913 34.838 33.2212 19.7446 20.0148 23.3418 14.0537 33.5366 12.9308 13.2096 24.5988 35.7414 18.9244 10.0264 31.2198 31.0922 5.0439 11.7637 
12.999 19.295 21.724 14.6536 4.5093 14.3676 20.9912 10.405 34.4342 15.7426 35.7193 27.8923 15.2706 12.6376 21.0215 27.8336 5.8686 12.7182 27.1033 33.0038 
4.7501 8.616 20.0043 17.0576 11.3961 0.9516 13.7304 4.411 20.5229 14.9635 21.2714 19.6298 5.8657 15.0258 9.9319 15.2305 12.3003 12.2055 17.4078 25.0038 
4.3798 13.2102 15.4335 23.6261 15.8611 3.6771 9.3285 5.6643 15.8703 19.1864 23.415 19.1795 1.7518 22.5198 7.5257 13.9167 14.8353 17.2801 14.5729 22.3182 
13.2882 3.6998 29.4372 13.0049 11.9407 8.2162 19.8009 8.4268 24.5294 10.427 17.0377 13.1293 10.7106 12.8906 20.0823 18.4713 17.439 6.7272 16.7426 20.3671 
11.0323 22.4742 4.8071 33.3468 17.4023 14.9278 12.058 11.077 26.9956 28.2619 36.5207 35.7349 10.7742 22.9117 15.198 21.9123 9.3124 21.475 29.0193 34.1138 
8.4595 20.1088 5.3397 28.9744 20.1035 12.0052 7.6883 11.5197 22.2585 26.1285 32.9521 30.1608 8.5304 28.6536 9.4406 19.2618 11.3894 25.5976 26.2336 37.8534 
6.1323 18.954 15.8384 21.5086 6.9294 10.7028 16.4545 5.6597 25.6025 20.5122 26.4969 23.7831 8.1076 16.4911 16.953 27.204 2.7861 13.5784 23.5205 33.2232 
7.7671 9.3988 22.602 15.5999 6.9653 6.0255 16.3562 4.0745 20.9142 14.283 22.4303 18.8381 7.8959 11.1996 17.8535 21.2542 9.7989 7.0703 18.6584 24.2208 
17.1228 14.6415 33.0614 4.941 4.9209 16.8326 25.6815 15.041 33.5139 4.9162 24.5257 22.1743 20.5423 2.5951 28.2207 32.7061 14.4045 3.8781 22.7351 30.9593 
1.4888 11.9251 14.2786 22.3172 11.674 5.2655 11.9424 1.7065 22.8365 18.1246 25.2841 22.756 4.1157 19.1003 10.4078 22.1588 8.0976 11.9271 20.8025 32.2971 
23.6307 10.7987 36.3202 26.6909 25.9453 17.6777 25.7602 20.9834 23.5388 22.4999 2.9365 4.2014 23.4958 26.3492 24.9917 17.6443 28.3342 24.2586 8.7769 3.9427 
8.0189 8.2636 18.8131 15.9462 8.4347 5.732 18.4089 4.4413 25.1708 12.4239 23.3945 16.1306 8.976 11.4007 16.4167 23.509 12.0114 8.3883 18.65 20.8253 
11.4631 23.868 16.9839 22.3146 10.4709 12.8247 22.1988 10.3471 30.0197 22.4335 35.575 29.7339 12.6723 18.0461 19.2213 27.4579 1.252 16.1921 29.2562 39.0849 
17.51 15.3822 30.2184 31.3731 26.3143 15.111 18.1479 21.9909 10.3503 30.5004 15.8634 15.0261 16.0542 24.4324 16.2879 5.9937 30.4544 27.0914 3.1631 15.1836 
5.3046 14.8956 12.4928 18.5133 8.4296 10.1861 14.6267 5.7221 22.9734 17.9633 33.4023 27.0685 7.4759 18.1778 16.1342 22.4535 3.6309 14.4171 24.7141 34.0509 
19.3151 11.9303 30.2931 6.3721 9.794 12.7309 30.3607 12.5067 33.9075 3.1074 23.2606 16.9512 20.2472 4.0913 24.4481 24.3524 16.773 2.0331 20.4108 22.5165 
4.8184 8.9079 20.2767 17.2055 13.2148 0.4127 12.5894 4.3175 18.2318 15.1397 22.7019 19.4442 4.5456 16.8284 10.0209 17.8715 14.2062 11.4459 13.0002 21.9956 
8.5642 17.9414 11.4869 25.4345 13.8847 13.0614 15.3365 9.1487 29.2142 22.5913 29.4967 26.2405 8.33 20.2199 14.2645 27.9404 3.9286 17.1386 23.8372 39.4401 
17.9151 6.3967 30.0366 15.6949 15.4594 15.936 25.9526 17.8455 25.0036 9.8161 10.1353 6.6831 20.4012 12.9221 22.4698 21.6193 23.8351 10.8702 17.0073 14.4105 
9.524 16.4666 20.4658 15.6476 6.5297 12.7334 18.5257 8.3682 29.0142 17.4386 28.5319 24.0958 11.6529 12.7054 17.3572 25.9289 3.6659 12.6899 30.2494 35.5112 
25.0444 13.7715 38.0734 32.048 26.148 20.0588 21.3994 22.518 14.4927 26.6612 8.0826 8.8095 23.3935 28.6383 17.2554 12.8264 34.4042 26.126 2.9834 8.6371 
18.681 20.1404 26.9661 7.5283 5.658 19.4921 26.8328 14.6283 36.1946 10.0568 30.4891 27.7431 20.0885 6.1297 27.8109 37.3323 12.4022 8.2253 30.0502 31.5871 
13.0966 23.1252 11.1085 28.1779 14.2965 17.0517 18.146 12.2158 24.9318 28.1746 38.8713 31.2754 14.3664 23.0156 15.847 32.4264 6.3749 24.3749 29.8369 41.4213 
17.7688 12.8308 25.5273 32.5709 24.4048 13.505 14.2746 17.137 7.3571 26.864 18.4052 16.5032 15.6403 27.261 10.5043 2.5217 25.3948 23.6486 8.1947 17.5441 
9.3011 19.4035 11.3494 22.9659 12.2591 13.062 18.3273 9.9894 29.9953 25.4309 29.4257 25.9336 10.3284 20.6546 16.1976 24.5045 2.8319 18.0353 30.9432 37.3251 
19.7839 15.0254 31.1306 3.8065 6.9437 15.9378 30.7927 14.6066 32.0354 3.162 20.8163 21.8347 20.1882 1.4632 29.5532 27.5708 18.1879 3.0708 26.9362 23.7821 
15.5819 1.2126 28.9844 14.7625 15.3564 11.5189 22.9524 14.0308 19.0088 13.1727 11.0617 8.5345 13.398 13.8887 20.9816 18.9962 21.0722 11.0818 11.6452 16.8321 
13.8568 17.479 20.5861 31.97 22.2017 11.614 8.6855 17.3517 5.8307 26.3123 25.263 22.1012 13.8249 28.397 6.2897 5.2854 23.5875 28.3351 13.1435 21.4655 
10.4088 16.3018 21.8131 11.8557 1.8017 13.3896 24.3573 9.1919 32.394 11.6635 32.4847 24.8457 13.5984 8.3394 21.6645 24.8848 7.7979 8.2277 22.3901 33.6321 
3.1601 14.5415 9.6417 27.9053 13.2224 7.8012 7.7523 5.4632 17.8838 22.8983 29.1703 24.5213 3.683 20.767 9.2806 21.3807 8.7672 16.2488 18.5489 32.2497 
12.2637 20.9266 20.0702 14.6186 4.2675 14.5634 23.1876 9.8061 37.5209 13.3053 36.3986 31.5976 14.5356 13.1759 22.0471 29.3749 7.2908 11.6379 32.3911 31.9016 
17.8184 9.6289 31.762 28.5484 24.5739 14.4711 17.6338 18.5881 14.5856 21.7852 12.8771 9.653 15.9426 26.7348 13.1816 9.6574 25.9784 18.7672 2.6423 13.312 
8.1568 12.1819 15.5137 28.709 21.3119 7.4785 6.9956 10.1845 10.9504 24.8592 24.2095 20.6707 6.7161 26.0194 3.6921 9.7603 15.4701 18.0051 13.3402 24.0444 
19.3865 11.0285 35.9203 9.866 13.5291 15.4371 30.3483 20.9742 31.5205 5.5982 16.3538 12.0916 24.3563 9.3823 30.7651 30.2689 25.0581 8.9344 22.894 21.8415 
23.8663 14.3245 38.8918 24.7769 30.7977 20.9961 29.0678 24.6519 22.4852 20.1906 2.7464 5.4672 21.0227 28.0707 23.6447 16.5283 33.7385 20.2513 8.8973 2.7171 
15.0331 11.5319 25.7328 25.0535 23.9715 11.3529 12.8942 18.5896 10.8576 25.8745 13.9391 15.059 15.28 26.6103 13.2599 5.1011 27.9556 21.4717 5.3168 16.8079 
2.6007 15.9029 10.643 23.8567 11.8351 7.2919 11.5824 5.3161 21.8154 21.2988 26.6941 25.8912 4.413 20.4338 9.8961 18.1714 7.8561 18.8263 22.3963 31.7214 
11.2343 4.0259 21.9465 16.753 14.1574 5.69 16.8145 9.1558 18.5289 13.4365 15.5709 11.7295 10.0918 14.2783 15.2784 14.7935 18.3091 10.9845 10.7446 16.3586 
6.2341 21.1184 7.6326 30.5326 18.5291 10.2357 7.0634 10.588 19.6767 26.8881 27.0365 25.6624 6.0532 26.2214 6.9141 20.1633 10.6808 19.8226 20.2354 31.9726 
13.203 6.1444 23.8123 23.2674 16.9172 10.6749 16.513 15.9264 16.3553 20.4975 13.683 9.3355 14.9572 20.6072 16.5969 10.9484 20.9692 16.8976 5.0523 13.7654 
13.7711 22.0863 21.1158 15.7825 5.6298 13.3978 20.0088 11.5334 28.5472 17.2198 34.8299 26.7623 12.9137 12.3199 20.3672 31.7873 4.5362 11.8463 29.3646 35.5166 
8.8642 19.2258 11.7642 33.2698 22.2359 9.2173 2.7156 12.5501 12.0263 25.2121 30.0144 25.0547 7.684 29.5808 1.1287 11.3694 16.2688 21.3241 16.5301 29.1272 
23.7231 8.344 30.7934 12.9166 18.5784 15.2059 31.2411 20.2198 28.4893 10.2255 11.6268 9.4958 20.9597 13.6424 26.1185 28.2994 28.4927 10.8131 15.5399 16.2373 
9.1253 8.2407 24.0213 13.9532 5.009 6.8652 22.407 6.9513 23.8505 10.6719 25.1279 19.1673 10.2002 8.4488 16.4024 19.7893 10.8554 5.9937 21.0259 21.8694 
20.7518 20.3703 35.028 6.4239 8.7437 22.3867 35.0584 19.6562 39.2842 10.7367 28.4945 24.4021 21.8095 6.624 28.5034 39.934 14.4421 8.7149 33.4326 34.1127 
15.3649 13.8444 28.2599 8.6786 3.6046 14.5002 26.327 11.933 36.9866 7.6744 29.9839 23.7173 18.8928 4.4478 24.4856 31.8459 11.8666 6.0405 23.1005 27.3804 
15.3696 9.5048 32.1072 22.477 24.5333 13.6477 18.3394 15.6362 16.4682 22.2295 9.5838 9.0268 16.0107 26.142 17.023 11.8968 26.2546 19.5804 2.9078 9.9539 
9.6372 20.5015 12.5073 22.6728 10.4268 13.3203 17.8416 10.7947 27.0176 22.3996 34.413 27.0749 12.4677 21.0582 16.9378 29.3632 2.4356 17.1091 25.8525 37.3309 
10.3011 12.2654 19.306 25.952 21.1707 6.7398 11.8498 12.1584 11.2285 22.6955 17.1479 17.8176 7.2016 26.2097 6.308 9.0264 16.9966 17.6372 12.021 18.8972 
9.122 21.7902 8.2351 29.9668 14.4776 14.5077 14.4988 11.1349 28.9199 25.8008 32.0036 35.6041 11.0076 25.8482 14.3444 23.1626 7.1639 23.9844 26.0713 41.6584 
15.3841 3.4319 27.5859 12.7113 13.0248 12.1196 24.6075 13.584 27.6772 10.1267 13.9307 10.2561 17.7286 12.9563 18.0519 22.8773 22.1133 7.5852 14.9662 15.5174 
23.7399 13.8577 32.4584 29.332 30.7669 18.2001 23.3264 24.0414 11.2992 26.5785 10.1674 13.5419 18.001 29.1239 17.5219 8.4464 27.7561 26.8874 3.0348 11.605 
5.7091 7.5306 21.643 16.4464 8.402 3.4034 15.9466 4.2365 19.9717 12.6062 21.8415 18.1302 7.2426 14.8888 12.5597 18.7089 11.0162 8.3662 17.1737 23.0236 
15.9554 15.7178 19.6666 29.8555 22.3851 12.9585 9.8546 16.2099 4.922 27.6086 26.7436 21.389 12.8579 27.5332 6.9238 5.2135 20.7365 26.8634 15.144 22.0744 
7.9848 24.9476 5.1778 29.524 19.1839 14.5523 9.5977 11.0612 25.291 31.0172 32.5587 34.382 9.6374 22.5903 10.7322 21.4908 10.9815 24.1528 29.6318 35.6085 
12.166 6.177 28.2367 23.9917 16.4769 6.6353 14.3086 12.8557 14.6727 21.6151 12.6407 13.2354 12.6721 21.4501 14.0253 11.5187 20.4415 16.3081 8.2046 17.705 
13.0758 0.89 28.8836 18.2162 15.6664 10.7873 21.0831 14.2029 21.711 13.1648 13.5715 8.2075 13.2473 17.1434 20.3324 16.9083 20.9628 11.3149 12.0268 16.1017 
14.9171 23.0759 13.7131 37.68 25.2602 13.0813 2.6144 17.3749 11.7381 32.7562 31.2409 28.6498 10.3706 35.9572 5.0425 12.0499 22.1417 24.5712 21.8833 34.5549 
24.0367 26.0485 28.4578 44.1388 38.8903 24.4888 15.1172 26.9793 6.706 39.25 26.8597 31.6998 26.4327 45.33 17.1828 9.0843 32.8131 34.5577 21.2995 26.3602 
9.6859 4.7759 23.4464 16.4048 13.7823 3.9067 17.3731 7.9352 20.8617 16.4156 19.1451 12.1112 8.8797 14.6591 13.4201 15.5994 17.1914 10.5311 11.8756 17.6206 
17.942 12.845 26.6741 28.4012 27.7097 16.6031 16.6056 21.5065 11.8345 25.08 14.3318 11.5276 17.6966 29.8675 13.7867 6.6606 30.5345 24.2131 2.7491 15.0702 
9.4285 8.9343 25.0464 10.4955 6.1668 7.6233 18.3626 7.503 26.6626 10.4937 20.9876 16.2946 12.0935 9.1924 20.5339 25.8821 12.3645 5.0964 16.8596 24.1898 
6.1033 18.7307 14.6967 22.5354 10.2611 10.6681 14.9473 5.8395 26.583 17.3839 29.5234 28.4951 9.4388 18.7931 16.4719 27.4642 2.9845 14.8159 25.7956 33.3486 
25.5639 24.9564 25.3125 42.9376 31.4674 25.259 14.5271 29.2285 5.715 38.6159 33.0808 31.8342 20.1171 40.1172 13.1883 10.6234 34.7968 38.984 17.2372 29.085 
8.6537 20.5922 10.6767 35.4539 20.9778 12.3631 1.3864 14.1922 12.5006 32.5248 29.076 26.8986 8.51 29.1364 4.1163 16.1597 18.616 24.6412 21.2927 34.7132 
14.65 18.7889 25.1091 10.1096 4.0238 18.1421 30.0634 12.4843 36.9909 12.5843 35.1584 30.079 20.1808 9.667 29.0599 29.4151 9.4628 9.629 31.0652 39.2044 
16.2288 25.0805 12.8569 39.7985 25.1108 19.4704 5.7513 19.314 9.6726 34.4456 28.6145 31.209 16.4696 30.7413 7.0129 11.5166 22.6892 29.2403 20.7589 29.3308 
19.196 12.3803 24.6046 30.7294 21.9934 13.0269 19.242 18.6431 10.5738 24.8578 13.1459 12.5469 14.8633 29.0769 16.4175 7.3768 23.6014 20.5923 2.8651 14.5913 
8.3918 22.9889 4.3971 30.4566 19.2187 13.0958 8.3781 10.2364 20.6935 25.2294 30.2141 35.3848 9.9872 25.3168 11.3102 22.0599 11.1915 26.767 28.267 35.8626 
25.6429 12.4901 34.9421 24.2353 24.3284 23.1855 32.4892 24.8624 25.411 23.7935 0.828 3.7266 25.5369 22.531 26.9496 18.9637 29.3437 23.5553 8.6086 4.0784 
11.1045 17.9806 12.9696 30.3723 23.1757 12.0241 1.7495 12.7636 11.677 32.2609 31.5912 29.683 10.7181 28.2203 2.7416 13.125 21.0916 28.8733 19.1548 29.4589 
6.4208 19.2528 12.0943 23.041 11.756 11.5931 12.308 5.2864 28.1596 18.6772 29.4369 29.4108 7.0618 20.9987 13.0649 23.0246 4.13 14.7755 24.2691 32.2308 
21.3754 4.3927 37.3971 19.0413 16.694 14.5975 28.27 16.3455 25.6969 13.3296 9.6668 3.9909 17.3868 18.7395 20.2378 19.6688 25.5358 14.5806 10.8003 10.157 
17.0162 4.8545 37.473 13.9563 15.2858 13.2595 25.7048 18.4967 25.6204 10.193 11.294 7.3736 19.0375 14.1595 24.41 22.5379 26.0417 11.4027 14.722 15.2116 
13.8524 18.7969 17.4642 30.1559 25.527 13.0638 5.9587 16.7068 6.1742 26.6237 24.3414 19.5859 10.1166 27.7756 4.1932 8.2058 21.4213 25.0219 14.0307 26.5022 
14.313 7.888 26.5348 8.8882 9.419 14.7524 23.6232 11.5661 29.0939 4.9836 18.7404 15.8453 15.7787 7.3984 20.646 22.5167 17.2322 2.6853 21.0967 20.903 
18.6539 19.6962 29.378 30.7403 29.925 15.3425 17.4839 19.4764 6.4279 26.4424 16.422 18.9282 16.7512 32.1033 15.3142 4.1464 30.7385 29.4377 7.7847 16.5588 
9.0999 18.4693 9.6743 27.667 19.144 11.3167 3.3152 11.9411 16.417 25.2554 30.3162 24.8201 7.3593 26.8929 4.2127 14.471 14.1171 24.6158 18.6587 28.0823 
7.7289 9.2612 19.8249 15.3768 6.5463 5.4041 19.4046 4.8274 25.2315 12.9157 20.4011 19.7202 7.9358 11.2304 14.6624 22.1043 10.4529 6.8165 17.4984 25.7575 
23.8565 21.9412 29.7168 32.689 35.1648 18.3377 14.7619 21.9468 3.3789 30.6602 22.1546 23.3975 18.8048 31.3972 12.8007 3.0471 31.032 25.8492 10.9656 20.8154 
9.8694 9.0923 27.233 9.9373 5.7695 9.8891 18.3124 6.9831 24.3386 10.0625 19.6866 15.9871 12.0942 7.7343 17.047 24.0893 13.4402 4.4259 17.0016 26.9233 
12.4523 11.8559 22.8514 7.9729 2.5612 13.4532 21.3615 10.9252 26.9977 7.4562 27.5385 20.9956 14.4039 6.3855 20.745 27.0839 12.433 4.8395 22.9374 30.942 
5.0266 8.7122 17.6437 21.5064 10.3028 0.7139 12.0835 4.5778 16.2226 16.6767 22.9218 16.9584 6.0174 14.9184 10.8859 14.5723 13.2766 11.9504 16.1749 20.4855 
9.9731 21.0501 16.2011 22.0734 12.0922 16.7736 16.8086 9.5958 27.8066 24.6212 38.1889 33.9421 14.4061 19.1762 17.0554 28.0155 2.8418 16.3162 28.6924 34.2188 
8.6282 21.0011 15.3308 23.9649 11.6088 13.4496 15.445 7.7179 31.9822 19.987 36.1903 28.8065 11.7562 17.0083 17.2953 26.5607 1.236 18.4964 27.6171 37.421 
18.5601 21.8726 24.4355 9.3747 5.668 16.4165 28.6009 16.2782 35.6654 9.4552 28.3878 23.3488 21.7661 7.0374 31.0594 34.3592 11.9062 10.8869 26.6649 38.6167 
12.9617 15.5084 27.1174 11.1135 1.8511 14.6153 23.659 10.1625 28.093 9.6683 24.4375 21.4237 15.8601 6.4605 25.1096 30.9165 9.2282 7.8642 30.1197 35.5564 
28.0627 29.1033 30.2556 47.8351 33.76 26.6928 15.3696 31.8036 5.8878 38.8615 26.6265 26.2505 24.0463 40.9173 15.8826 11.328 34.2386 40.199 20.1269 27.703 
10.7932 22.4011 8.0 36.0565 25.2586 13.8233 3.2043 14.0832 17.3646 35.597 33.8689 26.8371 10.0667 27.484 6.3545 16.7757 18.9164 23.6793 22.3305 38.1979 
9.3156 23.9991 14.8906 24.126 10.5965 15.6889 16.0042 10.0976 26.0628 25.9032 35.1151 34.2682 11.753 17.2166 20.183 31.601 2.5799 21.3317 30.0801 40.0757 
8.7461 10.6715 22.9449 22.5272 18.6697 5.2934 12.2118 9.0862 13.8868 23.3493 19.9786 14.0761 7.7914 19.8952 7.8148 10.2445 17.8774 19.7838 10.1268 19.133 
7.5092 13.7878 20.3554 14.7453 4.813 8.4385 17.4522 4.0054 27.1289 15.4638 28.5689 21.7148 8.9405 11.0445 16.2855 24.7069 7.8208 10.2243 23.4836 24.892 
9.0778 6.7819 24.0527 11.9404 6.8876 6.9004 22.1465 6.1683 27.6752 11.3471 19.5264 17.788 12.1629 11.2118 17.3319 22.4304 13.3442 5.666 17.1608 21.7756 
12.4409 16.3971 17.5724 29.3171 26.9922 13.5831 7.1741 16.6008 6.3104 26.3281 21.8272 22.8813 12.5977 27.0016 4.656 7.5622 21.7019 22.8515 15.575 27.5506 
11.1182 4.1096 24.165 19.2887 14.067 5.9562 16.6166 9.9921 16.0083 17.7048 13.8257 10.1341 11.7798 15.0975 14.6517 13.9159 16.9247 12.4523 10.5012 15.5116 
15.2579 24.0577 6.5874 36.6598 26.5612 19.0094 5.3698 15.3684 20.5078 32.2319 33.9368 33.3771 11.3519 35.1255 8.2382 19.78 18.1973 31.0921 28.5708 34.1745 
25.9161 19.973 26.8355 37.515 28.8395 23.3245 19.6571 25.9379 4.727 39.0713 21.0661 25.9268 22.7075 34.1782 14.9005 6.0712 30.0335 32.874 14.3919 20.263 
19.7474 24.6754 20.7325 39.1523 30.9086 22.3396 12.1074 22.4504 5.9371 38.6195 33.0346 28.9954 20.9133 41.4135 11.3121 10.6742 26.2598 29.2234 19.2208 27.7485 
14.2305 26.8944 8.0379 28.2858 22.1172 18.3147 17.5529 16.8711 31.0058 34.9202 35.5196 39.9553 15.8693 27.4654 16.586 32.1457 10.3567 27.0848 37.954 46.7979 
9.5101 20.1727 7.9276 29.6121 22.4835 12.849 4.3846 11.4492 19.3717 25.3095 28.7031 30.033 7.3699 31.3064 6.0976 20.5741 12.9786 21.2111 23.2311 37.1555 
5.7332 16.5694 16.5346 20.2013 8.6324 10.3195 17.9303 6.0724 23.0483 19.9439 27.1473 23.7834 9.2371 18.0192 16.3664 26.0437 3.1841 13.5929 24.4762 32.6635 
13.8541 4.4976 29.3143 11.0407 9.5261 8.2254 22.2776 11.3569 27.6745 9.0897 18.8138 13.4797 14.0597 9.5009 18.0511 23.6951 19.2668 4.9443 16.5197 20.0802 
7.9635 5.2811 23.0602 22.2866 13.6118 4.3037 15.923 8.8712 18.7652 17.1918 18.1702 12.9574 8.2518 20.0727 11.9519 14.9377 18.2849 13.9934 10.6989 17.2819 
16.0483 4.6049 31.9996 18.6227 20.8195 11.0679 20.4359 16.0333 17.1204 17.7975 11.0369 7.3674 15.9718 20.7609 19.1483 14.8355 25.524 14.5674 6.2858 13.672 
22.0293 19.234 25.6067 41.5816 33.3915 20.8215 15.1101 27.8116 4.2088 35.5144 22.5604 22.9742 23.2677 34.1193 14.8601 4.4165 30.1495 28.0507 14.2753 24.0564 
15.08 18.1163 22.9349 36.9138 30.1463 13.5238 10.4311 18.4584 4.2233 34.6766 27.1816 24.3277 12.6028 28.0534 6.8068 5.4956 23.087 27.9883 11.4679 23.8325 
5.442 16.6516 9.2845 26.0625 12.0053 9.0489 10.9065 5.9402 19.5892 25.3492 29.8611 26.9989 5.3617 20.557 11.3817 20.678 8.214 21.1285 22.0711 29.7921 
14.3286 9.3453 24.251 29.4706 19.9503 11.1147 13.0942 13.2873 10.9305 26.3557 14.488 14.704 11.5502 23.0526 9.6582 6.4986 20.7097 19.1011 6.569 18.9503 
23.775 13.6223 30.9936 31.8612 29.73 16.9521 22.1145 20.4411 15.0343 22.798 9.4723 12.9255 21.5424 29.853 20.186 8.8561 33.0475 24.496 2.1226 10.4795 
12.2839 25.6353 6.51 31.0791 19.9625 14.2897 11.9346 12.034 29.2102 32.4005 37.0916 33.3431 13.5539 28.9178 16.7936 25.2147 10.1364 21.3918 31.6463 36.939 
23.0197 25.986 28.4171 41.2621 37.1863 20.2432 17.7758 27.7018 2.4742 39.3122 22.1339 27.2915 21.3901 36.7881 14.4056 5.4323 27.5585 27.6266 15.2226 21.5315 
16.0648 3.9788 27.1852 11.0548 12.1329 12.6377 25.8511 14.7681 23.9535 10.0447 15.0532 9.1961 14.3721 12.0886 19.7959 24.4882 20.3948 7.075 15.9974 15.9371 
28.4448 14.8183 47.0725 30.5597 25.4281 24.0402 30.9928 23.9105 28.1186 22.3334 1.9 5.9321 29.5249 22.8516 32.7461 24.5406 30.4023 20.6249 13.4462 2.8297 
11.7214 10.0237 26.4319 10.5027 3.0094 9.3645 20.6197 9.558 28.2849 9.5895 21.2297 19.5639 13.0988 7.4887 18.8184 22.3622 12.7002 4.536 23.4066 26.6127 
21.5693 8.9229 31.0691 26.6395 22.6189 13.3461 24.9003 17.7337 18.2971 17.6547 7.3042 4.804 21.1185 19.2609 19.8433 15.6016 25.4909 18.9595 4.8465 7.7595 
15.3457 5.0009 29.5108 18.39 17.6058 14.333 22.9488 17.6184 21.8419 16.011 8.2112 4.9948 19.1465 16.7767 20.3971 13.8906 28.0395 13.8816 6.8354 10.0368 
8.1853 14.9213 15.9686 28.1864 19.756 8.3938 4.4227 11.818 10.2726 28.6417 27.4652 21.2615 6.0969 28.4615 1.1576 11.4376 19.706 19.9714 16.2535 29.0788 
12.6446 26.2217 11.1158 32.3801 28.7436 16.2092 3.7177 18.9055 16.1258 36.2835 29.5436 35.1462 12.319 35.2592 7.0347 14.757 22.6388 30.7418 20.8924 36.4834 
18.2859 13.7714 29.3204 4.7303 6.1522 18.1329 27.9902 15.4841 37.4599 4.5011 28.7902 23.238 18.1697 1.0606 26.274 34.7424 16.7714 3.7378 27.5788 28.2905 
17.97 19.6885 17.796 40.3983 29.5731 16.3029 7.4207 17.5366 7.5205 33.0619 30.9473 25.5927 12.7572 35.5285 6.4499 9.4271 22.5393 28.5992 18.2954 27.8417 
26.0913 10.6366 36.9762 19.8543 19.7459 16.1451 27.1558 24.0015 26.1356 15.4303 6.8563 4.2843 20.0628 15.3712 27.0899 21.9479 28.7696 15.6282 16.0478 11.4605 
1.643 12.4804 15.0699 19.2405 10.6298 4.1479 13.5331 1.6555 19.0845 19.0343 25.3415 21.071 3.664 17.1969 9.7915 19.808 9.7724 12.1903 19.8196 30.1042 
19.848 21.1669 32.5724 8.7755 5.7393 19.7141 33.3489 16.361 38.0677 9.9709 34.9399 29.6888 20.1174 5.2031 26.7114 39.0894 15.67 8.0813 26.7133 32.1649 
EOF