I 200
J 20
bounds (0, 100)
cv 0.5
D 10
k 5
t 3
FLR 0.4
FCR 8
abounds (80, 120)

a 
92.0 76.0 92.0 
84.0 77.0 83.0 
82.0 89.0 77.0 
92.0 80.0 74.0 
74.0 103.0 91.0 
85.0 86.0 88.0 
78.0 81.0 100.0 
82.0 79.0 91.0 
101.0 88.0 89.0 
83.0 106.0 90.0 
86.0 95.0 80.0 
85.0 107.0 95.0 
105.0 89.0 98.0 
77.0 97.0 96.0 
99.0 95.0 80.0 
77.0 84.0 89.0 
95.0 61.0 93.0 
108.0 90.0 75.0 
72.0 113.0 71.0 
96.0 84.0 71.0 
81.0 70.0 110.0 
89.0 94.0 95.0 
81.0 89.0 90.0 
84.0 102.0 92.0 
84.0 98.0 84.0 
110.0 68.0 79.0 
112.0 94.0 67.0 
93.0 75.0 91.0 
83.0 84.0 107.0 
92.0 81.0 78.0 
96.0 97.0 78.0 
96.0 78.0 86.0 
80.0 84.0 87.0 
102.0 89.0 85.0 
81.0 89.0 63.0 
80.0 95.0 82.0 
65.0 73.0 86.0 
79.0 77.0 102.0 
86.0 80.0 106.0 
97.0 76.0 86.0 
95.0 82.0 92.0 
92.0 82.0 89.0 
93.0 72.0 77.0 
63.0 91.0 96.0 
95.0 86.0 97.0 
96.0 97.0 95.0 
83.0 80.0 89.0 
83.0 97.0 91.0 
89.0 93.0 67.0 
96.0 76.0 78.0 
93.0 110.0 92.0 
88.0 90.0 87.0 
112.0 75.0 81.0 
88.0 75.0 84.0 
81.0 86.0 91.0 
114.0 86.0 99.0 
88.0 95.0 91.0 
84.0 66.0 91.0 
92.0 91.0 79.0 
95.0 95.0 79.0 
94.0 73.0 72.0 
88.0 90.0 98.0 
81.0 82.0 88.0 
93.0 84.0 91.0 
114.0 88.0 83.0 
94.0 77.0 81.0 
86.0 77.0 100.0 
83.0 84.0 85.0 
100.0 88.0 66.0 
90.0 84.0 94.0 
79.0 75.0 97.0 
91.0 108.0 86.0 
82.0 87.0 83.0 
93.0 100.0 92.0 
100.0 79.0 86.0 
95.0 96.0 82.0 
87.0 82.0 79.0 
101.0 90.0 92.0 
86.0 79.0 79.0 
67.0 71.0 73.0 
105.0 96.0 73.0 
95.0 96.0 81.0 
98.0 93.0 81.0 
91.0 92.0 106.0 
93.0 76.0 109.0 
103.0 92.0 84.0 
98.0 90.0 96.0 
77.0 87.0 79.0 
106.0 90.0 76.0 
92.0 87.0 85.0 
85.0 82.0 99.0 
96.0 94.0 94.0 
97.0 78.0 74.0 
83.0 94.0 84.0 
91.0 76.0 80.0 
92.0 76.0 95.0 
85.0 99.0 104.0 
92.0 82.0 82.0 
92.0 98.0 85.0 
89.0 87.0 94.0 
91.0 79.0 91.0 
76.0 105.0 82.0 
92.0 98.0 92.0 
86.0 95.0 89.0 
85.0 98.0 70.0 
82.0 98.0 96.0 
86.0 91.0 94.0 
73.0 92.0 83.0 
94.0 94.0 95.0 
105.0 95.0 87.0 
90.0 84.0 79.0 
83.0 104.0 88.0 
67.0 95.0 95.0 
85.0 96.0 86.0 
86.0 82.0 97.0 
96.0 84.0 87.0 
95.0 90.0 75.0 
96.0 89.0 75.0 
84.0 87.0 100.0 
90.0 86.0 91.0 
92.0 81.0 94.0 
83.0 78.0 86.0 
89.0 99.0 72.0 
101.0 102.0 77.0 
99.0 68.0 86.0 
82.0 89.0 89.0 
78.0 73.0 85.0 
102.0 98.0 83.0 
99.0 98.0 94.0 
81.0 98.0 69.0 
80.0 86.0 110.0 
82.0 105.0 78.0 
85.0 92.0 98.0 
88.0 79.0 87.0 
75.0 73.0 92.0 
100.0 77.0 88.0 
90.0 87.0 79.0 
102.0 99.0 106.0 
87.0 91.0 91.0 
76.0 89.0 107.0 
111.0 88.0 85.0 
103.0 83.0 84.0 
90.0 92.0 81.0 
78.0 80.0 89.0 
85.0 94.0 83.0 
97.0 77.0 95.0 
78.0 73.0 92.0 
98.0 80.0 94.0 
92.0 103.0 88.0 
78.0 109.0 82.0 
73.0 80.0 67.0 
91.0 83.0 75.0 
108.0 86.0 77.0 
90.0 89.0 89.0 
86.0 109.0 90.0 
77.0 111.0 93.0 
107.0 108.0 81.0 
103.0 90.0 79.0 
93.0 78.0 98.0 
83.0 84.0 84.0 
83.0 98.0 99.0 
96.0 73.0 75.0 
85.0 91.0 99.0 
94.0 91.0 61.0 
83.0 77.0 89.0 
103.0 87.0 91.0 
87.0 86.0 100.0 
94.0 84.0 82.0 
91.0 79.0 124.0 
100.0 83.0 82.0 
95.0 83.0 82.0 
85.0 81.0 112.0 
98.0 93.0 90.0 
89.0 86.0 110.0 
97.0 81.0 97.0 
83.0 94.0 105.0 
85.0 90.0 88.0 
96.0 80.0 80.0 
88.0 85.0 68.0 
113.0 76.0 100.0 
73.0 92.0 91.0 
88.0 78.0 101.0 
97.0 81.0 93.0 
91.0 96.0 87.0 
85.0 82.0 88.0 
74.0 92.0 77.0 
95.0 97.0 102.0 
90.0 94.0 86.0 
109.0 85.0 78.0 
90.0 95.0 96.0 
89.0 99.0 104.0 
89.0 84.0 80.0 
89.0 103.0 96.0 
97.0 101.0 87.0 
69.0 86.0 85.0 
96.0 90.0 87.0 
83.0 91.0 101.0 
95.0 88.0 85.0 
76.0 71.0 92.0 
104.0 98.0 89.0 

Icoords
40.1779 60.7851
79.4662 57.3185
53.9004 28.6602
37.4976 55.4815
45.5148 25.6919
87.5169 61.3637
34.7126 94.226
5.9467 21.485
73.9896 7.6493
96.9165 29.588
6.2371 44.5905
90.6085 87.6615
68.7942 68.6438
42.5756 45.0619
57.5217 55.6615
13.5675 0.1701
7.8904 23.9307
50.6147 58.6227
60.4812 21.7707
59.389 68.2264
98.5008 67.3811
69.7364 67.745
5.8654 44.3836
27.8642 32.9144
10.8706 61.2251
93.2188 44.084
2.0658 71.7799
94.9191 7.475
94.438 65.6406
19.6836 83.5998
26.9975 47.1039
14.4513 98.4138
83.6103 86.8015
70.3405 43.0782
33.0724 84.6817
30.5629 47.1835
33.8954 56.437
52.201 47.5429
63.8478 71.8471
31.5817 5.9298
54.6697 85.9076
57.2145 56.2999
90.8309 79.3579
59.201 74.6592
58.7021 3.0685
18.233 42.552
9.6392 99.8346
93.5494 28.7799
35.0986 77.5124
82.7896 78.5697
12.2884 43.0892
43.8096 25.367
59.3744 20.083
7.522 84.1394
56.9773 80.8222
85.7972 69.3337
0.297 32.6982
85.246 45.8497
82.1056 10.2424
39.2981 59.1182
50.6694 45.5557
23.5163 18.0059
11.0541 99.7228
38.3326 87.4005
80.639 9.5272
66.6104 32.7138
14.4334 7.2538
13.0072 20.3176
85.7362 98.5504
8.2532 5.5465
70.9018 92.0846
59.859 59.6245
72.9808 74.0596
87.0277 38.6022
49.1693 99.7258
88.5671 91.1368
5.1762 22.3865
73.1046 32.845
94.6217 63.9483
81.8797 38.9484
54.4353 92.2052
46.6081 80.2013
16.5338 24.6181
60.498 67.7294
22.6605 94.4985
86.4181 14.4304
25.8233 70.1488
81.8531 25.2455
7.2511 79.4213
25.7328 20.8613
69.628 39.8061
7.7278 18.5291
55.9093 96.7368
63.2363 25.1903
43.0223 81.5685
92.2085 25.2732
84.8315 60.0803
22.8814 44.2869
47.0849 0.1836
92.906 27.2811
73.9151 51.6897
8.9277 30.3846
77.5934 48.5566
74.3807 35.9394
28.2761 32.8831
6.7627 41.8979
70.8339 78.707
14.2895 92.9748
94.8339 20.3015
39.2415 97.477
99.4163 2.0685
71.7655 49.7294
57.8949 68.9013
51.323 52.3357
23.1884 53.1322
69.7869 24.1711
96.7354 61.4301
46.9908 23.9765
59.4932 80.4284
48.4454 54.4259
68.7046 34.338
33.0591 28.7999
62.7333 19.2628
17.7935 56.3858
81.0296 92.5128
16.5393 76.8366
65.6639 30.8238
85.6905 12.0612
31.1772 48.7347
93.1863 75.6081
31.8085 11.1378
5.565 93.9639
88.2432 74.934
18.3058 52.7261
31.5193 53.5001
83.9063 98.311
31.8051 79.7639
39.1327 72.0024
10.6226 54.6906
64.9599 52.7591
42.0249 29.4024
51.745 2.8878
73.1862 99.115
30.8859 6.8056
91.8895 64.1749
80.7206 6.0618
65.2938 95.4668
5.8613 59.579
12.6585 84.2184
41.5008 69.2986
78.6214 65.9083
26.9321 77.1739
41.0853 14.9647
52.6141 82.8857
14.3581 24.8827
94.5091 28.3496
35.6567 23.3023
27.7537 4.6072
68.0751 62.9943
85.0286 81.0557
91.7962 98.7707
49.5406 71.126
2.4743 76.6516
8.8968 83.1031
80.7671 67.1809
51.978 1.2382
17.5383 79.3391
60.1128 87.3227
46.6717 89.122
8.5702 57.9242
52.8562 74.7682
66.7505 6.3889
62.6436 12.9314
48.8197 35.026
85.0786 11.9301
85.0429 35.1485
43.3567 75.8307
55.6375 70.0073
18.1564 86.7593
50.2164 86.3928
77.5641 0.0732
70.1942 52.2555
59.0306 21.4256
46.3913 72.3998
37.176 56.7938
77.5457 30.2593
34.4807 73.1987
18.4561 6.6163
50.0145 54.6124
34.3222 97.4534
20.1619 78.026
54.9257 65.0409
94.4441 20.2015
13.0142 59.3208
68.6231 0.2774
69.6444 46.5352
62.5862 22.423
33.2337 21.5697
69.1265 31.6858
73.5483 92.2551

Jcoords
0.705 2.4848
65.4968 26.5451
57.2317 41.305
64.701 77.1073
99.8073 16.9699
85.5729 14.8857
54.8456 92.4531
44.9369 68.2437
4.85 23.4682
94.0798 68.9459
28.6885 32.3603
45.6446 6.6481
98.336 38.8713
61.0977 71.5966
32.9879 51.5562
10.7751 93.9611
31.7166 17.0629
62.6822 0.4093
46.9281 84.2442
52.1548 23.9303

C
21.671 13.4822 9.4629 10.4283 26.8458 21.0065 13.0456 3.501 17.9238 20.4163 11.4634 21.4874 21.771 9.2192 4.5697 13.3745 13.8454 24.5492 8.6586 14.625 
30.8349 10.2807 10.5411 7.7749 17.0035 14.653 14.8013 13.3132 30.2424 7.033 18.5129 22.5591 10.1227 8.1614 14.2376 27.272 22.0151 20.6893 16.2601 16.2622 
22.5645 4.4758 4.3492 18.4796 16.9308 11.3389 23.1338 15.9948 15.0538 20.6766 9.9991 8.8913 16.6143 16.722 12.2548 29.3617 9.5573 10.1652 17.9207 1.9809 
25.0581 15.7637 9.6246 13.6054 24.3924 22.004 13.5056 4.8512 14.3346 17.6347 9.4986 16.4962 23.0314 11.3738 2.309 18.1584 12.9452 23.6356 11.4629 12.5277 
15.3861 6.3781 6.0572 16.7709 21.9514 15.3347 23.7418 14.0647 15.264 24.9472 5.5294 7.2577 18.9562 18.5669 10.9061 29.0007 5.5511 9.2292 21.7527 2.1708 
32.7168 14.2419 13.1789 8.9232 15.9703 17.4445 13.6426 13.8066 32.6834 3.8628 23.4482 26.6502 9.5219 8.9755 16.6378 32.2339 24.9866 20.0223 14.2996 16.9367 
30.6733 28.0608 18.4214 10.3971 35.0149 36.1326 6.4271 8.6445 24.1156 25.1263 21.2146 31.2697 32.9658 13.3861 14.5153 9.3889 27.483 38.9631 6.0103 23.6475 
7.338 22.7285 20.0243 28.463 33.1523 30.8091 27.5011 20.2067 0.8548 32.3223 9.9447 15.6763 35.649 24.069 13.6247 28.8877 8.8951 23.4529 27.7482 16.9775 
23.1933 7.2508 12.1438 27.6171 9.607 4.5932 32.2191 20.8855 28.1719 21.9446 16.8637 8.8095 12.0915 20.3334 22.1195 35.2623 14.8635 4.0723 31.1617 8.2853 
36.2941 11.4114 13.1542 20.8341 5.046 6.4381 24.0547 21.0592 29.7939 14.9159 23.9541 19.4123 2.8512 18.4333 26.0522 37.4982 19.9641 15.0645 28.6867 17.0049 
16.074 21.5449 17.042 21.8021 37.7564 26.9392 23.4122 17.8974 8.4396 33.0716 7.6699 20.268 34.0407 22.1537 10.6591 16.7725 11.5755 25.5324 18.9485 15.896 
48.8694 21.2363 19.1245 9.6205 23.1613 24.1245 12.315 18.6602 40.2139 5.7485 28.2683 34.5047 18.8652 13.3292 23.1941 28.8614 32.5917 34.831 17.1093 23.9155 
31.7187 14.0745 9.9885 3.3027 22.4612 18.7137 10.5438 9.0337 28.2714 8.5219 16.8522 24.8692 14.3945 2.5621 14.8581 19.668 21.4204 24.5737 10.0217 18.702 
23.3966 8.9724 5.6511 12.2821 25.132 20.3237 16.7716 8.1486 14.5924 19.4957 6.9652 13.5224 20.1971 10.6755 4.5638 22.2004 11.9343 15.6902 13.8533 8.5265 
23.3537 10.6054 5.1177 7.981 22.0838 18.8865 14.7518 6.54 22.9639 12.5559 14.1317 17.6713 16.0997 6.5146 8.5943 23.9736 15.2848 18.0351 11.2908 12.1969 
4.4396 18.6204 19.9342 32.9518 31.5421 26.5606 38.0923 29.5168 7.5 40.3011 13.4293 10.197 28.6079 28.261 16.7437 28.4125 9.7194 18.8799 31.8388 17.5146 
7.8574 21.5093 18.0054 24.9475 36.5494 23.6968 25.2606 20.8279 1.177 29.3752 8.9227 13.723 35.8801 27.3242 13.8097 23.8726 9.8367 19.3371 25.8354 15.9308 
25.2541 10.6545 5.912 8.0271 21.0263 21.215 10.7737 3.4017 18.1897 13.9786 11.8614 20.0441 15.959 5.3626 7.1214 20.8916 16.8009 19.6307 9.9245 12.9495 
20.2752 2.1681 7.0973 21.0446 12.2182 10.2412 27.4551 18.9301 22.1348 17.9427 12.2043 6.453 13.0513 15.7113 12.513 34.8926 10.3269 7.1532 19.5552 3.3625 
31.1341 13.59 8.105 3.5712 22.5461 21.9976 8.8736 5.0149 27.2478 12.0056 17.402 24.6759 16.1383 1.4279 10.3444 16.5731 22.8948 23.051 7.109 16.8401 
40.2225 15.8829 17.6425 12.7461 19.0215 18.5493 20.0414 18.2141 32.882 1.7427 28.3049 25.4017 10.9451 14.6607 20.7044 32.0457 32.4105 28.5263 18.6653 24.2172 
34.6165 14.6742 9.9999 4.1108 22.7903 17.5805 9.9671 9.701 30.7302 7.6677 17.8245 19.9193 14.8174 3.0352 15.6208 19.7065 24.0759 20.9274 10.6661 14.3945 
16.1474 19.4756 15.8286 21.0184 30.1116 28.1999 24.6853 15.245 7.9635 33.4872 8.9539 18.8068 30.3935 21.1994 9.6846 19.7138 11.4982 22.6172 19.2056 18.0869 
13.9981 13.6335 12.156 21.0223 27.9944 22.5453 21.996 13.1095 8.1026 28.6686 0.37 10.4766 22.2283 17.8288 7.4664 19.2019 5.1288 17.3431 18.1351 8.0338 
19.434 20.9903 18.3824 17.0057 30.4673 28.1657 16.1967 10.7963 14.5212 31.2205 11.6079 22.7016 30.3962 18.2529 9.315 10.947 19.2508 31.0467 16.7436 19.923 
39.6818 11.8227 11.1675 15.6161 10.525 10.075 22.4432 21.5363 35.4165 9.483 23.2636 19.5232 2.2162 15.1832 21.0664 34.5344 22.148 18.0977 22.7484 14.9991 
23.8352 30.7971 21.2516 23.4913 41.8209 31.8094 19.1536 14.1353 17.0581 32.7909 15.4404 23.9095 32.2311 23.5598 14.129 7.6517 22.7653 31.0317 16.1708 21.8966 
29.7851 11.0445 18.2419 29.1785 3.285 4.7699 29.1066 30.5763 31.13 20.4963 24.3668 19.4021 10.5704 26.3228 24.7436 38.0095 19.2927 12.5012 31.5968 16.5001 
43.1867 18.7953 15.8182 12.5254 17.569 17.6313 18.0222 19.8179 33.3591 1.0606 23.3752 24.0924 10.2958 13.0257 21.0565 26.7717 31.4477 28.1641 17.868 21.0492 
28.6238 25.6686 19.8346 14.3727 36.254 37.7563 11.9112 9.0263 22.7484 25.2651 20.1908 24.9648 30.1031 13.8238 12.4384 4.4929 26.5191 32.1486 8.549 26.8945 
20.4672 14.3242 11.406 16.9754 24.743 24.7082 20.3875 10.3666 10.1642 24.8331 5.2327 15.0879 24.0211 12.9271 2.4616 19.398 10.5338 18.2007 13.8927 10.87 
34.7709 35.0845 25.7307 18.2134 35.8535 40.174 15.6263 16.9718 28.3872 28.4775 26.2916 29.92 33.2574 21.3393 15.8328 2.0533 25.1068 41.0703 14.1521 29.7449 
38.6907 22.2926 17.1918 6.9805 22.2583 26.2375 9.9171 13.1646 31.674 7.0603 23.4471 32.434 15.3834 10.6655 22.9339 22.8341 30.1639 30.9696 11.4175 22.7635 
28.6304 6.8654 5.1246 10.5929 12.2714 12.3691 17.7655 12.1327 22.1361 11.0982 15.1176 13.8065 9.8745 9.2844 13.9422 29.2207 14.9996 13.6511 17.0347 8.8413 
27.5709 23.3784 19.6071 11.357 35.661 27.1357 9.007 7.7786 23.4978 21.5663 18.2454 24.3206 31.193 11.5739 12.1008 8.3877 24.4288 30.2983 4.9656 24.6179 
18.4322 13.6048 8.5859 16.0477 27.6056 23.9981 17.2196 9.2328 12.7675 25.1915 5.2922 15.5484 25.1205 15.4032 1.8145 19.4834 11.825 19.5357 15.6583 10.5033 
21.0301 16.3122 8.4663 13.8301 28.1716 20.3374 15.1998 5.7209 14.8995 19.1297 9.3089 16.6463 20.0442 10.7469 1.5663 14.2627 15.7027 20.8183 11.897 12.5423 
24.7769 8.9298 2.7006 10.4512 17.228 14.2552 17.7163 7.8517 20.7486 14.1705 8.5812 15.5479 15.9371 10.1739 7.4743 22.466 13.1251 19.2753 14.3159 8.7862 
33.9269 13.6585 11.8283 2.0628 24.7741 22.2579 8.6349 6.8399 26.5285 9.6792 16.8131 22.2031 14.7777 0.9237 13.1777 21.8886 23.7279 27.3143 6.7037 15.8968 
9.6622 13.6332 15.796 28.3719 21.4942 21.399 35.3726 20.3997 10.1861 27.3891 9.3458 4.9481 22.4883 24.1184 17.7115 35.6038 4.4046 11.5165 27.1094 9.9941 
37.7552 19.7921 17.6783 5.3071 31.9796 25.0796 2.5511 6.5041 28.5169 15.1026 19.6824 28.7737 21.9305 5.0046 13.787 13.946 26.6986 33.104 2.6914 22.02 
26.6488 9.4388 4.9438 7.1182 21.4214 18.5664 12.8329 6.5689 21.6938 13.2745 13.6486 19.3528 15.0736 4.9808 8.3564 23.5637 17.1266 21.9744 9.7849 12.227 
36.4138 19.7631 15.5489 8.6286 25.0672 21.1848 12.2732 14.3456 38.8355 3.884 24.7374 25.8019 16.4005 9.2188 22.6867 25.2349 29.9889 30.9116 15.1207 26.6565 
33.5937 18.1966 10.1306 1.8476 26.808 19.7762 6.6792 5.9496 27.2445 11.5644 15.6728 21.838 17.9352 1.2799 13.2985 19.278 20.7472 25.6146 4.6919 17.398 
23.0086 9.341 11.6593 24.8843 14.3064 10.2271 32.0563 22.0689 20.4662 28.2802 15.5717 4.227 21.0117 23.3755 21.7561 37.0738 10.0923 1.6394 26.3793 7.4079 
14.5326 15.4842 13.8906 21.7619 27.4855 27.8175 20.5667 12.777 7.8061 24.5662 5.4228 15.4081 31.4175 20.6543 6.3783 17.7815 11.0556 19.4963 17.6436 14.5694 
30.7647 29.4692 23.9513 19.6991 47.4294 39.594 14.2042 18.7917 24.9826 27.5044 22.3166 33.4667 41.3181 21.6769 21.301 1.9682 30.06 41.8529 15.6494 31.5985 
33.2236 10.1478 13.9491 17.6953 4.4921 6.1537 26.728 21.8462 34.6014 12.5168 21.9823 16.2268 4.2353 20.754 23.5259 33.1454 20.2016 12.6696 24.4031 14.4788 
29.2587 17.9575 16.041 10.3529 28.5518 31.3937 7.6639 5.3567 24.5009 23.7626 17.3754 22.2887 28.5318 9.6229 9.685 9.2729 19.0835 25.148 5.1177 18.7306 
34.0023 16.6937 16.3261 6.0522 23.3389 24.9178 10.013 15.1372 35.3739 5.1849 22.7465 29.5377 14.2866 8.5854 19.824 29.3533 26.9742 29.3606 11.3425 24.0168 
16.6744 18.7446 16.5072 19.8701 34.8528 24.2247 20.1459 13.4031 7.0043 34.0551 6.1126 18.353 30.17 18.9074 6.9709 18.9785 12.3351 25.5041 19.7795 14.3397 
17.4612 7.1326 7.9972 17.2641 19.9486 15.8584 25.5226 14.8362 11.9592 22.4605 6.2558 7.1285 21.1831 15.8582 10.173 24.1803 5.3603 11.862 17.8471 2.6132 
19.6067 3.1619 6.8789 22.0728 12.5754 9.7461 24.4872 15.2142 19.53 22.8947 12.7874 7.6185 15.308 16.3596 14.5514 30.5879 9.7767 6.2882 21.2738 2.9508 
27.9821 32.2141 20.4534 22.2028 38.6484 33.5784 16.9947 14.4923 24.0491 30.1081 20.2161 27.4887 38.417 21.8887 14.1184 3.5488 24.1088 33.4188 14.5921 28.6002 
30.4504 17.0869 14.9615 3.2971 24.4268 26.8938 3.5911 6.493 30.1797 11.8117 21.3571 22.5855 21.5788 3.6627 12.2645 18.2962 25.7042 30.1016 3.7049 20.8971 
33.134 17.689 13.4507 7.5565 18.7768 20.6142 13.6993 13.8361 35.0288 2.878 25.4714 25.5115 11.398 9.6359 20.5779 28.2285 27.7535 27.8576 14.9955 20.4337 
11.1921 23.6352 21.547 29.5556 36.9535 30.1597 25.4862 21.9351 4.0262 38.619 10.8435 16.5992 34.2637 25.5875 14.4432 22.176 12.9044 24.7195 27.2682 19.8173 
35.9154 8.4177 9.7317 13.5593 11.6565 12.1293 18.5567 14.6867 32.0043 7.6805 20.4143 21.119 5.7778 13.0431 19.9551 31.3236 20.2819 17.8635 17.5533 15.4086 
29.8049 8.6808 13.1481 22.4345 6.3098 1.8799 33.8828 25.7713 28.7574 22.4611 20.4203 13.2592 10.4488 22.6849 21.3792 40.9587 17.3495 7.9811 31.1198 10.103 
26.1042 14.8898 8.1012 10.574 26.3258 24.2359 12.2706 3.688 15.1151 18.7562 11.2346 18.7732 21.3079 8.5578 3.1123 14.3011 14.0421 19.9568 9.6292 13.4942 
21.9074 9.0482 2.9633 12.925 18.1913 14.0089 15.9046 7.4509 19.1355 17.8851 10.1165 11.8202 18.4542 9.9161 7.1233 24.3881 11.5597 15.669 12.6946 7.6453 
10.9508 15.8809 13.4013 27.5537 28.8406 23.0956 28.5767 18.5687 6.2996 34.5593 4.9695 8.2479 24.7938 24.2117 12.6234 26.2703 3.1763 14.1693 24.6873 10.3761 
32.0253 31.4487 26.1818 20.7551 36.8774 35.569 13.9875 14.0921 24.398 31.8059 27.6998 32.1317 32.0584 22.7156 18.7727 1.9082 32.3347 42.0862 12.7644 31.3924 
34.3559 20.626 18.9314 10.8101 32.449 31.4072 6.8125 6.1155 22.9066 19.6015 20.4348 28.8249 30.1742 10.9743 14.152 10.9288 27.3832 35.4474 3.4411 24.8399 
25.5977 7.704 12.9968 21.9342 6.763 2.8947 29.2927 21.2135 28.5586 19.9391 19.572 11.6258 11.2295 21.4024 24.5066 34.0936 18.889 6.5754 26.0008 12.0365 
28.4664 1.9852 4.8853 16.0675 11.9041 10.2781 19.1732 13.6426 20.6892 14.9726 13.3984 13.2266 12.6814 12.6376 14.7386 29.7367 12.4634 9.8148 19.643 6.5714 
5.2639 19.4162 16.7138 31.9627 33.7513 23.8254 34.2584 23.4037 5.6749 34.0819 9.3369 10.7668 28.2705 24.9815 17.4784 31.4767 6.1606 18.1819 25.8472 13.833 
8.629 16.7876 16.1394 25.7721 32.8174 28.2634 26.4181 21.0716 3.1778 31.1882 6.6236 11.7052 33.8113 26.7706 14.2618 27.5479 6.903 17.4836 23.4981 15.3246 
44.7227 24.346 20.6941 11.1441 29.844 32.7046 9.553 15.5216 39.3443 9.418 32.4536 34.7624 21.092 11.1709 24.6907 24.2127 37.3371 34.1855 15.0306 25.2604 
2.4608 19.8042 24.0934 33.8055 34.1746 23.6371 36.4654 28.3007 6.3811 41.1236 12.8245 13.7361 29.0069 33.6069 16.6845 26.8448 10.319 18.7521 26.4816 16.1872 
43.3211 22.9115 17.58 5.8341 26.6886 28.3597 5.3272 11.0896 36.973 11.5119 22.4968 32.5808 23.1633 8.1472 20.6064 18.6303 30.3177 35.4918 8.2076 26.8393 
26.5403 10.4998 7.2047 6.021 19.6769 19.65 10.9557 6.1124 25.0079 10.8531 14.3036 21.7646 15.0343 4.4521 9.1884 21.355 15.5624 18.2827 9.9834 13.6315 
39.6704 15.7336 11.4811 2.7104 25.0169 20.7632 9.3015 10.3908 25.6448 7.6397 21.9181 24.2817 14.8418 3.6844 17.0296 21.8533 27.886 24.9872 11.1191 20.7633 
29.6255 9.7622 11.2194 14.2876 9.6506 9.464 20.5518 16.69 28.9033 10.7507 20.3299 19.5333 4.1819 13.8776 19.722 34.8081 19.9914 17.3379 21.2156 13.2228 
42.3948 29.6846 21.6849 8.2451 30.8715 35.4418 3.0675 9.9902 28.1273 20.0252 23.6648 35.0782 29.1815 12.0718 15.2495 12.0861 31.4538 39.3509 5.0934 27.8689 
41.2391 25.7137 19.6257 8.5627 23.4793 24.4573 12.9893 16.8263 38.2465 8.8672 28.746 31.9458 18.8383 13.1807 22.3189 27.6655 34.2033 30.0686 15.9284 29.237 
7.0413 18.8647 17.8124 25.1864 33.8765 24.7163 27.7411 20.539 0.4265 38.4269 8.2061 13.4649 29.4796 23.5763 14.5616 25.8241 9.8613 23.7816 26.2697 18.1764 
27.093 3.8898 5.646 16.2056 12.3391 6.6529 22.069 16.4079 25.953 14.9347 14.0363 12.5924 8.6825 13.9314 14.4351 30.1599 16.0525 12.0094 20.021 8.3808 
44.0435 17.2129 14.0228 10.4237 14.8881 18.7188 15.165 16.7813 36.7218 1.5619 28.191 22.7495 8.0919 12.7948 19.6209 30.2435 26.4945 23.3186 19.3387 22.9087 
29.9624 7.3173 8.5597 14.3955 8.8577 7.9728 18.7273 15.6863 30.0529 10.0259 17.714 18.4604 5.4471 14.7994 19.227 34.5311 19.4399 14.8973 22.0671 11.493 
40.8171 21.1209 20.3092 7.135 26.5067 28.4737 0.1567 9.7792 30.1051 16.8136 21.6423 32.8893 21.3382 8.0701 18.1772 15.3415 23.8174 30.9031 3.8736 26.1161 
30.0929 18.8115 15.7534 6.2574 25.8561 29.1063 5.5423 4.4975 21.1685 16.1049 17.0273 22.9947 23.2733 5.4954 11.7231 13.3001 21.4787 24.5243 1.4689 18.7951 
9.5565 18.6546 14.6385 27.7695 25.6308 22.8548 28.2566 17.4755 3.5303 29.6726 5.005 12.9418 31.7691 25.8687 11.4584 21.9948 6.0153 17.9007 23.8658 12.231 
33.0986 13.9395 8.8077 3.7376 23.7543 19.5594 9.924 4.8094 27.0052 11.143 18.9706 24.7296 16.9742 1.446 9.6981 19.9068 22.9936 26.7334 7.2268 14.3346 
33.4589 27.6731 22.477 16.9517 35.1304 32.9879 10.0781 10.5844 27.2339 23.484 20.5207 33.7712 37.4933 14.6891 14.8533 3.5752 26.2659 39.3243 8.8388 25.4997 
29.6232 9.2835 11.9659 24.9079 4.8447 0.3761 30.5112 23.1829 28.822 20.2974 23.4485 14.8687 9.6259 22.8208 20.7874 36.7472 20.2411 9.6763 30.4793 11.4597 
27.5423 21.8828 13.9017 14.7358 33.0741 30.545 13.3527 6.6768 19.5236 21.3881 12.6841 25.4381 25.4523 11.7986 6.3004 10.8337 17.2521 30.8582 7.7507 16.059 
25.857 4.9913 11.2469 20.1127 6.0653 3.912 26.1187 20.2204 29.8775 16.9897 18.8701 15.5738 7.8614 18.1864 21.106 32.4864 17.6174 10.8399 23.9895 9.7803 
30.3067 25.3779 21.1449 22.7284 43.8692 37.184 14.9372 12.2485 18.2183 32.4908 18.3221 27.21 34.1883 20.4209 14.1297 5.6387 21.9647 38.2496 12.5663 28.1465 
11.5909 13.1953 12.3808 24.4555 25.7615 23.1771 24.3447 18.3492 6.7133 27.9197 3.9251 7.6475 27.4305 21.5404 11.3389 25.2943 2.5884 16.0186 20.1234 9.3737 
28.1223 4.5655 4.3029 14.0605 14.3813 9.2068 17.1048 11.9348 25.9143 12.1233 14.2601 12.3177 10.8689 12.2444 12.1091 28.5041 17.6044 14.5336 17.9192 8.3172 
5.7989 17.8467 17.8625 30.2101 34.194 24.5792 26.8162 21.9141 2.0659 30.3978 7.9507 14.2687 28.8434 27.9376 16.2618 25.1393 7.4504 22.7466 28.8247 16.6217 
36.6135 23.2083 20.2051 8.0291 35.3176 33.0046 1.3692 11.2116 26.8093 14.2497 27.8042 33.5848 21.5545 8.4454 15.3 17.4864 25.4128 38.2399 5.7082 27.4043 
22.998 0.7972 6.0241 19.0248 14.7722 8.3464 22.4569 15.2974 20.1637 18.2497 11.7425 9.4212 12.7481 16.5754 15.4085 33.7249 11.4871 8.0806 19.1819 3.6838 
27.1772 20.7195 15.4949 6.7904 30.5073 29.7978 5.5572 4.9633 23.5875 20.9169 17.1852 28.6596 21.8153 6.9259 11.6676 12.5024 20.0396 28.91 1.5988 20.5184 
37.644 8.9399 12.3969 22.9325 4.1026 3.9332 24.6294 23.1193 31.5344 14.8449 24.984 17.5929 4.8891 16.824 24.7048 39.4281 21.1038 12.0975 29.3979 13.7501 
35.0924 12.4645 10.9889 10.2405 17.6435 17.7774 14.0058 14.8307 33.8658 4.4519 18.9844 25.3849 8.5463 10.4545 18.6674 29.3179 21.5644 22.0354 16.2047 18.2152 
16.723 17.3012 11.5782 19.9406 28.3264 22.6841 21.8801 10.0523 10.1354 29.6569 5.0487 17.432 27.7555 16.8768 4.1145 17.2302 8.8928 21.3618 16.6161 13.6953 
14.5487 11.6496 14.7522 25.5053 21.446 16.2289 33.9177 26.7473 15.6935 27.3849 14.4588 2.4114 24.3563 24.4814 20.6641 38.1229 8.9119 6.2177 26.2353 7.6901 
35.3361 9.6323 12.9945 19.839 4.5821 4.5237 28.8528 19.1887 28.8654 13.7882 23.8218 17.0642 4.7293 18.154 22.1551 32.9644 22.0292 12.8364 26.7266 14.9816 
32.2669 8.0716 6.3278 9.6033 16.311 14.292 17.4118 13.0656 28.6945 9.4988 15.2323 17.7936 8.9968 8.1684 13.7434 24.5048 16.5507 20.0168 14.6859 13.6008 
11.3204 17.5314 18.3631 23.508 36.2037 30.4732 29.9641 19.2225 2.4794 32.1933 7.8663 17.012 35.493 25.9487 10.9607 22.7064 10.2896 22.1139 22.4048 16.2893 
28.3964 8.6827 7.4224 10.7262 14.4346 13.7445 16.5576 13.1478 27.4936 9.3346 19.1695 17.8118 8.5114 9.5154 16.7112 28.8161 19.5709 19.7985 14.3088 12.5797 
26.7264 3.9177 5.529 14.2096 12.2261 8.7077 23.0509 13.5717 23.6786 13.4687 13.9422 14.9608 8.8065 14.0027 14.7056 29.4442 17.4811 11.5511 19.2907 8.7283 
13.4486 12.5389 9.4899 19.4225 22.2038 22.7916 23.5077 14.7679 8.8845 29.6099 0.2004 10.9052 26.5159 16.6322 6.9792 20.1663 6.319 18.2715 21.8135 8.2754 
12.202 21.6058 15.8736 22.8818 35.5058 26.7261 27.2311 17.222 7.3188 34.3246 7.2472 17.6339 29.127 24.1743 10.6367 16.1613 10.8365 27.26 19.9375 18.019 
37.2561 19.0965 13.1097 2.025 20.7594 20.6852 8.0166 10.7003 32.5368 8.1864 19.2191 23.7172 14.9965 4.3836 14.3366 21.719 26.4581 27.5366 9.3689 18.1146 
34.7807 26.9827 20.5182 19.3853 44.2544 39.7869 13.7578 14.2166 27.4967 30.1654 21.3569 33.8356 39.4322 17.7277 14.801 1.2863 28.0314 39.9633 12.9367 25.1908 
34.0378 10.6959 14.7 24.1651 2.0808 3.2292 32.1966 23.7898 33.6388 17.9033 21.818 18.2653 5.6861 21.5557 21.8972 43.4099 21.8736 11.6448 30.7686 15.3085 
33.3572 23.8629 21.1452 12.6672 40.2981 37.624 5.8769 10.8976 29.4202 21.3823 21.1686 32.4244 26.949 10.7416 17.2495 8.6909 28.914 31.4752 4.6185 25.2839 
31.0943 15.5854 20.9647 31.2282 5.1666 6.7181 30.7772 28.4919 36.1457 25.8028 26.4371 19.6977 14.5765 25.7376 27.6092 38.9927 22.8338 12.7965 29.779 20.5428 
28.4328 8.6725 5.4176 10.2298 16.063 11.6037 14.0384 9.8605 22.1044 10.4571 15.9731 15.8097 9.1335 7.3551 13.265 26.7159 20.373 17.4671 15.61 12.8394 
30.8953 16.6925 10.4896 4.0225 26.2801 23.44 8.1742 5.1302 22.9432 12.9361 15.1236 20.3158 18.0884 1.4061 11.658 17.345 19.6346 23.859 5.9332 15.0289 
25.7678 8.9493 3.9868 10.214 22.2525 18.8942 15.4402 6.2003 16.7902 18.3204 9.6573 17.9368 18.5392 7.0241 5.8744 17.6655 14.9841 16.9669 12.7711 11.2932 
22.0324 16.5446 11.9903 17.1955 31.8563 22.7282 18.8596 7.9688 12.9944 26.5331 7.3552 17.6916 24.0863 15.8885 3.8243 13.6728 14.2696 23.6095 12.3783 12.4505 
28.803 1.5827 7.2264 18.2195 10.9071 6.4082 21.6892 17.0204 23.2877 16.8256 15.9076 10.3306 12.2859 15.4239 18.1648 32.3721 14.6354 8.0951 25.093 6.5492 
38.5247 15.6029 17.3659 12.5576 13.4946 15.0246 20.7099 17.6117 32.4005 2.6911 25.5583 28.8999 7.0832 14.62 22.5003 36.0931 31.2416 24.36 20.9493 22.7953 
16.565 6.8157 7.3006 22.3739 16.5059 13.7229 26.3847 15.3063 12.6474 25.9082 6.5587 6.6724 18.7865 19.608 9.8917 26.4925 5.5378 10.3711 19.6051 1.6536 
31.3679 18.7373 14.0727 2.3638 24.697 27.137 4.699 7.111 29.3471 13.7353 18.7375 25.9813 20.9275 2.9272 12.7262 16.0688 23.8485 31.032 4.7366 18.0262 
23.81 12.5726 5.7116 8.5333 19.522 20.3668 11.8115 5.0296 16.554 16.2007 10.3308 18.3303 20.172 6.6738 4.957 17.1635 14.0169 21.6463 10.3723 9.8397 
22.9777 2.7498 4.3127 16.8045 12.3969 8.6512 19.668 15.5026 24.4907 16.8094 14.832 11.4013 11.2111 11.6896 13.6794 33.0612 14.1289 12.643 20.4842 6.6334 
15.9353 10.6002 9.0982 17.9942 20.9941 19.3074 21.4214 13.1366 9.491 24.1552 1.8671 8.54 21.3339 16.5668 8.5587 24.5921 4.3604 15.0338 21.8894 6.0717 
23.9423 2.7191 7.4244 19.939 14.7911 7.9719 23.1516 19.5739 17.5617 20.6255 12.778 7.9609 15.6078 16.9959 16.438 32.6387 9.745 5.6749 25.2657 3.9555 
20.0961 16.9929 14.225 17.1328 29.5821 27.4348 16.4948 10.9092 11.7997 28.9771 8.7794 19.2448 25.8319 17.7901 6.0522 13.5623 16.248 25.7447 15.8056 16.0751 
43.809 23.9912 17.0588 7.8638 28.9338 30.4586 8.5439 15.4271 37.4136 10.5169 28.3065 31.5294 19.626 9.2398 19.28 21.903 32.9176 35.0014 13.4183 25.6651 
25.7021 26.0811 16.347 16.4668 35.8021 32.0933 13.5974 9.236 20.5204 27.4352 18.41 30.3175 28.2798 14.4063 9.7539 5.6988 21.3318 34.7643 9.9685 19.9751 
24.0467 1.6576 4.762 14.2954 11.581 9.7701 23.3392 14.5783 19.4185 18.5768 12.4826 9.8842 13.4292 16.1608 13.854 29.0219 14.3591 9.7121 19.5647 4.8017 
31.9087 8.0865 13.6536 27.1618 5.7332 1.0457 28.9403 23.3693 31.1625 19.6592 22.1159 13.5818 9.1448 20.529 25.4611 40.0581 19.8716 8.8023 29.1024 13.9949 
17.0035 13.2454 8.9787 17.506 23.8067 23.1027 19.0355 8.3628 12.4394 24.7696 5.7985 17.3298 20.3909 11.4584 1.1 19.1118 12.5058 19.8562 14.1244 12.0619 
40.5803 19.1659 16.5727 10.5998 19.3142 19.1304 13.0617 18.7082 37.5019 2.2316 28.018 30.2373 12.7462 12.4923 23.3048 25.9369 29.3799 31.3483 16.4371 25.5103 
9.9727 12.7544 13.3424 23.692 23.6139 20.189 25.5322 20.4733 9.7412 30.8772 7.6514 5.8098 26.5386 20.3353 14.8075 31.1986 2.3632 10.5506 23.4711 8.3878 
33.3179 30.9767 26.1008 19.8249 41.1816 37.4264 18.9277 17.7956 23.857 32.525 20.306 36.6238 32.6171 22.2829 19.4482 1.6084 32.4742 34.9773 13.0103 28.1448 
35.6912 21.0666 16.45 8.0337 22.1708 21.8972 13.8635 13.4615 33.1813 3.0128 27.7967 28.6361 14.1106 10.4422 22.5949 30.6239 31.8491 26.748 14.4502 18.9877 
17.6315 21.2414 15.3626 18.4855 32.2536 28.9734 18.816 9.9679 11.8349 24.859 7.3631 18.029 28.2404 16.6073 4.7986 15.0105 12.3029 22.3919 13.4792 16.8785 
19.6678 16.9841 9.189 14.4972 28.461 22.0479 14.7833 6.752 12.1818 21.3551 7.6057 15.8598 26.8878 11.5156 0.8671 15.3594 12.7386 21.3617 10.4372 14.3331 
38.7571 24.7903 21.2983 10.711 29.174 25.0743 9.276 17.6898 40.9546 10.1313 29.1847 35.331 24.1178 13.2358 24.5474 28.3591 33.0449 39.299 15.7621 26.3974 
27.1982 20.137 15.7907 10.0329 32.6552 27.3516 8.8591 6.8967 20.9531 20.4476 14.7933 27.4886 29.5036 11.3216 10.0959 9.8297 22.5097 25.7238 5.8722 21.441 
28.3333 19.3959 11.2431 8.9143 27.2775 29.2247 9.2586 2.1409 20.4052 21.9358 15.7051 21.6146 23.2227 6.6016 6.9258 11.4268 17.851 23.2883 4.949 15.0709 
19.4491 20.1418 17.9909 22.8542 36.2158 32.7747 21.5803 13.4626 12.1831 25.9924 9.4039 21.3851 29.0915 19.7647 8.3402 14.7383 15.7062 28.4899 18.5475 18.8177 
32.1855 8.2539 5.3349 9.5548 17.3184 15.6438 14.4761 8.7934 26.5327 12.2271 15.3805 16.1978 12.3923 7.5687 12.6763 25.5877 16.3749 16.773 14.4878 10.2426 
16.5005 7.4932 6.1853 18.2071 18.1334 17.6362 20.5763 13.8313 11.8245 22.978 5.2907 9.1171 22.6123 18.0496 7.4721 24.6588 6.1485 12.2889 17.6194 3.6601 
16.7621 9.9303 15.224 25.7142 17.8695 11.6795 35.3278 25.7318 17.9601 24.2911 12.8574 2.5218 20.6276 25.9618 19.2045 35.9611 8.5144 3.9094 31.8905 6.5981 
41.6977 28.7818 23.7366 7.5832 28.0641 31.3212 6.4549 13.6919 31.3575 11.9524 24.5332 34.9745 21.0536 10.4897 21.0166 21.7053 35.0001 37.0549 11.277 24.8187 
10.4667 15.8779 17.0422 28.8799 24.2092 17.8557 31.501 19.1153 12.1636 33.2797 9.5902 5.8521 28.9401 24.3991 14.3852 27.3972 3.7973 10.5408 29.1578 9.3141 
42.8258 18.33 15.0813 9.6615 17.2551 18.1377 15.1975 17.7109 29.6047 1.8426 21.6799 28.9631 9.9565 12.3654 21.3243 31.462 27.2368 27.5706 15.4112 19.4267 
24.1568 9.4939 12.8458 22.7373 7.1249 3.1701 34.7746 23.2878 29.393 20.7713 21.2156 11.3732 13.0412 24.347 24.9387 43.4616 16.7446 7.1265 29.4954 11.5672 
43.7685 22.8683 18.3441 6.5578 33.125 25.0444 4.2823 11.6799 36.202 12.5681 26.2855 30.0825 22.3278 7.4526 20.1267 17.9162 32.3851 29.2222 8.125 25.7693 
18.9006 20.7793 17.0823 24.3738 34.0625 34.0048 20.8776 12.2436 13.0484 31.2363 10.9271 24.4266 34.2575 17.2243 9.9659 11.8608 16.5902 28.1871 18.5295 19.8774 
26.6395 29.4023 18.9085 20.8319 33.7831 39.542 13.587 13.5633 19.7286 27.5116 21.2666 32.3346 30.4095 17.5799 14.731 3.1367 25.6403 32.7458 12.3302 22.9555 
28.6519 17.6498 10.7314 7.4539 23.6132 27.7918 10.5109 1.1445 22.7514 16.6732 13.7388 23.652 23.8852 7.634 7.2064 12.9033 18.5154 27.0991 6.3236 15.5 
30.7025 14.39 12.3396 6.8141 17.1181 19.7119 13.1033 12.3818 29.3538 5.7833 20.032 20.6437 10.9921 6.6491 15.6906 28.5152 24.3655 22.3938 12.6103 18.4605 
25.165 23.459 15.8093 13.933 31.2695 32.3203 9.7756 6.1941 17.7398 22.2839 17.1813 26.1219 24.6488 11.3339 8.1419 8.0452 22.8179 30.2142 8.1889 21.8224 
15.0209 8.2219 12.0708 21.0604 23.4614 13.8312 24.0431 20.849 12.6212 27.5505 7.2413 3.5974 19.903 23.7733 14.5147 26.2296 2.9167 9.98 23.2423 5.0057 
35.2566 20.3437 15.3372 4.6823 30.2628 29.078 3.2675 6.1319 29.1067 16.4398 18.2638 23.8164 21.597 4.4299 14.4143 17.2774 26.4985 29.9119 1.9929 22.5452 
9.0943 18.8494 13.8101 25.2434 27.4865 22.9547 31.3354 16.2572 3.2962 29.0026 5.2759 11.2114 32.5471 24.0074 12.7473 26.5618 6.0333 19.7442 21.9582 13.4864 
30.8845 10.7146 11.9341 22.2932 4.8277 6.1099 23.5267 20.432 35.3062 15.0174 21.227 18.9754 3.8906 20.9965 22.5794 34.5728 24.2882 15.6996 27.5045 16.8122 
15.6624 11.8532 11.0065 22.5559 22.6327 19.0435 21.9813 17.718 11.3185 23.5984 4.1359 6.0842 24.2642 18.57 8.9055 27.2454 2.2544 13.2855 19.1876 6.3679 
8.5547 13.4197 16.5643 28.4801 25.7189 18.0347 28.9851 21.6137 10.2866 35.2801 8.9221 6.7832 29.5165 27.4922 16.6946 30.3691 4.6938 13.6533 26.5807 11.255 
33.4056 12.7635 9.6219 5.0947 18.845 16.8524 12.2972 7.6019 26.6938 8.8408 17.6537 20.917 14.9921 3.7216 12.4996 20.7316 20.5324 20.9997 11.7818 15.0047 
35.2221 21.0076 18.1993 7.1524 20.9931 25.4631 12.7569 16.3979 32.5369 5.2719 25.6839 30.7706 16.769 8.677 23.6469 25.6322 27.7023 27.3316 11.8219 25.6913 
47.054 25.7805 26.6362 11.5555 31.7837 32.5611 12.052 19.8425 44.5711 10.0804 35.4359 32.6214 18.9322 12.5085 22.9039 24.6007 33.4377 40.0163 16.6856 32.877 
33.5363 15.261 11.0499 5.181 29.4744 21.1934 7.67 1.9238 24.9445 17.7523 15.2831 25.4765 18.7293 3.8344 8.9428 16.7412 17.4135 26.8721 4.8313 18.8127 
22.8944 24.2347 21.3252 20.1122 39.0816 33.2879 21.378 14.4059 18.5848 35.9167 15.8314 32.5359 37.6604 23.148 14.3492 6.429 25.1171 38.2863 13.5292 22.2973 
27.4217 30.1176 20.6272 22.0629 43.6978 33.5496 16.8806 14.1743 19.3064 28.7205 16.4651 30.9283 39.6621 21.2105 15.1431 3.7333 26.0552 36.5979 13.3626 28.5058 
39.0946 13.748 11.4868 7.4842 19.5736 20.0977 13.7786 10.8757 26.5611 5.2602 22.3086 23.2558 11.2349 7.8539 20.0071 26.6938 22.8683 22.7801 14.2761 20.7122 
16.6174 11.1007 15.2305 24.1325 17.1744 12.4702 31.9045 20.657 16.9402 29.1493 15.257 3.0161 19.6089 22.3412 19.9855 33.1792 9.4686 3.3518 30.5777 7.3706 
29.3856 27.3745 18.3889 18.3668 40.3042 35.2377 14.865 10.7805 19.7548 26.8654 18.401 24.7835 28.5012 15.498 10.6336 5.0297 19.8635 35.3982 10.4198 24.4281 
40.7755 19.824 15.6121 3.9553 26.1803 24.593 2.7874 9.6783 27.4539 15.3319 21.9248 26.5966 24.2843 5.0517 16.1285 19.674 25.6444 26.1724 4.69 21.9015 
37.5043 24.4399 16.4928 6.7706 27.2583 31.8315 3.4265 7.1105 23.9522 16.1936 22.8881 31.6147 24.0719 7.4952 15.9402 13.9778 23.2265 27.4855 1.8996 22.7407 
21.8267 22.3023 16.7633 18.97 32.3124 29.4988 19.065 14.7808 12.5768 31.7623 11.9453 22.526 34.0817 17.7705 8.8068 12.8062 17.6905 23.8565 14.9235 19.3182 
29.0394 16.1472 12.777 3.6293 25.5341 24.8997 6.2198 3.6262 24.4571 12.9727 17.9722 20.879 18.2741 2.779 10.5014 14.9114 22.6771 22.6891 3.8931 16.1883 
25.3462 7.1188 12.4205 21.755 11.027 7.546 30.5744 19.9651 22.6866 23.0262 18.2563 8.023 14.7656 19.9957 18.7953 34.1317 14.5507 2.391 30.2637 9.0297 
19.2083 4.6013 10.5546 22.1649 14.5493 7.6309 27.998 18.8054 21.507 22.353 12.6595 6.4337 17.2785 20.7043 17.6865 36.5979 9.9596 4.9726 27.6907 5.0109 
21.7299 6.7561 3.1648 14.7034 18.4015 13.3567 19.0954 12.6384 16.0668 18.3424 6.3256 10.3683 17.3034 11.573 8.6176 24.5658 9.1573 14.4421 16.387 3.6241 
33.0094 9.4488 13.5069 24.5702 5.9466 1.1573 33.9488 21.6113 25.9454 19.1117 18.0291 12.0274 10.8065 24.3717 21.3366 38.0408 17.4709 8.2484 25.6483 11.3608 
30.063 8.4014 10.2402 17.0945 7.4871 7.7086 25.113 20.4248 26.6132 11.0552 20.7468 15.1276 4.6314 14.871 17.5801 33.0623 19.8773 13.5963 20.3119 12.0647 
31.4693 17.5868 14.2996 8.0248 30.8034 24.8957 7.6501 2.3776 22.4174 16.7078 15.3326 23.1542 21.3714 5.5776 10.1203 14.0719 23.6163 24.6421 3.6496 20.5352 
28.7684 13.9493 11.0387 4.3946 26.5318 20.6117 8.2001 4.158 27.3683 12.4408 18.3156 19.8264 18.8393 1.8493 10.8588 19.5189 20.0088 21.4618 6.065 16.8476 
28.1854 29.3208 22.1783 15.5011 37.1647 39.1809 11.2351 10.3925 19.7582 29.6265 22.1415 27.8819 34.7044 15.6748 12.1972 3.4485 23.85 29.9039 9.167 26.5749 
35.2099 21.3778 14.6747 6.6447 30.2786 28.6456 2.4411 7.1277 30.913 15.8139 20.2466 25.7998 24.4144 6.3897 14.6984 12.225 23.9449 29.0969 1.4212 21.7099 
28.598 11.125 14.4078 26.8354 8.7822 5.3093 34.3713 29.8677 23.7023 22.6074 19.7932 10.3407 15.9708 27.4128 26.2864 37.9305 16.2329 5.268 29.4247 11.1079 
30.9246 10.1904 5.8169 8.282 14.2204 15.356 15.7096 10.6118 28.3047 10.0792 15.5159 19.7598 12.063 7.0853 14.487 23.2013 20.5814 20.2269 12.9661 13.2883 
21.9601 2.6466 6.6149 20.5521 15.0623 8.5043 25.1375 18.9755 16.6886 21.1568 12.114 7.3435 14.2985 18.6343 14.0983 28.5059 9.5206 8.1507 22.6467 2.5722 
33.399 17.3865 11.4301 7.3749 28.1665 25.1437 7.4058 1.5336 25.6299 14.6644 13.5888 22.2715 22.35 4.8206 7.8061 15.8959 19.8942 22.6156 3.8937 19.2022 
24.4339 14.4368 7.6097 11.7953 24.7672 24.462 12.8226 4.7306 16.4773 20.4469 7.9899 15.3025 20.3114 10.8362 2.1882 15.154 15.388 19.6176 11.1019 14.0347 
29.5532 4.7294 7.7161 16.7056 8.8332 6.4117 21.3849 16.8306 23.8531 13.9804 17.4288 13.8155 8.027 13.4981 16.3171 34.8924 14.6698 10.3239 20.369 9.8365 
26.3624 20.2859 14.5659 9.5012 28.6937 29.6163 10.2463 4.1817 19.9542 23.6911 16.2184 24.9138 24.7434 9.3515 6.7533 9.5041 19.913 29.0468 5.3519 18.9323 
6.6323 15.4132 19.3126 28.0656 30.4247 25.2306 37.1528 21.2764 6.9807 35.4269 11.0535 9.1462 28.7384 29.9852 16.3372 34.1609 5.2939 14.3804 26.1118 14.3362 
28.1636 12.3729 5.8102 9.7277 23.3701 19.1245 14.8242 5.4345 21.6264 14.6706 11.1142 19.0533 15.9628 6.3417 6.3331 19.1662 15.7809 22.2432 10.2932 9.5253 
39.0984 29.2562 19.5389 14.3728 39.8953 31.6614 7.6912 10.7718 27.2127 21.2664 22.2209 34.7915 28.8001 14.2338 16.5162 7.7627 32.0846 35.4165 7.1082 28.2344 
27.513 22.7124 18.7112 16.4162 36.0678 28.1014 12.1747 8.5849 21.55 28.6797 16.7795 27.8075 31.1694 14.7849 10.6212 6.706 23.2744 30.745 9.5325 23.2915 
29.678 12.124 7.4667 4.9647 21.979 23.0702 10.222 3.4847 24.5755 14.4408 15.5694 19.955 19.9205 2.874 9.2935 17.2061 21.0789 22.484 7.8341 14.2936 
37.1196 9.0977 13.5912 22.39 2.3706 3.3146 28.3509 25.0487 34.4897 16.2957 24.4745 17.4579 6.3163 23.0051 21.2221 39.8418 19.9032 11.317 27.0574 16.8837 
19.278 24.6515 15.4174 20.017 31.2515 28.2393 19.643 10.2024 12.3291 24.8905 12.4182 23.6443 33.4721 18.0142 6.6625 10.7297 16.4375 29.2193 16.2204 17.92 
23.6548 9.9675 15.3415 26.487 12.7547 7.6952 37.196 22.4779 22.2916 27.0897 16.6279 7.435 17.0668 25.5736 24.3286 41.8067 12.812 1.9836 33.9786 11.4219 
24.6743 7.7784 5.0592 10.0371 14.1111 12.1708 16.6537 12.9026 24.6981 12.6922 13.743 16.1019 9.619 9.7706 11.7767 23.1174 18.1851 16.0704 15.5048 10.7807 
19.7187 1.5153 6.1294 17.4519 13.7458 9.3498 21.905 16.3118 17.3353 18.6968 12.3776 8.3752 12.6911 15.4525 13.4601 34.9961 10.4929 7.0136 21.4087 3.9819 
12.4193 11.2297 11.0363 20.7392 25.6119 17.0851 29.6271 16.192 8.8328 28.7177 3.5934 7.183 21.9062 21.7086 9.9738 27.6804 1.7847 12.8297 22.5563 5.8977 
29.0278 2.173 4.6214 17.3739 12.1818 7.5209 23.4086 17.2145 25.9069 17.0811 12.4283 12.1309 9.722 13.923 15.2056 30.8764 15.8536 11.4801 19.7692 7.3277 
37.6068 21.8398 17.2267 6.3679 28.7199 26.1516 7.3188 13.1067 34.5605 12.4187 26.3857 34.3502 18.3519 8.623 20.4037 20.1137 27.913 30.095 11.1059 24.7006 
22.9454 16.3694 9.8642 10.8171 28.0742 25.4221 12.885 3.3461 16.8857 18.5955 9.3357 18.892 21.6032 9.1368 3.8771 15.9899 14.7049 23.0994 9.0321 14.3538 
33.0326 12.5652 10.2863 7.4342 13.7817 13.2211 15.0158 13.9361 26.6782 6.3644 17.8 20.3538 8.9986 8.7151 17.9468 25.0143 22.0026 21.8047 13.9373 13.5576 
18.284 3.5858 4.7192 16.6232 14.4485 10.807 21.4304 14.7732 15.5964 19.4703 8.3326 9.0958 16.0353 15.5901 12.0315 24.0089 8.8064 11.7331 21.8869 1.9592 
23.342 13.678 7.3527 11.1102 29.2343 18.99 16.2132 5.6297 17.5582 20.1822 9.8055 18.224 24.0593 10.1478 2.1069 18.2709 15.1675 24.1261 11.8595 10.5273 
16.6073 6.9341 6.6839 19.8496 17.03 13.0735 20.7825 15.2818 15.7404 23.705 6.8 7.0654 20.6167 17.2338 9.7509 25.9673 6.0328 11.0903 22.6136 2.7067 
34.563 13.5333 13.4986 8.8456 15.9426 14.2533 13.9808 14.087 34.9842 3.0816 22.6218 23.4188 8.8156 9.0576 20.8153 28.0233 21.8659 23.9056 15.0963 15.9737 
34.6457 29.5851 22.6141 10.4248 36.9242 32.8152 6.5888 9.6748 30.1215 21.2934 20.4687 28.4366 33.6405 11.3144 15.3608 7.5647 29.2282 37.0639 6.3037 22.6263 
7.3085 18.5569 19.645 31.5375 30.9534 27.3974 34.0855 19.811 0.7943 32.5024 7.6407 15.2313 35.4515 23.4654 13.4913 28.0959 8.1891 23.5921 22.7187 14.7101 
25.8749 6.9028 14.52 27.1055 8.7314 4.9633 30.2544 22.9351 23.6894 20.9383 18.6285 9.7851 13.5089 21.2858 23.5432 33.2402 16.1238 4.0401 26.3201 8.427 
34.7548 12.3015 15.6824 19.9672 4.5774 6.479 26.8989 21.8365 36.7326 14.4187 21.5915 19.4628 3.0305 17.4948 21.9896 35.8206 25.2556 16.207 27.2794 15.7867 
15.6281 23.4281 19.551 23.207 34.2246 27.3797 24.6538 15.7521 7.286 30.7198 9.1886 21.4934 30.3589 22.8141 9.5921 16.2519 12.5357 23.0093 22.6473 20.0299 
40.6832 22.4256 22.7289 8.8512 25.4639 24.8759 11.4742 19.5138 41.4779 5.916 31.5227 32.8832 19.2851 13.3292 25.9276 30.455 34.412 34.8768 16.6756 26.3495 
30.7978 15.9325 9.2523 3.6562 22.0514 22.1321 10.0636 8.8833 26.1418 9.2097 19.9187 25.0281 13.9079 2.5687 12.6403 23.827 23.7771 22.1691 9.694 18.3346 
20.2854 11.2001 5.2395 14.2059 20.5162 18.9265 17.2415 9.0691 17.1874 20.7334 5.9564 14.5474 21.6109 12.1705 4.0762 21.0338 9.5709 17.5511 11.8704 7.0323 
27.6338 11.9639 4.7788 7.8182 21.2527 17.9015 11.465 6.5595 21.0379 14.3568 14.4505 18.8363 13.8887 4.9958 9.8728 20.2207 14.2912 21.4146 10.169 10.5396 
4.2292 20.1697 21.6439 34.5499 29.8639 22.5405 30.7225 23.9702 8.0895 39.2951 12.5046 12.203 29.1204 26.1676 18.1939 36.9419 9.9004 17.5047 32.5081 17.714 
8.4952 21.9303 19.3289 25.1109 36.4388 30.931 31.7316 17.5876 1.1351 36.6291 6.8536 13.5652 31.5624 24.2096 11.6338 24.4683 9.4251 22.0024 22.1641 15.3553 
25.4494 11.0824 7.2561 9.131 23.1276 17.8836 11.6533 4.4228 22.1715 13.7552 12.2035 17.8825 18.2573 5.9864 6.0789 16.6472 13.9521 20.0172 10.16 12.9183 
19.2702 2.2048 6.2458 21.0834 14.6072 9.4606 28.0081 18.7929 18.0774 19.3211 10.2105 6.6141 14.7793 15.203 12.3063 34.7436 11.4112 7.3164 21.1022 3.2249 
30.4026 15.6163 10.3385 3.2111 25.2811 20.8924 9.268 5.6045 23.8048 13.8342 17.2038 25.0797 14.7971 1.4944 9.4014 20.5885 20.126 25.5157 6.1247 15.0537 
35.8446 18.1984 18.9312 11.9477 15.1839 21.0362 17.3179 17.1962 40.1845 1.821 26.2195 28.2921 10.6286 12.7712 25.375 28.4892 32.6865 27.8883 18.1173 23.5629 
31.6241 15.2209 10.4971 3.4964 19.0017 21.3218 11.0951 8.1334 25.0115 8.1162 21.4772 22.3887 13.1065 2.9766 15.9461 19.842 24.4117 22.2002 9.2727 16.4435 
12.9052 21.2931 15.8286 26.1889 35.5819 27.1545 22.2147 13.8396 7.7813 29.2109 8.0356 20.2269 30.7455 24.2842 10.2316 18.0099 14.872 26.849 17.2255 18.3652 
12.6888 12.8358 10.1371 21.8162 23.7131 18.8089 22.4471 12.1756 9.8639 25.51 0.3884 10.0643 27.2991 17.2526 6.4167 23.221 6.1532 14.5708 18.25 8.4819 
22.8498 19.5603 15.259 22.085 31.3912 28.6843 18.6453 11.6971 12.8848 30.318 13.3582 22.5204 27.1913 17.658 8.6753 12.1975 16.2865 26.7484 16.4313 17.0133 
31.7191 11.3339 12.882 17.0167 9.2527 11.3789 20.3934 19.6089 28.5473 7.7118 22.0174 21.7692 2.7955 16.2109 22.2863 32.482 21.0329 17.5222 19.5985 17.1628 
22.3866 29.4025 23.6528 24.8365 41.2382 31.7488 18.9495 17.1981 16.671 29.7346 17.4097 29.5989 40.2278 20.8797 13.7891 9.4747 19.9461 32.9419 14.6436 21.2524 
37.4177 11.6231 18.485 24.3356 3.9439 3.6236 32.9681 24.7459 32.6942 24.5722 26.1851 16.5635 12.1337 27.4827 25.3138 45.0925 24.9757 11.8643 27.7672 16.8805 
34.8115 18.3721 16.4006 9.59 16.5554 16.9975 16.2626 15.7284 36.3197 1.2252 26.3671 26.1747 8.3833 12.6972 24.9337 30.1899 30.6703 25.3419 19.7508 21.6075 
33.0307 26.6637 19.2011 16.5013 34.3991 33.9864 13.7314 10.0371 24.3959 24.7419 20.4457 29.1067 32.2294 16.9456 11.6925 4.8154 20.7447 35.3981 10.7046 22.8865 
17.8001 17.2091 9.3372 17.0766 26.9021 21.379 18.9879 9.3713 12.3085 26.7944 4.7355 15.2393 26.4053 13.5988 2.7415 16.5766 10.4 20.9452 13.998 10.9931 
33.0362 32.6426 21.6777 21.1389 44.6664 43.6846 14.7647 12.9272 27.5031 28.07 24.0213 31.1897 32.0539 18.0787 17.8737 2.0966 25.4146 32.8781 11.9481 27.1402 
39.3884 22.884 19.6373 6.4216 25.0971 26.4605 10.3715 14.5716 31.5224 7.6026 29.6878 31.8842 17.3338 8.8155 20.8984 25.8494 33.6758 28.0362 13.2229 21.1044 
28.1467 6.2589 4.2119 11.6277 13.8776 10.2798 16.0991 13.8598 27.0856 12.3762 14.3392 14.2774 10.7266 10.1358 12.0615 29.2755 16.0195 14.5918 17.172 8.3527 
30.9367 25.5552 15.9032 10.596 31.9438 27.9828 7.4326 6.3412 20.8892 22.2026 20.3246 24.3285 23.9529 10.3583 11.8722 9.175 21.9467 32.5403 5.4702 23.7901 
20.62 16.1691 8.6597 13.687 27.3261 22.9455 15.6836 8.631 12.3618 25.5205 5.6642 15.7647 21.488 12.7565 1.7725 19.9811 9.3985 18.1626 14.8156 10.1796 
22.0753 14.9028 9.2562 12.6615 25.3829 22.7312 14.2373 4.8948 14.7413 19.5845 9.5848 19.0046 22.6558 9.9964 1.8011 16.8543 12.3903 23.6277 9.3327 13.0046 
26.7955 7.8735 2.7896 11.2729 19.7287 14.8108 15.3814 8.5099 20.4936 16.5079 8.9311 12.6529 15.4489 9.4276 7.5724 22.5655 12.7285 16.6679 13.8487 9.0554 
31.8446 16.0294 11.7971 2.0799 21.9398 21.5385 8.3853 6.5608 27.8714 9.7157 19.3721 23.6043 17.8172 1.0331 13.9459 20.5317 20.4253 25.7496 7.4819 17.189 
11.6661 12.891 13.7685 26.3072 24.0237 20.9338 27.9272 19.5329 11.2508 35.2703 8.0456 5.0805 23.3667 24.4064 13.7218 35.8661 4.1596 11.9682 29.711 9.852 
38.0433 21.5119 15.7751 4.8454 30.5458 25.5598 2.3042 7.087 24.7945 16.1538 21.8905 28.5024 19.8575 5.9161 14.4694 15.8115 22.1847 27.5309 2.4808 24.2841 
28.7011 10.7885 5.5136 7.2775 20.6272 16.644 11.4127 5.5223 18.7272 14.3035 14.3897 17.1045 16.5474 5.4858 8.9835 21.764 16.4434 17.8581 11.7442 11.4571 
39.2568 21.9538 19.3815 8.7361 20.8883 21.45 11.8711 18.7749 38.8047 4.0913 24.1531 27.6082 15.4246 9.5569 21.1337 26.9764 27.7474 25.8742 17.6475 20.3776 
30.0262 19.0895 11.1731 1.8614 25.6651 24.3691 7.3185 5.8792 22.6677 13.4942 20.4502 24.4039 20.3428 1.1765 13.2077 16.2388 21.7619 22.4481 5.6559 20.092 
20.2942 9.7125 14.4258 27.7738 16.246 9.7398 28.3613 21.8491 17.299 24.9751 13.5671 4.667 17.086 27.0783 19.8406 31.7614 10.3324 1.7347 30.2837 8.7067 
13.1725 15.7437 15.2251 21.9356 32.5638 23.5222 22.6339 14.8077 7.6942 25.7227 4.9278 15.4532 30.3911 16.3463 5.9634 15.6049 9.5245 20.0231 15.7102 13.4124 
31.3806 35.5879 27.3384 18.1146 46.9273 34.5123 17.5892 17.9201 30.4688 27.918 26.0465 37.4127 36.4964 22.6689 19.8531 2.238 32.373 42.9235 13.964 26.3524 
31.4964 10.1732 11.5673 20.7515 4.2315 4.8768 29.2615 19.8049 28.8701 13.7139 25.1004 17.5038 4.2912 16.4829 19.4367 32.1867 22.0329 12.7283 26.5478 14.4913 
30.7691 22.8474 16.546 11.022 35.0472 24.798 8.6569 4.6119 18.9888 22.4633 17.1155 25.1258 26.6865 10.6094 9.8985 9.1055 23.1278 27.187 4.4058 18.815 
41.2661 20.4382 17.1982 6.9941 24.419 23.5218 10.0317 13.815 34.973 5.5187 23.0453 25.466 13.8176 7.2798 21.8353 29.1471 25.639 28.255 13.8405 22.0373 
14.3563 21.1573 13.8354 24.1003 36.4237 25.2769 25.738 16.4365 6.9812 28.5394 6.0538 18.3777 30.4199 18.9244 8.3262 18.9734 10.0422 24.4343 20.2906 16.9184 
17.1489 8.1165 7.9159 19.5686 22.3891 15.303 21.0286 12.8975 13.4063 24.3566 5.3811 7.4689 19.1496 16.564 10.4138 29.7761 5.2767 10.6699 23.2419 2.78 
24.1455 2.7649 8.0478 22.5425 13.0417 8.7499 26.1405 16.1292 17.2629 21.4683 12.0867 7.3726 16.3807 19.3799 16.1285 26.6174 9.6543 6.5994 22.1561 3.251 
27.1627 29.3293 22.9929 21.2177 44.5153 40.5487 15.88 15.0573 23.7454 31.022 22.3082 33.2922 34.2668 17.2996 13.8661 3.2177 26.7828 36.0558 15.5536 24.2382 
36.9996 21.4602 15.1235 3.0828 26.4182 22.9122 3.9672 5.3316 29.7612 12.1 19.4436 28.6033 21.3727 3.4252 11.8823 19.0167 21.9048 29.5373 3.7878 21.1655 
37.0836 17.438 13.1065 8.82 16.2779 20.1568 12.803 12.8756 33.0843 2.9651 23.1923 26.0401 11.1015 8.5471 17.998 25.9071 23.9176 24.8552 14.5417 17.5574 
10.5364 25.7701 19.8426 26.575 37.0845 34.2542 32.3311 20.9137 3.7751 35.5624 10.5028 17.9589 35.9239 22.8663 12.2165 24.5067 11.469 23.7642 24.2098 16.9247 
36.4284 10.3149 11.0684 13.3311 11.1745 10.5469 17.8389 16.7387 31.5704 9.1493 22.618 22.2613 4.8478 13.6891 19.7974 29.0539 21.224 15.4384 18.2748 14.8886 
31.8083 7.722 15.4402 20.7624 6.6355 2.1273 32.8607 21.39 26.5315 21.832 18.4604 11.6618 11.9199 20.5189 24.8643 34.1506 16.8614 8.5167 31.5868 12.7836 
22.0676 15.592 7.7448 9.637 26.2889 24.0567 14.095 3.836 18.392 19.5075 9.9307 19.3546 21.5201 9.9067 3.391 15.5124 13.8968 22.017 8.5027 11.5761 
24.0645 7.903 2.3714 11.0188 22.256 17.74 18.4848 7.4158 20.3156 15.1779 7.8938 13.3188 14.7335 10.2976 5.7565 24.6202 11.6726 16.1548 11.7656 7.2724 
8.5449 15.6281 15.2947 24.1752 25.1555 20.8463 24.3685 17.7768 6.6944 29.3463 5.4486 9.678 29.5086 21.8554 10.8943 27.3485 2.7 16.2561 23.788 11.5459 
33.1401 34.796 25.7797 19.4277 38.1273 40.0406 17.3968 17.8568 23.4187 34.6837 22.3242 35.0013 33.0054 20.7006 16.7403 1.9498 31.8405 41.6833 15.6049 26.2969 
29.0711 22.4187 17.0781 9.3241 29.9996 33.3458 6.0302 7.775 26.6161 17.8692 17.1268 24.5519 23.221 10.6473 13.5757 10.0932 23.3916 32.0598 3.1014 20.8839 
24.1132 8.3349 15.6333 25.4823 7.7767 2.6659 26.4268 21.3784 23.2029 22.5586 17.3361 12.3772 12.8332 19.8537 23.5471 36.0443 15.2112 6.2612 28.2304 10.7917 
21.9407 2.3945 4.8548 14.459 13.5501 7.9747 18.3634 13.9506 20.7204 16.2229 14.5512 11.4771 10.0928 15.206 12.7074 28.6427 12.8879 12.4833 16.6201 6.0352 
5.1927 18.2808 18.3381 27.5737 30.3487 25.0632 29.9396 21.2011 6.9444 34.4244 11.228 11.2475 29.8306 26.7381 18.4006 27.0854 7.4424 17.0854 31.1621 14.6414 
7.8794 19.7794 17.0597 27.0852 29.9422 23.9191 28.2694 19.5973 2.9486 33.476 6.2222 11.2098 30.9733 27.0729 11.3953 23.4589 6.0655 16.2099 24.533 12.7613 
39.2318 24.892 20.6301 11.3033 28.4781 29.7429 10.8156 16.6855 39.1015 11.1374 32.5147 30.7116 19.7196 13.603 21.3492 26.0377 35.636 40.2746 14.7948 31.1357 
2.8143 18.8225 24.0449 33.5776 35.2818 27.3443 39.0982 26.0706 5.5529 37.453 11.3849 14.6077 31.6482 30.9677 19.7821 29.7371 8.8788 16.6364 33.1458 16.8059 
38.2901 26.2062 17.9586 5.719 28.5076 26.906 6.0323 13.9872 31.8775 10.5982 29.0644 33.4272 21.7683 8.1744 17.615 23.2443 31.054 30.8804 8.697 27.3483 
24.7556 13.2279 5.8112 6.2622 21.9794 19.263 10.5506 5.7867 19.9458 10.9524 15.546 19.949 16.1141 3.8407 10.1395 21.0315 19.1852 21.5551 8.4512 14.161 
30.7395 17.6288 11.7646 3.3562 22.8533 21.3622 8.307 9.775 27.0705 7.427 19.9836 26.6968 16.7935 4.7062 17.0204 25.3148 21.5671 24.1618 9.4128 20.4322 
28.409 8.9676 10.1902 15.2847 8.0878 8.3544 24.9244 19.3258 26.6806 9.489 18.8103 19.068 3.5937 14.335 20.0944 36.4571 19.7599 16.0924 22.9836 11.403 
39.7764 26.7229 18.2526 8.2313 35.9262 29.7272 3.3987 12.2423 26.5397 19.5951 26.8896 36.2332 28.0392 11.1155 17.0738 13.6934 26.7818 34.9207 5.6518 26.9359 
40.2281 22.3597 17.7067 10.6169 29.4654 24.6557 12.0174 16.3434 34.016 8.5105 29.4005 31.3298 16.5361 12.7054 27.1634 25.6494 33.7738 28.7289 14.6116 26.0191 
6.8292 19.7112 20.9749 32.0914 35.9523 25.8387 33.6415 21.8196 0.4038 35.2656 9.0949 14.9065 30.8514 23.4198 14.8558 27.5327 8.4916 22.6612 25.1577 16.5266 
25.0361 3.9056 7.0454 16.0569 9.4749 8.5638 21.6139 16.2948 22.4324 13.4108 16.9324 13.9548 8.986 13.684 17.1397 34.35 15.2685 12.5953 22.2071 7.272 
37.4549 17.5447 13.6643 10.8846 16.8022 19.0031 16.1731 19.19 32.576 1.7609 28.0155 25.7421 8.8879 12.6745 20.0735 34.5449 30.2525 24.3498 17.8356 19.2559 
29.6776 8.1783 9.7927 14.6759 10.707 7.6977 18.1279 15.9975 29.0787 10.978 16.3097 18.2274 6.5398 14.7143 18.2172 28.1751 17.0154 16.1072 19.2808 11.0467 
40.3883 26.481 20.192 6.6311 33.588 29.0071 0.1489 7.9878 33.453 15.4714 22.1961 29.5608 22.326 6.7272 14.1557 14.0962 26.2195 36.1658 4.0563 25.8496 
33.5679 17.1106 15.3502 6.5199 27.9964 23.7596 5.2647 4.1111 21.7673 16.7635 17.5381 26.2387 20.6447 5.396 12.3638 11.8991 20.324 27.6417 1.4324 17.783 
9.2626 19.473 14.8805 24.122 31.8022 22.3946 27.2905 17.5172 4.4965 27.7879 4.5092 11.4708 25.0931 23.8226 11.2406 27.5822 6.061 19.3391 26.496 12.3663 
28.2665 14.8356 10.5357 3.7623 24.0111 18.3428 9.0997 5.1613 26.0169 11.311 17.0297 19.3487 17.7356 1.3443 10.2182 19.9911 22.9528 21.9175 6.6839 16.6219 
34.3008 28.0345 20.9418 14.4312 39.6694 31.4557 10.5619 11.7275 26.985 26.4044 22.3874 33.1901 34.2624 17.1812 13.8463 4.2284 24.1687 33.5882 8.1617 29.7981 
31.3799 9.3052 14.8979 20.5034 5.349 0.3614 25.3011 25.0039 27.1725 19.29 23.8475 14.7483 10.7272 22.6958 20.807 37.1424 18.8227 8.4688 31.3215 12.6152 
25.5214 18.1393 17.0232 14.0209 29.7758 32.1157 13.6785 7.4874 18.4182 23.3064 11.9072 21.7262 25.0574 11.8304 7.209 9.8224 17.5458 25.2024 8.3675 18.0218 
26.4301 5.0831 9.7888 16.655 6.6426 3.7436 24.8946 19.0699 26.8812 16.1094 21.1712 14.0881 7.1107 15.5252 19.3856 39.2783 15.56 10.5042 25.0659 9.5128 
24.3998 28.1627 24.8597 22.8606 38.4986 40.3199 17.8881 13.4592 17.2326 32.5695 17.262 31.0607 39.2233 18.9627 13.5645 5.0164 26.7877 35.0356 15.9157 25.1127 
10.6594 13.9785 14.8667 24.9687 28.9511 22.7561 24.3988 16.0945 8.359 30.5772 4.0712 8.6359 27.3183 21.1632 10.8122 23.7498 2.3524 16.3987 20.8385 10.6159 
25.9904 5.0405 4.4128 13.1387 15.0587 11.3695 19.0516 11.8707 20.9105 13.409 14.1811 15.8002 9.9727 12.0074 13.1634 29.8957 14.6954 15.7897 18.7525 7.0896 
5.3225 18.9898 21.5407 31.5257 33.5862 28.7875 28.5431 19.8835 2.0516 36.5173 9.8944 12.131 29.7721 27.4935 12.8564 23.5615 7.5345 21.2652 24.5396 14.3124 
38.0663 26.2759 21.364 8.5345 32.5042 30.7411 1.4539 11.8589 32.8731 18.7824 27.4268 32.2972 24.1806 7.9654 18.1574 16.7312 26.9532 28.9696 5.5574 26.5441 
24.4882 0.8444 6.8324 17.664 12.6394 9.0967 27.0255 18.3007 19.9476 16.6437 11.0333 8.2787 11.6594 17.7646 12.7161 26.5111 10.4227 8.7672 23.4336 3.666 
34.4424 22.039 14.7178 8.6916 26.3015 27.2111 5.8288 4.1354 25.5827 19.1497 19.2764 25.0238 22.7027 6.7814 10.1518 10.6092 21.9781 26.2461 1.791 22.7885 
31.26 9.4239 12.9433 23.3021 4.2737 4.8589 26.5204 24.2501 31.1325 16.1956 23.5396 16.8908 5.3783 18.5147 19.839 39.5133 20.1759 12.8 24.7882 15.6938 
37.8655 12.7007 11.3527 10.4039 15.4529 18.0351 16.6445 12.6521 27.2245 4.8542 23.8995 26.021 9.8185 8.3705 18.4257 29.3831 23.4782 22.4936 17.5757 15.9493 
15.5542 16.835 11.3127 16.1662 28.0978 22.0471 21.724 11.3093 8.7858 26.9594 4.5566 15.7913 25.6525 17.6941 4.8353 17.4347 11.2426 23.6722 15.329 11.2101 
17.6414 10.1319 16.8742 31.424 19.4375 15.3472 29.362 21.1704 15.4427 28.1594 11.8235 2.2326 24.4719 23.6081 18.1816 34.7641 8.6744 5.834 33.4057 8.2364 
34.2572 8.744 13.0175 18.6194 4.2459 4.7613 23.8415 19.2959 33.1136 12.8045 22.6301 19.6014 4.5526 18.0885 20.6035 41.9778 23.7352 15.0202 23.308 15.1697 
31.4465 8.9917 7.3536 9.7006 13.8466 11.69 13.7215 11.5505 28.4856 8.4292 16.1078 19.1124 9.5456 8.7934 16.0886 23.0687 17.0311 19.7491 15.7346 13.9253 
8.8859 21.4266 16.9468 25.5015 32.1158 29.4488 29.0145 19.6509 2.5348 36.5026 7.9139 14.24 34.2536 21.1419 10.8518 23.5841 9.5663 21.3508 22.4839 14.4886 
31.1213 8.2884 8.0276 11.1867 14.0175 11.7167 18.9703 14.6006 29.7097 10.1055 18.3452 20.12 8.8479 11.1674 16.9168 29.2685 20.9899 20.111 18.5153 11.7194 
31.2577 4.7012 5.9171 14.5987 11.1665 8.1736 22.7101 17.4313 23.0641 12.992 18.232 15.8594 8.7752 14.0332 13.9845 29.5389 15.335 12.0 21.7298 9.4053 
15.8576 13.2525 10.9525 21.1299 25.8898 20.8157 22.9794 13.7398 8.2659 23.8995 0.2225 9.848 28.0136 19.9159 7.3952 19.874 5.1808 14.9455 19.0267 9.8692 
13.8728 20.4038 17.9733 21.0987 36.9892 25.0766 26.645 17.9131 6.3702 31.8291 7.2114 16.1434 33.5066 21.8522 9.0465 20.1299 12.6778 26.5846 22.774 16.0516 
41.337 20.5647 12.7356 2.0155 24.292 24.8511 6.7725 10.1696 26.014 9.9563 23.0091 26.9309 14.8029 4.1232 14.5136 21.0683 27.5021 30.2052 7.5555 22.9991 
34.1767 26.6976 26.276 17.9954 41.0052 41.9227 15.2139 15.6029 27.4406 28.8155 19.4816 33.9734 39.982 18.5973 18.0866 1.2064 26.1543 39.5769 10.9467 30.766 
28.7592 11.1968 14.7948 24.3773 1.833 4.0381 32.3286 23.0355 29.3349 17.2416 20.8363 20.0827 6.8672 18.6517 22.3407 42.6275 20.2178 14.7866 25.9188 13.8993 
35.4177 25.5722 20.349 10.8576 33.1049 31.7715 5.6605 10.1202 30.7014 22.9339 20.6475 31.0222 29.2461 10.9076 14.4781 9.167 25.3119 33.2427 5.1465 23.671 
33.1278 15.7611 22.7621 28.3179 5.5139 6.2276 30.5555 26.3404 37.1929 20.7241 27.799 16.9562 13.9248 29.2783 25.1904 48.4919 21.7174 12.1898 38.1355 16.7466 
26.6238 9.3017 5.8141 11.2986 13.1264 14.9806 14.1854 12.4585 22.0109 8.9994 16.3725 19.3616 10.626 8.5644 14.4646 25.3975 16.2074 15.7771 14.3046 10.2242 
30.2379 14.1665 8.7671 4.0246 25.3525 23.7981 9.1811 4.4763 26.4492 11.6045 16.7047 23.2597 16.1693 1.2612 11.2968 20.3283 19.5475 24.7241 7.3552 17.0916 
25.4197 9.9558 4.5249 10.3773 19.45 19.9549 15.8389 5.9997 21.3912 14.2334 9.4127 16.8319 15.5218 7.4733 6.045 22.5061 12.938 20.0976 10.0945 8.6503 
17.8155 19.158 11.2371 16.5675 32.7289 27.6237 19.0767 8.946 13.2768 22.6835 6.5473 20.5154 24.4076 15.3783 3.7042 16.4466 12.3719 20.4672 14.5503 14.3302 
26.0733 1.8548 6.8377 16.9485 9.3172 5.7928 26.0788 18.5585 21.0538 19.1281 16.5404 9.0299 10.8762 17.907 17.1235 27.7475 15.41 7.8273 24.4181 6.5756 
39.6853 15.8652 13.3226 13.0747 13.6373 18.6 18.5883 19.0118 34.4684 2.6002 23.8786 23.2367 8.1619 13.3229 21.9455 30.9645 24.118 21.2644 17.4705 21.8515 
15.4933 5.9563 7.8984 17.4847 20.9334 15.3203 22.4629 14.1985 13.7895 21.5131 7.7746 5.4992 17.8082 16.047 10.0 29.7076 6.4432 9.802 23.9926 1.6861 
33.7794 17.474 12.897 2.2427 28.0125 24.1884 5.1231 6.682 31.2573 11.9569 17.3902 22.6107 18.0378 3.3922 14.3449 15.5379 21.2955 27.8047 4.9848 17.8382 
24.0851 12.1053 5.5932 8.5752 21.6706 20.7519 13.1458 5.2891 18.2115 17.8529 9.5459 18.6988 19.7121 6.9979 5.3281 18.9055 15.2409 21.6407 11.6263 11.8642 
26.0414 2.6158 4.3315 16.5639 11.6595 8.6975 21.9502 12.894 24.2381 16.3974 13.3056 11.9923 9.8622 15.0207 15.2178 32.3629 15.5047 11.8263 18.3933 6.565 
12.8408 10.8734 8.4233 23.0183 20.7161 20.9915 25.6398 15.5793 10.3552 24.2574 2.0796 8.2343 20.2969 20.2148 7.2502 20.6805 3.6386 14.9928 19.1118 6.9723 
24.3728 2.9918 7.1563 18.2605 14.2339 8.4068 23.6669 19.7824 21.4791 22.0354 14.0401 7.3386 12.6326 16.4251 13.672 28.7352 12.4161 5.822 26.5163 4.2342 
17.4046 17.7075 14.5881 16.4354 27.3072 27.0851 20.042 9.1498 13.7557 30.2605 8.3388 17.1584 31.8984 17.0465 4.842 13.3788 12.5562 25.0056 12.4357 17.0204 
36.3285 20.5213 18.4931 8.5283 29.4787 30.443 8.9288 17.0451 32.9824 9.0703 24.8459 30.2385 16.96 9.5576 23.6045 27.637 29.6457 33.8557 10.6462 28.8946 
28.1499 26.9865 17.0709 16.0766 36.5097 29.3385 13.9242 11.2268 21.6458 26.726 17.0223 27.0578 32.5633 16.9861 10.0284 5.5904 20.5548 30.7647 11.9703 23.8144 
27.2855 1.6781 5.3445 14.8602 13.8545 7.86 23.7647 15.4424 20.858 18.03 13.2819 11.0801 10.32 14.8643 11.9848 31.1385 12.5862 11.3104 17.7418 5.3977 
28.2826 9.5204 12.3274 25.4736 5.9006 0.8529 25.9352 21.648 26.9824 19.573 21.771 13.2101 10.0459 23.0218 24.1835 40.4355 21.5899 7.9873 29.1269 13.0237 
16.854 13.4129 8.9895 14.6469 28.6315 19.6559 14.9242 7.5081 14.4537 22.2259 5.8382 15.6342 23.364 13.2395 1.2971 16.4375 11.5365 17.5833 13.2659 9.8529 
37.1377 17.0758 19.6786 11.2387 22.0169 20.4584 14.5191 19.3866 37.7686 2.1174 29.5478 28.8803 13.0096 11.8067 20.1672 26.7812 33.6074 31.0724 15.9901 22.2901 
11.8679 11.143 13.6383 27.6652 25.2997 18.1249 26.4872 22.0671 9.7145 30.2825 8.1319 4.4381 26.1783 25.5888 13.8815 32.2326 1.8305 12.5345 27.7338 8.9069 
32.6491 32.6907 24.3081 24.5229 46.8283 43.546 15.8265 17.0808 22.4258 30.5841 20.3916 33.7128 35.5195 22.1512 20.0442 2.0366 29.5744 34.3634 14.4507 30.6262 
43.9067 21.2591 17.1773 9.3647 17.8974 20.106 14.1087 14.4343 35.8762 2.726 26.9695 31.4047 14.6236 8.2159 23.9809 24.1705 31.0725 27.1025 14.446 20.5497 
19.6384 17.6256 12.4621 19.9425 27.3853 27.1674 18.6324 9.5241 10.8752 28.0361 6.9516 17.7075 29.3125 14.7085 5.538 12.9985 11.4495 24.0589 13.5942 13.7721 
19.0718 16.5417 10.6717 15.6334 23.4038 22.8251 13.6255 6.76 15.3146 21.4969 7.4479 17.186 23.3994 12.0357 0.7786 13.6997 13.533 22.5683 11.5617 12.6168 
43.148 24.857 23.6144 9.9815 30.2929 27.0602 9.9519 17.616 39.0821 10.7435 26.2774 35.5396 18.7474 13.1409 24.4022 23.143 34.9086 38.7781 12.9016 24.5454 
31.9214 23.7146 17.4919 10.0626 36.1633 31.5394 8.354 5.6354 22.8631 21.7812 18.3278 23.6637 30.7219 9.1382 10.2795 9.439 21.5441 33.8897 4.8123 18.4222 
29.064 18.1873 11.3393 8.0748 30.2346 26.0593 9.7976 2.6457 19.7456 20.1747 13.475 21.0038 25.5158 7.61 7.4745 12.5099 18.9098 28.7901 4.8285 17.0929 
19.1196 24.391 17.2247 21.1916 33.5722 31.4508 17.5096 14.7576 11.4973 26.4073 9.0966 22.3364 28.6905 21.0635 7.6718 15.6848 17.0046 24.7368 15.617 18.4094 
28.2939 8.4191 4.4741 7.9209 18.2225 16.877 12.9318 9.8615 24.2459 12.1072 16.4084 19.9572 13.7877 5.9342 10.0271 24.3897 16.7164 15.9713 13.4392 11.6968 
17.9553 7.2709 7.2455 16.5961 21.5792 15.1115 20.9559 14.3142 12.5134 21.6837 4.65 7.343 18.2725 16.7345 8.6756 26.2081 4.8252 13.6738 17.3661 3.6854 
18.6302 9.9768 14.9717 27.5826 17.3837 13.0218 29.628 23.524 15.5685 24.0557 13.9575 2.4903 23.1766 22.0231 17.0661 36.2408 7.8592 3.4944 29.7389 6.8275 
47.8219 27.1325 21.4577 7.5973 27.0106 30.0783 6.6403 16.4119 31.1638 13.7579 25.7847 29.9285 25.1469 10.0088 22.0379 20.5781 31.0193 36.3799 9.403 27.278 
10.7442 13.2203 16.3043 30.2451 23.84 18.5798 34.3648 19.2035 11.0322 33.6343 10.2314 5.4979 22.4799 25.5286 14.5017 31.9589 3.6646 12.6587 24.4999 10.3463 
40.7561 15.1126 14.284 11.3596 15.9293 16.8109 17.5323 15.7645 37.7049 1.5844 27.8216 29.1255 8.8258 11.6496 18.9328 29.7425 24.8601 26.0978 18.3458 21.2251 
24.0607 9.3841 14.9042 22.781 7.9493 3.5074 33.3767 27.2623 25.6878 24.7057 21.2039 10.6611 12.7396 26.8234 24.0419 41.8103 19.306 5.7674 27.8941 10.1992 
39.3531 21.0419 19.8554 7.1015 27.0025 32.2071 3.7516 12.2748 31.6897 12.3098 24.199 27.9266 19.7785 9.1346 18.6548 17.7472 29.4596 31.59 7.8473 27.6677 
21.6752 21.1202 20.1793 22.4276 33.392 32.2685 22.5294 12.896 11.5094 30.3315 11.158 25.8171 30.429 17.7556 11.2247 11.8816 16.0329 29.9672 17.0349 19.5386 
27.7299 31.2247 22.1816 19.193 35.3682 33.4849 15.2548 11.4492 20.8005 25.8713 20.702 31.2051 31.8054 18.0654 13.5229 3.4582 25.8636 32.8629 10.4351 26.2492 
25.865 17.4439 10.3654 7.5322 30.7426 24.3607 8.9715 1.0794 21.9475 17.6039 12.0068 25.0898 25.4904 7.0401 6.1359 12.7772 20.402 28.6703 6.3522 17.2755 
32.5813 15.1784 12.069 5.8761 19.7951 15.6696 12.0877 10.7847 26.9622 5.9235 23.3406 20.8133 11.6178 5.8938 15.5901 26.2466 24.9682 23.1083 12.6542 15.9097 
24.1834 20.0859 15.7154 13.7932 33.5287 26.9735 10.3102 6.7247 20.4052 26.972 15.7596 28.0336 29.1783 11.2266 8.3262 7.514 18.8742 33.3813 8.3246 22.1818 
15.1562 8.8352 12.1202 25.7339 21.5048 13.5554 26.6559 18.8459 13.4624 25.2962 6.686 2.8482 21.2431 20.4818 13.3529 33.3455 3.1951 10.0295 22.9086 5.6766 
36.1466 21.332 12.6722 4.6568 26.2581 27.7933 3.8982 6.2427 29.3812 14.6024 20.8857 25.447 23.3232 5.256 13.8413 16.546 24.6615 27.4359 1.9222 22.7929 
8.5881 16.7823 16.9458 25.0548 26.6369 24.7237 26.3334 18.7032 2.9203 30.378 4.951 13.6449 26.6898 20.9941 10.6195 26.1606 6.3684 19.5763 22.8317 13.4637 
38.7078 10.1827 14.8229 19.8988 4.4951 5.811 29.3236 22.7991 29.353 14.1649 23.1195 19.4298 3.7686 20.8763 24.6506 33.5622 19.414 15.5979 25.6768 15.7774 
15.0603 9.3079 8.7249 24.2435 21.221 15.9658 28.3323 16.3872 10.9642 24.7995 3.5896 6.0667 20.0727 19.4761 10.2195 24.3613 2.4691 14.1036 24.4989 5.1082 
10.6601 16.6415 14.4555 28.4313 24.8123 18.3048 28.1118 24.5931 10.3964 33.7554 8.6666 5.5407 29.132 26.9684 18.4188 28.9139 4.2742 10.6701 27.1787 11.644 
36.1132 13.4505 8.6374 4.4069 17.1064 18.1731 10.7374 8.5533 23.756 9.2676 16.4761 22.0875 12.9411 4.2832 12.0272 23.8841 22.3542 21.1567 9.7792 14.237 
42.7253 21.1119 18.8153 6.2557 22.1966 22.4059 10.7017 13.2202 33.07 5.0859 29.1393 31.1579 15.2164 8.3708 20.2731 28.7448 26.6112 30.9467 12.3342 21.7697 
40.6255 25.0118 20.2319 13.0125 28.3316 28.7086 11.6696 17.9354 38.6935 9.9428 31.295 33.0232 20.059 13.7138 30.1213 28.0258 38.965 32.1177 17.9118 27.6515 
30.9838 16.3974 11.7459 6.185 22.2185 24.4996 8.7029 1.6615 26.0748 16.3387 14.2575 20.4832 19.5365 3.8286 8.6737 15.8369 19.9865 22.8873 5.0373 16.4634 
23.9404 25.4102 22.0552 20.7594 43.169 32.3975 20.5793 16.3019 21.0071 33.7012 17.149 28.1441 31.1484 19.9883 15.4317 6.6479 20.2915 32.7683 14.7875 24.9486 
25.7767 25.0846 24.6913 21.6027 33.816 37.1519 16.4398 15.4373 19.3064 33.7116 17.7069 25.8301 31.7197 16.3302 13.9722 3.9229 26.5443 33.5793 13.6442 26.3068 
38.6416 17.0385 11.994 7.4918 18.2848 16.889 14.2601 13.2272 30.2229 4.8077 19.8591 23.9837 11.9646 6.8158 19.8261 23.1491 21.6902 23.0292 11.4148 19.981 
18.3766 10.8052 13.1655 30.3637 16.1473 13.6197 34.8704 26.2693 20.6086 25.1309 13.3096 2.5921 18.349 27.3714 18.6786 39.6425 8.7385 4.098 28.2243 8.8093 
24.2795 25.7197 21.8577 16.6482 37.269 29.2867 13.6787 11.3303 21.7773 26.1316 14.5624 30.4182 27.2361 16.6572 12.6618 6.3556 20.8535 30.5881 9.2547 19.9659 
40.3095 21.2029 15.0127 3.3651 27.0608 24.0402 2.8683 9.1761 26.2716 11.7017 24.9574 27.3506 21.6368 5.7528 14.9569 15.0691 28.0921 33.0154 4.1593 20.3106 
35.788 24.7601 15.6359 8.6013 30.5379 32.1081 3.4777 8.2942 30.5766 20.2948 18.1366 26.3112 25.6936 8.3987 12.8697 12.2138 22.4243 27.9002 1.7794 24.8472 
20.1692 25.0063 20.1314 19.4386 39.6129 34.6152 18.8572 14.8413 12.6426 33.7281 10.3253 22.3994 32.7144 19.1655 9.2585 12.0588 16.3849 24.9383 16.9657 21.3523 
34.7528 18.7544 11.7578 4.4709 27.6787 23.2143 6.4654 3.2773 27.0847 16.6323 15.8782 25.8317 21.8085 2.9477 9.4076 16.4886 21.1284 28.397 3.4919 17.1391 
25.0022 7.1188 11.248 26.4103 11.0999 7.1805 26.6385 21.067 20.696 26.3985 17.3578 7.6641 14.2265 22.2341 21.1073 36.9483 13.8365 2.6535 28.8498 7.6468 
23.7623 5.415 10.5084 23.051 13.8203 8.9748 28.4934 20.4897 18.6872 25.5068 12.3269 5.5076 17.1594 19.4015 16.0893 34.2985 10.5711 4.5468 23.207 4.8012 
22.4385 5.843 3.569 14.9553 18.6395 13.9182 20.1059 13.0398 18.0672 21.3118 8.0436 10.6396 16.8366 14.5781 8.5421 27.3998 8.3164 13.9275 17.308 4.5128 
33.0094 8.0732 15.3527 22.2552 5.8299 0.9571 31.9275 21.881 31.5948 19.4638 23.8708 13.8973 9.2962 21.8188 25.8068 38.4281 20.1085 7.5684 32.1156 11.126 
29.1857 7.4895 9.1891 14.2547 8.7423 6.8633 21.2718 19.1924 24.6521 13.0948 20.1149 17.943 4.4934 17.2434 16.8542 29.7087 17.2983 13.7946 24.4203 11.5783 
28.6948 18.273 13.254 6.5409 30.0776 25.689 6.1852 2.5125 24.0294 18.1974 14.204 25.7915 21.4907 6.92 8.4838 11.2046 20.7646 26.1759 3.4943 18.9928 
33.5211 14.7872 9.7077 4.4234 24.2127 20.7559 8.0114 3.7947 22.1606 13.0638 17.2091 21.2568 18.5275 1.7362 9.3776 17.8253 21.7924 25.4491 5.7479 15.1979 
29.9153 29.5812 20.7337 16.0335 39.8178 38.0673 12.3786 10.5651 20.8253 23.7075 21.0278 30.0247 34.7978 14.3951 13.6488 3.9838 22.0749 38.1426 10.8421 27.325 
29.9684 23.9535 16.7737 6.6275 26.6868 27.0901 2.7179 6.8725 24.0788 15.4977 20.2233 28.8351 20.4242 6.8416 14.0571 15.2772 22.5241 28.4627 1.222 23.066 
25.0838 10.4181 16.5409 24.5549 8.771 5.2807 34.162 28.0463 28.102 27.0765 22.1539 10.6829 15.9488 26.1578 24.4886 34.9002 18.7167 4.5878 30.4906 11.3903 
33.5743 8.6327 5.542 9.0888 16.4822 14.8024 13.6658 10.0737 27.405 8.9953 14.715 17.1649 12.3154 6.9571 13.8395 24.6169 16.8635 16.4916 11.8823 13.1943 
23.389 3.1563 6.7127 21.6827 15.1074 10.7404 25.5929 17.6701 20.5002 19.1433 12.601 7.7662 16.6723 18.2627 13.469 29.2725 10.9866 8.4941 22.8259 2.6556 
26.5505 18.3204 10.7122 7.1859 27.366 23.5848 7.1969 1.6745 23.6465 16.8542 16.9028 22.8041 23.9698 4.6512 7.9672 16.229 19.2359 24.734 4.1925 18.1186 
21.0452 15.8705 8.0329 13.4408 29.4728 22.2725 15.3497 4.2009 17.6705 18.3056 9.0504 20.2457 22.9435 8.791 2.04 17.7936 15.9174 20.1622 10.5659 11.5788 
28.8096 4.9702 8.2872 18.7556 8.7373 6.0406 22.7686 15.9846 24.4299 13.972 15.5607 15.5063 7.7502 13.7383 16.159 32.4653 17.1974 13.3117 23.6087 10.2238 
23.839 19.5744 14.2564 9.8364 31.4001 24.7164 11.0479 3.6598 22.7618 21.3728 15.6038 22.5182 25.7583 8.2102 7.1677 10.6071 22.2455 26.1741 5.2221 16.1843 
6.4646 16.6547 18.5842 29.7096 25.0943 21.0109 36.3697 25.9382 6.6298 29.6841 10.1892 8.5535 29.7894 23.9851 15.5768 34.117 6.138 15.6933 33.0408 13.2299 
25.5733 12.7608 5.1789 9.7223 20.917 18.1808 11.7686 4.4366 19.0699 17.7335 10.732 17.7095 18.9968 6.9643 6.7638 19.7941 15.9313 20.1725 10.6864 12.2935 
35.5824 27.7535 21.4795 12.9761 38.4426 38.8236 8.4199 12.2978 26.942 23.5109 25.0173 33.5928 33.0346 12.8194 18.1371 7.1819 29.3177 39.2786 5.653 23.7178 
23.4488 20.7574 18.0903 16.9062 31.4615 27.7832 12.7832 8.497 17.9461 28.9553 16.7052 26.0188 29.9191 14.0846 9.2447 5.5538 21.686 34.0461 10.2332 23.5806 
30.183 12.8306 7.3093 4.9181 22.7222 20.772 8.8788 3.641 24.8163 12.2885 13.7044 18.7547 16.2203 3.3477 9.9372 16.388 16.0583 23.7468 6.638 16.4568 
30.2318 9.6904 14.9002 25.5748 2.4201 3.2846 26.1428 21.4407 27.0754 16.4468 20.3687 16.8147 6.3812 22.9929 21.2359 38.1241 22.2773 13.6223 31.2281 16.3446 
23.0347 23.5191 14.6917 18.8965 36.8915 30.0345 17.1509 11.2631 12.7373 24.5558 9.6364 19.8213 28.8659 19.3789 6.5639 11.3684 14.8293 30.6679 13.1691 20.2788 
26.3322 9.9226 16.3293 29.4257 10.735 8.4538 30.3365 26.4797 23.2484 24.8634 16.7918 8.8848 18.041 21.8731 19.2018 37.1273 16.0555 2.3259 29.4689 9.3179 
24.7397 7.5375 5.0067 11.4927 16.8818 11.5897 14.8398 10.1201 25.3859 11.4289 15.1645 16.4883 10.5634 9.8554 11.3179 25.8237 15.8123 15.338 16.6934 9.969 
22.3453 1.6677 7.2481 19.0881 12.7865 7.533 23.0604 18.4821 21.1811 19.5845 11.6711 8.7248 15.6386 15.2951 14.7019 27.6736 10.0135 8.0373 25.2989 3.8365 
11.7253 10.3385 10.0389 24.6139 26.406 20.3723 25.8033 17.4431 8.9466 25.047 4.406 7.4295 23.7653 22.4702 11.5362 24.1028 1.5697 14.3963 19.7913 7.4136 
26.744 2.504 4.7499 17.0544 11.9675 7.3681 20.2312 15.1498 24.1184 16.8972 14.3453 12.6423 10.5371 15.6369 13.956 32.8734 12.1503 10.5476 20.1287 6.6466 
41.7224 20.7608 16.9324 5.6065 26.0329 24.6404 7.2346 13.5736 29.7386 9.8219 29.3116 27.6422 17.8811 9.0909 19.0764 19.9504 26.5965 32.9991 8.3704 27.321 
27.036 13.1458 9.9289 10.4135 25.5657 24.4925 13.3422 3.4373 19.5116 21.0923 11.6872 19.7789 24.2135 7.8251 3.911 15.9899 15.0746 19.4009 7.3819 11.9744 
37.4375 13.062 10.3411 9.165 15.6388 16.3806 13.2354 11.908 28.0219 6.9452 22.168 21.0666 9.2625 8.8407 17.2162 27.8871 19.6419 22.2853 13.895 16.4433 
23.4182 3.6601 4.9232 15.3922 14.799 13.6046 20.2947 14.3714 15.4287 20.3465 9.5608 8.2001 15.3012 15.6292 11.9509 29.5573 8.103 10.5024 18.1728 1.514 
22.142 13.3921 7.8022 12.6636 25.4692 20.8714 14.1141 5.38 14.6592 21.4676 9.2859 17.6448 23.9584 10.1707 2.1015 14.7245 14.9771 18.5488 11.0785 11.1535 
16.7839 6.4181 6.4457 19.0538 17.5579 15.9115 26.8629 13.9072 13.4109 21.4093 5.6814 7.3301 16.5336 19.1874 10.2969 28.7326 4.9457 9.2292 19.4802 2.6606 
38.528 14.2707 11.4389 9.6495 15.9933 17.1747 17.6204 13.6255 28.9731 3.0866 26.1309 27.0291 9.0103 9.1965 18.0174 30.1411 22.8919 20.4699 17.7335 18.6206 
36.7199 23.5179 18.1454 10.777 31.8023 28.4612 6.9566 9.6302 24.7838 24.2552 22.2465 27.3687 29.2889 12.093 13.5801 9.5636 29.1201 39.0512 5.037 22.8653 
7.4307 22.0651 16.8794 30.7041 34.4867 26.4866 31.8792 23.2386 0.696 39.8898 8.286 16.5494 37.2754 27.9663 12.8037 28.0378 10.0011 21.8793 25.7619 15.2608 
26.2202 7.9697 13.2492 23.0481 8.3718 5.2883 33.8101 20.8452 23.5049 25.5762 17.4933 11.1607 15.1599 19.7789 21.9993 42.4089 14.4131 4.7275 24.8904 9.6145 
30.7565 12.4278 14.1845 20.7423 4.9553 7.0806 29.6221 23.1645 36.0221 12.9232 26.1324 19.7549 3.4578 17.6991 22.287 38.1757 24.99 15.0285 26.3017 14.2121 
16.6133 20.1945 16.7251 26.1104 32.849 27.4983 25.0972 14.4957 8.1792 36.1527 9.4545 21.5262 29.7683 22.7224 9.9735 17.3922 11.3992 27.1667 19.3235 15.5234 
38.5036 19.8619 18.1648 9.7604 22.6908 26.2255 13.8485 16.8537 35.4684 7.2732 29.6547 31.6602 15.931 11.1116 21.2358 24.9775 31.2862 30.4886 14.4367 23.9378 
35.8295 14.2096 8.905 3.5998 21.9308 22.0814 9.2882 9.0838 29.5789 7.7253 20.0864 21.3685 14.7719 2.8069 15.4771 22.5483 19.953 25.8206 9.138 17.2326 
22.1605 10.6903 5.8735 15.0042 20.0699 15.906 16.61 7.3913 15.6747 20.8469 7.3849 13.241 17.7342 11.1221 4.4271 20.468 10.2526 18.5844 15.3554 9.2063 
26.4743 10.4906 4.707 7.7458 17.7106 16.9166 14.6596 6.3584 20.2601 12.4042 13.8128 19.9811 16.0777 5.7356 8.9301 21.1635 15.7769 19.1117 11.4005 9.8251 
4.2775 20.5366 21.416 35.9633 28.6514 22.1877 40.1849 25.2444 9.8483 33.1113 11.2847 11.83 33.2858 31.6242 16.7052 37.3923 9.464 14.8083 29.3966 15.7609 
8.7847 22.3166 16.0228 30.3012 29.4423 27.5446 28.575 20.9607 1.1287 32.3507 7.7939 13.6566 31.5808 22.9237 14.2278 22.1203 8.1853 18.6454 25.6773 15.7758 
26.1855 12.4791 7.2691 7.8877 21.0263 18.3931 13.3546 4.1904 22.4543 15.7611 12.5525 20.4618 18.0817 5.918 5.7769 18.8253 17.7232 21.5391 8.2574 12.4009 
20.8844 2.531 7.2517 20.706 15.5144 8.9324 25.9164 17.4845 21.5504 20.9833 10.7801 6.6522 14.8083 15.228 14.479 27.9509 10.63 6.9083 25.4428 3.0391 
28.3141 14.521 9.8578 3.9675 20.8293 20.3397 7.6954 5.223 23.2756 11.0618 15.6788 22.354 19.2547 1.3951 10.6629 16.7711 18.4973 21.0956 7.9167 16.0322 
42.9806 18.9808 19.4194 12.3452 20.0704 19.7225 18.9288 17.1587 36.1402 1.7868 27.227 29.5642 10.1012 14.2316 20.9605 28.5167 25.3866 24.3567 16.7011 19.065 
29.4962 12.4791 10.0525 3.7993 20.0934 20.632 10.6479 9.1082 24.0689 7.4508 21.3308 24.0634 15.4555 3.6708 14.8378 24.7332 23.6704 23.4392 9.7766 18.0297 
13.357 18.6976 16.1528 22.5063 36.8933 26.4831 27.0392 16.0096 6.4181 32.2693 9.0339 17.6498 36.1368 19.4938 8.8429 17.3423 13.8339 26.2455 17.6605 19.5241 
16.0497 11.5916 9.3674 18.1342 25.5111 19.6432 22.9765 12.5601 8.2046 24.3943 0.3323 10.7748 26.7192 19.1191 5.8251 20.3557 5.628 15.9284 17.6696 8.3446 
18.6173 20.6862 18.3269 21.8212 35.2455 26.4778 18.1977 13.318 13.3933 33.3681 11.3704 22.2227 27.9677 15.7655 8.7912 12.8915 15.886 27.068 13.0005 19.5502 
32.7842 12.0261 11.2903 13.7748 10.8683 12.0339 18.9301 17.0336 32.295 7.4929 21.2041 21.0367 2.5815 16.5747 22.3227 33.2625 26.0711 16.5736 19.004 13.9242 
25.5956 27.7431 24.5856 22.8941 43.4346 40.3681 19.1649 14.901 17.0969 29.6333 17.7237 26.7777 34.7746 18.0461 12.0119 8.1331 18.8197 31.013 17.2185 26.9326 
36.6252 11.2689 19.113 26.8557 3.5445 4.1687 36.9517 25.4226 31.258 20.1459 22.7466 16.1939 10.8862 24.5829 29.107 46.3475 23.7548 9.9105 30.0396 18.2368 
39.2647 17.7738 14.8446 10.6992 16.5946 19.8725 16.2913 17.4039 36.3692 1.0247 24.8343 26.7029 10.5853 12.1045 21.3465 29.5275 24.1967 25.1242 17.7201 18.3943 
26.9244 25.9101 21.6501 14.5364 38.9739 32.8249 12.5421 9.3426 22.6865 25.1665 19.426 24.4776 28.773 15.5744 12.2372 5.2062 20.7582 30.3974 10.5193 25.203 
15.8735 14.5948 10.8703 18.898 30.1092 26.0319 16.7528 8.4231 10.7602 27.8879 5.62 16.8786 28.5381 16.7771 2.4183 19.3286 10.6159 23.0021 13.8505 13.278 
30.6717 29.7513 24.6247 19.0758 35.7237 33.7453 14.287 14.2225 29.8077 31.0672 22.7374 30.6857 38.298 20.0426 19.5265 2.2594 30.9865 36.7558 12.3556 26.3054 
37.118 24.1109 17.46 8.0026 23.6275 27.8346 9.4071 15.9099 38.4555 8.06 23.6868 30.1015 18.9283 9.2691 22.3109 23.4123 27.3475 30.0007 14.3444 25.1326 
25.9785 5.9454 3.9724 13.7386 13.5509 11.7667 18.433 12.2185 25.9371 10.6277 13.4016 14.251 9.1667 9.884 13.9728 26.7452 16.1918 13.8159 15.434 8.9601 
27.4384 25.4354 18.3708 11.0675 37.7431 31.9654 8.3227 7.1481 21.024 19.1154 19.0855 29.2922 25.7549 9.5696 11.2726 8.0013 24.28 33.3621 5.3648 22.2745 
20.8081 15.244 10.6532 16.7422 27.2127 23.6153 16.4336 8.7738 13.0194 25.3594 5.8226 15.1505 26.7183 14.3985 1.9835 17.5177 10.143 18.1569 12.1985 10.9951 
23.5639 16.2382 10.4688 12.5279 23.7619 22.3532 14.1373 5.5495 15.8398 21.4225 7.7398 19.0762 23.6777 10.0929 1.6745 13.8616 14.8312 20.5096 9.3112 14.7122 
25.0643 9.5785 2.5612 10.2843 20.2097 18.3034 17.9052 7.9066 16.9505 15.7554 10.7615 15.9455 16.8009 8.8711 7.753 19.7783 11.6084 17.3101 12.8142 7.5135 
32.7825 17.199 9.7814 1.6141 24.1508 24.0197 7.2249 5.9274 29.8322 11.0884 16.7444 21.1877 14.52 0.8798 13.222 18.3066 20.6095 24.3207 6.4499 17.0312 
9.5628 15.836 15.4465 27.9087 26.8919 17.1356 34.7275 23.1527 9.601 33.584 8.8539 5.0791 24.3716 22.3833 14.0277 33.3424 3.9392 12.1072 24.4439 9.1303 
31.0983 18.5913 15.4803 4.1808 27.3816 27.9377 2.1575 6.9276 28.0696 16.2697 19.1706 24.7212 24.0036 4.8696 14.8229 17.2797 28.208 28.8705 2.6677 18.6395 
28.389 9.2936 4.9948 8.0625 19.8329 16.6641 14.4452 6.8224 21.3045 14.0891 13.6784 18.1343 13.4344 5.3548 7.8059 21.2259 16.6774 19.0261 11.6281 12.0141 
35.5964 21.7781 15.5235 10.1838 19.2243 20.719 15.1682 17.363 38.4868 3.8938 24.2777 31.7858 15.5111 9.2465 21.3711 29.6537 33.716 28.682 17.0997 24.6829 
33.5007 15.7267 12.7769 1.8681 21.9966 22.2849 6.6645 4.8986 28.6034 12.6954 19.8296 23.3845 16.5564 1.4197 12.722 15.8061 22.8468 27.7256 5.5266 18.7245 
20.6596 7.4787 13.7753 26.7562 14.0244 10.5295 27.4219 24.3404 20.4432 23.7862 14.7959 5.0948 18.1382 23.1904 16.8494 33.9295 10.5756 1.5614 29.6193 7.913 
15.2411 19.8655 14.2886 18.6406 28.9304 27.5554 21.5879 11.9062 8.5962 27.3047 5.6185 15.9095 26.3175 17.3094 5.3775 17.3815 9.9628 19.0676 18.8887 13.0177 
34.7435 31.819 27.4138 17.9597 39.5429 41.9298 15.4638 16.1058 24.6612 28.0708 27.2524 38.6715 33.1492 22.123 20.1373 2.3325 27.3358 36.3762 12.5252 28.8406 
38.2704 8.6057 13.7263 17.898 4.1286 5.8653 29.2242 21.1136 28.6124 14.3606 22.8658 21.0658 3.7897 17.5627 24.5806 37.1279 19.4212 15.4702 26.0551 12.9534 
26.9395 18.5035 15.4002 11.1582 30.5899 28.9163 9.4641 4.3618 21.9988 23.7983 14.5616 27.9558 25.9825 10.1322 8.2058 9.91 21.2086 26.8349 4.9366 17.4711 
38.2553 20.6136 15.5127 6.5495 24.6427 21.8645 10.3094 13.1911 32.9494 5.6508 21.4017 31.7637 14.3165 8.2664 22.5719 27.4533 24.5038 29.0055 12.6714 19.6444 
13.782 21.5864 14.1908 21.0135 31.2999 26.8631 19.8135 15.5092 6.5721 30.6496 6.0596 17.5576 29.8513 17.6526 7.624 20.0728 11.6304 24.7183 17.2298 16.5203 
18.0469 7.8102 7.9076 19.3175 21.1886 16.9995 24.9175 13.5366 11.7602 22.5802 5.6677 6.2294 17.9981 15.9668 8.7703 24.7589 5.5495 10.1473 20.913 2.5641 
22.8163 3.421 6.6699 17.2734 13.5973 10.2536 24.5887 15.1287 17.7163 20.3175 11.9512 6.3929 17.1679 17.4007 13.7423 27.5106 8.3606 7.545 25.1102 3.0792 
31.2596 26.0279 22.8944 19.57 36.5139 39.4427 14.8565 15.3907 19.2453 27.085 17.6429 27.4283 31.8822 17.2281 14.4864 3.5002 23.6239 31.243 14.3833 26.1644 
37.9738 16.5594 14.756 2.6929 28.6479 24.3568 3.6053 6.0612 27.8159 15.4191 18.3157 28.3406 22.0148 4.0234 12.9494 18.7573 25.9991 29.618 4.1689 17.597 
35.7202 17.7647 13.9189 7.4958 16.9718 21.3329 14.7771 14.016 37.1315 2.7346 25.3149 22.7944 12.7651 8.3313 18.271 29.105 25.4144 24.0846 15.7615 20.2472 
9.6752 19.8171 22.8772 28.4682 38.1927 28.2518 26.9749 19.6012 4.1034 35.8641 11.1246 17.8804 38.4485 23.9706 15.0659 20.9765 12.7008 27.5715 27.6088 18.4078 
30.7941 9.7433 11.2869 12.2501 10.3045 10.9588 20.7824 13.9996 31.6622 8.3209 19.3445 19.0461 5.1059 14.1091 17.8418 33.7352 22.3849 18.6296 16.5769 12.0149 
26.1662 9.0811 14.2782 21.1355 6.9461 1.7455 31.6135 27.156 31.3204 22.0298 22.6577 14.5305 10.4093 25.3827 25.5318 33.7656 16.4444 8.7039 31.7343 9.9219 
26.0768 13.5061 9.2791 9.5872 23.1549 20.9584 12.9878 4.2823 16.2553 22.0677 9.9393 20.6706 22.9868 8.1308 3.0926 13.7653 16.2514 22.6236 9.5031 12.1306 
25.9577 8.9132 2.4371 11.8718 22.1366 17.0523 15.043 8.4173 18.4895 18.033 8.7526 14.2211 17.5108 11.0073 5.6184 18.8996 12.6822 16.9163 13.025 7.3808 
10.7025 13.0962 13.9177 26.7469 24.7587 23.922 30.9271 21.1137 6.8908 32.9406 5.1648 7.7902 30.4796 22.5361 13.2823 23.6132 3.0995 13.9374 27.947 9.0601 
29.4828 28.302 25.8095 17.7801 37.9453 37.3644 13.7567 15.0911 27.1216 34.418 20.8967 37.8709 38.8255 21.068 19.8047 2.1147 27.5547 40.6311 15.2181 28.5903 
28.5974 22.2587 16.6546 9.225 35.0759 29.5724 6.8073 7.3576 26.2769 18.6326 19.3173 28.1763 26.3928 10.5115 12.985 9.6739 27.0724 28.2929 3.4905 20.8125 
31.303 8.6151 13.3678 23.3576 6.5738 2.47 26.3661 26.9653 30.6855 22.315 19.7763 13.2585 12.0245 23.1074 20.8277 42.543 15.4686 6.9762 29.1731 9.6586 
25.7836 2.444 5.0761 14.3657 12.1245 8.464 20.9998 16.2771 18.7533 17.7279 14.0355 10.9051 11.9995 14.7308 12.6496 31.6264 14.6471 12.3499 19.141 6.1181 
5.7682 19.2907 20.6516 31.2312 32.3078 27.875 36.6253 21.2897 6.0742 31.2207 10.2262 12.056 35.2283 26.3407 14.7791 26.1308 7.2973 17.1098 31.2624 12.8927 
8.213 20.0384 17.5639 23.6909 29.977 25.1998 27.2353 17.7602 3.1122 32.4833 7.2958 12.6358 31.6981 22.3838 12.3446 29.0436 6.0731 16.4186 22.4488 14.0547 
43.9145 29.4471 19.9011 11.003 32.7995 28.4712 11.9901 15.3946 33.8041 10.6084 28.9233 37.2791 23.117 11.7405 25.9836 28.8014 37.21 33.8327 15.7668 27.9035 
2.6628 22.6456 24.148 36.4122 30.1888 27.3209 32.6197 23.7244 6.8553 38.4453 13.3774 14.2673 33.3771 32.3212 19.1083 34.6107 10.204 20.0095 32.6109 17.3199 
38.1877 21.8461 20.6143 6.2685 31.5821 24.2578 5.6902 11.3576 35.6586 10.7357 23.1916 27.164 20.9421 8.029 21.6497 18.2032 25.8064 35.2801 8.8861 24.0684 
31.8862 10.3824 6.7106 6.4473 18.8879 17.0751 13.1708 6.0434 25.2844 11.3213 15.2395 18.2925 16.8529 4.3462 9.1071 18.5516 20.3128 20.0908 8.6708 13.354 
39.1719 17.6865 11.0704 3.088 24.2537 18.6337 8.5653 10.6858 30.8298 7.8655 20.525 26.2312 13.6144 3.7948 15.7768 22.5913 23.8329 26.0135 10.2884 20.9587 
34.7814 7.6227 11.3869 14.7416 7.7712 7.556 19.341 18.6205 29.6052 11.6261 17.8598 20.5947 4.4239 15.2498 17.7104 33.291 22.0749 16.491 22.0115 12.5835 
35.2892 26.4454 22.7818 10.8681 35.4023 36.5312 3.157 11.858 31.5583 20.8691 24.6365 32.0603 24.284 9.3556 18.4712 11.6746 28.9362 39.8922 5.1309 27.2014 
47.2926 23.2171 21.8743 10.7581 29.6905 24.9152 13.2525 17.25 37.6437 8.2727 31.1709 36.7504 20.4016 11.2626 23.0694 27.323 28.5541 30.3611 12.9993 22.9539 
6.1295 18.6591 19.2247 24.3859 34.3125 31.6927 32.9114 22.8453 0.3462 33.2284 9.0872 13.873 29.2147 24.0456 14.1183 26.8435 10.76 24.4403 29.322 17.2317 
24.7299 3.6616 5.7108 16.156 12.0471 8.2796 21.4706 15.6569 20.7996 13.4317 16.657 12.2774 10.0522 16.1911 15.8737 32.0018 14.4091 13.6174 20.0095 8.8544 
41.3048 18.3933 13.3365 10.2276 15.7341 19.8064 15.4782 15.6243 32.2313 1.5815 26.9847 25.8627 10.0211 12.812 20.0546 30.8936 30.3937 24.5987 20.1162 19.5185 
30.6031 8.131 8.0942 16.4544 9.7653 7.9874 19.5905 17.1196 26.8237 12.649 20.5761 16.7081 6.4575 12.8063 18.4444 28.5347 20.8847 15.7154 17.9363 10.2941 
35.1071 24.0373 16.2872 5.762 27.0514 25.0812 0.1524 9.8823 29.7746 17.5214 21.512 26.7053 21.58 6.946 14.9003 15.1798 26.0233 31.963 3.7839 21.703 
35.5987 18.4759 16.0316 6.2188 32.9379 29.1899 5.1909 3.6789 24.578 18.4418 17.6556 25.378 21.6379 5.7314 9.7851 13.5112 23.0421 32.4115 1.3651 20.3388 
10.6803 18.292 14.8013 25.7392 27.1945 23.5032 28.5215 17.5432 4.0574 31.5305 4.8738 11.546 25.0931 24.9169 11.3258 21.7999 6.1594 18.8805 23.3103 13.1145 
28.0807 15.4994 9.1964 3.6924 20.6277 22.2325 8.945 5.7421 27.9438 12.0638 14.423 24.6479 17.707 1.2695 12.1968 21.5708 18.0231 25.7635 7.1499 16.2831 
29.8737 28.9583 24.8307 16.3557 43.5302 35.7682 10.607 11.9031 22.4447 29.5902 20.8578 28.5771 30.8906 14.7159 16.7789 4.182 25.073 38.2609 9.5053 26.3258 
26.0057 7.9224 14.9257 22.9909 4.1279 0.3756 27.1949 20.9407 28.8384 20.4295 23.7508 13.943 10.8522 19.2883 23.7868 33.202 20.2849 8.4881 25.8432 11.7014 
22.5188 19.5129 14.2727 15.1544 34.7233 25.3036 12.1595 6.6768 18.2339 21.7977 12.3279 26.0235 31.2013 11.1384 5.9975 9.6337 17.6847 31.4024 7.9842 18.4527 
30.7958 5.6755 10.6825 17.4307 6.3955 3.6313 21.8669 17.9422 23.5923 16.2002 20.1359 15.6553 7.2925 16.5714 22.1438 34.7998 15.8648 11.916 23.4135 10.1519 
29.6581 23.9068 24.602 20.0835 37.4714 33.3783 16.5261 13.6047 19.82 31.2226 15.9847 26.9056 38.0468 20.2958 14.0387 4.8533 25.0193 33.752 13.9372 23.8349 
10.1657 14.3842 12.0766 24.5102 23.2989 18.9795 24.4684 17.4494 7.3615 28.5298 3.785 9.1667 28.4703 20.7983 9.6041 29.122 2.7571 14.3589 24.9955 9.2141 
23.7331 5.3711 4.5813 14.4406 11.8419 10.1092 20.3639 12.4922 22.7142 14.9534 13.8357 15.0227 11.2135 11.6388 13.7906 27.4403 13.5813 13.3335 17.0758 8.1024 
5.6027 19.0015 17.2195 25.9527 32.7942 26.7613 31.5938 21.9141 1.8995 34.0875 7.9382 13.4581 34.4245 29.7514 16.2451 26.7322 8.0753 22.5383 27.0035 17.114 
36.6681 21.9969 17.2276 8.3926 35.436 30.9587 1.6009 10.7933 28.6847 14.9627 22.5341 27.7002 28.6723 8.6457 17.899 13.7603 33.0482 35.0242 4.8096 21.9512 
25.6258 0.8958 5.4532 16.3863 14.716 8.344 26.5375 15.2038 21.5598 21.0709 11.2521 8.34 12.5635 17.3837 13.0732 30.5505 12.4962 9.4712 20.1314 3.4251 
35.3663 20.2143 13.4539 7.1313 26.7659 25.1861 4.924 4.5837 26.9105 20.0596 19.7479 27.7225 22.8564 6.9693 9.5537 11.8909 24.8334 26.1041 1.4374 21.1603 
29.7229 10.5684 12.2469 17.7979 4.2962 4.5471 28.3038 25.368 32.4781 15.5924 23.2519 16.7654 5.7885 18.9779 25.573 41.3564 23.5884 15.0041 28.186 15.0366 
32.6353 14.7987 12.9516 9.5919 16.7672 14.1343 13.741 13.1245 34.3408 3.9766 21.4263 22.9928 8.8807 10.3833 18.4152 30.3522 24.2232 24.2058 15.2068 18.8828 
17.1489 16.7103 12.2713 20.1266 30.5876 25.3292 17.5561 11.2083 9.1301 26.9669 4.3364 16.2619 24.9036 15.214 4.061 18.401 9.6799 22.1971 16.8446 10.9035 
17.66 10.7204 14.0618 29.7115 17.5784 13.1018 35.2047 26.7133 15.8912 30.4582 12.2535 2.0982 22.6803 24.7507 20.8719 38.9877 7.0879 5.6187 32.7585 8.5059 
28.7482 9.4239 14.9992 21.5566 4.0548 4.9932 27.3132 24.7333 33.1753 16.4224 22.0696 18.7917 4.632 17.1558 24.6053 35.3976 20.0627 15.0041 26.6608 15.3169 
27.7065 8.5091 6.9389 8.192 15.1676 11.8521 14.293 12.1545 29.7166 9.2626 18.385 20.0802 10.362 7.1053 13.8908 23.6842 19.2091 16.2161 16.3266 11.5303 
8.7404 19.805 16.6595 23.3043 31.0134 30.9111 23.6177 16.8138 2.8824 32.0811 6.3987 13.6498 27.5538 25.6562 9.8614 20.3149 7.9666 22.3663 19.8275 13.8986 
28.1902 9.4312 7.684 10.0684 15.0293 13.004 14.8964 15.0506 25.4237 8.8364 20.2153 20.1569 8.4725 10.8075 16.0942 24.4294 16.8442 16.0283 16.2567 12.9444 
25.7878 4.3289 5.9908 16.4595 12.5052 7.5942 22.423 15.6829 26.7374 14.4181 17.2237 13.0527 9.0986 12.2372 14.0288 31.2694 16.6693 11.3978 18.9018 7.7607 
15.8371 13.3016 11.9024 20.3965 23.4129 21.6505 25.4971 12.6062 8.1069 23.4193 0.2236 9.6089 23.8369 16.1957 7.5705 19.8296 5.0011 14.4109 16.4967 8.5508 
12.0226 22.3829 18.9322 20.4614 34.6677 25.6598 25.8357 17.8899 6.0885 33.3557 8.1726 18.8725 36.0263 22.5148 9.4825 20.5111 11.7659 24.8926 20.6379 16.1053 
37.7015 17.707 12.6281 2.1955 23.5214 24.0717 7.6265 10.4043 30.7383 8.915 20.4657 30.5033 15.3547 3.6277 15.9109 18.9243 23.4866 29.6227 9.7664 20.7015 
30.1048 30.7488 25.4429 18.0429 38.2249 39.4274 15.9683 15.6226 23.0425 27.1322 24.148 29.8954 33.9747 16.8168 14.9373 1.202 28.4208 33.6231 11.5244 30.7739 
33.1277 10.8939 13.003 21.6959 2.0946 3.6187 29.6888 25.6512 29.7941 14.8334 22.6584 18.3368 5.9242 20.7821 25.3619 37.0616 24.0351 12.5484 29.706 15.4842 
35.5099 27.4329 18.8862 11.8749 33.4374 30.2374 5.2687 10.4985 30.4648 22.835 20.6804 33.6901 29.3626 13.5295 14.6078 9.2875 27.9691 32.6435 5.3898 28.8831 
36.3853 16.5683 20.2445 26.3005 5.0339 6.9011 38.9905 27.4633 36.9602 25.4405 24.5982 19.6384 13.6008 25.7614 25.3643 46.8321 24.0888 13.2672 37.8819 19.6471 
27.699 8.5236 5.6679 8.7567 15.8345 12.492 15.3664 11.8555 27.6179 10.3923 18.4023 16.6309 9.4836 7.4573 14.5228 25.0886 18.006 15.9225 13.552 11.7279 
31.053 13.0132 10.9589 3.3306 23.0969 23.264 8.3024 4.8318 27.5318 13.8733 15.1329 19.732 17.2724 1.6702 9.582 16.886 18.4848 23.5501 6.6253 14.2445 
25.8033 9.8557 4.819 9.3103 23.2487 18.6709 14.5945 6.4985 21.0958 15.1508 10.901 18.3051 15.3409 7.7455 6.8433 21.0359 12.7282 19.0877 12.5231 8.781 
18.4583 18.5034 13.1616 17.9817 25.9086 22.1428 16.174 10.3019 12.8653 28.1456 6.6827 19.7411 24.8512 14.4464 3.5583 14.8805 13.9471 21.2577 14.9417 14.4043 
24.3573 1.5656 7.4983 18.7087 9.8266 5.7489 23.185 18.346 20.1511 19.2402 15.1533 10.3694 10.1569 17.4634 18.2244 28.8442 13.8453 8.1943 23.0491 6.3252 
38.3331 16.207 17.5078 10.9313 16.6499 18.4564 17.9472 17.5699 30.4618 2.8298 28.3775 27.0346 7.0741 14.3754 22.7648 32.1134 29.3131 27.7492 18.7305 21.2165 
16.9988 6.3935 6.9966 21.9651 17.8592 13.8378 26.7362 13.4141 15.294 24.3976 6.9009 6.3769 17.5142 16.633 9.4525 31.3702 5.5428 10.5778 22.9379 1.7223 
31.4168 20.9005 12.0544 1.9357 29.5387 21.9805 3.9577 7.354 28.321 14.1799 19.5368 29.8248 20.7 2.9864 13.9412 19.6386 24.8863 24.6334 4.5475 21.7351 
26.519 12.9844 5.999 9.884 21.588 18.5172 12.6406 4.6675 20.2487 16.7563 10.8431 17.5885 16.749 6.9574 4.8407 17.1198 15.204 17.317 10.4499 10.3098 
26.1014 3.017 4.7543 17.1009 13.2626 9.5575 20.833 15.1506 25.2486 14.8783 15.5612 12.5364 11.5229 15.1691 14.4168 29.7442 16.215 12.8084 17.1247 7.652 
14.8093 11.9724 9.2533 19.9923 25.3325 21.4642 21.4618 14.0428 10.4269 27.1645 1.9905 7.9974 22.8002 16.7459 7.4072 24.4062 4.6084 12.5883 19.4033 5.9869 
25.266 3.1055 8.7057 19.9274 11.9198 7.3975 27.4728 17.0985 21.5836 21.0602 13.7921 7.689 15.8883 20.5511 15.0506 30.2274 10.5939 6.6044 22.3499 4.0526 
18.1792 21.4718 14.1828 20.2455 31.5566 26.5129 16.5724 9.2149 12.1251 23.7507 8.0909 19.5925 27.5546 15.0545 6.1956 14.1853 16.3648 28.0694 15.7331 14.2223 
46.2824 22.7035 17.3694 7.4261 27.1979 28.5768 9.4394 15.4663 30.8747 8.4076 30.2042 30.9907 19.3555 11.1554 22.2913 26.5056 30.3307 32.0432 13.4849 26.2083 
25.5881 25.6389 16.7198 17.4493 40.8068 35.2748 16.1953 10.4821 17.9854 31.1608 16.5889 27.7797 31.9681 15.2812 11.0056 6.0512 22.0965 31.6664 12.2737 19.7582 
23.3946 1.342 5.2893 16.2444 11.1167 9.0305 18.9467 15.7034 20.466 14.6351 13.7593 10.5026 13.0826 14.811 14.2293 31.4229 14.3444 10.9131 17.238 5.4811 
31.3956 8.9066 13.6169 25.87 4.7603 0.945 30.0338 21.8077 29.946 20.6828 23.2897 16.1519 9.0973 22.8479 20.3241 42.0893 18.0449 8.4232 30.7082 13.5502 
16.7376 13.7235 9.9079 16.6057 26.0754 19.4445 15.4959 8.4535 11.5491 22.4968 6.3484 16.0837 24.8302 14.7344 1.225 18.6156 12.414 19.8793 14.2254 10.0023 
42.7378 17.1772 18.7344 10.9278 18.4763 24.3996 14.6615 18.3372 33.3988 2.241 29.8352 30.3461 14.7642 11.7679 21.0099 25.8863 27.9283 29.4251 17.2465 26.3219 
11.5838 13.6064 15.5556 27.8421 21.0546 20.5501 28.524 18.733 11.3302 28.3197 7.808 5.6629 22.4879 23.7481 13.9462 32.1215 2.2405 13.0379 22.8589 9.0391 
35.5348 31.0669 24.6696 22.7088 46.0251 34.6478 18.2276 16.6575 27.1281 33.454 22.688 30.5135 41.0115 19.7505 17.7312 1.6193 26.9589 40.699 15.8487 29.2888 
45.0316 17.7355 16.482 8.5632 21.3374 22.925 12.8641 13.9523 38.7279 2.5738 26.9475 27.0586 11.6764 10.7376 21.707 30.1453 27.7881 25.4638 13.3364 24.6296 
17.9402 20.2916 13.4276 20.1417 34.7278 25.4926 18.1305 11.4721 11.3937 24.0066 7.5734 18.1361 31.8872 14.6852 5.6573 13.4595 14.6005 21.4177 14.203 13.5588 
20.9849 17.2617 10.8965 12.3389 26.703 19.9487 14.016 7.354 15.2021 23.5396 6.4199 15.992 20.7182 13.5684 0.9655 16.678 12.2576 23.3501 11.3416 11.499 
39.0489 28.7023 20.4172 9.5209 32.05 32.5507 11.8344 18.5414 32.9858 10.2898 33.3564 37.3771 19.2612 13.9278 23.704 24.5056 33.8174 38.9083 15.1449 27.1576 
29.3391 23.9981 14.7303 11.6468 30.0543 27.7308 10.0033 5.6791 23.3 21.5347 14.3135 27.5407 30.2768 11.6044 10.206 8.8478 22.3279 33.3022 5.0693 21.2568 
27.8805 18.3134 11.6671 10.3405 27.769 26.6998 8.7196 2.5212 19.811 20.4004 16.2708 24.8459 21.0178 8.425 8.463 12.761 19.3367 24.2003 5.3669 19.4138 
16.351 24.4157 18.7765 22.1751 36.9421 33.6742 20.9522 11.1124 11.3734 26.2718 8.7778 20.315 31.605 19.5252 7.8027 13.2186 13.1697 22.834 18.6505 18.3733 
28.4081 8.891 5.4938 9.377 17.5682 16.9718 12.8785 8.8769 21.9189 10.478 14.3984 15.0479 12.7104 5.9823 10.907 20.462 14.7994 19.5816 12.0931 11.6558 
16.0222 7.6327 7.0582 16.295 19.7765 14.5286 22.9247 14.9102 11.7567 24.2789 5.1336 8.9305 21.3617 14.2155 9.0512 24.4365 5.2899 13.7022 17.7625 4.3302 
16.808 10.4721 11.9332 23.2655 16.7126 12.0886 27.8625 22.1112 16.6184 24.7226 13.0033 2.5397 20.1685 25.206 18.8759 32.9852 8.3034 3.8107 29.576 7.5178 
38.4725 23.5494 22.903 9.3026 32.5112 29.7548 5.9417 13.5706 39.4619 12.7451 31.9782 35.0903 22.6139 11.6018 19.5283 21.173 34.044 32.1513 11.9831 24.6314 
10.107 14.2363 17.1464 30.3777 23.2409 19.21 35.4142 22.985 10.4047 31.9326 9.0515 5.1289 27.2747 25.7931 17.6332 33.3632 3.7016 11.7149 30.8265 8.9427 
41.9561 15.6411 15.181 9.6675 14.4933 18.2271 15.8639 16.4809 31.7475 1.9839 21.2341 24.3426 7.8832 11.9346 22.4086 30.6152 24.8372 21.574 16.7702 21.129 
26.5997 8.3454 14.5696 24.3177 7.2085 3.4651 33.4759 24.0985 29.1906 19.7234 18.5687 13.9166 13.5886 20.5229 23.3232 39.44 15.6246 7.24 31.6588 11.9681 
42.9307 22.2825 20.8082 5.5181 26.4537 25.5846 3.3036 13.3659 28.625 12.8381 26.4242 28.0449 24.3004 7.9883 18.5076 21.7449 26.7985 35.4223 6.6162 26.1694 
18.8834 27.2285 17.3986 19.7999 37.1366 30.9891 19.7508 12.6278 12.7341 32.7534 11.4919 21.8442 35.0251 18.9427 10.229 12.09 17.1774 27.1699 14.5582 17.6455 
29.9271 23.9192 20.8699 19.8654 40.1126 33.8874 16.9096 12.7169 19.8389 28.2323 20.3221 30.5392 36.0028 15.953 12.8228 3.9345 25.8218 34.1513 11.7648 27.5033 
24.6829 18.4882 9.7071 7.4808 25.1409 26.1953 8.5974 1.2943 20.6212 20.6956 14.681 19.5646 20.9326 6.31 5.9549 15.5706 16.4959 24.9658 5.4761 18.1191 
33.2845 14.585 12.3983 6.3049 18.7712 20.0827 13.0285 11.1088 28.1793 5.9519 22.5105 25.2757 12.4008 6.8463 17.5323 24.9251 22.0292 22.4949 13.3243 17.1206 
28.5847 21.0533 16.1802 12.3429 29.8988 28.3679 12.1654 6.5539 20.6839 26.8773 15.3873 23.9767 29.073 13.1651 7.9313 7.5863 23.3546 32.2127 7.8919 22.7061 
14.4841 9.5647 10.56 20.8809 21.4871 14.027 28.1985 19.6365 11.4972 29.5021 7.252 3.1953 21.7394 20.8302 13.6678 29.6987 3.2739 10.3264 25.8774 4.8646 
35.247 20.5345 15.3288 5.0346 25.2123 26.9848 3.7951 5.3466 24.8299 16.431 21.2491 25.7992 20.9751 4.8182 11.3089 15.7237 25.8632 30.6929 1.9321 18.1883 
10.0203 18.2252 14.8615 26.0703 29.5289 26.1332 26.9242 17.5625 3.3673 35.8069 6.2668 13.6449 29.5418 22.9171 12.0153 22.3907 6.7187 19.3704 24.4973 11.4144 
30.5439 9.1275 15.403 19.8473 4.4147 5.8999 23.0518 21.6156 33.7887 14.0065 22.8953 19.248 3.4842 17.5153 25.821 35.9025 25.4174 16.0511 22.3295 13.0861 
15.3817 9.2088 8.7052 19.2786 24.1992 15.247 24.9523 18.053 11.5927 28.9216 3.537 6.0143 25.3751 19.0285 9.4845 29.4328 2.9045 10.9904 20.5511 6.1863 
10.4973 13.5027 18.7766 27.4793 26.7862 18.5514 35.1627 25.5489 9.9425 34.929 9.1554 6.2682 24.4244 24.9331 17.0819 28.1317 4.6402 13.0588 26.3186 12.2915 
27.918 11.1338 7.9536 5.0134 20.5333 16.5503 11.4769 8.596 26.7012 8.3686 18.8462 20.8564 12.585 3.6663 11.4219 20.3864 20.257 23.594 10.6036 13.1571 
44.3965 21.4825 18.9317 6.703 23.4528 24.3381 11.789 16.541 34.6593 5.6922 24.0829 26.1992 14.6059 8.8417 20.8055 23.944 31.4337 28.6705 14.0394 20.2802 
45.0128 30.4231 21.4994 11.1357 28.6357 32.3929 13.0267 18.3045 43.2483 9.6078 31.3408 36.7532 22.9512 14.2386 28.9222 27.0194 34.604 34.2001 18.2183 30.0652 
29.1895 16.0281 11.6781 5.8004 23.3342 25.6351 7.9359 2.0488 24.853 14.0823 13.672 23.0864 18.3491 4.5769 8.9966 17.0247 18.9107 27.4043 4.3164 17.163 
25.3055 31.3924 24.3689 24.6424 37.9285 32.4182 19.1188 16.1937 18.8989 36.3303 17.2673 26.9762 35.8881 22.1242 14.8035 5.9683 22.3558 31.7093 15.9329 23.6375 
31.522 29.3254 20.0521 17.2417 42.8546 35.8485 17.0963 12.9112 22.6237 28.6687 19.7603 31.4457 33.845 18.8906 12.0867 3.6992 25.1259 34.2007 13.4045 22.9644 
32.8361 16.8736 11.4868 6.9101 17.5652 19.1629 12.8627 11.1445 30.9675 5.1998 18.9069 23.9697 10.0388 6.4106 19.6804 29.2942 25.6103 26.2943 13.8175 19.338 
19.8639 8.8513 12.3775 29.4636 15.7193 11.5238 33.3555 21.1017 18.2638 25.0034 15.3114 3.1477 18.9222 27.4139 16.7854 31.6876 9.1884 3.4925 29.663 7.5907 
23.7681 23.637 21.8742 18.5699 40.0461 34.5817 12.6584 10.6682 19.623 23.2041 16.4696 24.7289 33.4804 16.405 10.7608 5.3744 19.4356 28.6514 11.9096 24.6568 
34.9653 22.7954 17.4057 3.9128 30.5181 30.6126 2.8448 9.6417 32.5207 14.5325 24.5775 28.1129 22.2847 5.5953 14.8627 17.0853 28.2664 34.511 4.38 22.4062 
36.4059 21.6626 19.1176 8.363 35.7709 33.2228 3.3506 7.4248 28.1245 19.0068 23.1798 26.0473 25.6936 8.5076 14.0251 14.2929 26.8252 33.6785 1.5679 25.037 
18.803 19.7412 18.9076 23.5553 39.8729 27.3552 19.781 13.7677 12.3654 26.3824 12.931 19.8684 32.5584 19.9905 9.7657 11.1887 14.2576 31.0347 14.2396 16.6706 
34.0665 19.0884 13.0065 3.8708 24.2682 25.0771 5.3727 3.9237 22.7357 15.7372 18.265 27.2496 20.754 2.7216 10.2906 17.6032 23.4268 27.3994 3.5064 16.534 
26.3254 7.4157 11.4796 24.2807 12.7035 7.6885 27.4813 20.8047 19.9897 24.4871 17.0767 6.5982 16.3378 19.8779 17.2784 33.6328 11.9577 2.6203 25.114 7.7518 
19.9872 4.4441 8.7551 24.6691 14.6053 7.1822 29.708 22.9928 18.9516 23.0018 14.506 5.9426 16.7446 17.6644 15.3783 35.7993 11.4105 3.9971 21.9656 5.8316 
19.2147 5.6522 4.0046 17.9643 21.2899 14.5553 21.203 13.0264 15.4939 20.0392 7.5887 10.5682 17.1246 13.9763 8.5901 25.7303 8.2693 11.9885 15.8107 4.0343 
32.1349 7.3572 14.7293 25.7038 6.0509 1.0887 31.6179 27.4343 29.4145 21.5764 22.4854 15.2381 10.0739 22.7769 22.2791 39.7342 16.1897 7.8656 27.7332 10.5443 
32.3693 7.9273 8.6621 16.3064 8.0444 7.7369 24.6142 20.768 26.9293 10.8907 19.3419 18.3904 4.209 17.2522 18.95 34.4928 18.8637 14.0508 21.5799 13.1176 
29.0936 20.3423 14.2177 7.8816 28.9766 27.4905 7.6016 2.3521 22.9569 16.759 15.6537 23.0158 22.4314 7.2155 9.962 12.1218 19.6323 29.4693 3.4705 17.2346 
27.1668 14.3326 11.329 3.842 27.0149 20.6493 8.1754 3.3847 23.9447 14.6482 14.672 23.4505 16.1653 1.8493 11.2444 19.5341 22.658 26.8412 6.6408 15.794 
26.1285 27.6203 23.1674 15.0448 39.7104 30.1444 11.3204 10.9655 25.0291 25.0254 20.5346 33.3279 28.4752 16.6448 12.4188 4.0477 24.8654 36.2384 11.1973 23.0244 
29.2474 18.9997 16.9106 5.2201 30.2701 26.0531 2.5532 5.7101 27.2127 17.0979 18.7053 30.9198 20.5662 6.6359 13.5596 12.3093 28.1282 30.9736 1.2059 22.9723 
28.1366 9.3533 14.5273 23.4849 10.4665 5.1544 37.6249 24.7058 26.7042 25.9646 22.5698 9.7997 14.3996 29.3137 24.1617 42.1591 18.3255 5.149 33.8138 10.4841 
28.2835 8.4576 6.2343 10.112 16.929 15.5863 15.2449 9.6044 28.5332 9.3275 17.1453 16.735 12.3933 7.3354 13.2962 23.6151 19.8306 18.1261 12.6022 12.9928 
23.7385 2.8223 6.9323 19.7685 12.5232 10.4014 22.199 17.054 19.6219 19.7219 11.556 6.1053 13.0557 18.8351 12.7442 27.6956 8.7987 7.291 23.6895 2.3446 
32.1045 18.0521 12.9449 5.8058 30.5298 26.8835 7.458 1.413 22.3628 18.8385 14.6745 21.3246 21.299 4.8471 8.9782 16.0999 20.1404 23.708 3.7135 18.8069 
22.9947 13.8732 8.0811 13.4305 28.0997 20.7553 13.6583 4.2009 16.0781 18.7595 8.7323 20.088 22.217 10.6674 2.0521 14.0325 13.5833 19.4815 9.2666 14.4284 
27.9844 4.3045 7.3299 17.2157 8.981 5.4267 23.3115 19.2837 25.4813 15.9368 17.7467 12.8908 7.2573 17.7869 18.2678 29.5676 15.4663 10.4906 23.5156 9.3602 
29.2149 21.4287 12.6462 9.2208 26.151 28.2517 10.1623 3.8774 20.51 19.174 14.7087 22.1943 26.3746 8.9755 7.274 11.2373 17.3276 30.608 5.2105 20.0891 
7.2064 16.8641 18.6258 32.6603 26.2916 21.2205 31.8852 25.5156 7.18 33.7021 10.6158 10.7014 28.5661 31.05 18.0706 26.5764 6.6934 14.751 28.0053 14.2794 
21.6627 11.0427 5.6996 9.4349 19.9433 16.5493 12.9397 5.3894 17.7861 18.183 11.9124 16.308 19.2103 6.8021 5.4508 18.4326 15.9104 21.3303 11.8155 11.9767 
40.1864 28.9773 20.7397 12.1279 33.4726 31.6906 7.4271 11.67 28.3038 22.5045 23.593 31.6253 33.1648 14.4683 14.6933 7.3199 26.3819 34.0516 6.1405 26.5321 
27.6768 22.829 18.6643 17.5432 33.6091 31.738 14.222 8.7687 19.7367 23.8166 17.3509 30.0584 31.4929 16.0902 10.0006 7.0426 19.719 28.4971 10.6124 23.9577 
28.2872 13.9603 8.9691 4.8606 23.3272 18.1622 8.6376 3.4805 23.4626 14.5274 12.7489 20.8182 15.8553 3.209 7.751 15.8813 17.1882 20.5962 8.1711 16.4198 
36.7952 9.4889 13.0992 24.2457 2.2548 3.5276 31.2263 22.3306 33.6739 18.6014 20.703 17.6301 6.2115 19.1577 22.7193 35.2017 22.786 14.8985 27.5758 16.0941 
22.7207 21.7557 18.8266 18.3772 37.7413 32.8338 20.6782 10.8388 12.8329 24.5721 11.5232 23.4336 27.4972 18.2474 7.1168 11.594 18.3321 23.6944 13.3627 18.8224 
24.7556 8.0179 16.9978 25.8792 13.685 8.8454 28.6309 28.531 23.1874 28.7668 20.2035 9.221 15.0796 24.2899 19.5078 36.5107 14.2919 2.0424 33.9873 8.7991 
29.8284 7.5845 4.3022 9.9628 16.6327 13.7298 14.9025 13.1098 26.5414 12.901 17.2968 18.583 10.7564 8.1713 13.068 25.476 19.1794 14.2418 17.2701 9.2631 
22.1113 1.8933 7.201 17.5011 11.451 8.6337 26.8017 17.284 21.9838 21.3036 11.4451 7.8521 15.1899 18.9011 15.5325 35.0933 11.6397 6.635 19.2532 3.5561 
11.7479 12.764 11.8473 22.4946 22.8491 16.626 26.8334 14.8784 9.9167 25.7873 4.0793 6.4805 22.6269 18.9141 11.2723 30.1058 1.4271 12.5396 24.2307 7.5489 
22.3697 2.1616 5.5714 16.8171 11.4298 7.1824 20.4996 16.969 23.3862 15.8748 13.9166 10.418 9.6618 14.3871 13.0611 33.2318 13.8734 12.7095 17.5726 5.7155 
41.2831 23.528 18.8691 6.1573 28.6083 29.5497 5.8786 12.61 38.0701 11.1762 22.5094 34.6023 22.625 9.0813 20.3348 19.5485 30.6148 29.6326 8.6178 25.259 
EOF