I 50
J 5
bounds (0, 100)
cv 0.5
D 10
k 5
t 3
FLR 0.6
FCR 2
abounds (80, 120)

a 
102.0 116.0 111.0 
99.0 117.0 105.0 
112.0 113.0 91.0 
110.0 119.0 103.0 
119.0 94.0 105.0 
101.0 113.0 97.0 
102.0 105.0 116.0 
100.0 119.0 105.0 
101.0 116.0 115.0 
96.0 123.0 127.0 
116.0 109.0 97.0 
98.0 98.0 104.0 
93.0 96.0 111.0 
90.0 104.0 120.0 
107.0 119.0 115.0 
119.0 98.0 130.0 
98.0 109.0 107.0 
106.0 101.0 118.0 
115.0 87.0 118.0 
105.0 113.0 97.0 
101.0 101.0 105.0 
100.0 96.0 114.0 
118.0 118.0 100.0 
84.0 106.0 110.0 
122.0 115.0 126.0 
95.0 110.0 110.0 
110.0 119.0 113.0 
100.0 126.0 99.0 
99.0 99.0 99.0 
97.0 117.0 116.0 
119.0 107.0 124.0 
115.0 98.0 103.0 
96.0 86.0 95.0 
89.0 111.0 112.0 
107.0 129.0 110.0 
103.0 105.0 101.0 
113.0 95.0 124.0 
125.0 113.0 78.0 
111.0 98.0 120.0 
109.0 111.0 111.0 
93.0 88.0 108.0 
101.0 106.0 105.0 
98.0 103.0 106.0 
110.0 126.0 101.0 
107.0 106.0 104.0 
102.0 106.0 106.0 
112.0 104.0 107.0 
94.0 114.0 109.0 
102.0 118.0 143.0 
104.0 118.0 107.0 

Icoords
89.916 18.7433
10.7912 14.9366
34.6873 95.7853
7.358 30.0205
84.1616 68.4088
11.7937 31.5572
86.658 38.3401
37.0897 1.7962
35.7982 53.284
79.436 13.6926
48.2184 58.8105
27.1355 91.6565
65.1485 61.2047
94.1108 75.9806
79.5599 3.2746
93.2257 9.7076
6.1759 30.7693
77.1792 3.5514
4.9149 98.6993
26.2153 8.8749
44.9488 54.1704
35.8604 6.5792
69.6319 16.6341
98.715 86.2278
98.5805 44.1855
57.705 26.4075
88.4936 72.5289
81.7311 52.1425
28.0832 73.2986
39.3283 13.1447
21.4057 21.9511
78.082 27.9754
44.3914 30.4665
31.7839 42.5169
14.2299 36.5465
58.2151 80.0339
30.8712 65.8061
81.2421 10.7291
98.1392 82.647
36.1486 59.8713
0.6069 6.8626
25.9305 51.6115
52.1781 99.5775
20.4865 9.9941
65.5622 0.672
47.4983 83.1042
80.258 1.4997
41.2771 7.7815
69.841 99.6537
58.5337 53.731

Jcoords
96.9199 7.2127
89.1849 30.8361
35.3468 58.1687
36.8606 31.244
69.0158 10.5911

C
4.1782 4.6533 21.8592 19.5793 6.7571 
27.0492 30.8601 16.8051 11.9985 21.7606 
35.1162 28.9115 12.1784 25.0175 28.1338 
32.6059 28.6654 14.6872 10.3761 24.417 
23.717 14.0711 18.2302 19.6586 23.0946 
30.4308 23.5821 10.8461 8.7541 20.1841 
9.9342 3.0532 20.6395 19.9944 10.8578 
23.1168 18.859 18.0422 11.5586 11.9215 
26.2074 22.8645 1.6684 7.9745 18.3755 
6.996 6.7014 22.0442 14.4509 3.4671 
26.4863 18.6224 4.8483 10.9628 18.9836 
41.3322 28.2555 13.5471 21.5818 27.6745 
23.862 14.6515 9.4241 15.9463 15.741 
26.718 13.7373 21.5529 24.9502 26.1668 
6.8516 10.7492 23.9791 17.8349 4.7614 
1.7595 6.6212 29.2139 19.7793 9.5644 
29.0255 33.021 15.8963 11.1368 20.4864 
6.6717 9.9861 23.5147 17.8092 3.5152 
51.134 39.092 19.1381 24.9364 35.2481 
21.3233 22.6143 16.9147 8.7473 14.3411 
25.5377 19.3401 3.5666 9.6127 15.0395 
21.4391 20.457 18.5835 7.8943 13.055 
10.1444 7.8903 19.4693 13.0067 2.3131 
23.7976 22.2799 21.9204 31.0266 28.0423 
13.0609 6.3012 20.4646 24.6888 17.5334 
13.1025 9.6387 12.0952 8.0906 7.4317 
21.272 14.1692 20.4576 20.507 21.3873 
18.9237 8.8981 17.5824 16.3543 14.105 
32.4062 25.4622 5.713 14.1685 25.5506 
19.2447 18.9761 17.6414 6.5943 10.8163 
25.6438 21.9296 12.3526 6.5372 15.5797 
10.4598 4.3936 16.8592 16.1268 7.5465 
17.7794 14.0701 10.6686 3.0185 11.0852 
24.4269 19.2368 4.9778 4.4075 15.5327 
32.9635 25.8893 11.5483 8.9534 20.6058 
30.7441 20.3934 9.6152 18.0706 25.3632 
35.114 26.4027 2.9389 13.9046 23.3005 
5.585 7.6877 25.1486 19.2445 4.6182 
26.8355 18.4815 22.1257 30.5696 23.5333 
31.8833 23.8289 0.5826 8.6854 23.2557 
32.6888 29.117 20.1993 15.7283 25.4996 
29.6321 22.5636 4.3259 6.9669 18.0075 
32.6366 26.3563 14.7238 22.9486 29.2436 
27.7102 21.6376 16.9695 8.1634 17.4767 
10.3241 15.1414 25.0392 14.6055 3.6362 
29.0533 26.6956 8.8597 17.5867 25.6565 
5.5678 11.9653 28.0987 18.7879 4.5139 
22.1748 21.1443 18.6299 8.6498 10.182 
37.2972 25.4771 17.6748 22.8897 27.4057 
21.1632 15.1387 8.2084 10.1283 17.1143 
4.2106 4.3238 23.0441 19.0888 8.0986 
33.6472 28.7563 16.3874 9.3756 21.5037 
37.2379 32.8031 12.0429 20.581 31.0363 
29.4544 30.9158 13.2581 11.0819 20.299 
21.8604 14.5639 17.0331 19.6707 23.0647 
34.1051 23.7988 11.5462 8.5435 20.0865 
11.9237 2.898 19.1212 16.7601 12.3802 
18.1546 22.6403 17.3485 10.5102 11.7592 
30.2105 19.8587 1.845 8.3254 16.2551 
6.267 6.1275 24.9188 16.0949 3.5388 
27.2455 19.3565 4.3676 10.4321 20.811 
35.9425 28.5074 11.5749 23.6133 28.0942 
23.8181 13.0365 10.7122 12.5552 18.3045 
25.7613 16.5891 19.3055 24.507 27.2314 
6.4582 8.8808 22.5623 19.2488 4.2467 
1.7145 8.1851 23.1446 18.8018 7.4398 
30.7974 30.7382 13.6391 9.8847 21.7272 
7.0351 8.9815 20.6734 17.6184 4.1587 
40.1961 39.4599 16.5786 22.6599 38.1682 
22.9712 25.602 15.2653 8.5244 15.3049 
25.8809 18.765 3.7611 9.5446 18.9575 
22.3856 21.488 17.2318 7.4401 12.711 
10.2426 8.6395 18.1391 13.7279 1.9505 
24.5879 17.1314 22.9114 29.4542 31.7721 
12.1726 5.2956 21.7922 21.6366 13.4701 
14.4822 10.8276 12.4992 7.209 7.0176 
25.9742 14.0566 20.3144 23.7728 19.7057 
17.4249 8.3293 16.9837 15.7455 14.0485 
31.4996 22.9101 5.2414 16.2177 27.4153 
22.2322 17.7911 15.9148 6.5267 9.696 
26.3747 26.9813 12.7368 5.594 18.5067 
9.5627 3.4477 18.8057 14.8532 6.4858 
19.4281 17.8822 10.8231 2.5657 12.4617 
29.0797 22.5582 5.9008 4.0292 16.9698 
29.5417 23.6567 9.481 7.2195 23.7522 
26.6042 20.1318 9.7196 17.2025 27.1412 
26.5143 26.627 2.9496 12.1507 20.4617 
5.5914 7.4629 22.4225 15.9637 4.672 
23.6668 17.3931 21.29 31.4734 27.8545 
24.9518 22.9703 0.6498 10.7844 22.6337 
30.7048 33.797 22.4299 14.7016 23.4374 
33.1153 24.0616 4.2479 7.3182 19.4234 
34.6995 23.8581 14.5584 23.4108 36.208 
24.5437 25.9163 16.6217 10.4356 18.559 
11.1794 14.4786 25.8446 15.9306 3.778 
32.1777 24.5295 10.3743 16.6443 22.926 
5.7809 9.6501 25.1197 20.9502 4.9895 
21.6851 19.5759 19.6801 9.366 10.4998 
30.9686 26.1062 17.7611 27.6818 27.7353 
24.0461 14.9168 7.1154 12.3145 13.5272 
4.4804 4.7708 20.9773 21.1001 7.6365 
31.6237 30.1082 16.994 10.704 21.7665 
35.9606 30.9378 13.2769 20.9297 30.3474 
36.4691 30.2775 12.6786 9.3692 22.7427 
22.3793 13.2447 16.9732 23.4544 21.684 
31.5287 28.427 12.7154 9.0574 22.8046 
12.3628 2.4815 16.6843 17.1676 10.7493 
22.45 20.4216 22.3511 11.2818 12.1931 
28.4501 19.1869 1.9396 7.6281 16.3362 
7.3149 7.0031 24.7685 16.3482 3.2681 
21.321 15.006 5.1538 10.4977 16.778 
41.7266 33.2514 13.3609 21.5206 32.0907 
24.6451 13.2533 9.8345 12.9919 19.3349 
20.8954 15.8171 22.8424 24.0638 23.4002 
5.7943 10.72 26.2064 15.7727 3.9978 
1.6694 8.5099 23.7938 21.2214 9.2228 
33.685 31.8007 12.0183 12.036 23.8392 
7.4066 9.9563 26.3217 15.1826 3.7373 
39.3268 36.7874 20.015 24.9364 41.9926 
23.3177 25.6487 16.6039 9.1734 14.3711 
24.8302 17.5346 3.5728 8.1248 16.6625 
22.062 22.9526 18.2636 9.1606 13.0383 
9.0359 9.4321 17.1589 11.6289 1.9675 
25.1807 18.9244 23.2995 26.028 28.9687 
12.7019 6.4579 23.1586 23.0618 15.4838 
16.6827 9.6164 13.5285 7.9109 6.9417 
23.9458 14.6445 20.5787 24.0571 22.7379 
17.2637 7.7695 15.4261 18.26 17.0077 
30.116 24.6214 5.1692 16.3681 28.7931 
19.1 19.2935 16.8911 6.6692 11.6805 
28.1058 22.996 14.9838 6.3586 14.8504 
9.2039 3.7871 17.7749 14.7209 7.1387 
20.7838 17.6358 9.8439 2.8239 12.3794 
23.0044 22.359 4.8189 4.0725 15.572 
29.4452 26.6185 9.5415 7.7355 24.2372 
25.1033 17.6669 10.0202 16.3131 22.9738 
29.0395 26.1715 2.9221 12.3331 24.193 
5.05 6.97 25.2608 16.614 4.7551 
23.2745 19.9748 23.3726 28.0421 27.6368 
24.7025 18.6471 0.7074 10.2203 22.065 
33.0067 35.9443 23.3965 14.0724 22.5742 
33.2744 24.0816 3.8118 8.504 22.8916 
40.2826 30.8141 15.7072 23.4598 30.2941 
30.4942 21.8961 17.1056 9.0674 18.9085 
10.5003 13.0725 24.7015 14.3371 3.5606 
28.5008 23.0653 10.1468 17.6026 23.342 
6.482 9.8065 28.294 19.7927 5.5028 
19.8711 19.5546 15.7634 7.3796 9.3261 
31.8259 28.2793 17.4698 30.1576 33.7918 
20.1862 13.8456 8.8552 11.365 14.5971 
EOF