I 50
J 5
bounds (0, 100)
cv 0.5
D 25
k 5
t 3
FLR 0.6
FCR 4
abounds (80, 120)

a 
114.0 122.0 116.0 
108.0 116.0 108.0 
113.0 109.0 113.0 
127.0 115.0 123.0 
111.0 122.0 100.0 
129.0 131.0 109.0 
125.0 120.0 132.0 
134.0 90.0 133.0 
111.0 109.0 99.0 
107.0 129.0 120.0 
117.0 137.0 117.0 
108.0 123.0 129.0 
106.0 123.0 121.0 
122.0 116.0 118.0 
129.0 107.0 120.0 
111.0 122.0 119.0 
121.0 138.0 94.0 
119.0 114.0 123.0 
109.0 120.0 115.0 
140.0 117.0 110.0 
104.0 131.0 138.0 
130.0 112.0 121.0 
119.0 102.0 119.0 
126.0 124.0 113.0 
130.0 118.0 113.0 
100.0 113.0 125.0 
108.0 118.0 135.0 
118.0 113.0 112.0 
116.0 128.0 123.0 
125.0 108.0 150.0 
118.0 116.0 121.0 
122.0 121.0 130.0 
134.0 110.0 111.0 
119.0 115.0 111.0 
121.0 104.0 106.0 
127.0 125.0 138.0 
115.0 116.0 102.0 
105.0 116.0 112.0 
130.0 126.0 118.0 
121.0 119.0 107.0 
115.0 119.0 129.0 
100.0 114.0 106.0 
120.0 128.0 116.0 
122.0 128.0 85.0 
124.0 121.0 134.0 
97.0 116.0 146.0 
143.0 125.0 120.0 
125.0 109.0 117.0 
122.0 109.0 126.0 
115.0 135.0 118.0 

Icoords
12.4857 79.4457
6.7304 95.992
54.2231 23.7601
59.9022 89.6842
12.7471 82.3526
40.9711 14.783
63.2331 68.3633
52.2684 66.774
66.5261 85.9751
84.7243 7.3847
90.6319 26.5694
58.214 98.6299
97.8406 9.5794
11.3044 28.2661
90.8706 64.2003
8.6952 65.7108
79.2265 71.7016
25.5252 94.8112
12.7289 37.557
14.6488 54.0486
97.0097 96.5875
54.1364 71.7612
70.2883 5.8003
7.4293 48.4673
99.8039 52.4867
98.3943 68.8688
19.8071 18.8121
88.933 33.0454
23.6322 99.5721
54.8742 99.1034
45.8238 3.7942
71.2063 67.2147
58.4548 64.665
15.0204 43.083
33.9271 63.0473
59.4546 97.9016
40.9824 89.3869
53.0735 99.6955
43.1 46.5014
77.9563 97.3947
24.1179 26.9799
81.5591 11.1375
35.054 20.6053
98.2296 6.7853
91.0916 8.3445
31.7309 70.4944
90.1915 62.7081
29.418 96.4934
14.3899 62.874
91.335 32.7214

Jcoords
69.7076 21.2678
24.9192 59.6396
72.8933 27.9146
51.2123 51.9695
46.3667 81.2752

C
30.6745 7.6072 31.4905 16.0685 11.9401 
32.6005 16.1254 37.2703 22.267 13.8426 
5.6054 17.9141 6.7613 9.362 20.8106 
27.5978 14.3506 20.8993 14.1691 5.1247 
27.654 8.8517 24.6859 15.5875 13.1184 
11.2887 18.1993 13.4032 14.4602 21.5342 
17.8697 11.8709 14.5386 7.4688 8.3181 
19.4885 10.0678 15.7365 5.1725 5.0428 
25.532 16.0674 20.3671 13.8065 6.653 
6.4605 24.5243 9.4472 20.4472 26.5828 
6.6893 25.1151 5.9132 14.9358 25.3478 
24.4723 15.8327 28.2752 17.6181 8.2707 
9.1485 33.6379 11.0064 21.2178 26.7605 
20.5462 10.9817 22.3571 16.9792 23.3631 
16.9251 20.6061 12.6061 16.5508 16.836 
23.9508 6.4648 27.3333 17.8104 14.5066 
19.9856 18.6196 17.1838 12.4591 11.897 
29.7793 12.4596 29.6071 19.5714 8.9167 
18.2347 7.8194 19.1693 13.3513 18.8045 
25.343 3.6449 20.837 12.0598 16.1351 
28.1605 24.5776 24.1353 23.4591 20.9354 
20.3222 10.7991 17.445 7.7605 3.7747 
4.8045 22.4455 6.8115 19.0228 29.8411 
22.9293 8.1915 23.0613 17.3319 15.7943 
13.6943 30.0526 12.9403 18.6943 19.0108 
19.5408 29.2433 15.2984 16.0625 18.1319 
19.9094 13.2162 19.503 14.5686 26.1863 
8.448 23.083 6.2124 16.2265 23.0485 
31.9716 12.7051 26.8261 21.8685 9.5107 
29.3175 15.2004 28.0738 17.6906 7.5026 
9.5379 20.459 12.4832 17.0053 30.3191 
17.4185 18.142 11.9504 8.7825 11.1689 
16.1128 10.9597 12.4694 4.8116 6.5368 
21.6317 6.8846 23.7695 11.4074 17.8218 
20.0005 3.3429 19.0766 7.6229 8.1299 
29.9756 15.5505 21.5864 14.4197 8.0745 
22.4445 12.1402 26.8111 15.1361 3.0347 
30.0806 16.2647 26.2645 15.1168 7.61 
13.4323 7.6266 12.1219 3.7538 11.1452 
27.5048 21.1454 26.0684 20.2999 12.0367 
14.4822 10.6045 16.0891 13.0518 19.6979 
6.0509 26.4049 6.2125 17.2921 23.7926 
10.4881 15.0708 13.4963 11.5548 19.4528 
12.4562 32.5628 12.7046 20.7365 31.4686 
9.1548 32.7451 9.0995 20.0428 28.9423 
24.7262 4.5391 22.8009 9.2397 6.9257 
18.1393 20.4789 13.9922 15.8653 18.41 
29.1079 11.1642 28.1839 15.0005 8.0066 
20.89 4.0876 25.7209 11.7168 13.1894 
9.7696 22.2085 6.352 17.1106 22.5802 
31.6456 7.9884 30.8632 18.889 13.355 
36.8417 13.5442 37.2987 22.0167 16.7176 
5.3011 15.4033 6.5681 9.2003 18.1984 
24.1559 17.2005 21.1897 14.6645 5.4752 
25.6495 9.8154 29.9184 18.7933 11.3255 
9.097 16.3842 13.3031 12.3195 22.148 
14.8605 13.702 15.7945 7.0053 7.0988 
18.5284 8.5443 14.0208 5.8077 4.7015 
19.5652 18.6772 21.5645 14.3585 7.3133 
6.7938 27.971 8.8335 21.6407 27.8566 
7.8291 26.1303 6.3171 15.7142 21.1536 
28.203 16.2736 22.8441 15.8864 7.7412 
9.3678 30.2679 11.765 19.4218 33.2741 
17.8992 10.373 22.3571 17.2577 20.5793 
18.1983 23.1646 13.501 15.3514 18.6331 
26.4644 5.5814 26.0669 15.3127 13.8788 
18.4254 16.9896 16.1264 11.2118 13.2728 
27.051 13.0893 31.0826 16.8989 8.6632 
22.5193 9.2673 19.5958 15.1348 19.8967 
19.5183 4.2635 24.9546 14.1876 16.5908 
25.7491 25.4282 29.041 25.0001 16.7346 
19.5666 10.9288 15.175 7.1303 4.4085 
5.2983 24.4098 8.4348 18.3634 26.1278 
23.2895 6.5436 21.593 15.6321 16.2016 
16.3785 25.3209 13.8513 15.1177 19.0593 
18.885 25.6592 15.8966 17.4758 16.078 
18.2058 12.8459 19.4869 17.665 24.7405 
8.7682 24.3723 6.5071 15.4627 19.6842 
31.0903 15.1742 31.3826 16.6421 11.4542 
25.1576 16.3399 25.2466 16.8302 6.1534 
11.3993 23.3689 11.8016 16.1763 25.058 
16.4531 15.6374 15.408 7.6234 9.5847 
14.7543 10.5019 12.9471 5.8318 7.3565 
20.5719 6.2095 18.9414 14.6124 18.81 
20.1656 3.6328 16.3641 7.4258 7.2119 
23.9527 16.602 27.8363 17.6257 6.386 
25.3425 12.0658 24.3177 12.2152 3.502 
27.2185 14.9036 24.1422 14.8827 7.4865 
11.5841 7.4651 12.905 2.9643 13.1779 
28.9827 21.8616 24.1526 16.1672 13.5262 
14.0136 11.3592 15.1134 12.7495 19.0172 
5.2963 23.0716 6.9848 15.7507 24.9462 
13.7738 15.2159 13.0107 12.7861 18.8356 
9.7308 30.683 11.9854 20.8669 34.3005 
9.6145 27.6294 10.4437 19.6763 34.1867 
20.7596 4.393 21.0361 10.0247 7.202 
14.9497 22.0145 12.0804 15.0122 19.005 
27.6828 12.2149 29.7023 16.448 7.2845 
23.188 3.582 26.4569 12.4925 13.9605 
8.0908 23.9356 6.1252 16.3407 21.1044 
27.4593 9.2465 30.7044 18.9032 11.9265 
38.2 12.2516 32.3053 20.4896 13.6777 
5.3717 17.0015 6.22 10.2982 22.2328 
21.3429 14.6642 20.8804 13.5073 6.1684 
26.5098 9.4959 26.1948 16.7443 10.9185 
11.4242 15.7172 12.8751 14.1092 23.4155 
17.1757 13.3366 12.7129 6.9707 7.3495 
16.4183 11.1757 15.7409 4.5921 5.799 
19.5069 17.0375 20.5949 12.3334 6.6944 
7.3951 27.8678 8.8737 20.9714 31.9526 
7.2052 29.1023 5.6357 15.1609 27.473 
27.0924 16.8735 24.1657 15.7591 8.2224 
10.297 32.6118 10.4863 23.2658 27.4842 
19.8286 11.3955 21.1808 18.3856 20.3442 
18.2175 25.6436 13.4605 14.6666 17.7036 
30.08 5.9313 27.4078 14.1509 13.8177 
17.2603 17.6572 15.6663 13.4939 11.1851 
27.6688 13.6592 30.7219 16.5942 8.1513 
23.5446 9.7389 22.7216 14.6622 21.4192 
21.3766 4.4588 19.8858 11.4629 14.7599 
30.3557 25.5011 23.5385 20.5563 20.2476 
16.84 11.979 16.3863 6.7042 3.8668 
5.9019 27.7963 7.8625 15.0065 24.5364 
22.2701 7.7494 21.3734 13.2383 18.0855 
13.6552 29.0822 11.162 18.5193 22.8287 
17.5345 24.0523 16.3501 18.3529 16.8161 
15.0782 13.4013 19.2499 15.6783 23.4509 
8.9688 25.0447 6.4869 16.5894 21.6783 
32.0261 15.1023 31.8174 17.8304 10.036 
26.2193 18.3415 25.3567 15.2228 7.2082 
11.6805 22.5102 12.2113 17.2961 29.3583 
16.5175 14.2819 14.0667 7.8874 9.9415 
15.772 11.7193 12.4259 4.5661 6.9025 
19.1883 7.4209 18.1757 13.7925 18.2615 
20.5176 3.602 16.7681 7.5285 7.8496 
25.7542 17.2875 21.5293 17.3363 7.8862 
27.9004 12.387 22.9256 13.6582 3.2401 
29.6237 19.408 24.3954 14.6869 7.6884 
13.0289 7.9249 12.1395 3.4808 13.639 
27.6963 24.98 25.0234 19.8044 13.5404 
17.579 10.3138 16.4452 14.1686 22.7549 
5.7188 25.8307 6.4712 15.6387 24.7735 
12.9247 13.2358 14.5523 11.9499 19.9527 
9.8748 35.3193 11.3355 20.7887 31.2962 
9.5046 28.4416 8.5516 19.8418 27.8131 
20.7844 3.9945 23.2273 8.3525 6.9803 
15.9435 22.1844 12.64 14.2682 14.3073 
26.1895 14.2903 26.4787 19.3529 7.1478 
25.3268 3.3959 20.957 11.6707 14.1339 
9.6815 28.221 6.9942 16.0336 20.0389 
EOF