I 50
J 5
bounds (0, 100)
cv 1.5
D 10
k 5
t 3
FLR 0.8
FCR 10
abounds (80, 120)

a 
100.0 79.0 77.0 
81.0 80.0 93.0 
68.0 86.0 76.0 
72.0 95.0 69.0 
92.0 106.0 82.0 
104.0 75.0 80.0 
82.0 86.0 81.0 
86.0 83.0 77.0 
99.0 81.0 83.0 
66.0 78.0 66.0 
83.0 71.0 92.0 
89.0 87.0 85.0 
75.0 78.0 80.0 
72.0 87.0 78.0 
100.0 73.0 81.0 
87.0 83.0 74.0 
80.0 99.0 80.0 
76.0 86.0 74.0 
77.0 59.0 67.0 
77.0 75.0 66.0 
85.0 77.0 69.0 
63.0 93.0 77.0 
79.0 74.0 105.0 
88.0 96.0 73.0 
71.0 78.0 80.0 
93.0 78.0 71.0 
102.0 80.0 84.0 
76.0 98.0 98.0 
90.0 78.0 95.0 
83.0 70.0 85.0 
92.0 74.0 92.0 
81.0 72.0 64.0 
96.0 72.0 80.0 
85.0 99.0 71.0 
82.0 85.0 66.0 
81.0 61.0 88.0 
93.0 81.0 75.0 
91.0 72.0 94.0 
83.0 83.0 86.0 
86.0 87.0 93.0 
65.0 86.0 94.0 
76.0 81.0 61.0 
85.0 89.0 86.0 
75.0 74.0 61.0 
93.0 85.0 94.0 
69.0 81.0 87.0 
76.0 71.0 85.0 
81.0 95.0 71.0 
67.0 72.0 64.0 
94.0 79.0 69.0 

Icoords
91.9428 33.5494
67.7627 3.8122
27.3847 66.6655
79.432 99.2749
19.1325 46.05
13.4049 92.5845
50.0778 86.3864
67.0164 74.8223
92.262 36.438
53.8577 40.0492
47.9805 16.5198
10.9851 87.3311
9.5193 75.2872
50.9974 72.6987
21.407 92.2826
90.152 73.1155
34.4408 31.1335
97.107 90.7919
15.7213 21.256
14.9258 99.4669
80.508 75.1076
2.0634 53.7363
73.0176 79.3394
15.5699 29.7333
90.0313 20.5096
43.81 91.7057
49.4591 33.5863
18.3763 56.8701
58.1327 14.5271
14.0931 83.578
78.2702 45.1037
68.5151 99.6908
61.9094 91.0567
92.9292 32.1088
17.5999 14.5706
77.4187 92.0525
42.9616 96.2615
14.4722 99.5702
8.1221 96.03
16.7681 82.5804
5.3872 52.2158
31.6381 28.1097
23.7771 10.0414
23.7617 14.7468
67.4301 54.6037
64.0772 30.5136
66.0545 10.4468
33.5909 76.8612
3.4387 25.4216
78.4077 92.9698

Jcoords
51.9077 59.3289
17.8653 65.289
50.2285 58.8757
51.9252 69.7958
92.3417 12.7973

C
15.4232 26.9818 17.7683 16.7323 6.9449 
18.3197 29.4621 21.4278 26.4441 8.6334 
8.1654 3.0798 8.6598 9.8858 27.7465 
18.8075 26.0762 19.6157 12.3659 33.5142 
12.4372 7.4655 11.2416 15.8224 31.2463 
18.5139 8.6789 17.8922 17.634 43.3008 
8.9846 13.354 9.1089 6.5554 25.4756 
7.1955 19.2808 9.0835 6.1462 20.3735 
15.1571 27.4096 17.9487 19.9637 7.9646 
7.228 15.6103 6.9062 9.4048 16.2783 
15.3771 17.4648 13.7596 17.0683 13.4887 
18.4014 8.3843 18.7014 16.1404 42.8658 
14.6251 5.2043 13.5234 13.8756 37.4027 
5.1687 13.0574 5.2304 1.1127 29.0627 
14.1533 8.9107 15.0763 14.1586 36.6479 
12.7408 21.8418 13.123 12.6508 20.57 
11.1409 14.1534 10.5591 13.9601 20.3523 
19.2806 27.4207 21.5222 17.7865 23.7233 
16.4039 13.7458 15.5699 22.8653 27.7047 
16.9846 12.2706 16.2354 17.8136 43.2651 
11.5631 20.7977 11.5161 10.7683 20.4479 
16.7174 7.3209 18.7699 17.973 35.7254 
9.8459 20.2158 9.8287 7.1097 24.5637 
14.4813 12.4918 14.2504 18.7562 24.3793 
16.8451 27.4154 18.6691 24.1659 2.8967 
10.6964 11.3079 11.5073 7.9673 35.0914 
9.3842 16.0545 8.3114 11.5957 18.1951 
11.6666 3.2076 10.4235 13.3852 30.4624 
16.4781 21.1746 16.6856 17.9807 10.5533 
17.1197 7.4528 15.911 13.3637 38.8811 
9.5049 25.0932 10.2939 13.4465 12.0514 
13.3947 20.6033 14.3834 10.3697 32.1661 
11.7831 16.0177 11.64 7.5234 32.3026 
16.773 29.5617 17.0038 18.7683 6.625 
17.5838 15.6621 16.8977 21.3472 29.1874 
13.2735 19.8158 14.1683 12.1527 26.5815 
12.2666 15.9336 14.0078 8.5811 33.7094 
18.3297 12.1191 17.5732 17.7413 36.4227 
21.0077 10.0743 22.0577 17.61 37.0619 
16.3908 6.759 12.6955 12.5546 34.1201 
16.7679 5.9332 17.6165 16.9441 29.1094 
13.5452 13.7183 12.0169 15.0811 20.0336 
18.319 20.1249 16.8558 20.397 21.3957 
19.5077 18.6799 16.2554 20.1644 21.0831 
5.4762 16.1541 6.8007 7.0462 18.2107 
11.17 17.7611 10.1758 14.8645 11.8487 
16.3452 22.1938 17.9392 23.854 10.0501 
8.9301 6.1561 7.3747 7.101 28.2765 
19.9993 13.4485 21.5582 22.2617 29.5156 
15.4084 23.2863 15.4414 12.6826 25.4458 
15.0041 30.9388 14.6793 16.7701 6.6813 
21.7204 29.6125 19.278 24.2388 9.2118 
8.9794 3.0702 9.2463 8.4237 27.8056 
15.3584 26.892 14.9747 14.3456 33.4005 
13.8093 5.8401 10.9153 13.8183 24.9906 
16.8757 10.7809 16.2398 14.3713 39.2715 
9.1609 13.2462 10.0828 6.3016 27.6566 
8.5005 15.3556 7.6711 4.9866 22.7452 
15.867 28.1038 18.0011 18.0427 7.9055 
7.7067 15.263 6.6186 9.5569 14.4439 
15.8672 17.5737 16.5336 19.4081 14.4324 
16.6262 8.0079 18.5899 15.833 35.5505 
14.7836 4.402 14.7831 15.0643 35.8257 
4.831 10.6503 4.5562 1.0008 25.2925 
17.8847 9.379 16.422 15.0002 35.2097 
13.9197 21.8128 12.9153 13.729 19.0308 
12.9021 11.7958 12.3722 13.5019 20.4434 
20.2388 25.1398 17.3028 15.3701 27.599 
17.4019 15.0419 18.2347 22.3022 30.102 
19.6098 13.5433 18.6508 16.4477 44.5667 
10.593 20.8674 11.4302 10.1258 22.0208 
15.7243 5.9918 15.2678 17.5173 33.7825 
8.9704 22.2533 11.4214 7.7811 21.7644 
17.4057 11.2911 13.9651 17.4794 24.4422 
19.1248 25.547 20.2889 24.2344 2.9949 
11.3706 14.7329 12.6514 8.8318 36.1197 
7.83 13.9599 7.6511 12.9241 17.9806 
12.0667 2.7209 12.4278 11.6559 28.7231 
16.1298 22.3215 17.1406 18.4034 10.865 
16.8097 7.0177 14.5804 13.2429 39.3348 
10.0621 19.5396 10.8157 11.1284 12.3051 
16.9997 21.5645 14.4415 11.4672 27.9583 
11.3008 17.5638 10.8115 9.1864 25.5431 
18.8506 25.5485 16.6158 22.121 7.2529 
19.5914 16.9047 17.0902 23.558 27.3557 
13.3109 21.213 13.6965 12.816 28.1864 
12.658 13.9483 13.9888 10.6321 38.5583 
17.3404 12.188 19.4476 15.3586 46.5893 
21.9447 12.0834 20.0024 16.4765 37.3579 
14.1703 6.5545 13.1958 11.7615 31.2399 
14.4101 5.7073 17.1405 19.133 33.1479 
13.8615 13.8848 10.9457 13.9221 19.9961 
18.7786 20.4138 19.0829 26.4143 21.3408 
19.1702 19.2651 19.9809 22.8295 24.5821 
5.8429 18.7502 6.5278 6.8616 16.2106 
9.509 19.5135 11.0185 15.6087 13.123 
19.4494 27.8518 19.376 20.7853 10.3906 
9.9468 6.1483 7.3821 6.1913 32.8226 
18.2661 13.8004 21.9436 26.1856 34.0682 
13.7639 26.4484 14.7116 11.092 26.878 
14.9851 30.1974 17.9294 20.3013 6.864 
21.2123 31.5049 21.4971 23.8588 9.2615 
9.4017 3.3174 9.3549 9.7844 30.8098 
18.2205 27.4897 18.0454 13.7126 29.1948 
12.7908 7.4096 11.7461 13.4782 28.4561 
18.8853 10.402 19.8991 16.448 44.3446 
8.6999 11.5981 9.7527 6.4369 33.1641 
7.1349 15.4107 7.854 6.1621 23.4754 
16.1036 26.0451 17.8344 17.3779 7.558 
7.4761 14.1684 7.3874 11.0861 15.3917 
16.6453 21.1733 13.4754 20.9307 16.961 
17.6179 7.6177 19.1231 15.8687 36.6539 
15.8706 4.0543 15.3318 15.0643 39.7786 
4.6032 12.7009 4.4191 1.1334 23.9824 
15.6306 9.3409 15.9719 12.051 41.6018 
12.505 23.4923 13.674 14.9147 23.8052 
13.0713 15.1215 12.0657 14.1511 22.1014 
21.6211 29.5601 17.3368 19.7644 26.4113 
18.4892 17.0522 15.3504 21.9086 27.034 
19.839 12.1814 19.6352 14.2993 42.9397 
10.8281 22.9345 12.2238 9.8526 23.6698 
16.6271 7.8024 15.418 16.5325 34.863 
9.3543 20.2841 11.0263 7.0796 26.2475 
18.0243 13.1759 13.9923 16.8897 30.1499 
20.4633 33.471 19.8356 22.353 2.4426 
12.7422 14.2145 11.9924 7.1589 33.6925 
10.2685 16.0858 8.1394 13.6282 16.3889 
13.2468 2.5936 12.3065 12.4037 29.8769 
16.5143 20.9349 13.5458 19.5769 10.769 
16.3245 7.2156 14.112 14.1408 33.3945 
9.472 21.8833 9.8503 14.3167 14.0916 
17.4449 21.1666 17.7779 12.1818 34.2294 
12.6381 19.2937 12.3864 8.989 28.3896 
19.0327 31.8514 17.9009 21.1074 6.2965 
18.7173 19.8768 21.1565 24.8845 23.6998 
14.5971 19.7244 15.8884 11.8176 31.5737 
12.0196 14.6181 12.7396 8.4693 38.3644 
21.0943 11.1683 19.3717 15.2102 40.8764 
22.7674 10.3323 18.5143 16.8594 37.6658 
15.8304 6.1993 16.0088 14.8478 34.1406 
14.9184 6.3018 16.3698 15.0686 33.9307 
11.6617 15.5382 12.4698 17.5614 22.1747 
21.1054 21.214 21.6321 20.7602 22.1094 
19.1439 17.4383 20.2021 20.5725 24.095 
6.1706 18.1164 6.8362 6.7705 16.05 
10.438 17.9808 10.7281 16.2995 12.7527 
16.2485 27.9102 15.5395 20.3278 10.322 
8.8794 7.271 9.2956 6.7218 30.2757 
22.2884 14.4151 20.0512 26.2907 32.1735 
15.4298 21.5421 14.7824 11.4122 28.7089 
EOF