I 50
J 5
bounds (0, 100)
cv 1.5
D 1
k 5
t 3
FLR 0.8
FCR 4
abounds (80, 120)

a 
128.0 103.0 141.0 
93.0 122.0 117.0 
102.0 120.0 129.0 
116.0 134.0 98.0 
95.0 115.0 111.0 
94.0 101.0 120.0 
111.0 116.0 127.0 
126.0 130.0 100.0 
89.0 118.0 118.0 
123.0 120.0 100.0 
109.0 105.0 128.0 
110.0 124.0 110.0 
117.0 126.0 131.0 
125.0 118.0 110.0 
116.0 122.0 132.0 
117.0 121.0 126.0 
104.0 105.0 130.0 
123.0 116.0 126.0 
110.0 107.0 114.0 
106.0 108.0 116.0 
114.0 96.0 119.0 
98.0 124.0 118.0 
131.0 97.0 106.0 
111.0 117.0 126.0 
107.0 96.0 122.0 
112.0 116.0 126.0 
110.0 106.0 117.0 
107.0 105.0 111.0 
129.0 125.0 116.0 
107.0 138.0 111.0 
105.0 120.0 108.0 
112.0 116.0 116.0 
126.0 126.0 114.0 
112.0 111.0 137.0 
136.0 81.0 116.0 
124.0 124.0 112.0 
124.0 105.0 120.0 
112.0 104.0 115.0 
128.0 129.0 103.0 
114.0 115.0 100.0 
94.0 119.0 102.0 
115.0 108.0 116.0 
120.0 111.0 109.0 
129.0 116.0 100.0 
113.0 101.0 114.0 
102.0 132.0 136.0 
119.0 119.0 102.0 
113.0 137.0 119.0 
109.0 114.0 118.0 
111.0 98.0 121.0 

Icoords
27.3823 92.8338
82.745 16.9965
47.4703 27.1644
58.5082 51.8685
10.7962 47.0237
41.7128 31.2948
80.7089 26.4732
71.6872 91.6324
22.2872 38.9863
27.0283 55.4089
61.9944 95.7609
96.8484 69.9125
56.8574 13.1326
55.5766 29.8377
79.8049 19.3854
43.2877 62.0348
95.6727 2.6343
50.853 26.7137
55.7733 16.7869
23.7746 37.7898
91.1031 34.6011
46.9513 13.8103
22.6763 94.6216
49.3855 70.3894
4.4209 80.2654
45.7156 22.1327
71.6027 66.2443
14.5939 11.5356
41.6191 94.68
51.9645 3.2936
9.4775 77.9485
5.6355 41.2503
84.2654 98.3536
83.5903 29.0062
84.4464 50.1483
61.2938 9.9765
17.0876 71.5312
26.941 97.4009
0.9859 58.2791
12.9159 40.1941
49.4178 40.3848
76.9969 70.2601
81.6507 99.3037
21.8323 63.2465
66.8355 17.7484
34.423 56.1279
57.5479 35.8787
57.1962 65.4358
27.5816 90.4708
76.565 88.1178

Jcoords
3.024 65.0384
13.8865 19.1054
36.794 25.2851
97.6698 93.931
92.3029 74.443

C
14.2843 25.724 24.6275 25.1519 25.789 
30.3713 24.0567 15.5953 29.7174 18.3328 
21.2381 13.3106 3.7996 25.2604 22.2115 
17.5811 21.2464 12.2814 17.609 12.6231 
7.4398 8.6176 13.4505 38.1487 30.8464 
20.2677 11.3952 2.6894 30.9422 22.8132 
28.6211 23.4086 14.5412 27.5656 18.0131 
27.7672 35.1863 23.2461 10.3084 8.6484 
12.6329 7.3252 6.6008 34.5328 28.277 
8.9178 13.4629 9.7788 29.8515 22.7981 
23.2395 35.6574 22.828 12.242 13.1989 
35.1752 34.4577 24.5038 9.1492 1.9362 
23.1822 14.0434 7.8486 30.0891 24.5955 
25.0669 14.1116 7.6088 27.6431 21.2282 
32.1135 19.8944 15.694 25.3733 19.7548 
14.6321 15.6825 11.8488 20.2188 15.6437 
39.3984 26.1631 24.6537 35.0663 21.8754 
18.4113 14.8135 4.6408 30.4476 23.2379 
23.7129 14.494 7.2367 28.9258 24.4964 
11.2443 7.3291 5.4914 33.177 25.2884 
36.1577 29.2894 20.8783 22.9576 12.6157 
24.6447 12.2358 5.8187 29.993 26.2284 
13.5777 23.895 25.0346 24.8314 24.9516 
14.3228 18.9922 14.6996 21.068 13.9973 
5.4757 22.4902 21.3677 32.1564 31.9535 
19.2838 11.8363 3.2559 26.9683 27.8862 
26.2697 25.9181 19.2433 12.9558 7.7704 
21.5783 2.4663 10.0744 42.6022 37.1126 
18.9888 26.9361 22.6634 21.8841 19.1175 
27.0008 14.1709 8.2688 33.0412 24.9538 
5.0112 20.3224 21.0668 35.009 31.8998 
8.7252 7.3638 13.7277 37.6778 29.4474 
28.5109 40.4769 26.4891 4.9248 9.9009 
27.3772 26.4717 16.6088 24.926 17.3631 
30.4272 27.52 18.2961 15.4359 8.9878 
26.7045 15.1931 9.4584 34.0732 26.5043 
5.3518 17.0754 16.7649 30.6532 28.558 
15.9959 28.3294 27.3675 27.1855 22.2863 
2.1759 16.2581 19.1843 38.4162 32.7731 
10.5387 8.1868 10.106 31.4208 26.7852 
17.0116 12.8514 6.4536 22.8348 18.565 
24.0788 24.924 18.2119 11.8513 5.1109 
28.4323 33.8291 26.8911 5.7548 10.1912 
6.8489 15.8951 14.93 29.2143 27.2931 
24.5739 20.9853 11.3081 32.1101 20.591 
12.752 15.6901 11.5785 22.9081 19.706 
23.8484 15.622 8.8964 27.458 19.8313 
19.6813 23.4975 15.7675 17.2947 13.3015 
12.4905 22.3162 24.4308 25.9642 21.9899 
25.8672 35.2212 29.5365 6.8628 6.7509 
12.8762 28.6172 26.0529 26.6282 21.6798 
33.3497 22.6582 16.4451 25.8774 18.49 
17.7928 13.359 3.4028 26.1458 24.6743 
20.2898 21.6782 11.5949 18.4423 14.4845 
5.8957 10.8479 10.8376 34.7919 30.0553 
18.3631 9.7425 2.7585 30.5811 22.893 
33.9637 20.4909 16.2457 25.0198 18.1464 
27.9733 34.3887 26.8668 10.1832 8.0874 
11.0842 6.6518 6.4372 29.4117 24.0232 
7.8833 13.9533 11.9702 27.9285 27.1429 
25.1877 33.5306 27.8875 10.981 13.0359 
28.3168 36.0532 27.0477 7.4573 2.132 
25.5079 17.0933 8.4163 30.243 22.3363 
21.7525 13.186 7.1469 30.3575 20.3095 
31.1844 23.0189 13.4191 23.2039 20.1274 
12.6053 17.9511 13.0355 23.8061 16.8774 
38.8287 28.9413 23.5497 29.9616 24.3052 
23.0264 12.9566 5.524 26.229 20.2731 
22.0544 13.3949 6.8104 27.4773 20.5445 
11.5663 6.4687 5.634 31.126 30.7207 
29.4666 24.7767 16.977 18.8866 14.5569 
22.3773 12.4501 4.9529 30.1542 28.1062 
11.6066 24.2827 23.3222 29.0462 28.714 
18.3597 23.6139 18.1883 18.3123 14.0145 
4.7417 23.2576 22.9692 30.5165 28.5362 
22.5825 10.4743 3.4546 34.2887 27.0736 
23.4644 24.9791 17.2168 11.5488 7.2293 
18.6881 2.6085 10.1397 35.3361 34.8931 
17.5434 30.6875 23.3312 18.3526 16.678 
23.7074 12.7031 10.2965 40.4819 26.7123 
4.7182 18.1037 23.1314 28.7798 26.3455 
8.7181 8.8951 11.0458 40.3926 31.8232 
28.0192 31.8388 29.7741 5.4216 8.5135 
31.2429 26.3661 15.5385 22.8333 14.3189 
26.2307 28.26 16.5976 15.6554 9.2686 
30.3763 18.056 10.6197 34.3843 22.9633 
6.0721 16.0722 19.9269 32.811 27.2182 
15.3963 25.9958 24.951 21.3362 23.9905 
2.4914 15.6642 18.4685 31.2028 30.1301 
9.2417 6.6711 9.8442 36.1575 29.3012 
17.5265 16.3759 6.3827 24.4566 20.8048 
27.8237 25.6796 23.7436 9.4534 5.3457 
32.189 35.614 31.6253 6.3141 8.4223 
6.8281 17.3482 14.4036 29.5988 27.6356 
27.8145 17.1081 12.0886 32.2498 21.3989 
11.6684 15.0889 11.0032 24.2197 21.0598 
22.5314 17.6893 8.8545 24.8893 17.355 
19.8655 23.9859 15.9071 18.9034 11.6922 
13.4273 27.7881 22.9825 22.8626 21.0364 
26.3528 36.7315 22.9257 6.6351 7.2826 
13.5193 29.8464 20.474 21.4614 26.538 
33.7127 26.9914 18.2101 24.2708 22.8053 
21.8979 13.1345 3.3659 25.1351 25.3845 
20.6833 18.6114 10.6921 22.7182 14.2569 
6.4137 11.2271 12.9862 32.3533 30.7089 
19.6106 10.1739 2.9177 28.7249 25.1604 
27.1641 25.6607 16.2896 24.8807 19.4838 
23.8351 30.0391 29.8729 7.8383 9.9556 
12.6005 7.7893 6.4153 30.3352 30.0506 
8.5273 12.9378 11.6599 29.1434 23.7228 
23.1663 29.5848 26.6077 11.9991 13.3694 
37.43 34.2534 28.8359 8.6685 2.3912 
25.134 17.2061 8.7635 28.3602 23.4482 
21.4552 15.0329 6.658 27.321 19.8588 
32.2474 21.1007 14.1789 28.6848 17.6997 
14.7532 16.489 14.4499 18.9264 20.1487 
44.5145 32.7122 24.8619 29.9251 28.3813 
22.4871 11.5526 5.5395 31.4961 21.0381 
26.6583 15.2827 6.3861 32.1826 21.7321 
13.1144 7.4263 7.1395 34.2628 23.5165 
33.0638 27.2811 17.3242 20.1401 12.9625 
26.9121 12.4334 4.9636 29.2439 24.1235 
13.0024 26.7383 26.9451 28.5962 26.8437 
15.7696 24.5994 16.8209 19.8755 16.7864 
4.8518 22.9667 20.1554 37.6791 30.0863 
21.5959 11.9514 3.2465 34.0228 25.9809 
25.4535 23.8464 16.1687 14.2791 8.425 
18.7866 2.734 10.0274 36.4008 32.8335 
14.6723 30.0032 23.4982 18.6049 18.6754 
24.3692 14.9708 9.1851 38.0863 28.2826 
4.571 20.0863 21.0312 29.8105 28.2522 
8.0791 9.0062 11.6795 36.5325 30.0785 
33.9374 35.1457 31.9263 5.3524 8.0343 
33.0433 24.5215 14.2663 24.8131 17.5713 
28.2503 24.3671 20.6718 13.8672 8.0915 
28.7248 18.9637 11.2813 28.7115 22.9776 
4.7198 17.7319 18.1976 29.1728 25.1558 
15.5572 26.7022 27.8115 26.2649 27.5582 
2.3248 13.0205 17.1977 36.8808 36.1116 
9.576 8.0116 9.5908 37.452 32.016 
20.5527 15.9203 7.8628 21.7176 18.6964 
26.1997 25.4846 19.9915 10.2139 5.0236 
32.9866 37.5354 32.2225 6.0606 9.7612 
6.7582 15.3299 12.3349 32.6176 27.764 
26.4722 19.3592 9.5705 27.1132 24.1771 
12.6018 15.5376 11.7796 27.9997 20.9201 
21.8884 16.4873 7.0719 22.9487 19.4731 
18.0615 21.2905 16.6997 15.5177 12.2649 
10.6273 25.8261 26.2478 27.1431 25.277 
27.9791 35.5289 28.3765 7.4166 8.2645 
EOF