I 50
J 5
bounds (0, 100)
cv 1.0
D 10
k 5
t 3
FLR 0.4
FCR 2
abounds (80, 120)

a 
102.0 103.0 110.0 
107.0 91.0 101.0 
95.0 109.0 89.0 
94.0 78.0 105.0 
91.0 94.0 99.0 
92.0 105.0 105.0 
110.0 100.0 95.0 
107.0 97.0 104.0 
113.0 100.0 103.0 
114.0 115.0 100.0 
109.0 97.0 109.0 
115.0 114.0 101.0 
101.0 83.0 83.0 
100.0 96.0 105.0 
110.0 106.0 98.0 
106.0 108.0 97.0 
80.0 92.0 97.0 
109.0 98.0 102.0 
103.0 112.0 122.0 
116.0 110.0 107.0 
100.0 107.0 94.0 
91.0 105.0 101.0 
99.0 85.0 99.0 
93.0 102.0 101.0 
75.0 91.0 103.0 
112.0 98.0 90.0 
99.0 99.0 94.0 
105.0 84.0 92.0 
112.0 85.0 94.0 
95.0 101.0 120.0 
116.0 92.0 101.0 
87.0 106.0 111.0 
113.0 98.0 108.0 
107.0 82.0 112.0 
114.0 106.0 114.0 
100.0 98.0 93.0 
87.0 93.0 83.0 
95.0 102.0 97.0 
93.0 117.0 111.0 
99.0 97.0 98.0 
123.0 103.0 101.0 
104.0 97.0 113.0 
105.0 103.0 91.0 
94.0 110.0 102.0 
105.0 96.0 109.0 
105.0 99.0 97.0 
88.0 99.0 105.0 
106.0 94.0 107.0 
101.0 108.0 104.0 
103.0 115.0 104.0 

Icoords
49.6342 19.9523
14.1484 19.0012
84.3049 10.7271
79.4484 61.5352
47.5413 27.877
21.7085 67.886
30.0039 29.7248
45.5612 20.0868
43.4423 74.4216
95.888 45.1866
13.8723 97.0698
7.4908 86.9305
88.9983 98.1607
94.5714 88.7045
84.7404 77.5536
65.6624 40.197
17.8879 58.0826
29.5573 3.0419
62.6691 45.2973
2.5815 95.0759
55.3962 25.4831
99.902 23.0594
36.6522 94.3913
57.5967 64.4069
14.6652 59.1835
53.9066 39.5457
94.1072 95.1303
59.9268 61.7597
77.5228 95.89
67.5925 51.0243
65.3465 44.1743
59.5604 60.6249
71.8915 9.6908
86.3301 70.3628
30.6787 21.3862
21.5359 63.9908
24.0246 68.7383
25.6122 14.6117
24.5739 13.5077
73.3187 79.6116
18.2505 32.886
23.2865 91.2448
39.162 32.3155
74.005 6.9212
0.2101 27.0489
7.0813 47.9167
34.8106 73.2741
31.3693 63.2477
49.3569 75.6346
83.3233 20.7647

Jcoords
84.6791 79.9009
24.9453 88.4871
48.5447 2.4416
47.2223 97.2972
33.4293 29.8581

C
20.9919 27.4848 6.7336 28.3916 6.6266 
36.081 26.405 12.5939 25.626 7.4348 
24.1213 32.0678 13.2257 31.2765 16.8986 
6.4335 19.4934 23.7737 14.88 20.0733 
22.0075 20.1106 8.2118 23.02 5.3453 
21.0206 6.4105 22.0616 13.6196 13.0442 
28.6522 19.8348 10.3579 23.639 1.1419 
24.0996 27.0685 6.591 25.8869 6.0706 
12.5505 8.6118 26.8943 7.1899 14.9813 
12.6911 30.6355 24.3722 27.287 19.3837 
24.8084 5.0057 39.1431 11.1992 24.0727 
30.3288 6.9937 30.5007 13.9651 20.0797 
7.4342 22.1546 34.5418 15.9451 27.8068 
5.2241 26.6391 34.4751 16.9054 31.7886 
0.8021 23.7614 26.4893 16.7337 22.8239 
15.6942 25.2471 12.54 23.2455 12.2099 
26.4897 12.0013 19.4394 16.2637 10.8454 
30.9755 27.9898 6.4361 30.8499 9.9924 
15.7398 19.2909 17.7966 16.7077 12.7303 
28.7116 7.3463 41.2608 13.6233 28.8148 
22.018 24.324 8.0265 23.1144 6.7396 
22.102 31.3808 21.5831 33.1985 24.0216 
17.8488 5.0387 36.7803 4.0846 19.4035 
11.1357 13.9603 19.0311 13.164 16.4139 
24.2701 11.4622 23.2427 19.2484 11.0189 
15.6562 18.8405 13.1626 20.7782 6.9047 
7.1199 24.6863 38.6894 15.2726 29.2757 
9.9645 13.7177 20.5542 14.1035 15.5723 
6.4202 17.373 38.5287 11.3416 25.8846 
11.9281 18.9935 18.1389 18.2919 14.5081 
14.8717 23.6385 17.6623 19.7745 13.7265 
10.3758 14.2327 19.2692 12.8187 14.9597 
27.7824 35.1384 7.8399 35.9503 16.5681 
3.8255 22.1456 28.0972 18.6381 20.681 
28.7921 21.9546 9.7468 26.5632 2.9688 
23.5658 8.3966 24.9164 15.6929 12.7666 
21.086 6.3423 23.9554 11.6304 12.8605 
33.65 29.2485 8.5829 26.9208 6.4696 
28.0138 26.3181 10.1066 31.212 6.4988 
3.5729 16.3822 24.9307 9.946 25.3293 
30.8522 21.0458 15.2296 26.5628 5.1309 
21.7637 1.2551 36.0438 9.0411 20.2212 
20.6966 21.7228 11.0189 25.3865 2.0888 
27.9093 34.0375 9.154 32.1241 16.1783 
32.752 26.4458 17.9961 28.3845 12.135 
30.19 17.4081 20.8314 24.4941 12.0839 
16.5158 5.9962 25.3613 9.7912 16.3631 
19.6482 9.1493 19.6885 12.1541 12.4178 
14.1924 8.7069 27.9468 8.2477 16.867 
19.3781 33.4307 14.1438 26.1221 19.0692 
25.5333 25.8239 5.4809 24.8398 6.883 
28.1976 26.6863 12.4946 27.4874 8.5987 
22.2051 33.8385 12.8219 28.3193 16.3985 
7.5754 21.1108 21.2663 17.441 19.185 
22.7362 22.8791 8.3519 22.9089 4.4533 
22.9053 6.6774 25.2234 14.0051 12.702 
24.541 22.6128 10.3744 23.8412 1.3674 
23.8852 21.7819 5.6139 29.5012 4.9506 
12.8334 8.391 27.9045 8.2936 16.1871 
13.5629 25.5822 20.9534 26.7094 21.4867 
26.4477 4.4831 30.6977 11.0558 25.3327 
30.135 5.7934 33.4409 16.0715 20.7818 
5.9912 23.936 40.2884 13.6093 27.0408 
4.4428 23.9097 35.2866 16.7611 29.9387 
0.9167 21.9318 29.8411 15.1862 27.3424 
15.3817 22.4804 13.1245 21.5534 12.4333 
23.103 9.832 24.9981 16.2735 10.9807 
29.3014 33.954 7.2777 35.1556 9.5643 
12.7419 18.6314 14.1552 20.2662 11.2654 
28.4111 8.5959 36.6383 16.8504 22.8701 
23.1674 26.9201 7.4832 26.0056 8.8652 
18.7067 34.5049 18.1464 35.4106 22.3845 
18.802 4.6533 34.3048 3.6033 24.9473 
10.7582 14.1713 19.8202 11.0188 12.8216 
22.1016 11.0771 23.7714 17.1782 11.4367 
18.9955 21.8375 14.8721 21.7781 7.9943 
6.6201 26.2496 36.0247 17.4926 28.0459 
10.2039 13.6473 21.9857 12.3108 14.5397 
5.6284 19.7836 38.0493 9.8189 28.2825 
11.1765 20.3275 17.3405 17.9835 15.9388 
14.5873 22.1693 17.5723 18.7248 11.1099 
11.0059 13.9527 21.0398 15.1287 15.658 
28.1393 32.8087 8.7591 28.2051 15.4911 
3.1537 20.7439 23.7602 15.0102 22.5265 
26.8015 24.2174 9.0151 29.7952 2.9002 
23.6048 8.4832 22.9268 14.7886 10.8617 
24.0772 6.8702 25.7579 12.094 14.6365 
30.8767 26.1899 9.489 31.2623 5.5119 
30.1632 27.3978 10.3443 32.1234 5.954 
3.6354 18.6789 24.493 12.055 25.1444 
30.2093 21.4882 16.08 23.0527 5.0768 
22.2882 1.1145 30.6428 9.8213 23.5374 
23.4359 20.7261 9.4251 25.6942 2.0258 
23.1373 29.3545 9.428 28.825 15.2974 
34.0872 21.7501 20.7406 28.4183 11.0381 
30.8111 17.4125 21.176 19.7149 10.1737 
19.2525 7.0424 28.5937 8.7069 15.3336 
17.2466 8.2742 21.0091 12.4058 10.608 
10.8694 10.1442 25.8534 8.5198 14.8265 
17.9407 33.4307 13.8922 30.4293 19.977 
26.3735 24.6293 6.0108 25.691 7.4242 
36.8638 26.2996 12.2503 33.5815 6.8374 
25.7123 30.0623 12.3668 36.4751 21.6056 
6.8249 19.0374 26.1144 15.3518 21.118 
21.6559 20.6798 9.645 24.9707 5.5505 
21.5334 6.7295 24.6575 14.8773 13.271 
27.0419 23.2144 13.043 24.9988 1.0928 
26.3295 22.0391 5.3723 25.2845 5.7248 
15.4375 7.9449 26.3458 8.9683 14.1226 
12.6801 25.8399 23.8492 23.6435 19.4287 
26.1052 4.4957 38.3066 13.2803 26.3407 
25.9883 6.1877 37.1232 16.0264 21.5529 
6.9182 22.9319 38.4699 15.6484 28.7842 
4.4216 26.3049 38.8065 17.5599 30.4394 
0.8927 22.0229 33.2263 13.3123 27.5456 
15.0031 21.4129 15.3921 21.4274 11.015 
22.0841 12.2011 20.926 15.108 10.7971 
31.8457 29.4445 6.0942 32.7774 8.662 
13.23 19.7726 16.5738 19.1108 11.5895 
26.3573 7.8639 39.6372 14.8212 28.0068 
23.6124 21.294 8.2717 27.8414 6.7508 
18.489 38.0768 16.6799 32.8435 23.4336 
15.185 4.1629 33.3034 4.2808 23.4354 
10.7114 12.4187 22.0683 12.3673 12.8765 
26.0225 9.9995 26.3092 17.6143 11.7221 
19.9597 19.6253 13.5712 19.8829 8.6082 
6.7795 26.9166 40.0527 15.756 32.9831 
10.6734 13.5416 20.3549 14.2959 13.1462 
5.786 20.3995 38.4407 11.1839 24.4633 
13.1327 19.2716 17.4397 16.0876 14.5282 
15.6029 19.3329 13.7798 17.7875 10.6027 
10.7273 16.2545 18.908 13.8518 12.6023 
23.3007 29.7452 9.4583 31.5817 14.0188 
3.8255 24.8018 29.2398 16.3255 25.8978 
30.1537 21.8873 8.2938 24.1158 3.3064 
20.8764 9.2277 24.4929 12.8075 12.8786 
24.4657 7.7598 27.2847 12.0424 12.6365 
28.4819 27.8965 9.9693 33.5698 6.0687 
29.2856 29.6397 9.6077 27.0284 7.4118 
4.382 15.5854 29.8261 10.8917 22.5553 
28.6467 21.2978 15.3714 24.889 5.1835 
21.5015 1.1161 28.4178 8.977 21.4469 
23.6071 17.4813 11.7423 23.3173 2.2292 
22.857 28.9071 9.9114 32.2938 16.0525 
39.6173 22.0945 20.849 32.0192 11.4682 
25.4563 13.4406 22.8745 25.4295 12.2021 
15.4241 5.706 23.5215 10.3022 16.5586 
21.4019 10.4124 21.9885 14.8546 12.0598 
14.1213 10.7043 28.1005 6.6217 15.0058 
23.2939 29.1211 12.9173 32.714 19.4952 
EOF