I 50
J 5
bounds (0, 100)
cv 0.5
D 100
k 5
t 3
FLR 0.6
FCR 2
abounds (80, 120)

a 
123.0 89.0 94.0 
104.0 104.0 123.0 
125.0 85.0 102.0 
115.0 107.0 96.0 
116.0 90.0 104.0 
98.0 116.0 118.0 
108.0 128.0 132.0 
113.0 126.0 119.0 
119.0 115.0 109.0 
110.0 111.0 98.0 
109.0 92.0 108.0 
98.0 100.0 106.0 
112.0 93.0 97.0 
97.0 112.0 95.0 
118.0 123.0 129.0 
84.0 116.0 132.0 
105.0 108.0 114.0 
119.0 125.0 114.0 
104.0 106.0 115.0 
103.0 114.0 91.0 
110.0 95.0 111.0 
109.0 107.0 107.0 
113.0 104.0 99.0 
116.0 99.0 113.0 
114.0 119.0 94.0 
127.0 115.0 119.0 
101.0 99.0 116.0 
101.0 104.0 114.0 
113.0 101.0 121.0 
109.0 112.0 111.0 
113.0 95.0 118.0 
95.0 101.0 125.0 
105.0 103.0 120.0 
105.0 102.0 110.0 
116.0 102.0 112.0 
109.0 109.0 111.0 
105.0 106.0 110.0 
102.0 101.0 96.0 
93.0 108.0 114.0 
130.0 105.0 122.0 
106.0 95.0 106.0 
105.0 101.0 108.0 
108.0 101.0 120.0 
125.0 106.0 104.0 
101.0 97.0 111.0 
115.0 111.0 108.0 
103.0 105.0 111.0 
107.0 93.0 105.0 
93.0 118.0 109.0 
105.0 99.0 122.0 

Icoords
84.4454 12.5435
63.698 37.4343
46.4182 10.5277
33.2346 79.6484
33.6023 16.3476
3.435 68.815
67.0518 93.2266
2.8442 73.3717
68.1168 3.3427
81.6254 19.4179
59.015 7.9251
31.9811 68.3184
73.2969 94.2336
49.5684 45.4291
52.4812 18.2882
10.2012 13.8677
37.6606 34.5719
49.9023 21.7006
43.5038 81.4339
71.3039 51.8915
86.3782 29.6339
50.9348 56.8516
4.4586 79.8147
66.0288 37.4717
82.0246 47.2122
35.3694 66.0593
7.0728 37.5233
92.4746 96.6264
2.9472 72.7952
9.2099 70.5714
3.1208 41.7979
57.2277 61.6049
69.0921 40.9602
21.9448 47.7858
60.6902 79.4477
75.3748 35.8047
76.4852 50.0911
44.8905 30.4524
12.2851 53.3689
34.6449 79.0953
91.2064 85.9528
27.9164 4.5807
2.2008 63.1796
37.7959 57.3124
42.4998 6.616
43.895 40.2839
77.7128 83.3553
5.5231 10.5349
80.3226 6.0577
22.6888 31.2548

Jcoords
44.145 72.0284
57.3143 96.8687
15.4138 37.1613
69.534 25.9529
92.4981 89.2963

C
21.9577 34.2991 27.8062 7.2656 30.5069 
13.9479 22.709 16.3638 4.7525 22.0975 
20.9307 27.1695 14.5549 9.5625 34.4587 
4.3996 9.3459 18.4108 24.3441 18.8657 
20.9113 27.4903 10.4152 14.6133 33.4991 
16.2448 21.3459 11.6425 23.7993 27.9646 
9.9811 3.9922 29.3989 24.0735 8.7208 
15.9629 22.9576 13.6148 24.8598 27.9455 
26.3932 29.4212 18.7986 8.8058 26.9732 
23.8165 28.631 21.3458 4.2319 23.2383 
23.3741 28.8764 18.4628 6.723 30.3481 
4.5756 12.6378 13.166 20.5619 21.7769 
11.0194 6.1295 25.6869 23.8593 7.5616 
9.1321 19.8298 11.9128 9.6896 19.6165 
17.3318 31.4601 14.0634 7.4504 25.4141 
24.593 29.9396 7.5595 23.3848 38.8042 
12.5863 24.9536 7.2611 11.9889 30.9268 
17.4307 23.9212 13.6441 6.47 24.2488 
3.4127 6.4226 20.59 19.8805 17.3029 
12.5772 14.8467 21.0503 8.8552 14.5786 
20.1664 23.0144 21.9582 5.3363 18.2266 
6.5375 15.589 14.365 11.126 18.212 
13.4271 19.1387 14.5237 33.021 32.4708 
14.9542 21.9961 20.1553 4.6584 17.679 
15.3651 17.477 21.907 9.0368 13.8083 
4.2358 14.302 10.6094 20.7106 20.229 
17.4068 27.7358 3.1601 22.2079 38.897 
16.3176 11.7719 35.9173 22.3059 2.803 
15.39 19.0327 12.3901 30.0331 30.6867 
11.105 17.7792 13.5891 28.5272 30.1004 
18.7735 28.325 5.0596 24.5115 39.1194 
5.8362 12.2189 14.787 11.6769 14.9773 
15.0015 20.8145 17.3008 5.5086 16.713 
11.6465 20.9569 3.8536 16.9694 26.0148 
6.6293 6.752 19.6884 18.4514 10.925 
16.8161 24.3826 19.9721 3.5172 19.2479 
14.5294 15.5655 22.2233 8.6209 15.2712 
14.3793 23.1084 11.0462 9.344 27.9601 
12.2655 19.7781 5.4753 22.1528 33.8294 
4.1855 10.5805 14.2875 22.32 22.5525 
16.9565 12.9679 31.7561 21.3264 1.1846 
21.9148 32.4278 13.4075 16.8612 34.7697 
14.2406 25.5923 9.3642 26.39 31.386 
5.8483 16.4441 10.4325 16.1381 22.2796 
21.9986 34.9013 12.8027 11.6665 35.0836 
11.6982 17.4579 8.9107 9.7281 24.8767 
13.5261 9.3201 28.7038 21.4708 6.3434 
25.7061 35.9417 11.177 22.8931 38.9325 
25.1224 32.4041 24.3424 8.0797 30.4699 
15.693 27.8063 3.3107 15.0909 29.8868 
22.5109 30.7647 27.4617 6.8464 26.4476 
14.9373 21.6151 17.8027 4.531 18.7695 
19.1029 33.8182 13.3778 9.2763 29.6494 
5.069 8.887 16.7153 20.3775 23.8013 
19.9082 31.1333 9.2238 14.7435 33.1428 
14.4807 23.7939 12.1806 29.4951 30.688 
11.4667 3.8601 25.4963 23.7772 8.3578 
13.3885 22.7085 15.0445 29.6059 29.976 
27.9792 30.4851 22.4932 8.5453 34.898 
22.867 24.6047 22.5317 4.3858 22.3897 
24.3743 32.2658 17.1609 8.2905 28.7114 
4.3302 14.6837 12.0614 20.3072 20.2397 
13.5296 6.4453 30.8325 22.3959 6.6416 
8.7928 16.9896 13.0443 9.8904 22.1637 
19.9313 28.1377 13.1941 6.4445 30.7773 
23.7984 34.263 7.6216 18.2864 37.3864 
11.9743 25.9792 6.7393 11.4837 24.6981 
16.2859 23.9589 12.8618 6.2049 28.1558 
3.1666 7.7978 18.7969 20.7691 17.9778 
11.404 18.8034 18.4262 9.9654 14.4668 
18.419 23.1023 21.9796 6.526 22.6647 
6.5325 13.656 15.5468 12.2223 18.0116 
14.8911 21.2381 13.458 26.998 31.0983 
13.3549 20.5613 20.1857 3.6314 19.7856 
17.3622 21.1599 26.6024 9.1009 14.2984 
4.1318 11.953 13.1765 16.6802 23.3373 
16.0191 29.4775 2.8537 19.6606 31.5851 
20.5258 12.5806 36.5208 27.4997 2.6916 
13.1485 22.8737 12.9602 27.1592 34.1287 
13.4442 20.937 12.4405 22.5996 32.8236 
16.7606 27.8537 4.4092 22.2037 38.0162 
5.1152 10.7379 18.3373 14.0531 15.3988 
12.9375 17.9691 17.3061 5.423 20.9181 
11.962 23.879 3.8686 16.0793 25.0489 
5.4525 5.9411 18.6662 20.7612 12.3534 
16.027 24.1215 21.5795 4.3224 19.2985 
13.0679 16.258 23.6529 9.4775 14.9705 
15.9095 22.6219 11.282 7.6681 24.0242 
13.0704 20.4293 5.1435 21.2641 28.4768 
4.5005 9.0826 15.3117 19.116 20.3789 
18.8558 10.8814 27.5466 21.9707 1.2316 
26.1882 33.7935 11.5928 18.6904 38.5407 
14.5106 22.5822 11.6228 27.8134 28.7447 
5.2297 13.6784 9.282 14.9246 21.779 
19.7477 30.374 13.9213 10.6927 38.1658 
12.2474 20.5227 9.0597 9.7252 25.0976 
13.1046 8.1896 30.1851 19.9748 6.1761 
28.3638 38.4787 9.3165 19.9368 37.3602 
23.1963 30.952 21.6505 7.928 29.1491 
17.3517 24.401 3.5965 17.3397 29.2967 
24.0701 30.0737 26.5529 7.815 28.0142 
15.7519 19.7919 17.5226 4.6482 19.0068 
22.1123 34.0097 13.2674 9.8543 32.7065 
5.3178 10.6484 13.9187 23.009 20.0306 
18.9335 30.0505 10.2576 13.7355 30.8458 
15.3015 24.2131 11.4699 30.1569 32.799 
9.7844 3.593 25.2676 23.6897 9.3877 
14.0703 19.7483 13.5535 28.8203 30.0033 
24.5236 36.181 20.0886 7.4103 28.0274 
24.8436 28.4281 27.3643 4.4449 25.169 
24.5257 31.3228 20.9511 6.8691 30.2425 
4.0097 13.4394 14.0587 18.6144 20.0028 
11.8036 5.7666 24.4189 21.924 6.1024 
9.6506 17.2601 12.8932 8.5851 21.5745 
19.3168 28.1299 13.1483 7.0484 28.5521 
22.2967 37.6034 9.1158 19.9031 37.431 
14.3767 23.9672 7.223 12.7318 26.4257 
17.4206 29.9109 13.0848 6.3033 31.2558 
3.0582 8.2638 18.2358 21.241 18.3797 
12.5637 17.4609 19.218 10.1136 16.754 
18.072 26.8453 25.2052 6.5622 22.6887 
6.461 14.0775 13.3334 11.7859 20.2578 
15.4775 20.1717 13.4095 33.7728 30.1774 
15.5882 21.1376 17.0525 4.1069 21.7001 
17.104 19.1243 20.9841 8.9924 16.818 
4.2092 15.119 10.95 16.0585 23.4607 
16.4699 26.1884 3.1617 20.5563 31.5351 
17.9987 13.6109 32.2185 27.9901 2.471 
12.5428 18.8959 12.005 30.6274 28.2463 
12.5841 21.71 13.5483 22.7872 33.02 
16.8115 27.6219 5.0766 24.2316 35.3745 
5.2792 13.5096 19.1946 14.4717 15.6723 
13.8062 18.4148 17.5429 5.2368 17.6152 
9.924 23.5583 4.3126 20.6397 29.9195 
6.7671 6.4734 19.6822 17.2531 12.2069 
16.2709 22.6123 19.1324 4.0762 17.0013 
14.7053 15.4947 21.468 8.7842 13.1113 
16.3628 24.7368 9.8975 8.0163 27.4984 
12.8599 20.9113 6.5317 19.4614 31.2981 
4.0316 10.0332 14.2645 24.3098 20.7431 
16.8436 14.1714 29.0339 22.4109 1.3961 
27.5617 32.5246 12.6607 14.3161 41.6938 
15.1922 21.9944 11.1472 29.4753 35.4656 
5.906 15.8751 10.0139 13.6173 22.8689 
22.7838 35.6604 14.0927 13.1157 32.8419 
11.1808 17.8301 9.5898 10.204 24.9388 
12.2508 7.4262 30.8599 19.0877 5.6646 
26.2943 30.8172 9.9897 20.9508 40.8568 
27.1162 28.1697 26.3937 7.283 29.8053 
14.8083 26.456 3.2929 17.6414 27.8805 
EOF