I 50
J 5
bounds (0, 100)
cv 1.5
D 100
k 5
t 3
FLR 0.6
FCR 8
abounds (80, 120)

a 
108.0 126.0 98.0 
116.0 108.0 106.0 
127.0 118.0 121.0 
128.0 124.0 125.0 
118.0 122.0 96.0 
119.0 103.0 113.0 
109.0 105.0 113.0 
131.0 100.0 131.0 
106.0 111.0 134.0 
129.0 134.0 131.0 
114.0 128.0 114.0 
118.0 127.0 102.0 
131.0 120.0 130.0 
111.0 113.0 101.0 
127.0 116.0 127.0 
98.0 118.0 114.0 
104.0 131.0 128.0 
119.0 121.0 120.0 
117.0 110.0 101.0 
110.0 104.0 129.0 
116.0 101.0 94.0 
110.0 127.0 117.0 
117.0 120.0 108.0 
134.0 87.0 123.0 
104.0 96.0 123.0 
102.0 111.0 121.0 
129.0 112.0 125.0 
100.0 104.0 108.0 
127.0 108.0 122.0 
108.0 106.0 114.0 
110.0 125.0 115.0 
117.0 111.0 103.0 
104.0 95.0 103.0 
111.0 111.0 96.0 
122.0 110.0 126.0 
102.0 108.0 108.0 
93.0 146.0 132.0 
124.0 121.0 114.0 
107.0 122.0 119.0 
122.0 118.0 137.0 
100.0 125.0 127.0 
124.0 124.0 119.0 
116.0 102.0 103.0 
113.0 113.0 113.0 
137.0 116.0 108.0 
124.0 120.0 106.0 
119.0 139.0 106.0 
104.0 114.0 113.0 
114.0 107.0 105.0 
110.0 115.0 113.0 

Icoords
74.0981 81.3197
71.769 31.5186
87.1521 19.1922
94.6287 36.2695
39.7512 60.5343
57.0031 4.2902
13.3507 5.7484
96.6237 49.2266
61.7805 75.6936
74.0913 63.2169
72.524 18.4843
53.8762 65.4722
40.7821 20.8094
69.4303 8.0786
25.447 47.4158
10.0465 30.8194
26.7833 23.876
91.2385 7.7859
38.3625 58.9466
66.7929 73.6293
67.8543 24.2798
29.7497 60.8507
25.2409 69.3138
10.8439 80.9579
96.8425 77.383
3.6044 81.8532
2.5639 96.2934
87.1494 9.3434
13.6434 16.8545
30.4576 83.9138
27.5901 71.9098
73.3444 33.6238
76.1116 83.3119
15.3013 47.2143
43.7483 0.6689
15.75 65.3398
52.8781 97.2328
78.5908 93.2001
5.8853 13.9277
6.4223 78.0688
15.1571 14.8711
43.4655 36.7961
8.9074 96.2977
91.9167 57.5253
18.8299 54.2591
55.3974 62.9227
60.0336 12.3457
82.0108 91.3114
5.2402 48.9851
53.2301 71.9505

Jcoords
38.2594 68.6054
3.9624 13.4559
92.4833 1.0846
28.4868 41.8402
27.0799 59.9425

C
13.9332 31.2885 26.4477 22.2717 18.222 
16.7944 22.0759 12.2371 17.1621 18.4575 
24.1004 28.1849 7.2862 19.5573 22.0092 
25.8902 28.7957 13.3105 21.3399 24.4507 
3.1009 22.0227 25.771 7.3923 4.3446 
24.4784 19.8836 12.3404 18.4029 22.0206 
21.2371 4.249 28.1012 12.1952 19.7572 
23.5658 31.5161 16.419 21.5272 27.3296 
8.6619 32.111 24.9703 14.7384 12.5871 
14.4106 29.3225 23.6769 15.3969 15.0707 
20.066 23.4285 9.9878 15.6571 20.3057 
6.2278 28.5407 23.5811 10.9711 10.7337 
17.1396 13.7234 20.8174 8.9138 14.2217 
25.4285 22.137 9.2484 20.3569 22.96 
9.8429 14.732 26.3535 2.1001 4.1082 
15.8116 6.5793 31.4611 8.5716 10.5501 
15.2526 9.8292 27.5591 7.0645 13.0962 
28.2708 28.3808 2.2813 27.5948 29.1875 
3.375 22.4026 25.4876 6.0739 3.7219 
9.784 32.9458 25.6044 14.9585 14.5759 
19.8746 19.8684 12.0611 16.3848 19.1761 
4.2529 17.4008 34.0865 6.0529 0.9221 
4.013 19.5998 37.6189 9.3092 3.4189 
11.8084 21.0341 35.806 13.2513 8.036 
19.1158 42.3728 25.7774 24.2381 26.1319 
14.41 22.4346 41.9255 14.9178 10.2919 
15.2105 26.6278 51.1656 18.4967 16.8892 
27.0504 29.7174 3.5236 21.1045 25.5492 
17.8282 3.5151 25.9617 9.9916 15.1155 
5.9002 25.044 39.4772 14.8346 7.933 
3.5016 22.3696 35.4938 9.055 4.7038 
17.1722 23.8076 12.4048 15.8519 19.7205 
14.2171 40.0197 30.7614 23.0122 21.1996 
11.6762 11.5774 32.5049 5.1757 6.4772 
23.7667 13.7407 15.3911 13.8313 22.0061 
8.402 19.6011 30.6356 9.2002 4.4163 
11.7551 32.6542 40.3673 18.6538 14.8956 
14.4929 34.8732 29.0557 21.5326 20.3257 
19.2599 0.7173 32.0591 11.4679 16.2978 
11.2562 20.9109 42.735 14.8084 9.6492 
18.5238 4.3296 31.2847 10.3096 18.6394 
9.8664 17.2199 18.7096 5.0703 10.249 
14.9469 28.0255 45.2031 21.6724 15.5342 
18.0476 31.766 20.5624 21.778 22.3972 
7.5741 14.6872 32.0947 6.1668 3.7909 
6.6192 22.322 23.8528 13.0042 10.8486 
20.4929 21.4346 13.6637 16.9984 20.4183 
19.6184 43.0821 29.021 23.09 24.5816 
12.0257 11.1172 36.7656 9.4239 9.544 
5.5423 25.9414 25.1782 15.3669 10.2124 
15.131 29.932 32.613 19.159 19.2808 
18.8337 24.588 13.9012 15.9785 18.7488 
27.4232 25.2413 7.3164 24.5315 28.5567 
21.0293 35.3308 12.5455 24.0879 23.0478 
3.018 19.2078 31.0635 7.7634 4.9903 
24.4516 19.593 12.2763 18.7942 20.8327 
25.4088 3.6756 25.1206 13.8585 20.7188 
21.9115 30.9202 18.9462 21.6917 27.8714 
8.3524 30.2081 25.527 18.1855 14.6183 
12.2945 30.1222 25.0312 19.0736 18.294 
21.9663 21.3387 7.9595 16.6042 20.5149 
5.9061 22.514 24.2117 13.4649 10.8048 
18.8291 12.0112 19.5558 8.429 15.706 
26.6608 23.9434 9.099 17.5231 22.873 
8.6964 13.8961 28.5537 2.048 4.8409 
16.7877 5.7385 26.8077 7.2547 10.1789 
17.3122 7.8022 23.2406 7.0393 11.1089 
32.1908 28.7219 2.2711 27.4306 25.3592 
3.2456 22.665 27.809 7.4309 4.1523 
10.4996 30.3794 27.1974 17.7361 13.3787 
21.1377 23.4455 11.8108 15.5916 20.4166 
3.9363 19.5968 29.4682 7.1808 0.8931 
4.2516 20.1736 37.7817 9.3673 3.2642 
9.3036 22.5947 34.8351 14.4915 8.9788 
19.0862 42.2375 27.9325 30.1474 27.4047 
13.8349 21.8874 40.5564 15.3042 12.3182 
15.2782 29.3618 40.2698 19.6607 15.9246 
25.3679 27.0605 3.6111 20.7021 25.7142 
22.7337 3.627 28.9928 10.5554 16.8081 
5.9466 22.6728 36.9523 13.0445 8.3276 
4.3303 23.4667 32.0357 10.1259 4.184 
14.9228 27.9333 13.0315 14.4108 18.3526 
13.5917 32.6083 29.9397 24.1741 20.3631 
10.2641 13.1657 29.7175 4.5649 5.7436 
26.9496 13.2517 14.7819 14.1211 24.5367 
7.6196 19.5479 31.2261 9.0906 4.8543 
11.7872 33.5758 40.3153 23.9497 16.6278 
14.7055 40.7601 28.7204 27.4018 21.5397 
24.3815 0.748 31.5075 12.0318 17.6352 
11.0469 22.9089 35.4605 15.4871 9.1545 
19.3895 3.498 27.5381 9.5304 17.7535 
12.0324 15.3984 21.3963 6.2604 9.7953 
12.3562 25.8346 44.4683 19.0335 13.2906 
21.3569 36.2323 18.8747 25.326 19.9447 
7.4099 14.1574 29.4693 5.3881 3.6757 
7.0128 26.2326 22.2736 13.0042 10.8286 
22.4716 19.5783 10.5998 14.7614 19.1273 
19.505 37.5149 33.8805 22.9005 22.0323 
12.1678 12.1055 38.9453 8.0985 7.7041 
4.8321 23.9912 27.6734 13.5703 10.8483 
12.4007 37.8175 28.4397 20.4499 18.7798 
17.869 23.1846 13.9711 13.905 17.3029 
24.5453 30.9367 6.9766 18.9536 21.9584 
22.6994 30.572 13.5114 23.7826 24.3004 
3.2101 19.7814 27.0425 7.8703 4.6351 
22.0936 20.7664 13.085 17.1675 24.289 
21.156 4.5223 27.7841 15.2792 18.2254 
21.7209 34.4761 17.627 21.068 22.5307 
8.033 31.4909 31.1503 17.2169 11.8897 
14.0265 26.0377 20.6963 19.0283 18.8501 
21.596 21.1599 9.4344 16.1855 22.6063 
5.8328 22.8744 24.0015 13.7702 10.6106 
18.0681 12.2816 17.1376 9.3328 12.5839 
21.364 23.3588 7.9716 18.595 25.7856 
9.6448 14.3221 29.0671 2.3744 4.0715 
18.2307 7.2435 27.9207 8.5372 12.5271 
14.4722 8.2161 22.0653 5.8501 13.3992 
25.4639 31.337 2.5539 25.4029 32.8007 
3.6107 20.9483 25.5273 6.623 3.6279 
8.7033 30.0749 29.8756 16.5066 16.5627 
17.9772 20.808 12.5077 14.82 18.4503 
4.5926 17.5519 32.3016 7.339 0.9596 
5.0365 18.9662 33.5284 10.366 3.1505 
10.0343 23.3614 39.5636 15.4913 10.4792 
19.6963 40.1741 30.4163 26.4569 22.2488 
13.6235 24.7807 47.4139 16.6847 12.7003 
13.6158 32.8497 41.1604 19.5039 17.297 
25.6138 26.3525 3.8844 23.009 30.1438 
21.8455 3.8866 30.6008 9.3086 16.1581 
6.3744 23.0642 36.0106 13.3477 8.8795 
3.5775 22.4453 34.0145 9.7619 4.7026 
17.4248 26.2354 12.3444 17.9041 20.0452 
13.1166 38.7142 25.1943 19.4189 17.2345 
10.9702 11.2391 32.5678 4.4111 6.6576 
24.9526 16.6952 18.7198 14.727 20.8793 
8.3702 21.1707 36.5105 9.3098 4.8982 
11.7711 32.5475 35.8231 18.4662 17.0631 
17.7241 38.7396 34.2166 25.8592 23.5876 
23.6317 0.5995 34.5541 13.9173 18.841 
13.1195 25.3207 42.5965 16.7342 9.2067 
18.6642 3.7688 28.5827 10.2945 15.8747 
9.6988 16.8391 18.279 5.9918 11.2756 
12.1666 29.5027 50.5875 19.8669 12.8761 
17.2094 31.4512 17.3225 23.9146 20.6194 
7.463 15.6382 35.5467 5.8223 3.8841 
5.7904 28.0167 24.2638 10.9531 9.0063 
18.8701 18.2828 12.6195 15.353 19.7236 
15.8426 38.5733 34.0349 27.4485 22.8167 
12.9629 13.0548 37.2832 7.6996 7.6724 
5.777 26.5303 29.8283 14.3575 11.4612 
EOF