I 50
J 5
bounds (0, 100)
cv 1.0
D 1
k 5
t 3
FLR 0.6
FCR 4
abounds (80, 120)

a 
91.0 95.0 95.0 
112.0 122.0 121.0 
90.0 117.0 104.0 
98.0 92.0 108.0 
122.0 87.0 100.0 
117.0 93.0 86.0 
114.0 108.0 111.0 
116.0 101.0 91.0 
106.0 103.0 126.0 
126.0 92.0 113.0 
98.0 86.0 109.0 
104.0 92.0 116.0 
106.0 125.0 115.0 
108.0 94.0 98.0 
99.0 88.0 104.0 
102.0 108.0 104.0 
93.0 98.0 103.0 
100.0 92.0 103.0 
104.0 98.0 111.0 
106.0 118.0 106.0 
100.0 99.0 94.0 
86.0 92.0 91.0 
90.0 104.0 108.0 
90.0 94.0 102.0 
102.0 96.0 100.0 
113.0 123.0 113.0 
97.0 107.0 128.0 
98.0 98.0 109.0 
110.0 98.0 102.0 
100.0 107.0 99.0 
105.0 116.0 106.0 
112.0 114.0 109.0 
104.0 111.0 93.0 
111.0 103.0 106.0 
113.0 103.0 98.0 
101.0 118.0 95.0 
108.0 111.0 107.0 
110.0 103.0 99.0 
105.0 98.0 99.0 
103.0 117.0 85.0 
85.0 111.0 97.0 
107.0 90.0 89.0 
100.0 94.0 125.0 
111.0 118.0 105.0 
109.0 114.0 95.0 
102.0 106.0 101.0 
109.0 101.0 105.0 
104.0 104.0 110.0 
115.0 98.0 113.0 
101.0 115.0 106.0 

Icoords
56.9187 38.3555
28.3912 10.9356
60.6263 72.6475
83.2447 55.3938
72.81 49.3984
53.0767 27.9947
95.7635 18.0499
17.2029 63.1632
83.9276 61.9769
44.0504 27.2602
31.3147 92.8583
51.2084 69.9336
41.9237 40.6323
17.3141 7.5984
96.2493 33.4797
39.1609 59.2296
92.6303 66.54
26.4995 96.8351
10.29 44.6419
38.6756 47.4358
25.2504 23.0954
50.7438 94.9884
32.4585 19.3258
74.8535 22.4059
2.6429 51.5568
44.3402 61.7489
64.365 47.4576
94.6778 93.2143
50.7095 21.4235
71.4066 99.8311
36.9459 12.5306
3.5593 74.8486
25.1911 49.4255
21.7045 56.7657
57.2699 23.4491
5.5227 79.0884
25.7137 25.8172
30.5471 59.8382
37.6859 46.4683
21.8971 9.4878
80.3204 1.5078
84.624 79.6631
10.2946 56.3898
57.2821 63.9999
14.3649 74.5417
43.2149 95.5252
13.1652 22.261
8.5993 75.864
65.1403 60.7428
20.4019 70.0119

Jcoords
13.1094 66.5379
34.7074 85.9371
93.5081 15.3822
86.3518 15.9994
38.2359 61.708

C
18.7945 19.2924 17.208 11.31 10.3476 
22.1776 26.8101 22.3871 20.9395 20.0924 
16.2983 10.8936 25.7138 23.7602 8.7519 
23.9889 21.643 14.5483 13.5582 14.6484 
21.9877 19.0259 14.7687 12.9996 12.1844 
17.2625 20.4722 14.5228 11.0853 13.4891 
35.9255 32.2305 1.0644 3.565 27.7679 
2.0913 11.0529 35.5531 26.2907 7.8704 
21.7295 20.6597 16.245 17.5049 17.2855 
16.3453 18.0209 19.9743 17.2122 11.305 
11.9116 2.8874 32.5572 36.5179 12.5278 
12.0067 7.0317 24.5884 23.0651 5.4269 
12.5503 17.4145 22.0484 19.746 7.7432 
19.2631 28.2307 27.7411 26.9286 18.6397 
26.9935 26.0952 5.8206 7.322 25.7292 
8.3823 10.1455 27.1987 24.7611 0.8365 
28.9297 23.1693 19.2075 19.1442 17.2181 
11.2457 4.7519 32.0218 32.679 14.8107 
8.1265 15.5244 32.3033 28.8205 10.1411 
11.9296 13.6397 21.8679 18.2858 4.6664 
16.649 21.1492 23.6095 19.1918 12.4331 
18.5741 6.0179 30.173 29.1471 10.8046 
19.3888 23.6138 20.0721 19.1901 15.1121 
28.5211 23.38 7.6563 5.0939 18.903 
6.1624 15.4153 33.7219 29.9491 14.7124 
9.722 9.3624 24.5932 19.7518 2.1353 
17.7201 16.3383 14.4618 12.4505 9.6133 
29.5048 18.8299 23.8349 25.6985 20.3487 
18.7286 23.7359 16.7489 12.6257 15.7004 
26.565 13.0948 27.4275 27.4194 19.5818 
21.7952 25.9319 17.6245 17.3198 16.9425 
4.0423 12.8284 33.5132 34.0993 13.4945 
7.095 15.036 24.7383 22.2339 6.3803 
3.9121 10.3767 30.8463 22.9359 5.2091 
19.8425 25.1928 11.4346 9.1954 13.482 
5.0302 10.7289 34.348 37.7024 11.5984 
13.0268 20.8506 23.2255 23.275 14.9085 
7.1883 8.2007 26.0588 21.8926 2.7782 
10.8675 13.8731 25.4682 22.2491 5.3221 
22.004 23.8902 25.1127 24.5073 16.9895 
35.987 30.5162 7.3256 5.7104 24.0922 
25.7608 20.1237 23.3935 20.9594 16.6237 
4.1704 13.7176 36.3562 29.4864 9.6564 
16.101 11.8262 21.4873 19.2144 5.8855 
3.1969 8.8604 37.3602 34.9712 9.4587 
15.1748 4.4582 31.2235 31.6651 11.1809 
16.9713 22.6872 27.4891 23.2702 15.097 
3.5812 9.9539 39.8434 36.5725 11.6235 
17.5486 14.3534 19.9076 18.3063 8.8949 
3.2101 7.12 32.3527 32.8109 6.3444 
17.6954 17.528 15.1213 11.3322 10.1382 
20.1997 22.7382 20.0635 19.6886 16.9273 
18.9908 9.8159 25.7996 19.0878 8.6198 
22.036 18.1735 14.8953 13.4594 14.053 
22.671 20.5304 15.4098 11.8535 13.935 
19.8777 20.6971 13.1421 13.243 12.2477 
29.0643 28.6148 1.0724 3.3723 23.052 
1.7443 8.913 32.456 28.3079 7.5225 
24.6177 17.5996 14.4801 16.1375 13.7215 
18.7203 20.3381 19.5826 15.1635 13.3697 
11.7387 2.7733 33.6103 35.6954 10.4633 
14.2328 8.0063 24.899 23.7281 5.261 
15.3943 15.3363 18.0281 17.338 7.664 
17.8981 28.4233 29.6023 26.9147 20.647 
27.074 28.3028 5.914 7.6213 21.9873 
9.9949 9.3088 21.1026 22.7899 0.9777 
31.4903 19.0889 18.3735 16.7251 18.3103 
13.0443 4.8338 34.8064 33.3026 13.0996 
8.4444 15.6011 27.3458 30.2997 12.5675 
10.4838 13.3843 20.2928 21.9007 4.9976 
15.7514 23.456 20.8068 19.7761 15.2155 
14.5262 6.4377 29.5947 27.6568 11.9921 
16.2305 23.0073 21.7361 19.039 16.7119 
29.2573 26.5815 6.1752 4.6898 18.3497 
5.976 14.334 33.2818 35.8971 12.673 
10.553 7.9461 21.5182 20.3792 1.8905 
20.1649 17.4848 15.1118 15.1487 10.7085 
31.616 18.3043 26.2402 25.947 25.313 
19.4862 23.6296 14.3327 14.1218 14.4437 
21.9462 13.185 26.6419 30.1614 15.3825 
17.9344 22.8327 18.0323 18.553 16.2538 
5.0121 12.1077 35.2708 34.6377 14.7293 
6.9085 13.1192 26.0665 22.2758 5.5758 
4.3728 9.8689 29.4871 23.8301 6.5256 
20.8296 23.5186 12.4963 10.6364 14.5887 
5.127 11.4574 39.888 40.276 13.9062 
16.5349 18.8446 26.4837 23.7725 13.1219 
7.3396 8.3619 28.8488 24.2061 2.8027 
11.0992 13.2161 20.6059 20.7678 4.8097 
18.506 27.3474 26.1258 22.0132 18.3082 
32.6202 36.9841 7.4405 5.2788 28.6095 
28.2111 18.4484 23.3806 25.1691 18.1308 
3.6922 14.5914 29.315 30.4509 11.0842 
14.5347 9.5158 22.8151 21.4478 7.1516 
3.2123 8.2611 30.5522 36.1496 10.4235 
14.4435 3.9698 37.8466 28.0734 13.5838 
15.8024 20.395 25.3764 25.5914 17.49 
3.5481 9.2711 33.526 38.5351 10.6776 
18.9778 14.4719 16.537 18.2172 8.7361 
2.5445 6.6126 36.4413 30.3814 7.2473 
19.602 18.5677 16.9445 14.2743 9.3667 
22.8062 25.9144 23.8295 21.3584 18.3702 
17.5775 9.0295 23.4026 19.9028 9.3948 
25.6009 20.8344 15.0936 15.0756 17.4117 
18.8573 18.8886 13.0485 12.8122 14.4855 
16.7128 21.6089 14.9252 12.7478 12.3435 
36.9796 35.2253 1.3516 3.407 24.8214 
1.7539 9.9442 29.305 26.1484 6.9132 
21.6301 21.2564 14.4326 17.1688 16.6686 
17.8953 23.7427 16.7139 16.8882 13.1216 
12.046 2.3563 33.2527 29.1349 9.8825 
11.869 7.1811 25.9138 22.2025 4.708 
13.5073 15.9556 19.3778 18.2829 6.729 
19.4108 26.8183 29.6023 23.1244 18.3555 
31.5833 28.3109 6.0714 6.9042 22.0002 
8.3607 9.3657 21.1375 21.062 0.9783 
26.7826 20.5305 18.2865 19.4906 19.0857 
11.3219 4.198 33.4352 33.3932 14.7403 
8.0845 15.9418 29.6746 27.1055 11.3002 
10.1551 11.7045 25.3358 20.0333 5.5945 
15.5935 19.0839 24.42 23.7683 13.6593 
16.9606 5.9608 30.5074 26.799 12.3298 
16.1897 21.5944 24.2933 20.1135 13.6279 
30.1604 26.4462 7.9194 4.6596 20.1009 
5.9778 16.0452 33.1155 28.2666 12.1548 
11.9179 10.0211 21.0924 18.8201 2.1188 
17.9006 18.2718 14.7088 14.5116 11.155 
26.5097 23.2096 26.7851 26.5994 19.5213 
21.3773 23.8356 13.6541 11.5008 15.9366 
21.3621 15.3198 30.8232 27.1129 18.0153 
21.5945 28.6932 20.6318 14.9127 17.4837 
4.4373 10.4512 42.6463 40.1025 13.0532 
6.6027 11.7835 28.7685 23.8231 7.02 
5.1289 12.6411 27.2578 29.0654 6.7361 
21.3973 25.5582 13.5024 10.2101 16.4433 
4.6768 11.8321 38.8886 39.6916 11.8132 
15.6142 23.2821 23.2873 21.8068 11.7953 
6.2748 8.4729 25.9277 26.4486 2.5282 
11.8194 12.2028 19.3663 18.2988 6.048 
22.7313 23.7507 26.8156 22.7452 18.4395 
28.5053 29.3358 5.8862 6.219 23.5193 
27.6149 16.1946 22.3098 21.8001 19.5833 
3.2004 12.6559 29.0831 31.2776 8.7206 
13.8091 10.1988 20.8871 17.2447 7.2591 
3.1629 8.0326 32.8742 31.5752 9.4505 
16.2949 4.6313 37.0992 29.5571 12.7259 
15.8644 22.5461 31.6177 25.7162 14.5828 
3.8609 9.1843 39.2284 38.3192 13.1014 
17.9098 13.0417 17.0827 15.6621 10.4375 
2.4968 8.1775 35.5652 30.7138 6.0395 
EOF