I 50
J 5
bounds (0, 100)
cv 0.5
D 25
k 5
t 3
FLR 0.8
FCR 10
abounds (80, 120)

a 
107.0 118.0 109.0 
116.0 110.0 115.0 
116.0 122.0 92.0 
103.0 106.0 108.0 
115.0 100.0 93.0 
95.0 100.0 127.0 
116.0 106.0 100.0 
107.0 104.0 123.0 
105.0 114.0 110.0 
114.0 107.0 111.0 
115.0 128.0 112.0 
113.0 93.0 116.0 
114.0 118.0 123.0 
126.0 113.0 103.0 
116.0 96.0 118.0 
106.0 96.0 133.0 
107.0 105.0 96.0 
98.0 98.0 104.0 
106.0 108.0 95.0 
122.0 126.0 96.0 
116.0 101.0 112.0 
130.0 103.0 101.0 
86.0 114.0 118.0 
107.0 107.0 119.0 
118.0 117.0 137.0 
112.0 129.0 128.0 
120.0 113.0 104.0 
124.0 98.0 89.0 
104.0 118.0 113.0 
102.0 103.0 107.0 
94.0 98.0 108.0 
109.0 117.0 99.0 
99.0 129.0 116.0 
104.0 95.0 107.0 
124.0 107.0 93.0 
108.0 104.0 105.0 
120.0 111.0 103.0 
119.0 107.0 119.0 
119.0 108.0 122.0 
96.0 114.0 112.0 
102.0 126.0 130.0 
126.0 116.0 110.0 
122.0 89.0 124.0 
100.0 98.0 117.0 
103.0 116.0 105.0 
118.0 115.0 105.0 
122.0 111.0 110.0 
117.0 120.0 99.0 
124.0 100.0 93.0 
118.0 99.0 108.0 

Icoords
57.1202 10.3536
21.0411 21.9908
7.2117 72.3662
19.0142 13.1546
89.674 59.8813
36.3612 80.607
35.6946 86.7135
57.206 61.3413
22.8259 38.5214
1.9385 75.6099
80.8855 87.0083
73.6327 96.0171
46.4077 40.4277
54.4988 46.4611
84.7766 7.2442
36.6524 55.1265
54.2339 35.8325
47.9903 93.6682
42.8074 8.8921
2.5467 79.3174
77.8331 51.5275
1.2085 12.0706
66.502 98.3425
87.4867 34.1883
5.9626 81.393
12.7356 50.0926
97.8355 99.7001
88.0495 15.2538
83.999 65.5296
64.6254 66.1688
93.4946 77.1117
51.6464 15.7797
79.1135 4.5862
92.4761 32.8005
92.2658 13.2981
73.2269 74.7966
55.1248 29.9995
65.6044 68.6281
71.5839 96.9018
68.8254 59.7011
69.0746 17.622
58.8879 0.4135
89.2709 18.8233
10.6541 28.4711
10.4695 26.5113
20.691 9.214
53.0118 29.6296
1.7259 15.232
43.0092 74.8681
84.5617 12.0206

Jcoords
71.563 28.4732
10.0492 37.4307
11.4601 46.389
81.3732 49.8412
22.2903 67.3378

C
8.2629 21.1729 19.9455 15.4732 21.0775 
17.3285 6.2317 9.515 20.8055 15.2333 
28.5954 13.8835 9.1549 27.3289 5.1452 
21.1719 8.6486 11.1585 22.0451 17.3269 
11.8085 30.4692 26.2156 4.9634 25.9723 
21.7213 18.981 16.7881 17.8777 7.7305 
25.6361 18.8613 14.1704 19.0493 9.0566 
14.0491 20.8105 16.4981 8.064 12.7891 
19.2131 4.7805 4.1525 20.2449 10.4679 
31.7906 14.8397 10.0098 25.8213 8.6535 
20.3839 27.7025 26.3264 12.8498 21.8 
20.32 27.2261 24.5892 17.7542 21.7536 
10.305 14.0966 11.444 11.428 13.5763 
9.3425 15.6529 13.0192 8.4346 13.8638 
9.8971 29.3685 26.5294 14.5291 27.8286 
16.6245 10.2212 9.0419 15.8558 6.5283 
6.1696 14.7099 15.6623 12.1341 17.8971 
27.4877 22.6991 20.7444 19.1283 13.1206 
10.5412 15.6797 18.0785 21.5384 21.5188 
32.2746 16.9915 11.2131 26.7957 7.0644 
7.7576 25.8728 23.5663 1.4367 19.1208 
26.8882 10.2244 12.8081 29.7488 20.4487 
27.9229 29.4243 24.5686 18.4759 21.5135 
6.0703 24.1972 25.0402 6.5907 28.627 
28.5557 13.4751 10.9311 30.2049 8.1113 
24.6122 4.8073 1.4352 21.0719 7.5568 
29.4941 42.3841 40.4488 18.3667 26.3485 
6.5572 29.3228 31.0862 10.7686 29.2765 
12.3907 30.077 23.3693 5.6532 23.2063 
15.1628 22.3837 20.563 8.7454 16.7075 
18.5407 33.5504 33.9883 11.2926 24.2424 
8.97 15.2173 16.6551 15.2626 19.5551 
9.7652 28.1968 29.0351 14.5314 28.436 
6.8959 26.0467 31.0847 6.1524 26.4942 
8.9507 25.8084 28.4135 13.6131 31.2982 
15.8297 23.4735 26.467 9.8574 17.4414 
5.3769 15.729 15.8714 12.5858 15.5629 
13.8387 25.3332 19.638 9.188 14.053 
23.3068 29.0618 28.6779 14.9203 17.7094 
10.6614 24.205 19.0626 5.8152 14.7886 
3.882 21.5359 24.1618 10.7736 23.3543 
10.8411 24.1451 25.8205 18.9242 27.0327 
6.3646 25.5851 32.5079 10.5881 29.509 
18.2849 2.9185 6.8856 24.5051 15.9688 
20.9842 3.3897 7.8515 28.5735 12.955 
18.8916 10.3197 12.2458 26.2896 18.4438 
6.4553 14.4619 14.4718 12.9902 17.0381 
21.822 7.2356 11.9013 27.4507 18.4744 
21.3661 18.9341 14.3911 16.7648 7.74 
8.297 26.8849 30.4451 12.9692 28.811 
9.0762 18.4305 18.8868 17.3686 24.6372 
18.9177 6.7795 9.2266 25.8956 17.624 
27.2556 12.6918 8.052 30.7237 5.9797 
17.2802 9.2387 11.3732 25.4166 16.4258 
11.5801 32.3306 23.9536 4.6351 23.0367 
23.7028 15.4062 12.9498 21.3561 6.1832 
22.134 19.9835 18.5928 21.7203 8.821 
14.2212 18.9917 16.8302 8.4761 11.0071 
16.2672 4.3932 5.1035 23.477 10.834 
26.7795 15.6047 9.684 29.337 7.9021 
17.8293 26.6304 29.5036 11.4336 21.1139 
21.9148 32.6989 30.7067 16.3449 20.2304 
10.4916 13.4837 14.1774 11.1166 14.411 
9.216 14.2786 12.9891 10.2304 12.7622 
8.6019 31.9233 32.0065 13.4394 26.8143 
16.8968 10.2339 8.25 14.6489 7.3974 
5.746 16.0982 16.2703 10.4391 14.743 
25.0821 23.3707 18.8922 16.594 12.8778 
13.8288 16.857 16.9837 21.7859 22.2249 
26.7541 13.4639 10.872 28.2264 8.256 
8.7468 24.4051 20.0181 1.2956 19.1092 
23.883 8.9675 11.9414 29.5272 19.5141 
26.9912 28.353 27.0209 15.2291 18.0791 
6.0618 27.9794 26.2799 6.6629 24.8237 
30.9915 17.3119 10.8036 26.886 7.2237 
22.1428 5.0118 1.3483 24.1743 6.1925 
26.0474 35.3345 37.3834 20.0889 28.8716 
7.5399 28.5686 31.9543 12.4312 30.6355 
12.0233 26.968 23.8644 5.1442 23.8483 
12.2039 21.1624 18.4585 7.3303 14.6323 
18.7008 35.4908 34.9432 11.7552 26.7436 
9.4187 15.6675 15.4276 14.8783 21.5011 
8.1018 24.5183 25.695 15.1703 32.7619 
6.8553 29.3407 25.7697 7.9565 23.8346 
8.1832 25.7313 30.0202 13.2623 33.4555 
16.7289 23.3414 21.4021 9.0174 17.2303 
5.7286 17.3051 18.4785 12.3949 19.66 
15.4909 20.4463 19.6029 9.4554 15.418 
22.7936 30.5594 28.4737 18.0976 17.7497 
10.6394 24.3245 23.1495 5.5423 17.5143 
4.1359 18.8525 22.0624 10.8806 26.9247 
11.3768 21.4365 23.6474 19.8582 30.4957 
7.141 31.3467 29.9406 12.2045 29.4925 
21.5983 2.8116 6.0373 28.7309 13.5792 
18.4414 3.8607 6.2215 26.3192 14.4086 
20.5017 11.7642 13.2876 21.9591 19.3044 
7.223 15.7413 15.2245 12.6072 16.3621 
26.4636 9.4618 10.1126 32.4962 19.1074 
17.9177 18.3006 15.6364 17.626 7.7311 
7.6386 26.2 30.0331 11.9975 31.6264 
7.3013 19.7555 20.0036 16.8774 22.9208 
20.3693 6.0896 8.089 24.4602 17.2747 
30.387 13.3227 10.2262 23.5698 5.1452 
18.1614 8.351 12.4775 22.9712 17.1315 
11.9608 27.1931 26.2077 5.1171 24.5418 
23.4008 18.6321 13.7919 19.8023 6.4153 
25.6019 19.2391 17.2708 22.7183 7.8244 
14.128 16.6336 16.6666 8.2567 14.0645 
19.875 4.6805 5.3371 23.8169 9.4448 
28.7385 12.7749 11.0608 26.4142 7.3068 
23.4305 34.239 26.4069 11.3072 23.9015 
24.0366 32.3358 24.4779 17.6231 19.9599 
9.6115 11.718 10.6428 11.2904 13.822 
8.5961 16.7188 15.7221 9.7022 13.9406 
9.5896 27.7727 32.1976 14.5761 29.6145 
17.3317 11.3778 8.2953 15.2028 6.2644 
5.7837 14.0865 15.7196 11.8959 13.7291 
23.7094 26.8033 19.1372 17.4479 11.9469 
13.7801 17.1655 19.2173 20.5372 22.4974 
32.8318 14.0171 12.8335 27.6205 8.1382 
7.6406 26.0598 22.4613 1.4897 17.3305 
26.7871 8.7151 13.0051 30.697 19.3958 
22.0665 26.2103 24.0085 17.304 19.7045 
6.1938 28.1732 23.8159 6.4142 25.0651 
32.1715 13.9122 13.1315 31.4556 6.7411 
24.6372 3.8896 1.3929 21.3876 6.5297 
28.7273 32.6007 32.4504 19.0913 29.0442 
7.9815 27.8955 28.887 12.8046 26.5586 
12.422 27.1579 26.9778 6.2354 23.6631 
15.205 18.5102 22.435 8.3712 13.8023 
19.389 32.1089 30.3004 9.6035 22.7259 
7.5482 14.0824 17.7513 16.0628 23.0318 
9.8304 22.9582 30.8722 15.6551 28.9185 
7.985 26.2861 24.784 7.928 24.7107 
7.811 28.3361 28.3524 11.962 30.4229 
16.1958 25.3672 23.1357 10.0989 16.3294 
5.2399 18.0681 15.8107 9.8712 18.8098 
15.5843 19.2994 20.4048 7.9102 15.015 
21.0829 30.508 29.5731 17.9438 21.7617 
10.4294 23.9222 23.2908 5.9811 15.2602 
4.2439 22.3827 24.6383 13.1981 23.4499 
9.8004 23.7713 24.7703 18.8101 29.1914 
7.1007 29.0111 32.4171 12.5534 27.491 
18.8391 2.791 5.7557 28.7457 12.3174 
19.829 4.076 6.2673 26.2446 16.3935 
17.771 9.3667 12.3722 28.9478 23.0839 
6.959 13.296 17.3213 10.7056 15.2482 
21.367 7.4656 12.9263 29.3004 21.9195 
17.6017 19.3581 16.7542 17.4107 7.3917 
7.4478 28.6169 29.2173 12.4416 29.3941 
EOF