I 100
J 10
bounds (0, 100)
cv 1.5
D 100
k 5
t 3
FLR 0.4
FCR 2
abounds (80, 120)

a 
101.0 83.0 89.0 
93.0 87.0 94.0 
84.0 90.0 114.0 
100.0 83.0 98.0 
84.0 87.0 72.0 
100.0 110.0 82.0 
87.0 72.0 102.0 
96.0 89.0 82.0 
97.0 100.0 71.0 
92.0 101.0 85.0 
101.0 95.0 96.0 
87.0 99.0 89.0 
67.0 109.0 85.0 
97.0 109.0 99.0 
83.0 71.0 96.0 
104.0 101.0 94.0 
108.0 105.0 88.0 
94.0 94.0 90.0 
82.0 95.0 84.0 
91.0 92.0 99.0 
91.0 110.0 104.0 
95.0 87.0 78.0 
101.0 89.0 86.0 
97.0 82.0 104.0 
81.0 96.0 102.0 
85.0 93.0 80.0 
100.0 80.0 91.0 
79.0 91.0 99.0 
92.0 89.0 93.0 
80.0 85.0 95.0 
89.0 99.0 100.0 
94.0 93.0 95.0 
89.0 104.0 94.0 
93.0 92.0 97.0 
101.0 103.0 90.0 
102.0 109.0 107.0 
88.0 95.0 92.0 
90.0 92.0 88.0 
96.0 81.0 91.0 
68.0 79.0 106.0 
94.0 83.0 79.0 
91.0 89.0 93.0 
106.0 89.0 93.0 
93.0 91.0 97.0 
101.0 86.0 96.0 
88.0 94.0 90.0 
110.0 102.0 85.0 
92.0 91.0 115.0 
97.0 83.0 93.0 
86.0 100.0 99.0 
77.0 87.0 102.0 
98.0 101.0 93.0 
79.0 89.0 90.0 
105.0 92.0 84.0 
98.0 87.0 89.0 
91.0 78.0 86.0 
84.0 108.0 105.0 
97.0 108.0 103.0 
109.0 88.0 91.0 
86.0 92.0 93.0 
103.0 75.0 90.0 
101.0 100.0 85.0 
98.0 104.0 107.0 
84.0 101.0 76.0 
95.0 94.0 69.0 
94.0 93.0 99.0 
98.0 103.0 98.0 
88.0 104.0 113.0 
86.0 98.0 105.0 
85.0 80.0 98.0 
88.0 86.0 100.0 
91.0 81.0 85.0 
92.0 85.0 82.0 
88.0 95.0 88.0 
101.0 100.0 104.0 
96.0 91.0 55.0 
91.0 86.0 115.0 
100.0 98.0 104.0 
80.0 105.0 89.0 
102.0 103.0 81.0 
99.0 100.0 91.0 
78.0 89.0 95.0 
84.0 90.0 91.0 
91.0 91.0 113.0 
98.0 83.0 117.0 
105.0 96.0 86.0 
83.0 82.0 94.0 
103.0 89.0 85.0 
101.0 88.0 94.0 
99.0 102.0 73.0 
99.0 102.0 96.0 
89.0 99.0 80.0 
85.0 94.0 101.0 
88.0 82.0 99.0 
76.0 88.0 96.0 
98.0 92.0 95.0 
80.0 118.0 81.0 
95.0 95.0 85.0 
97.0 89.0 100.0 
77.0 85.0 96.0 

Icoords
19.9248 48.6372
33.7311 64.7346
84.8766 93.4901
94.5673 51.259
70.4597 83.5514
75.6985 20.0463
48.3931 6.8783
34.6658 23.0413
70.042 37.7888
4.7681 98.0643
42.7874 38.5975
24.3644 96.3419
93.6375 54.6116
36.1457 50.0269
40.6078 10.0606
20.6143 65.3066
27.3697 44.6713
17.8566 60.6068
40.7394 22.8053
89.2047 71.1951
53.7114 17.7135
37.8302 29.031
2.8572 25.3093
47.2813 19.1631
17.5632 65.8125
5.1315 1.8634
89.8641 87.475
96.1941 73.6403
21.4022 38.4678
73.3121 79.5977
61.3572 23.8711
65.4309 60.4524
77.2854 23.7438
45.3852 11.2334
2.6735 52.2905
35.3941 9.2546
36.368 35.3394
18.2186 23.938
89.6002 82.8743
72.4064 41.7624
60.4551 14.4643
44.5316 18.9517
7.5659 5.1616
81.6373 54.3276
78.0537 23.2154
26.2428 57.4903
12.9537 12.3986
95.1142 97.909
74.7992 77.3411
91.1694 14.1069
23.0513 73.9019
41.0311 6.0038
42.1328 12.3043
21.5698 76.28
86.1216 96.0374
51.0655 47.0015
59.5381 26.2885
20.2381 99.0566
91.8146 97.3434
5.2972 93.2823
83.6773 57.5077
49.2592 60.5473
78.2841 14.8589
76.7303 39.9045
23.2654 31.2761
17.2081 96.7354
70.926 86.456
90.6326 34.9961
70.437 31.7609
69.8941 6.2127
40.8529 4.1423
38.7153 60.7861
24.6676 85.1853
46.388 28.9636
55.7837 88.6454
63.1667 45.1342
64.2409 18.8314
79.8676 42.0286
36.2616 77.4528
96.1657 22.6132
38.3327 21.4416
2.0916 54.474
73.937 40.011
39.8055 25.8739
9.9487 18.1753
91.134 93.411
38.2056 57.3585
57.7966 0.6456
77.2071 63.6126
40.7205 63.6604
6.8496 28.9768
87.9449 71.9108
37.3572 72.5376
48.8403 58.319
98.5552 99.4687
10.9664 47.2901
79.5291 54.0557
83.5085 21.244
94.8931 37.8007
17.337 54.4589

Jcoords
93.8018 68.8694
33.6385 7.1134
23.2659 15.2608
85.2635 97.0208
20.35 1.6626
21.3497 46.7293
6.4658 78.215
73.3214 17.132
97.8306 7.27
56.4394 37.0465

C
29.0151 17.0021 11.1632 30.1795 15.3472 0.7327 11.9553 20.9616 27.9 13.9717 
23.9045 18.2199 17.8153 20.5542 20.7032 7.8731 11.5488 22.2954 32.8593 12.9271 
8.5741 38.1435 38.1083 1.1529 43.3888 23.7432 30.1086 23.454 27.0021 20.288 
6.5185 28.9074 24.609 16.6712 33.5096 27.355 36.411 15.1433 13.7402 12.5897 
9.9989 30.0943 31.262 7.1612 35.6943 23.4968 20.9537 20.4828 29.3782 14.7854 
19.1935 15.102 20.8233 25.6512 19.4561 21.5119 31.3415 1.29 8.4281 7.794 
30.2377 4.5273 9.6974 34.7882 8.8653 18.7826 32.6762 9.8331 15.8897 10.0756 
25.1902 5.5129 5.3041 31.3786 9.916 9.6958 20.8195 11.7588 25.7161 8.5382 
13.544 14.4147 18.701 18.7751 21.5518 15.1341 30.0006 7.0192 15.6679 4.8879 
28.2875 34.9726 32.2579 28.4414 29.7451 20.1329 5.9805 31.8617 39.2129 29.4081 
21.284 13.1014 11.9541 22.5798 14.607 9.1231 17.3712 14.1197 19.7855 4.4476 
24.0228 34.5739 31.9813 23.6181 35.1576 15.8208 9.0765 36.2509 45.5953 25.2199 
5.1117 25.9264 24.8169 13.1197 29.3664 27.9958 30.6424 15.1215 18.046 13.1679 
22.5037 13.3302 13.0468 22.8269 19.8171 5.718 12.5744 18.6149 23.7022 7.7353 
30.0458 2.7679 5.5745 32.3572 7.603 15.1176 29.3401 10.2583 18.2528 12.4585 
24.6055 21.8972 18.8536 25.8297 20.7481 6.39 7.1878 28.3554 30.7076 17.8321 
26.8102 13.9783 10.7646 23.6577 14.6552 2.4812 13.7662 19.902 27.7128 9.1331 
24.5299 21.0264 17.4952 29.5116 18.4955 4.3489 6.7863 24.8064 34.2121 17.3958 
23.3077 6.0524 7.1658 33.7619 8.9292 11.16 24.504 11.4529 19.6139 7.9509 
1.5997 31.8576 26.1563 8.0203 36.3045 28.7947 32.3841 20.274 23.2152 14.2355 
20.2195 9.0346 9.9452 27.5264 13.0983 13.6828 26.4909 7.5061 18.022 7.7395 
22.1494 7.5469 7.6225 29.4463 12.3046 9.209 19.0051 11.8063 24.1959 7.6165 
31.0179 11.8535 6.9815 38.7364 11.0419 9.9864 17.6691 21.6997 35.3431 16.6752 
25.3393 7.026 8.7322 28.7086 10.9651 14.5405 22.0092 8.3033 17.9261 7.8459 
25.5605 19.3841 20.176 26.9414 24.477 6.6809 5.745 28.2899 38.7558 18.7933 
36.6875 10.9395 8.2317 39.0376 5.435 15.9676 26.437 22.4589 33.6698 24.7791 
6.447 38.3485 34.9129 4.1094 34.4448 31.8301 31.1225 28.4857 26.4931 19.0514 
1.9614 34.4727 30.4071 9.6063 35.0595 27.5113 27.5464 18.9226 23.8939 21.478 
28.9517 11.07 7.2546 28.9122 12.8429 2.9321 13.2393 17.502 27.2417 13.7985 
8.2499 26.566 30.0201 6.3871 33.9691 21.5813 21.0143 23.5995 22.9341 17.321 
17.7521 12.2663 12.9146 28.9051 15.8838 17.1499 24.169 4.78 12.6753 4.6451 
9.0762 19.206 21.3545 14.5018 25.7222 17.6592 22.4776 14.5441 19.7535 7.7879 
14.9926 16.259 17.1481 28.7911 18.4423 23.7906 30.2969 2.7937 8.6929 9.3203 
22.7928 4.7577 6.7651 31.7961 9.1503 16.0669 30.0343 11.0068 15.9941 10.1707 
35.3824 20.5991 15.7829 31.0704 19.1924 7.4244 10.2417 24.7708 35.4233 18.6712 
30.6628 1.0746 4.9372 37.5111 6.0782 14.3712 23.362 11.9154 20.5395 11.8981 
20.9557 9.4091 7.8567 30.3351 11.5307 6.1768 19.7801 14.2742 24.0004 6.7764 
32.2878 8.8481 3.6279 34.9996 7.0219 7.808 20.4368 20.3042 31.3721 13.1967 
5.4948 31.6943 35.2641 4.7037 39.1266 28.0425 28.2851 23.4812 24.7014 21.173 
11.0921 16.3473 19.781 20.4641 24.4508 17.2668 29.5279 9.3192 15.8116 5.2111 
23.0296 10.9444 13.8896 29.7833 13.9852 19.904 30.9016 5.1995 13.6032 8.7342 
27.2907 5.1962 6.7945 29.9919 9.2449 11.8815 24.2016 9.2831 20.6689 7.0031 
41.2461 9.7419 6.7801 45.7066 4.252 15.5467 26.7844 24.0142 33.6599 22.5833 
7.1968 22.6626 25.0119 13.1369 27.1753 21.3344 24.199 13.5152 18.8513 11.406 
18.1681 17.2393 21.2757 28.884 22.1319 23.8178 34.1966 2.3569 7.8195 8.6605 
21.4027 16.7873 13.7375 26.5248 17.1613 4.472 10.2642 22.5281 29.2596 13.033 
33.1453 7.4979 3.3283 39.9932 4.8733 12.0624 20.7268 21.1451 26.0282 16.92 
9.3196 38.202 35.6133 3.0641 43.07 34.2423 34.9889 29.4668 33.225 28.3107 
7.4151 27.6438 26.6575 8.6124 29.6567 20.5727 21.1099 23.5549 26.0517 16.5697 
20.9215 18.1745 22.0922 32.277 24.3396 23.4663 32.8991 6.8011 3.4354 12.8529 
26.4566 25.94 19.1464 24.5366 24.9255 9.4174 5.6621 24.5001 32.2411 15.3517 
28.1939 2.2501 7.1075 35.5501 6.9228 15.9488 31.927 13.5933 21.0267 11.6307 
26.9135 3.8744 7.1213 33.3864 7.673 15.916 23.4644 12.3873 20.1386 11.095 
26.4595 25.3815 22.5675 21.5292 27.8435 11.3566 5.4012 30.4466 40.348 18.8123 
9.3874 38.649 38.6579 0.4941 35.5796 28.3206 26.4384 27.1785 28.4905 21.1122 
17.9495 16.6933 16.3795 20.868 16.9439 8.9805 20.7896 11.7596 21.2811 3.9131 
17.2162 12.8547 13.0491 25.7482 15.9076 17.0531 28.111 5.1231 16.0033 3.8837 
30.2243 32.2507 29.0542 21.2217 34.0977 20.3442 9.1955 31.199 47.691 25.9499 
10.5496 40.4957 41.9638 2.5009 36.6989 33.003 30.7006 26.3163 30.9821 26.0687 
34.2084 28.9546 25.3803 24.0641 36.7214 18.6384 5.4828 37.3922 50.294 27.684 
5.5988 27.7891 22.3071 12.8007 26.681 19.368 26.2523 13.5719 20.3397 10.3257 
14.0698 20.8319 19.226 17.4252 21.4966 11.8966 16.9864 16.4002 23.7408 8.7481 
18.331 15.2748 21.3697 30.5176 20.2615 24.0307 35.3295 2.0835 8.014 11.3897 
12.4332 19.797 20.5694 21.0268 23.9872 19.1615 24.3211 7.2602 12.4202 7.26 
27.4556 7.9648 4.8606 30.1282 9.4894 5.1526 19.3187 15.9585 23.939 12.3947 
26.7582 31.772 31.5932 24.4117 33.1605 15.1435 7.2238 38.441 43.2594 21.8925 
9.4239 34.5849 34.0902 5.5672 32.3937 22.8199 23.5895 22.1831 28.9951 16.1007 
12.2919 20.7224 25.8188 20.5136 26.3075 27.7353 37.5809 9.6742 9.4987 11.8589 
15.5673 15.8869 17.3908 25.6649 22.696 16.5811 31.0938 5.1725 12.7249 5.9804 
24.7865 12.5628 15.4986 34.39 15.6173 20.392 34.8895 3.9861 10.425 10.4558 
31.9281 3.0858 7.4197 37.7209 6.4415 14.6704 26.2718 12.3551 19.9095 12.2153 
19.7039 20.9234 19.0282 22.3273 23.4268 8.4184 12.9695 22.0154 24.2492 10.7306 
28.0866 26.837 26.3318 21.5846 31.6305 13.6023 7.2233 32.7098 41.6516 21.1737 
22.4649 8.5456 10.5037 30.2225 12.763 11.7952 24.5039 9.193 20.6737 4.4718 
17.0002 26.9088 25.589 11.9613 34.5355 16.301 19.4074 24.7037 30.2451 16.4356 
14.6335 17.0128 16.5484 18.3568 22.4176 15.6677 21.2494 11.3189 17.1716 3.7861 
20.1551 10.2469 13.4208 29.9089 14.8316 16.3782 28.7246 3.2759 11.0159 7.2168 
9.7682 17.6579 24.2434 21.4836 23.8038 22.69 30.296 10.1864 12.219 7.7964 
17.8487 22.1301 24.5818 17.3173 25.5328 10.7234 10.6465 27.4617 35.6454 15.2565 
17.1557 23.9835 26.0986 23.5759 28.3323 28.2041 37.7077 9.2256 6.1162 15.9093 
25.2295 5.8637 4.941 26.983 9.2518 11.9804 24.4927 11.63 20.7096 9.339 
35.4715 17.9252 16.948 33.1744 21.9044 8.1803 9.2217 29.1539 36.0153 21.8934 
13.7861 18.8578 18.8746 17.8906 24.7173 21.015 29.177 9.0451 15.2645 7.0509 
21.2523 7.3601 7.6426 29.145 12.1164 11.0923 23.7183 11.8355 23.0515 7.1976 
31.0811 9.2711 4.4278 38.1955 7.6735 10.3368 19.7682 24.0088 35.0858 17.7067 
8.534 33.3489 38.1317 2.6408 36.5717 31.5768 29.6171 26.2958 31.7351 20.9017 
21.1091 16.1397 14.9242 19.7984 22.2664 6.9407 11.4469 16.1741 28.797 9.8701 
28.095 9.1708 11.5376 34.1124 13.4595 20.8813 34.6761 8.7797 16.0772 13.5323 
5.6313 27.9751 24.789 12.4095 26.4536 21.3164 26.2349 14.3007 22.2894 12.5709 
19.3877 20.2937 18.6612 17.8305 20.5695 8.0809 14.8763 21.3844 29.1981 10.7719 
35.1957 13.6446 7.7204 34.863 11.9771 8.4742 14.831 21.2212 36.9181 19.1875 
2.3573 30.3771 29.3622 8.6996 38.7514 27.3539 27.9246 19.5435 25.7384 17.3348 
22.535 26.0743 20.0607 20.2342 26.0134 11.7105 10.6821 23.9976 27.7163 12.4756 
15.2403 17.8992 15.1944 19.1112 23.0772 9.3559 16.979 17.1195 22.1953 8.4235 
10.9961 34.4534 35.3784 4.8695 44.0678 33.0894 29.0335 29.96 31.4592 29.262 
27.3578 17.5949 12.1456 33.4105 14.1424 3.9171 11.8971 22.1233 36.9361 15.755 
7.5104 20.3506 23.3797 14.6293 27.0551 18.1487 25.0562 14.7484 19.6028 9.7965 
15.3533 17.1672 21.8183 25.7634 21.4243 25.1793 34.1499 3.5066 6.8494 10.0082 
11.1139 25.9111 28.6318 18.2514 27.4701 27.685 30.1786 10.3906 9.2905 13.4229 
30.3151 15.2774 11.9527 28.0638 21.0471 3.4758 8.4646 24.4858 36.4267 13.3292 
25.6601 17.2645 12.2164 25.4721 16.376 0.8363 12.7189 23.0385 26.5064 14.9371 
21.9596 21.9825 17.8203 23.0717 21.9089 6.7674 9.6539 19.2183 27.2292 11.9101 
9.1686 32.65 34.1949 1.1536 42.7379 26.5041 27.6162 25.6781 26.4005 20.465 
5.3833 29.2611 27.3566 15.5458 27.8681 24.0393 33.4443 15.5855 17.2293 12.549 
9.5274 27.1502 30.4734 6.965 30.9421 20.2129 25.1984 21.5199 31.5421 16.6069 
16.1317 13.7775 17.8169 23.8517 22.0689 18.7086 35.7814 1.4408 8.9698 9.7721 
29.2849 5.4643 9.0723 32.6164 11.1015 18.4985 28.3238 8.2481 19.741 10.9779 
29.3125 4.9846 5.2889 28.7167 7.9375 9.28 21.6126 14.3436 23.9908 10.1614 
12.7146 16.8806 17.5951 20.4569 19.8193 15.9955 27.4616 7.3664 14.3347 4.9655 
34.1998 28.8846 30.7816 31.6937 30.4579 17.5434 6.1738 40.4953 44.9596 30.3276 
20.6967 12.5506 10.4815 23.8583 14.7583 7.9951 18.0269 11.7982 23.1992 4.4407 
28.2046 30.5191 28.4864 20.1528 28.8463 16.8248 9.9019 35.3942 40.3649 20.5345 
4.4173 29.8138 29.1062 16.539 28.6973 23.4437 29.1613 15.3858 18.9252 13.7026 
19.1312 13.0723 13.8698 24.8731 18.4892 5.051 15.1573 18.8036 24.5353 8.0533 
26.2712 2.4524 7.1315 30.4119 8.3486 16.3768 25.6812 12.8723 18.82 9.8398 
25.9024 19.8756 15.0949 24.1519 20.6145 7.3959 6.1747 22.1502 38.1068 17.1203 
23.6993 13.4947 9.8797 23.4235 13.8098 2.0168 14.6555 17.4966 30.1858 10.4675 
29.633 18.0816 13.714 24.4245 22.2595 5.2333 7.4407 27.1743 33.6353 17.0568 
25.5212 6.3918 6.3227 28.7768 10.953 9.6419 25.5139 12.498 20.9925 6.518 
2.035 31.8576 33.2034 8.7361 31.8716 25.0078 26.7792 21.8743 21.4542 16.4882 
22.6243 8.9415 10.7301 25.9901 11.2879 14.0392 28.7248 6.5095 15.3788 6.5817 
27.1166 6.7368 7.5423 27.9375 10.093 9.4122 20.9301 13.2025 25.4405 7.8272 
32.1372 12.4757 7.9141 39.0969 9.1212 9.8761 19.7691 24.2108 36.6095 17.9697 
27.0618 7.026 7.3672 32.8668 9.6835 15.0326 27.6873 9.4343 17.5418 6.5078 
28.1547 21.2951 18.37 27.2768 23.3662 7.3327 5.0111 23.6194 38.1796 15.4177 
38.4102 11.5685 7.3953 44.9343 4.8536 16.4971 28.9035 25.9808 29.8348 24.4307 
7.2781 32.1304 34.52 3.9229 42.2968 25.987 32.5574 26.5852 27.6618 19.3358 
1.9705 35.0297 29.4823 7.8383 35.3732 27.0261 35.6324 20.6844 19.9304 19.0249 
26.5959 12.6653 8.0834 33.4349 14.1353 2.8164 15.2477 20.8924 31.2206 13.1112 
7.6139 27.1279 31.0145 8.1703 33.187 20.5114 25.7413 19.9016 24.156 14.9133 
21.602 12.2015 12.2976 24.4647 16.2942 17.6061 23.9991 4.5301 14.4546 4.3695 
9.4402 19.7214 20.5634 15.9537 23.5515 14.6168 23.3213 15.3103 18.8816 8.016 
17.9527 17.3146 16.9075 22.172 19.0713 24.0869 34.1834 2.4522 10.0702 9.5157 
24.8929 3.9947 7.2103 33.5463 10.2546 14.1207 28.361 10.5243 20.2964 8.5814 
31.2421 20.6156 14.2322 31.3052 17.8625 6.4559 9.0129 26.6647 35.0443 19.9343 
30.4124 0.9179 4.5217 32.8475 5.5306 14.4192 28.6565 12.1285 19.5337 11.2741 
26.3027 10.8979 9.0459 27.8793 12.3474 7.025 16.7796 16.2557 21.1693 6.7442 
32.3318 7.6704 3.3528 34.5335 6.7288 7.5734 18.2987 21.1537 29.0702 14.8978 
4.6131 28.6897 37.5942 4.9819 32.6375 29.9964 29.1677 22.5872 23.9104 22.0498 
10.8849 18.4167 21.1824 22.4214 20.2914 15.6253 24.2613 7.6604 15.1474 6.4664 
23.9676 8.6226 13.2759 27.0765 12.9874 18.7176 25.5801 4.5386 13.6222 9.0301 
24.3028 6.155 8.4284 34.3243 10.9156 13.0935 25.7019 10.4283 19.0047 8.0364 
35.0811 9.4124 6.2742 42.8793 4.3076 14.8329 28.6986 22.1361 34.8697 23.2719 
6.7987 21.242 26.6274 15.7848 25.0986 21.6443 26.7704 14.1136 16.6069 9.8324 
15.8742 15.4015 18.4301 24.2863 22.982 21.8289 29.3398 2.5265 8.4393 8.0985 
25.8011 17.3983 16.3283 24.3511 20.5689 3.6374 8.7488 23.0552 29.7406 11.9062 
31.3504 7.8672 3.338 43.7888 4.1236 11.5817 21.8974 20.5517 30.79 19.4492 
9.8021 35.1757 34.2116 3.3351 39.755 28.0115 34.1353 26.48 29.9515 26.9623 
7.4088 26.2274 31.563 7.0878 36.8727 19.0082 23.3719 18.1344 29.0095 14.2582 
18.9478 17.7746 25.189 26.3586 21.636 24.6069 40.7494 7.1053 3.6502 14.3222 
25.5558 23.0457 18.8708 25.6782 22.8147 9.9102 6.0271 29.6715 34.9654 19.0715 
26.8149 2.6859 6.9993 36.3597 6.7474 13.945 24.2174 10.8029 21.6801 12.5387 
27.8329 3.089 7.5185 30.525 8.1603 13.2258 28.3956 12.1885 17.1466 9.0972 
26.3506 25.6483 21.951 20.3167 27.7241 11.4246 5.0722 27.1457 37.6739 20.2767 
10.6211 37.6577 40.0192 0.4783 36.7184 24.6574 28.9688 27.5702 30.8453 26.0849 
14.4595 13.2981 16.8225 21.2316 18.5047 11.5243 18.8952 14.3075 22.8459 4.2785 
19.1291 11.3369 12.4501 28.4051 14.2738 16.7412 29.0168 5.4574 14.7078 4.0975 
26.9323 31.7118 28.157 20.3044 34.5652 18.4286 8.4611 35.7871 44.3136 26.4382 
9.465 39.7979 36.2211 2.1527 46.4916 32.0921 28.1378 27.5346 35.0895 21.4268 
34.4838 33.2089 31.6733 29.7479 32.9703 15.088 5.1156 34.2268 49.4223 25.1983 
4.9383 26.1344 22.7936 12.7888 26.7992 19.7222 31.5123 13.7594 17.3856 10.973 
17.5182 21.8562 16.4585 17.8352 22.7364 11.6724 14.3243 18.5198 25.0601 8.0748 
17.7297 15.1298 16.627 31.4906 18.2176 21.7731 35.2529 1.6905 7.8148 11.9377 
11.6397 21.2374 18.3618 20.3685 26.249 18.2688 29.443 8.4391 13.0303 6.8666 
24.4663 8.3251 6.0137 29.3149 11.0546 4.8443 16.7063 20.6451 28.8427 12.8459 
31.6159 34.469 30.0572 24.5682 30.9346 17.7377 7.1767 37.0775 42.019 23.0567 
10.9359 32.6825 29.6865 5.3553 34.941 22.2354 23.9989 22.8975 25.884 17.4601 
12.6491 24.4913 24.1271 18.7268 24.5184 22.8446 30.1915 9.8807 10.9196 12.5612 
16.5715 16.2235 16.9011 22.7872 23.2044 17.1046 28.7221 5.8837 14.1175 4.7924 
23.1367 13.7052 15.4131 34.6939 19.4483 21.644 36.3288 3.4826 10.4557 12.0201 
30.0549 2.4265 7.4468 37.9474 7.3873 17.1717 29.9304 12.5439 17.4728 12.3354 
21.9699 21.4625 15.0043 20.7346 21.4581 6.9304 11.8955 20.1436 27.2873 9.0212 
28.2713 30.4598 24.1358 22.5663 31.3545 14.6753 6.2039 33.0109 32.1926 17.3842 
23.946 7.8145 8.1654 24.3677 13.3666 10.9387 24.358 11.3258 19.1663 4.0487 
13.5547 28.0662 25.8298 9.6751 31.8869 19.8758 15.9191 28.2675 35.3013 18.6029 
14.897 15.1739 18.8812 22.4342 19.7267 15.0692 25.2473 11.1134 15.652 3.2412 
18.185 12.8816 12.8039 30.0304 15.5951 19.5965 31.5499 2.8269 11.2788 7.201 
10.7178 21.9217 21.263 19.1076 23.5449 19.3438 27.8982 9.9573 12.3168 8.8072 
18.5235 21.567 19.7976 20.9211 24.3866 10.5254 9.3202 23.6104 32.0697 16.9411 
17.8365 24.7178 22.6989 29.0431 25.0995 25.9874 37.1589 9.1152 6.1625 13.5931 
27.8203 5.9873 5.1299 30.3192 9.7865 11.4474 24.4861 13.4561 19.3701 7.8475 
35.9264 20.8843 15.6378 33.9498 17.965 7.9333 7.4836 24.9155 33.5175 18.9827 
11.9152 16.522 18.1584 19.3553 26.3185 19.7904 25.2691 7.6833 15.2645 5.5211 
26.4359 7.7037 7.0334 31.1375 10.3305 10.5715 22.9364 11.6035 20.2912 6.374 
35.6963 8.3089 5.4366 36.4836 6.6665 9.3929 19.2871 21.556 31.1451 16.5476 
9.4005 37.0301 33.7637 2.656 43.4781 33.1888 31.2429 24.0555 30.4131 23.3639 
21.7733 18.1981 15.8042 18.8875 21.1376 7.6282 14.0029 16.5692 28.3297 9.5043 
25.2485 9.3983 12.4713 34.4832 12.8826 18.2139 32.2484 6.848 14.3526 13.7472 
6.2788 22.9523 28.324 11.8013 32.7096 18.9239 21.901 17.7336 23.2014 13.2588 
16.1876 20.5046 16.135 20.3125 24.4198 8.1169 11.601 20.7026 28.8048 9.7797 
34.5643 11.0477 7.7632 36.5033 9.9083 7.8323 19.5482 26.859 31.0722 18.6649 
2.3204 26.2513 32.4231 8.2955 37.3476 24.6484 24.6721 19.6909 24.4895 15.0323 
21.7883 24.0756 22.3139 21.2187 25.0294 9.6757 10.7638 22.1745 33.5354 14.1237 
15.4528 16.3235 16.4665 19.7171 22.4811 9.0814 14.4418 17.1338 26.95 8.5997 
9.3209 44.7939 37.6601 4.9763 41.6383 35.455 36.3581 32.6726 33.2571 23.8554 
30.6791 16.2432 13.1852 32.9367 16.7557 3.6446 12.0784 26.5632 35.6067 16.6407 
7.0619 21.2434 24.1246 15.8907 24.7709 20.2363 28.4653 11.6856 17.6536 9.3491 
14.8904 20.0491 18.5794 25.5133 20.0489 21.8673 35.6734 3.5275 6.4292 9.5944 
12.317 24.4929 22.6246 20.0573 26.5588 28.2554 37.49 10.2741 10.7474 14.2537 
29.3891 19.113 12.3134 29.17 17.2872 3.4714 10.2725 23.7927 34.9338 16.7749 
28.0346 13.7049 10.7439 26.6916 14.6661 0.7863 10.2005 19.8704 28.0853 14.9486 
20.0629 22.4723 18.3867 21.5454 21.4253 8.3495 11.9077 21.7072 26.2478 14.0587 
9.0534 39.0072 35.6986 1.1103 33.8154 28.4998 26.9611 27.547 31.4486 23.5113 
6.3281 28.0798 30.256 16.8953 33.9381 27.6852 29.8051 14.5202 15.7649 14.2987 
9.2489 28.6435 32.5736 6.7228 38.1135 20.4216 20.0611 20.8817 31.8743 19.4095 
19.6882 15.9996 20.481 25.946 19.4678 23.0981 29.5601 1.3035 8.6657 9.7412 
25.5119 4.7354 8.4419 34.0675 10.1517 17.0633 32.428 10.604 19.6619 9.7915 
27.4646 5.2304 5.2586 30.6078 7.7445 10.8181 20.9124 14.0933 25.4557 9.8481 
14.3382 18.0421 17.512 23.8388 23.7942 18.9411 26.4446 7.1113 12.4237 5.1235 
37.067 33.1786 30.2046 27.9584 32.909 18.6224 6.6499 32.445 44.7646 25.89 
18.9468 9.8523 10.1498 25.4113 15.9078 9.0452 18.8547 14.2093 23.2752 4.3514 
27.0247 31.3534 25.9321 23.1005 35.7357 15.627 9.0969 31.7161 39.7645 20.4874 
5.6094 28.4747 25.7441 15.4238 29.8004 27.5958 30.8321 14.1793 15.7504 14.0194 
23.6744 14.9852 12.828 23.4795 15.6604 5.4436 16.0291 16.3662 29.6465 9.0723 
24.7646 2.7369 6.5974 30.1772 7.9319 16.2691 30.1024 11.1385 18.5966 10.4061 
28.7455 20.6389 15.536 21.97 22.8166 6.9645 6.778 26.2846 34.4265 13.8532 
25.5658 11.6593 10.9754 23.4703 13.7706 2.5188 15.7741 16.3181 26.0855 11.8319 
25.3321 21.6455 14.8282 30.0862 19.115 5.4966 7.9859 27.28 29.6075 14.9772 
24.158 6.8465 6.6481 31.728 11.5493 11.7513 22.4778 10.5103 19.5311 7.3425 
1.8537 33.8677 31.8026 9.8412 38.1442 28.7081 29.4031 21.9757 22.7636 16.2184 
22.2603 7.1822 11.2799 31.5722 13.661 15.6952 23.7275 7.7592 15.0251 7.7415 
24.554 8.5243 7.6466 28.2857 11.707 8.1426 22.6159 11.5293 24.5151 6.5993 
32.4599 12.0573 9.0993 43.6413 11.1154 9.4374 18.3426 25.2749 31.1282 18.5128 
26.6873 5.8138 8.2967 33.6638 9.751 12.1676 24.7442 9.0947 18.7777 6.8293 
27.4374 19.7736 16.6963 29.1032 21.8636 7.7218 5.7001 23.5379 34.7421 18.4886 
41.9 11.2554 7.7763 40.9658 6.0849 15.9104 26.7806 24.9466 36.2976 18.8129 
5.73 37.2403 31.956 3.6304 33.4951 31.7025 33.1699 22.4301 29.9911 22.5726 
2.0767 33.3129 30.8088 8.7829 32.6127 26.875 32.407 24.2506 21.4043 20.3163 
31.0953 12.9985 7.5386 30.9916 14.1058 2.5958 16.3093 17.502 31.2949 11.5613 
9.0848 31.6561 30.1424 7.2618 31.048 21.6981 24.6983 24.7052 25.3245 16.7992 
17.1307 12.2145 12.7779 29.2437 14.4195 15.9888 27.5213 4.8349 12.1383 4.4103 
10.9465 22.6585 22.4485 13.0749 24.3146 18.4441 20.47 15.0505 19.6601 9.3951 
17.1117 14.9885 19.3135 28.0024 18.6683 22.2424 33.3078 2.8477 9.8174 8.7887 
29.8007 4.2424 7.7386 28.6837 8.8287 15.3124 27.1989 10.8955 18.9236 8.7442 
31.9646 20.2158 15.2491 29.2295 16.1626 7.781 9.7256 28.3929 40.3815 20.6328 
25.672 0.9843 4.6435 30.3743 6.3125 12.022 25.6503 14.4604 23.9815 10.6431 
21.102 8.9837 8.9308 29.9887 11.8179 7.0608 19.6598 13.4668 21.3044 6.434 
32.2087 8.3688 3.2996 34.8806 7.6753 8.5672 17.6823 19.3437 30.3228 15.9322 
5.2667 34.0302 37.3859 5.2719 37.5363 27.9807 26.1202 25.2015 29.3633 20.5169 
13.5198 17.2156 19.4572 21.247 22.4072 19.6881 27.6066 8.1755 14.6375 5.7572 
20.7069 10.8916 12.2864 32.8607 13.3663 19.7164 32.0461 4.9656 11.8295 8.7365 
21.2588 6.1743 7.4744 34.9495 10.1635 14.1572 21.1729 9.7013 20.5979 7.0681 
32.508 9.1666 6.39 47.2346 4.2507 16.4839 22.2692 20.3917 33.7321 19.1287 
6.5522 22.9185 27.5896 16.2176 30.0359 19.791 24.2858 13.1798 15.721 9.4627 
16.8159 15.874 21.2923 29.0249 19.0336 22.8233 30.7752 2.7754 9.519 8.5168 
26.4862 18.3454 13.8687 25.992 19.9794 4.3348 8.6456 19.4772 33.3259 12.2563 
37.8888 8.1939 3.5092 35.641 4.3387 13.0697 25.9714 19.5223 26.751 15.5954 
9.2673 43.5968 36.4785 3.0602 45.2759 34.3052 31.2657 28.0947 27.3853 28.4982 
8.2078 30.3463 30.7561 7.498 29.4329 19.9198 23.9597 20.0135 23.7799 13.8553 
20.3677 21.8314 22.7645 30.3236 23.0166 30.4946 33.409 7.1741 3.3743 15.8747 
23.1371 22.8496 22.6356 23.78 28.0195 8.8511 5.4993 24.3939 32.3512 15.0583 
28.1446 2.8818 6.202 36.5823 7.2778 17.161 30.4379 12.678 20.9642 12.0327 
26.7833 3.3329 6.323 36.3144 7.3287 14.3397 24.8659 11.8571 18.7628 9.586 
26.6628 23.3524 22.3539 21.6765 25.5673 11.2177 5.1621 26.9335 32.0583 18.4238 
9.17 36.7697 38.8524 0.4838 34.8664 32.4723 24.961 25.6038 32.1256 20.0094 
15.6548 16.7195 14.62 24.1461 21.0293 10.603 21.6769 12.5865 18.7652 3.774 
18.9652 10.8084 13.0681 29.2255 18.1477 14.8527 24.3465 5.0867 17.0893 4.4647 
31.083 34.7036 31.3769 21.2217 34.1561 19.6272 9.805 34.8988 38.2321 22.3884 
10.8607 33.8073 40.6485 2.3494 46.7066 29.0468 33.0534 31.4364 32.3091 23.5799 
30.5727 31.1045 29.5916 26.3536 35.4308 15.6002 5.0687 33.9001 42.057 27.4939 
6.0766 23.9897 24.8209 15.1062 26.0984 24.2448 27.6992 15.0766 18.7374 13.2862 
15.6241 19.4512 16.5891 17.9582 24.3304 9.7633 13.9076 18.7977 24.988 8.6301 
20.9553 17.0466 20.9185 30.6743 22.4125 24.7549 34.3143 1.738 8.2362 11.2496 
11.7372 20.4522 19.5804 21.3502 20.8534 21.1201 26.9381 7.6908 11.9811 8.1883 
25.873 9.4715 6.1579 30.1734 9.4716 5.2787 17.2846 16.0105 30.4015 12.1321 
29.5457 33.1205 25.4576 20.4304 30.9155 15.7456 8.3286 36.3471 47.6913 23.0067 
11.3889 28.4481 31.5542 6.0837 36.1159 20.7488 22.5108 22.294 28.9617 18.8503 
10.6044 19.3139 26.8016 19.1253 28.6255 25.4024 35.3102 8.52 10.9024 10.8484 
14.0193 16.6487 16.0066 23.8179 22.5733 17.5305 26.8405 4.6297 13.1622 5.5226 
21.4803 13.6363 16.9473 34.6663 17.4681 20.7904 35.3884 4.3523 10.6235 13.4061 
28.533 2.9992 7.9482 36.8664 6.3341 15.1529 28.6972 10.8339 18.2033 11.8439 
21.0067 16.2114 19.1965 21.6961 20.6037 8.6463 11.9211 19.6924 27.9013 11.0802 
22.2619 29.501 21.9537 19.5101 26.6542 13.2433 6.3423 33.379 35.3884 21.8716 
23.2519 8.619 9.5334 29.7052 12.3669 10.9847 21.3022 9.3636 18.234 4.1455 
15.5689 32.2399 30.5976 11.2595 30.5908 16.9357 19.7602 23.4298 28.4956 17.9579 
13.4593 18.8036 18.0039 17.3699 19.2508 13.3493 22.477 11.3189 20.1849 3.9208 
23.0029 12.9111 15.6336 28.5163 15.5951 18.1639 33.0246 3.6232 11.9218 7.8588 
10.9628 20.2127 25.0385 16.6819 24.5014 22.191 28.0782 8.8298 14.6409 8.5796 
20.0303 23.566 22.8092 16.1354 25.5715 10.9864 11.8715 27.8935 31.1734 15.523 
16.0765 25.4393 21.9955 29.5394 25.3119 28.9902 34.8899 9.1199 5.9634 14.1594 
27.7035 5.633 5.0273 27.2855 10.4147 10.4695 24.2257 11.7499 21.9818 8.0243 
28.6483 19.8031 15.7626 35.0242 19.8425 8.1326 7.3846 29.7571 33.4854 21.3798 
11.4248 18.941 20.2168 17.4779 22.9974 16.6837 27.9519 8.5576 15.6658 5.6489 
22.6396 7.0244 6.8782 26.8485 11.8213 10.9697 18.7289 11.0181 22.8687 6.0394 
31.9826 8.4527 5.2103 37.8138 7.3905 11.1024 20.3275 24.2877 31.9421 15.218 
8.5834 31.9593 33.7637 2.4148 42.7944 31.1822 33.1611 29.4682 26.8361 21.8019 
21.5178 18.854 15.0672 21.1893 20.3597 6.1157 12.9015 18.7212 27.7924 8.8738 
29.985 7.5452 12.0363 32.489 14.6882 22.5676 37.1038 8.6211 14.2836 12.272 
5.6992 24.0011 23.4126 13.5127 30.9691 17.6227 24.653 14.8137 21.1135 10.4533 
16.4489 18.5328 15.8005 20.2123 20.1192 9.1666 11.9621 22.3729 25.0969 10.3392 
32.9476 13.6688 7.2156 36.3268 9.2837 9.1526 15.1954 23.4088 32.5781 15.5801 
2.4887 28.7538 32.5435 8.9521 36.0315 24.3992 25.0561 20.1275 25.1892 17.0012 
18.2474 23.5318 19.9663 19.2873 23.7174 11.2732 9.8592 19.856 33.9358 13.0317 
17.4063 19.6031 17.5933 21.0564 20.2235 11.0773 14.952 18.5137 26.0302 6.8468 
11.6588 36.2144 37.9877 5.1304 41.3253 30.0507 29.2887 32.1559 27.9094 22.6506 
31.1584 16.6445 11.9878 27.7155 14.7899 3.6738 10.7096 21.4791 31.6951 18.3374 
7.3581 25.7993 21.0219 16.2938 25.2451 20.4826 23.7942 14.7746 17.6235 9.0107 
16.0111 18.5667 22.3147 29.5533 20.3861 22.0688 35.6063 4.3174 6.3571 10.0301 
11.9253 21.3414 27.6857 23.3452 32.482 25.2402 38.7053 9.0612 11.1308 14.6921 
27.9263 19.824 12.3174 27.5027 15.9757 3.3783 8.1067 23.5034 29.1488 14.9087 
EOF