I 100
J 10
bounds (0, 100)
cv 1.5
D 10
k 5
t 3
FLR 0.8
FCR 4
λbounds (80, 120)

λ 
111.041 113.0186 116.2364 
91.6974 95.4347 84.0431 
83.1489 116.755 114.2663 
111.1829 97.8753 109.2004 
91.7553 99.8234 96.6072 
108.8477 113.079 113.3791 
104.3933 114.0937 107.1578 
103.5363 99.0176 86.1024 
115.8224 87.1529 91.7351 
109.581 117.5691 97.5272 
96.2009 114.1498 83.4271 
110.7827 106.6322 80.4556 
83.0631 88.0705 90.1349 
114.4283 107.3989 111.0714 
102.4662 113.8644 80.4321 
96.3151 95.6639 92.703 
83.3868 88.6554 85.9144 
110.0979 96.8994 90.1399 
118.0315 97.3653 102.6965 
94.6002 115.4565 85.9785 
82.0094 80.8209 115.2654 
112.591 92.061 81.4423 
84.8161 86.695 80.0686 
86.2675 105.2544 100.6861 
100.3212 101.8918 109.6981 
90.5803 80.2865 108.5323 
108.3751 84.9674 88.4003 
109.2539 112.3549 106.5977 
116.4981 102.2409 117.4111 
97.9741 112.1203 80.6314 
102.1147 102.6155 112.9597 
85.918 111.4199 98.17 
111.5541 97.7664 101.7322 
80.9986 81.1146 91.7958 
118.6652 83.3301 102.7528 
84.994 96.1625 104.5463 
103.5742 93.9944 106.3188 
101.8632 116.7493 83.333 
95.3826 116.3905 110.7299 
114.6771 93.9826 101.1807 
104.4772 106.8043 110.4393 
110.6637 98.1282 93.2536 
107.1694 113.0411 89.9309 
113.3593 81.5442 84.2009 
84.1522 89.901 89.0045 
93.3367 91.294 113.2515 
114.3084 100.0729 116.8182 
114.198 86.742 116.5211 
113.0581 96.9693 97.9245 
113.4962 111.5834 89.7982 
111.6509 119.8965 83.3615 
95.8783 113.9485 98.8098 
118.7627 101.8604 93.0514 
80.3904 111.4651 102.1282 
82.8067 114.9036 100.6776 
117.495 82.8974 85.3936 
83.4735 102.366 116.2812 
92.3368 119.7513 99.0041 
117.2693 117.7377 92.8159 
100.376 116.9908 113.0285 
108.7153 119.0381 114.9131 
104.7547 96.8736 91.6751 
81.7879 117.1947 88.0252 
84.3367 80.1887 109.8443 
99.3051 91.3232 98.8348 
94.3414 118.3648 92.0614 
89.3339 105.4822 81.6289 
113.5771 90.4866 100.7096 
117.2166 87.6709 101.0623 
98.798 94.1336 119.1124 
90.2798 116.5324 96.9563 
105.2693 118.3846 110.848 
102.2127 94.8435 114.8535 
105.17 119.4165 111.7656 
100.289 118.107 104.8787 
117.3016 115.9973 90.6778 
92.4558 93.1493 84.4527 
82.1168 82.6796 107.9021 
84.0337 99.2193 84.2846 
105.7526 80.2468 112.7631 
110.6522 93.939 98.2017 
108.3657 96.2292 112.409 
117.7858 112.2988 109.2 
108.6126 115.2873 108.4258 
91.8488 80.2277 81.5837 
91.484 99.5045 84.2426 
101.7303 97.7483 113.5973 
110.3373 86.2891 103.697 
103.86 104.3309 89.9265 
114.6891 108.4547 114.7573 
102.2295 119.567 80.0345 
100.6265 81.6916 80.0743 
100.6774 111.3824 105.5661 
113.9898 83.5673 111.6955 
96.8532 103.2924 97.5104 
94.6181 114.4068 110.3987 
80.7819 89.3659 81.2484 
108.0578 88.0906 108.0819 
86.4214 96.3167 109.1497 
90.6917 115.3333 101.4882 

Icoords
25.4267 38.0029
84.0454 58.2632
77.2049 17.5394
89.7616 80.9823
70.4531 62.4652
25.3172 11.3095
49.2648 94.3662
62.3404 64.2927
30.9893 90.3495
33.5722 59.4463
80.7315 32.5624
38.7287 93.2026
13.8078 98.1822
47.5115 76.5794
18.326 82.8851
3.5352 72.677
20.6959 66.4323
96.3033 42.0158
73.7514 7.5464
18.2583 42.733
97.5514 45.3609
33.0181 50.4886
79.6567 32.9809
86.3143 95.4695
66.3153 41.4044
59.3515 47.786
69.6301 1.0606
98.35 45.0059
7.1244 5.3374
89.8736 43.3871
17.398 5.8914
25.3642 99.3887
23.641 16.1346
31.3457 53.0052
71.0448 67.9812
57.2333 66.0294
31.9436 29.7436
70.8981 92.2373
98.6343 34.4985
14.7959 89.9616
91.6978 50.3328
94.488 55.0082
91.2742 38.7198
64.8654 63.6045
69.669 16.2801
9.2102 37.8218
98.6605 92.4205
70.4102 12.9574
73.2711 15.946
34.7691 2.9332
5.153 18.5016
22.1415 36.9889
62.7444 3.1327
96.3147 0.8422
55.1372 26.2937
30.8226 40.3083
10.0942 64.7459
55.0038 28.7013
16.4286 30.0333
41.2766 64.2488
1.3305 70.9693
15.9861 46.7546
57.5076 33.0857
66.66 8.6612
10.0763 92.9778
76.3797 18.8999
75.7744 57.4693
36.4479 29.8531
36.7892 77.462
43.6616 80.8117
81.7289 20.1929
66.1431 46.2893
38.4923 92.9173
70.4825 25.778
73.767 31.423
50.0617 15.9887
74.016 64.5969
74.5909 15.1728
43.6367 71.522
71.4236 72.6654
5.6616 21.9375
47.6694 89.3164
51.7282 62.27
34.962 25.8697
38.7655 65.6267
57.5536 69.9167
10.2891 57.0426
82.7419 15.0948
83.3908 67.4578
11.5665 45.6121
75.1208 73.3778
52.8166 46.1234
50.5723 24.4398
24.2378 11.7037
8.6714 98.5162
9.5902 17.1478
42.0862 77.8466
92.6914 43.1368
9.9081 3.8197
90.1393 65.8656

Jcoords
98.3446 8.119
48.4967 27.1136
84.8319 61.4273
86.5268 38.54
71.1014 77.6604
80.2686 64.0071
27.2188 85.951
33.9688 12.7944
32.7248 94.6581
63.202 28.6586

C
25.895 9.337 22.0561 22.5774 23.4213 20.7879 16.6256 8.2165 20.89 15.0324 
20.8103 16.0277 1.03 6.6415 7.2127 2.2204 23.2623 21.4078 23.1593 11.3796 
7.649 12.0233 14.4462 8.1314 19.531 15.2046 31.5017 16.0021 28.542 6.2153 
24.71 26.6951 6.1226 15.8428 7.0488 6.5505 23.7471 31.7881 22.1358 22.069 
23.9333 12.5345 5.582 10.3821 4.8593 3.569 18.057 21.6199 18.4895 11.4479 
28.8222 10.3045 27.4189 21.8398 25.595 23.6326 26.2749 3.4717 26.3583 14.5922 
33.1243 23.2037 19.2695 23.277 9.6999 15.4911 7.3766 28.5747 5.1282 21.4472 
25.2341 15.6787 7.5525 13.4535 6.0719 6.7078 14.4172 20.7199 12.7249 10.9785 
39.7224 22.6699 18.9163 25.6489 14.2285 21.5578 1.8296 29.5858 1.8501 20.9341 
30.0657 14.1803 17.0822 19.6074 16.4818 15.5723 10.1145 16.646 12.3559 13.0154 
11.4668 12.9395 10.4753 2.9873 13.8805 11.8937 24.6804 19.1857 27.4084 7.0614 
38.1175 24.3111 18.7911 24.0785 11.6098 16.3287 4.4158 24.3097 2.2555 24.1391 
38.1562 27.3468 31.1647 28.4969 19.5232 29.2653 6.5253 31.3392 5.9998 30.1563 
32.0527 18.8403 14.0896 16.7013 8.6477 13.6137 6.9448 25.8675 7.2449 18.0317 
33.675 21.3562 26.7857 26.8455 19.4102 19.6079 2.9254 22.0903 6.1973 22.2213 
39.1822 21.3097 25.5078 34.1903 25.7923 28.5179 9.3504 22.6908 11.2581 23.2524 
33.5699 18.4865 19.7239 27.2329 20.331 22.9843 6.8078 19.5495 10.3951 22.6834 
13.2437 15.4683 6.9244 3.588 14.2749 8.1731 26.3381 21.5826 31.8618 13.5818 
9.744 9.9646 21.8438 10.2682 26.5922 19.4435 35.0653 15.0437 30.2156 8.9071 
31.8973 11.6533 27.5211 22.6805 23.3925 22.0734 13.2941 13.0677 17.8472 18.6453 
11.2086 18.4546 7.6229 4.8213 14.1316 8.1534 24.3696 23.6601 26.3137 12.4554 
25.2356 9.4283 18.4869 20.7902 15.7565 15.8153 12.9001 14.1361 15.2697 12.181 
10.1736 11.0501 10.6921 2.6769 14.1523 9.6541 23.4787 15.8038 24.6304 5.5258 
32.7306 30.0996 11.1355 20.6428 8.6451 11.838 22.8355 34.229 19.2515 23.2942 
16.32 7.8118 10.1398 7.5571 12.9825 10.3834 19.731 16.1464 19.9465 4.2996 
20.0076 7.3433 10.7343 11.3787 9.7526 10.2676 15.8253 17.2352 17.2071 6.7977 
11.5261 11.2314 19.7835 16.1858 29.1056 21.3095 31.3818 12.3176 39.1778 9.6033 
14.2642 17.0235 7.3083 4.4389 15.0003 9.8439 29.6451 28.2632 25.1567 13.7068 
33.3291 17.4063 33.7151 32.8079 36.4897 28.9458 31.504 8.804 28.7299 20.0967 
11.9477 15.7752 7.2847 1.8148 15.4942 6.8447 23.1704 24.8221 28.2616 11.8064 
31.7512 12.8461 30.7328 24.9383 35.837 27.7397 27.4646 5.5253 31.1227 16.5522 
38.4587 24.7163 26.1533 27.0732 16.6036 20.5815 4.741 26.6545 2.8279 28.4362 
29.82 9.6544 24.7955 21.5428 28.1055 24.7444 24.4049 3.7795 29.1921 16.1752 
30.1209 9.4351 18.6151 18.4999 14.1557 18.7942 12.5641 13.5154 15.2991 15.9456 
24.258 17.3258 5.4178 12.0049 3.834 3.1506 14.4233 25.5235 18.0462 13.7734 
28.1521 12.8388 8.4051 15.0162 5.9766 9.0438 13.2857 18.9569 11.3399 14.2673 
24.6233 5.5327 22.5093 18.1454 19.567 18.1924 20.086 5.9983 22.3647 10.09 
32.5351 22.8782 10.2795 20.7316 5.4931 11.8295 14.5362 34.7273 12.0067 22.6327 
9.2017 17.9909 9.2051 4.2875 18.538 12.0051 34.4423 26.1042 27.0745 11.7894 
44.3495 27.4771 24.7599 34.2265 18.5234 26.08 5.1329 29.6744 6.8186 24.1517 
14.6492 18.7354 4.0981 3.9506 10.5226 5.719 26.5996 21.6704 29.1996 11.9256 
16.3349 17.8474 4.209 6.8557 12.522 5.1038 25.9748 26.9914 22.8258 15.8256 
11.7305 13.439 7.8152 1.82 15.503 10.2978 24.4965 21.2781 24.6248 11.1529 
24.9623 12.5061 7.6303 12.8867 4.9299 4.6688 16.6712 21.0809 16.9739 11.8391 
9.7612 7.4322 17.9976 9.4072 18.8796 16.8181 30.8716 14.1328 30.6476 4.5767 
30.2999 15.7545 26.0476 29.3661 24.1497 29.065 18.2941 12.7159 21.9585 16.6756 
32.6839 29.4728 11.3184 20.1865 12.3175 10.55 26.9002 38.3287 24.2783 26.4765 
8.8113 10.3492 18.635 9.1131 23.7668 17.4332 26.4792 12.8202 30.1051 5.2297 
8.7206 9.7776 16.4481 10.2765 22.3606 16.3042 30.9788 14.6556 27.8463 5.4668 
24.2071 8.9394 23.86 19.5128 27.4285 24.9726 26.5086 3.8585 28.139 13.1557 
34.9662 15.2061 30.1656 33.2369 32.6116 34.269 22.4327 11.1627 29.1173 18.5809 
30.5011 9.935 22.7627 21.131 23.7794 23.6591 17.0662 9.3934 21.7467 15.1583 
12.3013 10.8982 22.498 14.4124 22.6934 23.2039 28.1253 10.1049 33.6263 7.6973 
2.8277 17.3718 22.3284 14.8936 30.5775 20.164 34.5649 23.4944 42.9318 17.2767 
16.9122 2.1444 15.8338 12.1197 18.7136 17.7518 22.6384 9.9974 22.4611 3.1273 
25.3131 8.1939 19.1198 18.988 18.276 17.7546 18.2086 9.9308 19.0178 10.8637 
35.9026 20.2757 27.9121 31.7141 18.926 22.9834 10.2565 20.0283 11.4176 23.0252 
14.4851 2.2244 16.7422 12.3109 19.6101 16.0546 24.9135 8.8532 27.7149 2.4718 
26.2361 12.7966 25.4541 22.5678 24.4933 23.6549 20.7239 9.0848 23.0002 17.3277 
28.8485 13.3882 15.2414 17.4658 11.1839 13.6513 9.0423 15.7731 9.6599 13.2093 
45.3936 24.944 27.3062 29.5357 26.7467 24.4311 9.9154 24.761 13.8752 25.7396 
32.7312 13.4384 26.3688 24.3448 23.2789 24.1137 13.2883 13.4727 15.2942 20.1906 
18.2076 3.9685 14.7552 11.4536 16.6088 14.0642 21.2271 11.3029 24.4385 2.3687 
9.9694 8.9664 19.3875 13.85 26.3569 20.1874 26.0402 12.7094 30.6565 6.7255 
42.0837 30.4851 28.1883 32.0692 19.3599 26.0764 6.5418 30.3545 8.1713 26.4616 
8.2995 10.8248 16.8017 8.4646 18.6608 18.0691 29.6984 15.8838 33.3743 5.2325 
16.763 13.8227 3.0118 8.3357 7.4195 2.4824 21.3349 23.605 19.672 10.125 
24.8171 4.8536 21.8851 18.7195 20.1996 22.0567 18.1187 6.7538 21.8948 10.5463 
30.1813 18.0301 18.8866 21.0943 11.8276 15.9161 4.1257 21.8914 5.8823 21.4423 
31.892 18.962 14.0157 21.7451 9.8632 13.9892 5.8538 21.7931 6.5268 18.8801 
6.5089 12.2678 14.9939 5.7689 19.1514 14.436 33.1576 18.8438 33.7763 7.221 
16.36 9.0792 7.6409 7.7044 12.4787 8.0146 22.0117 16.6829 18.1369 6.8619 
33.3903 23.7819 22.1305 26.2939 14.2423 18.259 5.0637 29.155 2.3429 24.3508 
10.4865 7.6233 13.5923 7.1302 15.7422 15.3349 26.3022 13.6722 25.8273 2.6973 
11.5291 8.1597 12.1426 5.0011 15.5801 10.1905 25.1575 13.2442 28.27 4.0669 
16.2855 4.15 18.9384 13.7114 25.739 18.6867 28.3201 6.1985 26.8175 6.7885 
21.7815 15.9073 3.8625 10.1427 4.8466 2.2836 17.0263 22.701 19.3829 11.8107 
9.5894 11.1027 17.1401 10.291 19.2824 15.9387 30.0815 15.6297 30.1852 5.8709 
28.5731 15.3945 14.285 20.863 9.9483 14.4381 7.2326 19.8136 8.6231 15.007 
26.7293 16.9256 6.3297 11.9269 1.842 4.8841 16.6169 26.5961 15.6636 16.0584 
32.0292 13.2115 27.0814 28.0099 29.9708 29.2412 22.3914 9.6113 29.0043 22.2226 
37.3855 19.1415 16.4388 24.8593 9.5734 14.8863 7.94 25.7393 6.2816 22.4662 
28.2093 11.7211 12.5702 15.441 9.4244 10.8711 11.0865 19.9174 14.3071 14.1637 
20.8983 4.9351 21.4798 19.4394 24.1687 18.1868 23.7891 4.0349 24.1713 10.6529 
29.6362 13.9866 14.1178 19.8436 13.5905 15.6627 9.1491 16.3499 11.2415 14.9961 
23.8059 15.689 10.5876 13.1796 4.7173 8.2947 12.6439 20.2827 13.5088 13.4673 
35.9217 18.5401 29.779 24.5237 22.9624 24.5998 12.9983 17.1937 15.3162 22.9913 
6.563 14.02 14.9899 9.3451 23.4829 17.484 27.9959 18.154 34.9789 9.2076 
20.3531 17.3891 1.8905 10.0642 5.0681 1.5003 18.7881 27.6421 18.6606 13.9829 
32.377 14.4813 28.5346 25.7653 22.6368 27.6665 13.474 15.6794 16.3183 19.8694 
24.1191 17.1771 4.7105 12.5112 1.9875 3.7132 16.2441 25.8311 17.3145 16.4388 
20.5968 5.8854 12.8137 13.3684 14.1516 12.4239 18.5116 14.0866 16.9301 7.0203 
17.866 1.1867 18.9918 14.5754 19.2519 17.4041 21.9888 7.9722 25.4158 4.8975 
25.7451 9.8893 30.6247 20.9102 32.267 29.9315 28.6008 3.1442 28.3184 14.1078 
50.5627 25.6066 30.4283 38.8297 22.0173 24.0029 7.5811 31.0584 9.3887 34.6774 
35.462 14.0449 32.8088 26.9192 29.5877 33.5388 27.7426 9.3832 26.5964 19.5153 
31.0172 16.875 13.783 17.9887 10.968 14.3283 5.4591 22.5908 7.2043 16.1015 
12.2943 15.4568 6.7606 2.9344 14.1131 8.5056 30.4622 23.4451 27.8844 11.2287 
30.7591 15.3613 35.3752 32.9829 36.3466 31.1106 28.1269 10.0537 34.6823 18.6508 
20.5193 18.1006 2.5938 9.4405 7.2405 3.1629 23.0113 24.9217 25.088 13.8125 
25.4616 8.7221 24.5976 24.4349 19.919 20.4056 14.9367 8.0941 18.2452 13.8962 
17.6452 17.4598 1.1124 6.8502 9.2508 2.0809 23.5152 27.0084 21.599 13.4578 
8.378 9.2936 15.0475 8.4048 19.2893 18.5483 30.2901 15.3931 29.2898 5.9096 
29.1341 23.9401 7.4395 15.0128 7.3881 6.7353 22.4232 26.6869 19.5902 19.452 
22.8094 13.7205 4.7919 10.8808 4.5642 3.7021 16.881 23.2346 15.7865 12.3746 
24.9188 10.3746 30.5 20.8082 29.8272 23.8839 24.7741 2.9363 25.6303 15.809 
34.2457 23.0893 14.9017 22.6327 9.6009 15.8426 9.1464 27.0808 5.1878 25.2624 
21.2308 14.4885 7.6137 11.0582 6.0223 6.7006 13.4805 19.2676 14.9602 13.1457 
32.1648 23.3391 21.9172 22.7931 16.2521 18.2833 1.9628 24.7816 1.4557 27.1698 
29.7599 10.6975 16.6821 20.4899 12.961 17.8807 8.6209 14.4486 13.7295 12.9129 
10.0116 10.0855 11.1458 2.8449 14.5031 11.727 23.04 17.2108 29.9828 6.1707 
41.2758 20.3962 20.0454 26.7289 12.2382 19.4868 4.1097 24.4225 2.0912 23.9941 
41.9607 28.6279 27.1101 34.027 22.4262 26.8963 6.1913 30.6285 6.3154 25.7727 
31.6263 17.8854 14.0735 18.4995 9.4105 13.4172 8.3597 19.8946 8.345 16.8618 
36.9604 21.5338 24.8011 24.8687 16.4457 22.7227 3.5086 26.2341 6.5544 21.7989 
42.4742 23.0252 26.4516 33.6608 22.1 24.2012 9.4264 22.4087 11.4116 25.981 
35.7548 17.9134 21.8275 23.5151 17.6509 18.7869 7.3676 18.5991 12.0887 18.5607 
11.3726 19.0737 7.9458 3.4988 15.7635 9.8986 28.8516 20.9699 26.0342 11.5044 
8.2287 12.7441 18.6148 10.5464 27.3921 21.0008 34.3541 14.2332 32.3339 9.3579 
32.1329 11.0407 22.4525 23.0567 22.6007 25.076 13.5104 10.8565 18.0628 17.7222 
11.786 18.1301 8.0492 4.3326 14.5323 8.1102 25.6607 23.3029 32.5521 12.8258 
26.2634 10.5945 19.8055 18.334 18.3951 16.5525 13.7122 11.7229 16.6434 11.3019 
11.7038 11.5955 9.6657 3.0463 15.4989 9.6789 28.6888 18.7857 25.4984 5.6364 
27.0785 25.3186 11.3536 17.95 7.9659 9.6402 20.1659 35.462 17.4668 24.701 
15.1744 8.5929 9.3462 6.8324 14.2844 8.6913 23.5539 13.8879 22.3832 3.9493 
17.5991 7.8569 10.5435 9.7999 9.6531 9.4312 18.8387 16.751 19.951 7.0513 
11.6887 13.1671 20.5181 15.1663 27.0217 20.952 30.6986 12.9145 36.7027 10.2749 
13.1612 16.4727 7.5507 5.0992 16.7781 9.419 24.655 27.3129 29.7651 13.7223 
29.4869 15.9943 30.5717 28.3239 31.8066 29.1427 33.0327 9.2359 30.2259 22.4289 
11.3964 16.2687 6.9925 1.9361 11.7584 7.3565 28.7225 19.915 26.4036 10.2403 
28.8117 11.5698 27.9373 24.189 35.2992 26.5411 26.6661 5.66 33.1675 20.3885 
36.0514 28.3513 23.1902 25.9947 17.115 25.9832 5.0204 28.8648 2.946 24.3453 
28.2047 8.399 27.0566 23.1984 24.9119 27.8588 21.4478 3.8729 30.4648 16.0092 
25.7419 9.4755 17.96 20.4052 17.7625 16.0212 9.9743 14.1037 13.0403 16.0018 
26.1594 15.4915 5.2727 12.73 3.863 3.0261 18.1889 24.6193 16.9956 13.2882 
26.8737 13.8917 10.6407 15.0082 5.5675 7.4343 13.3109 20.9438 12.1614 13.3364 
27.0116 5.1975 24.6302 21.7114 22.1599 18.7433 20.2891 6.4097 25.1043 11.2129 
31.3406 21.8865 13.1335 19.6914 4.6869 11.1751 15.4011 29.3308 11.5515 21.9987 
10.2227 19.1616 9.9858 4.6053 15.7427 10.8512 30.7278 21.5 30.2781 12.0874 
36.9813 27.9264 27.4294 29.8136 20.1487 26.7069 4.6812 27.4321 6.5536 24.7453 
15.5338 19.5888 4.0485 3.8669 13.0584 6.537 28.0066 23.7362 25.7396 11.206 
18.7014 16.9168 4.1394 6.0381 12.3592 5.8762 23.6721 26.165 29.1745 12.4184 
10.826 13.5631 8.3557 1.6913 14.6872 10.4384 29.7651 24.7122 31.4754 9.9094 
23.906 14.9618 7.4977 12.2241 4.7454 5.017 15.6468 23.1265 15.7047 12.4443 
10.3724 8.2836 16.2926 10.9569 18.8059 17.5613 28.7749 14.2547 26.7917 4.2373 
36.9518 14.5206 28.7728 28.1367 24.2306 29.0423 18.8388 14.0184 23.7177 20.7774 
32.1865 32.2974 12.4655 16.9942 9.5633 12.8346 26.7998 31.3011 23.0248 24.0397 
10.4783 7.8448 16.6628 10.253 22.5503 18.2651 29.4308 12.8785 33.4431 6.1367 
10.1679 9.4895 14.5945 9.9517 23.4104 16.0468 27.0656 11.8364 32.5921 5.4814 
24.9087 8.7226 29.5651 20.8572 32.7713 24.112 32.0021 2.9809 28.8547 11.8788 
32.7439 14.7951 33.9307 26.2812 29.245 32.2666 25.8746 10.9247 32.0331 22.4704 
27.1846 9.4313 22.5137 21.4143 22.1627 21.2939 18.9417 9.4284 18.2405 13.3693 
12.0892 10.8564 22.791 13.0945 27.5906 21.8229 29.5041 11.735 31.6902 9.9133 
2.3049 16.8698 21.6255 15.435 31.4183 20.4116 42.8526 24.199 39.4977 14.0722 
16.8232 2.5359 14.2053 10.2261 17.2183 18.0735 23.0797 8.6492 22.1733 2.76 
28.0134 7.4087 22.2455 19.5899 20.7479 17.2337 13.8591 9.8172 20.6656 12.1541 
40.9986 21.2059 23.2663 29.6295 21.807 22.3728 10.3301 19.0678 11.8114 21.8437 
18.0548 2.5861 15.312 11.9806 16.4663 15.0301 22.9408 9.4123 20.8854 3.1604 
27.9574 12.2202 23.4897 27.0658 27.0819 26.7573 17.1588 9.5226 21.134 16.7615 
29.2327 12.5106 14.8137 17.9186 10.144 11.9903 10.1128 15.6952 9.8968 13.527 
40.8739 21.0861 31.3235 30.7937 26.7397 31.1272 11.4678 21.3056 12.7111 29.6898 
35.6513 13.7802 23.0463 26.6741 22.0593 25.4316 14.4748 12.1854 19.0391 19.2703 
14.7518 3.2669 13.3892 9.8355 16.7532 12.9047 21.2332 10.3892 22.2216 2.2288 
10.2356 8.3165 22.2728 13.24 24.8081 22.1879 28.2615 10.0271 31.0633 6.1167 
45.4509 28.1442 31.2636 34.1808 19.5361 30.0175 6.2546 29.0744 7.7194 33.3523 
9.1119 9.5022 13.901 7.9384 21.0561 13.691 27.8444 13.6 28.6528 5.1784 
18.6352 15.2103 3.5673 8.179 7.519 2.4253 18.4865 18.6491 18.648 9.4775 
23.2033 4.7065 18.0084 18.3434 19.7744 19.1566 20.3132 6.6762 20.7523 10.1874 
28.0301 16.5413 19.2259 21.7953 10.3796 14.091 4.6399 25.5356 7.0432 21.8862 
29.6907 16.1854 13.6699 21.0648 9.5953 14.2067 6.3706 27.0284 5.4999 18.6351 
7.9815 12.0438 13.9849 7.3201 21.3897 16.9217 26.743 18.7471 26.8142 7.4185 
15.9455 9.8401 7.689 8.1929 11.8022 6.8749 16.9047 14.8483 18.2368 5.8091 
38.0402 25.3327 17.301 25.786 14.0227 18.1625 4.9272 26.8197 2.3923 26.127 
10.094 7.7048 13.8382 6.7448 16.1677 12.5054 25.6204 14.9588 24.4134 2.5251 
13.2971 9.4799 10.4157 5.6104 16.7102 10.0344 27.4302 13.5035 29.3254 3.4367 
15.4196 4.4904 18.4921 16.2068 24.3054 20.3715 25.207 5.1058 26.7208 6.7484 
21.0682 15.2679 4.2863 11.374 5.1437 2.2616 15.8689 24.3903 18.0294 14.2539 
7.5031 10.9707 16.7659 8.8426 21.3853 19.5866 25.7805 14.4944 28.8826 6.4516 
32.0149 15.4258 16.9402 18.4499 10.3113 11.6073 7.7572 20.0159 9.5286 15.1436 
25.4425 18.4045 6.2248 14.7146 1.6268 4.3197 17.4108 25.7698 16.4871 15.1048 
28.5902 15.9686 28.2404 31.3202 30.7959 32.6758 25.3094 10.1944 28.9345 18.8567 
28.7714 23.6889 16.699 21.9693 9.118 16.5 7.1234 26.9598 5.6118 24.5763 
26.3016 12.3284 10.8681 13.3814 9.5951 9.6531 11.7238 20.3327 12.9515 12.292 
21.4577 4.787 23.746 16.7367 20.91 21.2071 21.584 4.701 26.353 9.8583 
25.9265 14.3998 14.3213 17.2245 13.7458 15.1975 8.4385 18.1642 9.3585 17.4289 
24.065 16.7522 11.3161 14.0209 5.1776 8.8979 10.7602 20.3754 13.5965 14.5542 
38.3091 15.2883 25.5078 30.3212 22.0826 21.1749 10.1642 15.3017 16.7265 22.9493 
5.8281 13.4429 16.5251 7.9368 23.1774 15.0842 28.338 17.8903 33.9264 7.3238 
19.1109 17.3305 2.1751 11.1986 5.0617 1.6906 23.3299 27.7232 18.7871 17.4775 
31.1764 15.9558 23.88 27.4519 23.1777 25.3693 14.2961 12.739 19.7903 17.6303 
23.2325 17.2678 6.0147 11.7964 2.0557 3.3999 18.5272 27.5669 14.6201 16.5406 
20.2291 7.4177 12.2814 10.58 11.0092 12.0864 18.6915 13.2098 16.0949 6.2787 
16.0587 1.1928 18.3817 11.6788 21.2313 16.7808 22.8836 6.2788 27.7632 5.0759 
28.4383 11.0791 27.505 22.599 30.932 29.4333 22.6117 3.6142 26.0502 14.9449 
46.8065 27.6015 33.4101 38.8395 25.6375 26.125 7.0995 32.7923 8.5092 33.8355 
32.2503 14.4425 34.4676 27.015 26.6798 32.1481 23.3888 7.6348 28.6752 18.6983 
32.1281 17.3659 15.6284 19.2524 10.1962 14.4055 5.3592 24.6559 7.0619 17.8519 
10.6555 14.8175 7.5032 2.3108 13.3231 8.5396 28.3266 20.9466 24.8089 10.8017 
31.3169 13.7026 31.5098 33.5212 36.3466 28.4625 33.0287 10.2232 32.2565 22.8195 
19.1311 22.6798 2.5841 10.3666 7.6189 3.0815 25.4353 29.906 25.422 15.4707 
29.2048 8.5334 21.8326 18.4468 22.5744 23.1672 16.8367 8.7382 22.1753 13.3397 
19.1209 15.952 1.1718 6.385 8.3321 2.3792 20.4431 22.7065 23.5179 12.6613 
8.7715 9.3481 17.7559 8.499 18.6124 16.0848 26.13 13.6272 27.3134 6.4978 
27.3513 26.8308 7.252 15.5747 5.8965 7.4958 20.7857 34.5282 20.5404 19.4167 
24.4342 15.8345 4.4099 10.4167 4.946 3.5571 15.3558 21.8541 15.6179 10.428 
28.0254 8.5005 23.6142 20.1583 29.9723 25.9015 22.4968 3.0715 32.3161 14.3339 
32.4595 25.3357 16.6372 23.5992 10.6154 14.5321 7.6597 30.5831 5.4756 21.7495 
23.1191 14.3774 6.9766 11.0546 4.9547 5.9637 13.8065 20.2201 13.2212 11.2494 
38.585 23.7722 18.3907 27.016 15.1499 21.4908 1.7919 24.4634 1.4455 26.5782 
32.6772 11.4204 16.164 19.5903 14.6672 17.4396 8.3702 17.3738 13.2435 15.7971 
11.7259 12.0601 10.8893 2.5077 15.3009 9.7363 28.3012 17.8911 31.3171 6.2497 
37.2344 21.4651 18.5 25.9374 14.3246 15.9175 5.2157 26.9839 2.2975 27.0038 
38.9467 30.2017 31.4685 28.4217 19.7241 23.4436 5.6195 28.9089 5.8709 33.0815 
30.1341 17.9399 15.7249 18.5539 8.839 13.2664 8.3642 23.5592 7.6747 17.0282 
41.4833 23.8672 27.4705 30.8724 17.9306 23.8041 2.8549 24.4387 5.9276 26.6134 
39.5722 23.8509 26.1972 28.5188 26.5308 27.3982 9.0572 23.4365 13.3226 25.8031 
33.7058 16.4688 20.1871 28.0479 15.5387 18.7988 7.7771 21.2845 9.3703 22.6322 
10.3369 15.0777 7.9345 3.3732 13.655 9.7135 27.3124 23.7649 31.7875 11.251 
9.2889 10.9102 20.5786 13.2417 24.8381 17.1587 30.3151 14.6224 29.4356 7.5595 
31.2953 12.0209 23.6488 23.2619 20.9158 23.1158 13.3824 11.9824 20.6447 18.3015 
14.6468 17.6904 6.9221 4.1264 16.6322 10.1187 30.0296 27.8964 31.0536 13.9908 
25.7651 9.3217 17.5496 18.8274 15.0501 18.7788 12.7923 12.8427 14.4923 11.5999 
10.3695 10.3747 10.1399 3.0622 17.0046 11.6433 25.3794 15.0496 26.0177 6.1366 
30.4468 25.178 11.2957 21.5252 8.1111 11.8316 20.7704 31.8218 20.3235 25.4292 
16.6341 8.3325 10.8216 7.7796 14.5441 9.3129 19.6124 14.6306 20.551 4.911 
20.4359 8.513 9.2227 9.9205 11.9323 10.4397 15.4362 15.6919 20.075 7.5586 
10.9939 10.2955 22.3234 13.1271 24.3096 22.1203 29.1898 11.7732 31.9137 10.4336 
12.8071 18.8297 7.606 4.0468 16.8291 9.6131 25.1721 26.881 25.1403 13.9782 
34.6798 17.9533 35.4114 29.9764 29.663 31.937 31.745 10.2556 32.521 20.698 
14.367 16.1042 6.8351 2.018 15.0605 8.3119 29.6693 23.9808 27.7165 11.4073 
27.0302 11.8371 31.7637 28.5085 28.8901 32.4571 31.1266 6.9596 35.3655 20.1225 
46.6389 26.568 27.6702 26.7712 20.1633 25.6174 5.2212 31.8148 2.708 28.2918 
29.0236 9.4669 25.8918 22.4641 26.194 28.2592 21.8183 3.6862 30.1249 14.9635 
30.1451 9.8854 20.9921 21.2324 17.5613 19.3057 10.7645 13.3864 16.1368 13.9249 
24.9554 17.8066 5.6208 11.2897 3.0451 3.1265 18.35 22.0064 14.9786 12.2216 
27.0016 15.8301 8.5618 12.5939 6.4833 8.1304 12.1221 21.6584 12.2104 13.6883 
26.1596 5.226 19.1493 21.3133 24.7032 22.8901 20.8306 6.0376 21.1702 12.3795 
32.4201 26.852 10.2829 20.1891 5.0281 9.3071 16.8706 31.5034 11.6357 21.9026 
8.2467 15.9232 11.2265 4.7942 19.6592 12.019 33.4652 20.7497 26.9763 12.6332 
36.8644 21.6294 25.38 34.9767 18.7079 25.1926 4.5794 27.5196 6.2607 30.8223 
15.8799 15.6406 4.0799 4.4322 12.8667 6.1235 24.2719 27.255 27.1856 10.9268 
17.1582 20.6552 3.6895 6.96 12.1248 6.2952 29.2254 24.7926 27.4937 15.9402 
10.76 15.1322 7.3408 1.4447 16.3757 10.6508 29.3035 22.6869 25.2079 11.1291 
20.7695 15.8176 7.6684 11.4854 4.7269 5.2266 16.2246 20.0283 14.4354 12.035 
11.7588 9.3729 17.3023 9.7507 23.0914 17.4928 30.7166 12.8486 29.1313 4.4817 
35.7962 14.3089 27.331 28.2836 25.0992 23.1733 17.9087 12.5152 24.3205 21.2812 
27.002 28.4269 10.9689 17.9663 9.9009 12.0832 25.2719 33.3735 24.4367 29.1249 
10.362 9.05 18.6097 10.5282 20.2532 18.7382 30.8896 11.1767 33.4431 6.3889 
10.1337 10.5847 15.6081 9.2339 22.8917 15.3911 29.3281 13.9104 30.2989 5.8593 
22.657 9.9432 29.542 22.9869 32.7796 26.4653 28.5259 2.976 32.1117 14.6741 
29.3776 14.2074 34.3199 32.6252 26.7112 33.8914 24.6468 10.6692 29.7491 18.133 
32.1065 8.7361 20.4211 22.7797 21.0298 20.0311 18.2328 9.5819 18.4574 13.6919 
12.6248 10.8648 23.0279 13.9518 28.5205 22.6971 34.2712 9.9167 34.3102 10.1941 
2.9478 19.2159 18.6779 14.991 27.012 25.2864 35.6831 23.1452 37.9336 15.4085 
14.142 2.0193 15.4703 10.152 19.6872 13.9721 25.4707 7.542 22.238 3.2786 
29.3075 8.7276 19.5199 21.6966 18.0892 20.8635 14.5092 9.7148 19.2407 12.7563 
33.2917 16.2055 27.9196 28.5144 19.9736 22.4641 8.3323 21.412 11.7814 23.7507 
14.8257 2.2478 13.3637 9.9233 18.7751 16.0546 19.6444 8.9007 23.7327 3.1645 
30.4929 10.1432 23.3618 23.6128 24.4933 27.7191 21.2763 8.1454 21.5806 14.4499 
25.9668 15.0414 14.1808 18.8241 11.2232 15.2617 10.2912 15.8251 10.5381 14.0914 
37.0247 21.7817 32.1808 28.4327 21.2726 28.5914 10.2474 25.5081 12.4869 27.3661 
29.3835 14.1601 21.8215 24.4513 24.6185 23.9207 15.5309 13.9415 16.644 18.1123 
17.2216 3.7166 13.5151 10.0334 17.7365 12.5015 22.0557 9.5439 22.6265 2.5281 
11.5792 8.4486 19.3652 11.5213 26.7026 20.3128 33.5806 9.981 30.7305 7.0482 
46.3814 25.5975 29.0241 34.6125 21.9018 25.5145 6.2509 27.4764 8.4893 30.0237 
7.7857 9.1621 13.411 7.8743 18.8732 14.9677 29.7151 13.8314 31.6518 5.6228 
17.2405 13.5656 3.0573 8.4489 7.0837 2.9473 21.0253 21.0353 19.0348 12.5549 
22.6063 4.7003 22.1336 18.9177 18.6762 21.6289 18.9488 6.2022 21.9857 8.6315 
34.8452 19.4826 18.6941 22.8627 12.6923 15.6749 4.0438 21.8331 6.7057 20.4046 
27.5985 18.5091 17.5879 21.0949 10.7691 13.3608 6.1432 24.0603 5.3358 17.627 
7.4208 13.1062 16.2675 7.0603 19.654 15.4794 31.6543 15.9827 28.3207 6.2473 
18.2227 9.0505 7.8381 8.3325 11.7736 7.2873 19.1554 15.6007 21.5879 5.4642 
36.5664 21.5654 19.9511 22.7314 11.1498 17.1565 4.0167 25.9771 2.1122 25.4729 
12.9243 8.2533 13.1196 7.735 17.9578 13.1368 25.3166 14.3155 30.5403 3.0395 
10.7027 9.931 10.9978 5.7156 14.0749 10.6225 22.7629 15.3271 24.0257 3.855 
15.2728 4.241 21.5532 17.0214 20.337 17.7847 29.0487 5.5308 29.9109 6.8378 
23.5341 14.5786 3.7791 9.7062 4.2978 1.9023 16.2804 21.6206 15.4757 11.2778 
8.0705 10.3451 17.8507 8.3939 20.6906 17.5119 31.0439 12.8993 31.7035 6.9106 
27.4845 14.51 13.1526 18.0657 10.8376 12.4113 7.1823 19.6886 8.0194 17.8764 
26.1209 18.4096 6.2702 11.3709 1.5447 4.7183 15.6107 24.3432 14.9381 15.4808 
36.1898 13.341 29.5498 30.28 31.8617 32.8899 25.3634 9.7482 28.7716 22.9583 
31.0206 22.3203 14.0273 21.8286 9.22 16.0172 8.1763 27.1619 5.515 20.187 
23.9079 14.1042 11.5635 15.3652 8.7167 9.5072 11.8056 16.0906 13.5486 14.0998 
21.3129 4.1767 23.2866 18.8022 20.1648 21.0887 23.5952 5.1351 26.532 9.3163 
29.9343 13.5616 18.4289 19.9973 13.7113 14.587 8.8312 16.9069 9.7233 15.293 
28.6485 15.1115 8.8992 15.9043 6.0936 8.6679 12.1944 20.0231 13.1969 12.7844 
34.32 15.3708 26.5756 30.941 23.8549 27.3073 10.4891 18.9 16.5294 19.2205 
6.8193 13.2288 14.2849 8.3975 21.2237 18.5614 34.3693 17.0017 30.7311 8.2705 
19.2639 16.8717 2.2185 9.9566 5.4227 1.7637 22.8745 22.7637 21.3461 13.1825 
30.9401 14.1013 28.1073 23.7927 25.9025 24.6651 17.0264 14.2092 20.0521 20.8477 
26.6128 20.3477 5.8376 12.108 1.8113 3.9249 16.9523 25.4796 15.602 16.0963 
20.5671 5.9361 10.9684 12.9572 13.9328 12.5451 17.934 13.1638 20.2657 6.7176 
18.6334 1.1532 17.9986 14.251 20.2673 15.5143 22.8178 8.0898 22.5105 4.0706 
25.2777 9.6277 31.2831 22.1785 31.9596 27.9693 26.4608 3.1873 26.192 15.1574 
50.4354 24.5438 27.1839 35.7536 26.3089 30.401 7.1308 29.244 7.8223 27.4902 
33.535 15.0248 29.8405 26.1287 27.8275 26.7802 24.0209 7.7785 27.292 19.7291 
34.789 17.8057 16.9883 19.021 9.0181 12.9881 6.067 25.2262 6.3653 19.6022 
12.3794 16.5991 6.7268 2.6668 16.1246 8.9841 28.9524 20.9532 25.647 12.3063 
27.067 15.501 31.8784 30.8967 33.297 32.5365 28.471 9.7096 29.3156 21.0615 
20.8634 22.5432 2.3765 10.0028 8.8082 3.1639 23.6322 30.1379 21.1829 17.4046 
EOF