I 100
J 10
bounds (0, 100)
cv 0.5
D 25
k 5
t 3
FLR 0.4
FCR 8
λbounds (80, 120)

λ 
88.3613 86.8985 105.6603 
80.0344 80.7479 99.3556 
85.7428 84.3875 88.9905 
91.3075 80.9364 93.2148 
101.2829 97.407 119.0548 
88.3127 80.7478 98.6767 
95.0591 96.6071 113.0371 
117.7396 94.0941 90.1632 
105.1093 105.4273 95.1089 
104.8837 114.9746 106.5342 
81.1809 110.2698 106.2894 
97.3166 116.3909 83.7405 
107.7995 116.5452 89.7175 
87.4116 109.4519 92.4301 
91.8797 94.7198 103.1033 
80.7206 112.3887 89.5638 
108.2403 113.2293 90.4242 
117.7336 95.3029 112.7272 
99.9796 86.3056 108.4031 
112.5925 99.5146 84.0283 
91.1134 95.22 91.0653 
89.5375 113.2 97.9437 
116.2782 96.247 110.9749 
101.604 110.1853 89.3376 
106.7031 114.8422 109.6301 
81.758 88.5832 90.803 
116.0912 87.0561 106.5268 
89.7311 81.1698 106.2772 
110.8928 111.2265 97.4736 
84.3694 88.7235 86.0058 
90.0496 90.4511 119.4512 
111.6842 118.8908 81.5584 
92.3064 109.4611 119.7442 
98.9348 110.7293 116.2293 
108.7003 88.2752 112.9689 
81.0339 102.6812 109.5105 
104.8178 107.4155 96.022 
118.512 83.8243 113.5331 
98.0649 103.0901 89.7383 
118.2643 94.7745 118.9856 
105.3227 96.4466 95.7401 
115.6308 87.3208 98.7444 
104.5389 99.5521 111.9318 
86.4484 110.2333 118.2451 
87.1399 116.847 99.8353 
112.5249 97.035 107.2931 
86.4626 99.3318 109.3972 
97.9293 81.608 106.1358 
114.9365 118.6279 105.5217 
96.0837 94.7683 115.311 
82.5219 81.8146 92.1519 
109.4255 81.7543 102.3955 
97.5451 117.195 83.7521 
85.9945 97.7154 109.6295 
87.7089 97.3426 88.7384 
103.805 116.7843 88.0003 
110.1319 99.0881 93.6787 
86.3146 81.758 109.2078 
115.7398 101.3393 80.6354 
109.1458 89.9827 80.2799 
83.6719 99.5764 92.53 
102.551 115.4284 86.4165 
81.607 111.6024 109.2709 
87.9798 93.7533 90.1964 
86.2288 101.7454 80.3907 
89.9017 111.3625 103.0078 
98.4799 93.9333 81.0438 
94.6666 107.1544 103.0716 
112.6759 96.0209 113.6844 
108.0064 105.6019 88.4925 
119.9545 91.3852 84.853 
96.092 102.2745 103.3788 
88.3661 89.4219 96.9217 
82.2609 86.5636 102.8422 
109.7654 83.5655 108.6986 
107.317 83.3172 88.2029 
82.1809 87.8586 102.3734 
100.8743 86.9197 93.966 
95.173 109.348 90.2642 
82.3243 88.1648 85.0271 
113.9712 83.8955 93.2767 
114.1916 108.2765 117.3654 
119.6582 108.3905 80.503 
96.0603 108.0866 106.8661 
116.2916 101.194 81.3603 
104.8184 91.7105 85.4491 
86.255 112.4526 87.1976 
85.9709 96.7244 110.3467 
101.1135 80.9536 96.8463 
109.9151 115.1237 91.1946 
88.0712 112.7687 85.3871 
99.012 98.7399 88.992 
102.6445 100.707 100.2686 
93.0098 109.0024 114.2493 
95.2789 94.6793 89.7586 
83.6612 91.3071 85.7558 
104.3628 106.5239 98.6183 
86.4975 90.6806 119.4375 
112.3108 94.1183 91.3925 
113.9372 87.99 103.6571 

Icoords
80.6211 85.5678
36.6776 5.0892
7.0035 18.5733
90.225 67.2734
89.5678 11.7501
22.7075 86.0862
32.2044 34.6679
61.9692 43.1354
24.7173 52.8773
60.4722 37.5896
73.3204 68.4918
88.0168 37.4684
31.3301 59.9886
54.4831 23.0163
58.4619 31.0927
89.7628 81.1204
21.4815 44.7974
3.3976 47.2458
86.2969 11.0557
85.9713 46.4053
17.9501 97.4516
31.1577 14.6286
62.4328 25.9312
72.6012 1.9953
13.3574 22.7041
7.5735 86.569
98.9397 83.3491
66.9877 59.6604
77.7997 49.1892
95.7613 78.6135
90.1494 63.4903
75.0889 51.056
25.1513 16.6886
59.1436 14.2158
25.0835 14.7279
70.0166 3.2148
97.8429 1.4112
46.2423 64.2431
55.7939 54.1888
63.2504 8.6795
23.3936 6.4904
64.1067 6.3064
4.1626 79.5525
45.9202 70.1177
79.509 41.6457
32.1033 89.2482
55.7294 13.4271
2.9282 18.5994
2.5555 31.7494
24.5015 10.6688
84.4393 24.9013
75.6201 59.459
7.5753 94.9549
2.4892 61.6507
3.8826 62.5663
54.2341 19.4007
49.7311 5.7852
29.2455 76.7981
0.1052 87.249
89.0021 17.9085
98.4019 31.2551
89.467 4.2756
30.7042 68.2719
94.8676 59.3014
98.6083 3.9972
75.3471 60.405
59.2811 32.3043
74.8877 5.8138
6.2316 72.3643
0.1213 97.9002
82.7849 54.2012
97.098 6.5541
57.4072 86.379
62.6136 55.1962
55.1617 13.8859
83.5094 95.6974
32.5187 94.3052
27.3942 72.1741
8.6794 54.1544
14.7893 56.3072
11.2793 56.5122
24.99 10.0006
91.578 42.6723
44.3037 80.2448
40.1725 31.7922
58.9123 67.8045
29.5147 27.4451
84.6357 95.2645
3.6692 23.9408
74.0608 75.901
75.4465 0.4518
47.6011 55.1285
86.0084 4.1897
16.8068 89.2697
44.0484 3.3132
24.3017 99.2862
40.084 97.2719
82.7814 93.4514
75.6914 73.4659
15.4703 68.0924

Jcoords
95.4425 19.191
60.7683 73.5893
87.7929 96.9214
54.8563 14.9507
67.9132 62.7796
66.2582 67.6609
8.6616 20.4321
12.9123 68.6468
9.0978 63.45
54.8065 88.0407

C
26.7353 7.9901 5.334 24.4454 8.1511 7.045 31.2536 25.6901 29.5343 10.2097 
21.1577 25.5379 31.5719 7.6107 21.0063 27.0132 12.1316 24.7672 24.7095 27.3493 
33.9703 25.2851 36.7782 17.6794 24.5425 23.9149 0.8599 15.8019 14.2818 31.9426 
15.8685 9.2969 9.3854 21.5613 7.1443 7.2149 31.669 28.2159 25.8271 15.3269 
3.0451 27.2798 32.4658 13.5496 19.8343 20.8197 31.1324 31.9708 29.6887 26.308 
34.8537 13.4241 24.2217 27.4078 16.0311 15.553 26.0771 7.1667 8.8772 11.8279 
20.5665 17.4477 27.642 9.4448 15.6154 14.5849 8.46 14.3596 11.6561 17.5333 
13.4415 12.0569 17.9529 10.5286 6.9555 8.8113 17.3996 18.0424 21.744 16.3612 
24.2612 16.1902 26.072 18.4086 15.1252 13.3911 13.8286 6.9753 6.8523 17.9797 
12.1587 13.7559 25.1808 8.2058 9.4925 11.4468 20.2101 21.6246 22.345 15.5401 
16.9135 4.0684 12.3968 22.5352 2.6822 2.2286 25.724 19.7898 23.8741 8.3816 
7.3212 14.1756 22.2534 13.2996 10.2304 11.295 27.5062 25.1032 32.6776 22.906 
29.2951 10.711 20.5376 16.2193 13.6374 11.7331 16.8415 6.9765 7.218 13.9661 
15.9532 15.9766 30.683 2.6572 14.1817 14.2531 16.678 22.4379 21.3048 20.8016 
14.3118 15.9554 26.6145 4.9884 11.7882 14.4625 15.4925 20.8038 19.2181 18.7916 
20.5536 9.0948 5.7706 26.5659 9.3996 10.3087 39.373 23.9564 27.9939 11.4637 
30.7281 15.3526 31.0728 16.432 18.9658 17.7173 10.9302 7.7167 8.79 17.0935 
31.3021 22.0386 33.1198 18.8579 21.7659 23.7537 8.6185 7.1972 6.7319 25.6804 
4.8435 26.4502 29.0528 10.1791 20.3875 20.5483 25.0004 31.4369 29.4921 28.438 
10.3389 13.7121 19.4967 17.6534 7.7078 10.5755 28.2755 29.5779 24.8977 18.5874 
33.4261 16.029 21.0303 34.6787 18.3175 20.8973 30.6354 11.264 11.2467 12.279 
23.6583 21.8191 30.389 7.6245 20.3415 22.5448 7.8549 18.5474 20.3742 25.1743 
12.9743 14.4588 25.2461 4.6759 11.7722 14.7211 16.3831 20.7835 25.1317 24.511 
9.8008 23.0467 31.4743 8.4391 20.3135 25.2142 22.5985 34.3482 27.3065 35.0762 
28.6903 23.0764 36.0855 14.7675 23.5843 24.1732 1.5947 17.4085 14.4535 27.3211 
34.9016 16.4869 26.9103 33.6409 21.1898 19.3537 23.8456 6.979 7.9239 18.3873 
25.1873 11.8277 5.4972 31.8253 12.0946 11.22 38.877 26.645 32.9153 17.3356 
18.2105 5.9019 13.9892 14.25 1.0177 2.525 27.2869 16.6096 23.1939 9.8674 
13.9033 9.7005 15.625 12.991 5.9443 7.7214 23.5124 20.4242 21.5411 15.0741 
18.76 12.8504 7.6313 26.4926 12.3046 10.9926 33.2145 27.846 29.6581 12.7842 
16.5876 9.3857 11.5221 19.7626 7.5931 9.5337 33.4188 23.3853 26.0581 17.0669 
11.5776 9.9347 18.4801 13.9849 5.2906 7.4288 26.0182 22.6806 21.0768 15.6028 
23.1404 25.7707 34.7309 9.0101 25.1239 25.5382 6.5828 17.2205 18.5846 25.0894 
11.2296 22.5169 29.199 1.4315 18.0076 16.9783 17.7462 24.4524 24.2695 25.092 
28.1156 22.1438 37.8075 11.6534 22.5549 24.0751 5.5352 19.7942 19.8854 25.4572 
11.4889 23.7711 29.8533 6.877 18.7746 21.0064 19.7229 31.1517 26.4121 30.4556 
5.8614 30.3313 36.2542 15.9002 25.3789 27.3758 30.2103 34.3925 38.4935 31.4665 
22.0213 6.486 16.7201 18.0392 6.8875 7.1902 20.1042 10.6675 13.9324 8.7003 
19.9854 7.827 17.9749 14.6361 5.7015 5.5645 22.0243 16.7709 17.7521 11.9142 
12.3844 21.254 27.688 3.1465 16.7192 22.318 18.0362 26.9489 24.4851 31.3251 
23.9159 23.6792 41.7206 10.7971 23.9558 26.3446 7.0159 21.9484 22.9032 31.8716 
13.4136 23.1266 31.5539 3.8501 17.937 22.7151 17.6455 30.7584 26.3971 25.6574 
36.1238 17.0927 30.7323 24.6845 24.5289 24.4108 19.9634 4.8908 6.0496 18.5323 
22.3263 5.4651 16.4612 21.4603 8.2422 8.1575 20.165 12.4233 12.8729 6.1075 
9.0144 13.6993 20.7307 12.9541 7.4777 9.0623 23.2737 24.6631 22.5626 18.98 
28.4374 12.5525 19.4169 29.1932 14.3565 13.5761 23.1402 9.8853 12.264 7.9255 
15.4578 18.1239 32.7526 0.57 20.0033 19.3804 15.0515 25.8188 27.1565 22.6917 
34.231 28.9145 39.0564 18.5684 30.8194 25.1868 2.1248 20.0664 15.2298 33.3459 
31.7189 23.134 32.6721 17.9684 21.8063 22.5746 4.2604 14.6587 11.1801 25.7217 
25.2294 22.7604 34.1168 12.0629 26.1462 23.4494 5.597 21.0189 17.3581 28.9088 
4.1926 19.3649 23.7491 9.8442 15.1586 16.4158 25.665 27.1989 28.4613 24.6138 
17.7017 6.4923 12.4316 18.7761 2.8927 4.8255 26.3971 25.2305 25.0973 13.5453 
46.2807 20.9517 26.9612 30.0818 23.3246 21.4222 29.1191 8.6975 10.3646 16.7501 
40.8256 23.4686 31.5693 25.7507 22.5485 19.5101 16.6046 4.0459 2.526 19.8173 
33.7884 19.1388 29.9305 22.1886 22.0651 21.8854 14.1079 4.1835 1.6905 21.1931 
14.6827 17.3131 30.8072 1.5412 16.8611 18.8548 14.6963 25.0007 21.3108 22.6794 
15.4771 26.352 36.4047 3.5525 22.2786 25.3426 16.2204 23.4215 22.6725 30.204 
33.3462 10.6939 24.5903 21.3808 15.7776 14.834 22.5986 5.5255 9.5416 10.1225 
42.0054 21.061 31.2826 31.0886 22.1743 23.409 23.496 7.8956 8.2862 20.0611 
2.0443 21.9691 27.642 11.5057 14.983 17.0131 28.0928 36.3717 29.578 26.0057 
4.7339 20.6182 25.6626 15.9348 13.8717 18.3966 32.5768 32.9102 35.2001 21.656 
5.3393 23.2937 36.5084 12.8109 22.6324 23.1595 28.2484 30.0064 30.9492 29.435 
26.9474 9.8126 22.2538 22.5188 13.5968 14.0779 18.2356 6.9137 7.994 9.5793 
14.4252 13.7387 11.679 23.6717 9.1263 9.9521 30.7899 28.3753 26.6283 15.146 
5.9147 31.1788 30.4791 17.2065 26.466 21.4234 29.1589 37.7432 41.7144 28.991 
14.5443 7.2708 13.4757 15.6958 2.3849 4.2926 26.1001 23.3831 25.9043 11.4972 
12.3667 14.8516 23.4626 5.5428 10.8041 11.8566 19.1283 23.0412 18.9828 21.645 
8.6694 22.1953 31.7919 8.351 22.0956 24.0605 24.8019 29.0006 31.2515 33.1633 
37.4919 16.5179 30.2637 28.5752 18.7515 19.1108 15.9554 2.6155 3.7436 19.5133 
49.3481 20.8494 30.1259 37.1187 23.5003 28.6598 26.8261 10.9256 13.9874 21.9045 
13.3128 10.0301 14.1641 16.398 6.5051 7.7456 27.6126 25.3793 25.3616 17.2558 
4.4225 27.7309 33.5582 16.1075 22.0073 21.9992 31.5374 32.3446 36.3625 36.4843 
30.1647 5.1243 12.0835 24.344 9.7388 6.4766 25.4795 14.6856 16.6627 0.9632 
17.1804 6.8766 17.2177 12.6812 3.2177 4.3349 21.1609 20.2919 17.4467 13.1291 
15.4957 21.4259 28.8707 0.347 17.5235 19.646 17.1164 25.4111 25.4825 23.1588 
29.3388 9.5529 1.4777 32.584 11.2264 11.5446 38.0004 29.8629 26.2922 10.635 
33.4921 13.9915 21.8412 25.4982 15.7743 15.7134 24.3758 11.2892 14.6195 7.1376 
33.5053 12.4998 19.6469 22.1644 12.6653 13.8699 20.4761 5.5209 6.5208 11.0254 
32.3939 19.8368 33.4641 19.8865 18.2688 19.1915 10.9125 5.5455 2.8417 20.0785 
32.6103 16.3912 29.941 19.4628 19.1001 16.1914 13.9901 4.2737 3.5007 20.383 
36.4861 19.873 28.9871 18.0777 22.3189 21.4518 12.5274 3.7981 2.7484 18.6285 
27.489 22.2975 37.3501 11.9248 25.1097 24.6614 6.7293 22.1545 17.3643 31.9883 
8.3028 16.1801 20.1101 15.6206 12.1357 13.9771 26.089 32.1265 30.8332 23.1026 
31.4663 6.9828 17.4477 24.0953 9.8528 8.2115 25.7898 12.1981 13.8162 5.143 
19.9883 18.0094 27.8594 7.6081 12.9138 14.0815 12.5912 16.4431 13.9469 18.8428 
20.8635 1.924 15.5964 17.5195 3.7183 2.2512 21.4293 18.0948 15.1464 7.0783 
21.6204 22.0421 36.1279 10.4569 18.5768 16.8433 6.7344 14.6367 13.3651 24.9187 
28.983 10.2268 1.3674 31.7959 12.6452 11.5601 36.5986 28.7193 31.2448 9.8949 
30.822 28.246 42.721 17.0308 23.8878 23.1178 1.8965 14.1109 12.0439 32.1764 
19.976 4.7303 9.2449 20.5644 4.8426 3.451 33.1785 18.6087 21.9933 8.4219 
9.2462 25.2806 36.9964 8.0157 21.1448 22.2768 25.2349 30.9962 34.6849 27.6893 
19.4585 6.8843 19.1866 16.0575 8.502 8.7947 20.4186 13.533 13.0782 11.5394 
6.929 25.78 35.4208 11.4728 21.2537 22.5343 26.5079 37.3355 33.1087 34.821 
32.305 17.0735 23.6468 31.0761 21.9548 20.6368 26.7636 7.7423 8.426 12.5959 
21.3496 27.0602 33.126 5.1109 24.7719 20.735 13.0706 24.4985 22.4178 33.9069 
35.0199 14.0614 24.4229 30.2557 19.7752 19.3822 25.6606 10.3457 12.6321 12.6438 
32.6959 9.9299 17.1661 31.9072 16.4956 13.2435 26.4739 13.3953 18.3205 5.8579 
23.933 9.6064 2.0621 30.845 12.9082 9.8137 33.534 26.0756 25.8561 9.5709 
21.0062 5.7829 7.9602 19.6839 4.4066 3.3738 28.206 19.8084 20.4519 8.1446 
28.6934 14.1135 25.7939 21.2792 17.7848 15.3182 15.0643 0.8925 2.724 17.2892 
22.7702 8.4979 4.7821 25.9263 8.9104 7.1299 30.0307 25.2225 26.8691 7.7954 
23.2668 23.7008 31.9398 7.5156 25.369 27.4631 12.2434 26.8707 25.1807 33.7855 
26.6031 25.939 37.4309 17.7658 25.9951 28.624 0.9642 15.3784 16.4023 33.0136 
18.9058 9.4747 11.4409 24.119 7.9045 7.8046 30.0042 27.6205 25.3804 15.8319 
3.1001 25.4994 33.2581 10.9038 18.8143 22.2311 31.4172 29.4696 35.7527 32.6964 
29.6558 14.2333 25.0464 28.4695 19.5354 15.1842 24.3516 6.3726 8.658 12.6157 
24.7072 17.3125 29.2694 9.3998 16.7743 15.2392 9.1313 13.6563 12.911 18.8084 
15.5569 11.2798 22.201 8.738 8.0228 8.8312 21.7742 18.341 22.435 16.0702 
28.844 13.0053 26.3566 17.7449 15.4487 15.2606 13.72 7.7376 6.775 17.2948 
12.5618 14.2528 26.1018 9.2251 10.3514 10.4638 18.9712 21.6814 17.7092 20.1296 
20.1232 4.2689 11.51 22.1784 2.6012 2.5834 27.8831 21.9705 20.2151 8.605 
7.2561 16.3972 21.6054 15.5322 12.228 12.7018 30.1927 26.754 27.6676 23.9467 
29.5306 10.1338 24.9298 16.5699 12.6028 11.5686 18.0998 7.6908 8.7953 12.5687 
14.2501 18.4534 25.3165 2.4675 12.847 14.9549 15.9804 23.8515 20.7942 20.0863 
14.3274 14.4446 25.4182 5.5243 11.5071 14.8064 18.1051 19.9596 19.1886 18.4378 
21.2128 11.6921 5.4028 28.7055 10.7433 8.4453 31.9279 30.3094 31.0493 11.3889 
30.0002 14.8217 31.174 17.8737 19.4538 16.8375 9.6252 8.5758 8.0221 17.4374 
33.8617 19.324 29.5846 24.0097 20.87 26.3511 9.4874 7.7827 5.447 23.9085 
3.7223 22.742 26.8199 11.4748 16.4846 22.4818 25.7198 33.4519 32.7296 27.3817 
9.9326 14.0235 17.7528 16.2243 9.3143 11.106 30.8527 28.8906 29.6694 16.0026 
42.5563 16.7055 21.7147 30.7743 23.2192 21.8224 24.8326 11.533 13.6921 14.8314 
24.5219 21.8454 36.1831 8.9139 21.9347 19.6957 7.0 18.8382 17.3687 24.1562 
11.0573 18.7411 25.0275 4.7066 11.2767 15.9825 17.7398 25.3417 25.6143 20.5187 
10.6357 25.1729 31.6954 6.7627 21.3986 20.8073 20.9017 31.5567 34.1464 34.1097 
26.2748 22.2071 34.0988 15.8229 22.0003 27.568 1.9364 16.0945 13.9455 25.5338 
36.8393 18.4033 30.6876 32.5253 22.3313 24.5081 24.3549 6.7939 7.9934 17.7351 
21.6084 14.0971 7.0234 28.9284 12.9657 13.8519 38.954 27.0202 29.943 15.8577 
15.7914 6.0666 15.0262 16.0382 0.9826 3.1082 24.8689 21.554 17.7232 11.9892 
12.9254 10.6111 16.2492 15.5422 5.43 8.6492 25.9685 21.4403 23.204 16.1982 
18.4747 11.309 7.4356 27.4536 9.9148 11.172 41.6988 29.8321 30.4675 12.9902 
15.9363 10.0661 10.2318 21.8751 7.1348 8.4302 32.1193 25.5682 27.4846 13.4736 
13.8727 8.1191 18.7228 14.8044 4.2679 7.0207 25.1185 24.0246 24.2863 15.7209 
22.5496 25.6297 34.7817 9.8402 23.5521 20.974 5.8794 18.7311 16.8888 26.2948 
12.8014 21.2696 28.5776 1.4837 15.9596 16.6926 17.2172 24.938 25.4208 22.7107 
26.9805 23.5273 38.2107 10.79 24.7885 25.0945 6.2201 19.0756 15.4961 26.3195 
10.2187 26.3618 37.0829 6.0775 23.4295 25.3704 20.392 26.5228 28.8195 27.9823 
5.8039 29.9256 35.4763 16.6483 26.7649 22.2089 29.3714 39.6136 34.6062 31.2923 
23.9626 5.7225 20.5472 16.2228 6.5204 7.8136 19.273 11.2626 11.9558 10.0079 
17.7219 7.857 17.6012 12.1398 4.7715 5.1824 18.0183 17.7257 17.6664 11.5924 
12.9601 23.469 28.1552 3.66 16.7409 18.6328 19.65 27.1838 25.3401 28.1806 
24.2159 27.22 37.613 10.8395 24.5514 23.2373 6.7502 20.7886 19.9963 27.1787 
12.204 24.8512 30.7484 4.0894 21.1066 21.475 19.2132 24.2808 26.4606 27.1052 
35.697 21.8455 33.3716 26.2283 24.3114 22.179 23.0821 4.8209 5.157 17.5823 
21.7581 4.7804 19.5138 17.4365 8.8497 7.422 23.264 12.2779 13.7411 6.8937 
8.428 14.6919 17.8019 12.718 7.7164 11.1264 26.2689 22.9456 22.7985 19.8893 
32.2341 12.853 21.3957 29.7526 15.7459 15.455 27.7856 9.6206 12.4887 8.2393 
14.9 21.4444 31.5363 0.5635 18.0766 17.8943 14.3805 27.3561 26.8214 23.9379 
28.2915 26.9592 38.2596 19.8282 30.9844 27.3738 2.3156 19.2856 14.1161 31.8203 
33.0218 26.1235 38.1014 21.94 25.3803 22.1943 4.6217 13.1909 12.4004 27.8952 
23.3431 22.1068 39.038 10.5638 22.1107 26.2685 5.8519 23.3662 20.0578 32.4071 
3.9409 18.634 22.4802 10.5027 15.452 15.7514 27.1528 28.641 29.5022 25.9181 
14.5509 6.3119 15.0275 18.7957 2.7374 4.0327 25.2269 23.6334 19.9992 10.8546 
40.5608 20.8084 28.1729 34.3845 21.2048 22.516 24.5951 9.782 10.3709 17.6666 
34.3977 21.2615 32.2524 27.3365 20.6247 22.1747 15.0583 4.5669 2.1959 23.1045 
40.4447 18.8549 30.9278 23.7092 19.6575 18.9377 12.9206 3.8167 1.8899 18.181 
16.2775 20.4461 27.479 1.397 15.9424 15.5225 16.1231 24.7822 23.1839 23.0089 
17.2111 23.769 39.4269 4.045 22.476 24.241 13.7088 24.9003 24.824 25.5807 
29.529 10.751 19.4828 26.4214 12.8862 12.863 18.0321 6.2831 8.2293 9.4216 
35.844 20.9118 32.7647 31.4151 22.0733 27.2864 25.975 7.4936 7.7876 17.5008 
2.548 19.3471 24.0939 12.6607 17.3876 19.3326 31.9029 34.0213 32.7326 30.0942 
4.7774 18.4657 22.3234 18.3341 15.5382 18.0226 30.4345 30.4841 32.8458 27.0969 
5.3313 28.0875 32.107 12.4777 20.7557 24.118 32.896 30.4665 39.5722 30.6044 
27.3861 11.5742 19.5583 18.5677 11.5131 12.3782 20.2267 5.4313 8.129 11.8674 
14.7942 11.8199 14.795 20.4223 8.3355 11.5139 28.4637 32.1862 27.5557 17.9859 
5.134 26.8695 35.3999 14.78 20.1064 25.9081 34.1513 42.6704 35.9762 30.7349 
15.7135 6.7322 12.5382 15.5562 2.4442 3.5018 25.0816 21.5505 25.765 13.5322 
14.9516 13.5296 24.5008 6.4454 10.5855 12.0657 19.7886 20.1486 18.9533 21.1361 
9.1991 25.3107 33.4942 6.9991 20.8847 21.5439 24.6459 35.0195 30.0357 31.9783 
37.0557 17.8653 30.6385 25.6485 19.5131 22.4345 16.5585 2.8823 3.592 16.1088 
40.9174 21.2022 27.9427 36.1945 26.4626 28.9216 27.7301 11.5738 12.8909 21.3099 
14.5562 10.0771 15.4028 18.7295 5.3858 7.8543 26.6759 22.2185 24.6189 15.2843 
4.8596 28.0359 36.1473 13.1099 21.4689 27.1396 30.4632 40.4622 36.0377 29.7457 
27.2232 4.8387 12.0192 26.8956 7.7936 7.5926 32.2943 18.2827 17.7268 1.1907 
15.514 6.2 17.7586 15.9683 2.8356 4.4947 23.895 16.3066 16.4558 10.5634 
14.9798 23.1949 28.371 0.3709 15.9318 18.2953 14.8906 25.4734 23.8111 25.2945 
26.8687 11.1959 1.5 30.1164 11.7837 11.9232 39.6563 26.612 26.3489 9.6368 
37.1961 11.9737 19.2625 31.7141 18.2343 16.1562 25.6023 10.9696 12.9383 8.5985 
32.2289 11.0835 22.7734 24.7985 13.8757 14.8441 19.2985 5.4896 6.1175 10.5155 
30.5698 22.0829 31.9263 24.1873 21.7765 19.3275 10.8586 5.8459 2.9013 19.7751 
27.5052 18.3069 25.246 22.8774 16.3386 19.28 14.547 4.0565 3.0541 17.5893 
28.1633 19.9254 32.0416 23.5516 17.3503 17.0033 13.7537 4.4678 2.5193 21.219 
24.8105 23.1585 37.3715 10.5322 20.5313 25.8313 6.5433 20.8851 17.1691 28.7385 
7.3938 14.0981 21.2412 15.1052 10.2881 13.319 29.0164 27.6778 30.1357 19.5052 
25.4374 5.4555 14.3038 22.2433 11.2477 8.2343 22.3712 12.5027 14.9162 4.3281 
19.9996 17.4921 30.5138 6.9154 15.9291 14.4895 10.6116 13.9127 13.8405 17.6862 
24.0317 2.4167 13.5992 17.9436 3.5193 2.4591 25.3105 15.7116 16.3965 7.3282 
24.1917 17.0039 30.56 11.0926 20.5232 19.8503 8.6221 14.0725 15.2112 25.0435 
27.3618 12.6319 1.2865 27.1447 11.5382 12.8999 36.0441 25.4985 31.5562 11.4632 
28.2121 25.6658 40.5159 17.7168 25.9673 25.225 2.3682 14.7317 12.3549 30.1264 
23.5397 4.7438 10.0283 23.3762 5.1165 3.5168 29.4396 22.408 26.2862 8.5402 
8.9968 22.7368 33.3298 7.6379 23.6811 23.7827 21.7842 36.3813 29.6619 29.2461 
21.9597 7.1995 18.9604 15.0817 8.146 8.5227 18.9687 12.5613 15.2527 12.9174 
6.4009 27.375 33.8719 10.2204 19.1688 24.1696 26.0337 34.1292 29.3221 32.3159 
38.667 16.9054 23.4826 28.7884 18.0347 21.2682 25.5575 6.7034 10.4712 13.3183 
18.5148 28.6206 32.9814 6.1654 20.607 26.4667 12.7915 22.5516 22.536 28.1248 
34.1415 16.7916 22.4025 29.4126 20.2245 18.3366 26.8503 11.699 12.5465 11.7497 
31.0975 10.999 18.1776 28.0265 15.5516 14.1366 31.704 15.1753 15.7839 6.8866 
29.3418 10.9198 1.9488 26.654 10.4983 10.0863 35.7294 28.9078 29.7863 8.813 
19.5161 5.7277 10.011 19.7646 4.864 3.8955 27.8556 20.9921 23.0581 8.6183 
28.6559 15.3135 25.864 25.3934 16.9414 15.3182 14.9247 0.8582 2.8344 14.7003 
23.5523 7.4151 5.1487 29.1662 10.3507 7.9839 38.2906 25.9832 28.5161 8.9961 
24.1249 27.6945 35.8705 6.525 20.9276 21.4694 11.4161 25.7036 21.6111 26.8738 
34.9785 30.5545 36.6319 19.1911 24.2867 27.0928 0.8878 15.9128 16.5416 26.1326 
14.9447 9.794 10.1291 19.3382 8.7261 8.6747 34.5283 24.6434 25.9733 15.9264 
3.468 25.2197 32.2443 13.2672 20.8543 23.5456 30.4977 29.5173 33.8781 33.1407 
32.6105 14.5898 23.9511 25.9871 18.7063 18.1728 24.4926 6.6907 10.256 12.5707 
24.5314 16.3035 25.7558 11.9945 17.5423 16.3725 10.3996 12.4723 13.4241 19.5503 
13.672 10.338 19.8204 9.7001 7.6492 9.7076 19.0451 20.0385 17.7396 17.1933 
30.7398 13.3421 25.1565 15.8023 16.9156 14.5331 12.6955 6.1716 7.52 16.3044 
15.6084 13.4283 21.2028 8.5207 8.8411 11.456 18.731 18.9265 19.9523 17.2561 
16.9243 4.5547 12.2756 18.684 2.7034 2.1646 28.6404 23.1847 22.167 8.9201 
6.1611 14.6642 21.433 14.2536 11.0352 11.4141 28.5289 24.4933 25.1168 20.7824 
29.3331 10.5521 25.0243 18.4855 13.8356 14.0898 16.8004 7.3184 8.0258 12.9418 
12.9378 18.484 24.4005 2.6031 14.4671 17.3512 17.5821 22.654 21.9187 23.2335 
13.3018 16.896 28.1784 5.1852 12.9257 14.3503 17.4532 19.4932 20.1802 17.4277 
18.8745 9.637 6.1942 26.2292 10.8403 9.4718 37.4585 26.5412 31.6108 12.5149 
26.4233 18.4797 25.5735 16.1992 19.1202 19.2809 10.509 8.7507 8.893 20.6912 
36.3155 24.911 30.9262 23.0924 23.4049 20.0194 9.7088 7.9795 5.5827 23.0422 
4.5656 23.1 33.4068 12.4569 17.2037 18.8609 28.4412 32.6496 33.588 30.3594 
9.3045 14.7574 19.2844 15.4456 9.4825 10.7088 25.4781 29.1731 26.7402 16.8763 
33.2939 17.5486 25.4445 32.4644 19.2966 21.5783 29.2312 9.0562 14.047 12.0241 
20.4167 22.5976 32.6168 8.4778 18.6393 20.0328 8.2429 19.682 17.6151 23.6395 
13.0687 16.4664 29.6636 4.0302 14.5774 15.7771 17.0047 22.5165 24.0232 24.073 
9.169 25.8115 29.8496 7.2636 19.3319 26.0454 21.0747 27.8078 33.0771 29.9624 
30.3911 26.0044 37.7988 13.4377 23.3 26.4642 1.7225 14.9734 15.3015 29.1163 
40.9252 19.0275 26.5868 32.5939 23.3561 24.5019 21.1005 6.8575 7.099 14.5123 
21.9361 14.8851 6.1558 29.3759 13.6022 11.9885 33.2539 31.5934 30.6056 14.1445 
18.9971 5.5404 15.4359 14.199 1.0633 3.0231 23.5896 19.8602 19.1097 10.1454 
11.4219 9.9981 14.8935 13.2589 6.0283 7.6277 26.4627 26.941 23.7724 16.9296 
22.5215 11.8181 7.246 24.4646 9.7546 12.198 31.6852 31.551 34.3914 13.9526 
16.7482 11.7034 12.5175 22.4633 7.0903 7.7147 31.1516 25.2586 25.3205 14.515 
14.9957 8.1058 15.3295 12.5405 4.5387 6.8514 28.7319 22.8486 22.6278 14.949 
27.1918 22.5687 31.4125 9.8045 23.8413 21.1247 6.0096 18.8592 19.5586 29.5787 
12.6402 18.2464 29.9605 1.6451 16.2705 20.3535 15.6405 22.5528 23.7781 26.0977 
25.0347 22.1231 31.5114 9.0333 23.308 24.5513 5.8916 20.4409 18.6906 24.239 
11.2697 26.1489 28.909 7.5519 21.2183 23.098 24.7635 29.684 29.1022 33.1616 
5.5474 25.4465 37.7908 14.0253 24.5869 25.0052 32.8092 36.4506 42.7597 33.0528 
24.0226 5.7985 21.0018 15.5522 7.1916 7.377 22.7074 11.0105 12.2865 9.4768 
19.0281 7.5266 19.774 14.6086 5.6732 5.1347 17.856 14.4539 14.4911 11.1319 
12.5875 23.6509 35.3817 3.6306 20.0967 18.7982 20.3591 27.9041 27.4042 27.7257 
22.6064 29.7699 35.2372 12.6346 25.9293 22.5501 6.2492 24.4067 23.4083 33.3572 
13.4238 24.7704 29.9336 4.5806 18.2879 23.4395 18.7269 27.1284 25.9291 27.1217 
37.437 20.1607 30.9031 26.3514 21.1142 20.3645 23.4616 4.6699 6.1607 19.6364 
27.9168 5.1509 17.6097 21.8179 7.7623 7.6494 24.7172 11.3197 13.1872 6.4916 
9.0117 13.529 22.061 13.2485 7.8321 9.0185 26.0544 22.1479 26.7862 17.2559 
34.2741 10.2007 20.9122 24.3756 15.1358 14.6953 27.7057 8.7591 11.5519 8.3871 
13.6961 18.9027 35.5879 0.576 17.243 21.3969 16.5552 22.5976 27.1223 26.2884 
28.0324 24.5969 40.5461 17.7459 24.5644 31.86 1.9117 17.8924 17.7606 27.3043 
35.6557 21.7433 35.0434 18.0728 27.0589 24.7391 4.6513 14.7124 12.3972 26.7585 
26.4226 28.5994 38.2357 10.4902 23.1077 23.3435 5.865 19.8187 17.4296 32.6647 
4.1864 17.8544 24.6792 10.5496 12.6459 16.3601 23.0765 26.7546 31.9565 24.0768 
14.8471 6.8941 11.9668 17.725 2.6468 3.9816 26.2654 24.6157 20.1059 14.0191 
44.9348 18.7792 29.9382 29.4498 21.3758 25.7455 22.5604 8.9283 9.5319 14.7786 
39.5175 23.0878 34.5416 25.6034 21.0631 22.0081 16.2253 4.3158 2.4445 20.6435 
35.146 22.233 27.2194 26.046 22.2316 19.1255 16.0458 3.4944 1.6038 20.5156 
13.4671 21.7997 28.6532 1.4518 17.2705 18.9294 16.3374 23.6765 24.1615 22.9334 
17.7875 24.1056 31.4961 3.5357 18.2703 20.1357 14.9559 27.472 26.122 29.6106 
30.1871 9.5564 22.9683 24.7412 16.3617 11.7155 18.2181 6.5222 8.2994 8.5755 
39.5923 24.792 34.0439 32.1134 22.4698 23.9127 21.0777 7.3671 9.6194 16.4449 
2.0627 19.5531 27.6025 11.7045 17.0207 20.2024 25.3278 29.3845 30.6908 31.0383 
3.8632 17.6444 21.585 17.7157 16.7486 14.7785 35.9664 35.7654 33.5768 25.8083 
5.7378 24.3515 28.9565 10.8985 18.7855 21.553 28.1083 32.887 36.5881 36.2068 
27.3455 11.6627 21.8003 19.2525 13.1868 11.2936 17.3244 6.3495 6.8052 11.9391 
15.2997 13.7387 11.6561 20.8106 10.1591 9.514 30.5062 27.0225 32.124 15.8757 
5.3125 31.2976 29.4126 14.4012 26.4593 25.2297 34.5811 42.3055 35.3637 31.2182 
15.1725 6.0757 12.9471 15.5562 2.4809 4.4031 28.1137 21.0719 24.7238 12.5957 
13.9669 16.4545 21.2307 6.4722 10.8484 13.5108 17.7192 22.8586 23.5188 17.7868 
8.6547 22.2992 27.7156 8.5051 18.8587 21.725 23.5743 27.1296 34.4965 30.5817 
38.9458 21.5638 30.5108 28.5526 19.8938 21.2423 19.3451 2.4519 3.3775 19.0437 
38.89 19.9543 28.7669 30.2217 29.3181 23.0965 25.0413 10.0061 11.9012 18.376 
11.6077 10.8985 14.8437 18.5224 5.9523 6.5349 31.3839 23.7596 24.6858 16.6762 
3.9853 26.1145 27.3171 14.9145 21.887 24.2032 35.3151 33.6209 38.0916 30.5903 
26.8757 5.0886 11.5689 23.9151 9.1679 7.2883 31.0068 17.933 21.1278 1.2274 
16.7955 6.1556 17.2713 16.3781 3.5684 4.7817 24.3122 20.3691 21.0205 11.2825 
16.1133 21.4319 28.3354 0.3674 19.1404 16.7524 14.806 25.9161 21.3076 24.1748 
23.4772 12.0332 1.5717 32.8154 11.2227 10.3859 34.0305 23.4896 24.8973 11.1608 
31.9733 12.7444 17.287 25.7291 15.9923 13.2586 27.9157 12.7618 11.6251 7.5335 
28.8481 12.5499 24.2029 24.0876 16.1301 13.4552 16.9818 4.7429 6.3708 11.472 
29.5596 21.1489 29.1203 20.044 20.3579 18.4995 13.1584 5.5651 2.8492 19.5748 
28.393 16.8873 31.2692 22.0886 16.6812 17.6303 13.517 4.0053 3.4898 15.4443 
29.2865 19.6688 30.2159 23.5034 19.6637 20.6272 11.9124 4.2572 2.7993 18.3275 
22.5937 28.4994 32.5459 9.842 24.443 21.35 6.026 23.1005 22.3048 29.3567 
7.8816 16.4376 18.8104 18.2294 10.4868 11.9956 33.9869 26.7169 26.2316 20.463 
30.3115 6.5726 16.2833 25.2395 11.5972 8.2115 27.5305 11.7999 12.5212 4.8003 
19.1153 17.5061 30.6348 7.1478 12.9388 17.0397 11.6399 17.6945 15.4596 20.9875 
19.9636 2.1512 15.9204 19.9527 3.4698 2.9066 24.7304 18.2835 18.3767 7.324 
20.9759 20.6655 29.1907 9.6149 16.2391 17.8238 6.8973 14.8588 15.6747 26.0153 
25.1181 11.9968 1.2765 30.5025 12.5356 11.3976 32.9942 30.5631 27.2777 10.7819 
29.9949 30.1452 41.663 16.8956 22.8668 22.9346 2.021 13.9557 12.8574 24.8867 
22.4246 5.2727 9.2399 20.2129 4.9382 4.2907 25.9065 19.6247 20.7961 8.3581 
10.4191 27.0485 37.7647 8.0207 21.7538 25.5667 27.1589 31.9308 29.7992 31.5948 
21.8639 6.9568 19.3489 14.7755 7.6815 7.2169 18.588 12.8592 14.3388 10.2558 
6.9644 29.524 36.2555 10.1149 19.9292 24.2626 31.2737 31.6928 38.4973 26.9657 
35.2016 14.5811 26.0386 25.0813 22.2657 19.0987 23.7344 6.5963 10.6652 15.0139 
18.843 23.7518 32.7231 4.8965 22.1961 25.9766 15.5825 23.0799 27.1545 30.0892 
33.2523 17.0949 22.1484 31.7178 22.4768 19.5608 30.4518 13.0065 14.3099 12.0228 
37.6252 11.8606 16.4266 32.6097 16.8678 13.445 32.7915 15.2819 17.6233 6.3896 
26.6525 9.1083 1.9341 30.9366 11.9776 10.3865 38.0704 29.4712 24.5196 9.0352 
21.8495 4.5174 9.6362 18.7584 4.8415 3.4635 30.9497 22.9251 22.6204 8.007 
30.4275 17.6954 29.4843 20.7566 16.1824 17.3955 18.8918 0.9171 2.7697 13.6814 
EOF