I 100
J 10
bounds (0, 100)
cv 1.0
D 25
k 5
t 3
FLR 0.8
FCR 8
abounds (80, 120)

a 
115.0 106.0 120.0 
106.0 106.0 97.0 
88.0 123.0 106.0 
104.0 118.0 122.0 
119.0 111.0 112.0 
101.0 93.0 98.0 
116.0 108.0 117.0 
120.0 105.0 110.0 
93.0 130.0 106.0 
122.0 107.0 116.0 
107.0 117.0 105.0 
123.0 119.0 108.0 
121.0 117.0 100.0 
111.0 92.0 107.0 
115.0 121.0 128.0 
111.0 120.0 109.0 
113.0 116.0 129.0 
85.0 106.0 103.0 
127.0 122.0 116.0 
106.0 96.0 124.0 
107.0 114.0 108.0 
99.0 124.0 116.0 
104.0 92.0 123.0 
102.0 107.0 121.0 
100.0 120.0 106.0 
114.0 113.0 92.0 
128.0 104.0 98.0 
91.0 105.0 120.0 
124.0 115.0 96.0 
120.0 118.0 130.0 
108.0 124.0 96.0 
103.0 130.0 120.0 
116.0 112.0 123.0 
113.0 103.0 130.0 
124.0 115.0 111.0 
114.0 109.0 114.0 
118.0 107.0 115.0 
96.0 121.0 131.0 
100.0 117.0 92.0 
106.0 91.0 116.0 
117.0 114.0 116.0 
115.0 124.0 101.0 
122.0 102.0 95.0 
98.0 123.0 112.0 
109.0 106.0 114.0 
122.0 112.0 122.0 
120.0 115.0 131.0 
120.0 115.0 114.0 
108.0 113.0 112.0 
122.0 85.0 95.0 
120.0 97.0 108.0 
114.0 113.0 108.0 
111.0 113.0 94.0 
100.0 108.0 99.0 
134.0 123.0 115.0 
103.0 110.0 109.0 
104.0 137.0 128.0 
124.0 117.0 101.0 
102.0 118.0 95.0 
103.0 116.0 106.0 
123.0 105.0 116.0 
96.0 85.0 125.0 
102.0 111.0 122.0 
112.0 123.0 88.0 
108.0 118.0 116.0 
115.0 116.0 111.0 
98.0 105.0 103.0 
126.0 95.0 120.0 
118.0 118.0 115.0 
93.0 117.0 113.0 
106.0 128.0 121.0 
108.0 112.0 113.0 
112.0 110.0 88.0 
117.0 131.0 123.0 
134.0 113.0 121.0 
132.0 128.0 110.0 
97.0 115.0 109.0 
135.0 110.0 117.0 
104.0 99.0 113.0 
100.0 102.0 95.0 
112.0 104.0 93.0 
105.0 126.0 113.0 
103.0 107.0 108.0 
102.0 94.0 125.0 
93.0 109.0 97.0 
129.0 111.0 111.0 
91.0 101.0 97.0 
119.0 113.0 137.0 
99.0 134.0 105.0 
110.0 103.0 108.0 
99.0 125.0 113.0 
108.0 104.0 114.0 
138.0 112.0 102.0 
123.0 99.0 106.0 
91.0 109.0 115.0 
101.0 121.0 104.0 
109.0 115.0 107.0 
107.0 131.0 106.0 
95.0 105.0 92.0 
95.0 116.0 109.0 

Icoords
88.8372 80.6394
79.8424 51.8096
65.6074 62.6619
33.4855 62.3653
36.1382 28.3074
20.5408 47.5732
91.0131 36.8222
99.7515 75.1044
31.5202 47.5498
87.0129 56.6278
25.6356 78.7607
8.9021 12.9299
23.175 69.5635
63.5 52.2242
43.4763 7.4968
92.7333 99.2678
52.2379 56.8898
4.9551 41.574
77.4549 88.6466
4.243 12.3774
67.8893 59.9166
50.4383 52.5412
59.2512 10.0202
78.6734 46.8946
3.3423 66.9509
2.1149 48.0575
40.7981 70.2805
99.8788 0.8211
0.2356 41.0686
49.0151 9.3289
96.3902 47.6455
31.0222 61.1551
27.1701 14.7528
82.9312 34.3277
44.8473 3.082
1.6974 61.2214
79.1416 7.8331
6.0286 79.4022
18.4491 56.125
94.6444 29.9473
84.2827 47.6675
19.7535 50.7919
0.0311 92.0088
50.6163 15.9154
79.4027 13.1123
20.4467 22.2064
12.7578 74.8823
1.7875 33.2161
81.3307 46.8293
31.6802 76.0102
56.6421 65.6289
73.2386 90.0055
55.0014 40.7342
93.6149 20.2179
34.2759 93.7401
35.7985 56.8177
28.4849 80.3667
75.4982 23.3829
14.8575 31.0246
27.7262 41.0519
22.9263 38.1743
92.4154 31.3305
23.4104 51.4171
62.2189 28.2655
69.3384 45.3984
24.8617 15.3931
8.6289 7.524
79.527 62.9799
33.8067 11.5291
48.2714 18.9419
42.0345 4.901
75.1723 83.4695
45.0899 79.8621
79.9674 17.621
92.5217 80.1609
71.1798 63.717
84.0774 41.8663
42.4661 36.5533
92.8547 28.0329
43.4467 63.3298
30.5622 23.7307
47.5267 52.3881
63.2006 46.6289
81.224 10.6216
67.6985 40.3895
86.7166 28.3062
0.0531 58.4388
63.2611 44.6192
35.1036 7.8172
67.0627 14.6533
28.6098 75.4481
51.6159 10.2964
17.099 0.5623
11.0594 43.8729
62.9604 52.2174
0.5491 22.3035
5.8488 35.3022
67.1376 88.4977
19.1646 70.6956
81.4423 35.6636

Jcoords
30.9531 70.0071
76.3766 48.2165
67.5688 98.0607
43.9626 53.2465
69.8058 46.2116
50.1167 27.6727
48.988 25.1726
36.5018 22.1215
94.5583 91.9235
53.2399 81.2676

C
19.5214 12.2302 8.454 18.8585 15.4716 21.9074 23.0435 28.1997 5.0366 13.8958 
19.265 1.5446 17.4229 12.1012 3.8453 14.4396 15.8604 17.7774 14.5361 11.9711 
10.7017 5.6036 12.3412 8.0041 6.7775 14.6325 15.1566 18.4554 12.5959 6.9302 
3.2001 16.8283 17.8563 4.8475 14.8945 14.6274 13.5993 12.5509 22.4921 9.3397 
15.451 14.8151 30.0981 8.2726 12.229 4.8541 4.0818 2.0901 34.2547 19.4118 
8.3695 21.5094 25.3634 7.2659 17.0522 12.6799 12.1732 11.9598 27.1202 17.7293 
27.358 6.2009 20.5899 15.5933 7.3243 16.7252 16.707 18.5072 21.2026 21.1441 
26.5876 12.9757 13.2153 20.8634 15.6336 23.6788 25.9969 25.5035 5.9919 16.731 
7.2785 16.5045 19.8887 4.665 14.4195 8.8737 11.3153 9.0147 24.3835 14.2944 
20.0625 4.0939 17.8223 16.7463 7.3095 15.2476 19.6458 22.8295 11.0517 13.612 
4.0129 20.4445 17.8137 9.7164 19.2146 19.8788 21.7103 18.4205 22.3416 10.4607 
22.909 29.3689 38.5533 21.2167 23.9514 15.596 15.1267 10.8186 35.8183 29.5785 
2.5008 18.9687 16.6278 8.0681 16.1512 14.9619 19.1794 16.0253 29.7792 10.3789 
11.3898 5.0275 17.3483 6.6968 3.378 8.4726 11.9294 15.9561 19.6277 11.018 
20.541 16.4798 31.9189 18.1499 15.09 7.961 5.8915 5.6466 39.2933 25.1371 
23.7412 19.1057 8.7396 23.8117 19.0329 30.5114 33.592 32.7922 2.6706 14.5136 
7.8857 8.3259 15.1128 3.5516 6.8419 9.1163 11.6215 11.9605 20.4046 8.8786 
15.2991 27.9746 29.8268 12.329 25.0443 18.2443 17.381 12.2379 34.2567 20.402 
16.8731 13.5125 5.4565 16.0916 15.5616 22.4723 26.1704 26.8343 6.4503 8.4828 
24.5055 25.3479 38.5692 21.5197 22.8418 14.7777 14.6503 12.246 39.3428 28.9456 
12.0689 5.6401 13.2403 9.1581 5.4122 12.4885 13.6852 17.1263 13.8108 10.246 
8.9362 10.3923 16.94 2.3229 8.136 7.9188 8.3975 10.1083 19.6877 9.9576 
23.6852 15.9444 27.308 17.0288 12.9986 6.5889 6.3541 10.0906 30.2352 24.4746 
18.0543 0.9704 19.7492 13.9843 3.3068 11.3597 13.9596 16.9423 18.2018 15.419 
8.7755 28.4857 26.9043 15.849 22.5095 20.7057 21.8617 19.7671 34.7366 18.9163 
12.3945 23.4965 32.1319 16.336 23.274 18.3623 16.9942 17.0218 32.4876 21.3315 
3.6785 14.7154 13.4065 5.6377 13.1963 17.2148 17.7009 15.0176 20.7067 5.1854 
31.7297 16.3522 31.6521 24.405 18.1151 19.0216 17.8503 26.6239 35.8095 29.7842 
15.4375 28.0743 30.9987 15.6735 23.6207 18.5212 18.9935 13.1427 42.4991 25.8378 
21.5885 16.9464 31.0751 17.568 14.3614 5.9835 5.5057 6.7966 28.7107 21.907 
21.6931 6.8574 23.1359 17.4575 9.5816 18.3304 19.8874 22.4207 17.0084 18.1176 
2.6831 15.5924 16.3141 5.6265 14.8754 11.9179 13.5938 15.4788 22.8866 9.1405 
21.9707 21.4642 28.3315 16.5049 19.2867 8.0713 7.2777 3.768 32.5286 23.1255 
23.5286 5.0036 21.1491 16.3657 5.7173 11.2803 11.3484 17.4314 20.7297 21.2004 
24.723 17.987 34.9032 16.587 15.8661 9.6396 8.4035 7.4526 33.0251 25.7686 
9.1792 27.7515 25.4193 14.3958 25.198 18.6144 22.7686 19.9073 37.8406 17.0611 
25.1483 15.6933 31.4017 17.6299 12.5682 13.7572 12.8665 15.2044 30.8284 25.6499 
9.6637 26.7326 23.7291 18.3848 28.1692 25.6377 23.2111 22.6958 27.9319 18.3464 
6.5858 20.5387 22.2563 9.4434 18.0033 14.3425 14.1708 12.0231 29.1686 15.2555 
24.9729 9.9364 27.1934 17.7662 10.1747 15.1592 17.3339 19.2251 21.1153 19.8546 
20.5202 2.4227 16.6392 12.4718 4.8189 12.2481 15.1259 18.3891 15.9425 14.4875 
8.3136 19.1924 26.3564 8.2684 19.1546 12.7465 12.505 11.276 29.3578 16.6261 
12.2922 27.2666 26.608 20.3474 28.0766 27.917 27.3897 28.7103 32.5741 21.3057 
18.3312 12.4276 28.8702 12.8471 12.8781 3.874 3.3396 4.6349 26.5407 22.7085 
22.4859 11.8211 29.0156 20.7422 11.5277 12.3138 12.4887 14.4047 25.1199 27.8731 
15.3041 19.9295 30.201 12.3252 21.3894 11.7509 11.148 6.3033 34.0963 25.2046 
7.3728 22.005 20.9596 14.9495 23.4703 22.0344 23.1345 20.1459 28.192 13.7702 
16.7326 27.2223 32.9295 16.2435 21.7925 15.7711 16.2316 12.3983 38.5459 25.105 
18.1001 1.9843 19.1714 13.4674 3.7325 12.474 11.7238 20.0551 15.4047 14.3592 
1.9762 20.9164 12.7881 10.1472 18.5573 18.6915 18.4953 17.7461 21.7672 8.6702 
9.8713 8.3981 10.9822 5.5862 7.5866 12.2086 12.5498 15.5383 15.4205 6.0897 
17.106 12.8235 3.625 17.9982 13.2663 20.0712 23.2233 27.1312 8.0571 8.6206 
12.9489 7.752 23.3871 5.6815 6.1546 4.8654 5.6789 8.0013 25.3982 14.0297 
25.5629 11.6756 31.8571 21.8202 10.9239 17.0969 13.7577 18.0692 27.7166 26.2323 
9.2527 23.5379 10.3839 13.7066 20.1521 24.7777 24.2643 28.0164 23.8103 7.6378 
4.2308 16.567 19.981 2.9718 12.2578 12.2095 11.0325 10.6088 24.3743 11.3436 
3.7763 17.8584 14.4196 10.6356 21.0579 21.8333 22.7097 22.4006 25.3817 9.1431 
20.4992 9.6067 29.0177 16.5649 8.23 10.1808 9.8151 14.0617 22.3099 19.8577 
12.9392 24.4071 29.1906 11.4836 18.2199 13.2995 11.701 9.1533 35.628 22.9259 
9.9436 18.2882 24.7256 7.2066 13.7274 9.4969 8.253 7.6201 29.1448 17.2264 
10.7286 17.61 29.0638 9.3939 18.1645 10.8722 9.4539 7.19 34.7474 18.4458 
26.0048 7.8461 23.2274 17.2831 10.0176 15.7939 16.4306 21.1538 23.3247 22.6651 
6.4599 21.0819 24.6582 7.622 16.2049 12.9434 11.9579 12.5912 29.588 12.8668 
19.0045 8.1024 27.055 9.7155 6.6927 3.8168 4.651 9.8994 22.9484 20.3256 
15.6851 2.6671 17.5254 8.5794 0.2888 8.4351 11.4566 14.7596 19.3373 12.3925 
20.0632 21.5074 31.3849 15.9083 16.9263 10.1573 9.7363 4.3413 35.556 27.3209 
24.2514 26.6092 37.6274 20.2302 22.475 15.6445 15.3247 10.7827 45.5284 33.32 
15.2392 5.5598 12.5124 11.53 5.9 16.823 17.1463 18.2928 9.9734 11.4801 
18.8582 20.3772 28.2463 15.8004 19.2604 8.4359 6.7071 4.1195 33.4043 23.239 
18.9212 14.9545 31.5817 13.5323 11.5326 2.7387 1.9675 3.6635 26.9378 18.8258 
24.8452 18.5677 35.1995 17.9408 18.5173 9.2932 7.5566 5.8513 37.9338 26.4897 
14.9393 13.531 6.0253 16.0052 14.673 23.8174 19.4086 25.1423 6.4103 8.6958 
5.4197 16.265 10.5276 9.7074 13.3272 16.1015 19.1844 23.1051 20.2092 2.735 
28.1725 11.4658 24.8238 16.5122 9.9554 12.2431 12.6781 16.4173 27.9413 25.0099 
19.2692 11.0707 10.0357 19.0708 15.3997 21.2891 24.0282 26.9178 4.1722 12.7088 
13.3628 6.1029 10.8848 9.0985 5.6488 13.8351 14.6149 19.8803 13.5478 9.1755 
20.464 3.4306 21.2079 15.7242 5.1648 14.4395 12.7649 16.8541 19.5621 18.2875 
11.2648 12.8666 21.0791 5.3833 10.479 4.5679 4.2591 6.0292 29.7857 17.9238 
29.2806 10.18 25.2843 18.5826 11.698 16.8052 17.5664 18.7665 23.5776 25.8992 
4.7895 14.3046 12.9311 3.562 10.1707 11.6191 15.0875 14.2627 22.1615 6.9935 
16.4519 16.0621 31.7185 11.1671 16.9284 7.1294 6.2488 1.9095 30.7864 19.9635 
9.4144 11.3801 16.0553 1.3025 9.2431 8.6803 9.918 11.6156 18.801 11.652 
13.8649 5.2727 16.8839 6.4309 2.558 9.0451 9.8648 12.0575 16.5545 14.0097 
23.5442 11.7471 32.9216 19.7814 14.3004 13.4446 13.9067 14.2503 28.8111 25.0984 
18.3072 4.331 18.5356 9.799 2.2371 7.4926 8.8076 12.5121 20.3398 13.0817 
27.4905 8.2584 23.7403 15.9181 8.2753 12.8192 11.7096 15.4515 22.4859 23.8025 
11.845 24.0949 27.7201 14.7679 24.7928 17.8459 19.9763 19.4339 35.8035 18.174 
15.9797 5.2849 20.8347 8.0963 2.4376 6.7922 7.835 11.4564 18.7461 12.8495 
20.8799 22.7148 37.3936 14.0799 17.1665 7.9979 8.7525 5.4357 32.4652 27.8037 
24.8963 13.7028 26.3405 17.0693 10.6753 8.3321 6.3052 9.8942 27.3771 23.9001 
2.1262 18.0072 17.1129 10.6217 16.0035 16.0218 20.5493 21.2719 26.5512 8.9693 
21.7988 17.83 29.3565 14.5364 15.9385 6.42 5.3084 7.3134 29.939 23.7674 
23.3542 28.8715 42.202 19.0069 23.4004 14.6023 13.2364 9.8413 36.2569 32.736 
10.9339 24.6659 24.8577 12.4533 22.0062 15.3786 16.5262 10.5976 31.4446 22.1815 
13.4501 4.3932 17.5082 7.4885 3.2483 10.2359 9.6345 13.9653 18.4811 10.0386 
22.5597 27.109 30.5162 16.4735 22.156 17.7243 17.3376 11.1671 44.6284 28.6178 
16.6748 26.5076 28.8891 16.3746 19.5097 15.3628 14.2154 11.7251 33.9397 23.6156 
13.7875 14.6794 3.5381 13.4956 14.6982 19.8896 24.9599 23.4083 9.647 6.0126 
4.6703 18.7483 19.0666 10.3306 22.1735 17.3469 21.6437 18.201 25.8473 13.7145 
23.3992 5.2752 24.015 15.9014 4.729 10.9627 12.5176 17.9579 19.2543 18.8528 
22.4522 13.102 10.7249 17.0289 12.6157 25.6865 21.3497 28.6158 4.385 12.1156 
20.8039 1.6909 16.9779 10.8983 4.4912 15.1441 16.1213 16.3853 15.1556 12.7094 
14.0988 5.5477 12.125 8.3723 5.3276 12.7001 13.873 18.3856 14.5223 7.8998 
2.4506 13.861 17.4418 5.0739 14.4294 12.3152 14.7195 12.216 22.0579 8.2652 
14.3333 16.6648 30.3812 8.4555 14.0822 4.8709 4.7497 2.0604 32.7086 19.8904 
9.1733 18.3824 22.4241 8.0852 17.752 11.8422 12.8503 10.1513 29.5103 16.5555 
26.5072 7.0634 24.6554 16.9488 8.7901 14.7556 14.1994 21.4092 20.7278 18.8401 
23.8005 14.0695 15.6899 23.1583 13.8609 26.7339 21.8528 32.6735 5.8001 16.1399 
6.7775 16.5045 19.7087 4.4174 13.4235 9.9244 11.2273 7.802 23.6126 15.4255 
22.9961 4.1589 14.0326 14.829 7.9652 17.33 15.8904 24.0835 12.3114 15.7399 
3.8623 18.0044 18.46 11.8086 18.8964 20.0431 18.1854 18.2532 26.3903 9.2855 
24.4082 22.9499 39.7009 19.1116 22.8895 16.0381 14.2423 10.9669 37.2632 29.0571 
2.6777 22.1674 17.1501 8.7948 17.5854 17.1883 19.8007 15.8528 27.6473 10.2595 
13.2553 4.8792 15.7239 6.9511 3.053 9.1968 9.6208 13.1336 18.7809 9.9492 
23.6266 20.7097 37.0076 14.3342 15.4411 7.1283 5.8841 5.342 29.6526 25.4571 
21.246 17.1812 9.9791 20.3181 20.4028 26.2205 34.048 30.9401 2.6653 15.3513 
8.4907 9.675 14.5066 3.4494 6.7165 10.9618 12.3803 14.651 16.9984 7.7367 
13.889 23.721 29.8943 14.2548 23.1133 15.8344 16.8594 14.5839 31.3069 21.6771 
18.9673 14.0868 5.3896 15.463 14.8501 24.4769 22.247 25.9515 6.7098 8.1537 
22.6444 29.7215 40.5936 22.3118 29.4597 19.0766 16.4793 10.1499 44.9873 30.3827 
13.1066 4.9578 14.2969 9.5332 4.7466 12.4701 14.6068 17.5685 16.2272 10.3548 
10.2655 8.0861 17.8592 2.0096 6.7443 9.9433 9.4088 10.6236 19.9834 11.3979 
21.0719 14.5128 34.6832 14.9976 12.9722 7.5131 6.1986 9.5289 31.6176 23.5094 
16.7817 1.0316 17.0842 13.3244 3.3912 12.5439 13.1503 16.1597 16.8362 13.9481 
10.809 26.5781 25.5341 15.1159 25.8793 19.5269 21.8431 21.3674 37.0347 19.2018 
14.1413 22.9098 30.9375 15.7793 25.6102 20.1876 20.5307 13.9939 38.2381 22.819 
3.84 16.6873 14.8224 6.5663 13.1209 16.9793 15.0648 17.5463 18.7826 6.2776 
30.7824 20.4574 35.4741 27.287 20.4782 18.7897 21.4723 26.5771 34.9608 28.0174 
16.5347 30.1697 27.2848 16.8946 22.5604 19.3889 17.3731 13.0772 37.1198 25.279 
19.4297 14.4168 34.7736 16.3611 16.6054 6.4594 5.6499 6.6445 34.9829 22.3394 
26.7551 6.6412 21.8932 19.208 8.6232 17.3224 17.7418 21.3986 17.1768 17.6471 
2.7814 17.7949 17.4464 5.1927 14.5595 13.0126 14.189 12.1087 25.1739 11.9307 
16.9973 18.5543 29.9054 16.4041 20.4524 8.066 7.5969 4.6776 40.1409 24.04 
24.0519 5.8237 21.372 14.1694 5.8217 11.1128 13.8515 17.7578 23.4619 21.156 
25.3997 17.9759 33.9755 19.6073 17.635 9.0737 7.3022 7.8351 35.3564 27.0267 
9.5091 28.9719 25.9401 17.0582 25.1911 19.5333 23.4881 19.2216 29.9185 16.7514 
28.3263 14.8878 36.2775 19.7266 12.8407 11.1168 12.8178 14.269 30.1102 24.2872 
9.4772 24.5165 22.1022 17.0071 23.1148 21.614 25.2727 22.5401 31.8302 18.5024 
6.1655 19.9833 25.2015 8.0133 20.6028 13.0355 15.8839 12.7392 33.0292 15.2941 
24.9729 10.094 28.7033 17.3534 9.1415 17.6337 16.3377 18.7147 23.6502 24.5627 
21.2429 3.132 18.0621 15.724 4.9353 15.233 13.9038 17.2242 16.6195 15.9651 
8.7584 22.1908 21.6028 8.8743 16.9079 13.9181 13.9782 10.8676 30.6298 15.6889 
11.7229 27.0554 22.926 21.9352 26.2404 28.0883 26.992 28.6945 36.8751 19.2919 
20.714 13.4647 25.8591 12.8698 12.4263 3.7669 2.8282 5.6587 28.9463 22.7543 
27.9261 11.4336 31.9488 18.1722 12.2618 10.0996 11.7852 16.2064 29.871 22.9745 
16.8555 20.7684 33.4158 12.1071 21.2138 11.1114 9.6387 5.0028 34.6865 25.9342 
5.7679 24.716 19.2754 12.1206 21.9826 23.7201 22.4517 22.1073 30.4898 14.9382 
15.8406 23.3345 36.4487 18.3912 23.2883 15.2895 17.0456 12.0083 36.5478 26.3793 
19.9301 2.0275 20.9326 13.0428 3.9599 11.661 13.0317 15.914 16.448 15.9991 
2.1007 16.411 13.9843 9.2833 18.446 15.5978 18.3128 20.0239 25.2632 6.8527 
9.3345 8.0823 10.3217 6.366 8.1942 11.7888 13.2745 15.591 17.2108 5.72 
18.1398 14.9272 3.3314 18.0875 15.656 21.2347 25.9229 26.2359 7.4449 7.4355 
12.3162 7.5573 22.8883 5.2143 6.1105 4.5293 5.0967 9.4289 22.6358 13.1371 
28.9164 9.9724 26.8992 19.4169 12.1612 17.0042 13.5242 19.3149 25.0489 23.8975 
8.7974 19.371 10.9109 15.7343 22.5792 25.2804 22.3709 21.5533 20.8913 7.0273 
4.8561 14.9285 17.1697 2.8845 13.9819 10.56 12.4758 13.2289 24.1827 10.0431 
3.4196 17.9738 14.8271 12.3905 18.2058 17.5327 18.5057 20.7779 21.3974 8.3108 
24.5423 8.4909 26.7648 17.0991 9.404 9.4677 9.7965 14.526 22.4167 19.3988 
16.0517 23.8449 32.525 11.7326 22.5924 13.3704 11.4344 7.6765 33.8927 24.1272 
11.648 14.9541 24.8717 6.6908 14.4905 8.8318 8.7121 6.6728 32.5212 14.807 
10.9321 18.7521 24.7763 8.0637 16.3761 8.9688 9.4044 7.8586 28.0755 19.8947 
23.0056 8.4563 23.9109 16.7832 10.7593 15.3268 14.0928 21.4654 20.372 19.4662 
6.7408 18.3332 19.417 6.3716 17.6195 12.3645 11.8039 11.4809 28.0898 16.8252 
20.5847 8.4572 22.015 11.2501 7.6903 3.9646 5.0954 8.5219 26.6827 17.5948 
17.6184 2.6148 16.6296 8.8929 0.297 8.6495 10.55 14.1599 20.7027 14.7475 
20.7007 19.3084 34.4462 14.3607 19.1333 8.7476 9.4318 4.1894 34.5106 21.8122 
26.0164 30.2998 35.2291 19.1959 22.1348 16.5208 16.7431 12.1168 39.8314 32.6392 
18.4687 4.7718 12.594 13.2224 7.7316 16.6162 15.873 19.6931 11.3334 11.8612 
21.9202 20.6076 30.4848 14.362 18.3406 8.7342 7.0786 4.0943 38.9969 28.1908 
16.4947 13.2663 30.1403 13.8054 13.6383 3.0323 2.1142 4.662 31.0256 24.2716 
26.0669 18.9879 36.2137 15.4974 19.0648 7.5994 7.8352 6.8534 34.8845 24.0198 
15.0318 12.4057 4.9673 13.8807 14.5601 23.9948 24.3742 26.8247 6.9517 6.8751 
6.838 17.6712 11.0743 8.4794 13.5402 17.3651 21.7832 18.4584 18.9821 2.52 
26.5225 9.4819 29.6991 17.1302 10.4227 10.6399 10.3504 13.7081 27.7065 23.9192 
24.3548 14.2848 10.6868 19.626 14.1212 22.9356 23.2006 31.7254 4.1161 12.6656 
15.1177 5.5111 11.2854 10.4749 5.5294 15.1084 16.4696 20.059 11.0822 8.4025 
21.1373 3.7271 20.9619 16.0036 5.5437 12.1722 13.9034 16.0093 19.2552 19.2831 
12.0078 12.6802 20.1424 6.5968 9.1162 4.0979 4.6014 6.1323 25.308 14.1063 
29.0711 9.4009 22.9613 18.0215 10.6118 14.0228 14.8145 20.3587 20.9827 24.0876 
4.9128 14.2103 13.798 3.2935 11.5064 12.1124 11.6405 12.9046 23.2508 6.3539 
14.3694 18.1296 29.9582 10.8818 16.363 6.3355 6.4798 2.4276 34.4056 21.3426 
7.98 10.8787 16.1002 1.1104 9.042 9.8086 10.692 11.2935 18.6843 10.5922 
14.4623 4.8666 18.0659 7.2243 1.9915 8.9069 8.5368 13.2788 20.5486 12.8996 
27.8002 14.9767 31.4791 17.9074 11.8036 10.9366 12.0534 17.6073 30.6237 28.0391 
17.6512 4.3672 19.5679 9.6343 2.0897 7.3516 8.728 13.8642 17.5329 16.9667 
24.942 6.8584 27.14 16.8338 8.6743 12.6069 13.2845 15.1884 24.287 20.3314 
11.1818 27.5678 24.761 14.5911 25.6213 23.0815 23.5088 16.9539 33.2769 22.104 
14.895 4.3955 18.3792 7.9398 2.0342 7.2104 7.8253 10.9215 17.0559 14.924 
24.3329 22.9631 30.8241 17.8614 15.8312 9.5413 7.5657 4.9729 38.9644 24.4597 
24.3675 10.54 26.4907 16.7724 9.7439 6.5093 7.148 10.1994 28.8288 24.9274 
2.0112 18.898 16.7165 8.2221 18.1808 18.7777 18.9816 17.2665 21.0791 8.9642 
22.7149 16.9514 28.8481 15.8234 15.0447 5.5654 5.739 6.3712 28.491 24.96 
25.9247 24.2548 33.6387 20.574 24.6904 13.0558 14.7913 10.9463 46.1266 28.1201 
10.3394 22.9443 27.7389 11.0061 21.0185 15.3363 15.6212 12.3214 38.3038 19.5434 
14.4205 4.6424 17.4345 6.5448 2.925 10.8287 10.8065 13.5125 16.6036 11.7448 
21.4226 28.2469 31.2343 20.8238 26.64 19.8931 15.3481 12.6663 43.2481 26.4669 
17.0646 22.0694 34.5665 16.1303 25.6668 17.6448 16.245 10.3804 41.1381 22.5461 
14.7709 15.6919 2.9331 16.6174 14.0457 23.0856 23.2604 28.1528 10.9099 4.9771 
4.4483 19.0003 19.328 10.5308 19.5973 16.1544 19.5539 18.9127 30.3119 10.8817 
21.5551 5.3401 24.4177 15.0569 5.2583 12.4304 10.7201 14.8836 20.0688 20.7563 
21.2693 10.4448 9.8204 20.7512 15.2592 23.8035 21.6298 25.3185 4.8607 13.7996 
19.4736 1.7812 18.6766 13.0025 3.6074 13.019 15.0574 19.9733 16.0615 14.6107 
12.6889 6.5099 13.9153 8.0254 5.7928 13.5152 15.9808 17.6669 13.5509 8.751 
2.928 15.5682 19.5147 5.0655 13.1852 12.0882 12.5879 13.8141 24.4191 10.067 
14.5686 16.9386 29.7385 9.867 11.6646 4.3266 5.251 2.3039 27.3795 21.8883 
7.9564 18.6727 26.3983 9.5457 16.1306 12.1345 11.9161 11.7736 26.102 14.4285 
23.735 5.6889 23.0947 16.9638 7.2292 16.5031 15.0062 18.4507 17.5971 22.4448 
25.0561 13.8949 15.7057 20.7556 14.9053 26.7202 25.2207 31.0151 5.4216 17.2096 
7.4425 15.042 21.9427 4.1081 13.4541 10.1258 9.033 8.0819 29.695 14.7075 
18.1663 4.8993 16.1151 15.494 6.8972 17.391 16.8329 23.3678 11.7736 13.01 
4.0385 21.1196 15.8103 12.4652 17.8759 18.4965 22.4293 19.2509 23.6397 10.4995 
18.7176 23.4068 40.5073 16.3172 22.2232 16.5327 16.4009 10.6557 39.6635 28.9838 
2.6029 18.619 17.1079 9.1727 17.8253 18.0599 17.6697 18.8736 29.2706 11.5888 
11.3972 4.4692 15.5813 6.1705 3.2238 9.4513 11.3553 13.0973 18.9774 11.1474 
23.4545 16.8148 35.3957 15.6244 17.7774 6.5464 7.2283 6.426 33.353 28.0839 
20.6582 19.4971 9.9564 26.1721 19.6745 26.9453 30.632 33.89 2.738 14.1056 
8.9883 9.4416 14.5681 3.1619 6.293 10.5429 10.6044 14.9105 18.9377 8.2906 
14.3976 25.17 30.6364 14.2182 23.4774 17.148 18.457 12.5492 33.4653 19.1018 
18.7168 13.5894 4.8735 18.9182 14.682 21.5368 23.353 24.3032 5.8234 9.4068 
24.5118 31.5741 38.0365 21.816 24.4723 16.3009 16.3443 12.9907 45.5169 31.0421 
12.7773 4.7049 14.4647 9.7319 5.4523 13.9391 14.4248 17.9419 13.8816 7.8794 
9.9907 9.2037 15.476 2.3613 6.7993 8.65 8.7428 10.4061 21.8759 9.1379 
25.0847 14.9481 27.1311 14.7271 13.7828 6.4696 6.2626 8.5008 35.0158 26.0762 
19.751 0.8777 17.7177 11.7577 3.1902 13.3975 14.2612 14.7952 17.4951 14.457 
8.406 24.9947 24.3852 14.4857 25.1482 20.9684 20.2467 21.1778 31.8237 19.4147 
12.3909 28.5017 31.0693 13.983 25.1972 17.1629 20.2386 15.9235 38.627 21.7705 
3.8243 16.3272 14.6025 5.7434 13.6713 14.7636 16.4677 16.1877 21.7614 5.3265 
31.4465 17.5266 39.3883 24.7269 19.4328 21.1476 21.2353 24.7451 31.1006 32.704 
14.6525 24.694 26.9055 17.1351 26.1042 19.3579 19.6294 15.1763 41.2132 23.0372 
19.8855 18.8389 29.7425 16.1755 15.8983 6.816 5.9034 6.8431 36.3222 28.1765 
24.8119 6.8134 18.0372 18.5542 8.7164 19.2628 20.8107 22.5899 15.6967 18.7357 
3.0124 18.0402 17.8931 5.5279 14.0898 14.5389 13.9196 14.3751 25.2586 9.653 
16.8311 21.9938 28.2389 14.8502 18.0416 7.9159 8.2303 3.6456 33.0204 25.476 
23.1125 5.3507 21.7457 14.3557 6.661 11.4477 13.9078 17.0617 23.0095 20.2618 
23.1919 20.3379 32.5496 15.4832 18.3227 9.9841 8.1945 6.7125 35.4073 26.1303 
12.02 29.1918 27.5778 13.4108 23.1685 22.7731 21.395 16.3268 34.7011 20.2466 
25.4472 12.7141 32.9208 21.203 14.9183 11.1555 10.6716 16.4321 25.9553 26.3741 
8.3851 26.0016 20.0765 17.3204 28.1979 25.3318 21.1425 20.4509 28.0392 18.4409 
6.0403 19.615 19.9183 8.4318 19.6613 16.4924 15.8361 14.0674 26.2333 14.7147 
29.3971 7.8024 28.5934 18.363 10.0203 14.2273 16.2826 19.2779 23.3899 21.7339 
19.9304 3.0036 17.2976 14.9059 5.4751 15.7713 14.4144 17.7444 15.7835 14.5104 
7.5263 18.6142 21.6364 9.2344 19.4662 14.273 13.1969 11.887 32.5761 14.6565 
12.8349 34.7478 23.5769 21.0681 27.3588 28.1942 26.7103 30.7126 29.8706 21.5934 
20.9327 14.576 31.5207 13.4955 14.2265 3.7375 2.926 5.4767 29.2009 20.4259 
25.9608 11.7225 29.4959 17.8724 12.6408 12.1764 12.1648 13.7998 26.0027 24.3616 
16.1214 23.2603 34.0052 13.7972 21.7023 11.1988 11.1193 5.8506 36.925 23.5495 
7.3841 24.0676 23.7744 14.0913 24.4727 18.2536 19.5976 18.4334 32.3949 12.4833 
15.1223 27.8462 35.7744 14.0257 22.9074 17.6926 16.2795 11.0462 43.607 23.0493 
17.0465 1.8125 21.0917 14.7641 4.5173 12.2103 13.67 15.827 16.0861 16.768 
1.9508 19.0111 13.3567 8.0003 18.8476 16.6066 18.7961 16.4314 19.8603 6.8794 
8.2035 8.6876 13.323 6.2384 7.3614 14.8237 14.2009 18.6066 18.2121 5.4511 
14.8982 14.7553 3.8309 17.4437 15.5945 20.5832 25.5283 24.4914 7.2223 8.3674 
11.7896 7.4486 20.1358 6.459 5.3701 5.2754 5.3252 9.3896 19.5953 14.3786 
30.9972 12.787 31.775 18.9339 11.3927 13.8796 17.1343 22.8179 26.2465 26.3275 
9.3797 21.7024 13.0394 14.9515 18.0396 26.5441 28.0442 26.0173 18.2377 7.7309 
4.4416 13.9745 18.643 2.9148 13.3942 9.8034 12.4964 11.1398 23.95 11.1604 
3.4643 21.2732 16.968 9.4115 18.6776 21.9073 21.4732 20.7015 21.1559 7.5677 
20.2864 8.7195 29.1829 16.8863 7.6794 9.7406 8.3644 15.4428 26.5855 20.6764 
14.8033 21.2388 33.7445 13.4683 17.4503 13.9158 12.3001 8.1024 36.8918 19.7203 
11.5926 17.1523 25.1568 6.9629 16.8689 9.4265 10.3972 6.6081 31.3706 18.1599 
11.6741 16.9411 27.2562 8.8401 16.5854 9.0533 9.3753 7.1795 32.3652 18.646 
23.7173 8.4353 27.8415 17.5756 8.1364 15.6665 15.0139 20.9101 22.2273 19.682 
6.9655 16.6883 25.4033 7.133 17.8809 11.4711 14.0467 10.3162 31.7494 15.2258 
19.0514 9.6583 25.396 11.4018 6.7414 3.7744 4.7271 9.5848 23.3483 19.8848 
18.0561 2.558 20.8608 10.2316 0.3197 8.022 10.0794 15.6411 17.194 15.1367 
17.6288 21.6296 28.426 13.7799 17.1225 9.0846 8.8382 5.2502 40.7833 22.386 
24.7557 26.2456 40.1553 21.7095 28.8954 14.4914 15.1133 11.6385 45.0587 31.1223 
17.649 4.5891 14.3693 11.1649 6.5629 16.8367 17.4768 21.4316 12.6053 11.035 
18.6006 21.327 29.203 13.7352 17.9207 7.7887 6.3397 3.5118 34.4623 22.3919 
20.4634 13.8182 28.5767 13.3767 11.5256 3.1037 1.9944 3.7538 29.4959 19.4198 
20.3741 16.6994 29.7901 17.8875 18.4526 8.1286 6.8172 6.3704 33.5225 27.2692 
16.1504 13.8202 6.4136 15.6967 13.2652 20.7959 21.9585 25.6427 6.681 7.9508 
6.3675 14.1912 9.2551 10.0564 13.561 19.7664 21.3227 20.5541 15.9983 3.2585 
24.1909 10.2397 26.3621 18.5585 9.4942 12.4573 10.5194 13.14 23.239 24.2229 
24.1177 12.5417 9.6089 20.9029 12.6221 22.0314 25.5361 27.2001 3.8821 13.3729 
12.3083 5.6925 10.7881 11.2856 5.5311 12.8123 14.6283 19.6853 13.0972 8.7765 
19.7967 3.7999 18.5723 16.5207 4.9321 12.025 13.6469 17.7761 19.4496 18.1674 
12.022 13.5193 24.7927 6.1174 9.2467 4.085 4.3234 5.542 25.4068 17.5697 
25.4064 10.3285 27.9348 17.7354 10.1128 13.2963 14.4892 17.4463 20.235 24.0014 
5.5247 11.1016 16.0729 3.8831 12.1382 11.9782 14.1352 16.2979 21.8393 7.0508 
14.2351 17.8335 28.9701 10.9855 15.5806 6.0382 6.3782 2.1809 36.996 18.8255 
8.2872 10.4502 16.1451 1.3205 8.0872 7.8429 10.6321 10.5913 22.383 8.8671 
14.6336 4.2707 15.769 6.3576 2.3264 8.4716 8.1045 13.1085 21.711 12.8671 
30.0799 12.1186 29.063 20.908 14.6966 10.777 11.6537 18.2584 31.1509 23.4647 
15.3244 3.7315 20.802 10.2012 2.4377 8.6101 8.0117 12.5591 18.9334 16.6458 
23.1942 7.0132 24.1237 17.4179 8.6176 11.7906 13.4171 18.7704 24.3511 24.4478 
12.3894 23.6636 29.2623 14.286 26.2233 19.9672 18.6923 16.4599 37.909 20.1246 
14.9279 5.2156 18.2666 8.2992 2.6868 8.5744 7.6106 11.3376 19.6196 12.3898 
20.6431 19.648 33.8834 16.4682 18.067 7.8013 8.5858 5.4041 41.1171 24.1495 
25.9074 12.2224 32.4044 13.6914 10.9762 8.377 7.1982 11.0331 28.1316 20.6413 
2.077 19.8382 17.8697 8.4029 15.3872 19.1497 16.3125 16.8083 21.1743 9.0072 
25.2297 17.0692 29.6866 15.1515 15.4996 6.8211 4.9957 7.3 35.2056 21.5667 
21.8105 26.1334 39.3366 22.6853 24.2581 13.201 15.8788 10.3778 41.2516 29.4996 
11.2525 25.4514 24.6542 11.882 18.8372 14.9473 14.6021 13.1348 35.5775 18.4667 
13.7138 4.9294 14.6977 7.2926 3.0051 10.1029 9.7807 14.4462 16.7355 11.6131 
18.3623 31.5964 37.7179 20.1094 28.5522 17.9238 19.0359 13.486 37.4107 24.4584 
12.897 25.7978 30.5263 15.7975 21.7156 15.9693 13.3026 10.5539 37.4968 24.4013 
13.9866 15.0803 3.4864 13.0906 15.3973 23.3003 24.591 23.4887 10.429 6.0972 
4.1614 20.4817 16.9036 10.8491 18.3148 18.8415 19.075 18.7683 29.1918 12.8047 
19.8576 4.6024 25.2935 13.8273 4.7808 10.4648 11.9241 15.2966 19.1272 17.5552 
EOF