I 100
J 10
bounds (0, 100)
cv 0.5
D 25
k 5
t 3
FLR 0.6
FCR 4
λbounds (80, 120)

λ 
100.489 87.6181 96.3178 
82.9115 96.4499 81.5322 
112.852 95.6757 85.9172 
107.0203 89.107 92.3544 
109.1786 103.428 86.6059 
110.3246 108.1666 104.1712 
103.1093 95.423 99.9368 
115.4073 96.8917 80.6478 
104.3382 100.9793 111.6889 
112.347 118.5359 108.9632 
81.331 98.9362 93.7546 
106.9175 80.2623 83.1035 
103.1606 101.969 117.77 
111.3122 105.4813 103.6474 
80.2123 118.1205 89.4492 
82.831 115.0981 89.6718 
113.7842 87.9291 112.063 
81.9404 84.1091 94.7267 
96.2997 97.4595 99.1097 
115.2048 106.8632 99.5024 
80.2197 109.433 90.4212 
103.8617 88.2169 84.7962 
89.3794 95.1451 116.2229 
100.2928 85.4586 89.4336 
99.8617 97.9719 89.9691 
95.8363 103.547 102.0705 
90.863 105.1531 110.8482 
103.6846 96.2251 87.0964 
80.4651 114.1606 93.928 
90.0442 99.998 102.4961 
91.6168 92.8919 85.8021 
80.3413 89.8209 117.5899 
108.1584 111.0895 117.9811 
104.4602 113.5845 101.2016 
114.1003 115.0547 85.8859 
94.0487 82.2113 110.1049 
80.3889 80.1317 93.2499 
99.4227 83.3562 110.5413 
118.1935 97.7359 92.0082 
89.9198 107.2799 94.2743 
106.2171 92.2373 90.0423 
86.6401 93.7157 98.3176 
84.1448 111.8915 82.967 
109.3483 84.2325 115.4437 
83.656 80.1166 107.6275 
88.6379 102.7297 106.384 
98.1426 112.2031 114.0829 
114.3532 100.9324 110.0596 
93.4717 106.0542 115.8749 
110.2554 98.4276 85.1539 
86.9491 114.0987 106.1436 
87.3683 97.7897 118.2002 
80.3149 106.8069 102.448 
116.1392 82.6753 101.7429 
89.1784 81.7706 97.7678 
117.2257 96.9883 108.4467 
95.6738 104.271 91.2618 
98.3581 98.8237 80.5685 
97.4543 102.9613 85.2215 
116.8491 108.7474 112.0546 
85.2104 84.9216 102.3238 
96.625 86.5916 80.8953 
109.1646 115.4263 82.3426 
115.9914 80.1776 97.5814 
109.2866 117.6682 110.3669 
113.8205 91.472 118.1075 
103.1791 110.2456 91.5003 
102.8108 97.0495 85.1184 
117.6504 88.0903 111.6778 
110.5653 108.9229 86.2759 
111.981 119.8316 113.3735 
114.7632 114.9387 106.2929 
92.8137 84.9414 110.2795 
96.0837 94.9846 86.7395 
111.9492 96.2902 88.9507 
112.3654 99.821 89.6772 
80.5976 100.3397 81.1231 
108.6617 81.989 91.4859 
98.9168 105.4966 111.1296 
97.513 110.0266 81.4294 
105.562 91.0955 118.1346 
114.5376 114.9821 96.6004 
87.4129 84.395 102.3289 
92.5175 95.7258 94.742 
90.018 118.3355 91.0207 
104.5587 83.9803 111.2399 
114.5463 97.9062 100.3176 
111.6837 112.9229 117.9193 
110.9238 105.5699 101.7267 
110.2935 89.9785 111.6693 
101.038 116.3524 118.2762 
83.419 89.6784 107.4641 
86.3333 106.7275 80.1953 
85.2866 87.5474 93.9641 
92.2752 109.5376 90.6028 
92.4262 96.703 109.6568 
83.5505 96.8833 93.1318 
107.6842 112.4101 95.9524 
103.265 108.3664 83.298 
89.1355 86.2125 104.7234 

Icoords
38.4986 12.924
28.3183 2.0177
25.8432 29.1629
23.9585 55.3528
15.3829 20.3957
47.8372 89.2068
21.271 45.6084
49.8315 33.2689
73.0269 45.092
90.6024 83.9987
36.8798 74.4043
93.344 71.3229
43.2308 43.2651
82.6929 30.3228
11.6589 68.3876
38.3697 61.9355
28.4092 5.4826
20.3362 96.1527
77.354 29.2357
7.9289 82.9636
4.5289 23.8943
26.864 6.7721
89.3203 6.2283
16.7242 92.9768
82.0801 76.4933
13.9142 4.6954
72.1317 10.1208
64.1935 69.1594
51.0818 26.023
9.392 98.3571
74.2154 69.5439
19.0265 80.8811
17.2842 30.0581
37.7163 78.426
36.1457 92.3384
49.5137 25.2679
15.3033 48.1637
8.8993 95.3591
36.6676 54.5525
93.3664 74.1452
64.3298 3.4453
3.9158 21.9325
81.1131 77.4213
36.7306 89.8524
1.7049 99.11
99.1423 57.2558
39.1418 78.0311
85.2576 69.8133
81.3849 61.1375
38.0397 19.2965
72.4961 82.2606
88.8411 91.2492
38.0424 13.5527
70.5158 80.5915
57.8061 22.6178
5.2864 61.9509
88.2013 37.8311
79.6835 10.3034
84.9357 29.4061
36.8457 84.0291
24.6388 37.452
31.952 49.5742
66.0228 95.333
17.3407 61.6881
33.9503 60.3067
16.4175 55.2057
11.5933 55.5128
61.4143 33.511
5.4414 82.4543
13.883 37.8884
67.0028 9.8358
9.8981 22.2646
82.8305 70.2615
66.4627 83.42
53.2185 31.7412
34.4881 94.2245
33.1491 80.4173
91.0247 78.1669
0.0205 67.3669
11.0971 80.4449
45.1332 18.3826
41.4719 46.5246
7.2541 3.5252
14.7173 41.2265
28.2408 2.9104
36.1948 52.3537
51.0218 4.4389
8.6552 16.0704
91.1839 4.4901
85.1484 92.0337
75.2206 39.9317
24.7153 57.4573
42.8468 32.3668
13.9106 54.7955
68.2647 27.432
42.104 65.9282
0.1591 25.4263
60.0561 91.7488
48.8952 89.6981
80.7746 47.176

Jcoords
17.1337 50.0275
31.2954 35.4126
68.125 96.1215
96.1909 9.0435
75.4242 90.5956
59.0497 26.2144
0.8774 41.0748
16.0101 81.1695
91.7511 92.5665
44.6953 32.4243

C
14.3645 8.1232 28.1107 21.4464 28.5269 7.5454 17.1363 23.7769 34.2123 7.2289 
18.6041 10.9232 39.3994 24.4009 35.1637 14.1514 18.3677 29.542 43.5152 10.3782 
8.8855 2.7875 26.814 23.3992 27.6938 12.9248 10.4092 19.0488 28.6983 7.1133 
3.2185 7.0966 18.9876 28.9326 24.7196 14.7965 9.5235 9.368 28.6758 11.6333 
10.1191 7.8351 31.8561 30.8046 29.8276 16.9824 7.6965 19.8984 40.2122 9.9806 
15.4208 19.7712 8.1406 31.6053 8.5794 22.1188 22.1506 9.9956 16.6259 21.3545 
1.8942 4.6012 24.1899 30.3288 24.8096 14.0095 8.062 11.1044 25.5258 9.545 
11.6363 6.7809 23.1142 18.8568 21.182 4.2519 17.6825 18.5001 26.8398 1.7672 
21.0078 17.0329 16.743 15.8628 13.8751 9.3579 28.0301 24.317 17.234 11.5822 
31.0819 26.481 9.9318 26.3973 6.3187 19.9159 36.2943 28.6118 3.4543 22.6472 
10.4873 13.1561 14.391 33.9801 14.5196 20.6451 17.8878 7.9572 21.2932 13.5064 
29.8398 25.013 12.3084 19.8754 8.2186 19.7079 30.7236 29.3201 8.01 20.7668 
8.1201 4.3975 19.07 23.1915 17.4816 7.1078 14.4576 16.8184 25.4694 3.529 
23.46 15.6393 24.1399 9.0969 18.8503 8.9895 30.0947 31.9495 24.3861 14.5639 
7.518 12.6382 18.898 36.304 26.1715 20.4653 8.9236 4.8743 27.4496 18.6692 
9.5001 10.0111 14.1132 30.3424 17.178 15.2513 15.995 10.1135 22.5133 9.4891 
17.925 10.6654 37.5745 24.0482 36.1519 12.4785 14.1023 24.5427 32.7251 9.6711 
16.1179 23.9539 18.1597 35.9806 20.4971 30.952 19.1131 5.8934 23.332 24.2199 
21.8202 14.5082 25.2996 8.3893 20.9095 7.0368 28.7495 27.3356 19.8412 12.8106 
11.1726 19.863 20.6603 34.8952 23.475 24.8157 15.5088 3.2317 26.6526 24.0179 
9.1076 11.2333 30.9974 30.1414 35.7435 19.5743 6.2986 17.8924 43.3833 15.5626 
14.4847 9.8681 34.4457 22.5988 30.9026 14.1309 15.5183 26.405 39.1227 12.2308 
33.1154 25.0061 35.5394 2.2416 28.2591 14.0885 34.1266 33.883 30.2044 17.3814 
15.5398 19.9457 18.1578 38.6977 18.2355 29.8171 19.9704 3.6208 23.7088 23.3786 
21.1938 20.4583 9.537 24.1323 6.1831 17.094 33.9835 22.2484 6.783 19.2152 
16.288 10.6905 41.9314 30.0976 35.7209 18.391 14.4609 23.3257 38.9141 13.6882 
21.622 16.4853 30.0554 9.0216 26.4903 6.3651 30.5156 33.518 28.9753 14.1044 
19.9848 17.8619 10.1142 24.3189 8.0029 13.5206 26.1061 16.7396 11.91 13.6578 
15.0718 8.2436 27.2403 18.0698 22.3795 2.7258 19.7594 24.5274 28.481 3.5672 
15.1291 20.4672 20.8183 46.7161 24.1347 30.0841 19.1456 6.8035 25.4375 25.047 
20.4143 19.4067 9.167 23.0759 7.0618 16.1179 24.2382 22.8042 10.0944 16.1251 
11.6228 16.1441 19.4534 36.5201 19.0341 26.64 14.5201 1.0072 25.7875 20.1741 
7.6225 5.9473 28.9431 26.2854 32.1135 14.1932 6.9366 15.8904 31.5591 9.5057 
12.7069 14.0777 10.9876 29.6891 13.2737 21.8162 17.6061 8.2593 19.9177 16.1127 
18.1648 20.9846 11.5477 39.9123 13.6391 25.766 22.245 8.409 20.2239 21.4607 
14.2013 7.4547 25.4056 18.1704 25.6938 3.0378 18.4208 25.7628 28.9931 2.9436 
0.902 7.4798 24.2786 32.0678 24.0407 17.4828 5.8685 11.9343 29.5369 10.1256 
17.5862 22.8265 20.5234 43.6169 22.4963 28.367 18.3114 5.4567 25.5246 27.8243 
7.9062 6.9777 15.8371 26.1721 18.1113 13.4441 11.6491 12.81 23.9265 9.0085 
26.7216 26.4928 11.0276 21.5298 9.2573 22.8781 30.8619 30.4484 7.0898 23.4818 
24.7811 17.7533 34.254 11.8592 26.9623 8.7884 22.8691 32.2149 28.9151 12.486 
10.5256 12.0363 32.7709 35.1068 29.8203 16.7172 6.774 20.7677 33.904 16.6746 
27.1638 24.7954 6.8441 24.5212 4.7312 19.9334 33.9389 22.1782 6.8202 17.4068 
14.332 17.1353 11.7492 31.0112 13.611 23.1988 22.8103 8.0541 19.556 19.8632 
20.1428 25.6217 24.9992 41.2623 26.0846 35.0495 21.3127 7.8107 34.1994 24.7785 
24.8873 21.7108 19.3432 17.7174 12.9335 19.8256 33.0633 26.323 11.8798 19.4487 
11.4437 14.2225 11.4489 28.4496 13.239 19.8613 17.2837 9.2791 20.5277 17.8859 
25.4103 20.1327 11.4843 22.2901 7.0629 15.3067 34.8002 25.7393 8.3265 20.4223 
22.3587 21.7691 11.336 20.1519 11.4179 16.1383 28.5997 25.2167 10.4247 15.4211 
13.098 6.5409 32.8786 21.8892 26.5025 8.6842 15.4893 21.8641 34.8312 4.473 
23.229 23.3767 4.6537 27.15 3.1247 17.8385 25.6442 17.6382 7.6308 19.6079 
30.8596 30.6618 7.2591 27.2361 5.2079 27.755 37.4892 24.3368 1.1158 22.7923 
16.2579 9.0457 32.7171 20.3956 27.2998 9.0165 17.7585 26.8604 29.1587 7.0755 
19.2412 18.6843 6.2522 24.5757 4.3437 21.1232 30.5304 18.8437 9.5907 19.1936 
16.0627 11.5539 27.426 13.3909 22.914 1.2828 17.9598 25.7397 24.3358 6.0873 
5.2459 13.6854 22.3169 32.3954 22.9709 20.5097 8.2829 8.5325 35.1582 15.3097 
26.2252 17.2068 21.7504 10.57 19.984 11.498 27.4998 28.2915 21.5233 17.3258 
24.6153 20.7648 26.9131 5.8739 26.9679 8.7079 25.4733 30.2672 32.1266 15.1876 
22.8622 20.176 21.7892 7.608 20.3359 10.3076 31.892 31.9107 21.1735 14.8218 
14.3571 15.2277 11.06 33.1446 14.4872 18.9512 20.0065 6.6689 22.165 18.2694 
5.6749 2.4771 27.5975 24.8201 29.2782 11.4969 8.9318 15.8592 31.8018 7.3921 
5.3934 5.1788 22.7253 23.0907 20.376 13.4592 10.7956 11.6785 23.0008 6.9568 
22.1024 20.8739 0.8534 33.7673 4.0226 26.5373 27.5794 17.1793 10.0763 25.2617 
4.2836 11.1984 20.0393 30.8604 19.6066 19.6075 10.001 6.1978 24.9826 14.0003 
7.2393 9.6812 17.1926 26.5043 17.1788 13.3737 11.9901 8.8298 22.6449 9.1168 
2.0654 7.936 24.2584 33.3368 21.3573 20.3181 8.1286 9.8259 30.3057 11.3333 
3.0406 10.1804 21.6681 35.1334 28.7559 17.0606 5.5181 10.2809 32.4972 13.3143 
16.4467 10.1854 19.3945 13.9258 20.4491 2.851 22.6338 22.4923 24.6314 6.0969 
13.2366 20.591 19.5548 45.044 22.7358 25.166 14.1793 3.9669 27.8254 21.4239 
4.6899 5.9657 25.7766 34.5462 28.1407 14.3498 4.641 15.6823 36.4893 11.8194 
24.4732 14.2748 33.4558 9.9305 30.5547 7.1992 26.8837 28.9625 27.8834 10.0447 
9.5424 8.6794 33.2463 26.4518 35.7008 17.2388 7.9524 22.4803 33.5136 13.8475 
24.8847 22.0665 11.132 22.9896 8.295 17.645 28.4475 21.5505 7.7089 20.7524 
23.2138 18.7576 4.2388 30.8216 3.8287 19.5548 24.4742 15.5044 8.9173 17.6876 
14.798 8.3601 21.3185 15.1384 23.7023 2.9413 20.3204 24.0171 22.3426 3.0406 
15.4459 18.5177 10.3564 36.4663 14.5975 25.1203 24.8712 8.2217 21.6602 23.1571 
12.1776 13.666 13.5569 32.2063 17.141 22.8279 20.0793 6.2172 20.9468 16.5216 
27.1123 24.4088 8.9567 22.0356 6.5463 19.2894 29.3122 29.602 4.4984 23.0671 
9.3429 13.9056 27.2417 41.4129 25.8794 23.2856 9.5228 6.3601 37.4237 19.0569 
10.1498 19.4506 19.0087 42.3998 21.165 25.3222 13.6668 1.8524 29.9569 19.106 
15.3254 6.9297 25.0985 16.7133 31.1043 5.1452 16.6163 27.0897 28.4488 5.0504 
8.4488 5.1562 20.0051 23.3729 17.8025 8.9365 16.3589 15.9039 23.3636 5.0856 
16.8102 13.0986 35.6926 34.6629 34.4795 20.5493 14.2522 30.778 39.1089 16.0005 
2.8302 5.5866 26.9899 26.6478 24.0689 15.4083 4.2366 15.1463 29.3923 9.7886 
19.2473 11.1778 32.6563 22.4533 37.4896 13.7097 15.5439 28.3648 36.4224 10.9482 
6.6652 5.9748 17.5751 28.244 17.5695 11.5381 14.1959 11.107 26.226 7.1261 
18.9556 11.6041 35.5243 14.1794 33.1857 9.1255 24.729 30.2616 31.7465 9.2129 
13.8878 11.8455 36.5687 29.612 35.6516 16.9483 9.6365 19.8636 41.4395 13.2187 
33.4165 20.692 29.0551 2.2774 29.5084 12.8778 36.743 35.2105 27.2602 19.8828 
30.7532 29.8813 6.5407 29.3612 3.4454 26.0137 38.0923 27.4138 2.3291 28.0451 
18.2002 14.2186 19.2449 11.3794 20.0681 7.2797 28.6032 22.325 18.7632 10.1629 
3.3947 7.5666 20.2241 30.923 18.1912 16.1687 9.3484 9.8891 29.3234 10.7489 
12.1345 4.1525 20.8973 20.6739 22.2252 6.151 13.7806 18.1732 26.9135 0.5877 
1.8279 9.0635 22.2368 32.047 25.4158 19.3084 7.335 8.7309 28.8286 13.8672 
20.9909 13.1314 22.7157 11.1846 22.0899 3.5795 22.4414 24.0156 21.2981 7.7601 
9.2392 12.522 15.3257 29.0584 14.7837 16.8869 16.5115 11.9456 22.0467 11.506 
10.8468 10.4897 36.2751 33.8532 31.9881 20.2013 5.3841 21.1761 34.2397 15.6211 
21.2736 23.4479 2.902 32.0223 4.89 23.995 23.4509 16.8874 11.2745 20.6946 
15.4032 20.4186 8.0631 31.4904 8.449 20.8945 24.7653 10.4059 16.8285 21.9029 
23.4179 17.3529 19.9738 13.7007 16.5455 11.1396 25.5614 23.6474 17.2272 12.0951 
15.1394 7.6084 28.667 20.157 26.8155 9.2708 15.7784 25.9038 36.5403 7.7732 
19.5259 12.1 31.1741 24.2099 32.0737 11.8906 18.6446 28.5007 36.0968 13.5832 
7.6239 2.7021 24.8659 25.565 24.9465 12.8681 9.6734 18.4719 32.1187 7.2511 
2.7926 7.6596 21.6082 33.2399 23.6717 16.215 9.054 10.6187 27.0131 10.8573 
10.3655 6.8002 34.8368 31.4982 35.4994 16.8326 7.7066 20.2144 37.4382 10.2499 
15.8539 22.1518 7.6562 32.7942 9.4992 22.3811 22.1102 10.6784 15.494 18.9261 
1.8809 5.1932 24.996 31.9127 25.5629 15.551 6.2779 11.0289 31.0391 10.1256 
14.6087 6.6223 20.3321 19.2439 19.8511 3.9025 15.0304 23.2029 26.8471 1.9806 
19.9417 13.6829 17.3735 14.0803 17.3245 8.7613 23.5355 25.8756 19.9797 10.2011 
28.7589 30.4141 7.8121 22.7444 6.4842 21.2787 35.8666 24.5212 2.8164 20.776 
10.1956 15.4053 15.0188 30.3791 14.3565 20.1041 19.4578 7.3912 20.6574 14.1726 
28.2018 26.5686 12.1422 24.3954 8.7423 17.3564 37.349 26.077 6.4208 22.1434 
8.5244 4.5861 22.3652 21.3945 18.3802 7.373 14.6654 15.7591 26.2579 3.7653 
22.974 15.6909 25.4607 9.3615 19.7245 8.8671 25.16 25.7189 20.0838 14.4497 
7.2421 12.7533 24.7737 40.332 26.6847 21.5311 9.2437 4.7298 29.2065 15.622 
7.7301 10.7083 17.467 26.0716 16.5971 13.7076 17.0376 10.8361 23.2765 9.815 
15.4345 10.2294 35.0411 23.702 33.1863 14.2099 14.9888 28.1013 33.0912 11.8875 
15.8914 21.485 16.2147 40.6355 17.402 31.8234 22.5712 5.0045 25.7775 21.143 
21.0748 16.6226 21.7278 9.4883 22.8003 7.1666 24.3694 30.2211 25.9592 10.7335 
12.9132 19.1106 18.7687 43.9672 20.9822 23.12 12.8327 2.5844 26.602 20.4493 
8.9625 9.9978 33.9999 30.2343 33.0374 17.3533 5.8753 23.2724 34.8576 13.374 
16.0364 9.7261 33.4222 26.837 34.2932 12.9013 15.2386 23.9991 39.1012 11.9434 
25.3812 25.11 28.825 2.5267 27.216 14.0994 33.7558 33.4217 27.9933 18.9131 
13.0099 19.0015 18.1939 45.0895 19.7042 27.3508 17.1647 3.803 27.1526 26.6202 
22.5123 24.1488 8.552 22.8574 6.0474 20.296 33.4608 21.182 7.3327 21.4517 
17.3105 12.6669 35.6496 26.736 35.161 18.616 15.1488 27.8853 41.5905 13.742 
22.9402 15.0347 28.5402 9.5201 27.2635 6.334 29.8553 31.4899 27.5854 14.0973 
20.188 18.0975 9.0815 26.0214 7.6399 16.1287 26.7918 16.7197 14.2783 12.7761 
14.9804 8.6532 25.0472 16.4069 22.3035 2.7553 16.6514 24.5405 29.0269 2.7235 
16.3772 22.6399 19.5605 41.0867 25.2783 28.026 18.0453 7.089 28.74 23.5811 
19.4551 19.9058 8.229 23.0888 8.0529 18.2985 24.3641 20.519 8.6879 18.7668 
12.0401 16.3513 19.9674 33.2413 18.2959 25.6983 14.4895 0.9781 26.4283 18.2 
6.013 5.3608 28.3513 29.3067 25.7344 12.981 6.8635 15.6245 33.4355 9.6516 
11.8652 17.209 11.3183 28.5186 14.7358 19.735 16.2946 6.6534 21.1912 17.5411 
18.2668 17.6995 9.7412 39.7788 12.5107 25.7521 23.166 7.0989 17.3324 19.0157 
14.6619 7.9677 25.2371 18.1655 24.8786 2.9094 15.6694 26.043 30.7729 2.9911 
0.825 7.8275 23.4724 33.5054 27.0578 18.2316 6.2591 12.2876 32.5074 12.5929 
16.826 21.7194 20.9084 44.6849 25.6043 30.8099 20.2375 4.9837 29.4457 28.7004 
7.0961 5.9778 19.3507 23.175 17.5927 13.083 14.9419 10.8659 25.3119 8.4318 
26.9295 26.7635 11.0678 22.0707 9.3571 20.921 39.1421 27.1162 6.3779 25.546 
20.0596 16.7374 31.9908 12.2765 33.2438 8.6551 29.4642 29.1764 28.1598 13.1371 
10.715 11.2581 36.0578 35.8428 37.543 21.6831 6.4406 22.4968 35.8427 15.285 
26.3008 24.2155 8.6177 21.1322 4.8589 20.7977 30.0015 21.7152 7.3143 19.074 
16.9463 21.8294 9.8284 37.683 14.416 24.9455 23.6699 7.133 19.7709 18.7036 
15.9959 28.087 23.8689 47.6586 28.1402 30.8294 20.2041 7.8887 27.5907 28.5949 
29.5305 28.311 19.5371 16.1186 12.8598 17.3715 33.7803 30.1637 11.2629 19.0477 
13.8478 14.8985 12.6686 30.4459 14.5061 18.7011 19.5287 7.5633 20.877 16.2089 
22.1401 23.3517 9.6477 19.6659 8.7574 19.9104 35.5223 23.606 9.3345 17.0682 
24.5365 16.9941 14.6283 18.3105 10.2157 14.9071 31.2464 27.2816 11.7055 14.8527 
11.3697 6.492 31.674 20.1886 24.7152 7.0451 14.1411 23.6637 34.0499 5.1957 
19.4301 19.5711 4.4764 23.256 2.8729 19.3544 25.8342 17.0563 7.4189 17.3481 
30.7935 24.1109 8.404 30.9171 4.2622 27.5834 35.5854 27.2484 1.0078 28.4849 
15.0639 7.1126 33.174 18.6809 29.492 7.6822 18.3088 27.6 37.1171 7.3997 
23.7131 19.8509 5.8924 23.4279 3.382 18.4113 27.5118 19.8249 7.8428 18.7946 
16.2539 11.4539 26.6911 14.8322 26.1162 1.4617 18.0974 27.5526 24.8878 6.3771 
5.7384 13.4996 23.5543 32.5321 24.274 20.8131 6.4309 8.165 27.9853 16.2108 
28.5831 19.9635 22.9526 9.5901 17.9481 10.613 29.7106 25.5297 16.5319 14.4017 
27.3273 19.6199 30.7405 5.3606 27.6996 7.9627 25.8455 31.2865 28.5432 15.7837 
24.0812 16.9753 24.0459 7.2032 19.4257 8.6879 30.8567 33.1692 24.6485 16.0203 
13.1663 16.7446 13.3035 31.0313 12.2096 22.3017 19.1549 7.4765 18.192 17.4447 
5.8433 2.1694 28.1233 30.4323 23.743 12.5576 8.9702 13.854 30.3516 6.7325 
4.8063 4.4147 21.4107 28.4988 21.3263 13.7132 12.2936 11.5476 27.3903 7.8008 
23.1022 26.5044 0.7818 28.2369 4.1857 26.0719 33.7684 17.3404 10.1178 25.0757 
4.637 11.1567 20.5117 34.4821 21.5594 18.5398 8.0857 7.2347 27.8184 14.0483 
5.9207 9.5134 18.3559 30.4231 18.5346 13.9536 13.7117 10.2331 21.0695 11.0949 
1.573 8.6813 21.588 30.0833 24.6875 18.9622 7.0994 9.6182 29.1285 12.4517 
2.7389 9.215 23.7563 34.5639 24.0798 22.1861 5.9766 8.1539 32.0115 12.5233 
17.8314 11.3593 23.796 14.6061 21.8421 2.5051 23.3781 25.8625 26.1252 5.0699 
11.6958 21.3371 21.3063 46.2696 28.1326 24.288 13.4882 3.952 30.1109 22.1616 
3.9372 5.3396 29.5568 30.1244 25.2723 14.6951 4.084 15.626 35.0811 10.8023 
23.8199 13.761 33.4213 11.3146 32.2355 6.8605 22.8102 29.6991 31.2252 12.4956 
8.6501 7.8381 36.2935 27.4296 32.5293 15.3946 6.8029 21.8585 40.0846 11.0671 
26.8095 22.9935 10.308 24.3994 8.4962 19.0716 32.919 24.3061 8.3599 16.3097 
21.1051 20.281 4.3669 27.1851 4.4555 20.247 26.098 18.6204 8.1213 17.7043 
12.3869 6.7797 26.1691 18.0106 23.7526 2.6963 20.7351 22.4704 22.0906 3.1261 
18.8029 22.9645 10.7607 31.6384 12.7646 28.8515 20.1799 7.3643 20.4343 19.6243 
11.7998 14.9768 12.2725 36.463 13.8755 21.6264 16.8837 5.9358 21.683 17.0448 
30.188 23.8873 9.6086 26.2431 6.8954 18.4231 30.1603 29.662 4.3398 25.5802 
8.7728 14.1604 26.5173 38.0499 29.4772 26.6533 9.4413 7.8282 37.3001 17.5993 
12.3484 19.5395 19.1388 41.389 22.1549 28.0296 15.7208 1.7515 30.2261 17.717 
13.1958 7.5572 28.7628 16.2254 24.1583 5.0142 15.1342 27.2697 33.548 4.9296 
9.4446 4.8865 22.522 21.8806 17.7135 10.6501 14.6919 13.3585 23.6636 4.6574 
17.3094 14.2847 41.9757 29.7887 42.0986 22.568 13.1629 25.7929 48.1557 17.4289 
3.6105 6.4211 24.4854 28.0932 28.9672 15.0479 5.3591 15.4061 29.6515 10.3885 
19.2908 12.2518 33.8425 22.4669 31.555 12.1838 14.8958 27.1054 40.9382 11.0868 
7.5485 6.7966 19.2654 24.6996 17.0874 10.4548 12.661 10.7481 21.6447 7.2041 
18.2399 13.4622 37.2964 15.4734 34.0274 7.422 18.8417 27.3265 38.5813 11.4594 
12.9429 10.568 34.3748 27.7327 34.4909 18.6755 9.1651 23.0869 41.0668 13.4403 
26.0794 21.1638 37.6158 2.3552 34.8305 14.057 33.9368 37.8413 28.3612 19.4652 
29.8019 25.2944 6.1556 26.9416 3.2872 24.2577 38.7718 21.094 2.4874 24.0037 
23.5536 16.241 17.2796 11.7602 19.6527 8.0007 29.3319 24.7278 16.8984 10.3735 
3.4871 8.5029 18.6778 29.2223 23.3039 18.3784 9.2096 8.9242 27.1591 11.982 
9.8043 4.5061 26.4182 19.4804 24.1869 6.2203 15.2165 20.9245 25.7889 0.6739 
2.0868 8.16 23.2525 34.0429 24.3197 16.9577 7.4542 7.9557 27.4789 13.9281 
17.0387 13.2978 24.9893 10.138 22.1662 3.6019 23.3284 26.2493 22.0112 7.7914 
9.8756 12.0202 15.9276 28.8543 16.1518 14.0631 16.8052 10.3319 17.5731 12.6385 
9.6841 11.0423 34.1176 30.3266 33.5114 23.2462 5.2055 17.9191 37.4649 13.5473 
18.4124 20.7154 2.9634 28.6468 5.5111 21.7993 25.2662 16.534 10.9321 24.494 
15.6674 17.2457 7.9009 34.3328 8.9109 21.1645 22.394 10.6811 13.0831 21.3401 
23.9339 18.8277 17.6938 12.6889 14.24 9.6483 30.7859 24.4593 14.2665 13.7945 
15.8373 8.6167 31.237 22.2155 31.2618 7.4524 16.1167 26.6942 31.0602 6.2059 
15.0795 11.6407 33.892 24.7762 39.0062 11.8945 16.3057 28.2123 33.4877 12.3537 
7.2757 2.9824 27.1466 24.1821 26.8964 10.6645 10.7909 16.2436 28.1953 7.5974 
3.2583 6.9117 19.3362 29.3874 19.5362 15.955 8.2696 8.6386 28.9774 9.6547 
10.0924 7.1174 32.6035 32.6161 33.1993 14.3612 8.0678 23.5936 36.1563 11.1371 
18.6663 21.4202 7.3475 36.6138 9.5213 24.9276 25.3649 11.4038 16.8461 19.8588 
1.9971 4.311 27.0905 32.0628 22.5356 15.4746 7.874 12.8227 29.3538 10.096 
13.3815 6.3909 21.1242 18.1977 19.3991 4.4121 19.1895 19.9895 24.9735 1.6506 
19.4816 15.8848 20.0444 15.4515 15.1555 7.3661 23.969 21.4427 16.8819 12.0849 
26.8082 25.745 9.8168 24.5558 5.2926 25.9466 39.0097 28.343 3.3852 23.7381 
10.7352 13.1089 14.2198 28.6934 12.9518 16.4599 14.8705 6.6694 19.8886 16.5596 
25.8992 27.5365 12.457 20.0687 8.2265 20.8072 33.0294 30.2634 7.9418 21.3959 
10.541 5.2733 19.9406 20.1397 19.3305 8.1521 16.9386 15.0358 24.4733 3.3518 
21.0709 20.0501 23.5266 8.1646 19.8399 8.4855 31.9266 32.3939 24.7006 13.5554 
6.2497 13.2254 19.5208 32.7614 20.7967 19.1395 9.2613 5.2902 30.0348 14.8748 
8.8281 9.8985 15.1148 29.786 14.4938 14.4918 15.4286 9.733 18.4882 10.3432 
18.2329 9.0778 37.2281 20.5526 32.8946 14.1988 15.0698 28.4618 33.6404 10.921 
15.5122 23.0589 17.7344 40.7741 19.5005 24.8448 22.9568 6.1242 23.8397 20.8496 
20.3167 18.1469 24.1045 8.9415 20.1298 7.2149 25.9481 27.4642 22.7118 12.1871 
10.9981 18.1569 20.0195 37.8885 24.3241 28.0236 13.4316 3.1274 26.6526 23.4555 
10.5554 9.7822 28.9957 27.9314 35.2763 20.7585 5.3554 23.0971 40.0308 16.0266 
15.367 10.6535 34.2587 23.1191 30.4958 13.9467 13.4397 25.9163 37.3263 9.8346 
30.3206 24.5579 35.1792 2.5765 31.6194 11.0089 31.7976 32.929 26.2227 19.5909 
13.6886 19.3341 16.479 42.0149 20.7323 29.2875 18.1036 4.1354 25.1194 23.4786 
24.7425 24.4036 8.5616 22.3337 5.2802 20.3679 31.0068 21.3808 6.875 19.0418 
17.4423 12.1622 37.2334 26.8514 31.9597 16.3309 14.9826 29.7366 45.2178 12.8182 
24.8564 16.9753 27.068 8.9253 28.7213 7.7754 27.3926 32.169 32.6873 12.3117 
17.9731 14.9399 9.9507 22.4938 9.3944 12.9929 22.2064 15.2995 11.0821 12.5141 
13.6208 8.0487 24.2681 14.9176 21.9102 2.8852 17.7363 22.7759 23.5834 3.0925 
16.0591 26.5253 20.5244 43.9761 20.6774 28.604 18.3928 6.3081 26.3291 23.4465 
23.322 20.0319 10.7757 19.9347 7.5405 15.4293 24.1595 22.0148 11.3301 15.7362 
10.275 16.0923 16.6464 38.0699 17.4145 24.5736 14.3626 1.1481 22.576 19.6312 
7.6525 4.7458 31.8191 28.6616 32.5163 16.4077 7.8141 19.3977 38.5982 9.525 
11.1041 14.8388 13.2604 35.8683 14.4465 17.9076 20.4653 7.9946 20.8449 14.554 
17.0562 21.4303 12.3528 39.1421 13.6666 26.2349 19.3392 8.7843 18.5223 18.9249 
12.3263 7.9093 22.3801 15.4723 21.3928 2.895 16.007 21.52 27.9046 2.7927 
0.8305 6.4817 24.4142 27.2428 23.6875 18.5987 5.06 9.9502 31.6587 10.6457 
16.4528 22.9161 23.3605 40.1796 22.0428 31.9801 17.1261 4.9948 32.1731 22.3724 
7.9643 6.7789 16.2281 23.5871 16.9205 13.5163 12.173 10.3807 23.1167 8.8132 
29.544 23.2809 11.8208 25.7589 7.7992 22.884 30.6065 30.9766 6.548 19.9753 
21.4654 15.6296 30.5253 12.0307 34.2541 8.744 28.8224 28.4809 37.0833 12.647 
10.6684 9.7963 37.0684 36.3367 38.2271 19.6923 7.2682 18.7604 39.968 13.1418 
20.9557 20.69 8.2694 22.5816 4.6351 19.7383 29.4994 21.8978 6.0817 21.3374 
17.2171 20.6805 10.347 31.8339 15.3371 21.931 23.4217 8.0249 21.3133 17.5615 
19.0521 27.7779 21.9807 42.0064 26.4631 37.0528 21.4926 7.8451 32.0507 26.5954 
31.0865 26.7928 14.9425 16.162 12.6184 16.3016 33.8401 28.8229 12.5003 20.6096 
12.5585 16.2506 13.4066 33.221 12.2484 19.6337 18.5392 8.5648 19.9491 14.6239 
27.8932 24.5228 9.475 22.5371 8.6884 18.954 32.0993 26.6375 9.4173 21.3215 
20.5069 17.9007 11.3547 21.1917 9.4914 12.9297 29.7363 26.0577 12.7049 14.4101 
13.1835 5.3407 30.3621 19.1848 30.4312 8.7505 14.9078 24.5766 32.1512 5.6505 
24.1899 21.399 4.7104 24.2949 3.1468 21.0662 29.395 19.8077 7.1372 18.3582 
26.3353 24.584 7.9848 29.1426 4.0366 24.393 31.0385 23.2707 1.1915 29.2572 
13.2435 7.2956 32.0404 20.9147 30.6566 9.696 17.3284 23.0344 30.6109 6.1691 
21.4556 19.7612 5.388 23.0022 3.5815 18.2446 28.3685 17.0067 9.3421 16.9419 
17.794 10.4795 26.8025 15.5651 27.4645 1.3791 20.7127 21.8622 26.0385 6.1545 
6.2998 14.254 27.331 35.7822 22.7361 25.0997 7.3867 8.0659 35.4792 19.3082 
28.0855 19.1661 21.5408 10.2533 18.263 11.6455 29.5009 32.7036 21.644 16.5718 
22.8369 17.6792 30.0218 6.3821 28.5197 9.0805 27.8759 33.1538 30.2143 12.6709 
21.5015 20.3434 24.672 8.4573 23.9647 10.3911 28.7011 30.8763 19.0772 12.2392 
13.6851 15.7807 10.8822 36.5968 12.0413 19.843 19.5975 6.8771 21.1592 16.6617 
5.6104 2.2745 22.3613 30.186 27.1979 12.6879 8.3309 15.4626 32.6876 6.7593 
5.7596 4.6032 20.3261 28.9166 23.6215 14.0495 9.9547 13.1436 26.5949 8.3178 
21.3092 27.6472 0.6852 29.6538 3.5246 22.6262 28.3 18.7958 8.0399 25.72 
4.3163 9.6453 21.7327 28.6798 21.5594 16.6727 8.9352 6.8305 30.8636 15.1299 
6.8254 8.0263 18.9599 28.5766 18.1905 16.5488 12.6711 9.6057 23.704 9.3917 
1.9901 8.8967 20.2428 29.8252 22.6096 16.4411 7.6182 9.6935 33.2909 13.6754 
2.8067 9.7807 26.9512 35.5484 27.7362 18.0143 6.7821 8.8724 34.7226 15.1385 
16.7397 9.9349 21.2017 13.322 22.1537 2.6884 18.9734 19.9119 25.8397 5.4401 
11.6544 19.4637 22.3392 37.737 23.4192 25.9274 12.9179 4.1032 33.4478 23.8531 
3.8982 5.8373 27.8457 31.0227 26.0502 15.4741 4.5969 17.1903 33.6919 10.6553 
20.2395 16.6335 32.5325 11.665 32.1543 7.1992 24.4191 28.4715 26.1131 9.8669 
9.8723 9.6212 32.6444 34.4747 34.2997 18.8414 7.6499 20.6445 42.4368 11.1868 
22.5199 19.6029 9.2043 24.2553 6.726 19.0065 28.4997 24.5295 7.8867 20.4194 
23.5593 18.4481 4.9446 25.9036 4.4888 19.8721 28.4791 17.3174 9.0759 20.3158 
14.3813 8.5557 20.8824 18.6424 24.1804 2.5043 16.386 21.7094 27.6421 3.2227 
16.1724 18.2055 11.9937 41.2415 14.0181 23.5946 24.4121 8.2987 20.1822 24.4286 
10.5253 16.8821 12.2112 35.3965 16.4801 19.1033 15.3266 5.862 20.8271 15.2678 
26.3454 24.4015 10.4786 23.7824 7.41 20.3692 36.9157 23.6485 4.3729 25.2612 
8.9385 14.9339 27.8923 37.1164 31.4655 24.1419 8.2654 8.407 35.0836 21.7453 
10.708 19.3075 22.0723 41.2668 25.0724 25.7855 16.0544 1.608 24.7452 23.4371 
13.5465 6.6685 27.1414 15.7064 30.2272 5.5923 19.6152 26.4876 27.6076 5.2317 
9.0315 5.551 17.2518 24.8122 21.7636 10.0646 14.0243 16.6133 25.9543 5.6526 
17.1905 12.9349 40.0254 29.9046 41.6342 17.818 14.7436 29.1762 44.8046 18.5971 
2.8074 5.6112 28.8587 28.2071 25.1252 15.6751 5.3397 12.0531 33.1138 11.2633 
15.5246 10.0091 34.1568 22.1121 34.4526 14.4591 17.7229 28.143 42.4764 12.4114 
6.2447 5.8408 19.9913 28.1108 21.3004 10.5138 12.7315 13.0912 27.4262 7.4273 
20.2167 13.8442 36.9419 13.8934 32.7648 6.9833 23.5801 33.6352 29.135 10.6102 
12.1484 11.5566 32.9188 34.1082 31.5791 17.8736 8.5524 21.3901 42.8174 12.7675 
32.2777 25.929 31.2378 2.0926 28.064 14.0609 30.6338 36.8641 34.5443 16.4009 
29.594 28.1856 6.5197 26.1714 3.4729 24.0241 31.1001 27.7707 2.0575 23.132 
18.5304 15.4771 21.6576 13.8995 15.3057 7.2543 28.3281 21.8199 17.086 9.7951 
3.2843 7.3043 22.8284 31.3028 19.6814 14.8735 9.9327 9.7931 26.2435 10.7457 
9.6577 3.8347 21.446 22.6709 25.0209 5.3936 15.0107 17.0983 24.7806 0.5816 
1.8917 9.4905 27.1586 37.6392 24.8037 18.4269 6.2317 8.1013 28.1711 11.4241 
18.3747 12.0686 21.3006 11.5591 23.3041 3.521 25.6248 24.278 23.3337 9.4008 
11.6429 10.7285 14.0901 24.3016 15.7082 16.1615 17.8883 11.2082 19.6014 10.7466 
9.714 10.9573 35.2257 31.4859 33.1529 20.2602 5.2603 20.0112 41.5192 17.2937 
21.3514 24.7572 3.5673 29.4772 5.0118 23.9163 24.0274 15.6915 11.2967 23.5686 
16.4704 17.3998 6.8264 28.8818 10.0576 19.3129 22.8109 10.7423 14.6938 22.6782 
23.3924 19.1787 20.0648 13.1578 14.52 10.5389 26.2425 26.0684 16.6761 13.5723 
EOF