I 100
J 10
bounds (0, 100)
cv 0.5
D 100
k 5
t 3
FLR 0.6
FCR 8
abounds (80, 120)

a 
94.0 96.0 99.0 
95.0 83.0 100.0 
84.0 74.0 90.0 
88.0 79.0 99.0 
106.0 84.0 95.0 
82.0 81.0 82.0 
84.0 98.0 98.0 
87.0 84.0 96.0 
102.0 80.0 87.0 
86.0 91.0 89.0 
75.0 94.0 104.0 
88.0 70.0 94.0 
88.0 88.0 94.0 
79.0 84.0 81.0 
95.0 82.0 95.0 
85.0 88.0 94.0 
67.0 91.0 92.0 
75.0 86.0 109.0 
86.0 90.0 96.0 
97.0 85.0 83.0 
83.0 79.0 98.0 
96.0 95.0 85.0 
83.0 77.0 92.0 
76.0 85.0 95.0 
101.0 91.0 106.0 
77.0 94.0 92.0 
106.0 109.0 83.0 
91.0 82.0 92.0 
95.0 89.0 80.0 
114.0 92.0 87.0 
85.0 101.0 82.0 
102.0 94.0 122.0 
94.0 89.0 93.0 
99.0 80.0 87.0 
91.0 98.0 92.0 
78.0 106.0 82.0 
101.0 102.0 94.0 
100.0 84.0 116.0 
86.0 99.0 85.0 
79.0 88.0 85.0 
96.0 96.0 90.0 
98.0 76.0 110.0 
99.0 76.0 83.0 
84.0 95.0 97.0 
75.0 96.0 91.0 
94.0 98.0 98.0 
103.0 86.0 102.0 
94.0 87.0 95.0 
89.0 104.0 86.0 
86.0 86.0 88.0 
90.0 92.0 66.0 
79.0 92.0 97.0 
75.0 75.0 75.0 
78.0 82.0 85.0 
101.0 93.0 100.0 
95.0 101.0 93.0 
81.0 82.0 87.0 
106.0 79.0 93.0 
110.0 88.0 79.0 
96.0 86.0 95.0 
85.0 102.0 71.0 
80.0 97.0 77.0 
100.0 87.0 96.0 
97.0 99.0 78.0 
106.0 102.0 91.0 
76.0 79.0 66.0 
97.0 98.0 93.0 
102.0 101.0 80.0 
95.0 90.0 98.0 
99.0 89.0 93.0 
102.0 85.0 89.0 
102.0 90.0 94.0 
98.0 106.0 93.0 
95.0 86.0 80.0 
98.0 86.0 83.0 
80.0 91.0 112.0 
81.0 83.0 99.0 
74.0 94.0 99.0 
89.0 89.0 95.0 
90.0 95.0 82.0 
90.0 75.0 101.0 
89.0 100.0 97.0 
104.0 98.0 78.0 
88.0 89.0 86.0 
89.0 88.0 94.0 
85.0 89.0 93.0 
91.0 82.0 92.0 
82.0 90.0 102.0 
74.0 84.0 80.0 
78.0 91.0 90.0 
75.0 89.0 90.0 
109.0 96.0 96.0 
93.0 101.0 77.0 
107.0 87.0 86.0 
83.0 92.0 101.0 
95.0 94.0 107.0 
92.0 84.0 82.0 
82.0 75.0 98.0 
98.0 83.0 78.0 
91.0 103.0 81.0 

Icoords
15.7943 58.8284
67.1861 52.2167
69.8744 42.6918
3.5168 18.9236
53.3513 32.4203
79.9414 1.025
58.9745 40.0222
32.9088 45.2843
87.6575 95.8108
7.9705 56.8696
53.7536 76.9475
92.5951 39.1851
63.9882 10.3789
26.7623 60.2468
86.4631 17.6623
87.069 46.9424
73.0225 50.1382
68.4616 46.3709
82.8446 0.8493
11.4209 95.8499
12.7931 65.7953
85.8818 63.3542
63.6845 88.934
25.2354 20.9614
40.4126 32.9757
35.8271 77.8847
27.9836 11.3662
97.9849 96.5453
5.4445 75.1749
73.7658 82.1421
59.5899 43.7887
52.3395 2.28
42.7537 42.0771
5.67 76.0186
27.454 28.0709
93.7098 44.0103
4.0231 73.7028
50.6175 83.0853
23.2911 26.5502
98.7584 3.9119
77.5686 10.9817
8.3517 70.1128
60.8565 53.2327
23.5803 97.8691
70.341 13.3941
51.7507 59.6641
25.5554 87.5923
23.2698 24.3754
82.0932 74.092
35.8234 27.9047
74.3694 84.7183
12.3603 11.4544
85.2496 72.7506
88.331 96.8081
47.4493 85.4097
27.9132 24.7942
13.5286 47.5391
93.9333 7.6824
85.0556 94.5165
76.1426 72.6608
34.065 30.3253
97.3586 53.5857
39.26 13.5783
8.2597 30.6954
30.198 10.2709
60.5401 45.2927
10.5887 22.5371
49.047 21.5285
42.3272 93.7471
67.4681 35.9793
91.2548 64.1871
70.4641 78.6209
69.0605 14.8407
29.2056 78.3515
27.4297 47.0037
57.388 86.5697
78.3346 85.7548
34.0203 99.453
5.0024 16.4452
42.0003 14.457
49.9817 42.4681
95.2569 3.7838
13.2327 98.6748
54.4459 3.1877
74.5464 43.6361
30.0875 48.6054
49.5658 44.0551
45.3914 89.81
93.2252 22.3273
18.1179 71.5034
1.8937 25.0939
75.9731 36.0644
42.807 63.0353
3.4939 42.4414
8.8432 40.1816
20.9436 5.1917
4.9828 68.3909
75.9719 16.3613
37.2258 36.9517
6.5861 13.8445

Jcoords
19.0799 51.0774
90.5354 93.8612
18.6642 69.825
42.3802 17.4942
67.689 64.959
4.8167 21.2429
72.4218 97.9506
0.8274 10.6011
37.8165 54.8138
63.4458 77.7785

C
3.205 29.4682 4.2107 15.6923 18.1222 15.1494 24.3993 16.1942 8.4034 20.2612 
16.8708 15.9559 19.8265 14.048 4.3957 21.9565 15.269 26.1069 8.9691 9.7988 
15.5527 19.419 22.0748 14.582 8.538 24.4759 20.2241 28.8647 10.8406 12.4741 
12.3956 38.8269 20.048 13.0903 27.6735 0.9119 41.782 2.86 15.3898 29.0879 
15.1556 24.1735 18.084 6.9485 10.7775 17.1379 25.9209 20.2307 9.6944 14.4655 
30.2354 33.722 30.247 12.349 22.2112 23.7516 33.7732 24.1146 23.1881 29.9579 
14.4769 24.6511 17.7414 9.8602 8.6115 21.507 18.4115 26.0015 7.7963 11.7292 
5.0407 29.1227 8.8758 9.034 13.8579 11.111 24.7891 18.473 3.802 14.724 
24.7926 1.2726 25.7152 30.7393 13.9945 40.3925 5.4248 45.5966 20.4256 11.9971 
4.7283 28.3361 5.7149 17.5126 20.5741 12.9366 28.5086 16.5684 11.5179 21.4137 
17.2136 15.0439 13.5773 23.2198 5.9468 26.352 9.5935 29.5944 9.396 3.4261 
26.6457 21.8203 31.7954 18.2313 10.8313 35.3715 20.025 36.5338 19.1401 15.2107 
23.8486 29.8984 26.5002 7.5756 21.7071 24.0281 26.8769 23.2812 16.2341 25.3363 
4.5337 27.4302 4.9268 16.4631 13.6774 16.0085 21.0626 20.9428 4.0511 15.6491 
24.5647 25.2807 31.0436 13.754 17.0928 27.7865 25.9681 32.8496 22.8254 22.1568 
25.0935 18.24 23.0385 16.4357 8.5919 30.9881 19.8055 34.8607 16.0855 14.2716 
18.1922 15.5995 18.5292 16.0555 5.6972 24.6222 18.1223 25.525 10.8463 11.0018 
19.2519 17.8843 17.1628 14.2688 6.5468 22.2247 15.7522 29.2959 10.388 10.8521 
26.4619 36.6597 34.7848 16.1103 25.099 29.0659 37.0226 26.4056 25.084 28.982 
15.035 27.2161 9.5738 29.774 22.7168 25.6004 21.2775 29.8089 18.5411 17.9872 
6.0753 29.4659 2.2168 17.1854 20.204 17.181 24.2735 21.6587 9.3868 18.9934 
20.8516 11.054 24.1751 22.4523 6.4251 34.3569 14.1659 32.1976 16.1637 10.349 
20.9853 9.0306 15.6994 22.6405 7.8852 32.8869 4.6493 30.3211 14.8534 3.9143 
10.8907 36.6326 16.2702 5.8266 19.2408 7.4903 34.3678 8.8404 11.5386 22.0681 
10.4357 27.2708 14.2657 5.6728 13.3671 12.2709 21.9974 15.11 8.6296 18.589 
9.9788 17.554 5.9159 18.9464 10.3805 24.8872 12.9796 29.6771 7.7088 9.222 
16.0062 32.5183 20.1211 4.78 25.5456 9.0362 38.2574 8.2452 15.5601 27.6078 
31.4639 2.8363 28.3995 33.4791 14.4518 41.2453 10.2381 46.6844 23.644 14.8114 
8.6995 26.5799 4.8702 22.5479 21.3201 16.596 25.1282 24.6654 11.7941 18.6952 
22.3649 6.2604 21.1787 22.3281 6.5668 33.7338 5.7497 37.8223 14.0259 3.5059 
14.1304 20.8847 16.0311 10.2762 7.8381 20.6423 17.6669 22.6823 7.3607 13.2145 
19.3934 38.2819 22.8159 6.1607 21.4179 20.2159 37.5577 17.3133 18.2971 25.1826 
9.4647 24.2032 12.1665 9.2368 11.9364 15.9492 20.8004 17.5419 5.3233 14.1331 
9.1069 33.4482 5.2253 27.5166 21.7215 20.127 26.3344 25.7794 12.435 18.4506 
7.553 34.3621 14.3284 6.0552 16.9816 8.6303 27.7132 12.3849 9.9951 19.6322 
25.5702 17.7479 27.2527 20.7293 13.2252 31.4103 21.6879 30.4219 17.1922 17.4716 
8.5446 31.7034 5.9645 23.545 23.4112 18.3316 25.1889 23.5861 14.6146 23.5986 
15.9473 15.228 11.9147 23.3818 8.0576 25.734 8.6927 32.9502 12.1035 5.0783 
7.7794 28.7433 13.8877 6.8075 21.1107 7.6483 27.6133 8.6782 10.9442 25.5739 
34.9071 34.9736 34.303 19.4097 23.632 34.9056 30.9866 31.4797 26.6399 29.4826 
22.536 28.4883 30.8479 13.9601 18.9535 28.8892 34.3344 28.5174 22.764 23.2471 
6.566 27.5288 3.2621 19.037 23.5741 16.0173 22.3471 20.9109 12.782 19.0682 
16.1054 19.5973 18.0988 13.695 5.2224 21.6361 15.1085 24.1644 8.3901 8.1525 
15.9638 20.2432 9.501 28.5521 18.3095 29.852 15.6244 29.5538 13.9808 15.0532 
23.0565 32.5793 24.5545 9.337 17.6379 20.339 27.3708 25.7964 19.1484 25.7003 
11.6306 16.4276 11.5949 14.9337 6.1603 18.8515 16.3207 27.9529 5.3425 7.7708 
14.6558 24.2652 6.4374 22.0664 14.6784 27.6114 14.4088 28.796 13.0537 14.8343 
9.8168 36.7404 13.9377 6.7658 21.6843 6.8523 34.7295 10.4961 11.9661 22.1535 
20.8767 6.8208 23.7443 24.4274 6.2662 35.7909 9.1727 38.1777 19.278 6.6358 
9.2799 33.8153 16.3972 4.7946 15.7318 11.5947 30.3162 15.417 10.3911 17.4286 
21.2604 6.829 20.2451 28.2453 7.0458 35.5937 4.4177 36.1682 16.7939 4.2203 
12.1892 40.8122 20.0906 12.1598 23.4289 4.0979 34.5503 3.6023 16.713 33.42 
26.2152 7.162 26.3399 24.7364 7.5713 33.8112 11.2119 32.1728 18.6161 7.8875 
26.4151 1.3473 27.934 31.8622 13.0749 39.2391 6.3689 49.0236 20.4429 11.0711 
14.2785 14.5728 12.9722 25.5255 9.2505 28.2808 11.1275 35.1619 10.1683 6.9813 
10.9109 35.6511 14.6233 5.3653 22.04 8.5503 31.8466 11.8372 10.6118 20.9059 
2.36 33.5378 7.3367 14.425 17.5515 9.2496 23.7063 12.2104 8.2832 18.1331 
27.7651 34.162 34.4455 19.4275 23.0087 28.9628 35.1975 28.2436 24.3961 27.3652 
25.2143 1.9377 23.7436 30.5286 11.6387 35.6409 4.9318 37.4759 21.4311 9.0503 
24.1653 8.187 21.3792 25.0434 3.695 29.4996 9.1665 32.6145 12.9581 4.3204 
8.7951 25.7393 13.3462 5.1726 16.7741 10.1801 26.3248 14.308 8.7354 17.7372 
29.5262 15.8986 29.4653 21.795 11.6359 33.6148 19.207 42.0669 22.3688 15.7258 
13.265 35.8178 22.2884 1.9828 23.0657 13.2181 34.6847 15.0606 14.6435 21.0068 
7.4559 41.4595 12.5476 11.6487 20.9776 3.9707 32.0219 6.616 12.5775 22.1688 
14.0839 31.041 19.9331 4.9867 24.4202 10.7481 34.022 9.4579 16.9823 25.3671 
15.7652 22.731 18.6026 11.7345 8.1358 20.9083 20.4591 25.0062 9.0642 12.0612 
9.9037 40.1554 18.7716 12.1449 26.3481 2.2632 36.1416 5.2687 15.9957 27.6694 
15.6978 28.8434 20.5068 2.9868 16.3433 16.8034 30.8399 19.3814 13.9742 22.1107 
14.9371 17.7455 10.7237 29.8225 13.3515 24.5306 11.0911 31.7718 15.0621 8.5174 
15.4044 23.5466 22.8479 12.144 9.3549 20.1901 20.6028 25.5074 11.3146 15.8731 
22.2488 11.3626 28.6213 26.7064 8.2147 37.1402 15.1086 34.687 18.7122 12.0282 
18.6854 9.937 18.8151 25.744 4.8208 29.0773 7.2566 30.5759 15.0836 2.4705 
19.3044 32.206 26.5973 10.5532 19.3078 23.4812 30.5845 22.1775 16.2961 23.0698 
8.9927 24.3616 4.5013 20.1371 14.5223 22.9764 15.7448 25.6574 9.9852 11.6262 
3.4366 30.6697 8.4513 11.866 16.0546 12.5765 21.125 17.6605 5.1852 16.9787 
20.0535 11.6142 16.7575 23.5246 8.7645 30.7824 6.3092 34.2762 14.0444 3.9929 
22.0454 5.7831 21.0478 27.5042 8.5622 32.8639 5.1124 41.7699 15.5951 5.7783 
19.8369 21.3194 12.2939 32.6241 19.0301 30.3383 13.8966 28.9576 17.2302 12.1188 
12.9685 41.3354 22.0015 11.9394 24.2714 1.9119 33.6261 2.5037 19.917 28.5759 
15.1941 30.0779 22.1292 0.9596 19.2191 14.537 34.239 15.1807 12.4235 23.7534 
12.4497 22.1866 15.3318 9.7868 8.8623 19.6721 18.972 21.9325 6.7405 13.3135 
28.8718 32.2198 32.8581 21.2547 24.5049 29.1528 32.8381 35.3991 24.5331 30.7593 
15.1586 28.03 9.5996 30.0339 24.4346 26.9414 18.6933 35.4794 18.262 20.6347 
21.1759 33.5618 29.1427 6.876 21.0751 20.0895 34.887 19.8923 20.1441 27.4306 
18.3 18.0053 18.9402 15.183 8.6077 22.9525 21.7044 31.0447 13.2495 11.4777 
3.5921 23.0538 9.1335 11.5241 12.5718 11.8891 23.5165 15.4298 3.904 15.6655 
10.1768 19.9666 15.5676 9.1545 10.6737 19.9909 19.629 18.6508 6.0458 13.5515 
18.6126 17.3823 11.5103 28.3434 11.6524 24.8579 9.2678 33.2365 12.7257 7.5502 
28.6764 25.2622 31.7726 17.6461 19.7686 27.3026 29.0828 35.3369 21.0096 19.2664 
6.7215 27.8226 0.6661 18.408 19.5205 19.6889 21.4366 19.5815 7.9623 16.9038 
9.6824 39.4455 17.1547 16.2797 23.9637 1.7081 32.5499 4.6967 16.6445 28.8838 
20.812 21.5227 19.9807 11.5344 10.3462 25.6137 24.6588 26.8178 14.4209 15.0481 
9.6077 18.2953 9.4775 13.9999 9.3686 22.0042 17.7593 23.462 3.1498 9.2197 
7.1203 33.4018 11.7988 15.0476 25.2731 7.2916 26.9572 11.1544 13.1673 26.6673 
5.8351 37.5654 11.0765 12.2442 24.8821 5.9132 26.7247 9.3628 10.4873 20.0806 
16.2799 40.2515 23.7481 8.9299 24.5385 8.2185 42.3389 6.8971 17.0707 33.2505 
6.8834 34.5004 5.4131 24.0951 19.8134 15.5024 28.3044 21.7271 11.5579 19.6524 
22.1737 25.6599 24.4371 13.162 15.6079 22.8874 30.8128 26.2647 19.0896 25.0601 
8.0991 23.5728 14.4287 6.4512 15.0504 13.92 27.1205 17.5024 6.4982 17.3318 
13.6749 36.8684 21.8652 12.1252 25.9862 2.7963 33.5487 2.3007 18.7773 29.005 
2.6384 32.3655 3.7606 19.1719 17.1294 14.2057 25.067 18.1888 7.9042 18.6766 
14.7006 17.3309 19.0574 14.3936 4.9377 24.9858 16.7881 23.851 11.0389 10.1476 
15.9131 21.9905 23.1412 12.3108 8.265 22.0988 18.0335 23.6643 12.4446 12.6275 
11.2132 35.8526 17.7219 14.8325 23.8036 0.8558 41.5409 2.9204 16.7501 32.4646 
14.9527 28.1378 16.4873 7.2671 13.1812 18.134 27.1835 17.6883 10.4002 17.5277 
29.7311 36.3103 28.3859 12.3408 20.1737 23.915 32.4996 24.3856 25.634 26.645 
13.4461 19.958 16.3979 9.1299 8.9575 18.1365 21.5752 22.5411 9.3324 12.6607 
4.6569 27.8415 9.798 11.0804 13.9778 12.4384 22.7612 18.7848 4.1129 13.3952 
26.9787 1.1867 28.7231 33.0822 12.2305 44.5165 6.0495 45.5358 22.1423 10.545 
4.8774 34.5878 5.2244 16.9426 19.8389 10.9301 26.7125 16.0487 9.2323 23.4471 
17.0968 15.1451 14.1537 19.0069 6.9799 28.9768 10.8243 28.0667 8.8696 3.7034 
25.9754 18.1872 30.723 17.7883 12.0105 29.6554 19.9318 35.7169 20.4104 17.803 
23.3395 30.643 27.9877 9.0406 20.4817 18.2828 31.7069 22.3022 17.0128 23.7524 
4.6318 24.1429 3.8782 13.7049 14.7692 15.279 19.8369 22.1246 4.6054 13.9415 
22.6242 24.1895 32.1899 14.2565 17.505 25.7679 29.587 31.8357 24.3863 23.6889 
22.9683 17.1673 27.4313 20.7814 10.2245 26.2227 19.2112 28.5624 19.1879 14.6911 
16.2122 17.752 19.7606 16.7181 5.5886 22.8148 14.6604 26.982 10.9529 9.8931 
18.4433 19.204 18.3738 13.9809 6.8965 21.8757 20.5167 28.3777 12.0854 12.6459 
30.8289 35.4371 37.3004 16.4034 23.6497 26.84 29.9032 27.1242 26.834 30.6798 
16.8564 26.5988 9.0362 30.5238 23.1469 29.9145 21.2043 31.6472 18.0971 18.3287 
5.8816 30.8545 2.7323 20.482 18.1946 16.8868 26.5836 20.066 10.1247 16.8072 
23.2968 11.6064 22.5207 21.2829 6.6954 30.8491 13.1859 31.7672 17.101 10.365 
20.3242 8.561 16.5993 24.1091 9.1443 32.8151 4.4195 34.1677 16.3477 3.8953 
10.7247 37.7777 16.497 6.5542 23.0865 6.2119 29.916 8.9544 13.8861 24.3755 
9.5936 23.6904 13.7137 5.6369 16.5113 13.0317 25.6045 17.0016 6.9428 15.6672 
11.1325 22.5979 6.826 18.6062 10.3839 24.3448 13.2634 25.0204 8.8458 10.8542 
14.9684 36.7112 22.6251 6.1459 24.9853 9.4693 31.9801 8.7614 13.9475 29.889 
33.2944 2.6962 31.1951 36.8521 16.6314 41.2693 9.1833 50.3943 27.7519 12.1502 
8.7992 31.5456 5.2852 26.5479 20.6957 18.9422 22.1357 23.9663 15.1059 17.5689 
20.3082 7.7232 20.9811 22.8455 7.2248 35.3253 4.8025 39.3343 17.4217 3.9328 
13.0067 20.2901 14.8088 10.2793 7.2737 23.6513 18.0064 26.8327 8.8788 13.1597 
20.663 37.6567 24.6725 6.5299 21.6115 17.0282 35.7688 19.8284 19.6379 26.457 
8.8214 21.6314 13.8531 8.0321 13.0329 13.8198 24.0901 18.0085 4.1254 16.3159 
10.5511 27.291 5.2253 24.3801 24.2792 17.7823 25.4631 22.4143 13.2052 20.7858 
8.8604 31.0626 13.923 6.4357 18.1115 8.4269 28.1204 10.7034 9.1749 22.7621 
24.4157 17.8778 31.2288 19.129 10.6363 34.466 18.1332 38.131 18.678 17.2721 
9.9823 35.3365 4.9482 24.2935 20.0181 20.5404 25.4356 24.9066 13.4842 18.2022 
14.1634 14.0372 13.6548 22.4828 9.2328 30.1898 8.5555 32.2731 11.7963 4.1689 
9.6633 31.474 15.9158 6.7336 19.285 7.4388 33.0909 11.0117 11.0586 24.4218 
34.0738 30.5477 33.8052 20.6971 26.098 32.3932 32.676 32.4318 24.766 27.051 
21.9333 29.7382 27.4009 12.246 21.6643 23.4008 32.3306 23.9205 20.5627 24.5989 
8.4364 29.4963 3.943 21.1362 19.8158 16.9532 25.6373 22.8365 10.521 17.6442 
15.4152 15.2955 17.26 14.214 4.7989 22.0813 14.3833 25.0406 7.3093 8.3326 
14.9202 23.7445 9.7088 31.4824 19.2836 29.7652 15.307 27.1819 15.5589 16.1514 
21.396 30.3974 29.1303 11.222 16.7601 20.7019 26.1866 25.0034 20.1069 25.3895 
11.9785 18.5683 12.2041 13.8062 5.2752 19.2457 16.0684 25.8457 5.7895 6.8049 
12.8461 20.8771 5.8448 23.2847 15.1519 23.941 18.5606 30.8014 13.1727 13.2804 
10.1979 29.1292 18.2181 7.4767 19.3197 6.5192 35.0392 9.5982 13.4909 20.7769 
24.231 8.5125 21.2205 21.5788 6.1554 29.5745 9.927 32.0726 17.1097 6.2594 
10.3949 26.497 14.7937 4.7823 15.9517 11.341 26.3489 14.3004 8.4483 19.4184 
20.5744 6.036 22.2344 25.5131 7.3399 29.2753 5.3245 35.3224 17.5259 5.0058 
13.7405 37.6544 19.9497 9.8601 28.0239 4.8493 32.4548 3.511 17.7538 30.9085 
26.7165 8.7049 26.04 25.3378 7.675 28.8637 9.2523 37.0999 18.1039 8.2008 
27.4856 1.1519 23.0629 33.9155 14.1414 44.2397 6.1472 42.1694 20.1604 9.4076 
14.6927 16.4872 12.7692 26.193 11.2732 26.8941 10.6413 27.3433 10.2901 5.4961 
10.7945 28.0995 16.8253 6.0248 20.6663 8.8354 26.8286 9.2166 12.4326 20.1659 
2.3916 30.8688 6.9754 13.4711 18.6324 9.6485 25.0862 12.9682 7.7127 19.7148 
31.7538 31.3848 34.0942 17.9267 24.9933 34.7229 33.388 32.3981 25.8104 29.1998 
28.5872 1.9973 26.4707 29.3134 12.578 39.5853 4.9449 38.6292 23.8253 8.2302 
18.4672 9.3708 21.4943 23.6398 3.8048 31.9615 8.5147 31.1214 16.2981 4.7817 
10.1082 26.6658 16.7464 5.5181 17.1458 10.6088 30.4608 14.4433 9.0153 19.3669 
25.6573 12.7818 26.7333 20.4468 9.8184 31.5463 16.6369 34.5961 22.2378 16.6298 
14.0741 31.3311 19.6948 1.7489 20.4585 11.5385 36.0808 14.3359 15.0354 26.8451 
8.6535 34.3024 12.8229 14.4548 25.56 3.4184 34.4851 7.4023 14.607 23.5471 
16.4185 34.3296 22.6264 5.1906 24.2544 10.1923 35.7542 9.4668 14.1625 26.4206 
14.5009 21.2411 16.3846 13.2785 6.6731 20.0162 16.5994 23.0933 9.5101 10.4467 
9.2129 41.8268 14.8571 10.5966 22.6206 2.1106 29.2663 5.1145 15.0624 28.2504 
14.107 25.2244 21.1972 2.9486 17.7518 17.0157 31.8069 16.133 12.2318 19.0333 
15.8457 15.147 10.9458 26.0099 13.7121 25.0612 9.1829 36.0 15.5089 10.3125 
18.4457 23.422 23.5962 12.0973 11.4705 22.2368 20.7955 23.525 12.242 13.8155 
26.9509 10.1931 27.9806 23.5295 8.1393 37.3139 13.9334 33.7725 17.0195 11.0965 
19.659 7.9511 20.9062 24.587 5.5011 34.2476 6.1394 34.6839 13.0148 2.2705 
22.3171 28.5948 28.7976 9.3171 16.3647 20.3758 28.53 27.1134 18.5284 20.5802 
10.0517 24.0516 5.4151 23.0014 14.5671 19.2195 14.7863 27.2146 9.1932 10.455 
3.4663 28.8855 7.9428 12.0446 14.4368 11.6442 23.5447 15.041 5.1709 14.3731 
15.9175 12.1878 14.4034 27.886 7.8644 28.1578 6.245 29.8342 11.5936 3.4196 
22.2034 4.8105 23.8703 24.6496 8.0226 36.6002 4.9769 38.639 17.0582 5.8442 
19.1635 22.0861 10.1081 27.4257 16.0319 32.9096 11.8367 35.8721 15.259 11.0955 
13.604 42.1429 20.2273 14.8 27.9415 1.5758 40.1101 2.6948 15.6105 28.2286 
15.6131 36.6109 22.1172 1.0373 18.9755 13.4371 35.3142 15.3834 16.1481 21.5004 
9.768 24.8772 16.2924 7.9125 10.9662 16.0341 17.9546 18.7105 5.9103 12.6711 
31.1941 28.7832 39.1992 17.8898 21.472 33.2241 33.4582 29.2831 24.0029 24.3964 
18.669 24.8157 10.9236 34.1914 19.7847 27.6502 19.6108 33.3448 17.8547 20.1832 
23.4917 33.9717 24.5516 6.9153 19.7169 20.3641 37.742 20.1413 21.2397 26.8671 
19.7495 17.2832 19.8227 13.0524 7.5886 28.8555 20.128 26.1977 13.8023 12.3178 
3.494 24.9415 9.054 13.1264 15.9259 13.8111 24.6998 17.0701 3.4837 13.4896 
11.6721 25.1388 15.3302 9.9937 9.7275 18.6749 22.3512 23.6047 6.2529 11.1994 
16.9597 16.2038 12.0476 27.113 11.3986 30.7935 9.2734 31.746 13.2663 6.5435 
26.076 26.2787 30.4907 15.736 19.2915 31.2371 27.624 30.5775 23.6431 24.6605 
6.1673 24.9199 0.6367 18.4849 16.8004 15.9768 19.099 24.1271 7.8126 14.6844 
12.1746 42.8448 16.5815 16.1726 27.1717 1.5602 32.5905 4.7941 15.5815 25.8293 
21.6181 21.0518 23.2732 12.7243 9.6068 24.24 24.6092 31.2689 15.2541 14.6997 
8.5688 21.3748 8.4543 14.9381 8.3154 17.853 15.2413 22.2463 2.9103 9.9933 
5.9282 32.0573 11.636 16.7709 25.0214 7.2215 27.7183 9.707 11.6021 22.7633 
5.7379 34.9457 11.0578 14.6412 22.1238 6.1203 26.5272 12.1639 12.7367 23.3423 
17.4463 43.2273 20.0811 7.5433 26.0029 7.3584 40.1429 7.4762 16.5413 31.9384 
8.06 31.1441 4.7239 20.2487 23.8954 16.6245 27.303 18.8997 11.4549 18.711 
25.0595 25.7466 25.1347 11.2764 15.8741 22.5379 31.2211 29.8521 19.0084 20.5407 
9.0121 26.0915 14.2701 6.3325 13.0889 12.3425 21.9584 13.8761 5.417 18.1373 
14.2915 36.4973 20.7942 12.1036 31.6662 2.4723 36.988 2.4891 18.767 33.2573 
3.0627 27.9329 3.5606 18.1496 20.4894 12.8353 23.1123 18.6129 8.5086 20.4612 
18.6031 14.8865 20.6008 13.7535 4.8242 21.0513 17.3773 29.2557 10.7057 9.9151 
15.5218 16.7095 20.058 13.9144 7.3544 21.2905 17.8012 28.2784 12.7188 10.7333 
11.1489 35.5999 20.5419 13.1681 26.7257 0.8218 37.3679 2.6702 19.7138 25.4509 
12.4866 22.6797 16.926 6.691 11.638 15.569 26.1939 18.0637 8.9203 17.0351 
28.9982 34.5069 32.1265 15.9705 24.7891 24.304 36.5147 29.6611 24.2949 27.5085 
13.3177 20.7568 17.4506 9.3061 9.3564 20.1312 19.4284 19.8041 10.2514 14.8012 
5.612 29.8387 8.7282 10.4403 15.4323 13.6105 21.2139 17.9722 3.5201 14.7419 
30.4585 1.1377 24.1596 28.3239 13.2668 40.2699 5.5187 45.3168 22.6521 10.2371 
3.8388 31.575 5.4781 16.3203 21.0924 13.3658 25.0539 15.4401 10.6234 20.5303 
13.7787 13.0723 12.7072 19.4427 6.16 25.8477 9.0792 33.0147 8.4823 3.5847 
26.1616 18.7016 30.811 20.2333 11.351 29.8615 22.8085 33.2082 17.397 19.1185 
23.3819 33.8931 28.6605 8.3741 18.6928 20.6772 30.7567 19.321 17.1417 21.9393 
3.6401 26.7886 4.5004 14.7153 15.2759 16.908 21.9094 19.8505 4.8949 15.6776 
27.9569 23.3578 28.2121 15.2836 17.5101 27.5004 25.0308 27.6167 22.2255 23.4893 
24.0036 15.85 22.5985 18.7745 8.9385 33.9955 16.3348 30.7055 17.3175 15.1805 
19.924 15.0484 20.0728 16.4092 5.2704 26.2519 17.4529 25.7473 12.0361 10.8906 
18.8005 16.2608 17.2344 13.8564 6.1728 24.9891 17.5059 29.4642 12.3206 12.5187 
28.824 32.3759 28.7737 14.8239 20.1846 28.1949 31.5341 29.7755 25.1121 30.418 
16.0525 26.6225 9.8737 28.148 24.2895 23.5781 20.9968 29.1216 15.4867 19.2209 
5.7104 32.6315 2.226 22.017 21.928 17.1131 24.9916 22.5849 8.8157 19.6648 
24.7027 11.8841 21.7306 21.0743 5.921 33.2242 13.6574 39.3237 18.4044 9.8902 
17.5862 10.8815 18.9078 26.7928 9.4628 32.9497 4.1207 31.7172 16.6346 3.5706 
10.8261 37.9049 19.2727 6.584 22.8297 7.0288 36.0383 8.8961 11.6976 25.9435 
9.5432 28.2565 16.1613 4.9018 13.7034 11.8061 26.4447 16.8516 8.4383 15.7528 
9.8239 17.8503 6.8829 22.506 13.1759 19.6179 14.5989 23.0788 8.6999 11.0144 
13.5521 36.9286 20.1447 5.5999 25.3788 8.6231 34.0044 9.8834 16.7673 23.9338 
33.012 3.1412 27.7634 31.9424 16.9334 43.6292 8.5535 46.5288 29.253 13.1211 
9.5357 27.8431 4.5108 21.6301 20.0901 20.0209 21.8669 21.3055 13.0752 18.0391 
19.2831 6.2808 20.998 22.1987 5.6118 36.7328 5.9972 33.1737 16.4147 3.4925 
14.7931 19.0305 16.6132 12.476 8.2892 18.4863 17.5388 24.113 9.4621 10.4265 
21.4544 32.4175 24.2574 6.7426 20.9984 18.3227 35.2116 19.0561 19.5561 27.5635 
9.4469 24.2032 11.461 8.069 10.5286 17.1178 22.5908 19.3507 4.8808 15.763 
8.5066 32.5723 5.3462 26.4665 20.2978 17.6837 21.8025 21.3648 14.0524 20.3061 
9.6635 36.2671 15.762 6.8345 18.237 7.7885 30.6549 11.6302 11.2829 24.2104 
29.5957 15.535 29.705 20.4058 12.938 32.4655 22.7085 36.0778 20.7843 13.7623 
10.3111 28.8075 5.7176 26.0152 22.5629 20.1259 28.977 20.5091 13.8094 23.0685 
13.5523 14.3308 12.4163 25.517 7.8061 29.3048 8.1438 35.1487 12.2245 5.0866 
9.1805 37.3825 13.4307 6.5519 18.6451 6.4239 30.5255 8.3889 9.8193 23.0875 
30.6479 29.2922 36.8859 18.7428 20.9743 30.3012 37.6761 33.541 29.2681 30.9318 
25.6775 25.5186 31.7971 12.4285 18.7011 23.1804 31.9822 27.4123 18.4384 21.3082 
8.2048 28.1789 3.1187 18.8052 17.9992 17.0463 25.8748 21.5588 10.2222 19.363 
15.5574 18.259 15.6279 13.1559 5.4083 22.6685 14.7251 24.6872 7.7735 7.4071 
17.0215 22.5908 10.4406 29.3197 18.7883 24.8662 18.4231 34.8567 15.577 16.9817 
22.7575 28.116 23.6363 9.9729 18.4175 23.731 27.9882 24.9407 17.9688 25.1629 
10.9381 18.6251 13.3878 13.1971 5.6397 19.7249 13.0792 23.1939 5.6553 7.1585 
14.5075 20.0284 7.4112 22.3692 18.495 23.2597 16.5255 27.2676 13.8552 15.2414 
8.8087 38.075 17.437 6.6561 23.9165 6.712 33.2253 9.6903 12.8601 22.207 
20.7895 6.6101 25.3209 25.6028 5.7631 34.3398 8.6784 35.7748 15.6078 7.4246 
8.7453 26.2056 15.822 4.4169 19.1723 10.6719 29.8974 15.1203 10.2562 19.8345 
22.5613 7.4252 22.8283 28.5654 8.0512 34.9722 5.2804 38.0894 17.951 4.1931 
13.8088 39.3923 18.4643 11.1799 23.9061 4.4946 33.2445 3.637 18.7242 29.929 
26.0411 7.5276 21.5212 24.9602 6.5243 36.9249 8.551 40.1924 18.9001 8.4022 
25.4026 1.1122 26.5668 31.0464 13.5418 39.1152 5.2891 37.5999 19.8188 11.0303 
17.2179 15.0865 11.5843 21.7525 10.7725 25.7231 10.8593 27.9515 11.9902 6.5471 
9.5329 36.8351 17.7723 5.4674 19.0723 8.1624 32.7029 9.5682 10.479 21.4928 
2.2975 33.7355 7.6409 14.2667 21.9379 9.2469 25.8072 12.5932 9.2897 21.1913 
34.5917 32.2646 32.7765 19.5587 21.6541 28.3137 29.8525 28.551 28.991 29.6813 
24.7008 2.1115 25.2666 34.5615 12.1289 40.3025 4.7512 37.9039 20.1969 9.6981 
23.9823 9.2991 19.8772 23.1418 3.6995 33.3948 9.325 31.8241 14.9621 5.0925 
10.1057 31.324 14.6435 5.5747 18.8497 11.105 26.9778 12.8278 7.8832 19.953 
24.6078 12.7164 30.3732 23.7022 9.8915 37.438 18.6115 39.8267 20.3916 15.0551 
15.637 32.0455 20.737 1.7124 20.5877 13.1228 33.7963 11.7185 13.777 24.4782 
7.7212 37.2171 12.8351 13.2658 27.275 3.5643 34.606 7.1752 12.074 26.6737 
15.8433 35.3811 20.5215 5.5206 21.2375 10.2559 34.9562 8.9292 15.7486 27.4214 
12.5627 22.7138 16.3215 12.4949 7.8156 22.0918 17.7546 25.5794 9.8082 10.5707 
9.9633 36.8663 16.3346 11.0376 25.9142 1.9887 36.3464 5.0344 13.234 28.3651 
15.4705 27.9595 19.6623 2.5754 17.0854 16.0427 29.3455 18.1503 11.6487 17.5004 
18.149 15.7979 10.4747 28.5796 11.5483 24.8163 11.6958 30.6846 12.9496 10.4634 
19.7636 23.9142 21.8858 10.9567 10.8184 22.6938 23.0212 22.7905 12.8954 15.6253 
24.2734 10.4424 26.7064 25.3951 7.5286 30.2681 15.2478 34.5294 18.5386 9.7284 
18.2132 7.8655 16.477 21.4589 4.818 29.2691 7.107 37.7016 12.8329 2.4239 
21.4651 29.3727 25.6575 9.7461 15.2216 22.7839 33.0715 24.8369 16.9353 19.6135 
10.1622 22.7485 4.9284 20.4983 15.4839 19.294 17.3962 24.9669 9.4288 12.222 
3.3957 29.9152 7.5761 12.7757 15.7637 10.9586 26.6305 16.3575 3.9363 15.169 
15.8966 11.1934 15.2471 22.6552 8.64 31.7719 6.46 31.7095 11.5787 3.4644 
25.2929 4.686 22.9068 25.5986 8.2445 30.986 5.2154 33.5865 18.9445 6.4438 
18.3028 21.9384 12.5342 31.133 17.1695 25.2958 12.9973 28.967 15.2993 11.4646 
13.7087 39.0973 19.8361 13.8951 31.2786 1.8067 33.8694 2.4498 19.4223 27.7541 
15.5742 35.8385 21.5043 1.2091 18.3692 13.0818 29.8313 14.0022 12.2936 26.0198 
12.8251 22.6448 16.3922 8.8653 10.66 15.2606 19.774 20.8312 5.2846 14.16 
31.2658 32.8873 35.2954 17.9389 24.1493 34.8544 38.5162 30.4949 28.0828 31.2426 
15.5327 25.4431 9.7464 29.7579 20.9183 30.3841 18.3381 28.3906 19.9011 20.1125 
18.7231 38.3243 26.4425 6.6664 21.9975 17.6179 38.4172 19.1345 21.218 23.7867 
20.3147 16.2396 19.5326 14.9343 7.6155 24.7395 20.514 31.384 14.4704 11.8116 
4.1686 27.0861 8.237 12.6815 13.4985 12.0605 20.8963 19.1278 3.4024 16.5562 
10.3801 24.4487 12.3487 10.965 10.7096 18.037 19.9685 22.5761 6.3565 14.1314 
14.1456 16.0724 10.1754 22.061 12.6841 28.6264 9.2819 28.3378 11.3579 6.7735 
30.3703 22.5062 34.0888 15.6696 18.889 27.8773 23.9768 36.4546 23.3283 19.3797 
7.2633 26.322 0.5652 20.4447 19.4105 19.143 23.1822 22.9686 9.8109 16.7528 
11.8319 34.1166 18.1102 15.5753 26.5409 1.8855 38.0054 5.1632 15.7959 26.3398 
21.724 23.7876 24.0181 11.8184 9.0747 27.1691 21.609 29.4044 14.3061 13.6239 
9.5705 20.46 9.0562 14.9791 9.6656 17.2769 14.994 25.2017 3.4623 7.7563 
6.6784 30.6419 9.4165 14.7611 22.3954 7.5486 32.4 10.5824 13.9334 27.6416 
4.5598 34.1931 11.9415 13.795 24.6714 6.9839 26.1406 11.8452 10.8282 20.4784 
18.0709 44.6137 19.9324 8.7816 28.8028 7.3539 35.1463 7.8074 20.6819 25.8232 
6.8923 32.9383 5.0899 23.4888 20.8056 18.0437 26.6183 19.9832 13.338 21.3281 
21.8471 30.1783 24.249 10.5034 15.1198 26.6176 24.6469 25.609 17.3345 20.8416 
7.8209 27.5341 14.2814 6.7753 14.3055 11.2656 24.0993 17.5788 6.2176 17.3415 
13.6239 42.1336 19.1506 14.1004 25.8508 2.6655 36.3258 2.4131 18.8598 31.1611 
EOF