I 100
J 10
bounds (0, 100)
cv 1.5
D 100
k 5
t 3
FLR 0.8
FCR 10
abounds (80, 120)

a 
108.0 81.0 89.0 
84.0 85.0 76.0 
109.0 88.0 87.0 
74.0 94.0 93.0 
82.0 90.0 94.0 
86.0 94.0 74.0 
92.0 79.0 86.0 
79.0 75.0 108.0 
93.0 103.0 84.0 
93.0 80.0 66.0 
87.0 90.0 75.0 
104.0 79.0 92.0 
91.0 86.0 80.0 
82.0 99.0 93.0 
75.0 94.0 81.0 
91.0 62.0 74.0 
78.0 84.0 71.0 
100.0 105.0 88.0 
98.0 93.0 95.0 
95.0 83.0 91.0 
79.0 98.0 78.0 
92.0 105.0 69.0 
85.0 91.0 85.0 
97.0 101.0 97.0 
95.0 84.0 80.0 
79.0 77.0 84.0 
97.0 98.0 76.0 
86.0 89.0 82.0 
86.0 79.0 79.0 
98.0 97.0 73.0 
73.0 93.0 87.0 
87.0 93.0 87.0 
84.0 98.0 103.0 
96.0 73.0 74.0 
83.0 83.0 81.0 
82.0 69.0 76.0 
83.0 76.0 84.0 
88.0 93.0 89.0 
80.0 86.0 86.0 
91.0 104.0 111.0 
95.0 82.0 87.0 
99.0 69.0 94.0 
74.0 89.0 77.0 
77.0 94.0 97.0 
97.0 88.0 99.0 
84.0 93.0 78.0 
85.0 73.0 96.0 
76.0 86.0 78.0 
89.0 87.0 82.0 
93.0 88.0 83.0 
101.0 75.0 92.0 
92.0 73.0 80.0 
82.0 96.0 96.0 
96.0 90.0 80.0 
93.0 99.0 104.0 
75.0 99.0 94.0 
67.0 74.0 94.0 
73.0 88.0 92.0 
71.0 90.0 94.0 
70.0 74.0 77.0 
81.0 85.0 101.0 
97.0 87.0 93.0 
80.0 70.0 82.0 
79.0 73.0 81.0 
109.0 90.0 80.0 
83.0 113.0 95.0 
65.0 83.0 83.0 
86.0 95.0 81.0 
76.0 111.0 84.0 
87.0 94.0 81.0 
80.0 96.0 93.0 
92.0 90.0 94.0 
94.0 80.0 75.0 
96.0 87.0 82.0 
99.0 91.0 76.0 
78.0 79.0 92.0 
75.0 93.0 84.0 
81.0 96.0 91.0 
71.0 81.0 65.0 
96.0 87.0 96.0 
97.0 83.0 89.0 
95.0 74.0 91.0 
91.0 90.0 78.0 
98.0 94.0 86.0 
87.0 75.0 65.0 
84.0 82.0 83.0 
91.0 94.0 110.0 
91.0 100.0 69.0 
80.0 71.0 82.0 
86.0 87.0 82.0 
100.0 74.0 82.0 
76.0 99.0 88.0 
73.0 80.0 74.0 
84.0 94.0 98.0 
80.0 70.0 94.0 
88.0 100.0 87.0 
85.0 84.0 80.0 
73.0 80.0 95.0 
93.0 77.0 87.0 
89.0 99.0 86.0 

Icoords
96.8111 93.2843
0.1111 97.0
61.1909 53.2726
53.5199 53.9589
69.429 14.1873
37.982 35.2002
61.6109 8.362
98.6966 44.4322
97.1083 64.1147
34.1389 24.1964
85.7891 70.7254
17.6868 34.2231
90.4462 51.0515
22.3526 26.8803
72.7046 8.2617
69.1525 3.666
77.2443 55.7805
57.2529 24.7745
41.9872 65.7734
94.995 0.5947
9.2365 76.5235
25.3393 51.8636
56.2072 33.0734
3.5359 65.4158
45.2898 78.9779
46.9353 70.1072
45.2385 49.1877
43.356 49.7444
60.5865 73.8669
48.4939 99.1625
69.569 86.6134
90.3416 41.5792
60.5991 79.5035
91.6805 45.1913
38.7361 32.9759
10.295 48.5916
70.6083 18.0738
49.4716 3.8909
54.6382 29.0841
54.6679 86.4705
49.887 93.2112
91.3343 91.8891
9.9344 85.798
88.7908 15.4031
83.0013 65.1843
2.5817 94.2452
81.6252 48.9835
11.7942 13.5701
99.1997 64.1136
81.1257 61.4444
38.8946 94.5007
57.5408 13.6581
2.7232 3.3788
43.6047 0.7206
38.3118 84.5058
10.1551 4.9446
26.5306 88.2481
36.0328 78.2862
39.8825 48.0128
16.6204 54.6707
43.3437 61.6886
80.6006 3.2778
7.1759 88.2218
51.3985 39.513
86.7628 63.2901
20.3098 57.4254
82.4768 26.6282
99.0701 11.8161
1.7345 36.8236
49.1284 89.8442
44.3636 14.3017
78.9259 51.6243
18.8245 49.5857
39.1854 30.1336
60.2222 49.0881
40.5618 44.5265
50.2845 95.5297
37.9631 60.0008
3.6586 72.7333
39.6242 17.0516
61.6971 61.918
95.853 2.2744
77.616 66.6615
50.9507 26.781
54.8507 66.2074
60.4442 22.9195
90.8679 63.2552
17.935 20.081
44.2816 15.3604
71.7656 28.1455
35.5529 11.1351
89.078 63.7307
31.9595 35.279
22.7615 92.6701
45.5868 99.4543
33.9219 95.4181
26.8873 5.9164
29.893 68.2022
87.7015 50.1869
86.4711 96.3207

Jcoords
14.5214 63.3103
87.2775 33.0139
37.3675 3.9336
35.1713 57.015
64.8043 38.5988
10.849 2.2131
34.3379 33.7547
65.5646 55.5938
50.5154 59.9876
47.4482 34.3623

C
33.3762 20.4233 40.6949 28.1712 20.0039 42.8424 33.275 17.7817 22.2173 29.0172 
12.1909 41.1869 37.3118 20.8675 26.6606 31.2127 28.2257 26.6043 24.7885 31.0126 
18.436 11.5437 17.319 8.6354 4.7558 28.6097 10.4969 1.891 4.9754 8.5348 
14.2449 14.8898 17.6735 6.5514 6.8691 22.5289 9.0126 4.8402 2.6209 6.5117 
26.2428 10.0553 12.32 21.4931 9.6699 18.7087 16.0431 12.5258 15.7525 9.0642 
12.1851 19.2244 12.2526 8.7782 9.425 14.3813 1.4987 13.3782 8.5328 3.1304 
25.4726 12.0678 8.7094 19.2421 11.8184 18.9806 12.8635 15.8259 17.2407 10.484 
32.6172 5.6923 22.7612 25.2756 11.569 29.4153 25.5082 10.6143 17.8319 15.961 
31.5745 11.4487 29.8914 20.0057 12.6255 35.1748 24.0279 13.0534 15.8147 18.3166 
13.6656 17.9587 7.362 12.7793 10.9667 12.6152 3.067 16.8761 12.1858 6.5868 
28.2239 13.9037 32.8009 16.2674 14.0253 39.5795 24.8865 8.2469 13.1743 20.2386 
11.0716 25.0286 13.6035 9.7524 14.4137 10.3696 5.3754 20.0391 14.9149 9.6487 
23.4185 6.886 21.6687 17.8518 8.9907 34.5808 19.8394 9.6138 12.3983 16.7889 
14.0851 24.6835 8.3584 11.9726 14.3436 10.321 5.0569 18.9266 14.9173 9.7469 
24.9664 10.9724 10.7373 19.6888 10.1853 22.8279 16.1869 14.4799 20.3918 12.7773 
32.1589 11.5864 9.806 19.7663 10.6839 19.911 13.8828 20.7322 21.7367 12.846 
24.1764 8.4242 21.9903 12.6568 7.3565 31.8803 16.7598 4.009 10.0493 13.4819 
20.1049 11.2645 11.119 14.1773 5.3022 18.3792 9.2639 12.3851 13.1541 5.1274 
9.7178 17.0931 19.7571 3.3927 13.207 23.2576 10.8405 9.4943 3.5297 12.3767 
31.3219 10.5007 18.6622 32.1774 17.3421 30.5002 23.8911 20.3728 29.5028 22.4057 
5.4291 34.9717 24.445 9.8365 21.0305 22.4991 16.5187 22.1254 17.1023 18.8569 
5.7723 23.6959 17.5675 3.4432 15.8128 17.5647 7.3222 15.3714 9.8146 10.6361 
20.1766 10.9368 13.741 10.6 3.4358 21.0118 7.6536 8.316 8.671 2.8189 
3.4944 31.6875 22.8422 9.8817 20.5389 20.8243 17.2935 20.0651 17.3373 18.2109 
13.0273 19.7534 27.0604 9.3946 14.1135 28.5644 18.2167 11.9497 7.8726 13.4629 
13.1813 19.8881 24.1438 6.4719 11.1928 28.0181 14.9931 7.4436 3.7119 12.7015 
11.9038 17.2019 16.6279 4.6673 7.8511 20.4983 7.4293 7.5635 4.0892 5.0604 
10.3152 18.7342 15.2924 3.3116 7.5898 18.9912 6.941 8.6421 4.7739 5.5662 
17.122 19.4075 26.1 11.9295 13.1138 29.3946 19.1221 6.7082 6.2334 15.1 
15.5929 23.4717 37.507 17.6326 24.6433 37.4718 22.2048 17.2247 15.3064 25.6642 
19.4813 17.0815 34.3737 17.0489 16.4003 34.0223 22.335 12.076 11.551 18.5769 
25.3498 3.0966 19.7693 20.9907 9.2687 29.1488 18.2819 11.0562 13.7021 15.6804 
17.5288 19.5964 25.8764 11.8572 15.7861 32.9066 17.2916 7.7338 6.8625 15.9014 
26.7971 4.3703 20.687 18.5438 10.2749 31.1443 21.6463 8.7314 13.3024 15.7882 
12.5563 17.6205 10.3622 8.8702 9.435 15.5 1.3753 10.5727 10.143 3.137 
4.9861 26.9245 18.9152 7.9605 19.5735 18.395 10.0041 20.2455 13.9039 15.7548 
24.8738 7.7943 12.1519 16.0219 8.1992 21.5286 13.1308 12.8299 16.6588 9.1002 
25.982 17.4139 4.5233 16.6641 13.9292 13.7433 11.7078 21.649 19.8112 11.7573 
20.1704 12.167 11.1451 11.8036 4.7564 17.4526 7.597 9.465 11.3735 3.4589 
16.8521 22.9056 25.4594 14.0658 17.0287 29.8778 21.5604 11.925 9.0767 20.0324 
17.9459 22.4569 29.0467 11.7884 21.6205 38.4092 24.312 16.1221 12.0623 18.9951 
26.9721 21.8886 39.3677 20.8444 18.2814 46.9097 31.1326 15.5663 20.6085 23.1248 
9.178 34.4214 28.6471 11.6907 28.343 26.08 19.5262 20.8387 16.5779 20.6648 
27.168 5.4759 20.8851 21.8683 12.0624 25.3513 17.5604 14.7892 17.9043 16.21 
25.717 12.0078 23.1359 16.5996 12.1651 36.8224 17.3849 7.6894 11.4784 16.1723 
12.186 36.3596 31.3178 17.2385 33.2817 33.2188 22.7299 27.0981 18.3409 28.838 
20.7564 5.094 20.0193 14.8218 6.9901 26.3154 19.3202 6.4261 11.3251 14.3637 
17.0666 29.1523 8.3626 15.802 22.1062 3.5021 10.4486 23.551 21.5556 13.5172 
25.5825 13.2827 32.6497 21.6904 13.3702 32.374 24.3921 13.2058 14.7114 20.1467 
23.3606 9.0814 27.4247 15.1337 8.5803 36.0097 17.6259 6.4088 10.5204 14.3736 
14.4244 23.6598 34.9276 11.3538 18.6938 33.3155 23.9098 18.453 11.3293 23.4106 
21.5681 14.0044 7.8986 15.7632 8.1516 17.0615 10.9002 14.6192 14.8825 7.3545 
21.1465 34.7817 10.9698 20.9126 23.3042 3.2729 13.5474 29.0782 27.4042 18.5044 
21.3676 18.2772 2.436 20.31 14.5805 11.1288 11.3358 19.729 21.5523 10.6119 
11.7478 22.866 31.941 10.0579 18.7789 34.6496 17.8376 15.4954 10.462 18.1297 
20.2158 32.6563 8.5179 22.3678 20.4479 0.8804 12.7023 29.8029 23.582 16.3017 
9.2669 26.2978 30.2969 10.1853 23.6024 28.7806 18.7169 16.1937 12.8658 20.9884 
10.3088 25.088 26.5853 7.9364 16.7695 24.9695 14.3718 13.8694 8.051 17.1366 
9.602 19.4522 17.625 3.3824 8.1201 20.7309 4.9459 10.2023 5.5954 5.5404 
3.5412 23.449 18.1877 7.2195 15.9949 20.9566 8.3029 18.8371 10.5639 14.1979 
10.5772 17.3864 19.1319 3.4381 11.5689 24.8187 9.8586 8.0623 2.5613 9.7654 
28.9525 11.895 13.3692 25.311 12.931 26.5296 18.6197 20.7611 20.2924 18.1011 
8.1422 36.3745 33.4403 16.5222 27.834 31.4907 22.1789 21.1563 19.7021 24.6005 
13.7636 13.0282 13.084 7.8809 4.4973 17.1072 6.0735 7.205 6.8141 2.4329 
23.3484 9.3506 27.2899 19.6869 12.3613 31.8413 20.7895 6.8694 13.7473 15.0971 
2.8355 22.0891 21.3185 4.7412 16.6006 18.2671 10.6347 16.0424 10.8646 14.1497 
26.3874 2.9048 16.9466 18.3797 6.8646 24.8818 15.6599 10.6326 16.6826 11.1383 
38.5885 8.9655 20.3967 26.5174 16.1308 28.2733 24.7286 20.9432 24.7937 20.6677 
9.7735 29.1648 17.0788 15.0734 23.6038 12.4265 10.3351 23.5459 20.2019 16.8836 
14.4431 22.793 29.6641 11.0194 20.7927 34.2727 22.5182 14.6527 10.0098 21.0373 
18.895 18.3191 4.04 17.4153 10.8273 13.6563 6.8761 14.4031 14.3412 7.9907 
22.4187 6.3113 21.3873 14.8876 5.9978 33.6222 15.5107 4.8617 9.5245 12.4143 
5.0299 25.9184 19.4387 7.1231 18.0777 16.6072 7.4563 18.3739 10.8702 10.676 
12.8485 15.9422 9.0476 8.6621 8.7068 14.4921 1.9877 13.4219 9.9595 3.5095 
15.206 12.0373 19.7476 7.9272 3.5301 25.6256 9.5219 3.2191 5.7593 7.6905 
11.331 17.98 14.2392 4.2929 8.2956 16.2918 4.4351 10.8058 6.0993 3.9877 
17.2376 26.0853 32.0983 14.6546 20.5813 32.2967 20.9519 16.535 14.0359 20.5008 
9.4365 18.4331 16.8772 1.3011 12.9661 20.3945 9.2495 9.9925 4.2816 9.1059 
4.8692 31.0212 27.0907 11.9204 21.2186 26.9933 18.1749 24.9552 15.4322 20.7621 
17.4998 15.3481 4.8371 15.1313 11.2083 10.9786 6.8958 14.6623 13.8513 6.1283 
15.2774 14.3816 25.0647 9.007 7.9021 31.2438 14.2216 2.8807 4.0725 9.5826 
33.8719 11.2654 21.151 29.4369 15.387 27.1928 23.3635 19.6045 27.1916 21.929 
24.4899 11.962 23.0447 16.5142 10.0999 32.3864 21.709 4.9693 10.6171 14.9782 
19.8052 12.3104 8.208 12.5639 6.8722 16.225 6.7366 11.4141 11.9255 2.5246 
13.8767 15.0812 24.1585 7.4784 9.4589 29.2864 13.729 5.0868 2.3306 11.0964 
21.7295 10.1145 9.5656 13.8272 4.9018 17.0692 8.6605 12.1213 13.9224 6.0241 
29.9965 11.414 26.3056 21.4765 11.2909 38.2949 22.4069 9.314 14.6149 15.8236 
16.8729 21.888 8.4918 15.7815 19.1248 7.6522 7.9183 22.517 15.687 10.7673 
17.8108 16.6395 4.4128 14.5059 9.8497 11.9486 7.6008 18.0516 14.3923 7.1912 
23.2585 5.3261 16.7376 16.9198 4.1721 21.8813 11.7208 10.4315 13.1574 10.0072 
21.7143 18.6625 2.7174 14.0581 15.913 8.6388 6.9316 21.1665 19.4816 10.1487 
23.9107 11.8863 30.2701 19.4967 12.1383 39.4098 18.7917 7.5167 13.8199 16.9805 
10.9602 21.8689 12.0745 8.1516 11.1911 11.7691 0.8757 14.219 11.1489 5.8029 
10.9322 30.7634 29.1105 12.8851 21.6781 29.625 21.8913 20.3522 14.4752 23.4975 
14.6029 30.0494 32.0026 17.4358 22.4 31.835 23.8294 17.2108 12.0354 25.8456 
13.55 29.1141 36.4916 11.8037 22.214 32.0413 22.742 19.4151 12.2144 22.5818 
19.0634 21.6445 3.3268 19.2258 19.9282 6.1989 11.2189 20.9274 19.3429 12.2319 
5.2475 22.2608 20.3099 4.6449 16.8627 27.0607 13.3722 11.8686 6.6994 14.8297 
23.2782 5.7478 22.6677 20.7915 9.0512 27.931 22.167 8.3836 13.325 13.3606 
27.2234 23.8686 31.4819 19.4979 21.9921 41.5541 27.8523 16.9842 15.3963 25.2913 
28.5682 18.5256 34.5241 28.0782 22.9756 43.719 30.1166 18.5846 18.6646 23.2522 
12.7808 34.2774 31.8785 20.474 27.1486 34.5896 24.6085 23.6767 22.5998 31.1147 
18.6651 12.4586 19.4558 8.2674 4.9084 24.4007 11.9907 1.8494 4.8139 9.0841 
15.3358 12.7604 20.0338 6.9402 7.4714 25.7416 9.2967 4.7381 2.3784 6.8399 
23.9147 8.8827 11.4111 18.6632 8.9271 23.4442 13.9297 13.6986 18.1955 10.6753 
12.1998 16.9743 11.696 8.3757 10.2172 14.6119 1.22 10.85 10.4243 3.769 
26.3916 11.0927 8.3939 20.8258 11.8732 15.9995 11.645 17.4848 18.2545 10.1198 
25.9661 6.3706 28.31 20.2956 13.3883 32.427 21.8353 10.9919 18.7483 17.5435 
31.6736 11.1095 30.273 20.2738 12.8931 36.3851 23.8536 11.9032 14.8792 20.9506 
13.7881 21.2013 6.2479 12.3459 11.0581 10.9978 3.5651 15.4591 12.8195 5.6406 
28.0089 13.7566 28.544 20.1848 15.2801 40.1684 19.7546 8.6157 13.8675 16.4551 
11.3173 22.2237 12.0069 9.942 15.5541 12.6805 6.1783 19.8241 13.9258 10.8779 
30.4787 6.5801 23.0953 19.2639 8.6686 35.2438 17.6435 9.5531 14.6938 14.063 
11.5215 21.5663 8.6875 10.1387 16.2946 10.4516 5.0611 15.8915 14.0132 9.7626 
28.3626 10.2629 12.3821 22.6052 10.1978 22.0324 17.9926 16.9786 17.0936 13.7834 
25.3082 11.6071 12.7049 19.7979 10.6558 19.8118 17.0118 20.2741 23.1546 14.8122 
25.0545 8.5436 22.5463 15.8768 6.6119 32.2472 18.4382 3.8618 9.3215 13.2837 
18.816 10.5795 11.1824 15.0682 6.0804 19.4369 9.3451 11.6541 13.699 4.2182 
8.6533 18.4178 24.3025 3.4548 12.7244 22.8895 12.4272 8.1255 3.1113 9.9664 
36.6884 12.8302 19.9148 26.3636 16.0753 29.4229 25.4465 23.3919 29.2356 23.2513 
5.5657 30.7365 27.2554 12.3256 22.1271 25.1823 17.7386 21.3803 17.0979 19.9665 
5.8006 22.66 18.6447 3.926 14.8427 20.2698 6.3435 13.711 8.6638 9.0514 
16.3864 10.7845 11.3884 11.1928 4.0173 20.6991 7.2313 9.2915 9.9832 3.2315 
3.8221 31.032 23.4598 11.8784 25.4413 22.0968 17.4569 21.5409 16.6705 20.1256 
12.5854 18.913 25.0305 9.0149 16.5756 27.3192 14.9688 12.2932 7.0197 16.2412 
13.1118 17.2904 24.5984 5.5514 12.649 23.1588 14.2236 8.7779 3.8772 11.0785 
13.4387 13.63 14.7584 4.9822 7.2171 17.6573 6.016 7.4698 4.5676 4.9419 
10.5 16.2855 15.5419 4.0605 8.7766 21.8704 6.8657 7.3193 4.5177 5.2065 
17.8214 16.5137 26.6379 9.2551 12.0588 34.6978 16.1405 6.6912 5.7978 13.6345 
16.0967 29.9588 31.1024 16.7132 23.2446 34.7677 22.8071 14.2954 12.3957 23.9533 
21.2746 20.316 35.0392 14.2627 14.6295 33.5185 19.2668 10.9751 11.8653 19.7174 
30.0427 2.9456 22.1349 20.2287 8.6568 34.3558 20.7756 8.6223 16.0406 15.9544 
15.7705 16.6644 28.517 11.331 13.9192 29.7446 19.6126 8.9914 8.5364 17.942 
23.7853 4.7083 20.7825 22.0078 10.3939 28.1049 17.9451 9.2093 15.7389 17.1225 
12.4554 17.8293 10.0859 9.3174 10.1497 16.2889 1.6035 12.0992 11.3777 3.1185 
6.0351 30.5296 15.8236 8.1076 20.5156 14.8654 11.267 22.2177 15.9607 14.1435 
23.4038 6.8877 14.1784 16.58 6.8703 22.7837 15.1382 12.9965 14.86 8.8228 
20.8325 17.0035 4.3624 18.2485 14.0202 13.434 11.2357 18.8982 17.3144 9.7448 
16.0203 13.081 12.0909 11.1839 5.2131 17.3755 8.1031 11.0105 10.9276 2.8774 
14.201 22.3796 27.5592 13.5077 16.192 34.5693 22.261 11.1032 9.5083 17.7177 
17.0937 26.3261 33.7075 14.715 17.6973 38.3201 20.8029 13.7543 12.6937 21.3451 
26.8901 21.3043 39.409 20.5799 19.7993 47.8978 30.522 16.6835 17.6452 26.0335 
7.3305 30.9942 31.6086 14.5502 25.0353 29.8667 18.1409 19.0726 17.054 21.9572 
27.8044 6.3898 16.4383 24.3321 10.6643 30.4026 22.1919 16.6042 18.0629 16.6284 
25.58 10.8037 24.1135 17.8369 12.4776 29.2185 18.5957 6.9034 13.0707 16.7651 
12.1959 33.6318 30.7081 19.5096 25.9192 33.3666 26.2142 27.0316 18.5883 29.0101 
22.7669 6.3594 21.4782 18.7865 7.4447 29.0131 18.5303 6.0787 12.1798 12.282 
15.6568 25.3485 10.374 17.2525 21.3852 3.7209 10.7058 22.4318 18.6058 13.8886 
27.4539 10.5249 33.6765 20.4278 16.2909 33.7548 23.9767 12.1718 15.9524 20.2661 
21.6882 10.8849 22.5901 15.6184 11.1774 30.8077 21.0239 5.7106 9.3406 13.9717 
15.6713 27.2354 32.9077 14.7441 21.2693 36.7011 22.7585 14.2124 11.6134 24.0849 
24.393 11.6662 7.7195 17.1976 8.949 17.9556 9.5772 14.4186 15.4073 7.2508 
22.362 30.042 10.6233 21.7275 28.4433 3.1096 13.9814 31.1944 26.4337 17.5305 
22.2303 17.0551 2.6858 20.014 15.5441 11.4993 10.6771 21.9986 20.9496 11.1164 
11.8784 21.651 24.8018 9.997 17.2895 33.5305 16.1933 11.9195 10.8673 16.1266 
19.5076 25.8115 9.4819 20.8831 20.9421 1.1129 12.1607 23.3919 21.705 17.5367 
10.5096 28.0548 33.7057 12.6579 20.5495 34.7886 18.227 17.2777 14.3447 21.341 
10.3402 27.2898 25.4327 7.3467 17.1813 31.6687 14.6837 11.4374 8.0114 13.7238 
11.3435 19.482 14.6581 3.2757 9.0418 17.2875 5.7322 10.1434 6.0486 5.5264 
3.2363 22.8873 17.7108 7.1428 19.8247 19.0092 10.2875 17.0307 11.6378 13.5186 
9.0905 17.4441 19.6428 3.0926 11.0015 25.1033 10.8946 8.9655 2.2576 8.3119 
30.5506 10.4961 14.1605 23.6152 12.6949 22.0092 21.301 20.3637 20.042 15.8743 
9.7784 34.5164 33.118 16.17 30.0394 27.4101 21.3511 25.9989 20.39 20.6999 
14.2551 11.8359 11.8869 7.8762 5.2982 21.6251 6.8189 7.8329 7.3838 2.0713 
27.3145 11.007 25.3285 17.5872 11.5155 36.3427 18.497 8.5315 13.3979 17.8256 
3.1764 28.4543 18.5393 4.9969 15.9966 17.4829 9.1571 14.5568 9.6884 10.9479 
26.5418 2.6963 17.2345 18.7958 7.7803 29.0212 16.0249 12.7424 14.7792 12.2468 
30.3224 9.6738 24.7137 25.9774 15.7611 32.4441 22.9789 20.8825 27.1191 21.5352 
9.1529 30.5434 16.0363 15.2843 24.4555 13.4501 11.3568 23.7522 20.6231 15.6613 
15.0754 23.7854 31.3724 10.9551 17.9524 33.852 20.9869 12.9052 11.2143 20.1769 
20.1172 18.5439 4.7642 16.7905 10.5733 12.9544 8.4737 16.775 15.2862 7.3128 
22.6544 6.2215 19.3188 15.0508 6.8297 29.2733 14.867 5.2604 11.6005 14.0585 
5.2068 24.4323 17.99 6.4982 18.3566 18.1396 7.6824 17.2712 12.4745 10.8608 
14.8866 17.6959 8.9084 9.2519 8.9065 13.6527 2.3204 12.2047 11.5752 2.9832 
18.1112 11.4457 17.6423 10.0187 4.2855 25.5098 10.4245 2.5676 4.6763 6.1953 
10.9361 16.1998 12.3784 4.652 9.6782 17.8998 4.4413 8.4489 6.6197 4.787 
17.5553 23.5284 31.4138 12.9376 19.324 39.1451 25.1563 12.9774 13.8333 22.0194 
7.2846 22.4244 17.7799 1.3224 12.2933 20.4328 9.0534 11.0016 4.6946 9.1278 
4.3644 28.7069 28.6459 12.8677 24.5239 27.2414 18.8693 22.6428 19.2538 18.474 
19.2787 18.0569 4.684 14.4196 10.625 12.5942 5.8884 18.2768 14.3873 6.0087 
16.967 15.3118 24.3478 9.1607 7.594 31.3379 14.7242 2.6768 4.1406 9.3561 
32.0008 10.4037 18.6819 28.9956 18.5935 27.8473 22.4997 18.6909 23.8082 17.5443 
20.3325 12.6621 28.3513 14.2638 10.4917 36.4788 18.9036 6.0018 10.7845 14.028 
17.7004 12.797 8.7396 13.57 6.9633 15.3597 7.2032 12.7903 10.9292 2.8252 
12.8699 16.1949 21.3901 6.7355 11.5808 23.6481 14.493 5.4171 2.9523 11.3743 
19.3443 9.2315 10.991 15.6734 5.0629 18.1172 10.088 12.0287 14.7628 6.3826 
29.7904 11.9653 25.1473 18.7919 14.2114 35.7084 24.4665 8.1798 12.7931 20.8252 
16.6301 21.4859 8.5373 13.5153 17.3308 5.9991 6.4128 18.3522 15.8467 10.4525 
18.5331 15.5519 4.0481 16.7785 11.3689 13.0551 7.3687 18.1289 16.1046 6.0296 
22.1836 5.196 13.507 17.1948 3.9034 23.0399 12.701 9.9616 14.9452 8.7848 
17.1014 20.5888 2.5897 16.2466 13.5658 9.2193 8.6622 19.1818 15.7058 9.5459 
26.0952 11.5324 28.0803 19.3772 10.8734 39.7781 24.702 9.6466 14.0253 15.3553 
10.3297 17.3844 10.1596 6.6399 10.8841 14.6799 1.126 14.329 12.2922 5.1807 
9.8679 28.7423 31.5296 11.3637 23.637 31.6961 20.6544 21.3488 16.8378 22.2628 
14.4361 25.2412 29.2607 14.5342 20.9067 37.9996 21.1165 16.9698 12.9542 25.1423 
13.4375 30.083 29.369 14.6163 24.2188 34.0097 21.0585 18.3215 11.8232 23.6449 
20.085 25.6225 4.0798 19.9091 18.0761 5.394 10.4552 19.7942 21.361 13.3726 
5.9234 23.183 23.4932 4.6041 17.1923 22.8231 13.7092 11.7967 7.9448 14.2349 
24.4008 5.8801 22.7634 17.6238 7.9271 32.3159 19.7437 7.545 14.6978 15.627 
25.7273 24.2105 40.1867 23.5047 22.9416 47.3973 28.5364 17.6755 16.6845 22.7504 
30.276 24.2432 32.7748 22.2709 19.8138 37.7329 28.7273 19.314 19.2577 28.8327 
11.7145 36.8509 34.144 19.9688 32.5348 35.0188 27.6648 29.7179 21.4867 26.5217 
17.6292 13.1687 16.5464 9.7447 4.9462 21.6186 11.6986 1.7697 4.4785 8.5418 
12.9857 12.7008 16.3225 5.9859 5.9142 21.4692 8.7535 4.1887 2.138 6.9569 
22.6107 9.8088 10.2566 21.6412 7.9481 19.9703 12.3547 15.4951 14.9597 9.3387 
12.1924 17.1125 12.4527 8.6903 9.6386 16.6023 1.4768 10.706 10.491 3.1075 
23.8878 13.1319 8.426 21.745 9.237 17.7022 14.097 16.3567 19.8334 9.4625 
27.0703 4.8914 25.9875 23.8704 10.6301 38.3919 20.7523 12.1492 18.5812 19.7006 
27.8827 10.1375 33.0204 20.4172 16.2028 42.0335 20.953 10.1388 16.3293 22.01 
14.4707 20.1779 7.5549 11.4002 11.4444 10.4278 3.8136 16.0454 13.2289 5.9688 
27.1133 14.5567 26.5228 17.075 13.2578 38.6555 20.5782 8.5652 12.7171 16.3599 
9.6233 25.3279 10.9341 10.5482 15.2702 10.5823 6.0734 15.7817 16.3755 11.7975 
23.6415 5.778 23.514 20.07 9.0705 36.5138 19.3169 9.1611 16.1669 15.8434 
12.8107 19.5903 8.7094 10.5808 15.7089 10.6312 5.5074 20.4104 16.9602 8.0526 
25.6793 11.3774 12.7488 22.1314 12.2731 22.2934 15.0353 17.2275 20.2174 13.856 
25.4376 11.4071 11.1633 25.1111 11.8702 17.7123 15.5163 18.369 22.3893 14.2144 
22.4265 9.1258 20.2177 15.8683 8.4107 26.5485 18.2019 3.9494 10.1738 12.4324 
19.5813 11.5478 11.4532 13.2003 5.0423 16.6558 7.7576 10.3167 13.6237 5.0602 
9.4448 19.6587 23.1987 4.2639 13.4873 23.0877 9.9582 9.0962 3.8512 10.8878 
33.9644 11.4838 20.8269 28.2796 18.8079 29.0105 27.2923 21.6702 23.5146 19.5364 
4.8129 28.1275 29.2872 12.6534 21.784 29.4041 17.0543 19.217 15.9417 17.1271 
6.2211 23.2622 17.2314 3.4321 13.2148 18.444 7.4233 12.2446 8.5342 9.8296 
16.0878 10.2097 12.8319 10.7084 3.5421 19.4592 8.1306 8.9574 10.9625 3.2129 
3.7002 32.756 23.6352 10.5069 23.8495 24.2854 14.6961 19.839 16.9873 17.3773 
10.4343 22.9969 23.8231 7.4117 15.2616 33.1583 13.987 10.8912 7.3191 15.1066 
11.4757 20.1019 26.7179 6.3012 14.3369 26.8648 12.0383 9.2667 3.8944 12.5478 
10.5177 17.9631 17.9233 4.3217 7.9045 22.175 6.2938 7.9216 4.6301 5.7618 
11.644 17.2443 17.5146 3.9422 8.0756 21.1909 5.823 9.1565 4.0328 5.4261 
14.6267 16.4259 24.3831 11.5148 12.6769 30.9995 17.6169 6.0605 6.6998 14.4796 
16.6647 28.8546 35.1867 15.6213 22.6425 33.5197 22.3453 15.5308 11.9603 24.7763 
18.1064 21.6539 31.6231 13.9314 15.1844 32.0688 22.1635 11.3692 10.7358 20.3642 
27.6056 3.1512 25.0399 17.6794 10.1814 28.6432 18.3215 10.9565 15.4483 16.9244 
17.9586 17.8865 29.0151 10.4552 12.3772 29.1379 20.1085 8.1856 7.6929 14.7824 
25.8619 4.5075 26.1503 20.2758 10.4604 31.9774 18.3953 11.2108 16.2026 17.291 
13.581 17.3827 9.4928 7.3465 9.0057 15.0018 1.453 10.6324 11.5104 2.8106 
5.9646 25.4322 15.6722 8.8666 18.5428 17.755 8.6706 19.499 15.3879 15.349 
23.4254 7.0601 11.4872 16.7274 7.2692 24.5397 15.3713 12.1523 14.8461 10.8841 
26.2026 14.3692 4.7158 18.5786 14.4376 11.8181 10.1845 21.4757 16.86 11.4672 
20.2917 10.4181 12.0268 11.3133 4.2037 15.8291 7.7678 9.2758 10.0734 3.3118 
16.7826 25.0409 26.9858 13.2145 17.107 37.4089 17.3907 11.6991 9.267 16.492 
16.751 26.7159 35.6457 15.0705 21.5979 37.122 18.5352 12.5236 11.0953 19.5605 
27.8572 18.7667 37.0356 23.3301 22.6805 39.3425 29.2764 15.0944 18.2721 23.6168 
7.9249 29.2994 32.3252 13.8535 26.8303 32.3744 20.0148 20.307 15.7795 23.1986 
32.4885 5.3769 17.6396 26.4429 13.1835 30.0469 21.9965 16.6088 19.1559 17.247 
24.1413 10.6999 29.8498 17.2886 12.6 34.4857 18.8506 6.2467 12.9951 16.7698 
11.4929 33.7259 36.2148 15.2346 26.6705 36.2865 23.0647 25.3763 20.9156 27.5585 
25.3537 6.3747 22.9307 16.4294 6.6619 28.3684 17.7404 6.3757 10.0778 12.7207 
15.4625 29.0588 10.3357 14.8449 18.9465 3.5602 9.4349 24.4041 19.3553 14.8792 
30.4347 10.0952 30.855 23.9258 15.1732 40.0441 26.4403 11.7728 16.0745 22.0808 
25.8459 10.3061 22.6624 15.4061 8.687 34.3554 21.6872 5.5726 11.9117 14.352 
12.4531 25.2325 34.6921 13.0829 21.5096 31.8205 23.7697 14.9058 11.8974 23.2588 
20.806 13.9973 8.9019 16.4999 9.7102 15.6096 10.673 15.2127 17.0005 8.7434 
20.0898 28.8324 12.8997 24.0469 21.9195 2.498 15.8097 26.2268 25.7002 19.0322 
27.2961 17.9513 2.6773 17.1849 15.6657 12.6732 13.5933 22.1877 20.7587 12.0645 
10.8015 27.3924 31.5542 8.5305 17.3903 30.8411 17.0435 14.8398 10.4812 15.6118 
23.1657 27.8797 10.8571 18.9306 24.395 1.1017 11.5626 26.5749 25.6637 18.9332 
10.0834 30.7971 27.3131 10.7459 24.5804 28.2209 18.772 19.181 11.2386 19.9479 
9.4884 24.1923 27.976 7.5021 18.7009 26.6924 15.7132 11.9216 8.6904 13.7374 
9.2703 14.9135 14.221 3.673 10.5683 18.2636 5.6833 9.3454 5.0349 4.6899 
3.166 28.3708 18.1219 7.3055 18.8139 18.5184 8.7196 17.1727 13.6586 12.8061 
10.5137 16.4683 18.1216 3.456 11.6635 21.4571 11.417 7.5461 2.5259 8.3534 
31.9522 11.5262 13.3044 23.4463 11.8398 27.0668 20.5753 17.74 19.8751 15.7515 
8.0175 29.6424 35.7323 15.8011 23.5676 33.6687 21.4363 22.193 19.0659 26.6852 
17.4107 11.6937 12.1049 8.6017 4.6975 17.5535 7.0638 7.3957 7.7445 2.2985 
24.0708 10.0834 29.2127 20.5652 12.1466 35.1248 23.1423 6.946 13.165 16.3759 
3.1714 25.1612 19.825 4.5553 14.9676 21.6058 9.6386 15.4083 11.8437 13.6475 
24.9278 3.1796 16.371 20.4375 8.3801 29.6039 15.5383 10.8339 17.1307 13.9938 
33.2625 9.6519 23.9361 25.4295 13.7823 27.0131 24.5304 18.5616 27.1738 22.2563 
9.9941 26.9899 16.2448 13.7649 19.3259 13.6254 12.169 26.0742 17.086 15.5697 
17.2776 21.6293 28.5629 12.9742 19.9835 30.2373 18.7362 11.4958 10.8975 17.0796 
22.3321 15.8379 4.005 14.3657 12.1736 13.1361 7.1716 16.3758 15.8854 6.5923 
23.5969 6.9253 22.7727 16.8362 7.0871 27.4143 16.2984 5.0722 11.5857 10.9603 
5.1349 23.5097 15.9057 5.7997 16.1583 14.5079 7.9993 15.8056 11.0536 12.0733 
15.8498 17.4405 7.984 8.8714 9.8293 14.2375 1.8412 12.1607 11.3517 3.1577 
16.2494 9.9792 20.1474 9.5274 3.822 24.2503 10.4154 2.7856 4.7405 7.7723 
10.3998 14.6457 13.5755 4.1555 7.5719 15.8368 4.0594 10.2863 6.2372 4.8262 
15.9957 25.6713 33.1899 13.0203 22.5143 31.699 22.0684 12.8834 13.2397 24.0585 
9.446 16.9378 18.5369 1.443 12.4787 25.067 10.3915 11.0994 5.0059 9.4066 
5.4012 31.9932 28.3471 11.5894 27.6542 24.888 19.1818 22.585 18.7051 19.685 
16.1103 18.8208 4.2408 15.9395 12.736 11.2992 6.661 16.9156 15.1713 6.8027 
14.5931 11.7299 22.7884 9.2174 8.4832 31.2673 14.2412 2.3218 4.0146 11.8534 
34.4108 10.3271 19.7292 28.7014 15.5065 30.0744 20.9311 24.1914 24.1972 22.5736 
21.0527 12.9562 22.8584 17.0278 12.1822 32.804 16.4354 6.2374 10.0086 14.7042 
15.7916 12.7564 8.4206 11.2577 6.732 15.4255 5.6339 12.6353 12.8189 3.2328 
14.6287 17.174 22.5027 7.5457 9.0774 30.9406 13.5524 5.6735 2.414 12.8521 
21.2158 10.4729 9.1651 16.1657 6.0215 17.5367 10.2575 12.8257 12.9899 5.6969 
26.3777 10.202 28.9257 18.6238 13.3001 31.4914 22.6683 9.6233 12.6029 16.3712 
15.4549 26.6493 7.8652 13.2708 19.1097 6.2624 7.4186 22.4279 20.442 12.4722 
20.7849 18.4801 4.0655 13.7085 11.803 12.0779 8.2093 17.387 17.47 6.6595 
25.6099 5.2936 15.3537 14.9295 4.2186 21.6099 12.2847 9.1174 14.7231 8.7848 
21.7762 20.9482 2.5302 15.8979 12.8596 8.0531 8.6146 20.0239 17.8006 10.1435 
25.4764 10.4493 30.1278 16.6881 11.9601 31.6572 22.4864 9.6167 15.1372 16.4863 
11.1418 17.4564 9.5934 8.6042 11.716 12.7263 1.0486 12.9546 10.3887 5.2056 
9.6148 32.7229 34.5513 11.9941 23.0342 33.4752 18.7211 22.3681 15.8816 22.1741 
16.6237 27.9238 29.6441 13.4636 22.8659 39.4039 22.8429 16.0589 14.6366 21.7626 
14.6642 30.8794 35.5212 13.16 24.5292 33.7025 21.8663 17.2992 14.3467 19.4613 
18.3589 24.8944 3.3481 16.7928 19.1523 5.9932 11.5013 19.3786 21.9098 10.8946 
5.4507 25.2092 24.6126 4.7587 16.437 26.0168 10.7638 11.8005 8.866 11.4368 
22.7503 6.5827 25.1081 17.6874 8.5405 30.4859 19.0234 6.9981 13.8287 16.5093 
24.152 21.3045 32.005 22.5806 20.4816 46.2383 28.2839 16.2929 19.8077 28.579 
EOF