I 100
J 10
bounds (0, 100)
cv 1.0
D 10
k 5
t 3
FLR 0.6
FCR 2
abounds (80, 120)

a 
105.0 126.0 83.0 
92.0 96.0 121.0 
92.0 85.0 110.0 
109.0 97.0 95.0 
114.0 106.0 94.0 
103.0 106.0 105.0 
116.0 102.0 111.0 
95.0 96.0 125.0 
110.0 109.0 104.0 
98.0 88.0 89.0 
86.0 99.0 109.0 
113.0 90.0 124.0 
108.0 115.0 105.0 
94.0 96.0 105.0 
84.0 97.0 103.0 
97.0 99.0 99.0 
110.0 97.0 104.0 
109.0 111.0 87.0 
120.0 103.0 98.0 
102.0 119.0 114.0 
103.0 109.0 100.0 
108.0 127.0 89.0 
99.0 106.0 106.0 
117.0 100.0 115.0 
100.0 97.0 102.0 
102.0 106.0 96.0 
112.0 100.0 104.0 
102.0 90.0 94.0 
90.0 116.0 104.0 
98.0 110.0 103.0 
122.0 113.0 116.0 
71.0 117.0 117.0 
102.0 108.0 96.0 
108.0 91.0 107.0 
118.0 102.0 102.0 
103.0 89.0 125.0 
96.0 108.0 90.0 
105.0 112.0 104.0 
86.0 96.0 117.0 
105.0 104.0 106.0 
95.0 102.0 94.0 
108.0 103.0 108.0 
109.0 112.0 106.0 
117.0 88.0 106.0 
99.0 107.0 107.0 
104.0 103.0 116.0 
110.0 108.0 109.0 
107.0 115.0 108.0 
109.0 90.0 97.0 
102.0 110.0 109.0 
89.0 120.0 116.0 
128.0 115.0 86.0 
109.0 104.0 99.0 
105.0 109.0 98.0 
107.0 97.0 110.0 
112.0 99.0 108.0 
115.0 107.0 105.0 
101.0 114.0 100.0 
105.0 112.0 96.0 
115.0 127.0 101.0 
97.0 96.0 105.0 
102.0 100.0 104.0 
96.0 98.0 111.0 
112.0 109.0 90.0 
115.0 99.0 109.0 
112.0 103.0 106.0 
109.0 105.0 113.0 
117.0 86.0 99.0 
101.0 102.0 105.0 
112.0 96.0 104.0 
120.0 112.0 117.0 
99.0 106.0 112.0 
94.0 96.0 119.0 
88.0 115.0 93.0 
108.0 120.0 108.0 
121.0 114.0 88.0 
117.0 114.0 100.0 
93.0 109.0 124.0 
107.0 100.0 83.0 
94.0 95.0 104.0 
95.0 103.0 114.0 
110.0 108.0 99.0 
117.0 118.0 112.0 
109.0 98.0 128.0 
103.0 94.0 93.0 
95.0 90.0 94.0 
103.0 109.0 96.0 
105.0 128.0 98.0 
109.0 107.0 108.0 
105.0 108.0 100.0 
101.0 110.0 112.0 
118.0 93.0 117.0 
106.0 121.0 107.0 
102.0 100.0 104.0 
127.0 113.0 106.0 
108.0 117.0 122.0 
120.0 105.0 108.0 
101.0 99.0 93.0 
106.0 99.0 118.0 
111.0 107.0 102.0 

Icoords
42.4377 50.835
29.3777 92.0171
93.3832 80.77
19.0371 66.3984
99.0123 4.5252
51.2294 53.9174
53.9807 86.0084
88.9588 34.5641
96.7683 29.8259
66.836 46.6711
47.997 37.62
37.6533 17.8216
66.2594 86.3519
50.6567 87.5342
35.4706 20.1436
31.4265 48.3886
32.386 70.3808
40.046 86.2404
12.6437 23.5896
36.0719 88.3718
56.5252 36.4556
47.7024 88.0202
62.2187 14.4435
63.5968 45.3885
58.3161 69.6842
23.5225 66.9749
72.5258 54.4017
7.6252 47.158
71.0328 31.8619
11.3735 20.0108
14.6986 96.5009
66.6628 36.057
91.4927 95.901
27.8474 84.5943
51.9272 50.9319
17.1902 83.751
72.1698 23.6447
8.4665 84.0703
45.4597 33.2398
52.9132 40.8231
56.5114 61.1123
57.3039 15.4961
60.9311 83.801
82.638 61.0437
71.6209 50.4756
2.919 15.8745
30.1456 15.9478
58.8762 10.572
13.9101 45.4103
25.5268 50.7589
84.9499 92.781
87.2014 2.7795
43.0951 2.5504
13.3665 37.0163
42.0404 90.3573
64.3392 73.8279
79.4461 21.8949
52.0668 99.1878
38.0038 69.3824
80.7396 58.6542
1.4343 70.0891
58.8097 57.8554
98.2376 60.2581
50.8445 76.4268
44.617 64.1607
34.0183 48.3726
14.7025 54.6016
47.2238 97.8295
6.1037 90.0753
16.2571 99.7317
35.2781 46.6798
87.8319 96.0862
76.9632 37.5358
77.2749 40.0088
57.2592 85.6031
66.9791 97.8615
90.4955 88.4348
85.5593 71.9302
90.8933 5.2379
10.6173 41.6707
65.3514 13.7399
21.369 24.8089
30.4675 62.4099
18.4713 93.445
39.8179 44.6919
32.1747 70.7681
44.6081 55.5984
39.1036 70.4351
47.4398 50.1398
35.2262 38.857
67.8428 0.3891
38.6797 8.3885
92.302 81.2277
74.5204 48.9594
54.1109 8.1826
75.32 71.6783
86.3624 31.6589
47.9585 33.9925
57.4669 60.3415
20.9992 84.6659

Jcoords
1.8325 64.5401
68.0644 57.8692
7.6692 94.646
93.7718 70.6573
53.4814 17.5601
59.3302 65.1033
39.7836 25.6652
11.4931 0.0489
52.3915 45.2296
87.8487 70.7765

C
16.1395 9.0221 20.2917 17.7851 13.8907 8.1859 8.0458 19.6373 4.0108 18.8467 
15.3448 17.0286 7.5048 24.9192 24.7071 13.7515 26.5025 36.933 18.7448 20.7531 
32.719 12.3243 33.7681 3.4905 25.6843 12.3772 26.8671 42.729 20.0358 3.5048 
5.7054 16.1433 9.8625 23.6545 22.9429 13.7753 13.9834 25.5556 12.2544 26.1599 
39.1653 20.2467 43.2429 25.5274 18.4893 28.3879 18.8916 30.7243 18.8393 24.6637 
18.2955 6.6161 23.4723 15.5165 12.4945 4.6612 12.001 20.5903 2.8951 13.0939 
18.6665 11.0071 14.2037 13.6308 20.7198 6.6268 19.1862 36.3314 15.826 12.667 
36.8187 12.3886 34.8232 13.6803 13.4195 14.9648 17.156 27.8252 13.5642 12.9701 
31.1135 15.1086 43.1477 13.2813 16.5568 17.2068 21.3976 35.3169 17.9723 12.6486 
24.1749 4.2662 24.0858 12.2954 11.9657 7.3079 12.4466 23.974 4.7715 11.6081 
19.7782 10.2516 23.6494 17.0992 6.8024 10.7676 5.1955 20.7599 3.4868 15.8116 
19.9277 15.3472 26.1425 23.84 5.6087 16.5716 2.6537 12.2046 9.8555 27.4346 
26.8607 9.2126 22.4271 11.1462 24.6009 7.4716 24.8356 37.8598 14.0609 10.5713 
20.6913 13.4624 17.0758 17.2655 22.613 8.552 19.4545 36.989 15.7971 15.791 
20.0467 15.2159 30.3371 27.462 6.8559 18.1504 2.7857 10.9058 9.5044 23.5962 
12.3395 12.6704 17.2905 25.5014 11.8189 11.482 8.2295 20.1258 6.6361 18.775 
10.5794 13.8115 10.6474 23.2654 18.6444 10.8095 14.8706 27.8584 11.4794 17.9926 
14.5019 13.7925 11.0419 18.7343 25.6764 10.7382 19.9718 35.1206 14.2534 19.6696 
15.4887 25.7534 21.6754 28.5506 15.121 23.5215 8.2066 8.8359 14.3374 27.6648 
13.3827 17.1686 9.1247 19.0972 27.3014 12.9426 24.2785 30.3366 16.8497 17.778 
19.9878 7.8447 26.9579 16.1613 5.9944 10.9842 6.1526 22.173 3.513 17.4852 
17.0926 12.9995 13.4394 15.3458 25.7407 8.2491 24.6395 36.2928 13.4177 13.4705 
29.6505 16.9968 38.7399 22.1305 3.3664 19.2465 9.733 16.5357 11.1039 20.0088 
25.8144 4.2831 28.4691 15.2787 8.9925 7.8708 11.085 22.8134 4.0556 12.0603 
18.0305 5.0992 20.6207 12.9178 15.9556 1.6848 16.1862 29.7809 7.5637 9.1614 
8.7043 17.5851 9.8447 23.8683 20.3527 12.4136 16.4927 23.7859 14.2654 24.2675 
21.9606 1.9715 23.5549 8.8627 13.7814 5.8665 15.2257 27.5255 7.0844 8.2124 
5.6871 20.047 16.6066 30.4225 21.0128 18.4716 14.9806 16.5909 13.8859 33.309 
25.4839 8.4706 30.9348 14.2505 8.986 12.6445 10.0511 23.1073 8.3222 12.917 
16.8088 26.2113 23.6063 29.683 16.5132 23.5858 11.1321 7.6456 16.6745 31.6679 
13.4988 23.2956 2.434 31.7866 27.6612 17.8987 24.8959 35.4753 21.9034 30.5591 
21.7108 6.8719 32.6756 15.7976 8.5538 9.5055 10.8788 24.6328 6.1667 12.9543 
33.9482 14.9328 30.5906 7.974 27.751 16.4449 31.4419 41.3129 22.6894 9.1496 
12.2192 18.2525 8.0727 21.8922 21.8534 11.1084 20.3045 32.4386 16.7235 21.7041 
19.4559 5.8439 23.1285 18.2961 10.5402 6.2371 9.9575 24.6776 1.9223 16.0296 
7.8754 21.0109 5.5835 23.3312 28.2548 15.6493 19.0092 28.7427 15.9679 27.7948 
27.5329 12.3161 32.7294 17.6789 7.781 13.207 12.282 24.7978 10.9288 15.9544 
6.6581 25.3967 3.3684 32.6502 24.4147 18.8749 21.6642 31.2258 18.0125 24.3073 
19.9473 13.1314 28.7042 21.0515 6.1767 10.5923 2.9011 17.98 4.8528 22.5235 
22.4033 7.7131 26.1705 17.8436 9.2637 8.9606 7.8811 21.6097 1.4133 17.8597 
18.9615 4.0271 19.8118 14.0007 15.5028 1.5572 13.5892 28.4491 5.9693 12.8289 
24.6046 13.5001 35.5203 20.9289 1.3627 17.4763 7.8883 17.0126 10.1289 24.2652 
22.2277 10.3357 20.981 11.9173 23.2638 6.7727 19.1836 35.9649 14.4985 11.9283 
26.0194 5.1145 28.746 5.0426 18.2453 8.3231 19.9111 33.0148 12.2463 4.0395 
24.5112 2.8806 30.9182 11.6358 14.0673 6.3431 14.236 27.5052 6.0354 9.4135 
16.823 25.7481 29.23 32.5807 17.7826 23.4721 13.3118 6.3536 17.9136 33.7269 
20.5779 18.0319 27.77 26.0383 8.8981 17.2871 5.2501 7.4703 14.2608 27.8275 
27.6809 16.69 29.5716 25.5351 3.0704 19.9264 9.5526 17.0755 13.0458 20.692 
8.3322 22.1943 17.4002 33.4192 18.5476 17.5646 11.8341 13.814 12.5297 29.3993 
8.5823 16.1125 15.1714 21.4256 15.1989 14.3763 9.7521 18.7576 9.6436 20.6454 
30.4435 13.0614 27.2262 8.5982 25.2523 12.4837 25.2079 47.1785 18.1822 6.9269 
38.1534 22.6919 41.9212 22.3748 13.3278 21.3828 18.1596 24.8409 21.3496 20.6244 
29.5857 23.1908 33.5196 32.4034 6.7225 22.7611 8.6842 11.8561 13.5713 25.9797 
9.0543 21.3137 22.1508 34.4976 17.5573 18.1905 8.7207 13.0699 13.28 27.8121 
14.8844 16.0593 11.9396 19.9335 22.6526 10.6293 24.831 32.9382 16.0243 16.6839 
21.2392 5.4981 19.754 10.2515 17.6043 3.844 19.7162 29.1225 10.8354 8.167 
28.3474 13.2213 32.9592 17.7983 9.8689 17.997 14.2632 23.2765 11.3114 18.0043 
24.3731 15.6051 14.1698 18.489 25.3737 11.7862 27.0437 33.4965 19.8732 17.0286 
11.0029 10.5293 13.2722 20.5447 17.4314 7.017 15.6287 24.1764 9.969 17.5423 
24.1493 3.8835 30.0238 5.372 15.3362 6.9248 16.6762 29.2473 11.2792 4.823 
1.8292 25.3692 9.6708 29.6501 27.8855 21.8378 21.6379 24.3269 20.2127 25.9943 
21.3294 3.551 19.914 11.3856 15.5431 2.7562 11.2813 26.5642 5.5917 10.9527 
29.3843 11.871 33.6744 3.5288 24.3839 13.7188 23.6304 33.6312 15.9889 4.5993 
19.0283 8.1822 15.6332 14.5229 21.8909 4.2974 16.5781 30.8364 10.314 13.4647 
14.5773 8.9897 17.5796 16.1192 17.836 4.6368 12.7838 27.8261 6.2255 16.0857 
14.1588 13.594 21.0282 22.0019 13.572 9.7184 8.0311 19.9561 6.9733 18.1858 
4.8831 18.4123 15.9824 30.4014 16.5333 14.1575 11.6067 20.5363 13.4803 28.055 
18.1028 14.512 12.5714 21.5594 29.347 13.7272 27.4299 34.0734 16.173 18.4739 
9.833 25.2369 1.5876 34.3547 28.3855 22.3709 26.6606 34.5328 22.2156 27.1631 
12.5167 21.1676 3.3416 26.6743 33.7565 21.7751 23.7336 30.9769 20.2063 29.9403 
14.5824 12.2152 18.6511 25.0404 10.8484 11.2979 7.7501 20.0906 6.2791 18.3611 
31.4014 13.9105 26.025 8.9882 27.0503 14.8734 32.3187 46.1528 19.2656 8.0156 
25.7393 7.7351 33.8529 12.9887 11.7335 12.756 11.9701 28.1175 9.7405 11.4272 
30.3281 7.2967 34.8378 13.3064 10.8179 9.8382 12.5161 25.0915 8.8886 12.5906 
23.6938 9.8758 15.6919 14.1676 22.0117 6.6098 22.526 34.7256 15.4449 13.424 
26.9133 13.1823 23.1708 14.7118 30.112 10.4786 29.6945 39.2353 19.2522 12.1521 
36.5285 11.4308 32.5342 5.5731 28.6249 12.3723 29.5344 43.2223 19.9264 5.3835 
32.6039 8.1835 31.0747 2.9902 19.3928 10.1148 22.8703 39.4992 16.4272 0.9919 
32.4311 18.3811 38.1101 23.135 13.1795 26.7931 21.4439 26.25 18.4526 22.1169 
7.8151 20.7473 16.6122 33.4283 16.5588 18.8763 12.1766 14.6874 14.7117 29.0602 
27.0356 14.179 37.2314 22.3937 4.2883 16.6316 9.8263 18.7386 10.2531 19.8593 
16.696 22.3135 26.7521 27.972 10.3008 21.2913 6.7231 9.1087 11.3835 27.3914 
9.6537 13.5423 13.223 19.7391 16.7108 10.5894 14.8218 23.0034 10.0078 19.6057 
12.5603 20.4646 3.9529 30.1239 27.8962 18.7965 27.2625 36.0296 19.9316 22.0056 
16.4276 11.411 19.0393 20.3761 10.3133 10.2728 6.1742 15.9034 3.8108 20.2941 
9.9491 12.1467 13.426 20.2963 20.3183 8.8574 13.7724 22.9812 10.0094 19.2966 
16.1472 7.7532 20.0277 20.4696 15.0184 5.4885 12.1217 25.4804 4.5559 17.2218 
12.2297 9.8212 14.1053 17.1769 18.8111 6.5932 13.4639 29.6761 9.1009 19.1232 
15.5532 7.3345 18.8192 15.4802 12.8664 6.1905 9.1473 23.6013 2.1583 16.28 
16.8343 12.2903 23.085 21.9262 9.9185 13.602 5.2198 15.9897 7.3222 24.2371 
28.6727 21.5839 35.013 27.5855 8.4101 23.6349 12.0811 19.1423 18.312 26.0724 
20.7866 21.9834 29.5612 29.9144 6.3766 20.4974 5.3996 8.9605 12.9723 27.953 
35.4919 11.7916 29.3574 3.7918 29.2387 14.1124 28.6936 45.4506 16.6561 3.7944 
24.0487 3.4164 30.6962 8.766 11.49 7.8337 16.3491 27.9785 7.4459 8.5596 
24.5911 17.3508 30.5923 26.433 3.6814 20.7375 8.3158 15.2852 11.6082 24.2973 
25.9524 5.792 24.7337 5.5994 23.1741 5.4477 18.4763 31.8236 11.8907 3.9002 
29.7677 11.0985 40.2078 14.8265 11.0799 15.7477 14.7839 29.1267 13.9996 12.6206 
21.3939 11.2996 27.364 20.1913 6.8719 10.8084 4.2488 18.3233 4.2642 21.0968 
20.1634 4.0677 20.723 13.1229 12.9244 1.8015 12.4832 24.8389 5.7756 12.6408 
8.3822 20.6887 5.3303 24.8931 24.9756 15.1051 23.8945 31.8373 15.3081 22.4291 
15.0681 8.4029 17.7916 21.2464 13.4279 7.7746 8.1774 20.8922 4.5546 17.9688 
13.2633 20.4807 7.7235 26.3371 27.7045 14.5206 24.9644 33.7288 15.6789 20.6909 
31.7335 12.8022 30.5728 3.0968 22.4775 13.8728 27.3745 43.6259 17.2472 4.108 
6.356 18.4424 11.3119 27.9288 18.9627 13.1343 17.5444 21.0147 15.1659 27.5044 
34.3224 19.1489 44.6929 25.4146 14.6627 26.8816 24.2497 30.7769 19.1301 21.6874 
17.285 5.627 19.4827 18.1361 12.3233 4.5411 11.0104 21.166 2.8066 12.5053 
20.7249 9.7201 18.0008 16.2111 22.3969 7.1922 24.7467 32.1508 12.9571 13.2314 
36.3856 11.916 31.1438 14.5578 12.8884 16.8795 18.8402 33.3631 15.1716 13.1549 
34.9749 15.7747 40.4151 12.5935 15.423 17.716 20.8376 32.1104 15.943 14.6813 
22.8132 4.4633 24.6343 11.7111 10.6045 7.507 12.3335 24.1911 5.3579 10.8406 
20.7081 8.8233 26.6598 20.3395 8.0044 10.0036 5.5189 16.6478 3.0018 17.2839 
23.1479 16.8758 27.7836 26.4452 6.0171 17.1022 2.8325 11.1799 10.1418 27.814 
23.4121 9.6208 21.0365 10.0376 26.609 6.924 21.492 39.1477 14.6337 7.997 
18.7808 13.6515 13.9386 17.7655 22.2769 9.5356 23.613 29.9344 15.0223 14.3836 
20.9713 17.0406 30.5995 23.4276 5.8406 18.0028 2.1818 11.4314 11.9887 27.195 
10.3976 14.7821 16.9057 22.125 13.8544 10.0573 8.2512 19.3624 7.3612 24.2139 
11.6122 12.2424 10.5019 22.8971 20.0948 8.9754 15.4598 22.8253 12.1158 21.6698 
15.9784 13.8882 12.5873 22.3593 25.9004 9.3419 19.0087 34.6212 13.0371 19.8153 
16.6746 20.2078 28.2499 34.2345 12.7969 20.3291 9.5104 7.2639 16.5821 31.0563 
15.4852 14.8302 9.1131 21.928 25.9378 10.7943 20.2018 29.5848 13.8792 20.1951 
19.1209 7.8934 29.6248 19.519 6.3389 9.2629 7.1883 20.0593 3.8651 15.8867 
17.2935 12.1736 12.36 18.1275 25.4155 8.2876 24.8218 31.5647 13.9386 13.169 
28.097 15.8312 33.1142 21.8275 2.8451 16.3593 8.4938 18.803 11.7147 20.6525 
25.1872 4.1717 28.1859 13.9248 9.5728 8.0019 9.5668 22.2539 3.8841 14.0124 
21.944 5.1482 18.5259 13.1803 17.5103 1.4169 18.5934 29.7977 9.1866 9.847 
7.8727 15.9757 11.9207 24.3818 18.8328 11.1155 16.4128 26.9342 14.0341 24.8217 
21.8106 2.1127 25.5699 9.5663 12.7819 5.6796 16.1492 30.5984 8.8058 8.7125 
6.6142 23.1038 14.9207 30.5475 20.3906 17.574 13.3638 16.6476 14.9389 33.4261 
26.7695 8.8371 26.8227 17.6456 8.6079 12.1089 11.7077 26.118 8.9324 13.591 
16.1895 26.1295 23.5316 30.4278 13.6239 20.775 11.1148 7.6216 15.5526 30.0524 
10.5634 25.16 2.1861 28.7336 27.9603 16.6054 28.8261 30.6018 22.0752 24.5109 
22.0294 8.6161 29.2999 17.0151 8.0813 11.1112 9.608 21.1675 5.9343 13.5197 
35.9714 15.7145 31.0601 9.2413 28.0732 16.6052 27.1072 46.6315 22.5358 10.1067 
11.3849 14.6792 6.9343 26.5281 23.2529 12.5451 18.2662 30.2083 16.8348 22.5107 
18.0128 6.1882 21.2126 15.1412 10.0358 5.839 10.8714 21.376 2.0133 15.3894 
8.9723 18.0371 4.3595 30.8596 26.0053 17.1147 24.6558 31.2931 17.1472 23.4341 
29.8354 10.6478 31.0987 17.6272 6.1655 14.5308 10.4616 22.5843 10.0124 18.14 
6.753 23.346 3.2994 27.9699 30.4301 17.0075 26.0116 26.7025 21.6009 26.5448 
16.1082 10.8682 26.0364 21.7909 6.5307 12.8894 3.3091 14.4372 5.4027 21.2099 
20.6406 8.0689 26.9018 18.9162 7.9467 8.2876 7.0549 21.819 1.6285 18.1266 
19.1313 4.4195 18.1588 14.8738 15.9917 1.6881 12.4016 23.2448 5.9464 9.8578 
27.1442 14.5931 32.839 25.6371 1.6225 16.4138 7.7688 16.4228 11.3223 19.4463 
24.08 10.7472 17.3066 11.6838 24.4037 7.3188 20.6065 34.6131 15.3557 11.8386 
26.2378 5.1771 24.6958 4.5836 17.4234 7.8216 18.7719 32.1058 10.3247 3.8231 
25.4082 2.4646 29.6435 9.5202 12.3685 6.368 15.3218 24.2014 6.1411 8.8573 
18.0643 25.3451 30.39 31.9017 19.6241 29.9036 13.1325 5.9325 18.8398 39.0867 
21.4721 19.3772 26.8533 32.1555 8.4607 20.6028 4.2879 7.8894 14.5697 31.2104 
27.6573 17.3838 29.7783 22.5057 3.4183 18.5576 7.5107 14.6535 11.7483 21.4336 
7.6897 21.6775 17.7178 25.412 14.7733 15.5745 12.4948 16.0625 14.042 25.8348 
10.6161 15.388 17.4126 27.9727 13.6148 12.0812 10.3005 16.3583 9.9398 24.7758 
27.1428 12.1461 26.631 7.7765 26.5488 12.6345 27.9584 44.2801 18.2283 7.9346 
40.7455 19.5543 36.9757 22.2589 14.6717 26.1072 19.7602 27.5303 17.8033 25.6292 
26.0709 24.1376 33.3913 33.5918 6.5838 19.4522 7.0379 12.4363 17.3933 28.1828 
10.8956 20.2074 20.9984 27.2111 16.0325 18.9016 8.7983 14.7911 15.8124 27.395 
19.0128 14.4484 11.3092 17.9075 23.9421 11.3853 24.941 32.1565 17.404 16.3004 
19.6404 6.4322 21.7765 10.4824 22.8134 3.3762 19.3648 29.2133 11.5947 8.596 
30.4905 13.8552 33.1534 19.2417 9.1134 17.5251 13.0281 25.739 13.823 19.2194 
23.7872 15.4721 13.4468 19.4188 31.3661 13.3405 25.456 42.7088 20.607 16.8732 
11.773 10.7193 13.4696 19.4123 21.0009 7.0105 14.0011 26.2548 9.7835 15.8469 
28.6595 4.8068 31.4655 6.3464 15.1735 7.4659 20.7203 32.0233 11.7654 5.2741 
2.1947 21.4334 8.7789 29.447 23.0494 22.692 18.0521 22.0767 19.7308 28.2411 
20.5951 3.2725 21.1047 14.1966 15.413 2.6915 12.5901 26.7509 5.2787 10.0405 
38.2912 9.2286 32.9672 3.651 20.7653 15.4597 23.2704 33.7262 18.6231 4.6496 
17.2833 9.3164 15.7597 16.0519 21.6139 5.6587 18.0224 27.8206 11.5884 14.8273 
13.9954 8.3415 15.8456 18.6628 14.7242 5.7779 14.0409 26.1519 7.3082 14.7431 
12.9305 11.1057 20.1922 21.7022 11.1521 9.506 8.2583 19.3909 6.6023 22.1565 
4.9611 16.4556 13.9861 27.521 18.9304 16.1105 15.0148 18.2576 15.4104 29.9353 
20.3826 16.2021 12.5873 21.2576 31.239 12.471 27.9813 41.5481 20.4541 17.2342 
9.5275 26.9966 1.5412 31.9932 29.0178 18.1436 23.2807 35.3535 22.4283 31.6399 
13.4067 20.3217 3.643 26.459 28.344 18.0336 26.6634 38.8309 22.4362 29.4152 
12.0344 11.1274 17.5829 20.8744 11.4562 9.9405 8.3798 15.8715 5.9218 19.2169 
29.4869 17.0902 27.7889 9.4635 32.9043 15.0165 30.8609 45.9811 19.495 8.3649 
30.4177 7.2912 28.537 12.0862 10.6822 12.7396 13.6015 23.2892 7.9356 13.1621 
27.3532 7.3931 28.0862 12.5616 11.3609 10.2084 14.9728 29.6018 9.2344 11.9952 
20.1421 10.3074 15.8482 14.6805 25.0171 7.572 24.4053 31.0484 12.5129 10.8847 
24.923 12.6022 23.3787 14.5285 30.9507 12.5542 26.4851 39.6852 18.5258 13.0582 
28.861 14.5094 29.8265 6.5167 26.4901 15.1754 31.802 40.0808 17.4262 6.1959 
32.9317 6.8704 29.3789 2.9727 23.635 10.3669 25.5062 39.427 13.5829 0.8024 
37.6312 18.6851 44.9504 20.686 12.8762 24.9523 20.0073 25.1917 20.9618 25.791 
9.5275 21.2486 18.3578 28.127 16.3523 19.5087 10.6096 15.9114 14.0954 25.503 
28.6867 15.1826 31.826 19.5881 4.6038 18.0899 9.3297 20.3002 13.1101 22.0666 
13.827 19.7789 21.87 34.1937 12.7501 21.164 6.0742 8.6795 12.9583 29.7029 
9.536 11.3724 12.2635 20.5563 18.9642 10.0676 13.1804 23.3749 10.8685 21.0902 
12.5903 19.8604 3.9279 25.7261 29.8435 17.0064 23.3617 36.9194 19.8608 28.4576 
13.089 11.7819 22.6749 21.4539 9.2531 10.9392 7.0247 20.519 4.284 21.256 
12.2134 13.2451 10.9146 21.1586 17.8824 9.2375 14.5728 25.7 11.1299 18.5005 
13.7874 8.0572 17.7756 17.8422 14.8895 6.8501 10.2541 20.0351 4.1579 16.8048 
13.6297 12.3626 15.4861 19.3199 18.3344 6.3443 17.2295 29.351 9.1806 16.5786 
17.1746 8.1208 20.7173 17.1473 10.6264 6.4428 9.3601 21.727 2.629 15.5087 
15.7432 14.032 24.6655 26.5699 8.4291 14.0296 4.9379 15.4029 5.8848 21.9968 
34.0943 21.9058 42.4271 26.0126 7.9378 24.5422 12.1415 17.0912 15.618 27.9969 
23.4462 20.5274 35.7575 27.2788 6.2181 21.6442 6.3916 10.0184 13.9394 30.6856 
29.7882 12.6062 34.1046 3.7662 23.5117 12.8645 30.3679 43.4003 20.6871 4.5339 
27.8102 4.3109 25.8784 9.8915 12.3027 8.133 15.3286 28.7922 8.4782 7.8284 
25.5828 20.0448 31.0928 28.1424 3.4935 19.097 8.6435 15.7018 12.476 24.9657 
27.4882 4.9403 21.6045 7.0538 20.5538 6.0684 19.9297 33.5601 13.2244 4.7795 
28.5251 12.1246 36.7203 15.6958 13.7524 14.5006 18.7194 31.1503 13.9484 15.0555 
20.6913 12.3328 28.4926 23.2543 6.3639 10.5401 4.4612 15.648 4.8175 20.4022 
18.7686 4.2288 21.624 11.6132 13.3454 1.6782 15.57 29.2138 5.3978 10.5366 
9.655 17.3417 6.2329 27.6203 24.4835 15.0362 20.136 32.8165 18.4332 24.5525 
16.6623 9.2745 19.9393 17.1743 10.7283 8.0045 8.7064 18.8464 4.2553 18.0631 
13.3255 17.4001 7.6404 27.0088 27.6262 14.7058 24.7159 30.5339 19.3757 22.6505 
33.1374 12.0648 32.648 4.0025 26.3571 12.0399 30.7108 36.8302 17.0682 3.8167 
6.8786 15.6059 11.8661 27.562 19.5962 12.7029 16.173 24.1866 15.162 27.4837 
41.4382 22.4299 43.0505 25.7994 16.2303 24.4411 22.4637 26.7195 22.9364 21.6471 
17.4416 5.7965 19.0772 17.9258 11.6311 4.5342 10.486 20.7242 3.4815 15.3354 
18.7398 9.4873 15.6029 16.4457 25.8125 7.449 24.4058 30.7796 12.5123 11.6606 
34.9943 11.9786 36.6023 11.1132 12.8845 13.416 16.2965 27.469 14.3717 12.3615 
36.2485 12.6446 40.8669 15.7869 15.0676 18.3179 18.3351 27.7116 16.6571 15.8883 
24.6738 3.7592 27.9249 12.1187 11.4276 7.71 12.1383 22.9899 4.5813 10.8086 
18.2926 10.0179 22.3364 21.9823 6.4218 10.4227 5.1708 15.8672 3.4675 19.1657 
20.1926 15.845 29.3752 23.5702 5.9522 17.9188 2.6082 10.1204 12.1396 24.071 
26.6975 9.421 21.6164 12.1376 25.7204 7.5364 23.7365 36.9603 14.7162 9.5384 
19.9519 13.029 13.0846 17.3766 26.948 9.5789 22.7838 37.0082 14.8572 14.351 
20.3419 15.1362 31.0289 24.2915 6.7013 17.1935 2.2617 10.4396 11.5712 23.6909 
12.4879 13.1964 20.655 24.2171 12.1941 10.2492 9.0309 17.1506 7.6263 23.5401 
11.6215 14.5109 11.1185 22.7375 18.4965 8.6652 14.78 27.2421 12.0772 19.8007 
16.2026 14.574 10.0484 18.2533 27.7969 11.3991 19.6144 30.962 16.6818 19.6947 
14.4765 25.8121 22.7937 29.9388 13.0694 23.7464 9.9405 9.2955 16.4961 28.6414 
13.8374 16.2005 10.0584 22.0487 24.9534 12.5281 21.3073 32.8303 16.2778 21.5677 
21.2297 8.2121 23.9035 18.538 7.3418 10.1437 6.4294 20.6558 3.3355 14.595 
16.4536 13.8545 13.1756 19.1811 23.7046 9.6753 20.271 33.2486 15.7336 16.5378 
26.1825 13.4169 30.9512 20.564 3.6893 19.2465 8.1552 17.817 12.277 24.3102 
24.7345 5.0069 28.5586 14.0547 9.2383 6.126 10.4017 23.8839 3.6589 13.0328 
21.201 5.4561 21.1571 12.7192 16.8769 1.7181 17.1319 28.6313 8.2003 11.6202 
8.3791 15.7848 10.2433 27.1886 19.1102 10.9649 14.2996 25.7986 11.7788 25.3436 
21.8963 1.8573 28.249 10.2725 16.1578 5.4927 16.6067 28.4572 8.7549 8.2124 
6.6142 24.2946 18.1452 32.646 20.1777 18.5646 14.2689 18.4911 15.3467 26.0752 
28.6598 10.0831 32.1569 16.8766 7.3763 12.8877 11.2362 26.01 7.2716 12.9255 
15.1102 25.2569 29.2108 38.5812 13.8095 23.8228 10.8338 6.7173 17.1608 28.8958 
11.4178 23.3285 2.2457 25.3395 31.3553 20.638 25.5272 29.4631 22.527 27.9304 
26.9154 8.1243 29.0837 16.3118 8.3652 10.8746 11.3486 22.8277 6.1413 12.21 
36.4274 14.428 28.8469 7.6926 33.4457 17.4469 26.5316 41.5501 23.419 7.6543 
12.3342 19.0492 7.6376 20.4907 25.6428 14.0595 22.9681 33.9886 17.809 21.4331 
17.7169 5.4733 21.6667 18.3193 12.8654 5.3242 8.7016 20.6156 2.2742 13.2924 
9.1543 18.9047 4.7935 26.299 26.3978 18.1469 20.2868 32.2663 16.0827 27.8164 
29.3635 11.5647 34.4369 18.1963 7.0204 14.1358 11.9089 20.9372 10.1939 17.832 
6.3281 24.1207 3.8626 33.7987 27.7557 20.0854 21.1804 30.6204 20.6863 26.746 
21.2038 11.3094 21.8977 18.5828 5.9196 13.1848 3.381 14.9833 4.8944 20.4512 
20.0492 7.2615 25.3549 16.0476 7.8373 9.6488 6.4733 19.1337 1.7177 16.944 
18.1561 3.7991 21.7788 13.8161 15.577 1.65 13.4638 25.6952 5.3343 10.1726 
23.9382 15.6861 29.1768 24.9295 1.5487 18.3402 7.3069 18.0327 9.0802 24.96 
24.1173 9.3702 20.7364 13.5303 24.9303 5.8513 19.5362 33.6891 13.4832 10.2269 
25.6878 5.8065 28.3927 4.7307 20.3814 9.2506 21.3448 36.4072 10.8537 3.9092 
21.7419 2.5738 26.0605 11.7077 12.7444 7.3787 14.6437 23.6443 7.4666 8.9275 
18.5754 26.6395 30.6346 33.0369 17.565 25.6808 12.3239 6.6668 17.534 37.0743 
20.876 17.7945 25.2573 27.2886 8.4256 20.2026 5.4061 9.3281 13.86 27.8036 
29.063 15.2398 39.1499 24.5971 3.0016 19.8719 7.8928 15.1874 12.4041 21.3334 
7.934 17.4931 18.3183 25.5544 15.6443 16.8864 11.1962 13.9411 12.6605 25.7175 
8.2341 14.3745 17.2515 28.1575 17.0869 11.6075 11.2615 20.4098 9.5174 19.7879 
31.9095 12.3013 25.2781 7.4835 31.596 13.6 28.4114 40.9795 20.1473 7.0601 
35.3717 22.5169 37.0243 23.0022 12.5915 21.8402 16.4642 25.7045 19.0165 24.1264 
27.3666 20.7509 30.1154 29.7038 6.8959 23.1488 7.066 10.9527 16.3974 28.0359 
9.8989 20.6464 22.7704 30.1309 16.4248 20.5822 11.3918 11.3524 14.2172 26.4464 
14.4973 13.8989 12.0782 16.9222 27.2582 10.3171 25.4977 31.8895 15.4733 16.7836 
20.0891 6.3961 20.7441 10.6985 22.3665 3.2062 18.6025 31.3551 11.0833 7.9512 
26.957 12.7307 40.0927 16.7564 8.2684 18.0399 13.6496 27.2308 13.723 16.2286 
23.2807 15.0601 14.6786 15.3359 26.6963 10.4758 28.8476 34.2785 18.0386 16.6813 
13.8969 10.9832 13.4814 22.2684 20.0815 8.1394 13.3229 23.0852 10.1096 19.5219 
27.6626 4.2366 27.01 6.9967 17.5109 8.1098 15.9925 29.7644 9.5478 5.2812 
2.0189 22.7205 8.7637 30.8598 23.8184 21.8088 22.5651 24.808 20.0029 31.0497 
20.8705 2.782 21.0228 11.6016 15.8398 2.3217 13.4463 24.7564 5.2419 11.2165 
29.8378 9.9066 38.6249 4.1105 19.825 12.0956 25.1247 33.6945 17.9284 5.3562 
17.7776 8.324 16.2705 13.5787 22.9457 5.2865 18.0691 28.0956 12.4911 12.4652 
16.7037 9.2228 17.6132 15.3606 17.7459 5.1056 14.4366 28.0859 8.0838 16.9736 
12.3578 10.6462 21.2625 22.1486 11.5421 10.7227 8.7269 20.5052 7.0627 17.6144 
5.3368 17.5034 13.3763 28.6183 18.1635 15.5008 12.2002 20.0609 12.6763 26.9238 
19.3187 16.3959 12.0555 20.309 27.1489 12.1814 26.2474 37.9461 20.0313 17.4587 
9.5249 26.6265 1.6035 33.1605 28.3249 19.8075 26.428 35.0649 20.0373 30.3212 
14.8633 24.065 3.8765 31.8899 33.9099 16.779 30.448 38.6712 25.1761 29.5619 
12.0307 13.5593 18.485 21.5824 13.4102 12.0159 8.1993 16.5468 5.185 21.3682 
32.0701 13.846 31.06 8.6305 26.6131 16.0353 33.5975 37.9209 22.6811 8.3117 
31.3677 7.3178 29.5876 11.6999 9.2733 12.576 12.696 29.1737 9.4418 11.8644 
25.2033 7.7247 26.9889 13.3935 10.1047 11.6121 12.2191 25.6842 9.0387 12.8704 
20.1006 11.364 15.2584 14.2939 22.5297 6.7108 23.5312 36.7535 14.4039 12.7645 
27.3523 12.7702 22.5352 14.372 31.4637 12.6215 26.462 35.9742 16.5596 10.8425 
36.0419 14.1644 31.7202 6.5475 26.1063 14.5369 25.306 41.1714 17.4435 5.7727 
33.0073 7.2228 25.5981 3.0807 20.7627 10.5024 23.2543 32.3466 13.5531 0.7732 
38.5193 20.257 44.6816 23.4232 12.7344 21.2233 19.0991 24.2846 17.0703 25.8566 
7.4917 21.362 16.1453 31.7199 18.4031 21.2601 10.054 12.9639 13.5587 28.1936 
25.8807 17.0528 32.5116 23.5897 4.2147 18.2865 9.0674 17.7439 10.5256 21.2573 
15.5669 21.4781 23.5282 27.1836 10.8473 19.0161 6.0926 9.8604 13.1774 24.2796 
10.8338 13.1523 12.994 21.8203 16.5395 11.4097 14.6057 23.7204 8.9048 17.4602 
11.7132 19.3843 3.29 25.1832 29.4757 16.4544 26.0546 28.9117 23.3567 27.6182 
14.4476 10.2016 18.2017 21.873 11.4798 8.7282 6.724 18.9964 3.8296 19.753 
11.1509 15.1291 13.0325 20.7829 21.0921 9.8006 14.5271 28.1905 9.9247 21.9968 
13.7175 8.1798 20.7964 17.4822 13.5185 5.7338 11.8489 19.7635 4.5533 14.5364 
13.8334 9.5718 13.4228 21.7035 18.1043 7.7081 17.1489 25.7067 9.2205 17.0368 
17.5715 8.667 23.8508 16.0984 11.5443 6.116 8.3113 19.5198 2.7462 14.9914 
14.3024 11.5542 22.2823 24.9976 9.2117 10.7191 4.963 16.017 7.1812 18.6671 
35.6867 17.2499 36.1983 22.7095 7.9243 22.9561 13.603 21.6049 16.486 23.5551 
25.1588 17.7536 30.9178 27.603 6.0196 19.091 6.4902 10.0439 15.3702 29.2319 
33.3576 12.3537 32.5279 3.7491 29.2759 13.6096 27.1492 41.2125 18.5695 4.5339 
27.4237 4.0205 30.7853 9.3055 14.1055 8.8091 13.0533 27.1248 8.4468 10.1063 
29.0343 18.961 31.3186 25.804 2.8431 20.1945 8.5486 16.2528 11.5229 27.5825 
27.9312 6.2007 22.4761 5.9044 20.583 6.5853 19.2495 37.4073 13.2454 3.9655 
35.9807 9.9413 31.2571 15.0607 10.9475 13.6793 17.9069 30.2807 11.2853 15.079 
18.2791 10.563 23.7451 21.1888 5.9895 11.282 4.5417 19.1652 4.0021 18.1287 
20.6433 3.972 18.8303 15.0326 16.7913 1.6956 14.5852 27.4699 4.8127 10.0773 
9.7857 21.6149 5.8682 28.1465 24.7221 16.2799 21.6406 29.5042 15.5047 24.8324 
EOF