I 10
J 3
bounds (0, 100)
cv 0.5
D 50
k 5
t 3
FLR 0.4
FCR 2
λbounds (80, 120)

λ 
89.0437 107.2556 88.7685 
96.6945 117.4152 109.9029 
93.3348 87.1254 117.5234 
102.2788 117.7595 100.8911 
116.6991 80.4124 110.7457 
113.8502 99.3046 108.0018 
92.0743 95.6035 86.7049 
112.6337 101.6605 82.9441 
113.9713 89.1189 103.1139 
83.4846 101.8508 119.8381 

Icoords
29.6553 8.5752
44.0502 75.2754
65.5611 51.3224
99.7642 85.7351
9.0053 15.6549
85.8594 94.3899
16.095 69.26
6.5753 16.2628
78.4915 51.5171
65.9864 66.8124

Jcoords
77.6452 26.2175
27.3669 37.3749
67.4631 31.3519

C
16.106 10.4699 13.7889 
19.104 16.0298 15.6041 
10.6014 15.3537 6.6462 
24.1217 30.3852 24.5863 
24.3276 9.7923 19.1452 
25.9968 29.1689 25.5775 
22.8551 12.3507 21.572 
24.3566 10.8362 21.7797 
9.2218 19.8015 8.0513 
16.5227 18.7634 12.8336 
16.9087 11.4291 17.5274 
23.0461 15.9635 18.1028 
11.1057 14.024 6.1647 
19.9564 32.9275 21.8095 
23.4387 10.0682 18.2312 
24.6852 27.764 21.4798 
28.5031 11.9144 22.1082 
26.6172 8.9635 23.693 
8.3434 16.168 7.256 
13.4015 16.1898 10.8568 
15.8861 11.0102 15.1792 
20.8461 13.8516 18.8344 
10.008 13.0075 6.1166 
23.7598 34.0854 24.9974 
26.2444 9.0728 24.1146 
26.0036 32.281 23.66 
26.7006 11.698 21.1953 
24.3207 10.7325 22.2941 
7.9663 20.3267 7.0584 
15.9103 19.2587 11.5311 
EOF