I 100
J 10
bounds (0, 100)
cv 1.0
D 50
k 5
t 3
FLR 0.8
FCR 2
λbounds (80, 120)

λ 
116.269 110.7449 100.0756 
107.7169 89.9757 103.3538 
87.5092 86.374 116.402 
94.2702 109.6646 108.0256 
118.0856 86.3868 86.0732 
95.7408 107.9572 88.8637 
115.5093 100.5044 100.802 
114.0899 86.1147 110.1574 
100.3727 86.8854 83.3068 
91.7638 108.4569 114.6906 
81.7006 105.6355 97.9543 
104.0657 108.6729 109.2332 
92.6358 112.6503 94.8321 
101.2469 83.9113 107.3837 
89.032 114.5117 112.3052 
86.1252 118.067 108.5652 
107.5292 110.4578 106.8174 
96.3914 90.8939 98.8966 
98.6016 107.8222 113.8892 
99.8052 86.4158 108.7336 
88.9471 97.3925 100.1686 
105.3575 99.0012 115.3849 
88.044 84.8008 94.5473 
112.2503 119.3015 110.9905 
93.4687 90.1027 117.8734 
117.9592 82.0961 95.4463 
111.2173 96.6651 110.9874 
107.3011 95.2277 93.984 
93.999 99.6986 97.087 
91.5546 88.6994 90.0115 
112.6337 118.0133 119.4209 
95.2427 103.4244 119.264 
90.1445 118.7283 80.8662 
102.4523 118.8486 84.7915 
104.1342 104.5826 101.4732 
112.9065 97.8911 85.1305 
98.0722 119.6466 115.0062 
97.2378 81.6904 103.8426 
81.5795 104.3688 95.6803 
80.7068 93.9647 118.7087 
102.9715 98.6883 80.4938 
104.1521 116.0675 114.6094 
114.1027 108.7481 87.7023 
89.199 83.5458 116.1007 
85.3742 84.4628 119.0754 
108.1315 96.4925 107.1958 
101.7379 117.3243 100.7182 
84.9539 80.0013 82.0689 
101.0976 101.6241 114.3147 
97.5674 100.0138 88.2179 
104.3937 87.2813 85.9377 
113.1398 96.7616 104.9382 
88.5572 84.3563 110.3544 
80.9383 111.5309 119.2136 
117.2919 92.5728 98.4177 
89.3252 86.669 88.1949 
99.5102 87.877 88.0799 
89.9497 108.7805 84.7649 
118.4876 107.6259 95.3712 
96.3845 104.9435 105.4012 
81.9352 119.6957 104.8417 
92.174 93.3436 87.1708 
114.7876 97.2531 87.4515 
92.5043 98.0379 95.0798 
118.5658 87.0955 88.9684 
115.9531 112.2419 80.5048 
94.2387 92.1409 95.5097 
119.9629 106.884 98.7007 
98.1838 80.7897 114.5719 
88.2356 100.097 86.2471 
83.0098 114.1661 113.0329 
101.4348 112.0567 105.3396 
80.1515 98.7194 114.8832 
101.6223 89.8006 100.8511 
89.6724 114.8957 114.7938 
117.1 97.39 110.3818 
92.2918 81.0247 98.2182 
96.1794 104.7805 80.7146 
112.6208 80.6561 95.9573 
116.7088 103.6016 119.4877 
110.9154 116.7722 92.5229 
82.8151 80.9705 85.6329 
102.1172 104.0565 118.4825 
81.154 83.6464 115.3328 
117.6678 88.9792 99.7631 
118.4274 118.752 92.6468 
90.0849 109.0416 93.3625 
106.0888 112.6759 104.0517 
102.2102 87.5667 93.8374 
90.654 111.256 107.6268 
81.9554 116.2347 111.522 
95.1883 96.6659 87.8281 
87.1292 118.1992 97.9895 
116.478 95.5573 88.9683 
88.5381 106.9691 90.6885 
116.5741 93.9622 118.2902 
107.2068 111.359 93.355 
87.6768 94.9898 113.6999 
91.2958 106.6962 84.0235 
83.4012 85.2495 90.0951 

Icoords
82.8512 96.4111
19.781 31.956
76.0655 78.7064
12.5807 95.081
28.0707 15.9286
3.4636 90.981
17.6846 14.338
47.8089 8.1825
29.7667 74.1008
15.2079 46.8352
88.5413 8.9469
34.3189 82.2702
97.5193 83.5697
3.3617 26.7577
95.3008 7.3417
60.9811 31.5807
44.2147 7.9702
74.8853 61.0737
98.139 45.6957
69.7255 8.191
19.369 9.31
1.6751 50.041
79.9072 24.1481
10.4474 88.0913
41.8643 46.5643
29.9551 84.6888
94.7196 27.7855
12.9453 83.3847
29.5002 53.6346
74.2383 29.2039
83.4081 58.4869
41.3045 32.4423
49.5659 32.4521
64.6408 13.5726
0.9337 99.3932
25.2218 79.7815
98.1831 36.0411
59.0846 66.3301
14.4852 31.0917
35.7155 94.8597
60.4064 19.8589
28.2143 33.6165
77.5 29.1493
88.1397 45.4555
65.1141 18.423
93.1009 40.5917
48.3658 68.3686
29.2345 79.6456
45.3037 25.4575
75.2393 1.8314
12.0323 28.8736
80.8645 59.5777
15.6589 7.9482
43.2624 92.1832
61.4255 72.036
70.5477 73.7515
65.3771 96.691
61.6409 11.8519
9.6382 24.9953
56.8982 32.0913
30.8518 83.0984
66.4235 6.7291
94.0899 68.5229
82.0423 52.145
42.5027 70.1035
6.4432 68.2952
34.1901 96.7122
73.4054 71.5507
40.0927 82.6019
24.509 2.7688
8.2292 46.0567
66.9446 39.9917
43.0225 58.3013
89.9765 50.1541
51.3464 46.8973
29.6267 48.5511
65.149 52.5116
97.5337 85.3559
93.8064 45.5221
65.2679 4.1506
12.4516 5.0926
1.6399 28.3762
50.5103 55.5852
95.4205 21.7102
67.2166 76.1993
58.6755 90.3941
44.905 49.4542
53.0411 2.4093
20.4917 11.0764
45.8071 31.9016
24.6987 53.5189
79.6705 35.448
93.9036 72.9362
2.1576 36.3594
8.0654 39.0805
25.454 3.9032
97.7615 96.3469
74.2585 8.3692
64.4539 41.5319
37.2818 69.4665

Jcoords
82.0769 89.6094
10.8927 39.3005
36.7801 65.3201
3.8957 62.8648
25.2183 93.9507
20.241 8.3024
53.0273 15.9331
71.9127 7.6118
5.1915 84.2875
55.2623 73.2743

C
2.4014 35.4884 16.7019 32.5302 17.9113 39.247 33.8843 27.3511 28.469 14.2837 
29.0291 3.8165 11.7503 13.3204 21.2711 8.2401 11.3301 22.3008 17.8465 20.7446 
4.7884 27.3566 13.2686 26.4519 18.9985 32.8044 25.5768 25.6377 23.6741 8.1122 
26.2254 21.0054 15.0209 10.8507 3.8686 33.5484 29.1094 40.692 4.6724 14.4604 
27.7533 9.9054 19.5398 16.9317 30.5426 3.3358 9.5758 16.0289 21.9358 22.4732 
30.3415 17.2925 14.7354 10.4998 6.7319 32.0329 35.1925 33.9463 2.2978 17.895 
31.807 10.0815 21.085 17.9241 28.5887 2.4456 11.4627 20.5843 27.847 25.5893 
29.6394 15.4067 18.7088 24.8829 28.2577 8.3973 2.9273 8.5086 27.8597 21.5027 
19.8274 15.2141 3.7242 8.8114 7.4452 24.6524 20.8925 28.261 9.162 8.071 
28.6798 3.2101 10.9856 6.2095 14.8499 12.2293 19.5112 23.3736 12.8479 18.2088 
31.6321 29.7633 28.0873 40.1137 38.901 25.0058 11.4628 6.6295 38.661 24.3713 
14.8435 16.2189 5.2617 12.2726 4.9249 24.7195 24.0134 30.0253 9.419 6.9338 
6.5265 31.218 23.8973 38.2488 25.952 39.6981 31.9138 30.444 32.2234 13.9004 
37.0986 5.517 20.1815 11.848 27.7758 9.0912 20.0022 21.7794 22.4134 21.6614 
28.4384 27.9973 29.4008 34.4584 35.0614 27.0012 17.2119 9.3138 41.1996 28.888 
19.0913 17.3072 15.1844 24.9902 23.0354 18.1493 6.1453 8.4459 26.9698 14.843 
27.1325 14.0186 23.0394 26.5018 34.0417 8.8975 4.6488 9.8004 32.4947 21.3002 
9.0462 25.3415 13.983 24.5773 17.9164 24.0812 17.5991 21.3696 28.1565 8.5795 
16.3844 27.9937 22.0834 37.3982 31.3477 28.4888 17.4404 18.2188 35.5967 17.8839 
26.4343 23.333 21.6705 32.3296 30.2714 19.4474 5.8162 0.7338 32.4473 24.2282 
31.5228 10.8112 18.2179 20.8097 27.9726 0.4203 12.4214 16.0342 29.9501 27.6444 
34.9034 4.3465 11.9797 4.6319 19.3314 15.1343 23.9439 31.2888 12.4383 19.8759 
25.7928 25.7832 19.7238 26.2821 28.314 22.5269 8.9325 6.3643 36.1686 17.5657 
22.0883 17.8826 11.5962 7.9207 4.7799 27.7096 27.4813 33.2256 2.1923 17.9929 
23.1089 12.0345 5.8823 14.4867 18.6536 17.4435 11.4693 16.9922 19.8976 9.2992 
20.0671 14.9754 6.4175 11.7133 4.0904 23.5163 28.1174 34.98 8.3539 10.8412 
22.408 30.5034 24.7007 30.5817 38.0288 26.1055 13.3414 9.2412 42.1138 21.0038 
27.3133 13.3985 9.1456 7.7372 5.8447 25.7312 29.7999 33.7489 2.7048 16.9029 
22.8387 7.8193 5.1986 9.1995 15.9171 18.2204 14.5142 22.2616 14.7528 12.514 
23.1709 24.8563 16.2865 24.0417 28.8459 19.0438 9.793 8.5348 30.6406 14.7209 
10.2643 25.9687 17.234 27.8157 24.28 29.8742 18.3837 17.2224 30.8776 11.4108 
23.1928 10.1071 11.2606 18.7229 23.6125 12.3986 6.2445 11.8871 24.1043 14.1969 
24.7573 13.4595 11.878 21.1852 21.8404 12.6351 6.7089 10.1709 23.1043 14.5705 
23.9414 20.8798 22.6797 31.0097 29.2927 17.2899 4.2545 3.0305 35.2261 21.3452 
26.4563 23.372 15.2079 12.3028 9.8727 35.905 33.7456 43.7183 5.8995 22.6596 
19.277 13.0501 5.6853 8.3731 5.2681 22.5418 22.8489 30.0761 6.9538 9.7621 
17.5139 30.1449 21.4419 35.2609 33.8237 31.3054 19.2037 15.4331 34.823 22.5291 
12.2404 17.1731 8.5737 17.568 16.9169 27.2611 15.8116 18.662 20.5411 3.0375 
28.8505 2.7804 14.1542 13.0884 23.824 8.6663 15.444 20.871 16.5731 21.1915 
14.6272 21.9311 11.6491 15.5723 4.2062 27.1791 32.0383 32.0026 10.1464 9.3157 
26.8346 19.1444 16.774 28.1641 27.5762 16.4964 3.1394 6.4848 31.8362 17.934 
24.7844 6.1436 10.1674 13.355 19.4274 8.3017 10.192 19.1555 21.0937 14.4587 
19.9422 25.5896 16.9059 27.5908 28.6755 21.2483 9.6623 8.8223 32.6539 16.5777 
16.6863 25.0531 20.2703 30.4869 29.3455 24.9147 14.3954 14.4157 30.4438 12.9461 
28.2985 18.6681 16.7608 23.8446 32.0913 17.3789 3.8564 4.3626 35.0389 17.0196 
16.7909 31.654 22.8511 29.2105 33.1905 29.4072 15.4379 12.3048 29.5394 15.5147 
13.6588 15.8781 4.7633 13.6265 12.6615 23.0412 17.7826 25.0997 16.3079 3.2135 
17.5571 16.2916 5.5552 11.5032 5.0265 23.0249 22.5113 28.4171 9.6699 8.1273 
23.6843 13.3231 14.7728 17.6057 22.5339 9.4334 4.3189 10.3935 26.4735 14.7701 
26.7477 29.4642 24.8964 32.1849 40.504 18.6955 8.2956 2.2115 32.5552 28.7386 
31.6974 3.1488 14.4278 11.2998 24.8666 7.5881 14.3411 20.3147 17.4315 24.602 
9.7051 27.4647 15.2798 25.7772 22.2316 29.3145 16.0062 19.5686 29.2151 11.4255 
33.5467 11.0803 20.7863 21.5214 27.5864 1.507 12.182 18.7947 23.1777 29.3273 
13.6655 22.4761 9.2077 17.214 6.4182 32.662 28.0048 27.4485 13.7872 7.0478 
8.8237 23.8369 9.8447 17.838 16.3239 29.2982 19.0549 24.4575 17.6861 1.928 
6.7268 21.9271 13.8452 26.5683 19.7463 27.0761 22.3595 23.0612 21.4157 6.0284 
7.1577 27.9344 16.3811 25.9428 15.4206 32.4039 27.2458 34.6645 19.4798 8.2033 
29.884 19.1204 23.2028 26.6365 28.9296 14.2606 3.3008 3.4604 31.6827 22.2001 
34.4594 5.2271 17.9997 11.6401 25.888 5.9999 16.1167 19.875 18.3073 24.2655 
25.0397 14.6173 12.4924 20.5377 22.9627 15.3255 6.3089 9.6605 27.2505 12.9375 
20.123 18.4198 6.1619 11.6282 4.1708 24.6654 26.2413 27.902 8.3588 9.0438 
25.3796 19.4101 23.9079 32.0656 38.3255 15.628 5.3279 1.9893 32.4908 24.1087 
7.8848 33.5261 17.7765 28.458 23.3682 33.4658 21.698 23.4529 29.3518 13.7653 
11.5765 23.9601 17.1875 28.901 24.5075 23.4367 15.7814 16.1994 25.2904 10.9738 
15.7157 14.309 2.8551 15.3309 9.7487 25.3623 20.7544 25.8032 13.4119 4.085 
26.6306 11.3494 10.4951 2.3723 11.6612 19.4096 27.6064 33.7343 5.8181 19.4621 
16.8421 20.403 10.656 15.8078 3.3785 33.3759 25.1245 32.9457 10.881 10.6026 
6.4706 25.7731 12.1634 23.8942 16.4465 27.6462 21.3299 22.5574 21.0468 6.7432 
14.1443 18.1593 6.245 13.2673 6.8551 24.5637 23.8235 30.0594 12.7258 5.6807 
38.5187 11.9105 19.8243 19.8541 32.9906 2.6667 10.1015 18.9315 29.8327 24.3069 
31.3272 2.7415 13.6561 5.9259 16.1652 12.9911 17.6313 25.5449 14.1938 17.0467 
17.6319 17.8203 15.0423 21.6032 24.774 17.8124 10.1115 11.839 29.0309 13.2557 
16.1576 11.9038 3.2087 12.6566 15.5288 21.3624 13.1427 20.2513 14.6822 7.2077 
14.1116 30.4533 21.4184 29.5326 30.9115 25.2774 16.8007 16.5601 36.1022 13.5053 
16.2748 16.382 9.042 15.35 19.3594 19.1833 11.6101 16.9258 21.4195 10.1705 
25.4981 6.3976 5.8139 11.0181 17.2463 13.8988 14.3554 17.7218 13.52 13.3022 
15.1407 22.0965 10.9098 24.4823 22.8174 19.8 13.5642 14.748 21.4972 8.4305 
6.2346 29.5345 20.7973 31.5772 22.5319 35.4594 31.7405 29.8942 35.6465 16.9305 
15.5796 27.2306 21.9065 33.6604 29.3112 32.3349 17.9414 14.8189 34.7333 16.9607 
31.0933 22.8881 24.5822 26.7629 34.1585 17.0562 6.4817 2.3923 33.0713 22.3292 
40.3297 11.9236 21.3834 19.3136 34.1487 2.7558 16.5098 22.8476 28.4468 25.6417 
31.5407 4.6112 19.3955 10.9182 27.5324 9.9671 21.0009 26.7092 19.0258 26.737 
15.135 13.1586 6.6685 16.2628 13.8362 18.2068 13.5963 18.3911 19.8588 6.0242 
23.4512 27.8529 22.3621 40.0203 31.3983 23.177 14.8977 10.5862 41.3417 25.9402 
7.8885 21.2507 10.0814 23.6708 14.276 31.663 24.0289 27.1486 23.7003 3.8533 
9.0427 26.723 10.832 23.7508 11.7087 31.97 23.896 28.1598 20.7251 5.5408 
17.0888 13.2505 5.5401 13.9104 18.115 15.9235 12.372 18.7553 20.6653 8.0573 
28.6842 21.5426 22.1706 24.168 36.0795 11.6905 5.0904 6.0684 30.0721 21.9222 
35.5091 9.4742 21.5049 20.7959 24.9359 0.8729 13.0334 15.4664 26.8431 24.8188 
22.7311 10.9532 13.5765 19.3687 25.2024 12.5881 5.2855 13.6891 24.0421 13.8225 
23.562 7.5191 5.2946 7.4461 13.0969 15.1301 17.099 22.2978 13.2246 14.4514 
18.8125 22.6771 20.5361 27.0273 31.6333 22.3971 10.948 10.5012 35.59 15.0044 
7.4919 33.068 22.5329 34.2081 25.8078 31.2713 24.1226 23.7452 34.209 14.008 
32.5942 3.2268 16.3445 10.0432 19.1011 12.7043 21.7022 28.383 16.7268 25.3331 
29.6895 1.0884 12.1945 9.4222 20.0463 12.3095 19.1055 26.0096 16.3164 20.8124 
32.1107 13.6298 22.6203 22.5503 32.9215 2.2756 10.7999 14.4434 25.367 22.8853 
6.7685 41.2376 25.7878 37.1527 24.5402 41.4451 35.4458 36.5257 32.916 15.9824 
25.2763 26.0684 26.6706 32.4043 39.277 20.0405 8.9252 0.831 37.4924 21.6071 
17.4304 18.2534 13.911 21.098 24.0691 18.6001 9.792 11.8639 25.35 11.6092 
16.5569 15.7072 1.6422 13.2761 10.8988 23.8926 20.0158 21.7985 13.1811 7.0962 
2.2187 31.5473 19.2197 25.8303 22.0762 43.2247 26.2886 34.9651 27.9738 11.7093 
32.7893 3.4694 12.1771 12.6914 22.8767 7.4428 11.9612 18.3711 17.4825 20.5703 
4.2294 26.5036 13.2852 28.1439 21.0953 33.1368 24.527 27.6104 27.9326 7.0307 
24.0434 17.3612 13.4559 10.1834 4.4078 30.0376 30.8782 32.5853 5.1106 14.5898 
35.3631 11.0802 15.6328 17.0268 23.7736 3.6746 9.3812 13.5612 26.5204 22.0163 
24.9635 16.1804 14.7186 8.4724 8.6904 28.11 33.6276 33.3962 2.2882 21.1466 
32.9065 8.5578 19.2122 18.4891 31.0437 2.5406 13.4864 16.874 25.7651 27.3856 
33.1643 17.3332 18.4877 26.9097 27.0249 10.0762 3.1451 8.7618 29.2553 25.9448 
21.0932 14.351 3.913 9.5137 6.7793 20.9891 23.5299 24.7815 9.1593 9.2394 
28.4813 2.7933 11.0396 6.9452 19.1513 15.2332 19.2963 26.1867 11.6616 18.4679 
29.9084 27.3789 24.0693 31.5831 37.2157 24.3365 13.6924 5.6602 43.5708 24.9435 
15.8872 16.4245 5.2052 12.6731 5.7156 22.7393 26.5291 32.6918 10.0643 8.3471 
5.3343 33.8252 19.6607 30.5012 26.6386 32.9883 30.2379 30.8688 28.7887 15.2965 
32.4248 5.4467 17.5944 11.0175 26.942 8.9336 18.8534 26.3417 19.4952 21.8147 
26.6136 28.954 25.4631 32.7579 44.4089 28.1047 16.0688 8.1794 46.2592 24.0515 
24.0247 19.9273 15.3547 20.5702 27.2772 16.7932 6.126 8.4538 23.3242 15.0198 
30.4892 17.481 18.0892 22.4015 27.8515 8.9239 4.0502 8.3101 33.309 24.2939 
11.5564 22.7796 13.1702 27.4746 23.6344 25.5321 18.9834 16.7327 29.229 7.0706 
16.0009 28.7461 21.8257 32.6468 32.1871 31.0551 18.1862 17.1091 31.2087 17.3078 
25.6355 22.9137 21.0572 29.3431 36.1459 16.998 6.7218 0.884 34.353 26.135 
37.2996 10.5557 19.0332 19.4105 30.1361 0.5213 11.9994 16.3023 23.4489 27.3731 
31.4265 5.3047 11.681 4.5733 16.7206 16.5778 21.8787 30.2631 12.1354 20.7754 
20.2386 26.2566 21.7629 32.7311 31.1959 23.8048 9.593 5.6608 34.1736 19.9895 
26.1793 18.1753 12.289 9.8207 5.665 25.8205 26.1408 31.6053 2.577 17.9457 
20.0693 10.428 7.3708 13.2347 16.9259 14.3494 12.5517 17.8629 19.7187 10.1748 
16.282 15.0936 7.4053 12.4951 4.0332 26.7042 27.9143 32.9089 8.2201 10.6746 
22.1429 29.9026 21.3456 37.3484 36.6374 24.1809 16.8999 11.6924 33.2845 21.7986 
25.2102 13.8354 10.3269 7.4636 5.89 24.577 29.2349 29.7931 3.0733 13.2482 
25.387 8.1505 5.1105 10.7672 13.4318 17.2302 14.4075 22.7247 15.281 12.3553 
19.0655 19.2756 17.0826 24.1353 31.875 21.7304 9.0999 8.3263 30.0753 19.1353 
11.3514 24.4385 14.1614 31.447 25.0841 25.4209 20.2085 19.2618 27.7066 9.6876 
27.3286 9.5241 12.8237 18.5011 19.6517 12.2992 6.5623 13.2823 21.8613 16.2811 
21.8443 12.1831 11.737 18.4417 24.6118 12.8289 6.5773 12.6134 24.5168 13.8491 
25.1037 22.8522 20.3171 29.0306 35.4968 15.4657 3.7165 3.6624 36.7227 21.3331 
25.1568 20.1011 16.1525 11.7494 8.2102 28.4092 39.0386 44.7045 4.7365 23.9738 
20.7772 13.8617 6.8683 9.3613 4.5101 26.0958 25.5858 27.635 6.4426 9.424 
18.3082 31.7784 26.4963 35.9079 35.9382 31.6942 18.5216 14.8525 39.1811 19.4324 
12.669 21.8642 8.2299 17.6289 16.5323 27.3309 15.5985 23.3561 19.138 2.9329 
29.3511 3.5062 16.1395 11.809 24.8252 8.6733 13.7749 20.2319 20.4396 18.346 
18.1405 24.1157 10.1121 15.5903 3.8111 32.6219 25.2105 35.7904 11.4094 9.8923 
26.5425 21.1711 17.6501 24.2299 27.2563 13.1738 2.8327 6.2311 32.1671 19.7854 
27.9777 6.6158 10.0262 12.4535 20.6718 10.2843 9.6527 20.264 19.0066 18.0205 
21.7855 25.8119 21.3013 27.7608 30.424 24.3195 9.6178 7.2981 30.6443 18.0008 
16.3654 30.462 18.6678 30.5041 24.6426 26.9039 17.1111 15.2063 31.3963 15.6034 
28.218 20.417 17.8457 29.6317 27.0858 15.0697 3.8675 4.8262 29.4647 19.8841 
17.8309 31.3252 20.1324 36.6028 26.2226 30.6902 16.6236 13.7277 38.2766 16.1397 
13.1249 15.769 4.568 14.3838 11.6024 21.0116 19.425 19.9846 14.725 2.6888 
17.6431 15.0418 5.9001 10.6036 5.0711 26.8432 26.5443 29.38 7.6301 10.4666 
24.6604 12.5627 14.304 19.6035 24.6681 11.8267 4.9025 12.6042 25.5835 17.852 
26.8358 28.526 26.7447 36.3723 36.5941 18.4131 7.9852 2.5784 39.696 24.8366 
32.8841 3.347 16.1151 13.9631 21.4736 8.7243 13.361 21.7826 21.5186 18.9194 
10.5617 22.2559 14.3996 30.7386 20.3348 31.5615 15.9751 20.5494 28.2757 11.4081 
35.294 10.0338 21.5261 17.8765 31.8265 1.649 13.1067 20.2686 28.9259 22.9638 
15.4821 22.5629 10.5314 15.3733 6.4635 27.9388 27.2668 27.2164 13.204 7.489 
9.7511 18.105 9.9086 19.7255 13.2216 29.1768 19.6846 21.7944 21.6803 2.2927 
6.8954 20.7836 12.8497 25.1771 16.2724 29.3792 23.7853 20.6929 20.0785 5.5207 
6.3596 31.0443 16.7376 22.2657 12.8163 35.2423 28.169 35.4148 19.3016 9.2619 
28.1152 22.6225 23.0083 25.5346 35.8993 12.5985 3.1206 3.9749 33.5469 18.7481 
35.6242 5.5186 16.4296 14.8767 27.521 7.3565 14.2639 21.1099 19.2171 20.0939 
21.2788 17.9283 12.069 22.9464 24.1581 13.9489 5.8852 10.5105 28.2865 14.0133 
16.0127 14.9063 6.5967 12.6394 4.7479 28.08 22.627 34.175 8.4153 9.0965 
26.8894 25.114 21.636 28.049 30.454 16.9865 6.3681 1.9793 36.7992 25.1613 
9.353 33.9229 21.7945 28.6478 27.0463 29.8448 22.4653 25.7217 30.6248 12.3141 
12.7529 27.4522 18.3566 30.4471 22.8427 29.7561 17.4194 14.7699 28.8224 12.3894 
14.7891 17.5354 2.3427 12.4753 9.6692 21.0859 21.2787 24.6152 14.5495 4.5386 
23.9353 9.9883 11.2511 2.1528 12.6563 23.6017 24.4175 35.2964 4.838 17.5532 
18.1492 24.1824 9.9568 16.1257 3.7295 28.2742 32.1086 37.3191 10.8747 11.9326 
6.719 24.2959 12.4049 26.5911 18.3914 32.174 22.0111 20.6387 26.0709 6.2456 
13.3484 16.3 6.1728 14.0671 6.5857 24.4022 22.2955 25.1391 11.0381 6.2773 
36.4245 15.0138 24.7006 19.4983 27.8387 2.7583 9.7905 17.4544 32.9325 30.7221 
33.2648 2.2375 13.5597 6.7174 17.3391 14.4966 18.3709 24.1241 14.4201 16.9434 
18.9028 17.9548 15.6765 24.7823 25.231 20.9448 9.1275 9.9816 27.5261 13.1358 
17.2237 11.7918 3.2613 12.7157 12.7952 20.5602 14.9885 19.2128 15.5084 7.668 
15.4233 29.3118 21.0533 32.6477 27.9798 24.7244 17.2238 17.6046 28.0043 14.7941 
15.9486 15.5917 8.2176 17.0172 18.3368 16.5809 9.4642 14.8771 18.8593 8.0132 
20.2892 6.3683 6.9916 10.4586 15.212 16.5273 15.632 19.4345 16.7496 12.7003 
15.6708 20.4436 9.9698 19.6989 17.7015 22.661 15.3561 17.2908 22.0468 7.3244 
5.6767 30.6629 22.966 34.9284 24.2287 35.4485 31.2869 27.3485 34.6491 15.1192 
14.5668 28.5194 18.5985 28.8989 27.019 26.4731 18.9642 16.1322 29.0653 14.9564 
31.3633 23.6521 21.8224 29.226 30.4123 15.8263 5.6152 2.7384 31.9496 23.9775 
43.3301 13.3789 24.092 19.1268 29.328 3.134 14.3216 18.2412 31.6597 27.0104 
35.5541 4.3765 16.168 11.5887 21.6789 10.0957 16.4327 23.2872 19.0818 24.8347 
18.4999 13.2143 6.4211 16.9328 14.5025 17.8138 13.3618 19.1528 20.1324 6.0627 
22.4893 30.892 22.1941 40.1106 33.5641 25.0861 17.037 10.4053 38.7722 21.4044 
6.071 25.6678 11.1092 19.7429 15.0375 30.6145 24.2703 22.845 21.1295 4.8231 
9.017 23.9807 13.2487 21.9667 12.0014 33.6016 27.3459 29.6269 18.4373 5.3714 
19.9561 12.1643 7.0285 14.4454 17.6576 17.4492 10.4922 18.1128 19.6986 8.3118 
33.9505 21.1281 23.5092 24.7757 35.1419 12.3104 4.6089 7.5699 31.817 27.7076 
34.1617 9.6531 16.9909 17.4296 30.6386 0.9303 10.1386 20.3316 27.4938 27.9399 
20.4546 12.6877 12.538 18.3734 20.1292 11.8887 6.7349 13.7462 20.9002 14.2172 
23.1417 6.6768 6.6271 7.2865 15.6807 15.4345 16.4354 24.9319 11.4467 11.1397 
16.4596 21.575 16.9818 25.1094 26.838 24.7361 12.6059 10.5503 28.4114 15.0764 
7.0402 28.6344 20.5217 33.6738 27.4383 33.4861 26.732 23.3179 33.8066 13.9501 
32.3157 3.2001 17.4188 10.0246 22.3394 12.8045 20.1948 22.9509 14.7146 23.0953 
34.9409 0.9531 13.2214 8.3211 18.1377 13.1866 15.9196 22.6427 14.885 21.5818 
31.669 13.1858 22.9013 24.1888 28.8153 2.4058 11.2842 17.319 27.1742 27.1664 
5.6828 40.9362 26.5609 35.6877 24.6782 38.5241 28.3879 35.1763 34.9137 16.1227 
28.2634 27.1119 26.0775 33.1163 34.3551 19.8028 6.89 0.8211 39.4116 20.9444 
19.4018 17.4654 12.9549 22.5298 25.3001 19.4242 9.2089 10.7838 24.7289 10.3435 
18.0451 13.0499 1.3687 11.4451 9.0755 21.3212 19.614 27.4696 11.1204 6.3023 
2.6787 30.2428 20.4036 28.4039 22.4627 36.3611 30.3911 31.2252 28.2489 11.7309 
27.9936 4.1958 12.8886 13.6749 19.1863 9.3828 14.3011 22.2893 19.259 17.5531 
4.5905 28.0573 12.5631 22.6171 16.9813 31.4387 24.9148 25.011 26.6814 8.3702 
27.0759 19.2977 15.1245 10.1333 4.1541 31.1178 33.8025 35.8618 4.4199 18.1509 
35.4453 10.0737 16.9419 19.2865 25.9909 3.6047 9.6108 16.0914 24.1344 24.4089 
28.2815 18.6344 15.2863 9.6956 6.7538 28.1353 35.0037 38.4229 2.564 20.1777 
29.7664 10.3118 20.4208 18.6556 25.27 2.5098 13.5571 18.404 24.351 26.5468 
30.4698 14.866 22.6892 22.5756 31.5837 10.906 3.4029 8.8751 29.2379 21.3193 
18.9107 14.2085 4.394 10.9099 7.1947 26.135 22.5087 24.4115 10.6065 10.0148 
24.9648 3.0798 10.1447 7.5142 17.8219 13.0026 17.5137 25.9109 12.1617 17.1577 
28.2091 28.8712 26.2582 35.3265 36.3041 23.8788 11.0828 5.2549 43.1214 23.2777 
15.317 17.4424 6.2003 13.6943 5.3825 23.3793 23.5171 33.419 9.5592 7.0752 
6.3855 34.8758 23.7894 37.1653 27.3033 39.8492 31.2499 30.7005 27.7453 16.3447 
30.793 5.3502 16.5483 11.9527 21.9889 8.8586 17.9944 27.9146 19.2592 22.2747 
27.4302 33.2683 32.0451 32.9825 42.047 24.4565 15.6331 7.756 38.3321 28.1089 
21.2153 17.2109 16.127 25.7713 27.3851 17.1827 6.2243 9.9528 30.6231 14.6242 
30.5882 16.8772 20.5122 21.0666 32.0164 8.6074 4.6642 8.4098 30.9004 24.9363 
9.7171 20.8261 12.9401 24.6554 19.6914 28.8974 17.4587 16.0955 26.9812 7.9209 
14.8366 32.9539 19.3777 29.6771 31.6887 27.8407 18.1159 14.8155 30.4237 20.3666 
28.8554 23.2864 20.2263 27.2465 30.8318 15.2066 6.8046 0.7989 36.3884 25.375 
35.8528 10.1973 20.9394 21.9859 30.6027 0.4857 11.0492 18.9466 28.4774 24.5272 
27.3044 5.6359 12.753 4.9455 16.2124 17.1306 20.0416 26.7756 11.8806 21.5405 
23.2057 26.6028 21.2025 33.1832 28.0213 20.4835 11.1108 5.9584 37.7511 19.7202 
26.5017 19.239 10.597 9.1926 5.5411 30.5795 28.6543 31.5952 2.1936 18.0968 
18.5849 9.7822 6.8889 15.4081 15.3739 13.2375 11.3781 15.3293 20.0291 11.3551 
17.8735 15.9797 6.7255 13.0661 3.4475 25.0409 27.4139 27.1959 9.2529 9.6085 
21.3226 33.1603 26.827 29.3452 37.6066 24.204 13.8615 9.9903 33.528 23.1354 
21.3787 14.0869 10.3777 8.5244 5.375 28.2055 23.8524 32.5679 2.9664 13.3178 
23.9026 9.0783 4.966 10.1412 12.7061 17.2441 16.594 24.4583 13.0354 11.96 
20.8624 19.4809 19.4606 29.4303 26.8481 19.0091 7.964 8.5782 28.2646 15.9685 
11.8 28.7591 18.7326 29.8384 23.3737 26.1873 16.3498 16.8052 28.0114 10.1582 
27.2022 9.7985 13.1854 18.26 22.5127 10.2809 6.5117 14.1888 19.8268 13.8474 
19.865 15.3133 11.6946 20.4225 23.7321 11.674 6.6954 13.3251 25.049 12.592 
24.4016 22.1907 20.799 25.0878 27.7081 13.95 4.5117 3.7348 27.8538 20.5838 
24.6664 20.4726 15.0348 12.0023 8.0833 28.9027 30.0168 42.0707 5.9654 23.16 
18.9366 14.7292 6.3444 8.2098 5.5798 24.7129 22.4729 26.4058 6.6459 11.1146 
20.0647 34.7832 26.4283 38.888 32.1935 28.1451 17.7802 13.4629 40.8888 18.421 
11.8707 18.2727 6.9728 16.8271 13.766 27.6451 18.0298 23.314 20.6433 2.9654 
27.4558 3.0466 16.2171 13.1118 24.9782 8.8308 14.5867 24.3701 18.6305 18.7391 
17.0347 22.4605 11.1732 13.5778 4.0365 26.968 25.558 32.9188 12.0232 9.24 
26.9369 18.2136 20.4014 24.6915 27.7484 15.5184 3.2046 5.1035 30.5464 19.3561 
24.1085 6.9567 12.8767 11.9172 20.0798 8.8936 10.7283 16.7451 18.2886 18.7358 
21.0761 20.5902 21.4864 24.9677 26.1527 18.3539 9.6317 7.4405 35.7456 15.6784 
14.1816 27.0214 18.8606 29.0847 26.581 30.0463 16.7579 13.1557 29.0608 14.643 
23.1467 22.0206 18.1306 23.1032 30.3573 17.8435 4.5784 4.8211 34.5758 20.4135 
18.6197 28.5215 21.0735 29.2473 27.4487 26.6816 16.0496 14.6646 37.6385 19.1297 
12.6786 15.5366 4.4219 14.9798 13.4412 21.3963 19.4145 22.6041 17.4951 3.1704 
19.052 15.0373 6.2109 11.0838 4.8081 25.9084 25.1093 28.2831 7.4685 9.5502 
25.2371 12.5034 16.2933 21.5733 23.8829 11.201 4.6745 10.291 26.7726 16.3086 
27.5225 28.7568 26.2622 35.1987 34.2774 19.8308 9.2586 2.3316 34.784 27.3885 
28.2208 4.1662 14.4719 11.2754 24.6077 8.4186 12.901 24.5531 21.0608 22.4517 
11.7099 26.2408 13.4971 23.4892 20.9497 25.8765 18.3098 18.7354 24.192 10.4499 
37.3361 12.0286 19.4291 18.2471 32.0169 1.5037 13.5003 17.979 28.6331 29.9996 
13.3154 19.934 8.5113 14.8039 5.6277 29.287 28.1508 31.3953 14.8603 8.5348 
9.4013 20.5555 8.7948 21.8169 15.7652 27.735 17.0354 25.9326 20.1378 2.4284 
6.566 25.3371 11.6908 22.6851 14.8978 25.0619 20.9337 21.5397 22.1174 5.8969 
6.5192 30.8149 13.0191 22.0552 12.128 33.4559 25.2443 29.5377 23.812 8.9533 
32.1592 18.8896 21.6697 30.3734 34.4981 12.852 3.5171 3.5727 31.1225 19.3718 
36.129 5.2429 16.872 12.5402 24.8983 7.0717 16.7993 25.4741 18.5927 20.9441 
24.8828 18.1983 13.5722 20.9913 23.616 17.3663 5.0295 8.865 23.0406 16.3337 
18.2951 17.2936 6.6248 12.6731 3.7648 26.1763 27.8187 26.7161 9.6869 8.2834 
31.0814 20.8393 20.7955 25.9903 29.4604 14.6992 5.5343 2.2217 36.6016 21.3895 
9.5277 32.2827 22.0356 31.3047 24.396 36.7819 21.2043 19.8163 31.1755 14.0196 
11.8537 23.989 16.8387 26.3533 26.4123 24.3232 14.9044 16.9301 31.8296 12.7442 
16.7481 15.9111 2.4188 12.3574 11.3686 24.3769 18.7568 26.5629 15.0924 4.0127 
27.0078 8.8765 10.806 2.0844 12.0936 20.4561 23.4714 35.4482 4.83 15.5609 
14.9444 21.0721 11.916 16.1121 3.4179 28.7664 26.9576 38.3931 10.0986 11.3622 
6.5848 27.7356 14.7046 25.3932 20.3416 28.3567 20.2282 20.4916 26.1056 6.4406 
14.2763 18.6554 7.0139 14.8133 6.0375 26.5633 22.7437 27.7459 13.1731 5.6718 
36.3724 12.2964 23.3748 23.7296 29.4162 2.6115 12.1243 17.0112 27.1268 26.4376 
31.6016 2.6718 12.7744 5.8808 17.9388 14.2034 19.7043 25.8053 11.8275 17.4162 
15.7541 21.3182 13.3014 21.5964 24.8832 18.8339 11.0926 9.9194 23.7339 13.5203 
19.9917 14.0091 3.6849 15.3629 14.0584 19.8239 16.0508 20.1347 16.3574 6.5483 
13.8701 29.6151 16.6446 33.9877 28.0033 32.5077 17.2741 17.7156 29.0006 14.7691 
18.2165 13.9576 8.8048 15.335 16.2378 18.6182 11.2131 15.7817 18.3247 8.4238 
25.1051 8.1464 6.3553 11.3243 17.1642 12.7209 14.789 18.9343 13.3079 13.7865 
13.0039 18.6288 10.2157 20.2021 22.5987 23.0265 14.6971 18.158 20.5879 8.9387 
5.6366 29.77 23.5097 37.5864 27.564 37.0201 28.0956 30.7537 34.095 15.7303 
16.6608 33.0425 20.1922 36.0412 28.9754 28.8063 17.2562 16.1935 30.8257 15.3221 
29.1772 22.8168 25.23 27.4679 30.2353 17.427 5.9006 2.6425 38.6099 21.8891 
35.3364 10.7011 23.7413 22.2454 31.0157 2.6311 14.2586 17.9674 26.4189 26.5354 
30.641 5.3042 19.1864 10.7212 22.3479 10.1231 18.1564 22.2247 16.8408 22.254 
15.4228 14.5293 6.2763 18.768 15.9408 20.8061 14.4386 20.5134 17.1176 6.3997 
24.4891 28.6644 25.2122 38.3444 30.532 30.3401 16.3738 8.4125 35.0169 19.6594 
6.1351 25.4322 10.0684 22.0401 14.4082 31.1842 20.4998 25.6087 23.6565 4.7074 
8.3379 26.8139 10.1895 19.5266 12.3816 34.7165 22.4323 31.6138 19.8046 5.9597 
21.0122 12.8246 5.9982 16.4474 18.6308 18.5047 11.1786 19.2633 18.0293 8.5871 
34.2446 19.4813 25.2441 27.1364 34.3286 12.3237 4.8537 6.5383 29.5505 24.1059 
35.2695 10.3358 17.7725 18.229 28.5883 1.047 12.665 18.4144 28.6905 24.32 
23.5763 10.8283 12.3788 17.0082 22.2539 12.1253 6.3528 14.142 25.6728 14.7944 
20.349 7.5825 5.8232 7.7608 14.8801 16.7658 14.5387 23.8124 13.1444 14.4733 
17.4897 21.389 17.2327 26.1409 26.774 24.8602 10.3007 9.9666 31.6712 17.6875 
7.7945 30.2914 18.0552 30.531 27.6323 34.6131 21.7517 26.1439 33.0553 11.8556 
30.8752 2.848 14.2771 10.593 23.2762 12.8211 20.4689 22.7774 14.7914 20.9934 
30.3437 1.0773 13.7738 8.8281 17.3386 10.8498 16.2432 21.9665 14.3641 22.8115 
33.631 14.5523 20.5032 22.6005 34.6954 2.1664 9.9967 16.8063 32.7284 27.3778 
5.3806 36.7168 23.8446 38.3187 27.2186 42.8645 31.2497 35.2133 32.3372 16.6111 
25.8313 23.3113 27.1888 30.6421 29.6106 17.4747 8.364 0.912 40.9512 21.5598 
20.2979 18.114 11.331 21.8236 24.1215 17.1012 9.3435 11.7007 25.9054 11.3845 
16.2769 12.0559 1.423 13.3033 8.4914 24.3244 18.1688 24.0032 10.675 6.1828 
EOF