I 100
J 10
bounds (0, 100)
cv 1.5
D 10
k 5
t 3
FLR 0.8
FCR 10
λbounds (80, 120)

λ 
80.4684 110.4043 107.3575 
82.0865 103.3123 113.745 
87.2062 81.8812 94.9992 
99.9445 106.175 98.127 
102.2432 89.3068 98.5544 
107.9721 104.7064 102.8923 
91.7523 107.4669 112.006 
104.9006 107.2085 81.7611 
106.145 107.6203 88.4911 
86.6908 107.0268 91.6139 
108.1246 85.6704 105.8299 
116.905 83.2749 99.5799 
111.7185 112.446 113.6099 
115.1649 85.3937 85.2506 
119.2318 96.6399 117.2599 
96.3361 102.3682 84.6259 
87.4127 99.6918 102.8128 
91.7087 91.0376 103.3294 
83.0999 81.0657 92.8773 
80.0484 98.6921 89.0945 
80.6704 106.4998 100.9343 
86.0732 98.2789 87.0971 
114.8694 94.7766 97.2049 
83.1977 116.8891 84.715 
86.8331 91.1628 96.4742 
119.2576 84.5119 87.9676 
80.5833 113.1345 114.6222 
98.8724 107.4685 90.8637 
99.7384 85.7106 117.3176 
93.8218 109.4142 92.0373 
96.7005 102.8417 104.05 
100.0044 99.0862 91.5134 
104.2744 95.1037 88.1554 
107.3311 102.0476 108.3351 
117.4703 98.1419 103.7432 
86.3845 86.9762 103.9312 
114.0272 98.8202 108.2257 
99.0339 91.6 84.6699 
99.8632 91.8275 105.5006 
109.8057 98.1427 86.5051 
94.9194 83.2821 84.7042 
101.1113 107.3995 103.2759 
83.7696 93.6474 99.8684 
100.1014 83.9974 91.0597 
95.5512 89.5066 94.7507 
90.4229 114.5213 95.3009 
81.4757 108.9267 104.1658 
100.4216 86.7973 117.4868 
103.08 111.6061 102.2139 
113.0345 117.7385 116.6693 
113.7116 82.7745 109.6996 
89.185 113.6453 81.381 
107.5069 101.8628 103.3512 
115.4756 111.4247 107.9476 
99.0411 87.684 100.5148 
100.7207 119.1303 92.3917 
83.2161 117.5825 112.9407 
105.2265 102.2189 96.3984 
116.6842 112.548 92.378 
84.546 103.9919 92.0077 
93.9346 113.2852 82.088 
111.2654 115.0428 105.4605 
98.4949 98.0299 98.1649 
118.8885 115.0022 82.9356 
116.8525 117.6148 92.4737 
82.7304 109.1673 109.7613 
109.9947 94.1538 92.3822 
106.3652 81.179 83.0554 
107.8997 102.8176 100.8216 
82.9095 113.4138 84.2573 
85.5708 117.131 107.1038 
101.127 92.7875 80.3107 
115.9708 107.4705 102.7038 
85.01 92.854 94.5149 
94.458 114.1798 110.5155 
84.9165 104.3186 97.8318 
83.3108 100.3415 88.6512 
105.5075 94.0464 113.6666 
119.5685 92.3789 81.0582 
84.9173 96.7195 116.0676 
113.8193 94.0626 119.2397 
88.8705 97.6194 97.2182 
115.8683 105.0176 112.0234 
80.4974 113.7378 107.4807 
113.617 111.8032 91.8397 
102.2323 117.5626 103.2785 
102.0944 106.0435 81.7068 
95.9446 92.3845 93.6496 
96.477 93.1629 92.0731 
103.3964 103.442 118.1057 
94.8877 111.6591 85.2818 
113.6912 87.4753 117.6717 
95.9544 110.0818 89.4145 
98.5941 89.274 86.5782 
108.2823 112.037 106.7459 
112.4374 83.9523 83.5316 
114.6444 110.8301 93.8783 
93.839 97.0832 117.3515 
105.1705 107.8472 105.7567 
102.2845 117.8695 102.8549 

Icoords
54.7978 69.9749
67.8504 11.7212
58.0961 67.0313
54.0571 75.6172
50.0438 18.2838
32.1516 57.5896
54.2275 58.5537
39.0259 67.9477
75.8971 85.8152
82.4267 45.8071
24.0012 87.0789
95.8002 76.4723
72.057 57.7259
58.5437 70.3245
27.4525 9.9384
95.3138 44.9083
80.8634 97.6597
4.9551 47.4916
16.5632 64.1311
7.2919 4.0059
59.0439 7.258
53.3907 88.8808
68.3499 20.0816
79.9906 31.7819
75.8598 23.48
87.5838 10.9062
84.3594 93.0707
12.9498 54.2932
52.0709 39.6024
10.6442 66.3759
7.8379 90.3988
28.0499 50.6586
74.3963 75.5813
84.1191 20.4182
64.2949 41.337
96.61 87.9552
21.8618 99.1793
24.585 38.5696
69.6053 77.705
29.0533 16.6641
2.9835 40.0698
18.0122 8.3993
71.9035 64.6071
21.1513 64.6862
21.2316 13.7891
95.4923 56.3259
66.4253 29.4643
55.4978 75.8832
33.1256 95.9997
72.2643 63.0029
28.7486 54.251
99.0831 1.8094
53.2903 11.7436
29.7711 15.581
26.6198 46.7561
73.4925 18.1079
40.1488 38.4884
40.3138 49.8479
55.8542 78.7482
37.7968 48.464
68.0203 29.2527
91.0339 24.4563
10.294 54.2309
84.9692 91.9098
82.4182 65.2037
3.1396 34.9666
17.0287 49.5822
44.6802 70.7376
46.7619 20.9261
6.3552 67.3133
94.5668 99.4312
20.1372 4.0369
96.038 6.8213
83.1951 31.586
24.1704 20.9914
2.9768 79.8135
82.5655 42.938
1.9008 84.3573
94.4879 18.3134
2.0373 81.3745
8.1676 7.8642
51.6552 36.7345
56.0918 38.8445
71.0508 58.0642
19.5095 29.1989
11.109 29.6169
23.542 53.0143
3.7654 55.0784
5.5155 57.4368
68.674 71.3967
25.7735 90.1277
3.5638 46.6902
57.0016 93.7829
80.6417 77.2944
63.0946 6.9556
49.2169 94.7266
81.807 23.3844
90.626 79.9032
32.0116 75.7687
82.4717 70.5208

Jcoords
26.0234 1.5346
22.3528 36.0104
45.8301 87.2723
56.7362 56.0662
9.1175 57.1846
13.6612 40.3508
47.2468 15.7404
34.6754 30.9178
60.3896 68.8255
37.9544 89.9956

C
23.342 18.5488 7.7331 4.3267 17.139 17.2205 21.8373 14.991 2.1716 9.097 
14.8693 19.9699 25.1744 14.4053 24.5621 22.805 8.1512 14.0858 18.6014 25.6311 
28.0845 16.1907 8.4777 3.6031 15.9518 16.4507 17.0908 14.54 0.9458 11.8457 
26.5351 20.202 4.8676 6.2832 15.1207 21.144 22.225 16.4237 3.6531 7.5061 
11.0926 10.9454 23.1681 12.7352 19.3391 16.4037 1.1735 6.814 20.4966 21.9916 
18.4674 9.0178 11.6612 8.4241 8.2544 8.082 15.3663 10.6628 11.0168 11.7694 
21.9848 14.1641 9.9817 1.2355 14.8345 17.594 15.7031 13.2975 3.9625 11.407 
24.701 12.2962 7.5435 6.7669 10.5784 14.8694 20.7967 11.8229 7.0602 8.079 
35.1966 28.5852 10.3161 11.0863 21.8629 25.9044 22.7344 21.3711 8.2465 13.1771 
26.5733 23.647 19.4232 8.7831 29.2444 21.7982 16.9701 17.9618 11.848 24.4565 
28.3402 17.311 8.1163 17.8252 11.2105 15.5396 29.1418 21.9005 14.0083 4.6784 
30.7386 29.6428 15.8228 13.5876 30.7701 27.6639 27.9295 25.5075 11.2484 21.9325 
28.5911 20.1776 13.6538 5.896 20.733 23.0361 15.0255 13.9014 6.0647 16.4514 
26.6922 17.7445 6.4979 4.4396 20.3242 18.8304 17.7368 14.1624 0.7381 8.5826 
3.0927 8.7243 27.9478 19.6588 15.5483 10.3252 7.7702 8.4448 26.0646 27.2669 
30.5894 28.7832 21.1904 15.5093 34.5304 26.7992 21.2529 22.4344 15.7717 25.4407 
40.8366 27.2239 12.3142 16.5508 29.1691 28.2448 31.3108 25.6969 12.0661 14.9246 
18.4631 7.2101 22.3929 16.7116 3.2216 4.048 16.8965 12.9992 19.2925 16.735 
21.5625 8.9663 14.5921 15.0417 3.8675 8.8472 21.7964 12.3177 13.6463 10.801 
7.3894 13.1333 29.3974 23.7653 17.5859 12.4349 16.5612 14.3095 27.6092 36.4168 
11.6658 14.0264 26.2758 15.1035 22.1987 20.7874 4.5741 10.9503 24.0047 32.8554 
35.8352 21.145 2.8832 12.1582 17.2497 19.7814 25.3884 19.7469 7.0012 6.1179 
15.1482 16.6427 24.2781 13.3742 21.4643 21.1308 7.5192 12.162 15.9924 25.1425 
20.2053 21.2735 20.461 11.7613 26.2078 26.672 11.7299 18.0704 13.6081 21.8716 
17.3382 18.2504 26.4542 14.3727 27.0368 21.0352 9.6038 13.4089 14.6658 27.1705 
22.4731 21.1642 26.8852 16.582 35.3638 29.9107 14.3043 18.1295 20.4882 33.5577 
32.7696 28.5408 12.6007 14.8045 26.2506 32.1367 32.3971 27.3962 12.8465 17.8168 
17.2738 7.3807 16.7558 13.5718 1.6937 4.5288 16.1148 12.5704 17.9361 17.422 
14.0777 9.2707 18.0624 5.558 16.9592 12.0399 9.0271 7.0889 11.1054 20.8233 
24.417 9.8155 13.5128 16.2474 3.2871 10.0841 21.568 14.131 15.2107 12.5473 
35.8742 21.5711 14.5506 20.6966 10.088 16.4257 31.1177 20.8229 20.0303 9.2105 
16.4509 5.0122 15.6705 9.0319 7.5577 6.7207 15.6081 7.465 12.9677 13.934 
35.0427 25.805 11.3988 10.4567 24.7345 25.5296 23.1831 23.7649 5.6294 14.1904 
24.2273 20.519 26.3408 14.8159 31.3148 28.0811 13.3507 20.0264 17.591 25.7012 
18.9616 14.8442 19.5951 6.5245 22.3834 18.1708 9.9059 11.0963 9.3539 20.572 
39.9136 28.0385 19.6231 18.3908 33.0453 35.7687 34.9546 28.0966 12.5466 19.2742 
38.4581 22.173 9.2868 21.1551 17.3744 21.4187 33.3597 23.5656 18.2607 6.3572 
12.6014 1.0707 16.8119 12.9211 9.6423 3.9048 10.6795 3.8548 16.4817 18.5496 
29.4601 24.0917 8.5162 10.0328 23.282 25.5217 25.4014 22.0414 3.9531 12.5526 
5.2091 7.5446 25.8726 15.5154 17.9959 9.7231 5.7748 5.729 19.0097 28.595 
13.9946 6.2576 20.3677 21.3562 5.5451 3.3476 19.057 11.4366 19.2938 19.0363 
3.9932 9.7267 31.9318 19.155 17.8869 12.6632 10.0554 10.5806 27.9499 32.818 
29.2245 18.4733 11.6218 6.0001 20.9522 21.7476 21.2207 18.3312 4.4941 15.0408 
24.7277 9.5431 12.8832 12.1156 5.0582 8.7004 21.9042 12.1714 12.6614 12.0272 
5.0185 8.5661 25.975 19.0854 16.2332 8.6642 8.0195 8.0065 20.858 23.7882 
33.8775 27.0917 22.4171 13.9952 28.9716 25.2962 23.3649 23.4841 11.8008 23.4329 
15.5992 14.4272 19.0054 11.1774 21.3898 21.1946 9.1007 10.4726 14.1724 20.7434 
29.5678 20.0712 5.7112 6.4054 17.5677 20.4299 21.0043 18.7061 3.1335 8.2901 
33.6487 19.912 5.7107 16.0653 16.9644 18.0638 28.8971 24.0155 13.1533 2.7399 
24.5757 21.551 11.5551 5.2603 19.9628 19.6214 21.3367 16.2297 5.15 15.2706 
17.5569 7.6757 12.4471 11.0559 6.2624 6.6159 13.7525 7.4558 13.8614 11.7303 
27.4122 33.3425 40.2182 26.3811 39.2566 32.6781 18.4 27.0633 29.6227 35.9888 
10.301 12.1064 26.8293 15.1196 20.5835 17.1505 2.236 9.0808 22.3702 28.5471 
4.7873 8.2331 27.9986 17.4435 15.5183 11.7512 5.3548 5.6147 19.4518 27.6694 
14.7661 3.8617 17.0167 10.9194 7.687 4.9813 14.1246 6.1304 12.51 13.6649 
18.6133 16.97 28.5673 15.6841 23.1267 24.6775 9.0784 13.3747 16.3015 25.2606 
14.9226 5.455 18.0247 8.6209 12.2089 9.3068 9.3126 2.995 13.14 20.2452 
15.8302 8.7859 11.5416 6.9978 10.6301 11.295 12.133 6.9922 10.3348 16.0466 
26.6786 18.5392 4.7239 7.7881 19.2812 19.9558 19.9936 19.7887 3.8698 8.0713 
17.1423 6.4062 14.2156 7.4939 10.5305 9.7191 11.2912 7.0111 10.0701 14.6857 
19.8258 14.9851 23.7292 10.9353 25.3263 20.4279 9.5334 11.1544 13.2593 24.6503 
23.968 27.5381 27.1717 14.9349 32.8592 27.172 15.2065 19.1116 21.3643 30.0158 
18.4449 7.9161 15.4305 16.3697 1.1818 4.4176 20.6333 10.4473 19.0764 15.1373 
34.1178 30.3183 14.0901 14.9521 30.6327 34.7933 32.2145 29.2182 13.4846 16.4641 
26.8259 25.4915 14.0363 9.1373 23.2865 24.6676 23.737 22.3182 8.1953 18.6834 
15.0711 7.6158 25.9193 22.9479 8.0505 3.9807 17.9759 10.3078 21.1046 22.6543 
15.7205 4.6754 14.6194 15.349 4.2066 3.056 14.296 8.3145 15.7925 14.9636 
26.8705 13.8967 5.8608 7.3204 14.3706 13.0963 19.9637 15.725 5.1163 7.7801 
10.6386 11.0959 21.2262 13.7675 17.3995 11.8132 2.0802 5.8979 18.949 24.8227 
22.2103 12.9472 13.6107 18.8675 3.4666 9.7995 19.7912 17.6485 17.8762 12.6805 
40.6324 37.7807 17.5154 18.91 29.5785 35.6043 36.9859 32.6327 14.369 21.3101 
1.9617 10.9772 28.3545 24.0137 21.3747 12.6706 11.1763 9.2782 27.3139 30.7865 
24.5187 27.692 36.0364 20.7162 31.6842 33.9125 15.5495 19.9619 22.7867 31.9561 
22.0441 19.0695 24.752 11.2862 26.8046 25.7769 12.6421 16.9981 13.7728 23.1617 
7.0498 5.7791 24.7124 18.9103 14.8681 7.5402 9.45 4.6987 21.1978 25.3182 
28.5767 15.2122 14.1715 20.7696 9.3461 15.8137 23.7766 19.8881 20.4592 13.162 
27.4645 19.3527 20.5317 11.355 24.9814 21.796 15.5708 17.7505 11.2215 22.2734 
28.3895 19.1606 14.4537 23.0771 9.0867 17.5598 25.4225 20.5934 21.2108 12.5714 
24.0725 28.1054 26.7961 18.8519 33.5347 25.7279 16.1615 19.8293 20.6052 27.8169 
26.8769 16.2437 16.3938 22.9026 7.821 12.8726 30.859 20.8041 23.1344 11.9344 
7.2955 9.8843 33.2125 25.6877 17.8474 12.1709 14.1242 13.4654 27.6373 31.6789 
13.2459 10.1241 16.3809 6.1944 14.3624 13.9228 8.1754 5.6681 10.4897 19.1108 
16.2155 11.488 18.3161 5.6475 19.6214 14.3463 8.8492 8.8217 9.7193 19.4075 
27.7303 17.294 12.5881 4.904 20.3347 21.8022 18.0104 17.529 4.6929 14.1186 
11.2006 2.6963 21.9333 14.2319 9.7768 4.8607 11.0186 5.1955 21.2932 20.1591 
10.7252 5.0974 22.4388 17.4039 8.9773 3.6155 12.426 8.2278 23.6535 24.5743 
15.668 6.0341 15.3018 11.607 4.9775 5.2218 13.5346 7.4773 12.2936 12.4033 
21.5707 9.6981 19.2601 17.7218 2.2092 6.3149 21.6423 12.1581 22.1539 16.0092 
18.2566 9.7584 17.1527 16.6527 1.1125 5.8243 21.1605 12.5813 21.2013 17.2811 
28.7465 19.0029 8.6544 7.2145 21.7423 23.5303 22.2332 19.8446 2.6231 13.7073 
26.7287 20.4158 6.501 15.9958 13.2781 17.2387 30.1027 22.2437 13.9373 3.7994 
16.0981 8.4892 22.6293 17.6718 3.7781 4.3982 16.7728 13.1223 23.1986 17.5687 
36.1607 23.1672 4.5178 14.2007 21.0941 24.5615 25.7263 25.524 9.6615 6.2164 
30.0266 28.1926 11.3167 11.8195 27.1929 26.0842 21.415 21.992 7.5381 14.7328 
14.96 15.1523 32.7702 15.282 28.881 23.445 6.3782 13.4752 23.9665 26.2542 
33.084 23.5874 2.9623 12.3117 16.5066 24.3633 29.1155 22.6374 10.2029 4.8094 
22.1008 19.5712 23.4408 15.364 29.8369 21.4751 11.5425 14.4765 19.6873 30.648 
34.0948 29.2601 15.744 14.2489 30.5546 34.2238 25.8995 25.1128 12.2528 18.4004 
26.3046 13.1336 6.4009 10.5151 9.088 13.5584 22.6236 17.0689 11.1572 5.8389 
35.04 21.8912 15.882 11.0925 27.1162 24.4636 25.4586 24.45 6.7837 18.1632 
24.8046 17.6892 6.3829 5.3378 17.5849 18.7565 16.7284 15.4523 1.9375 8.8223 
15.9413 17.582 25.5994 16.3163 25.2157 21.4689 7.3955 11.7247 18.0831 33.3649 
28.3179 17.885 8.2008 4.0506 16.7761 18.6587 19.8956 16.0121 0.9496 9.9824 
30.5114 18.1625 4.8049 6.4944 16.2039 18.8703 22.6528 19.2933 3.1971 7.3723 
10.4044 12.5071 22.7188 12.7966 21.9816 14.6335 1.3338 5.9904 16.9214 26.6387 
19.8602 9.4586 12.7626 7.5915 8.1254 8.3778 17.653 10.1323 11.7736 11.9571 
20.7507 14.8395 9.3264 1.2701 14.311 15.3042 16.215 10.2135 3.633 12.3098 
26.6433 14.1192 6.1893 8.5178 11.478 11.9083 17.6891 12.6283 6.7459 8.3417 
36.8419 24.7534 9.4341 11.5569 23.3451 26.1202 25.2478 21.0415 8.2143 12.8908 
25.5623 18.5524 17.5484 10.7969 22.4193 22.7639 17.3033 15.1757 11.1501 19.742 
29.1017 16.1563 7.8675 14.7048 13.2509 15.7693 23.2669 18.762 14.2933 4.811 
35.8685 31.278 17.9087 14.165 34.6952 28.3549 23.964 25.5838 11.8353 21.0414 
26.7678 17.0533 12.5555 5.0269 24.7487 21.257 18.2539 14.2878 5.4898 15.3386 
30.0402 18.2582 6.4237 4.8665 20.0787 17.1627 20.3064 16.8345 0.842 10.7809 
2.9213 9.0112 26.4296 17.5169 20.1297 11.4339 8.2323 7.6637 22.9002 29.3986 
27.8182 25.2551 24.7731 14.9712 29.2803 25.6543 19.2682 22.2228 14.722 23.5365 
38.9884 33.5305 11.6602 17.2047 24.8362 34.5508 27.4412 32.3038 14.0535 16.8424 
15.2629 6.8412 19.7578 20.055 4.1383 4.4128 17.7479 12.2369 20.9497 20.7385 
23.5313 11.1454 13.2153 15.7711 3.6109 8.4088 20.8052 13.7288 15.2595 13.2008 
5.7947 11.9873 29.0029 22.1139 20.0123 12.9035 14.9163 14.3287 33.2818 29.4329 
11.4279 16.0635 24.7025 18.5336 27.1624 19.8999 4.7339 12.1186 19.0412 27.9459 
35.9817 20.0415 3.0053 11.8052 19.2207 22.7731 22.7093 19.4545 6.5997 5.9832 
14.8894 18.7017 26.8221 12.773 24.5327 18.862 7.3856 11.5995 16.5554 24.7079 
20.2672 18.9733 25.2699 13.3449 24.9204 20.111 11.2376 15.1652 12.8915 25.4044 
17.4363 18.5197 27.8362 13.7266 27.9041 25.772 9.1206 15.288 16.8889 24.3608 
23.9116 22.632 34.2832 20.9025 33.5692 30.2529 15.1574 20.5845 23.9371 37.2832 
35.7004 31.8524 15.484 16.6978 33.0529 27.2951 28.3057 31.4463 10.76 18.4492 
18.9479 6.1986 16.7977 14.8076 1.902 4.9295 16.6824 10.2567 19.7074 13.5296 
17.98 10.7734 14.5336 6.1535 18.2634 15.1017 7.4836 5.9942 11.1388 20.4413 
22.1979 12.3963 14.053 16.7197 3.616 10.4562 22.1178 16.3199 17.7906 12.5581 
28.6903 17.6419 13.6014 19.185 11.2314 15.7052 29.7078 21.1557 18.1386 10.1502 
16.269 5.7776 15.7153 10.3134 6.9249 6.0498 15.5285 6.4031 11.7214 15.8162 
27.2859 21.575 11.2568 9.8803 22.6456 24.013 23.0451 22.2288 5.6434 13.4301 
21.4112 19.3405 24.6689 15.2744 33.0188 22.3916 11.7041 19.5867 18.2595 27.6134 
21.1703 13.9098 18.8129 5.4617 19.5876 17.8821 11.5943 11.2187 9.1762 17.656 
44.0757 28.2651 16.1342 20.1216 32.4424 28.8732 34.7884 28.0292 16.1635 23.318 
36.7966 21.1306 8.532 16.9296 14.9783 22.0305 28.4146 23.5101 18.2803 6.6462 
12.8942 1.2293 16.3868 12.2952 8.3281 3.3791 11.1202 4.298 16.5614 16.0044 
33.0669 22.3776 9.9565 8.0086 24.1954 21.0686 22.3514 19.2621 3.9595 11.4152 
5.1243 7.7759 22.3746 18.8188 15.8328 8.5084 5.5543 6.0309 18.8575 26.2459 
15.364 6.9246 24.5879 21.1599 6.3251 4.2095 17.4862 12.5383 25.1429 22.7546 
4.0681 8.9916 26.7799 22.9811 18.239 12.2988 10.7035 8.7401 26.8133 27.2321 
27.3292 19.7147 11.3489 5.2255 21.7804 24.7382 20.5584 17.2818 4.3077 13.4002 
20.3446 11.1819 13.027 12.1815 4.5888 8.983 22.0872 13.9356 14.0306 11.4682 
4.5303 7.1577 27.0676 18.2076 17.8506 9.4017 10.1666 7.6951 26.1873 25.965 
30.1173 28.1696 22.9555 15.3323 31.7443 28.3228 19.9037 23.1084 14.2005 24.4328 
17.2053 17.7199 20.1284 10.7159 25.2985 20.8983 9.2045 9.5826 15.8568 23.3322 
28.752 15.8247 5.2272 6.4392 16.6926 21.363 19.0739 16.6893 3.2889 8.0987 
35.9317 19.0648 4.96 18.4962 16.193 22.108 25.4255 21.0925 15.3936 3.0211 
23.9834 19.9678 13.859 5.9933 19.1194 24.8927 21.1442 15.4093 4.9489 17.139 
19.5311 6.1352 14.6183 8.5009 6.0222 7.4878 15.7178 8.5776 13.5478 11.8189 
23.9418 28.6129 33.1392 26.0989 34.4921 31.2162 20.9979 28.0599 24.8559 32.3084 
9.017 14.6346 28.0209 16.9334 22.4277 16.9257 2.6316 9.0621 20.4547 30.8038 
4.5896 8.4548 22.0551 15.9161 17.4506 9.2455 6.1395 5.2283 23.0572 29.4587 
16.2811 4.0478 17.4292 10.1629 6.8292 5.5031 12.3702 6.0753 14.4424 13.7364 
15.8631 20.8603 25.8484 14.7629 27.4418 20.8539 9.4895 14.5233 20.3979 31.1467 
15.5793 6.0964 19.1199 7.6566 13.9624 10.5548 8.1641 3.5089 13.2202 18.7502 
17.2056 7.4141 13.6335 5.7194 12.2133 8.6297 10.7861 7.0258 8.6938 14.5063 
24.99 18.8487 4.4199 6.9936 19.5077 19.8246 22.1431 16.8646 3.6811 7.6084 
19.0922 6.9399 12.135 6.2102 10.9801 9.989 10.409 7.0217 11.9862 15.9233 
17.1589 14.0064 24.7355 9.9695 20.1959 19.9064 9.0576 10.2429 14.3515 21.1056 
25.2226 23.8329 27.5818 18.4751 33.3708 30.8213 13.9698 19.7753 20.6525 26.6929 
21.0516 6.627 16.2554 14.2875 1.0597 4.4034 18.6591 12.8964 16.2692 17.3482 
41.9944 31.6781 14.1019 13.8799 31.6004 32.303 32.189 27.147 10.8376 18.5251 
31.0446 24.1758 14.4849 10.8001 24.0312 28.8495 23.0148 21.7363 7.4653 15.746 
12.5512 6.4786 21.5713 18.5645 7.7422 3.8365 18.4571 12.0915 20.7122 23.2404 
16.7129 4.4538 17.309 15.0594 3.545 3.6584 15.1671 9.699 15.4272 16.7111 
24.9138 14.9784 6.3232 7.2786 13.6361 14.4815 19.8371 13.8281 5.2271 7.9065 
11.2859 8.8463 24.1457 11.9411 18.4814 14.3462 1.9068 5.6894 18.2319 27.3502 
27.2634 12.4093 15.1368 16.3123 3.348 10.8471 22.5687 13.9823 19.0708 15.2789 
43.1062 34.907 16.0235 20.0322 29.0924 31.2064 37.6589 32.1595 14.5984 21.9587 
2.3576 12.2207 27.6925 19.4145 19.1059 14.515 8.9913 11.3563 24.2477 27.3892 
27.1026 29.0235 31.5982 20.3571 36.8477 34.5528 19.6117 24.2865 28.6086 31.8851 
24.4339 23.962 22.1098 10.8752 23.8263 22.3218 15.2154 15.1881 13.6374 24.0483 
7.6713 4.6067 22.7251 15.0335 11.9046 6.6128 9.3364 4.8866 23.3278 23.2494 
26.7896 18.177 15.8853 18.2072 7.5407 15.8178 26.1908 19.1423 17.7352 11.3879 
26.9529 23.2863 18.718 9.7817 28.8045 26.6848 14.8041 16.3927 12.9906 22.1827 
29.7611 19.4178 13.5468 22.386 11.1166 15.7059 30.275 24.4802 18.8628 12.451 
27.0402 28.6327 25.3698 20.1546 32.3622 28.2999 16.4548 23.2585 18.6671 36.225 
30.9868 18.6892 14.264 19.3527 9.3989 13.6956 29.3686 20.9423 20.8306 11.1218 
6.8162 11.8479 34.8999 23.9839 15.524 12.0325 15.5952 12.2323 26.9389 27.3019 
14.4912 10.4231 20.059 6.6901 16.458 14.7243 8.5701 5.3899 10.6759 16.823 
16.7905 10.8921 17.534 6.7229 15.3754 16.9065 8.258 8.9998 10.9459 20.2867 
26.7619 19.7264 12.4106 4.8318 21.6664 21.61 15.6262 15.3866 5.1746 17.2137 
9.3021 2.6683 24.5475 16.4448 9.5768 4.8783 11.1389 5.5924 18.3839 20.7181 
9.8953 4.073 23.5426 17.8732 10.7131 3.8583 14.0828 9.101 23.7795 20.0282 
18.8789 6.4074 14.746 10.1103 5.964 6.2305 16.8609 9.4592 14.7756 12.2961 
23.1827 9.3679 19.7792 20.6781 1.7318 5.3904 18.2004 15.1083 21.041 19.0635 
20.4478 10.287 18.9933 18.0361 1.384 7.3991 18.8421 13.212 20.8258 15.5622 
24.8258 20.9323 8.4179 7.7566 21.2158 25.1726 22.4241 16.2975 3.3517 13.6211 
27.5349 20.5514 6.3025 15.8946 14.212 19.9487 29.9324 23.7705 13.2464 4.6351 
16.4965 7.6356 18.3109 21.4729 3.6985 4.7332 18.8393 13.7502 19.9359 20.5992 
37.1533 24.3664 4.8023 13.039 22.8117 26.591 25.7185 26.538 8.5633 7.1738 
35.4996 28.5498 11.2442 9.7446 25.4543 26.5737 22.1153 24.8324 7.8696 14.234 
14.8626 17.3891 27.9972 19.3972 24.5603 21.4405 5.6026 11.8954 19.9288 34.6962 
31.1345 22.0571 2.9811 12.1817 19.4015 25.6626 28.3965 24.8363 9.7431 4.3097 
22.7359 23.923 28.4413 12.8638 26.7186 25.6395 13.1494 19.0585 16.5877 27.5697 
40.4629 30.8753 13.7828 12.7242 29.2431 28.4953 27.5105 24.5922 12.7616 20.8459 
24.3683 14.1156 6.8163 10.4013 10.7216 13.4028 22.4564 13.9867 9.0011 4.7688 
31.9558 24.9413 13.3599 9.2683 29.681 25.538 24.6836 18.9132 6.932 18.4888 
24.1142 15.1246 7.3181 4.3253 17.8838 19.7907 16.6299 13.4049 1.8753 9.7616 
16.5956 19.7172 29.7702 16.2065 24.4878 24.0246 7.3283 11.6328 18.0428 32.6694 
24.5402 16.6167 7.5523 4.0948 15.9068 20.7059 20.336 14.8327 0.9947 10.2359 
27.4064 18.6394 5.2229 5.9517 15.3102 16.2481 23.4423 19.4249 3.1173 8.4452 
10.0471 11.2742 26.1332 11.8373 17.583 14.574 1.3844 7.6178 19.2945 23.737 
21.3207 7.4228 12.3835 7.5373 7.561 10.1094 15.8512 8.1069 9.8468 12.8525 
23.7278 14.4842 9.1588 1.062 17.4701 15.4331 15.265 11.9298 3.9684 11.5982 
23.2934 14.2381 7.398 7.5645 9.7869 14.2884 18.8782 13.7543 7.5627 6.7325 
33.189 23.013 10.7525 12.1868 25.4231 25.3186 29.6993 26.0187 8.6836 12.0472 
27.1613 20.0984 18.3392 8.4262 26.8185 23.4399 17.021 15.5659 12.5618 21.6165 
29.5467 20.4176 8.0967 17.9605 12.4695 15.755 29.3894 17.7216 13.6378 4.8908 
38.8686 30.0117 18.9107 15.8221 31.072 32.7696 29.3991 24.3335 13.7662 23.3998 
27.9736 16.6194 15.084 5.2519 19.0777 19.082 19.4731 13.9796 6.2837 15.4936 
29.3097 17.7844 7.5296 4.4181 17.4295 19.4565 19.6096 15.9085 0.8877 11.1568 
2.8642 9.7923 31.6201 19.4347 18.5739 13.2505 8.2034 8.6489 26.6179 26.3303 
28.4477 28.1805 22.9427 12.2605 28.6883 25.0491 17.2104 23.7164 15.6278 23.0185 
36.5758 33.5985 14.419 16.6469 26.6649 30.7177 34.1178 26.4518 12.4551 15.5174 
16.4762 6.3826 18.1265 16.7169 3.9379 4.1223 18.8215 11.0221 19.8389 20.3726 
22.8856 11.3579 12.3274 15.5662 3.451 7.2517 21.3151 11.5195 15.3785 11.8112 
6.1953 12.8539 31.4894 28.3963 19.4695 13.8112 16.4737 14.8048 28.7655 33.7145 
11.0726 14.2175 25.7811 19.5206 24.0769 17.159 5.3834 11.3544 23.4259 33.3079 
31.6888 21.0531 2.9737 13.1048 16.4275 20.1201 27.3187 21.1904 7.5089 5.3998 
14.4596 15.2457 26.482 15.072 25.5461 21.0083 8.1483 13.0959 15.6614 30.1893 
22.9893 22.7414 20.0635 10.3424 28.7751 24.7191 12.0726 14.014 12.9459 26.2301 
17.1313 21.0531 27.1452 15.0868 23.8516 20.9385 9.4674 12.7644 14.9533 23.0976 
23.787 22.7648 31.0629 20.5963 29.2148 26.7915 13.8899 20.9692 21.8191 34.8649 
42.3324 31.094 15.3203 15.0447 30.8938 34.8618 31.2992 26.1867 13.2215 17.5889 
17.4151 6.8647 18.4276 16.8584 1.709 5.2659 16.7753 12.347 15.7679 15.1424 
16.0242 9.3455 19.1778 6.7199 14.9541 12.5508 9.2267 7.4641 11.9986 17.5054 
21.0916 12.0936 13.3819 15.6098 3.0859 10.299 23.0175 15.189 18.1542 11.7132 
29.2799 21.8581 13.346 23.3195 13.1493 17.4687 29.6656 22.6631 20.3087 11.8579 
19.5877 4.7827 12.7603 10.6899 7.3734 5.4569 13.5042 7.1777 14.1807 14.7574 
34.5916 22.7061 11.4328 9.6277 25.5823 27.9099 20.7518 23.5677 4.9498 14.1277 
20.611 25.265 28.1436 14.7035 26.3616 26.0894 13.5551 15.2296 18.9011 31.0702 
16.7198 13.9901 18.7386 6.359 17.3085 20.2421 11.6374 9.7336 8.9124 19.7088 
38.0167 28.7635 16.703 18.6716 30.8843 30.0878 31.9805 27.6419 14.4554 18.3821 
33.3759 23.4048 9.1048 17.717 13.5169 21.1039 31.4933 26.448 18.7267 5.7624 
11.3338 1.2677 18.4325 13.2615 8.9912 3.4455 12.0112 4.4437 17.1286 16.1266 
32.1893 24.892 8.4496 9.27 22.2664 25.2392 24.5187 22.9756 3.8763 12.6069 
5.672 7.7268 27.7958 17.1479 17.892 10.5621 5.6053 5.7674 22.5633 29.2302 
16.7244 7.6133 21.9168 21.7712 6.0197 3.8464 16.8397 12.0435 21.0658 21.1698 
3.5501 8.9804 26.7799 18.9094 19.4341 10.2286 9.6485 8.7794 23.3371 26.4677 
26.6117 17.9984 12.1642 5.5005 21.2999 23.0284 18.4676 17.0006 3.6971 14.5745 
20.807 10.7457 11.8361 12.8259 4.9008 10.0473 21.5215 13.4409 11.9433 11.3467 
4.9092 8.397 26.6647 17.8212 16.0394 8.678 8.4996 8.6292 26.3832 30.5682 
27.1356 24.0023 22.8033 14.9447 33.9729 27.9309 22.4822 23.6094 14.2974 23.1995 
16.9401 14.8862 22.1597 10.3818 25.1011 19.3144 8.3885 12.0808 14.6941 25.0312 
26.5286 20.2164 4.6834 6.1652 16.7776 20.3475 22.5948 15.5397 3.3945 7.9208 
31.0436 19.7231 4.7535 14.8823 14.4907 19.3254 28.5793 23.1823 11.5982 3.0103 
29.9601 17.9818 12.9618 5.432 19.2336 24.7168 19.6308 17.4652 4.4702 14.5066 
20.2596 6.2647 13.9788 8.442 7.624 6.1728 16.051 8.101 12.7013 12.4944 
28.2232 26.3447 38.2244 22.0038 41.8131 36.0612 21.379 24.3139 24.9333 34.7548 
10.2195 15.5311 22.9738 15.6398 20.8307 17.8885 2.1867 9.7756 22.9339 29.209 
5.7642 8.4374 26.8525 17.6235 17.5249 10.909 6.0259 5.7983 23.5793 23.4472 
14.1601 4.5554 15.1693 10.4939 6.4503 4.974 13.3573 6.9655 14.4787 17.7818 
19.9256 18.4438 26.8615 14.0327 27.5623 23.1264 10.3117 13.5954 20.7645 28.8612 
13.2491 5.446 16.9196 8.1352 11.767 9.1528 8.5072 2.9166 14.4347 20.3947 
15.8654 6.8473 14.1971 5.4156 9.9539 9.62 11.2594 6.368 8.5502 15.5197 
26.3889 18.8107 5.062 8.5462 15.6679 21.4106 20.4388 20.4478 3.428 6.7606 
16.4698 7.7632 15.6146 8.1286 9.6162 9.0978 13.3382 5.7386 9.1638 14.478 
15.4581 16.3423 19.9151 10.0248 20.8282 20.7774 8.7826 12.176 15.2583 26.0058 
23.3063 27.6635 24.8964 17.5749 27.2841 28.2778 16.9744 20.5638 17.7083 29.029 
20.9526 7.1972 15.6537 16.3883 1.1322 5.0589 18.4564 11.8135 15.7892 13.7493 
34.8083 27.8673 11.9855 16.4624 31.0582 32.5318 33.0135 25.811 13.3464 16.0877 
28.0507 22.4929 15.6856 9.3362 28.7947 24.6091 22.6324 19.8436 7.6082 17.4667 
14.6984 6.0303 24.866 18.2823 8.4302 4.691 18.1251 9.8023 21.9227 21.2673 
16.7764 5.7134 18.1438 15.2525 4.166 3.0934 16.5735 7.9113 17.747 14.1125 
25.8742 15.2013 6.2088 7.5863 13.305 14.894 18.9617 14.4563 6.1687 7.6883 
10.9509 10.786 23.7742 14.3593 17.2584 14.9718 2.0239 6.0422 15.1244 25.4006 
26.6317 13.0105 16.2294 16.4929 3.5958 10.632 23.3453 15.6148 16.2545 15.3722 
43.7515 29.1597 17.2743 20.6192 35.6696 36.8465 29.3426 31.4861 14.9608 20.6673 
2.5469 12.663 28.4939 20.8331 21.3042 13.8731 10.2964 10.1033 26.1393 31.1288 
21.8365 31.6231 30.0809 20.7603 37.9627 35.0509 19.2248 20.7727 21.8141 38.0835 
25.6611 22.077 25.9859 12.263 23.7871 22.8825 14.3825 16.0955 15.4496 24.7206 
7.6518 4.705 23.7152 15.2153 13.6019 7.5776 8.7092 5.086 19.8058 23.6857 
30.3311 18.9912 15.6939 18.9418 8.1901 14.436 29.7577 22.6677 19.8513 14.1601 
25.292 20.2013 19.7429 10.28 23.0137 26.8089 13.8769 18.1159 10.8636 24.089 
29.1831 16.0267 14.8852 22.46 8.4569 17.4642 29.1894 24.0225 19.5648 11.5715 
24.8056 29.212 33.4635 18.8679 36.2363 30.7294 16.6157 18.943 20.4833 34.5087 
25.443 16.7557 16.2436 23.8308 8.4058 13.1498 30.9865 21.0865 19.5294 12.0859 
5.6834 10.335 32.8345 26.9057 17.438 11.4988 14.8178 13.1036 27.5811 30.9625 
13.9121 9.3738 19.0619 7.9753 16.6656 11.9917 8.1153 6.4327 10.4398 20.5242 
15.6836 11.3153 15.8954 6.8815 15.567 15.0639 8.4237 7.2186 9.2589 19.744 
22.2955 19.566 13.796 4.8694 20.9727 20.5709 15.1746 16.1673 4.9186 14.974 
9.2595 2.8794 25.3062 15.545 10.8396 4.459 11.4749 4.8781 21.1167 19.187 
11.6886 4.7806 21.0524 17.5093 9.1763 3.4423 11.6789 7.4206 19.3649 24.6998 
15.8845 6.0562 12.4736 12.547 4.6142 4.8524 14.3165 9.7981 15.8702 14.7093 
19.5412 9.7035 20.8757 21.1019 1.9757 5.9565 21.0442 14.0451 22.8939 16.7276 
19.1021 10.6685 19.5801 18.6203 1.149 7.1511 20.3995 13.4682 21.6272 17.7867 
25.677 22.3663 9.3999 7.0668 22.0975 20.1508 22.2929 16.5354 3.003 13.1579 
26.9236 16.3055 6.8414 14.1776 14.6735 19.4416 23.4287 23.3154 13.9455 4.6643 
19.6284 6.5982 21.434 16.4516 4.2827 4.6307 16.4248 12.2433 22.4058 21.213 
36.3359 25.3027 4.2269 13.1408 22.5225 26.9075 25.1365 24.3765 9.9284 7.0806 
31.5396 24.4069 13.3011 11.8642 29.6298 25.6711 23.9851 24.8455 8.1835 15.7081 
12.4873 15.2074 31.8583 16.8964 28.4902 20.319 6.6536 13.8879 23.4092 29.5425 
36.8774 19.7455 2.5111 14.5763 21.357 24.7726 30.0794 25.1046 9.7685 4.2462 
23.7184 21.8687 27.7594 16.4597 29.4441 21.8122 10.7319 15.3404 19.0041 31.8682 
39.498 24.7554 16.6338 13.9257 28.71 31.8009 24.7223 24.6666 12.8292 20.0468 
26.9898 12.3726 5.964 10.0156 9.3475 12.7487 23.7322 16.04 10.0938 5.3069 
28.8004 25.1007 12.2117 10.2985 28.5552 23.1488 19.812 20.9492 6.9653 16.5111 
EOF