I 100
J 10
bounds (0, 100)
cv 1.0
D 1
k 5
t 3
FLR 0.4
FCR 10
abounds (80, 120)

a 
84.0 65.0 78.0 
79.0 85.0 91.0 
72.0 64.0 90.0 
93.0 79.0 90.0 
78.0 72.0 86.0 
82.0 68.0 84.0 
102.0 72.0 78.0 
81.0 97.0 85.0 
65.0 87.0 79.0 
86.0 78.0 96.0 
67.0 87.0 69.0 
66.0 87.0 101.0 
80.0 78.0 85.0 
93.0 75.0 87.0 
92.0 78.0 85.0 
69.0 81.0 80.0 
90.0 83.0 72.0 
83.0 85.0 80.0 
82.0 83.0 87.0 
97.0 90.0 106.0 
75.0 97.0 102.0 
86.0 87.0 80.0 
79.0 72.0 82.0 
63.0 71.0 84.0 
79.0 80.0 81.0 
74.0 71.0 72.0 
76.0 80.0 95.0 
69.0 65.0 71.0 
80.0 91.0 82.0 
96.0 81.0 85.0 
91.0 96.0 85.0 
66.0 72.0 88.0 
68.0 77.0 74.0 
91.0 101.0 93.0 
83.0 85.0 82.0 
92.0 72.0 81.0 
76.0 104.0 73.0 
88.0 82.0 83.0 
86.0 86.0 90.0 
80.0 102.0 99.0 
83.0 80.0 92.0 
79.0 96.0 94.0 
86.0 70.0 72.0 
85.0 81.0 80.0 
89.0 80.0 83.0 
97.0 98.0 84.0 
97.0 74.0 71.0 
89.0 90.0 83.0 
82.0 104.0 91.0 
95.0 81.0 80.0 
77.0 86.0 76.0 
91.0 101.0 83.0 
90.0 80.0 82.0 
89.0 78.0 91.0 
81.0 91.0 87.0 
79.0 85.0 84.0 
107.0 86.0 95.0 
65.0 84.0 83.0 
95.0 74.0 87.0 
81.0 82.0 85.0 
74.0 99.0 58.0 
81.0 88.0 85.0 
78.0 76.0 94.0 
91.0 83.0 85.0 
85.0 72.0 76.0 
100.0 79.0 90.0 
72.0 74.0 98.0 
74.0 88.0 103.0 
84.0 66.0 89.0 
88.0 87.0 93.0 
65.0 67.0 83.0 
90.0 93.0 70.0 
69.0 87.0 81.0 
86.0 95.0 88.0 
94.0 75.0 80.0 
88.0 77.0 82.0 
98.0 80.0 83.0 
77.0 81.0 92.0 
82.0 67.0 89.0 
86.0 82.0 95.0 
89.0 87.0 85.0 
80.0 76.0 82.0 
73.0 84.0 92.0 
66.0 88.0 72.0 
66.0 81.0 86.0 
79.0 115.0 87.0 
81.0 77.0 85.0 
75.0 92.0 84.0 
78.0 83.0 99.0 
70.0 83.0 97.0 
56.0 87.0 95.0 
72.0 75.0 88.0 
66.0 86.0 79.0 
89.0 81.0 74.0 
74.0 90.0 70.0 
69.0 85.0 79.0 
79.0 92.0 77.0 
70.0 91.0 95.0 
78.0 83.0 88.0 
66.0 84.0 90.0 

Icoords
28.1466 11.9266
20.144 25.6689
86.3271 60.9818
47.4623 21.7348
86.5543 8.8814
88.8248 13.7453
75.1593 34.7576
73.0498 0.8493
75.0998 59.2171
56.9526 78.0523
38.2781 26.7352
35.8651 19.8314
31.0282 49.7278
81.6375 33.2271
89.849 10.0118
80.3512 15.1033
25.2794 71.249
95.6852 35.274
44.1158 42.6995
8.0755 53.2915
64.5633 93.5583
6.9661 53.6447
57.0473 7.2639
18.3005 30.3797
75.0048 75.9632
90.2252 49.2374
68.5992 45.5548
21.7462 64.4669
23.4624 85.9628
28.0846 72.1394
48.5671 95.1276
86.4597 77.763
34.1663 9.4561
62.4886 9.8721
36.2861 74.0363
45.2445 80.1521
69.515 40.3834
49.9738 51.9653
70.943 19.9827
25.3948 53.1441
10.4374 64.4277
55.7339 50.6554
60.8834 55.8388
7.5098 13.841
64.8479 27.9721
48.9671 20.4391
48.4203 6.92
88.7251 45.3375
41.7489 7.311
81.9813 74.0762
80.4518 71.6374
7.2225 41.4883
93.5613 18.3609
51.3203 88.8878
16.9346 48.5911
49.7035 2.8375
1.8409 62.5208
66.0667 0.7012
10.4964 62.7024
2.9779 75.6873
95.2212 88.9153
76.721 32.6162
54.1649 82.4722
52.2362 45.2611
46.6914 86.1999
67.7235 33.6328
11.2875 71.7535
42.0537 75.3668
45.4137 3.4207
39.9445 15.1804
60.2379 26.2204
77.228 15.7441
97.897 70.1566
22.8494 63.9729
99.4465 47.2722
69.6017 40.8743
98.7775 48.0577
27.1536 35.5234
44.6706 5.9374
41.2613 19.841
97.7483 24.0096
20.4155 67.2806
46.0341 49.9746
93.4586 48.909
0.9094 49.2313
83.5682 97.5775
65.7985 91.1734
80.3385 53.4823
30.0013 51.8757
16.6516 92.8237
91.8929 27.0752
89.9193 37.3376
94.398 57.4453
19.74 75.2872
57.9023 54.2784
40.9352 66.598
46.1309 78.3334
38.1031 38.4514
10.0014 73.3165
88.909 31.8183

Jcoords
11.8235 19.6893
1.3391 29.4343
22.7388 3.7972
92.3825 56.2843
5.5375 1.7084
70.5116 45.4164
27.4462 43.6408
53.2543 98.3269
16.7613 93.065
68.6232 83.9747

C
5.887 10.7581 3.185 28.9458 8.6168 19.9056 10.9599 35.5039 32.2326 31.8658 
3.1118 6.3096 7.1934 29.618 9.1902 19.8495 7.6217 30.7489 23.5238 23.1122 
26.3721 33.116 30.4791 2.6586 36.4132 7.4427 22.6559 18.6319 26.7744 10.6616 
12.8939 16.0018 11.7966 18.9788 15.8948 12.1678 11.4896 26.2463 26.3877 22.7982 
27.6889 34.5375 21.4715 17.7714 30.0609 14.7239 26.8935 35.8961 40.0558 27.3072 
27.4322 34.2015 24.9679 14.8211 30.0425 11.1071 24.0386 28.2703 32.8896 27.3893 
25.6183 22.3664 20.9125 9.7152 27.0739 4.157 18.2581 23.7819 32.7535 17.5758 
21.0179 23.5917 18.6218 19.9084 21.7272 15.9809 21.8064 35.0125 33.2432 27.8282 
22.6211 27.3879 25.0688 6.6157 33.2503 5.3622 15.246 17.9055 22.163 8.0867 
23.4164 25.6841 24.7646 16.0883 30.8528 12.9452 14.0749 6.6155 16.9984 4.985 
10.061 11.9779 10.5809 24.283 16.2245 13.5387 6.9129 28.2253 24.5249 20.3881 
9.1312 13.772 7.3977 21.0638 12.1783 14.2947 7.8717 27.4802 24.2417 26.548 
11.9045 12.335 17.7543 19.2762 16.7773 15.8634 2.3589 20.0882 13.7012 18.6638 
25.1105 25.6357 25.2702 9.7275 26.0945 6.4347 19.8217 24.8706 28.8074 18.0064 
25.1438 32.8754 24.1417 14.3706 33.3794 16.1002 25.9377 31.3748 34.8162 26.0162 
23.7842 28.2821 18.5645 15.6852 25.0355 12.1744 19.2776 34.5894 37.2647 27.7146 
20.153 18.0205 22.8756 24.1455 25.9444 16.9967 10.9748 14.2613 8.8668 13.8411 
31.5515 29.1993 30.651 7.9309 33.1484 9.0973 21.945 28.8573 30.4905 19.8845 
14.8655 16.7008 17.2539 18.3319 18.3787 8.9079 5.478 17.1599 17.3491 15.7065 
11.9216 8.9988 20.0959 25.5611 20.6272 20.3455 6.9664 23.8643 13.0845 21.8229 
33.8913 31.725 32.6492 16.6509 33.322 18.9472 19.2586 4.6 16.722 3.9561 
11.3194 8.5827 18.2521 32.7216 20.4758 21.9781 8.6841 19.5516 14.8381 22.8128 
18.2487 23.0837 13.6209 19.0833 19.6613 15.176 18.7033 31.207 35.0811 23.3436 
4.6898 5.8608 9.7911 24.7057 9.7101 21.2497 5.0518 30.0676 21.3069 28.2306 
32.9382 29.3017 30.3669 9.3935 35.3044 9.6609 19.0679 10.9812 20.7542 3.8901 
26.9285 29.7602 27.6538 2.4298 32.6398 7.2049 24.3099 19.9849 31.754 14.9431 
23.2028 20.9432 20.6785 7.9031 26.5598 0.7259 12.384 18.4933 26.6499 14.0233 
16.5385 15.4793 22.2991 23.7076 24.7798 18.6225 8.6152 18.1262 9.272 18.0756 
21.3235 23.7229 26.4337 28.5072 30.9415 22.8751 15.2055 10.5799 3.0573 17.788 
21.7071 17.8427 21.9706 25.4167 29.3072 18.6526 8.8539 12.8254 9.3196 16.7277 
28.5045 31.3842 34.605 20.535 33.4889 19.7415 19.6168 2.0379 11.3785 8.3555 
29.3729 34.5235 33.3401 7.054 38.9684 12.8281 23.9407 12.5804 25.7532 5.7115 
8.3309 13.304 4.0564 29.6909 10.167 16.2486 12.7929 36.0318 29.0279 30.4671 
19.6625 25.0389 14.4962 21.1992 19.7742 13.9887 17.4513 33.9022 30.3877 24.2327 
21.5211 21.611 24.9581 22.0114 26.9494 17.8325 12.2061 11.701 9.3705 11.6781 
24.8291 24.7331 23.9763 17.679 27.9588 14.4366 14.8217 7.1283 12.131 7.1897 
22.4998 21.1637 21.6161 10.5143 23.3696 1.5397 16.0509 23.6154 28.927 13.4812 
19.2691 19.7999 20.0588 16.5312 26.3106 7.2625 7.9879 16.3554 20.1222 11.9251 
21.2951 23.3978 18.148 15.9154 20.7127 7.8398 17.132 29.2432 29.349 24.5378 
12.6035 12.3925 19.6981 24.2762 19.4739 15.2289 3.2958 15.9669 14.7814 19.2793 
16.315 14.0758 20.4095 26.2034 24.6735 19.59 8.4068 17.6396 10.9009 22.5086 
18.5587 17.9075 21.2217 11.7946 21.4608 6.1163 9.7721 16.9415 18.4253 13.247 
19.6348 24.1004 21.0864 10.8399 30.1768 4.3461 13.3081 13.3733 17.7861 10.5373 
2.8661 5.5223 5.772 37.6348 4.4902 27.0117 12.115 32.1467 30.7324 33.6005 
20.2326 23.225 15.3046 14.6876 24.3634 6.6265 13.6536 24.2147 28.3897 17.5742 
14.4853 14.6331 10.1668 17.5884 16.7856 11.6075 9.9115 24.5406 29.8321 26.4896 
12.7212 19.3563 9.8904 25.456 14.5751 16.1738 16.1797 36.2019 32.2234 25.6025 
26.9787 31.8247 25.3724 4.3119 36.8599 5.4787 21.1984 19.8056 32.4512 15.5617 
12.6299 14.4428 6.685 26.5286 13.0666 16.0271 12.6033 35.797 31.4318 26.1666 
31.8417 33.4869 32.024 8.2004 40.3271 11.1934 19.0357 13.9626 24.0398 6.4292 
32.3288 29.3834 34.2288 5.9614 39.0143 9.1781 20.3993 15.1241 23.9562 5.4164 
8.3703 4.6557 13.3367 34.5311 14.8273 19.2135 6.7135 24.7215 18.316 22.5718 
25.7672 34.0608 22.6385 14.1523 28.076 10.8725 25.7227 33.1873 35.8061 21.8441 
31.0103 27.1617 29.9537 20.9413 31.4808 15.5055 16.0333 3.4687 13.677 5.9609 
10.6571 9.1176 14.3816 28.2956 18.3102 17.384 3.9376 22.3063 14.841 21.1346 
12.7031 17.1491 8.6989 21.921 15.7371 17.2457 17.7364 33.1099 31.0348 26.7688 
15.7798 11.8232 22.7634 34.6598 18.5211 25.7315 9.9353 19.9613 10.9867 24.6345 
18.2642 23.9012 13.644 22.4222 22.7379 16.3026 20.4155 29.5684 35.6085 29.701 
13.2371 11.2626 22.6998 25.1176 24.0253 22.0091 8.0247 18.5828 11.9979 24.0594 
17.4045 18.05 25.983 29.1016 22.4957 27.2718 14.4869 16.6739 8.2378 26.2482 
38.2059 43.0663 44.6074 13.0132 47.2225 17.8447 29.9942 14.7694 27.7665 10.337 
21.42 25.2452 24.465 11.0259 30.3121 4.8257 19.3994 23.4166 30.2681 16.4246 
23.8008 27.2031 33.5319 17.1233 31.0253 14.8923 16.1251 4.7896 13.7849 5.5877 
15.6097 18.197 15.515 15.0167 22.6689 7.1185 9.2242 16.066 20.7577 12.7672 
29.1899 27.966 29.3053 17.4927 34.773 16.7289 18.5478 5.0261 10.0167 7.1049 
22.8435 24.5315 18.828 12.9046 22.7111 3.8543 13.8534 26.1524 28.2314 15.7041 
19.1763 13.9722 23.9891 27.9786 24.8442 20.7347 12.3315 17.0029 8.3194 18.5544 
20.7044 24.3923 29.3259 20.362 29.9749 14.4972 13.6356 8.5146 11.0297 8.8284 
14.1191 16.715 6.9327 23.3996 15.0232 15.5725 15.8628 28.645 36.5343 29.0893 
8.7605 16.3294 7.429 19.995 14.6509 15.0697 9.7914 32.7389 28.6285 25.5647 
18.4664 22.6921 17.4243 14.9775 21.9146 7.3417 13.152 22.6749 27.3427 19.4397 
22.848 30.059 19.1895 15.2086 25.064 10.1187 20.2354 29.8135 37.1621 23.5541 
31.3801 35.1059 38.1795 4.6919 39.1203 12.3302 28.951 18.0428 27.8637 12.0421 
15.2012 12.7276 23.3121 22.6031 23.6985 19.2057 7.2479 15.7953 9.7876 16.0699 
28.5782 36.7752 34.4308 3.9814 41.4593 10.612 23.848 21.3434 34.0552 16.3293 
22.4989 24.0036 23.2034 8.2592 26.5886 1.4768 12.9527 18.6606 25.571 16.003 
33.6132 39.5222 34.9729 3.127 35.9751 9.1214 26.5289 24.4486 35.4475 16.2357 
6.7683 8.2672 12.3643 27.3402 13.8622 14.3245 3.1386 24.7833 20.3075 20.4973 
11.1814 15.0292 6.8179 24.8112 12.8631 15.4292 13.6251 30.258 34.9669 29.9013 
9.5674 15.4299 8.7776 24.2273 14.5266 15.0056 8.4648 29.8374 30.8316 23.1911 
33.054 33.0434 27.718 12.6388 37.7295 13.3754 24.5982 30.9488 36.3994 22.5524 
17.1632 14.9143 23.7333 21.848 20.6491 19.5189 7.6875 17.3897 9.4298 18.5394 
14.1593 16.4734 19.4263 17.1013 22.2029 9.0829 6.5019 15.2238 16.8312 12.4501 
31.1278 37.4833 32.7899 2.5342 34.208 7.9522 24.3433 24.4888 26.8863 17.1321 
12.0715 6.6118 15.8275 32.4776 15.6994 23.3866 10.2186 21.6662 16.2629 27.5126 
33.516 33.3734 37.2119 15.9394 48.0723 20.0832 25.8424 11.4258 22.6389 7.1478 
30.1323 28.8566 29.5543 15.738 41.8849 15.6765 23.2027 5.2362 17.9512 2.4792 
29.1067 28.4318 24.7982 4.898 34.1414 4.8081 20.0298 17.1626 27.8375 9.9728 
14.0207 13.3815 18.093 22.1068 18.3238 15.9042 3.1962 17.3397 14.7923 15.9949 
23.3733 21.4941 29.9828 32.9614 33.2007 27.9905 19.8494 11.715 0.0858 18.125 
30.9174 34.5036 27.3553 9.1671 27.9913 9.53 20.3152 29.6496 32.5391 20.9933 
26.7898 28.9207 24.5687 7.4476 27.6344 6.4727 25.091 26.3086 34.8457 20.0924 
29.1549 32.8479 33.7208 0.8702 32.5067 9.4969 21.1985 19.2389 29.3752 13.8855 
19.9195 19.2293 23.2762 23.4346 22.5635 18.0373 12.9471 13.1241 5.6979 16.7765 
18.0167 20.1522 23.1872 13.4389 24.1522 5.2416 11.675 16.2024 19.2582 11.5049 
19.5712 20.0058 21.5832 19.6871 29.0123 11.6704 9.6203 11.7936 10.7571 11.0456 
26.2528 26.4656 29.0843 19.3527 34.668 12.8951 12.2271 7.9974 11.1353 9.1179 
12.522 14.7592 14.3025 18.4771 17.2185 13.1036 3.9376 23.056 23.2842 21.764 
20.9803 13.866 27.5214 29.1151 27.3643 25.5203 12.4716 15.3937 8.2721 22.8321 
27.5928 32.1238 24.6619 8.261 32.8153 7.7737 19.0397 26.0875 29.9815 18.2941 
6.0226 11.5169 3.6028 29.1722 8.8649 19.1388 10.9377 29.8265 28.1359 29.0726 
3.536 7.2455 7.0128 28.5117 10.3856 17.7396 6.4404 31.236 24.4348 27.6391 
26.9088 29.6077 27.3833 3.0579 37.5053 8.4079 19.5868 18.0382 27.9082 9.9448 
11.234 17.5168 10.4434 20.2085 16.4477 10.9947 10.8041 26.3 23.9881 25.98 
23.5737 32.6967 20.1784 15.1255 25.4737 15.9209 22.2993 31.2194 36.7096 29.2065 
25.0381 29.3042 23.8986 15.2992 29.992 13.4046 25.4996 29.3714 33.0717 23.6039 
21.6535 24.4757 22.191 10.5644 26.5499 4.2919 17.1952 25.5637 31.1525 19.3284 
22.3631 27.3049 19.1056 23.2078 21.2951 17.7263 23.4574 33.4509 39.7902 33.1891 
29.0523 27.4913 25.0307 6.7367 28.4939 4.8633 18.5348 16.9379 25.9265 9.3867 
24.3165 27.4348 32.0737 12.8449 35.0407 14.016 15.0948 7.1555 13.0942 3.9929 
8.9139 11.1779 10.4535 21.737 14.6585 13.7026 6.433 26.2358 21.0801 25.5256 
8.7272 11.1595 7.0392 20.4451 12.793 13.2094 7.7959 24.8834 24.0373 24.9347 
12.3466 14.0108 18.2723 22.8488 21.3331 14.6004 2.3554 16.1443 18.1497 16.3092 
21.5406 25.1212 23.7492 9.0203 31.7614 5.3455 18.0779 26.2057 32.5055 17.0372 
29.8297 33.7182 21.8906 14.0323 27.034 14.4422 27.0294 36.1642 43.9545 24.508 
24.4573 28.2419 20.1791 13.8532 27.9541 11.2756 23.5395 32.1913 35.4035 23.2783 
17.3768 17.6206 24.8264 21.1342 26.0094 18.0697 8.7953 13.7046 7.6771 15.1376 
32.6434 28.9724 25.2327 7.5715 33.9468 10.1911 26.3725 27.6261 36.4673 20.1575 
13.5411 13.8211 17.1163 19.41 19.1273 8.4621 6.0474 22.5379 21.2293 16.897 
10.6233 8.4013 15.6359 28.7077 20.0075 23.6872 7.7131 24.4257 12.2336 25.3865 
31.713 29.6808 32.9562 14.6974 36.0515 16.9875 24.4278 4.7117 14.6186 3.6741 
12.9658 8.789 18.4717 30.8671 16.3245 21.9717 8.1142 19.8733 13.3474 24.9085 
18.3941 21.9805 12.845 19.615 16.3611 14.1403 18.6236 29.931 28.6924 25.0038 
3.8986 5.6739 8.6942 24.0229 10.774 21.391 6.4049 25.2155 22.028 24.7239 
32.7097 26.9753 33.9489 9.7085 33.9215 10.2013 22.9091 10.8221 18.8117 3.6054 
29.9112 32.7198 27.1819 2.7371 31.086 6.8073 20.44 18.9279 30.1971 15.9657 
22.4105 24.9893 19.7792 9.359 26.9361 0.6304 14.3862 19.7903 22.1215 12.0216 
15.2589 12.244 20.4666 25.5138 21.5584 16.3032 7.3305 13.9635 11.423 15.481 
21.3167 20.2446 30.271 25.6857 29.167 21.7385 12.9993 12.0636 3.4137 17.6072 
17.2482 16.6233 24.8292 25.0657 23.8199 15.0976 9.0392 13.1777 8.9818 15.5874 
27.9171 26.9666 34.5196 17.7244 35.0111 21.4206 21.6814 2.182 11.114 7.7245 
36.7492 30.3635 33.4572 7.7046 39.1128 11.7606 21.5685 12.5101 21.4717 6.7843 
8.6528 13.2194 4.4275 27.6213 9.8318 19.7151 12.2355 28.2692 30.5224 29.5804 
17.0408 22.5864 15.8352 19.9626 17.6339 13.8539 18.3711 30.3626 32.5711 26.7459 
22.576 19.6109 23.2055 20.8111 25.0003 15.3698 11.4021 10.7558 8.9207 12.4629 
27.2056 25.2496 24.5972 17.2299 28.5831 12.9891 16.223 6.2127 9.7449 7.9122 
21.1698 26.5426 21.628 10.9488 24.9171 1.9789 14.0255 22.4779 27.5626 13.7646 
15.991 16.4231 20.0366 13.8499 20.9908 8.3791 7.8366 15.8024 17.554 11.3731 
20.497 25.6035 17.609 14.7475 23.5649 8.5953 17.3102 26.0225 34.6347 23.5517 
11.1305 11.4231 17.4644 20.8561 21.3651 13.7642 3.2258 19.5711 14.9366 18.7802 
14.6812 11.7871 18.6092 32.5607 22.1256 20.9069 9.6665 20.25 10.0006 18.8993 
19.9772 23.2792 22.4596 12.4287 21.7553 5.1991 9.3437 16.0631 20.7868 12.136 
21.7738 21.775 22.7576 12.0402 29.9059 5.3138 11.6175 14.5906 22.7103 9.4371 
2.3683 5.7034 6.6677 31.4288 3.8904 21.4022 10.792 31.9161 24.822 36.5401 
18.2147 19.5786 18.3393 14.1821 20.6531 7.0923 14.1483 24.2218 30.2187 18.1018 
14.1323 17.4783 9.6356 20.1726 16.8896 11.116 10.0286 25.0866 29.1092 25.1794 
15.2523 18.3178 8.0484 24.7751 15.8365 15.4636 16.1416 34.5085 29.7545 25.6104 
31.2995 33.8143 28.772 3.8953 37.1792 6.3529 21.1984 23.6953 29.3684 15.492 
10.5703 17.147 6.0896 23.9364 11.9161 17.784 13.8684 28.1642 27.6447 24.8425 
28.788 28.1131 36.0684 7.0937 37.0955 9.3443 19.0045 13.6317 22.4299 6.4592 
31.8381 27.6887 33.8903 7.4703 36.1038 10.4484 21.6701 13.3636 24.9642 6.3256 
8.074 4.4451 12.819 26.4494 14.3575 25.32 7.9948 27.4716 19.4909 29.2246 
30.0753 31.6551 28.8061 14.0574 27.216 14.0252 22.8064 29.7396 33.4812 22.7637 
27.5762 26.7578 35.0612 16.3325 30.1318 16.5034 16.7291 3.0881 11.7277 5.7252 
8.9108 7.7368 16.0845 28.5155 17.4996 17.0513 3.6553 20.508 16.3265 23.2205 
15.3068 21.9787 9.4517 26.4283 14.9727 18.3783 17.4947 34.6675 35.1266 28.4434 
15.6699 10.5062 23.6422 29.2688 23.0173 26.8001 9.5822 23.9022 13.1827 22.9019 
19.8044 23.8729 16.5848 20.6203 18.7788 17.0441 20.5599 34.718 38.7704 25.702 
15.7976 12.5427 18.5064 27.0149 20.837 21.216 9.1394 17.7981 11.4894 19.1076 
17.2118 15.5554 24.544 28.4704 27.0333 28.974 12.7209 20.0815 7.7853 20.988 
34.5425 43.0996 42.9863 11.0873 39.1791 15.3033 30.8093 14.8038 27.0594 10.3342 
20.8906 23.8042 23.1066 8.8746 28.9696 5.1458 16.3799 23.598 28.4376 16.1178 
22.8542 28.1313 26.9662 15.4601 30.4314 15.6416 15.4746 5.9331 14.4536 5.0615 
15.8679 18.5968 20.0591 15.5788 25.3573 6.7896 8.5559 20.9808 18.4956 16.1304 
26.4488 25.096 28.6445 16.4823 36.4083 14.7217 16.9691 4.7682 9.6206 6.7764 
18.8394 21.2189 17.1061 11.0965 23.9553 4.3847 14.0194 21.6511 30.0321 17.5721 
16.0887 16.1415 22.983 26.7155 21.6816 25.3755 9.9839 17.9367 6.8232 21.5501 
20.6917 20.2492 24.07 18.6288 29.9749 14.3526 11.4771 8.4073 12.0608 9.4791 
12.3724 18.6803 8.2843 23.3784 12.4089 19.1831 16.0918 28.7974 36.7696 27.2115 
9.051 13.0372 7.0453 25.2586 13.9008 12.9888 10.7923 33.1263 30.0506 25.9001 
15.5987 19.7133 13.1207 15.981 20.2542 8.0689 14.1175 24.4933 29.7668 22.9238 
25.5934 24.607 21.075 15.4726 26.9706 9.6593 19.0313 28.558 37.2897 25.7273 
36.5585 35.1688 36.7859 4.9502 39.6951 11.2341 23.5989 20.2916 27.2398 10.3167 
16.4699 15.706 23.0955 25.1145 20.4607 19.3694 7.9837 15.7311 11.3866 17.1789 
36.2211 32.3678 30.1457 4.4142 35.1861 9.1216 22.1754 23.0234 32.7508 15.8404 
21.7481 22.7716 18.9787 8.8011 26.3784 1.411 12.733 20.3511 29.0246 14.4941 
34.2535 35.7922 31.3393 3.1259 37.3287 8.9965 24.5421 21.5595 35.9247 18.0412 
7.1782 8.5192 10.7755 21.1315 14.5364 16.4814 2.968 26.5652 20.7636 23.0228 
12.6307 17.0896 8.1776 23.3546 12.0051 16.3729 16.2656 33.1901 30.0265 29.0931 
9.3613 16.3865 7.398 19.3806 13.5811 12.9036 9.3454 28.837 27.6117 21.8175 
30.8085 35.9016 26.5372 11.052 37.1508 12.4885 23.985 26.6352 42.3701 22.6124 
16.8972 12.935 21.5797 23.952 21.5164 17.573 7.5395 16.9739 8.4012 20.3351 
16.8367 17.3784 18.4849 17.5597 21.9194 7.7409 6.5137 19.3403 18.7847 14.4544 
32.8793 35.6379 33.1925 2.9329 31.9727 7.6412 25.8466 19.698 28.4616 14.3261 
11.3534 7.5583 15.7116 31.1381 17.8863 23.6585 9.226 23.9699 18.0016 26.0362 
32.9124 38.2539 44.6788 15.8591 45.3034 17.3033 29.6721 9.2516 22.2438 7.1013 
28.2423 28.3389 37.9705 16.6898 38.9078 16.9323 22.3598 4.491 15.0853 2.5844 
23.5375 30.3806 28.6244 3.7468 27.3095 4.7064 18.4427 20.0492 22.4902 12.6415 
11.5552 13.7273 15.3603 24.9897 18.3183 15.8468 3.2376 18.2903 17.1373 16.3916 
28.8997 23.9656 32.0084 31.1283 33.6137 24.8692 16.0024 13.1622 0.0954 16.7965 
31.1827 33.0543 22.8824 9.4855 32.3115 10.3075 26.1043 31.8623 39.1589 23.5936 
28.1109 29.5432 27.805 5.9821 28.5412 7.8832 20.501 24.1879 36.1056 19.5849 
28.1016 31.7303 27.759 0.9281 38.0976 9.9034 25.6966 20.1495 30.0671 14.7584 
20.4418 15.6572 27.369 23.1568 23.1331 20.1697 11.6377 13.0428 5.5717 18.2709 
22.1247 19.9669 24.4792 12.0436 23.5734 5.5745 11.9202 15.3652 17.7202 10.1189 
18.5995 21.3634 26.062 19.2358 24.3407 12.598 9.0185 11.0346 11.6354 10.7645 
21.8434 20.5173 26.7016 16.7037 26.5863 16.1025 11.9513 7.5687 11.5394 8.362 
10.3941 14.6002 12.4754 19.0884 18.8583 11.3169 4.4343 24.5877 20.5752 20.2678 
20.2237 15.7938 21.8956 27.7102 27.7231 21.1492 13.704 18.8761 7.3996 20.0139 
26.4301 26.5172 28.1183 9.8722 30.289 7.7097 23.7152 28.7966 30.9657 21.4672 
6.7239 10.1914 3.885 28.86 7.6442 16.9408 9.8655 29.4756 24.9569 30.7502 
3.7276 6.5992 7.8409 29.4532 11.0507 19.7629 5.8506 27.2676 21.6749 24.7804 
27.0791 32.699 31.206 3.0632 35.1406 7.507 21.6983 18.7316 28.6896 10.2263 
11.7909 16.6424 11.2101 18.0267 17.4884 11.497 10.4243 27.6596 29.8357 24.6652 
24.3892 31.8376 25.0437 15.5172 29.0443 13.1996 23.2319 37.4519 43.6753 28.9208 
30.3129 28.8953 26.3112 14.3259 26.4576 13.5473 20.9322 30.7202 36.1581 21.9378 
25.5401 22.8845 22.3554 10.126 29.9794 4.2872 16.8604 26.3033 27.0346 16.0764 
22.03 28.5324 17.9213 21.1706 24.7925 16.7308 21.2123 30.994 36.1926 28.902 
29.6343 24.9379 23.3228 6.8664 32.42 5.4494 18.0134 16.902 23.1612 9.489 
25.6666 26.2381 29.76 13.0778 35.2432 12.7897 14.6279 7.4399 14.7503 4.0283 
8.2952 14.6706 9.8412 21.3979 12.9071 11.7914 6.5033 26.0018 24.2878 22.3899 
7.7295 11.4749 6.7408 23.9557 13.708 14.7211 8.9424 25.2291 27.6323 23.5086 
10.6994 14.0935 18.109 23.0525 19.7783 12.9799 2.1252 19.2866 16.0053 19.2283 
23.5816 25.1293 21.2407 7.8934 28.722 5.8554 17.8847 25.0978 29.9548 18.8813 
28.1236 34.3615 24.3843 16.595 31.8884 12.9939 27.1782 30.6961 42.6711 23.3076 
21.1812 28.1054 18.089 14.6469 23.9259 10.2685 19.3738 28.7516 38.6129 21.1335 
16.4229 14.4935 26.6556 25.8024 22.3227 17.5332 9.4655 11.9214 8.5272 17.6266 
28.8647 34.9276 24.756 8.167 34.6779 10.799 25.7194 29.5413 35.8511 18.0125 
13.1366 13.736 13.7206 17.4494 17.4611 9.5925 6.6434 21.2639 22.8685 15.1881 
11.1102 9.8515 15.7908 33.5584 18.0449 21.9628 7.1158 23.6474 13.9801 23.8117 
28.1641 30.6624 30.2825 16.9857 39.851 17.7345 19.1529 4.7338 15.1158 3.5554 
11.2233 8.9356 19.7788 28.1069 20.6733 21.1066 8.9006 22.4661 15.6505 25.6438 
16.8464 23.0837 12.7243 19.4458 17.2989 15.2165 17.0806 29.767 36.0953 27.913 
4.9085 5.7775 9.0284 26.9031 9.4559 20.9074 6.1762 26.8584 19.1311 22.261 
25.9749 33.0395 28.5135 8.5481 36.2094 10.3495 21.8338 9.8768 24.1717 3.1813 
27.3474 33.1023 31.4207 2.4025 29.6293 7.6627 20.9883 19.3089 32.2159 15.8471 
20.6136 26.504 19.1342 7.9762 29.8625 0.7014 15.1277 16.8885 27.789 14.3498 
14.1995 13.9062 21.1948 24.1556 22.4399 18.3136 7.4406 17.5758 10.857 17.0042 
26.1278 23.1948 28.718 29.2425 29.2704 20.372 15.0907 10.2638 3.897 15.4283 
19.1537 16.7493 21.9843 22.0923 28.0352 19.124 8.6486 11.812 8.1633 16.8839 
32.4315 31.9505 34.1874 18.5675 37.7984 18.5677 17.7414 2.2462 12.5514 7.8117 
36.021 36.1777 35.361 8.1925 34.4708 11.0393 25.6313 13.8732 25.582 7.3585 
7.6968 15.0064 4.1444 22.9817 11.4423 20.39 13.2632 30.478 27.1405 31.1731 
17.4279 21.3537 14.5364 19.4437 21.2585 10.9971 16.6435 29.5444 35.4475 22.753 
18.5054 21.0784 22.9766 19.246 30.4232 13.8529 12.032 9.458 9.1306 10.9913 
26.2937 26.4906 30.249 18.5878 28.1786 15.3859 16.2352 7.0667 10.3766 7.3105 
22.414 21.6884 21.2004 8.6482 26.1058 1.8542 16.4306 21.6294 23.9691 15.1599 
16.3808 21.1721 21.6579 15.3589 21.7555 7.7087 8.12 17.3826 17.3744 13.1772 
18.3923 27.3595 18.9921 13.7441 26.0165 9.6789 15.0672 25.637 29.6492 23.8399 
10.9138 10.5551 18.9569 21.6876 18.4594 16.8676 3.4426 21.0892 12.4002 20.3677 
17.7742 11.6606 19.0299 31.1113 21.226 19.3443 8.7103 21.0747 9.9918 22.5822 
20.7993 19.0052 21.9266 11.9467 25.0996 5.4374 9.7546 15.5189 19.8653 13.072 
24.1809 23.3448 25.687 12.5379 28.0943 4.9378 10.6885 14.2065 18.8021 10.3797 
2.4156 5.5525 6.0603 34.8734 4.4693 26.906 11.0394 33.3765 30.9717 34.3447 
18.3167 24.6543 15.0764 12.9223 22.4369 6.3661 15.9812 25.9474 25.9295 18.2253 
13.9837 19.1456 10.3438 20.5442 15.7308 10.9049 12.3641 30.4846 29.3952 22.8584 
12.3646 17.0653 8.9487 24.8743 15.5471 13.5329 15.317 34.0326 31.4157 28.988 
32.1102 29.0712 26.9709 3.4648 32.1537 7.2254 18.9731 25.2958 32.5634 15.1871 
12.5328 15.9907 6.9847 22.6332 11.1539 16.8434 11.7912 28.5954 33.5041 27.0359 
32.543 29.5695 28.8345 7.6934 41.0218 9.9524 19.0107 13.8836 26.5055 6.0136 
28.0424 33.6874 28.5463 6.3153 38.1329 8.864 22.3655 13.0626 22.9147 5.6027 
8.0183 4.0266 13.1206 30.7106 14.5765 19.1691 7.3623 26.1039 16.2757 23.9457 
29.8955 34.3487 25.0029 12.2628 30.6919 11.9815 26.1827 35.5514 39.5239 26.7857 
29.4486 26.4471 31.8567 17.9998 31.9239 18.5942 15.8133 3.329 12.5701 6.531 
10.9066 7.6627 14.5939 28.3411 18.397 19.3913 4.012 24.16 13.5557 24.3981 
14.8093 17.3589 8.251 25.3408 13.5722 16.44 16.5884 35.3937 29.2578 27.9768 
15.3972 13.0409 24.4027 32.9172 23.6327 21.5279 12.6585 24.535 13.4411 23.6244 
22.3791 26.3232 14.3781 24.0273 19.2267 15.1163 20.6061 34.7869 40.1524 28.4096 
16.7186 13.3915 22.5855 31.475 23.4806 19.9794 8.2492 20.9425 10.6896 18.6929 
19.5362 17.7167 28.1078 35.4416 25.8563 25.3328 15.4344 20.6494 8.4086 20.1675 
34.1523 41.0547 40.2361 10.3208 37.6529 16.3839 27.0926 14.7436 23.9244 9.639 
24.0272 27.0862 19.1902 9.3855 24.8798 4.6536 15.2539 25.6075 28.6674 18.8527 
22.7709 29.6359 27.1186 16.7434 32.2791 12.9685 18.0388 5.9664 14.5857 4.56 
17.0396 16.6193 18.3087 13.0101 19.8465 7.252 9.2018 18.5712 18.6623 13.4188 
29.8207 25.8299 26.8768 17.0339 28.6455 15.4159 15.6472 5.2302 10.6094 6.9374 
19.6229 21.618 20.2585 11.9135 22.054 4.2115 14.1481 26.2916 28.3645 15.7293 
18.0881 14.9546 27.4073 31.8918 24.7037 23.9107 12.6266 16.5658 8.5064 20.9638 
22.8965 23.4286 25.7676 18.6611 31.3972 12.5059 10.6528 7.669 12.246 9.6048 
12.9434 20.405 7.4588 25.7827 12.6364 17.1919 14.2461 29.1402 36.2896 32.9539 
9.2646 13.9096 8.1882 21.6208 11.9904 14.3947 10.2359 26.7099 25.7356 22.7101 
18.2319 23.1817 14.3659 14.8103 22.0405 7.8838 14.188 23.1676 29.0093 22.5328 
22.0879 26.0259 21.3205 14.4036 28.3075 10.4138 21.0628 28.5838 39.1056 27.1715 
31.3801 39.2034 34.4197 5.0009 36.3269 11.7176 25.2926 19.6423 28.4117 11.3493 
14.9502 12.3939 20.5982 21.8685 25.0104 19.2057 6.5517 18.2405 10.0402 16.9291 
27.5953 36.0174 29.6343 4.3192 39.5492 10.0263 24.0282 25.44 34.4994 18.4142 
19.028 27.672 19.7316 9.0321 28.7061 1.7153 13.8863 22.6209 26.492 14.7743 
30.1559 38.8079 33.9963 3.699 38.8177 11.0632 27.3293 22.943 36.4486 17.6942 
7.6212 8.8931 9.8338 25.4509 13.0475 17.5443 3.0939 22.5525 20.3017 23.6414 
11.8651 16.8579 7.933 27.4262 11.9264 14.3676 13.3515 36.4283 32.8261 28.9952 
10.8804 16.3619 9.6328 24.6354 15.1275 15.0484 10.2315 27.122 23.4962 21.9151 
30.43 30.5714 25.2787 12.809 28.6221 10.7391 25.4522 31.2347 38.9963 25.4923 
15.2771 14.3591 22.0943 25.9686 20.2994 17.2123 9.3794 17.8913 8.6069 17.8047 
18.0932 19.1984 17.9522 17.5737 23.0598 9.2547 6.5844 16.3776 19.7172 14.0584 
28.3358 35.7979 30.6676 2.8211 32.4118 9.201 25.6479 19.5006 32.1786 14.7558 
12.2542 7.487 15.2479 30.3124 15.7615 23.2193 9.6545 22.6494 15.6383 25.4501 
37.1694 36.1714 35.3787 13.6044 45.6248 19.5886 27.9674 9.5609 25.1833 6.2384 
30.7234 28.7049 38.8959 17.1285 40.9141 14.9957 24.3753 4.5098 17.0384 2.8875 
23.2166 25.0461 30.024 4.4034 33.9504 4.1954 20.2127 20.2169 24.6171 10.9527 
13.8877 13.3597 18.1416 23.839 18.6308 15.4366 3.3463 19.35 16.1941 15.8844 
25.4549 25.9742 33.9626 33.3145 32.7509 23.0898 15.3075 12.074 0.0817 17.4713 
30.1374 35.183 27.7639 8.9013 28.3333 9.0173 25.6186 25.6698 30.3091 19.272 
26.3654 31.2507 22.5864 5.8809 31.3257 6.8889 20.5638 27.2265 28.2334 20.4206 
27.7384 31.05 35.3768 0.715 35.0766 10.0719 25.847 21.3965 28.111 11.2001 
19.9532 17.6038 22.6966 23.4722 26.6026 19.8929 12.2565 15.3203 7.0516 16.5332 
17.452 18.8734 18.5239 10.966 27.1128 6.0754 10.7105 16.6497 20.6039 10.7251 
20.3441 19.7506 25.7351 18.2966 26.0334 11.3248 8.1105 10.2926 13.7861 11.33 
24.3504 21.3263 27.5063 19.9779 30.4537 12.4363 12.3808 7.7321 10.3533 7.0239 
12.1377 12.6242 13.8779 21.1509 18.9369 11.5224 3.8404 24.5939 22.1759 20.7336 
20.4223 15.4494 26.0867 28.9973 28.1894 23.5746 13.5387 16.1981 7.3725 23.5531 
24.6431 28.2517 28.7363 8.2585 34.8718 7.0393 24.7354 29.0532 34.439 21.3609 
EOF