I 10
J 3
bounds (0, 100)
cv 1.5
D 10
k 5
t 3
FLR 0.4
FCR 2
λbounds (80, 120)

λ 
119.7941 107.8872 83.949 
111.7421 85.6889 109.0438 
115.6168 94.6259 89.9636 
110.0501 116.3834 95.5487 
105.6296 98.7791 117.7685 
102.7208 115.9169 110.547 
96.0767 92.3934 106.4836 
114.5266 103.3486 83.0648 
82.8202 108.8209 100.3895 
81.4477 82.8283 92.9484 

Icoords
12.4829 41.2819
78.8103 57.7655
4.1733 46.7094
61.6554 43.9953
49.4024 32.2282
83.764 38.2242
51.0201 44.3497
90.8096 81.0688
52.2817 14.4786
83.0726 46.5362

Jcoords
21.3859 68.714
66.5601 8.3756
94.7937 65.7261

C
9.9818 23.789 29.2624 
19.7649 16.3549 6.8139 
9.7863 28.6228 35.2414 
18.683 11.0924 12.3005 
15.5485 11.1242 20.0663 
24.7313 13.1674 9.3249 
14.4901 13.1159 17.6833 
23.5166 24.3764 6.2407 
20.1923 5.295 21.9065 
22.9826 16.0998 8.3559 
9.9702 21.3265 33.9763 
18.4028 16.2531 6.4246 
10.915 25.9795 33.2321 
16.5709 11.0061 12.0311 
14.8309 10.851 20.4555 
21.7805 13.1984 10.6672 
12.7024 15.3809 16.7577 
28.0577 27.9551 5.3087 
23.076 5.2842 25.6619 
23.3366 12.7027 7.1642 
9.8866 24.5486 26.2829 
21.7876 15.8766 5.9854 
10.9569 23.5192 27.9264 
15.3376 13.1742 15.2409 
15.4427 9.3084 17.1159 
25.9949 13.1743 9.7042 
14.985 13.884 18.3994 
24.1724 26.5221 5.3071 
22.0586 5.8634 22.9319 
23.5071 14.1621 8.9338 
EOF