I 100
J 10
bounds (0, 100)
cv 1.0
D 100
k 5
t 3
FLR 0.4
FCR 8
λbounds (80, 120)

λ 
98.9738 86.8156 94.0586 
93.5191 87.4585 86.7267 
105.0475 105.8292 98.4854 
98.8772 106.185 90.2899 
114.5845 81.202 110.3666 
108.4129 119.1976 113.0073 
91.0605 81.5142 111.4083 
112.6053 90.8371 111.8343 
99.3347 108.3441 116.4908 
110.3084 110.7239 119.779 
82.8275 113.9378 88.9947 
99.0516 104.0211 118.8457 
107.987 115.9322 87.3326 
99.1785 86.8954 84.6465 
91.4291 106.7163 106.7732 
80.9341 115.5486 112.0858 
83.3522 86.5952 94.3619 
99.2644 108.6547 96.6959 
104.049 85.5262 90.5955 
110.841 80.3693 92.1035 
107.1164 83.5072 82.3743 
102.699 86.7954 111.5513 
106.5175 110.9085 115.1459 
117.2437 111.3321 94.0088 
116.8004 83.2465 106.0781 
105.2981 86.9638 109.1771 
91.9872 112.0225 101.7824 
101.8442 96.2043 111.0397 
102.9228 116.407 103.2853 
94.1579 85.1146 101.0252 
113.2666 86.3245 80.1386 
102.6337 91.4797 117.0243 
115.538 87.2426 117.1338 
89.1489 97.1127 115.4868 
98.5354 82.6674 119.9219 
111.3653 112.2396 114.3267 
94.5979 97.6759 114.6355 
109.2823 95.518 117.5374 
81.4976 90.6901 115.3732 
105.2994 89.5468 105.9658 
103.4968 115.5375 90.0387 
95.7022 83.2448 104.0368 
112.4583 105.4602 118.1858 
83.3593 107.1176 104.9574 
109.4064 94.2992 116.7929 
96.8268 89.8415 112.8006 
107.6963 111.2024 112.5403 
116.3205 109.4596 93.8653 
108.0287 109.9079 95.1623 
99.7946 89.009 108.6195 
80.7006 117.0354 105.1156 
90.0028 88.3706 116.5416 
99.0307 84.0288 119.4217 
103.6649 106.9198 97.564 
85.294 105.4979 88.0681 
100.77 93.2246 113.0444 
103.3166 87.0429 106.654 
105.6102 92.5387 94.0847 
113.1204 91.945 95.2474 
110.32 111.9855 81.9272 
99.7513 113.7036 103.0531 
108.2219 116.6973 83.8321 
105.1795 97.4173 101.182 
93.1422 119.0121 89.0366 
115.7865 110.8955 96.5866 
84.7641 101.4194 112.2137 
108.137 114.6867 110.3075 
101.9552 87.2745 101.3946 
116.929 98.1047 81.6051 
85.8541 101.6104 106.8365 
94.355 104.7199 114.9561 
113.1737 112.9532 98.1153 
95.0041 99.7117 84.0711 
85.4562 119.7656 104.7715 
86.6717 113.2029 116.7475 
95.5141 82.6781 100.8705 
96.5351 88.8686 82.6573 
99.8154 80.5503 103.3743 
88.8659 102.8702 110.4855 
107.8203 102.915 86.2604 
115.5783 108.5931 104.6371 
104.2609 97.2032 104.2123 
110.5117 119.1848 101.7769 
114.6414 103.6692 118.436 
90.8235 110.5531 118.7325 
89.076 115.9382 112.5563 
83.871 109.9053 95.6011 
102.3364 88.7685 118.604 
92.081 99.7839 112.2042 
90.597 101.5911 115.8036 
82.2847 115.863 86.1304 
119.9248 114.4089 80.6924 
118.6651 85.8247 113.4791 
102.1139 114.7683 92.4332 
91.3888 110.9074 115.1751 
97.1728 113.7144 113.9311 
100.2244 83.775 105.5178 
109.0712 103.1464 95.3255 
119.8753 114.3109 88.822 
86.8051 83.0281 102.7415 

Icoords
44.343 94.4577
2.6972 96.2117
86.8202 56.3619
90.3392 6.5937
77.1772 76.4972
51.8601 22.2345
42.9272 82.2464
63.482 22.9565
38.8617 43.8853
27.9195 42.9691
24.8831 31.7085
68.4833 7.8354
2.0238 30.4935
11.1982 90.5341
27.6447 94.5445
56.1707 30.5929
91.5058 88.3815
49.8027 56.1227
92.1489 54.8025
42.6116 8.2636
91.9751 20.5134
1.2693 58.2553
74.5017 96.5775
88.8425 71.0092
50.9529 67.976
85.4323 73.4741
4.5676 80.1029
16.7714 25.7381
68.2459 27.5593
78.0462 74.6731
82.5977 88.3386
41.081 42.5729
43.5235 52.9173
74.6694 4.0512
41.4322 82.6847
80.7467 73.8839
30.2549 79.2037
27.7388 16.8188
73.7553 58.5316
95.5114 86.7739
19.7009 22.5441
86.0163 44.7348
34.6542 46.1058
74.996 98.9849
98.8278 7.6175
21.9356 91.1932
21.2957 45.6485
52.2627 66.1391
57.1414 16.3211
44.5643 19.6782
89.8682 80.9112
67.9304 39.69
48.7676 58.243
64.7144 48.8615
14.4362 37.8904
34.4363 69.2779
53.8124 66.4667
49.0131 98.1329
38.5676 54.7986
22.2233 52.748
47.7519 92.0293
64.8388 61.926
91.9651 62.012
88.2568 58.7498
96.307 77.2432
20.716 45.6636
33.9736 82.1891
10.7354 44.6847
10.3407 77.8963
87.2722 87.658
46.5823 53.6489
23.9931 14.8916
42.4529 50.9427
59.6103 67.2523
93.676 98.201
53.8567 38.7533
52.6978 9.5464
24.3205 99.8059
2.3044 15.3245
2.8284 32.1618
86.6988 98.807
45.5661 42.2979
81.6198 43.9342
92.6991 42.1862
31.3996 53.6549
70.1307 3.1022
15.7948 37.4123
60.6713 88.6212
80.9866 43.3672
91.9239 76.9058
21.0561 71.6685
36.8649 21.6853
14.7372 41.8852
61.7903 9.9711
15.899 92.2993
94.3105 57.5013
84.1769 20.5409
21.4192 2.0016
47.7065 37.1196
16.4316 61.4319

Jcoords
63.422 54.4773
3.963 99.1457
0.1317 71.0152
45.4156 96.3048
15.842 51.7055
48.1136 87.1498
49.3007 12.5694
91.3983 52.9052
57.6123 2.8958
66.7327 95.2239

C
17.2413 13.6466 19.2311 0.833 15.4144 2.564 27.7617 20.9232 29.2266 8.578 
22.5177 1.1609 9.6368 13.3581 17.8573 16.0192 35.9539 36.3345 42.5305 22.1845 
9.1549 31.9012 32.3011 18.5537 23.3522 17.607 20.7371 2.0692 22.4626 14.8738 
16.5781 43.486 41.7347 40.0218 27.5906 27.513 15.3319 17.3204 11.6788 29.222 
9.7465 24.0335 26.8719 13.0899 23.5053 10.6699 23.9143 8.2998 25.3376 8.2489 
11.2076 28.3869 28.1632 28.2456 16.712 25.4891 3.5494 17.1236 7.9877 28.9837 
13.1081 15.0772 16.7333 5.6565 13.5975 2.1948 27.4204 22.2221 29.5355 10.4331 
11.6091 34.8247 30.9638 30.1784 20.7936 23.789 5.989 14.4935 7.5539 24.7839 
9.6048 25.3 14.2712 19.1975 9.3989 13.6931 12.7881 20.0694 17.5521 23.0802 
11.8681 21.6193 12.2312 20.0223 5.9505 17.546 12.8742 22.5331 17.8005 22.1249 
14.2836 23.4135 14.395 22.7473 8.0212 22.7342 11.4419 23.8265 15.689 24.3782 
15.7402 34.3354 34.5694 33.1698 23.8878 25.7866 6.6822 19.6226 4.215 31.1428 
23.6771 24.3401 14.3766 28.7489 9.5061 21.918 17.767 35.3179 20.9088 32.4648 
20.6505 3.5621 8.201 12.86 15.3058 14.4092 29.1659 30.2265 30.8717 18.7316 
19.4076 7.4038 12.1313 6.5914 16.0189 7.8828 33.5843 29.3546 30.5663 14.6485 
8.9335 26.3936 21.717 23.1387 15.3951 20.7831 7.6517 14.2153 9.6544 21.7487 
15.5804 31.6381 32.2465 16.8405 29.3369 17.3639 29.9784 11.388 36.039 10.0207 
4.7452 20.5952 16.9308 15.655 12.983 11.9165 14.9528 12.5869 19.6305 16.7368 
8.7824 33.2149 28.1145 23.0443 28.8067 19.4953 18.9032 0.6888 19.9322 16.6497 
16.4416 31.03 24.0822 28.5927 19.8599 28.1201 3.0762 23.8328 5.2815 28.3546 
15.8096 44.7303 32.2089 30.8123 28.8786 24.9779 14.5241 10.2115 14.7281 27.7113 
20.679 14.7647 4.8706 17.9155 5.3811 17.4693 24.8385 31.6729 27.804 25.0803 
13.1472 26.1589 25.7076 9.9886 24.1873 8.6419 31.1972 16.4363 33.955 2.7767 
11.8503 28.4628 28.1923 15.5445 25.7488 17.1387 25.3241 5.6715 27.4999 12.5259 
6.8489 17.4746 16.0373 11.5084 14.2833 7.4081 18.5362 13.6608 22.5634 10.0067 
10.7721 30.0502 27.5038 16.4106 26.9423 12.2019 21.6909 7.9841 28.3805 9.5286 
21.0804 6.0777 3.3594 17.3314 9.6366 14.9012 29.8666 29.7084 34.7621 24.1516 
16.635 23.3386 19.1939 25.9397 8.2187 22.5251 13.7181 25.5726 17.1877 26.8388 
9.4073 30.2012 29.2562 26.8308 22.2085 23.4929 8.7429 11.1842 9.6931 22.2537 
8.595 31.06 26.7931 13.4831 25.1709 10.1178 24.6703 9.7294 24.1351 8.7526 
15.0675 31.2336 26.9988 13.7616 26.2934 12.6287 30.705 11.7708 30.5609 6.2451 
9.4626 26.95 19.5692 19.1152 9.3029 15.9573 10.1042 20.4441 13.8191 22.5075 
7.4489 23.4496 16.4787 13.4368 8.8001 12.8347 14.0701 16.0572 18.3186 16.3776 
17.8762 42.4232 32.9758 31.0956 22.7652 31.2489 8.2878 18.7242 6.3427 33.7242 
13.2692 14.9624 16.1327 5.2718 14.1761 2.7299 24.0947 22.4293 29.1621 11.1989 
8.4964 29.035 30.5885 14.7921 27.1545 11.4838 26.0817 8.8347 26.5426 10.1891 
12.5847 12.3384 11.6125 7.3155 9.7082 6.9801 21.3453 26.2243 27.1482 15.3625 
17.6234 30.6689 23.4836 30.5354 11.1463 24.6248 6.7073 25.5312 11.6937 27.347 
3.693 31.2904 27.4952 14.4926 19.5294 15.3432 18.0554 7.1018 19.8933 11.4802 
17.3325 28.6195 34.7925 17.1545 30.5967 18.0876 33.5681 11.3236 33.1722 11.9794 
18.7815 26.135 20.7103 23.9421 10.5396 23.8481 9.9516 30.0932 14.6634 26.6289 
9.3795 32.9035 28.9296 24.1863 25.2108 20.9442 14.6974 3.5975 18.0736 18.0623 
10.04 22.0974 13.9803 17.1679 6.1985 16.8329 13.983 18.0365 15.1488 21.5771 
15.5623 23.3344 26.9965 10.6688 25.6411 10.2274 29.0118 19.2077 38.1221 3.1377 
22.4414 47.0601 44.7514 41.391 34.1394 33.4573 19.1779 15.264 14.4576 30.5093 
19.0244 7.767 10.27 8.0549 14.4038 9.8166 28.6629 27.9589 34.6647 14.8338 
13.1104 18.0177 10.2148 18.8122 2.6774 17.2893 13.0979 24.8785 20.559 22.5885 
6.3708 18.9892 20.1423 9.4933 14.7343 7.4851 17.3026 14.2818 20.8433 12.5329 
12.7223 36.1817 26.5373 30.3549 19.8015 23.0485 2.9875 18.935 4.3659 25.7368 
13.6947 35.5973 25.5829 25.8094 16.881 26.7625 3.1111 17.6175 7.6188 27.8551 
12.0851 30.9035 31.851 15.5523 26.4203 16.579 26.354 9.1408 26.3899 8.1669 
4.964 30.9765 27.3125 23.323 20.4845 17.1213 10.9369 9.6178 11.6934 18.6748 
5.4712 22.8775 18.5451 12.5326 12.813 11.2997 14.9865 13.4992 20.3572 12.4204 
2.0302 26.9235 21.9988 19.422 18.4952 15.4618 15.6496 10.3609 17.8835 18.0985 
16.7048 24.0374 14.3965 25.1457 5.0574 20.6999 14.7452 28.6835 20.6413 28.8136 
10.509 13.5519 12.0117 9.5509 9.7679 7.5977 20.5185 22.9368 26.5988 13.3024 
4.8831 19.7057 20.7627 11.0598 16.0714 6.7751 20.6932 15.9032 23.7479 9.9497 
18.3842 15.3209 21.0182 1.5229 19.7769 3.76 32.0951 20.9631 35.2089 7.0822 
9.3212 19.0409 15.6146 12.6875 8.6763 10.3552 15.6161 18.3652 18.3772 17.126 
16.2136 19.3713 11.0707 18.3618 2.2088 13.2224 18.0868 24.571 19.2701 24.2469 
14.1399 14.7774 20.5132 1.8144 16.702 1.4752 24.8598 22.1916 32.2121 6.1246 
2.7819 26.8 23.1834 14.448 17.563 10.1781 19.9424 8.4373 18.656 10.4091 
11.457 28.9318 28.3649 20.0337 30.0895 18.1307 23.0986 3.1653 24.4638 16.2501 
9.9387 35.604 31.2746 22.4753 25.3193 15.3864 20.9345 2.0059 22.0686 14.535 
14.7467 29.4113 31.0718 16.7978 28.1795 16.5562 27.0317 8.084 32.1847 10.4734 
16.8101 20.1424 11.8868 19.816 2.578 15.0641 14.0854 26.7867 20.9216 20.4039 
13.2997 10.4409 12.5021 5.7401 11.1442 5.2867 21.5928 21.6071 28.7611 14.0429 
19.6618 21.0083 9.8582 23.1091 2.8831 17.1187 19.0558 24.6972 22.3754 23.512 
19.8073 7.5232 4.879 15.2229 8.3311 12.2036 27.1467 33.2844 30.1692 19.0138 
13.8362 29.1146 27.4309 13.7581 26.3734 11.9796 25.3861 11.6435 33.0111 7.7771 
6.0123 20.8343 17.2526 14.4786 12.0219 12.1031 14.2199 16.2436 15.8618 14.0451 
18.9071 28.5268 22.3207 26.1225 12.0658 26.8755 8.9279 25.483 13.5392 30.9744 
6.4815 22.4902 17.5603 15.3787 8.6441 11.9909 13.5805 16.9291 15.5629 18.7812 
4.0688 23.9623 23.3384 12.436 17.0416 7.0457 16.872 10.7452 23.8363 9.8657 
20.3057 30.4323 33.6567 15.2524 28.2781 16.1139 29.5609 17.7421 39.8634 10.7426 
7.2018 24.0415 20.4421 17.6654 14.3534 16.5264 8.7094 12.5777 12.7522 18.4475 
13.918 40.2169 25.3559 34.0157 18.6416 28.9888 1.7871 17.8364 2.8405 32.3402 
21.892 8.0332 13.289 7.2448 14.6575 10.6721 29.0376 25.2911 34.0812 13.0579 
23.4226 31.6152 18.2693 35.2744 12.348 31.7333 16.2557 35.7484 21.5922 34.8052 
24.3695 26.2682 14.052 26.9323 8.0724 24.8824 17.097 28.3361 23.3289 28.4605 
19.2617 25.2925 33.84 13.6898 32.6892 12.9065 29.2521 16.5556 32.8236 7.5075 
8.2415 24.0147 19.4034 19.556 12.3774 13.5761 11.5924 16.7429 13.123 21.5979 
6.7868 33.0537 33.1545 19.7366 25.0502 18.5868 16.8526 4.7574 17.3776 16.2623 
11.1674 35.5874 37.7922 22.1703 24.2633 19.6929 16.3981 3.5481 16.4298 21.6016 
11.0802 18.45 13.1397 16.3953 4.8355 14.7114 17.2093 18.205 17.7611 20.0986 
16.6729 44.7858 36.9638 34.433 28.2067 27.4205 7.5094 19.008 4.9767 33.4629 
18.8709 20.9942 12.405 25.1691 4.4295 18.1327 16.1297 25.7223 17.8067 30.3812 
13.2873 17.9144 23.0881 6.1613 21.9399 4.1686 28.8672 14.8081 25.8627 2.8 
7.4841 36.2994 29.9336 21.4295 21.949 17.9744 15.5539 5.432 14.2967 17.4516 
11.6712 30.4123 28.6061 18.8063 31.2733 17.9608 25.1203 8.1694 31.9944 11.6397 
16.8253 9.9086 6.8226 11.693 8.1582 9.8196 21.157 24.7089 24.7907 19.9763 
16.4948 32.0223 23.9866 28.0603 14.4105 23.3746 5.3427 21.7544 10.5442 31.4157 
18.0781 19.1518 11.6692 24.7574 3.7177 16.8831 17.6573 30.3755 22.9259 24.3801 
13.6459 38.7614 27.4177 29.7889 24.4069 28.7737 4.4637 16.59 2.8619 26.5154 
20.3589 5.0885 8.704 11.5336 13.4447 12.2926 30.6357 31.3555 35.3879 15.3874 
11.98 39.3655 36.7729 21.7663 27.0431 21.677 19.6455 1.7504 21.9086 18.467 
15.6017 33.7709 32.0875 30.3564 27.271 23.4582 11.4339 12.9159 9.9563 26.7813 
20.5344 32.6401 25.6244 37.0453 16.5052 30.5985 11.7449 32.9611 13.019 37.4702 
7.2985 26.8153 22.3845 19.913 11.9816 19.7326 8.158 16.1202 11.0128 19.5832 
16.4215 15.3087 6.2852 14.583 3.5508 13.3233 22.0422 23.1405 27.9053 22.7 
14.734 13.7198 17.5097 0.7127 20.121 3.036 26.5394 22.4863 31.4192 8.1143 
27.2334 1.0663 9.0569 14.5969 14.0473 17.5845 32.8707 38.7134 35.1786 24.6118 
7.7511 31.724 35.009 19.4339 26.3468 16.2074 19.1109 2.1747 19.9282 15.8844 
21.7635 41.6503 34.6736 35.7478 32.7899 33.4795 12.5658 17.7002 10.839 34.2391 
8.5393 29.7659 25.5125 12.6669 22.6783 11.8586 26.3832 9.9774 28.6123 8.0838 
13.2868 33.2615 28.2912 28.6322 14.0919 22.0234 3.9473 18.4896 7.7315 27.3673 
10.637 13.8286 17.3793 4.4558 14.6466 2.4731 27.2805 22.545 31.3108 9.1045 
11.7226 37.7155 29.8824 22.8434 19.3357 24.2973 6.7747 16.0984 6.7241 22.1651 
8.5804 25.5679 18.7067 17.8769 9.3892 16.9759 11.2465 16.6472 13.5675 22.8641 
12.051 20.691 15.0975 19.4554 5.7031 17.8084 14.8403 19.9951 18.8877 21.0965 
14.118 25.56 14.5204 21.9475 8.4206 22.9325 10.446 23.5123 13.8445 24.4847 
15.4916 39.1654 33.862 30.1253 25.3543 27.0559 7.2255 19.8906 3.9953 29.482 
21.9304 23.0145 15.4516 26.7466 8.777 26.0518 16.6193 28.2138 22.4603 31.76 
19.7874 3.6251 7.2205 13.3389 13.769 12.7559 30.1898 31.3782 39.2417 18.6814 
16.1953 7.8767 12.5983 6.8574 13.4639 6.8926 32.4566 28.5627 36.3036 14.8361 
9.4926 28.5909 23.9212 23.7779 16.5058 21.1202 6.1337 13.3729 9.3161 24.0473 
16.6634 29.4948 34.6741 17.1492 25.8895 14.0734 29.319 11.0084 30.8249 9.9333 
5.3625 19.7654 17.1331 14.2686 11.8151 10.7792 15.1009 16.1539 18.7159 16.6686 
9.8195 32.8694 32.4685 22.9193 28.883 17.0584 21.8994 0.7627 20.2501 18.5931 
19.442 32.7286 27.6893 34.7146 16.0533 29.9151 2.5226 25.1223 6.0335 29.4014 
14.1634 47.1616 37.8058 29.7004 31.281 31.2483 15.8741 12.6283 12.6119 29.5566 
21.7002 15.2319 4.0058 20.8063 5.1126 18.5756 25.5477 29.4518 23.9889 28.4709 
13.5172 24.1049 28.6487 9.1393 25.4502 9.7684 34.5301 14.2073 36.4776 2.5456 
11.0983 35.1516 31.9181 19.1077 23.0153 14.0895 22.3253 5.7849 24.4127 11.2405 
6.1414 19.1493 15.8591 8.9568 14.0782 6.8131 20.7036 13.3112 19.7699 11.6188 
10.9611 29.0508 32.1887 15.3694 27.11 14.6661 22.2008 7.1382 27.4474 11.1263 
22.1203 7.1904 3.7568 16.9975 10.2324 16.3922 24.5445 35.2953 34.8277 20.3065 
18.0651 29.3595 18.1037 26.9526 7.8524 23.6834 13.497 27.6772 18.6945 27.4207 
9.0518 31.3654 28.3997 26.1281 17.3559 19.7567 8.6776 13.1032 8.9572 23.3704 
7.6724 30.5607 23.9071 13.8589 21.4178 12.6829 21.8714 9.492 23.1425 8.1638 
13.2385 26.122 28.9116 14.4118 28.9814 11.6626 31.4995 13.5452 30.641 6.041 
9.8575 20.7995 15.0421 18.5115 10.4302 14.6531 9.6998 16.6584 14.3607 23.3391 
6.3551 22.8899 17.5224 16.0512 9.2434 11.6638 15.672 14.9944 15.845 18.7325 
18.6098 35.7161 36.4427 32.9151 27.3682 32.4092 9.2538 19.6124 6.1649 32.6901 
13.0367 13.3745 14.3688 4.5751 12.8461 2.9685 25.2024 22.2257 31.7103 10.428 
8.7539 31.6621 25.9825 15.5412 21.441 11.2161 24.8689 7.4089 23.4366 9.4819 
13.1845 13.1865 10.8383 8.2228 12.4093 7.2929 23.1125 22.2774 29.8233 11.9721 
20.0098 33.3168 22.5531 27.0177 12.4511 26.47 8.3709 23.0798 9.9766 27.6885 
3.9395 28.4561 28.7049 17.7037 19.6227 12.1962 18.3158 6.9703 22.2453 13.1464 
13.6721 35.8621 31.2737 17.7155 30.1876 14.7981 26.9856 12.5211 28.9475 10.4228 
19.4583 24.352 17.8458 31.1755 10.5249 27.3347 12.3723 25.881 15.1117 29.5203 
8.2452 30.1074 33.4203 23.3462 25.7044 17.8327 17.8751 3.619 15.8687 19.2243 
9.4917 22.5018 12.8734 20.0275 7.7118 15.2909 12.6253 17.928 17.7617 19.5649 
17.4064 25.1884 29.5219 10.4342 27.4282 10.2539 31.1755 17.2366 31.4918 3.1477 
17.8075 48.0487 40.5988 39.103 36.6766 33.5328 19.1779 13.9286 15.6025 30.5093 
19.041 6.9494 9.1233 9.3789 13.8884 9.814 27.5557 31.4092 33.16 15.5399 
13.7905 21.0263 11.1034 22.3019 2.4794 18.7618 13.67 24.4344 21.0526 23.9401 
6.1513 19.7439 19.9486 9.8212 11.8352 6.5642 20.4412 12.4681 23.674 11.9319 
13.5537 33.8687 25.3996 25.6986 18.6594 23.9981 3.0005 19.6968 4.2705 30.2991 
14.0826 35.044 25.4607 28.6524 14.0804 24.249 3.3708 20.3681 6.794 26.186 
12.9862 30.201 34.758 18.483 27.0967 13.9235 23.9856 9.8728 31.8519 9.334 
5.9642 34.0419 23.1227 20.63 16.1866 18.6386 10.519 8.5108 13.199 19.9469 
5.7632 22.4225 17.4388 11.6996 12.0242 11.0394 17.147 13.3101 20.3292 14.5049 
2.297 25.8589 21.4321 17.9162 19.2442 13.5004 15.2396 8.1506 17.5858 14.2653 
17.2531 19.824 13.9852 25.0532 5.0796 21.225 14.073 23.8846 20.1244 28.379 
9.8321 16.1761 13.2276 9.5742 9.6912 7.3569 18.9943 23.0791 21.5645 15.3862 
5.1735 23.4848 18.8448 11.8533 14.5559 6.7365 20.4823 15.9152 20.9649 11.2171 
16.7476 14.3205 17.8264 1.2598 19.9766 3.425 32.3261 22.4445 33.2965 6.3926 
7.8571 17.8596 16.6784 14.4838 8.6007 11.222 16.1346 18.5766 18.6039 16.9339 
12.923 18.9973 11.0937 16.388 2.4868 14.0749 18.4986 23.5127 21.1653 21.103 
14.0504 14.631 16.2919 1.7628 20.1575 1.8412 25.13 20.2983 28.2752 7.0485 
2.468 28.4625 23.8434 14.6691 19.8103 9.3368 17.1482 9.2171 20.012 11.6664 
11.584 36.1719 33.034 18.941 30.1586 18.9951 20.937 2.9554 26.1047 13.7434 
7.9026 32.4072 26.7636 20.1109 28.2005 15.765 20.5901 2.6482 20.6861 14.607 
15.9426 35.9883 32.7488 19.0639 33.2363 15.5426 26.3521 7.8333 25.3873 12.6816 
13.2649 19.1448 11.4002 21.1965 2.6898 16.5158 17.0941 22.5733 20.9724 24.5293 
12.588 11.8955 13.5392 6.1726 11.6372 5.6958 22.7976 19.7442 32.8568 12.2659 
21.3766 20.0863 10.3834 18.9798 2.7043 18.7254 18.0169 29.7323 25.0318 25.1111 
21.2229 7.3568 4.4703 11.9866 10.2045 11.6786 29.1243 30.867 27.8642 23.3558 
13.7014 32.1757 31.982 16.1516 26.4454 12.7903 25.9078 11.087 27.8924 8.1557 
5.6869 19.1635 18.9189 13.4032 11.8248 13.2634 13.7958 14.9123 16.9525 17.1775 
20.1474 33.593 19.8873 32.411 11.4549 26.8679 9.8225 28.6713 12.6183 31.3475 
7.1641 20.8248 15.4431 15.6696 8.0904 12.0055 14.0443 15.0383 19.145 17.9884 
4.7007 23.7763 19.9413 12.5621 17.3249 7.2456 17.69 12.6564 24.4157 8.7833 
17.3601 28.629 32.6631 16.4405 28.9037 18.7159 33.6406 15.7964 35.7874 8.9698 
6.2613 23.548 24.3526 20.5621 13.9719 18.9388 9.3871 14.8766 11.0468 21.8068 
14.5277 36.6369 25.2427 28.1912 19.532 25.9025 1.7162 19.5277 2.8976 26.4886 
21.8262 6.1838 13.6537 8.19 17.3389 8.4514 27.3317 26.1341 30.9969 13.3523 
28.3364 32.3445 21.3068 30.3846 15.3797 28.6579 15.14 34.9845 17.3803 38.6131 
24.0596 22.8314 11.9684 27.0324 7.5606 22.1897 16.6582 29.8461 19.2296 29.071 
18.9763 27.3361 35.4038 13.4624 30.8343 15.5588 36.0293 13.9486 38.3861 7.8463 
7.526 22.803 19.7635 20.7711 10.8029 13.6255 11.4066 16.9545 14.9524 21.1647 
7.5082 36.179 31.5401 21.9777 20.6522 19.9922 16.5194 4.6631 18.1669 20.898 
10.3799 35.4187 34.2437 28.092 28.8016 22.7007 21.0007 3.6496 19.5114 21.5898 
11.3749 19.5816 12.6426 13.522 5.5912 13.1841 14.6862 19.8251 18.8179 20.3114 
19.8437 38.4412 34.3792 35.754 25.4013 30.6699 9.1476 19.6525 4.4284 31.5455 
15.7088 20.988 11.6116 20.6995 4.9283 21.8222 14.2569 30.2293 19.5852 23.647 
13.1572 21.4327 24.2355 6.6942 17.869 4.1812 29.3209 17.2534 25.8541 3.2957 
7.0435 37.4881 29.1218 24.0508 22.3561 18.1551 15.8543 5.4475 15.3202 16.8493 
11.7074 28.8427 33.4351 16.2967 27.5064 13.817 24.7267 9.3721 28.9842 9.4999 
13.9632 9.9248 6.4081 11.5786 7.6424 11.8552 23.3251 28.3927 25.1646 20.3772 
14.4272 27.6881 23.6115 25.2588 12.4534 24.8824 5.8685 25.066 10.6478 23.915 
17.8217 22.7817 9.7988 20.678 3.0497 22.1583 16.1164 27.2776 22.4622 29.4751 
14.5544 36.6996 32.7538 29.7977 22.5944 28.4915 4.8056 17.9981 3.184 32.7493 
23.9059 5.3307 9.1304 11.0659 13.8628 10.1786 27.7485 32.4115 30.4353 20.1329 
10.8161 31.8943 31.2261 23.3643 25.7921 21.7484 23.2961 1.9278 24.0139 14.8689 
15.1641 40.7227 35.558 32.7989 23.7034 24.8519 13.5268 12.8761 10.626 29.3198 
21.6636 31.5149 24.2088 29.3871 15.5249 27.163 10.1259 27.9074 13.877 36.7135 
7.6755 27.3769 20.4159 22.4006 13.464 17.281 8.1703 16.2317 12.8263 21.0077 
18.0841 12.0118 6.9545 15.966 3.4631 13.3723 18.0907 23.5857 24.1264 20.0518 
13.7904 13.9393 17.0042 0.7506 19.5147 2.8313 31.6421 25.0852 29.3838 8.9006 
26.3345 1.1241 7.9855 15.2078 16.6693 14.4585 34.7761 32.6428 38.1562 23.3181 
9.1009 34.1579 31.167 21.5913 23.8786 18.8237 19.503 1.9217 21.7194 16.0244 
21.8349 47.1446 36.3363 36.9919 30.6649 27.9405 12.769 17.8392 12.8283 35.7708 
10.0218 27.9879 24.2148 12.8316 21.1369 10.3728 24.8558 10.0601 24.5455 7.2733 
10.4883 33.4246 22.0911 28.1861 18.3921 20.3718 3.5124 18.3745 6.5391 28.1495 
12.3143 15.2429 14.9591 5.3938 12.7892 2.5038 24.006 22.2221 27.0177 9.7742 
9.6549 30.2806 28.1092 29.5741 20.2817 23.1488 5.6919 12.9008 6.3123 22.5992 
10.4768 23.8163 18.735 17.5123 8.2976 16.4804 11.8836 20.8317 14.3833 22.4785 
14.0775 22.7003 13.7078 17.8444 4.7401 15.1852 14.7065 22.5138 15.9152 20.0485 
15.4519 24.282 15.5656 24.2995 7.5362 22.7943 9.6518 22.4163 16.4303 29.1702 
17.8655 41.0549 30.5205 30.1344 25.786 29.2014 7.7254 16.7558 4.5147 34.8313 
25.6876 21.483 14.1413 30.2703 7.8023 22.8747 19.0664 31.365 22.3734 33.5631 
19.8572 3.7634 7.1779 10.7225 14.2695 11.1915 32.5241 34.1156 37.2087 21.7969 
19.0423 8.0287 13.7278 7.111 15.3568 7.108 27.8527 27.9078 35.2622 14.0269 
8.4592 28.522 26.54 20.1357 14.3391 22.3998 6.7008 15.3995 10.614 24.8266 
14.9288 33.9402 32.9906 18.482 30.2114 14.2167 28.1129 11.6718 28.9857 10.18 
4.9166 24.9708 15.6189 13.2985 10.8562 10.9874 16.3858 14.068 18.5922 15.7355 
9.7879 36.5018 35.9723 23.2756 25.5991 17.8452 22.8921 0.7482 20.5868 17.0413 
16.9434 33.4397 25.9767 31.4819 17.4565 24.1978 3.0261 24.1502 4.8992 28.147 
16.3775 37.0235 33.2255 27.192 27.6198 31.4079 17.337 11.5819 11.6658 28.5472 
22.821 15.5065 4.1621 22.5489 5.1574 21.7128 22.2664 27.619 25.1974 29.8016 
16.9825 21.5638 29.907 11.1492 24.7855 8.4457 29.1274 16.9701 28.9384 2.4108 
10.6313 31.8251 33.5327 19.6656 23.7478 16.2581 23.6448 5.9842 27.5299 9.8567 
7.0915 17.2096 19.6317 10.4087 13.1378 5.9331 16.8843 16.2937 22.6222 11.9179 
8.7922 30.2381 26.5395 16.9727 22.2903 11.9634 27.087 6.9026 29.1998 8.7398 
22.3963 7.1694 3.9985 17.4237 11.8304 14.6542 31.7864 36.1779 33.2915 25.3991 
21.7033 29.0987 15.6677 29.8237 8.2109 25.7725 12.9531 24.5402 16.0834 27.4892 
10.4219 35.3486 29.5793 27.9246 20.9391 22.3356 8.0954 10.9989 8.7235 25.8746 
9.5724 27.1902 25.5295 13.9137 24.7133 12.1057 22.3299 8.6824 24.456 7.9831 
14.8495 28.9318 28.7937 12.7729 24.8466 10.6585 25.8799 12.6908 30.4986 5.287 
9.1665 25.0961 18.233 17.2123 8.6426 17.8933 11.6068 17.3724 16.5528 23.345 
7.7543 18.6976 17.0898 16.3205 9.72 13.1835 13.7237 17.4695 19.3476 14.8624 
15.5771 41.9847 34.549 29.5278 25.5058 30.5946 8.6838 18.6468 6.8368 32.7633 
11.7169 12.8138 15.3602 4.392 14.9355 2.9002 23.6502 20.4109 26.8093 9.948 
8.7513 31.5166 26.9908 15.3152 21.5508 11.5332 26.3573 8.1665 22.4137 9.5125 
15.2737 12.4275 10.7852 7.3109 10.829 6.6185 20.8463 25.4589 26.9861 14.8765 
18.0955 33.1197 24.2378 25.5032 12.7792 24.2807 8.0588 28.6997 11.4729 31.0861 
4.3313 24.5155 28.8393 15.7109 21.6404 15.2855 18.7583 5.7666 19.036 13.5723 
15.4477 31.1692 29.3402 16.2009 29.2126 18.7038 28.2444 11.4055 35.6298 11.9225 
18.879 25.2982 18.2901 27.6526 9.2953 25.8596 10.9792 27.8664 14.8085 27.0098 
7.9204 33.1102 35.2526 26.0306 25.9724 18.2366 14.795 3.2971 18.3467 21.2294 
10.801 21.742 15.1212 15.6842 6.6539 15.7098 12.4021 18.9852 16.9788 19.7643 
17.1305 25.302 25.6938 11.2896 24.7929 10.8208 33.808 15.3437 36.8332 2.8163 
20.8909 43.0 37.6428 40.1383 35.361 35.7305 18.8146 17.2696 15.2043 31.0317 
17.8887 6.3579 9.6996 8.4898 12.2782 10.4338 30.944 31.203 30.2459 16.5564 
13.3041 20.2221 12.4183 21.5277 2.7761 18.2182 15.2259 23.6099 17.0137 24.8883 
6.3514 22.5519 19.7234 12.2773 15.4943 7.832 19.9691 14.2405 20.6084 11.724 
11.7324 36.9495 29.1128 31.3573 18.431 27.7753 2.7119 17.0455 4.3189 31.3801 
13.8254 27.3606 21.9641 27.9474 16.0163 21.56 2.5712 19.3632 8.2077 26.6032 
11.8644 27.9528 28.8536 14.2962 24.1602 12.8385 31.7742 9.3876 31.4213 8.6648 
5.6396 33.7624 27.3573 19.3201 20.848 19.8266 10.2755 9.7767 13.6881 20.3246 
5.5408 22.0828 15.9554 11.9136 11.9201 10.3455 18.0651 15.6688 17.6556 14.2911 
1.9282 29.4708 22.6406 16.2669 18.0351 13.1331 14.8098 10.4257 15.3626 16.1958 
18.9132 19.2026 14.1439 20.4842 5.0463 20.8432 14.4737 26.5899 19.1352 29.9931 
11.1144 14.4693 12.4033 9.9855 8.2022 7.2894 20.7765 21.9945 24.8059 14.2138 
5.0751 23.5861 16.2158 9.9966 12.9508 8.3005 17.8699 15.5156 24.3274 10.0064 
13.9065 17.1414 21.0462 1.412 18.1336 3.8305 25.6778 19.2027 37.4848 5.6797 
9.6642 20.1096 13.3911 12.9273 7.7039 10.9792 14.9495 21.0613 20.7656 17.2492 
13.4797 16.4294 9.2677 15.1296 2.0924 13.4205 16.953 24.4673 20.2055 18.9373 
12.553 14.9061 18.4832 1.5299 20.1113 1.9307 25.9486 20.7321 32.9922 6.4114 
2.6629 27.4065 19.9555 13.0897 17.8183 11.5854 17.9968 9.8875 18.4895 11.7165 
11.3862 33.0676 35.3131 21.5254 26.1948 16.205 22.0015 2.8778 27.2944 14.5359 
7.6229 31.4818 32.9829 17.8264 26.2651 17.6484 18.8501 2.1578 21.4379 14.7383 
14.0747 36.7191 30.696 18.5259 32.3414 17.2105 29.5662 9.0623 26.5272 11.5083 
14.3115 17.4018 12.1088 22.0642 3.0547 16.0783 15.2618 25.2946 17.606 22.5748 
15.5399 12.416 13.9847 6.0781 14.0951 4.9675 24.4585 19.5508 28.1736 11.8675 
19.6135 19.6527 10.5111 24.1289 2.9552 20.581 16.0847 28.2972 24.2217 27.3439 
19.1459 7.0706 3.7119 14.9655 10.3811 11.8381 29.3905 25.8709 26.623 19.0374 
14.0569 27.7942 31.4142 15.8225 25.2938 12.9665 29.7784 13.3513 34.1695 6.6476 
5.407 21.9813 15.9385 16.0489 12.2468 12.6397 12.923 16.9921 18.4743 17.9398 
18.4098 27.0113 21.2656 28.0419 14.2602 22.96 8.9432 24.1597 12.9716 30.474 
6.6559 23.6067 16.1879 14.1331 8.9502 11.5474 15.0227 14.9795 17.5832 16.7158 
5.2139 19.4469 20.2512 11.5306 17.2274 8.7416 20.5836 11.5299 20.5782 10.3593 
18.1523 34.1467 35.2641 15.6098 33.863 17.8439 33.3705 15.3157 31.0388 9.3195 
6.7178 25.3184 19.7402 20.3353 12.9478 17.2526 9.4057 14.0702 13.9419 22.2818 
14.3337 39.0746 31.9234 28.9138 21.0495 30.5202 1.4479 17.8713 2.6561 31.9669 
23.5023 6.5993 12.1609 6.83 16.9921 9.144 34.8996 28.033 39.7068 14.3377 
23.8073 26.0567 17.1491 31.9901 14.3355 29.6887 17.362 29.4148 17.3576 38.1409 
23.769 26.1208 11.8126 30.7512 8.0419 27.86 15.8412 33.9305 24.6456 27.9577 
15.8319 29.5038 32.058 16.0473 31.03 14.0714 33.3879 18.0599 34.6377 6.5643 
7.2169 25.6983 19.0917 18.9403 10.0079 15.427 8.9976 15.134 16.312 21.2331 
7.5734 29.6807 33.9445 22.3597 22.6856 19.2758 15.3439 4.7839 14.2967 18.6122 
11.5801 41.5556 35.2423 24.8652 24.4027 19.8512 19.4402 3.5859 19.2164 22.7649 
10.2538 20.5059 11.5875 16.4446 5.6869 13.521 15.4884 20.4012 20.3547 20.0441 
17.5226 40.9021 30.7511 31.3281 26.5089 34.1453 7.173 16.387 4.5423 36.0625 
19.9687 22.1885 14.6999 20.6402 4.4195 18.109 13.6062 23.6154 18.517 30.412 
12.9962 17.7587 23.9581 5.507 22.5671 5.0233 29.8361 17.0696 31.1381 3.189 
7.8374 28.739 27.3273 25.1733 21.614 17.6295 16.5702 5.3868 18.2319 19.7964 
14.3188 28.3165 35.7806 18.0806 31.8664 16.6605 26.7796 7.8813 28.6253 10.4437 
16.5373 11.2354 8.2126 10.4319 6.2992 12.2979 20.4889 26.2377 30.0869 16.6307 
14.6972 28.6896 20.3825 26.7234 11.6325 21.5479 5.2425 24.1045 8.4813 30.2092 
19.808 18.5692 9.9291 23.8765 3.6733 18.0641 14.1313 27.2079 18.168 23.5235 
16.8881 32.799 29.0055 33.1017 19.1804 27.1355 3.9432 20.3398 2.5751 29.4957 
22.2174 4.8353 9.3821 10.4761 15.7748 10.8734 26.4432 32.1645 30.0506 20.0158 
11.7844 37.5052 33.4239 24.4067 29.0102 19.0916 21.4835 2.0459 21.5401 16.5044 
12.4153 41.2281 38.8815 27.131 28.5553 27.2682 12.1744 12.0803 11.9368 27.8396 
20.8301 31.9294 28.6433 31.9463 15.3348 27.5824 10.3077 29.8199 13.83 38.3927 
8.68 27.1341 21.1344 19.4154 12.2199 16.7957 8.8837 15.4002 11.4011 19.5709 
17.3716 12.6036 7.4745 14.71 3.8207 14.6291 21.1647 28.1882 25.1427 18.4824 
EOF