I 100
J 10
bounds (0, 100)
cv 1.0
D 10
k 5
t 3
FLR 0.4
FCR 2
λbounds (80, 120)

λ 
95.4198 96.6518 103.0892 
94.6595 105.7759 116.6833 
108.875 104.3299 110.6774 
105.9888 110.7466 109.8581 
105.4286 81.2153 116.59 
88.641 91.5917 91.7561 
107.8045 119.7088 105.5559 
80.0074 83.2981 89.7168 
116.8533 84.7329 86.6091 
100.843 80.6696 106.6071 
111.2752 88.6382 109.1639 
88.085 119.8579 84.3842 
86.4666 92.726 105.9463 
95.1531 104.7619 97.2338 
82.9702 118.6004 108.7954 
100.3115 86.6979 89.8304 
117.7189 114.4521 100.9242 
99.9729 86.7328 80.2834 
119.8887 110.4284 82.4532 
115.242 117.3364 99.2793 
105.6747 106.4851 106.2688 
118.7708 81.824 118.84 
91.3783 93.9879 110.2416 
116.82 94.794 105.6148 
119.087 94.1764 92.6232 
97.6399 113.4673 90.182 
101.2596 100.8235 112.3442 
108.0069 111.7178 80.3693 
91.0027 93.8365 114.1205 
113.7711 119.9897 82.4791 
94.3964 118.2756 93.7396 
92.3552 81.4436 118.168 
90.3712 116.7886 98.6954 
104.6149 93.7381 90.5344 
84.9682 82.8346 106.778 
108.9814 83.9134 90.1627 
95.2479 115.2472 83.6033 
102.9436 116.2796 104.3664 
94.4804 103.4305 106.5786 
103.3416 108.1116 105.622 
84.0162 92.2092 111.2907 
110.8558 104.8096 117.9114 
109.1064 107.6536 105.6631 
118.6308 81.3113 116.0891 
103.6602 87.4834 106.248 
86.5468 89.2771 84.3105 
82.9794 96.659 117.4199 
81.1694 117.2207 112.0255 
81.1162 92.2547 118.9679 
83.9659 100.6618 103.681 
84.9237 112.2768 97.5169 
104.8869 83.9654 103.2353 
115.616 80.038 89.7083 
114.5396 108.0304 107.2399 
104.1382 114.9894 98.7577 
116.2857 110.6578 107.2747 
88.8162 111.7884 82.7236 
104.5192 114.3315 112.8109 
105.8284 99.7879 86.6549 
85.612 100.1621 105.3774 
96.3674 104.2914 112.4289 
106.161 81.1503 110.0377 
106.034 94.362 108.9543 
95.5751 94.6272 96.6358 
114.4833 86.6677 95.6008 
83.5426 80.517 99.918 
112.3305 91.848 103.8691 
112.8619 98.4556 95.4538 
119.067 87.1919 94.6028 
83.0368 98.0288 113.9741 
95.1574 86.8453 84.1717 
86.9164 117.6562 115.9725 
116.7948 99.4822 102.8859 
115.2392 108.4983 88.3079 
107.546 93.4014 105.3992 
93.2618 105.2399 98.8242 
115.2915 88.9087 110.2482 
88.411 119.1637 83.2711 
87.4054 83.8366 100.2237 
110.0967 83.2014 112.378 
91.2895 94.9324 117.9365 
84.9647 90.4756 90.9479 
91.3543 111.666 95.8552 
83.0721 94.6467 92.5778 
108.0949 114.53 86.3865 
91.5033 82.1846 90.5071 
91.9108 109.9049 106.2766 
95.611 82.1943 109.0413 
88.6572 103.6865 92.995 
112.3679 104.9756 88.8991 
88.7553 96.4733 103.9549 
111.7469 113.9075 103.1038 
93.8049 82.6491 109.398 
95.654 80.9608 88.4373 
113.0008 83.332 108.4981 
110.9536 100.903 114.5437 
101.6111 107.3659 88.7339 
107.4878 87.5496 107.108 
113.2578 80.5215 95.9949 
104.7676 89.957 83.4293 

Icoords
29.1177 15.8462
14.1914 24.8209
83.455 26.6857
83.6599 10.0318
9.8392 72.1433
28.553 15.7152
51.982 82.4188
5.6954 88.5573
39.543 38.4536
39.9596 86.4477
43.286 14.9891
48.2572 68.4326
46.8165 52.7751
91.2984 71.657
93.8362 18.3814
76.0763 73.6487
7.3143 74.3788
74.2986 50.3095
73.7305 69.5776
23.6567 62.0797
77.8155 47.0401
10.1155 66.4424
8.3562 10.3955
68.6752 30.4226
54.7941 38.4165
3.5092 26.9126
18.6754 14.3638
20.4734 9.0926
99.9486 52.0036
93.918 38.7038
1.3561 14.9934
49.1044 87.6892
37.4859 42.6934
74.4309 3.8774
22.3483 86.4256
35.9801 91.7296
82.0754 1.4964
52.7641 8.8429
60.8022 25.2081
24.1512 43.7975
41.5447 92.6517
45.1842 56.7235
52.2777 24.0582
62.0951 28.2369
14.4934 40.1684
13.5046 3.6714
25.0907 80.3042
27.0906 45.7228
62.1173 14.4241
92.0259 39.8702
76.3743 75.3494
41.0725 12.9012
41.7489 34.4445
24.6185 17.6287
84.3053 31.6425
35.3582 34.9532
80.9485 37.6875
30.2258 91.4251
95.0719 89.7478
20.9261 56.9173
77.3226 25.2211
84.6542 57.6957
23.0257 35.7785
40.1717 91.4359
81.3583 78.5032
57.75 23.3311
83.2624 22.4014
7.9414 71.7736
70.5098 48.1187
79.4032 92.2908
61.6425 53.1096
61.6814 40.2725
78.1912 39.0522
68.5362 26.4392
0.2337 86.0496
57.1511 94.9257
0.8809 77.8228
52.5113 42.4826
13.1345 88.4339
34.4589 0.8036
88.8166 68.5198
95.7125 39.8312
78.1979 3.5166
39.3752 83.0087
92.2603 11.0429
94.9021 13.3708
27.1322 81.4327
80.6637 13.5967
76.3159 87.329
21.5211 73.1753
59.0104 65.9635
80.1722 8.9791
86.3577 18.0351
22.8028 2.948
58.2039 56.9118
70.7984 51.4272
31.8854 37.9971
59.0266 9.3985
62.208 89.6961
59.6411 34.0786

Jcoords
12.6669 54.801
40.8771 93.9264
67.4338 58.5132
20.3215 3.2159
39.3065 94.0056
48.5197 42.1085
72.5366 74.6382
3.5732 67.7581
54.5467 22.4391
28.2944 21.3394

C
15.6162 27.5573 19.2454 5.4009 24.5763 12.1922 25.69 21.0134 7.9545 2.1435 
11.3801 22.2681 19.5386 6.8631 25.0984 14.7285 29.6522 16.3521 14.8362 5.369 
30.0936 24.3777 11.4202 22.2473 24.9888 13.4652 18.0687 34.0696 9.2301 19.84 
28.914 31.7648 16.6871 22.0161 31.6527 18.6033 25.4558 31.6308 11.991 17.1503 
6.3538 13.5675 21.8276 22.1082 12.2367 14.7945 22.0493 2.946 22.0346 20.4803 
15.7456 27.2129 19.6942 5.4687 29.1209 11.3317 25.36 20.3085 8.9059 1.9424 
16.6816 6.3184 9.2339 31.0479 6.8264 14.9131 6.6132 15.437 19.2351 23.7415 
10.7542 13.4526 24.2166 31.7423 10.9811 23.3125 21.0765 7.0938 32.472 21.7001 
9.8744 16.7743 11.2685 12.387 16.838 3.7635 15.7042 13.9234 7.9309 6.9284 
13.9788 2.6892 13.5018 34.0102 2.5967 17.1058 10.7281 14.9551 25.564 25.7635 
18.1211 26.9064 17.7942 8.7097 30.096 9.4018 23.9166 22.5339 4.0736 5.6821 
13.198 10.3933 7.2565 22.8169 8.6268 10.3854 8.6732 14.9217 18.0069 18.9714 
11.2105 14.9014 7.8156 20.2478 13.5952 4.2343 13.4858 15.8028 10.3558 11.7122 
31.0654 19.6063 10.8271 33.8 18.1093 16.4501 7.1012 27.9944 19.8834 31.0026 
35.5239 29.4398 16.0255 29.1468 32.5851 18.8394 22.0825 36.2672 12.2445 21.4081 
22.842 14.1731 5.2863 33.6322 16.677 16.5855 1.4566 27.5547 16.8765 21.3393 
6.3548 15.2099 21.8803 21.8545 14.1198 15.806 21.2105 2.854 27.8289 21.0699 
22.9198 17.6167 3.5846 25.3295 20.3153 9.0678 9.6326 23.5293 13.0218 21.4963 
21.2666 13.8749 5.0528 26.9353 14.2756 14.6454 1.9519 24.3598 15.6037 20.914 
4.317 14.3622 15.443 23.542 11.9928 9.7586 17.4062 8.1939 19.0567 13.5065 
24.0326 23.7681 5.1602 26.2709 19.1679 9.1709 10.3458 26.6693 12.6916 20.8443 
3.772 14.3883 19.1125 25.3169 12.0885 16.2035 20.2091 2.0394 22.7309 17.7008 
16.3734 29.6792 23.0105 4.7988 29.9917 19.3183 36.1419 17.9132 16.5449 7.028 
22.0757 21.656 9.1468 21.2664 25.5078 7.3273 14.1673 25.8241 5.993 13.6297 
17.2849 17.9867 9.062 14.9433 21.6687 2.3704 13.7861 19.7631 5.7621 9.7477 
9.2229 26.4329 24.8369 10.4627 28.9961 16.556 27.6096 12.3926 15.5288 9.0058 
15.5103 27.1761 23.8571 4.1424 29.2061 16.0061 27.6289 18.2781 12.1963 4.1373 
15.5155 29.413 26.9423 2.1016 28.911 15.7556 31.1137 19.2922 13.2287 5.4419 
27.5952 28.844 12.7832 34.3283 26.6817 20.0952 13.0181 33.4369 19.8513 23.4521 
27.8144 27.9402 10.6429 28.3437 24.3969 16.28 12.8537 36.9168 14.1044 21.9802 
14.1324 28.4596 30.5251 8.508 30.819 21.1843 27.9992 16.4085 18.7284 9.8525 
16.5809 3.6982 11.9149 32.1272 3.9122 15.8133 9.1649 17.0977 25.405 25.9302 
8.6655 19.1979 13.2159 13.1166 19.439 3.9579 18.1871 16.4083 8.2704 7.9067 
24.1511 36.8917 19.1135 21.1042 37.9377 17.5132 23.6143 36.0143 8.8024 18.4249 
12.8523 7.558 18.2252 26.2521 5.9942 16.5469 17.5232 8.8218 27.8215 20.2411 
15.8616 2.0014 18.1061 29.1327 1.2865 16.0043 12.6068 13.8462 26.4702 24.698 
31.628 35.7323 23.2523 23.7968 32.2161 20.5036 26.9966 35.4414 13.5175 21.5599 
20.9749 30.8073 19.5409 12.1435 26.2969 11.4691 23.6885 27.3772 5.2067 9.5891 
17.7367 22.9958 10.4729 17.0916 27.2957 7.2935 20.2301 27.6911 2.6276 10.944 
5.7957 17.2382 17.948 13.5411 17.0973 8.5421 21.3448 12.1662 14.2282 7.196 
18.6532 0.5501 13.7018 34.8835 0.9351 18.6945 10.7576 15.4056 23.6141 25.3502 
9.9807 13.5649 8.7433 21.7245 14.7574 5.7984 12.8957 14.5463 11.8774 13.029 
19.9913 25.3294 14.3224 14.8947 21.719 5.876 19.6478 20.6907 1.0704 9.4496 
19.8869 20.9993 11.1998 17.9047 25.1343 6.5855 15.1531 23.812 3.1543 13.1228 
5.8852 23.0132 21.1172 14.3539 19.2068 10.7323 20.7246 9.0678 16.5308 7.7226 
15.6785 33.5571 27.2511 2.614 31.4252 15.6505 34.3299 23.2169 16.2151 7.2925 
10.5899 6.4681 16.277 29.5504 6.5885 15.9654 14.8748 8.795 21.3363 22.0972 
5.7639 15.5924 14.288 14.6947 18.5371 7.1302 20.3825 12.817 12.4019 9.5284 
22.1336 29.9291 17.2394 13.765 30.2004 11.1746 23.1419 31.6386 3.4366 12.6802 
25.0491 29.1576 10.3103 31.149 25.6012 15.8093 14.2213 34.0838 13.3799 22.7984 
22.4247 15.3727 6.0162 28.5657 14.4869 16.2415 1.2603 22.8078 22.0244 28.1937 
15.5153 30.7572 18.0699 8.6722 27.8335 10.7636 25.2987 21.3634 5.1853 4.8633 
10.93 23.3373 13.6927 12.5587 21.8952 3.4525 17.27 19.9933 6.9769 5.8112 
14.5565 23.4734 18.0502 4.5495 29.5939 11.6187 25.2389 19.4256 10.5941 1.8239 
22.9555 27.8509 10.5973 25.0371 29.0923 13.6238 13.8056 29.2213 9.5068 17.4155 
11.4347 20.8315 14.2598 11.4102 22.7327 4.716 16.7761 17.2068 7.6308 5.2837 
25.9048 27.4837 9.6873 27.4713 26.4406 10.699 12.6649 29.2289 9.4881 21.0831 
13.1067 4.0209 18.196 31.0406 3.7449 18.7573 17.8436 12.2686 22.0174 25.6541 
32.7155 18.1331 12.5454 36.1453 19.2839 22.5601 9.2004 32.5412 30.4604 31.2127 
3.3081 13.4457 18.3209 19.7634 13.2499 11.1392 17.9256 8.127 16.2385 11.9499 
23.6766 24.1486 11.2003 21.5565 26.5009 13.0048 18.4543 31.6626 9.0221 18.4775 
23.3572 20.3889 5.2478 32.9956 22.7435 14.962 7.8341 30.2955 15.5871 25.2983 
8.5103 19.0812 16.8426 10.4853 20.49 9.5432 19.6057 11.6149 12.0583 5.0722 
16.4323 0.9901 14.7598 33.4033 0.9232 16.3844 12.4526 17.0916 27.8672 26.931 
27.0389 16.6131 7.8664 34.6395 16.157 17.5393 3.161 27.7346 18.7555 28.0554 
20.8541 24.5478 11.6368 13.0321 23.3367 6.5846 18.0903 23.4572 1.3234 9.2643 
24.6231 27.7024 13.0232 22.0825 26.3989 14.4313 16.3286 35.9437 9.3929 17.692 
5.3542 12.8684 22.1135 26.1807 14.2017 17.4773 21.402 2.2138 24.4322 17.4253 
17.5323 19.8096 4.2428 25.5366 20.7092 8.3367 9.8222 26.9616 10.8248 15.0028 
26.4618 12.8292 12.2737 42.1138 14.0989 22.344 6.3206 29.2338 25.3048 32.1439 
18.5777 17.4022 2.7374 25.1357 17.1714 5.752 9.2458 23.9254 11.928 17.2215 
15.3572 19.3298 7.0327 19.7973 18.3871 4.4332 12.8336 25.2495 6.6171 14.5812 
25.5409 21.4738 7.8761 23.0816 26.9143 9.2498 12.7447 28.9416 10.5909 21.0202 
22.0486 25.1262 10.2055 20.1221 22.8142 9.5097 14.8867 30.2262 4.4291 15.1019 
11.7037 14.3077 26.2169 27.8291 15.906 19.6317 29.206 6.4948 31.6924 21.5194 
22.7766 5.6496 12.5769 33.0878 6.9847 18.3031 7.8982 22.8935 22.5942 26.8269 
8.3435 15.9143 24.6907 30.3844 13.5339 17.8678 26.173 3.4475 27.84 23.4248 
15.0597 20.3272 7.9151 16.8775 20.6689 1.4601 12.0576 20.1592 6.7592 12.7435 
10.7266 8.736 23.8318 31.4801 9.823 21.7202 23.3687 8.8316 30.6506 21.5713 
19.3844 31.1861 22.6716 4.38 36.5379 17.2218 32.9392 24.915 9.4769 7.8775 
25.4256 18.9516 8.5108 33.4542 20.1523 19.0748 6.7793 26.418 19.8123 28.148 
30.8339 24.6487 11.4387 29.3259 30.7045 16.1918 16.2751 36.4318 14.4345 24.5377 
32.503 37.6959 22.2031 19.1168 33.1822 16.4065 23.5087 32.317 9.844 19.4264 
14.8042 3.5684 11.7662 31.1984 4.3636 13.3735 10.281 12.5773 23.1593 22.9199 
30.791 31.4986 18.7818 23.1852 37.5283 20.623 25.5681 37.8661 12.8043 21.4777 
29.1992 38.3225 20.2281 28.0602 34.5249 21.1761 20.0166 32.2185 16.0483 20.7688 
10.3982 5.9903 14.0897 25.658 6.4492 17.5788 16.4633 9.6893 22.4691 19.6842 
25.7364 33.0244 16.1263 21.2524 30.0289 13.2811 18.8805 37.6576 11.0073 20.9213 
23.4023 12.386 10.3005 38.5796 14.535 19.369 4.5842 28.2787 23.8665 29.4623 
8.0566 8.6636 17.3606 27.1552 10.9424 13.7101 18.5262 6.8822 23.9307 17.0317 
16.2694 10.4683 4.1361 29.4202 11.4847 10.0591 6.0098 21.8648 14.2809 20.7322 
25.1455 35.1452 18.2181 18.2427 28.6785 16.3988 22.2101 36.5837 9.9891 17.9988 
32.8672 35.3638 15.9519 21.9685 28.8188 14.0774 22.8694 30.4773 11.7507 19.1744 
16.3787 32.0937 23.177 0.9204 31.0846 15.348 32.6585 27.0411 14.1998 6.4626 
14.9157 15.3219 2.8188 20.2071 16.3731 5.4502 8.0105 17.617 13.4297 16.3873 
20.4152 18.3422 2.9235 21.0661 17.2699 8.0465 6.9944 26.0464 12.2131 19.32 
10.0635 17.4021 14.6896 14.544 22.4806 5.9698 19.8168 16.3855 10.2392 5.7358 
22.8086 26.8354 16.319 12.8484 34.2808 11.4956 21.4129 31.775 4.382 11.9221 
19.082 8.0766 11.9452 32.4112 8.0979 18.4452 6.0878 23.8648 22.6091 26.0284 
20.1055 20.5221 9.3945 15.0406 23.4653 5.4279 16.6326 23.7423 3.9006 10.2592 
16.4493 30.242 19.1021 5.7657 24.8522 11.6143 25.4269 18.8901 8.5062 1.8352 
10.0713 24.2164 22.1597 8.2151 28.4399 12.3647 29.8287 15.2596 16.1338 5.3559 
27.8238 26.9722 14.0035 24.2949 29.4568 14.1869 18.7227 33.8091 11.0446 17.191 
27.0004 28.836 18.3793 19.6463 34.2453 18.9935 22.2042 35.2243 11.1112 17.3594 
7.0074 14.1362 22.5319 25.1689 14.2437 18.438 19.5143 2.4787 20.9315 20.329 
14.3196 29.5169 22.6257 4.8296 23.9052 10.3388 28.9556 21.2148 9.1019 1.988 
18.416 6.3552 9.752 32.4297 5.6363 14.9454 7.7055 19.6048 21.7565 22.6016 
13.7358 13.7374 25.6241 32.4696 13.402 24.2286 23.432 6.7865 28.041 25.7919 
10.1198 18.0172 12.5809 14.5706 19.1045 3.4514 16.5807 15.705 7.3274 6.7911 
14.0205 2.54 13.8388 30.427 2.9449 17.0877 13.6839 14.2638 24.6383 24.3215 
17.6841 29.7574 15.9874 8.6297 27.7383 9.3079 24.2089 22.5999 4.7284 5.6023 
13.7506 8.7823 7.8221 27.166 10.3717 8.7953 8.9389 16.0702 14.2328 19.5238 
10.8479 12.8974 7.1222 19.2643 15.4309 4.1392 10.3465 16.5762 10.9131 14.4888 
25.9509 17.0156 10.5165 38.1877 22.0255 18.6546 7.2018 29.0218 24.1034 29.8254 
35.3104 27.8161 18.3409 23.2319 29.6017 20.2768 22.251 32.4604 14.0852 20.4042 
22.7825 13.9984 5.9904 31.9524 14.6008 13.4485 1.1805 23.9248 20.9206 26.2915 
6.5029 14.4253 21.072 28.2929 14.1386 17.3238 20.356 2.5597 27.9974 19.0907 
19.5334 19.2542 3.7247 21.8625 22.2298 10.25 9.0276 24.2286 10.5964 20.8167 
24.3828 13.5191 4.5168 25.9898 13.3934 12.7811 1.6836 26.9495 17.0948 23.0279 
4.2906 13.4571 16.5279 19.527 10.8693 10.8014 17.6636 6.4219 15.2574 14.9621 
25.4104 19.572 5.6492 21.7888 22.3564 11.595 9.8878 25.0275 11.5098 18.2164 
4.7599 15.8858 19.94 19.5081 12.7389 16.8082 21.1157 2.5819 20.611 17.5404 
17.6137 35.5057 24.2448 4.189 32.5861 19.8147 30.5572 22.4836 17.9006 7.6489 
23.4745 22.0928 10.8254 20.7226 25.6199 8.5085 16.7949 29.0286 6.3647 13.6255 
15.1288 18.8165 8.5231 17.9635 18.2756 2.623 13.7659 21.3038 6.363 11.0686 
8.944 28.2053 23.3965 9.4109 24.6235 15.9669 33.0811 13.4464 15.58 7.9947 
13.7075 28.6051 23.2388 4.3216 32.5627 14.3476 27.0711 20.0482 11.5675 4.3417 
17.3517 27.3538 23.5745 2.2662 28.624 14.5686 26.7443 24.3595 12.9104 5.2065 
29.7521 22.4044 12.9523 30.9197 24.7342 18.2936 13.6616 38.6224 19.1361 25.4084 
25.3626 30.0918 10.3717 24.5608 26.4643 16.3711 12.8328 31.83 14.9308 20.514 
14.6207 30.8254 24.8521 8.5258 32.0462 20.809 36.1715 17.3644 21.2312 10.4863 
18.3872 3.5309 11.8701 28.4772 4.1407 17.8144 10.3505 18.1315 23.6174 24.7898 
9.2427 17.6576 11.6511 14.8471 17.719 4.1811 17.7697 14.7089 10.5028 7.1883 
30.411 34.3067 19.3889 17.9061 32.2016 14.8345 24.223 37.9796 8.6745 19.1402 
11.9791 6.1028 21.0515 26.4602 6.6908 17.2469 17.7964 10.2886 22.0337 23.8619 
14.6082 1.7717 16.8252 27.9192 1.3639 19.8889 12.8328 12.2137 25.9106 22.2126 
34.2622 39.5474 17.8896 24.4393 39.2585 17.6641 28.73 40.2081 12.7946 22.1905 
19.0963 25.9792 18.5724 12.9238 31.3149 12.3175 20.7206 23.7084 4.8981 8.4709 
18.6012 28.4335 13.0402 15.3594 23.6558 7.5337 16.4909 25.4733 2.4183 12.5056 
5.3393 20.0232 15.9137 14.1851 17.0081 9.6609 18.0455 12.0967 12.7311 7.47 
14.3112 0.5481 13.946 33.6793 0.903 19.6793 11.8653 17.4261 25.7777 26.0176 
10.8667 13.5724 8.5782 18.4735 13.0854 4.7131 10.8554 13.2333 11.4829 14.5189 
19.2342 27.0426 12.6851 12.43 22.2454 5.6142 19.4189 25.6834 0.98 8.5614 
18.0295 27.3295 10.1115 19.4483 22.4337 7.1328 17.8071 22.6327 3.7358 11.7877 
4.9488 20.7975 17.5146 14.3128 23.5461 12.1944 25.0383 9.2637 16.4388 8.5303 
16.9057 34.7266 27.305 2.5128 32.3553 15.6973 34.4869 22.0431 17.4381 7.5598 
10.38 6.4973 17.9913 30.6162 7.2479 15.2798 18.535 9.1363 23.6089 22.0677 
5.2492 15.4721 13.5812 14.5785 15.4542 7.0085 19.8277 9.9132 13.723 8.9718 
20.7099 30.8343 16.591 14.9247 30.159 10.0827 21.3759 27.663 3.9106 11.5789 
30.9035 29.046 10.48 26.4138 28.11 15.1122 12.4197 32.7575 14.8639 23.4356 
20.9721 12.8126 5.757 33.5809 12.6154 14.4678 1.5581 25.1501 18.8306 22.1486 
20.1522 30.6195 17.2796 8.0951 32.0276 11.2248 21.7856 22.0279 5.659 4.8986 
12.0305 20.2617 10.8274 13.2176 22.1932 3.1692 18.8091 17.0749 5.3906 7.0752 
12.4363 23.5281 19.1928 5.858 25.5962 10.6402 25.3878 17.8109 9.418 1.8229 
25.3873 25.0643 11.9679 22.0615 27.7388 14.3956 15.5486 32.1222 9.9927 17.8825 
10.2017 20.3103 12.0828 11.045 19.6432 5.489 20.0878 14.457 8.5059 5.2039 
23.9338 27.4285 7.8427 26.9134 27.9045 11.3863 12.6725 33.1637 9.4302 21.5462 
14.2602 3.5274 15.2205 29.8068 3.3314 19.0045 17.311 11.8837 29.2517 24.9179 
29.359 19.6387 16.445 43.3721 17.36 26.4633 8.4787 32.0801 31.3482 30.8399 
2.6968 13.7316 17.7206 21.0684 12.8981 10.5974 19.2516 7.4089 16.8308 14.0935 
22.2759 23.7909 13.614 22.6747 30.1318 11.2553 15.535 28.7764 7.2874 15.2758 
21.8586 19.9627 6.0098 26.2009 19.3044 11.8453 8.2216 27.6728 14.2426 22.4211 
8.5146 19.4219 17.6259 11.1323 20.744 9.488 21.2484 11.8881 12.9414 5.747 
18.2235 0.8684 15.0377 34.4251 0.8487 19.6863 12.5219 14.8511 22.3346 21.6202 
21.8869 13.0219 9.1503 33.0597 16.0225 19.505 3.3016 23.722 22.913 26.9557 
18.8748 23.8365 11.9981 16.5376 23.4682 7.8965 17.7486 23.4362 1.1804 11.5907 
28.7865 28.592 12.2938 25.6423 30.5243 14.8947 20.4827 35.7878 10.8229 18.3078 
6.4077 12.9795 19.7668 22.4535 14.4977 18.0805 22.8569 2.3152 24.4118 21.1018 
22.8776 17.6764 4.3219 26.2101 18.4785 8.7334 9.1121 21.36 9.9267 16.8625 
26.2245 12.9988 12.116 42.5413 15.4995 17.7892 7.459 26.3886 28.5671 29.7567 
16.0148 17.0725 2.7612 23.6781 16.4305 6.4301 7.347 21.9132 10.0738 15.0199 
16.6761 20.498 7.5051 18.8421 22.3218 4.998 13.9184 24.4524 6.0447 14.4238 
24.4627 22.9204 8.7789 23.136 20.8421 9.5809 14.3229 24.3126 10.4724 19.0717 
19.3419 23.0621 11.2068 16.3653 25.1405 9.9012 18.8864 23.6744 4.6823 14.7936 
11.6364 15.5704 21.8668 31.0339 12.1697 24.5021 28.6204 6.5673 27.159 22.6127 
19.5536 5.9496 13.7119 37.3869 6.1342 20.1762 8.1605 19.5535 26.5255 26.9613 
9.4557 15.4745 22.1891 24.3399 13.8008 21.4343 26.4527 3.3121 27.5701 22.8535 
14.3424 15.9811 8.3947 19.9544 20.2381 1.2693 11.4742 17.229 7.4885 12.6149 
11.8467 9.2677 21.947 25.7331 10.088 21.3588 24.009 9.1095 25.5006 22.603 
21.2186 35.62 23.6553 5.523 36.5752 16.8073 28.1624 24.2219 10.1087 7.9932 
26.269 18.1431 9.297 29.7444 18.9439 17.1331 6.8524 28.2593 22.0922 29.0151 
29.796 25.3343 12.7876 30.164 25.011 18.1998 14.2345 32.1956 15.4356 21.3919 
32.7693 31.9447 19.7205 20.4885 29.6266 15.9197 22.1674 36.2261 11.9946 16.3317 
13.0483 3.888 11.4981 25.2179 3.7775 15.7246 12.8085 12.2659 18.8634 25.0377 
31.9082 34.2876 16.7836 25.6311 36.9083 20.8859 25.6614 38.9503 12.2212 22.0672 
29.6596 38.7299 19.0867 28.7978 37.2673 16.5164 19.8275 38.9364 14.4683 25.6055 
10.0012 5.6355 15.4991 29.2539 5.8874 16.1106 14.7647 10.896 19.6458 19.552 
26.4202 35.1758 18.3037 24.3506 31.5028 15.481 20.7279 36.0277 9.794 17.8615 
25.7897 13.9649 9.7487 38.0036 14.3846 17.49 4.0678 27.7664 26.9601 29.397 
8.0362 10.545 15.6303 21.2708 10.2932 15.2001 16.3878 5.8811 23.8338 18.6418 
16.074 11.9347 3.7009 24.2453 12.201 9.7177 4.9299 20.9829 17.2386 18.9283 
31.9662 37.0452 17.7425 20.0104 30.6596 14.4103 20.4915 38.2734 10.4551 18.5641 
29.8037 29.8163 17.2432 25.6502 34.5022 13.8398 20.1076 31.134 12.2902 20.3899 
20.933 36.6017 23.7543 0.9574 30.5478 15.9992 29.5348 26.4597 14.6244 6.476 
17.7694 14.5127 2.875 24.5179 15.4656 6.5045 6.8593 22.1396 13.1246 15.4345 
22.2669 16.9025 2.5713 22.6227 17.2487 8.1503 7.8766 23.9918 12.5521 17.4557 
8.399 17.4021 16.1179 12.649 18.6782 6.6689 19.3844 14.8533 8.6834 6.6884 
25.0083 30.2158 19.1294 13.4559 29.6504 10.5851 25.1372 27.468 5.3059 11.6913 
19.1365 8.2897 10.4813 31.1716 7.3266 16.4793 5.5218 24.015 25.3438 25.6316 
19.9104 24.6993 9.8947 18.0697 23.5919 5.4087 14.6918 22.6566 4.1395 11.0239 
14.6732 28.4022 22.6059 5.2223 27.4848 11.98 28.2846 22.1069 8.3879 1.7469 
10.6657 26.6981 20.4522 8.507 27.6597 12.4185 23.9059 13.9769 14.3025 4.968 
26.8565 31.7475 12.9987 23.3317 26.9289 12.1018 19.4162 34.9229 9.8379 18.1996 
26.2366 32.1885 17.8272 21.755 37.0848 15.7439 21.1684 32.4798 12.491 19.9983 
6.3573 14.7354 22.9166 25.1898 13.2164 15.4605 20.2861 2.3954 21.3928 17.7994 
12.6995 27.8542 17.9017 5.1679 27.1769 10.8617 28.6027 21.0763 8.275 2.046 
18.5986 5.1206 8.5422 33.4533 5.6483 13.845 6.8351 16.3778 23.1373 24.5342 
12.7052 12.5558 22.6099 26.2961 12.7891 24.3234 26.3132 7.3802 31.5595 27.9477 
10.1985 20.8693 11.7255 13.6233 18.8212 3.5929 18.0449 16.2896 7.0794 6.4819 
16.3399 2.543 14.881 32.1972 2.7082 14.9518 11.7607 13.5398 22.6754 23.3029 
18.7639 24.2924 17.0675 9.52 29.4947 8.8328 22.8869 20.7771 5.3738 5.3125 
13.9145 8.4452 8.2928 21.6108 10.3419 9.4903 8.9439 13.7955 15.9736 19.7131 
12.6233 16.0864 6.4738 22.1866 16.0302 4.2191 12.5407 14.558 11.1353 12.1646 
30.3175 19.7165 8.6502 38.5032 18.3866 20.3495 6.7193 27.7573 18.4461 29.1481 
31.6272 36.636 16.3041 29.4996 35.3076 18.0465 19.4538 40.0637 13.5559 21.1981 
25.1705 12.5848 6.963 35.5007 15.9625 12.6988 1.4323 27.4892 21.3484 26.8229 
7.3818 13.8738 19.872 25.4716 13.0239 19.6005 21.9866 2.3924 27.6464 18.6686 
21.3996 19.018 3.3631 27.6075 18.5183 8.2509 8.2812 22.0869 11.1361 17.5982 
21.8634 13.6295 3.9121 29.9338 16.7238 12.2293 1.7912 24.7949 20.0211 22.9815 
4.6202 14.2392 13.2469 19.4739 11.4133 11.2734 18.0875 7.9956 17.5189 15.6715 
25.627 17.9902 6.1025 28.8011 19.3501 11.7465 10.4245 25.7289 13.0268 22.2391 
3.8864 16.2983 22.4513 21.3398 16.0029 18.1449 23.5836 2.5445 21.3489 19.2375 
13.7947 35.5505 28.4583 4.5867 30.3483 18.0032 33.9625 21.3554 14.9314 8.4176 
20.5852 22.6127 8.531 18.0207 27.567 7.954 17.1854 26.4169 5.4088 12.4625 
13.8316 19.6978 8.3806 18.6878 19.5394 2.4199 12.9633 22.4608 5.3291 9.8675 
10.4117 25.5812 28.495 9.9716 29.0418 18.3802 31.7468 15.5213 19.5813 8.4596 
14.7213 32.0001 20.7985 4.4455 31.2135 15.6108 27.7501 17.6899 13.417 4.2003 
16.939 34.4911 25.8856 2.1728 27.5107 14.9325 30.3604 20.4461 12.109 5.2225 
31.7083 25.8669 12.3388 29.7804 28.8652 19.7286 11.4717 33.4955 19.5425 30.5914 
26.2489 25.176 13.2193 27.208 27.6302 15.9613 14.426 30.2831 16.3834 26.1618 
15.5725 29.3865 25.2635 7.0457 31.5465 17.7298 30.7759 20.9027 18.8466 10.7216 
17.3957 3.9418 11.0293 30.3335 4.3319 17.468 8.6178 18.0271 24.0627 22.7802 
8.649 16.6923 12.9483 15.7296 20.5224 4.3844 16.826 16.071 9.4224 7.73 
24.7915 32.4232 16.9322 21.5967 29.203 15.9798 23.7771 30.004 10.2332 15.3862 
10.7257 6.5765 19.2433 28.9073 7.1719 19.6865 18.3532 9.1448 26.0164 22.7574 
15.6956 1.9118 16.7795 30.6159 1.4397 19.2748 13.0951 13.4311 24.4473 27.6649 
33.6846 34.9025 20.2031 20.084 35.9564 19.7186 22.18 38.5233 13.5936 19.479 
24.1159 27.3279 18.2564 11.5771 30.0388 12.1062 27.3778 29.9867 4.1275 9.765 
17.9401 23.2533 11.8449 14.5854 22.2792 6.8255 19.3918 27.3132 2.7357 11.4711 
6.354 20.0179 15.2234 12.5873 19.1531 9.5925 17.6382 11.4935 12.2778 7.2942 
17.3011 0.4961 15.8698 36.2071 0.9966 17.5618 13.1091 13.9481 25.2493 24.5161 
12.6159 13.4113 7.8795 22.1139 13.2703 5.1958 12.2908 15.6871 12.2968 13.8798 
15.1376 25.8392 12.6625 14.2575 27.4742 6.5785 17.8225 23.7204 0.875 7.9845 
18.6019 24.8375 10.8186 17.5054 21.5497 7.358 17.1888 24.0874 3.4132 11.7153 
4.8058 21.4502 17.5538 13.4823 20.3449 11.097 26.2804 9.2132 14.183 9.0813 
16.8392 29.5676 23.1362 2.2614 33.633 20.6316 29.096 24.6955 15.4208 7.7211 
8.5786 7.4418 18.7056 25.7272 6.547 15.822 16.5425 7.5895 21.0831 20.0304 
5.4588 17.2469 16.5268 14.1352 17.9793 7.68 18.9713 9.7876 12.0275 9.4747 
19.3948 31.3692 15.543 13.8559 29.8113 9.4196 21.2353 28.6609 3.5248 11.4304 
26.3088 23.0329 10.7794 24.8515 23.493 14.4719 11.9613 29.7618 14.3389 25.5462 
24.6002 13.2293 7.1943 36.422 13.0967 13.0583 1.3255 24.323 21.5436 27.6369 
17.7781 26.3333 16.4789 7.1402 27.1764 11.1314 24.8552 21.3235 6.5934 5.6121 
10.9371 21.3385 12.2319 12.3541 20.3513 4.0088 16.87 17.9616 6.189 5.7116 
13.7326 24.901 23.6091 4.727 30.2239 13.5997 28.5678 17.9849 11.1276 1.7472 
22.9329 25.9451 11.2001 27.2636 26.1008 14.3509 15.1919 30.4771 11.9021 19.648 
11.7361 19.2382 15.0279 10.62 23.3718 5.9863 16.4063 16.3343 7.5827 4.7285 
24.687 27.242 8.7638 23.5937 26.7978 10.5583 13.7222 32.6657 11.5492 20.4656 
12.2782 3.4902 17.8135 33.597 3.5656 19.4095 14.9622 11.4595 25.331 21.2791 
31.0775 21.0737 16.4742 35.7337 21.7391 22.2071 10.728 35.2514 26.7599 32.8378 
3.4053 16.208 17.0132 17.6635 13.5935 11.5463 18.3349 6.2303 15.5691 13.3596 
22.8731 30.5416 13.8155 22.8885 28.5835 10.1367 19.7402 33.8336 7.3792 19.1218 
27.896 20.0934 6.508 32.7511 20.9252 13.3407 6.6781 31.8887 17.6642 26.6062 
6.9507 20.0241 16.3387 12.4948 22.328 10.1763 20.3925 12.3373 12.6128 4.7802 
14.9435 0.8537 16.3029 35.7182 0.8544 19.8214 12.7917 16.8432 24.7097 22.4449 
26.552 13.8104 9.1137 37.5278 13.9878 16.6668 3.8419 25.3553 19.1905 23.7656 
16.78 23.1905 11.728 13.1128 24.6515 6.6432 18.9286 22.5884 1.1588 11.3988 
25.0891 29.9722 15.6058 24.4513 31.5913 12.6499 20.6587 31.3315 11.3944 18.3518 
6.9328 14.1108 22.7962 26.0622 13.2175 15.6979 19.7791 2.1479 21.2628 18.8285 
18.0738 19.1003 3.6759 24.7218 21.0144 7.7235 8.9897 22.8319 10.3531 16.8975 
26.0791 12.1582 12.6464 40.4784 12.1925 23.5107 6.4968 27.4884 24.9786 33.9365 
18.4797 16.2436 2.9053 22.4408 14.958 5.9848 7.7282 19.3499 10.5303 17.8064 
20.3467 20.4692 6.7458 19.664 22.8806 4.0412 14.3653 23.8289 7.4872 13.6792 
21.8345 20.5846 7.6782 25.777 20.5055 10.9709 12.2907 25.0321 9.5333 17.8751 
21.5098 22.7412 9.9905 20.4967 23.1749 8.1116 16.7535 30.2724 5.8012 14.3068 
11.2194 12.8132 22.2517 27.4882 14.6459 19.6187 22.3034 6.9262 30.8142 23.0923 
22.6448 6.1534 14.6806 32.4751 7.058 19.0309 9.7085 20.4726 23.0366 26.0681 
7.8599 15.6901 21.7525 28.1794 14.4179 19.9636 22.4791 3.3173 24.0458 24.624 
13.8669 18.6236 8.5458 16.1412 16.2596 1.4737 14.5047 21.8171 6.1226 11.0718 
11.7626 10.5573 22.877 32.5491 9.5474 21.0907 21.5209 8.9956 24.0748 20.6702 
18.0044 29.0766 20.9833 5.6779 30.8076 15.1405 27.7055 26.6478 9.6275 6.9769 
25.1006 17.7362 8.7257 35.3753 21.5611 18.1257 6.5063 26.2304 20.8001 27.2041 
26.4966 25.1648 11.5404 32.0414 30.1414 17.8974 16.6975 34.0826 15.0647 21.273 
30.9136 34.2628 16.8457 21.8544 30.9661 14.6636 24.8072 33.8924 10.9708 17.2114 
14.272 3.7558 12.3473 30.378 3.4333 14.3919 11.2968 14.9316 21.0113 24.9312 
32.1988 34.6582 17.5711 26.731 37.6071 16.8514 25.1686 33.571 13.6592 20.1689 
30.5344 33.5795 19.4461 22.814 38.8442 18.0333 24.0865 33.409 14.2491 20.9633 
11.3619 5.9885 17.8404 25.5873 5.7316 13.9843 17.0831 9.4441 19.6393 21.277 
30.809 27.1438 16.0982 18.7849 32.6602 13.6549 24.5766 30.29 10.613 16.2892 
24.1742 11.0739 10.1407 30.4251 12.1019 20.7597 4.7193 23.9773 24.3798 32.2453 
6.7879 9.2481 16.2809 24.9232 10.0029 12.6153 16.7094 6.3142 20.9825 16.2476 
14.5104 13.1545 3.8381 23.9062 12.0845 9.663 4.8576 21.0882 14.0227 21.1656 
30.7913 33.9004 18.5046 18.8019 30.1219 17.6589 21.8862 30.0858 9.7951 19.6414 
28.906 27.1621 14.4193 24.2695 29.6231 14.6605 21.5293 31.2788 10.8579 22.5941 
19.7706 32.7894 27.8024 0.7889 31.1123 14.7343 32.5363 21.6464 11.2347 7.6449 
14.2547 15.1666 3.0745 24.5442 14.9577 5.4785 7.2012 19.2712 13.2182 17.3307 
19.402 18.7632 2.7431 27.3273 19.526 7.6287 7.183 22.0616 10.1327 18.2369 
9.923 22.1548 14.1109 14.2728 18.3449 5.7556 17.3814 14.114 10.1128 5.7205 
19.934 27.138 14.9986 13.3579 32.5781 12.9797 24.2111 26.1961 4.615 10.9198 
20.3848 7.0328 9.928 31.4887 8.0094 18.2223 6.946 22.8005 20.4362 30.2939 
16.3062 19.4684 9.2663 18.4096 24.8892 4.631 13.2618 19.7264 4.3593 12.7056 
EOF