I 100
J 10
bounds (0, 100)
cv 1.5
D 25
k 5
t 3
FLR 0.8
FCR 2
λbounds (80, 120)

λ 
101.1329 88.0639 95.61 
92.4509 118.5035 82.6911 
104.2798 84.3528 106.5563 
99.6169 103.0205 101.7347 
112.6919 82.1304 106.8484 
109.9178 99.8022 99.059 
109.3302 92.7396 109.5536 
104.386 111.7084 85.2688 
100.3041 103.0117 106.3548 
105.4844 106.4258 114.2374 
90.4698 101.9835 85.2702 
99.395 114.5152 106.2098 
85.0806 85.6762 87.754 
90.1126 82.5704 93.877 
81.6318 112.092 100.2225 
115.1397 87.9938 104.4781 
80.2774 91.5619 99.2848 
100.9578 113.6367 104.7944 
106.2343 88.3962 97.1202 
107.6249 109.619 119.9677 
102.9703 111.7905 96.8612 
91.0156 100.5889 104.5942 
106.5366 96.9223 95.9 
93.3771 88.9526 100.7092 
93.2096 92.1449 111.0666 
90.6805 101.5905 117.115 
105.1081 116.7666 103.1073 
119.6983 94.7125 91.0969 
84.1501 87.5656 90.2898 
113.4784 100.2718 100.9373 
110.5416 97.9617 115.7617 
93.0525 80.3189 112.4682 
110.6569 94.5627 115.1831 
102.4963 81.9398 93.384 
95.1352 99.1025 110.8432 
86.6967 88.5535 106.8642 
84.305 119.2605 108.3995 
113.2202 98.7533 91.5245 
111.9819 106.3135 89.7493 
107.0636 118.7566 84.3286 
116.2848 83.2061 110.5154 
84.8503 85.7536 90.8241 
113.4265 118.3538 105.4612 
114.127 81.6395 97.0451 
94.4396 99.8992 116.0972 
119.942 106.9605 93.3721 
82.0958 98.5856 89.8946 
102.0173 105.7634 83.28 
99.4643 89.8446 93.9895 
107.7882 86.5704 104.9322 
109.1701 113.3607 116.7779 
82.9081 98.5755 86.7768 
89.2323 98.327 94.7515 
118.2878 101.8 98.5947 
91.1355 85.2551 91.0328 
85.6628 102.2627 104.4328 
96.3424 95.1022 100.3795 
115.9326 101.0363 105.281 
96.0967 111.9791 91.9113 
93.2734 115.7772 102.4991 
92.0115 109.2086 93.2984 
88.6328 80.943 86.661 
88.3878 85.2905 103.8437 
113.152 83.19 115.1961 
92.2503 107.606 115.2034 
117.2575 92.0835 110.2056 
118.644 91.9107 82.4041 
88.193 83.0632 116.851 
104.8182 84.5886 105.9798 
114.4832 94.3761 98.01 
89.4403 96.5843 119.6645 
110.8713 98.016 119.6457 
86.7062 93.1904 109.6498 
100.3351 80.9065 94.6787 
90.7366 83.77 91.1047 
81.4304 82.8428 83.9433 
97.8784 82.1648 85.3035 
103.3103 94.7784 101.6258 
100.5531 98.6568 95.1395 
115.0408 85.8311 88.0399 
101.2655 101.8145 98.9766 
112.3854 97.5812 90.2223 
100.8863 98.7138 119.7884 
96.3896 105.5417 112.1572 
85.495 94.5834 99.2258 
104.5568 118.3326 84.3407 
97.2364 87.561 105.8187 
81.1636 111.48 82.4872 
112.1431 111.6266 98.0002 
101.7079 116.3448 86.0148 
98.6868 102.3354 82.185 
93.605 113.2139 112.0882 
109.6511 86.8379 89.6628 
108.5607 99.9809 112.2598 
117.241 93.1046 118.8839 
115.4611 94.209 84.3042 
113.2143 93.5387 117.9431 
80.2282 109.8012 97.7894 
114.4943 104.1981 98.7724 
83.9883 113.4532 93.5476 

Icoords
67.2058 46.5282
90.8307 81.1691
67.1162 2.9099
63.2865 70.3402
62.4578 31.1111
51.289 8.5914
1.825 17.8214
67.8638 50.53
54.7287 8.651
81.6285 87.6937
10.5326 16.4911
29.3549 9.5463
88.0716 70.8117
16.162 19.6861
36.8849 83.3835
54.3761 27.6392
95.5745 96.3126
48.5227 8.6942
6.8976 62.276
81.6839 26.7191
54.802 55.8096
81.7609 9.9443
81.4642 69.4142
21.4552 29.2524
94.0923 57.5552
17.4462 27.8921
75.1777 12.6662
17.6623 49.6428
72.8723 91.3728
93.5511 68.5045
22.2326 54.0075
84.9367 6.2611
51.7189 44.4838
32.6123 65.2961
4.852 28.5516
32.8258 51.5561
0.1571 23.9524
40.2308 64.3819
29.1945 0.4312
91.4047 44.0269
82.635 2.4693
53.7728 28.9663
53.8973 35.1822
30.4308 53.0978
41.0279 88.9397
96.5308 5.2986
91.6076 98.9712
49.6227 49.6824
98.8181 10.0312
45.4695 88.9447
79.5439 52.5203
55.3391 0.383
50.8541 72.6555
61.6021 46.8597
96.8608 95.2073
42.7141 60.3537
72.537 64.3055
72.6444 95.9706
16.2587 45.0592
27.0337 41.4812
20.138 2.0155
66.4545 78.3173
98.7179 6.7738
59.8504 89.5745
59.2681 75.1598
10.276 55.5194
37.4055 21.3057
80.4343 52.0547
59.2952 14.4777
30.7395 35.5948
96.7266 65.3339
52.7631 19.0222
79.4791 81.3761
8.9107 85.321
49.9883 44.8504
2.0212 21.0899
66.8733 33.9178
67.617 9.8623
89.6662 37.3239
81.6367 77.8588
75.3743 86.2493
66.7934 60.5319
21.2606 4.722
17.6197 30.3352
24.2184 62.4855
38.7734 44.4708
10.8733 41.8978
35.6697 4.6546
50.4252 32.481
87.0016 90.8669
77.0725 2.7839
74.0092 17.0522
1.7146 12.3729
34.4438 0.1543
94.1303 34.0604
67.8523 39.0468
49.3252 48.1764
99.6214 98.9201
81.3575 1.6611
26.1688 69.2246

Jcoords
5.759 95.4422
74.5753 4.5995
16.9122 81.7522
93.6825 75.6238
50.4791 5.6606
25.3131 18.0542
13.1717 93.3875
80.716 99.4706
68.5394 39.9877
37.6626 84.4618

C
27.5513 16.4198 22.9581 13.0606 16.6609 16.8423 24.9757 17.7905 2.0946 18.5015 
26.8271 26.9035 24.0612 2.3814 31.4975 32.7957 31.2806 7.8624 16.694 19.0653 
33.5745 2.8917 28.8166 28.9145 6.7334 16.024 33.1079 32.6183 14.5675 32.8709 
24.8615 24.5333 16.0466 11.2794 25.9522 21.5962 21.4464 11.9763 11.9087 9.4999 
29.627 8.9839 23.0142 20.3135 9.3049 13.5127 28.5355 22.7551 3.4422 22.0617 
29.7028 8.9259 30.79 27.9261 1.0098 9.853 33.9059 32.2396 14.0642 26.0622 
30.2099 29.111 25.4471 32.8739 15.632 8.6676 30.2291 35.3096 26.1307 27.6558 
24.8399 16.1629 21.883 11.4853 17.9919 18.9756 21.5191 19.8251 3.3699 16.7211 
39.2733 7.3995 26.0655 24.9167 1.602 9.2862 37.5248 31.8534 11.0954 26.7471 
25.9756 31.9145 20.4324 6.6561 26.4121 28.0235 26.2683 4.0291 19.3869 14.8521 
25.4291 25.6837 23.265 36.4561 15.26 5.5126 23.1902 41.4287 20.3589 28.4544 
27.3558 15.4621 29.0296 33.2817 7.5218 3.7451 27.6318 33.3562 17.7539 25.454 
28.8687 25.4685 28.1646 2.3713 27.4549 28.6383 30.071 9.0835 13.5857 17.8764 
24.0718 19.004 18.8695 29.3191 14.677 3.6457 22.8957 40.6823 18.706 25.7033 
10.3378 32.5936 7.3784 22.0989 25.7144 20.2422 7.8189 16.4115 19.568 0.4788 
31.5038 9.5537 25.0233 21.3377 7.125 9.4471 30.3853 24.651 7.1122 21.9505 
31.6435 36.5714 26.6235 7.6452 31.7821 34.7276 26.8967 5.1495 20.0864 18.4666 
38.0093 8.0594 31.3399 31.0608 1.428 7.9607 29.3129 33.9803 11.3523 27.9761 
11.5486 35.2392 6.8263 29.4236 22.8773 16.8092 10.5179 27.5917 22.1419 12.1831 
39.4682 7.1607 26.6202 15.7511 13.6993 17.2353 34.3954 22.3876 5.9804 24.1716 
23.1602 19.2681 16.4853 16.7178 18.2414 18.3387 18.4622 19.7199 6.7177 13.1512 
43.9619 3.1899 31.378 25.7732 10.5393 22.5771 32.4585 29.2055 12.972 28.5741 
28.6515 20.1666 23.3111 5.2068 22.2719 26.558 23.7834 10.5711 12.0524 17.7245 
24.9041 20.8364 16.457 28.4275 14.3178 4.162 21.7866 34.5846 18.7616 19.0512 
38.1963 17.586 27.5654 7.063 24.5662 29.0135 29.3906 17.4144 11.1912 24.6626 
26.4 22.1054 21.4804 35.3308 14.0157 4.012 24.659 29.6343 20.1726 19.6441 
35.5532 2.8547 35.6441 25.9137 7.8482 17.0727 40.2264 27.3642 11.0076 27.0803 
18.2754 26.1944 12.3976 29.2669 20.7267 12.224 13.6057 25.074 20.3412 12.5322 
20.924 26.3842 22.7124 10.3191 27.7284 28.1754 22.6633 4.5073 19.5286 12.8743 
32.334 21.6321 23.5504 2.8332 28.3646 30.9154 29.3238 11.2462 13.0446 20.7379 
16.3153 23.8825 9.3678 27.1048 19.1442 12.6045 14.9998 22.2671 15.8985 13.301 
45.6518 3.8827 35.8001 25.9303 11.3831 20.6648 40.8615 33.2632 13.658 31.7543 
26.2962 15.4917 18.0979 15.9327 12.321 14.8806 20.7419 23.8648 5.8292 13.2895 
12.9069 22.7052 8.1197 23.6229 21.3346 14.5798 13.2345 22.765 15.7723 6.7923 
21.7883 25.427 18.9181 35.1761 15.6052 8.0052 22.6694 35.7452 22.3106 25.1981 
16.9483 23.1476 11.4754 21.7794 15.17 13.6889 14.2029 25.4379 14.0064 10.0875 
23.2982 23.2372 21.9955 34.8652 16.7966 8.5705 27.41 33.2808 21.6541 22.19 
18.1706 24.8204 11.4593 16.643 20.7439 15.6037 11.9637 16.2278 14.7459 6.9354 
34.4952 14.0908 27.1403 33.4917 8.721 6.9385 31.5524 36.6846 21.5747 26.3503 
36.4411 15.8229 29.5007 11.6927 21.8666 22.2338 36.7424 20.4402 8.8187 20.9431 
43.6594 2.8703 32.0274 27.6996 10.9641 22.0087 44.76 32.6085 12.2682 36.8547 
29.7996 11.9729 22.6046 19.543 7.1036 9.3086 25.7304 28.8021 7.3244 19.11 
27.0793 13.2643 20.2614 17.7908 11.7805 12.5628 26.6251 21.8796 4.6571 19.3167 
18.7895 20.953 9.9834 20.3511 18.1073 11.2054 13.478 25.2614 15.278 10.9403 
13.7177 30.2618 9.0616 21.0297 33.492 24.5991 10.5417 12.6018 21.0968 1.9941 
46.2585 6.814 35.4107 26.6681 15.7409 22.2624 37.6933 37.6233 17.5488 33.3346 
31.2409 29.7087 29.3433 7.0881 40.2384 33.8925 28.4027 3.9207 19.4055 20.507 
19.9481 17.6173 17.5494 15.7888 13.6405 13.543 20.3228 18.0032 7.0741 13.8691 
42.176 9.1053 36.3078 19.7709 15.7257 25.3398 35.9617 34.01 13.6 37.9164 
14.848 29.3642 10.7931 17.5518 29.4691 23.024 11.1075 11.5173 21.1177 3.014 
33.6835 14.4629 20.915 9.7836 18.0037 21.3203 27.4755 14.5403 5.2437 18.6352 
32.6461 7.8161 30.4064 28.3744 2.6036 11.3474 35.9146 33.9486 16.4649 25.8008 
19.715 26.7169 12.0354 15.1633 20.3601 22.7375 16.5284 13.3327 12.8234 6.3714 
23.9153 15.9233 22.3617 14.5506 13.6771 15.9335 22.552 18.5502 3.1687 13.8141 
34.7008 36.1009 29.9321 6.2118 33.5312 32.9555 30.7714 5.4737 19.2569 18.9401 
15.4357 23.0406 11.6719 18.335 19.2406 13.9595 16.3529 16.7646 10.3076 9.8231 
28.3964 19.2903 20.4272 7.236 20.0625 20.359 25.4971 12.2247 7.4721 12.2533 
26.4206 35.6518 22.0809 8.8417 32.8814 29.7292 19.9779 3.1901 19.3884 12.0385 
16.4586 24.5015 14.518 26.8444 16.6575 8.5618 14.8283 33.4036 19.3454 16.2817 
20.133 21.4988 15.4384 28.0295 13.2501 8.2521 16.757 28.0688 15.446 17.502 
28.5093 17.3469 25.1775 38.666 11.3253 6.4108 31.0558 35.5605 18.6218 29.4587 
21.4674 29.0277 18.3349 10.5531 22.8459 27.1804 20.2278 8.5618 14.9092 10.413 
47.6222 7.4975 41.3246 24.7763 17.6167 24.2257 38.9561 32.3324 14.2349 36.7964 
16.9973 34.2637 15.7384 12.8377 33.0312 29.4182 18.5744 8.9164 15.3997 7.3613 
17.4591 23.2922 17.0178 11.0067 23.4186 22.941 17.1708 11.791 12.9053 7.0874 
15.7857 29.6501 9.5167 33.4516 24.601 13.5563 13.7369 28.8685 23.3474 15.1972 
31.1471 13.0324 23.7943 25.5293 7.2256 4.4378 24.8064 27.7558 11.3719 23.4248 
28.1463 18.0312 24.865 9.4522 18.8701 19.9408 25.0342 17.4636 5.417 20.22 
38.7576 5.7788 28.4892 25.7669 4.6982 11.2829 30.0435 34.736 9.5265 27.1982 
23.5801 18.828 18.5846 22.5794 14.2136 6.6264 22.9353 32.3927 13.3533 17.7727 
33.5372 25.3614 24.8939 3.4456 24.476 32.8967 28.6363 12.8988 13.5025 23.5982 
33.4919 7.9755 26.2491 27.0505 4.4109 10.9731 30.9442 28.1816 10.3956 25.037 
23.4006 29.8269 22.6872 4.7734 24.6156 32.0314 22.9923 5.6441 14.8935 16.6798 
3.3074 36.8777 2.8562 30.4097 29.9752 27.2866 2.7769 25.842 22.8758 10.338 
21.9003 17.6496 16.4723 18.3738 15.0697 12.8951 20.3414 20.6749 6.227 13.9182 
22.9369 22.9836 20.0944 38.0233 18.4655 8.0332 24.3963 34.1872 24.9288 27.1779 
33.8551 11.4523 27.5497 17.4669 12.2899 16.6329 31.0977 20.8432 2.2395 21.8624 
38.0882 2.7822 34.2828 21.3702 6.3912 16.0983 30.928 27.1772 10.1028 28.3933 
39.9806 14.0758 27.279 14.0715 18.404 25.1978 29.1062 25.0838 6.3925 21.6039 
27.3155 23.0217 25.5994 4.631 26.0909 32.6636 21.1244 6.7771 12.1097 15.2122 
27.2031 31.0284 20.8154 6.5135 33.1144 27.3334 24.3055 5.3445 14.9177 11.9152 
24.6729 18.4604 20.0946 9.8117 18.7478 21.4747 20.0798 12.6085 7.3051 13.9714 
34.2923 18.159 28.3691 37.7735 10.5416 4.8492 33.7082 41.0072 21.1217 26.3522 
21.2565 23.4688 19.962 31.1872 16.3876 4.7026 19.2029 36.6254 17.4085 17.3386 
13.3985 28.0427 6.7689 25.917 23.2682 16.1157 12.0406 26.8284 15.3486 8.2054 
21.0609 17.2548 13.6483 21.9443 15.8743 11.6251 17.2867 25.0871 9.1509 12.1259 
19.2454 28.3092 14.9991 32.2068 17.5003 9.9877 19.5134 31.7791 20.8808 15.5254 
35.3866 12.0996 30.3025 34.1995 5.6168 5.7157 32.2314 41.9261 16.4512 31.4538 
25.2816 13.0209 18.538 23.7656 8.7596 11.4513 23.4323 22.497 6.5608 18.6747 
29.2042 26.7139 23.0628 6.4824 33.0953 30.5953 23.9644 3.6771 18.0508 16.4881 
43.7412 1.2335 37.2971 27.9713 9.576 17.231 37.2193 35.8962 14.7335 31.5506 
33.8006 4.2707 27.1731 24.647 8.98 16.3751 30.9921 25.8657 7.8989 27.7847 
31.7451 28.8481 26.8188 35.093 16.1554 7.976 27.9418 45.6834 26.9339 29.1125 
37.8543 13.6555 29.1693 34.7118 6.0476 6.3618 37.9743 36.398 18.4249 28.9048 
41.1238 11.782 29.1426 14.3984 18.7163 26.2197 31.8371 22.7824 8.3297 24.1147 
29.9204 11.6909 21.73 14.6469 12.5855 14.9094 24.7074 20.3435 0.4269 17.6799 
20.3 16.3229 18.6254 19.0758 14.9243 15.2392 18.455 23.3753 7.1139 12.2573 
35.448 35.5811 26.1441 7.3879 36.1784 34.4624 34.2522 5.9464 26.151 24.6732 
40.4376 2.9019 36.2575 28.1635 9.5993 22.9892 35.3739 32.4832 13.3202 29.023 
12.0541 28.2927 5.6028 24.1765 24.3294 20.4608 10.6729 19.3477 15.5672 5.8098 
26.0277 15.7982 22.209 15.181 14.0379 19.0102 22.3437 19.4569 2.5512 18.8188 
26.3785 28.6725 28.4078 2.198 28.3041 31.4675 29.9835 6.9005 15.9775 16.1888 
37.8157 2.6608 36.8457 25.2837 5.5412 15.824 39.2913 35.4462 13.3059 28.8737 
24.2401 26.4944 17.2071 9.7492 26.1764 24.6204 21.998 12.8148 9.8849 9.1137 
26.5057 10.4705 23.5591 17.0784 9.4653 14.7018 30.9419 21.8211 4.0512 20.1026 
31.5954 8.236 25.471 25.8798 1.046 9.7617 34.8263 34.1787 11.3022 26.5401 
24.6918 24.7854 26.058 34.5236 19.7745 7.829 24.5898 42.8825 27.4102 26.8991 
28.1126 18.1403 20.1859 11.4277 18.3095 19.7304 26.4247 19.6733 3.9108 15.1767 
31.9986 7.7661 27.119 30.5803 1.8852 11.868 31.4468 32.1179 12.4378 27.0113 
30.4141 31.3391 24.3577 5.8595 33.4408 31.7761 26.8728 3.6476 16.6216 15.7161 
27.8574 23.5602 24.6289 39.5171 14.2832 5.0445 23.8442 39.4182 23.0501 28.8276 
31.5514 14.7661 28.2456 28.3664 8.1941 3.5011 28.6906 35.2513 18.8306 28.7328 
26.9527 20.8668 24.1401 2.4245 27.0336 25.0718 24.9627 9.7847 13.1333 16.0016 
29.1951 23.5468 19.8502 32.923 14.2581 3.2953 25.7503 37.2032 18.8914 23.4851 
11.3092 31.2836 6.2723 18.0574 29.2098 22.2193 9.618 14.3525 16.1894 0.5229 
32.1046 12.2041 21.2586 20.6678 8.4509 11.6597 24.2943 24.2302 6.5222 20.5349 
28.8591 29.9383 28.7275 6.2824 32.1263 36.5576 30.97 5.6402 19.3492 20.8784 
36.3071 9.138 30.0344 24.9003 1.3998 9.2971 36.4071 37.4477 14.339 24.6465 
11.0276 35.4437 6.9314 28.5543 26.1638 16.9864 10.3783 31.857 21.9453 13.5448 
35.5152 7.6207 28.6005 15.5899 12.8033 18.8494 30.5238 28.4483 5.9599 24.0482 
22.0315 21.6725 14.9148 14.082 18.5887 18.2812 19.0454 18.74 7.12 11.6187 
37.6816 3.3377 31.9392 23.8374 9.9362 19.3209 36.1202 28.0953 11.4162 28.6261 
29.6923 20.0167 23.8105 4.6092 26.206 28.9398 24.0585 10.4749 12.8495 14.64 
24.5436 18.6637 19.7399 32.7877 12.0848 3.8399 21.3016 32.4346 15.6661 21.7901 
30.3725 19.5895 28.7139 6.4395 24.9052 24.0801 31.78 14.5017 12.2052 23.6999 
22.6159 19.0638 20.5217 27.7753 12.6539 4.5637 23.5497 32.4239 18.1301 21.7346 
42.3916 2.8304 35.9876 25.2115 7.802 18.5121 39.5953 32.6613 11.0048 29.7859 
14.4092 23.2767 11.3281 28.3751 20.3206 11.9965 16.3014 29.5182 16.7421 15.3028 
24.9448 33.4315 19.493 10.1781 27.4095 29.2329 20.3098 3.6629 16.4294 12.9317 
31.4524 20.5721 31.048 2.6915 28.7303 27.1051 25.7225 13.0295 12.1191 20.7495 
13.9476 24.7606 10.1249 29.71 21.7031 10.9301 16.1272 24.5338 16.0146 13.4751 
38.6395 3.656 34.1132 22.2809 11.6071 23.6429 35.1047 30.8933 14.7981 34.98 
22.8719 14.439 19.3524 17.908 12.9619 12.6465 23.9238 22.1802 6.2871 13.8531 
12.7494 24.5721 8.2971 24.2299 24.4847 18.8151 12.3838 20.328 14.243 7.6505 
23.6078 25.9135 21.3947 33.9697 19.4899 7.9684 23.5781 36.711 20.8806 23.383 
17.6959 18.9126 10.6904 24.6262 16.2076 12.4323 17.9605 23.2227 11.5062 11.3581 
28.4828 26.3283 21.4178 35.1857 16.8822 9.2294 27.9469 35.423 26.8447 28.412 
17.0152 22.2625 10.7847 16.6704 20.7379 17.7257 14.3597 18.8262 12.5336 6.3909 
38.8401 17.176 32.19 35.1262 7.8092 6.0308 29.1942 36.2715 17.05 27.1949 
34.3933 17.1133 27.1961 12.4181 20.3464 25.337 36.6406 17.6904 8.6167 24.9582 
41.4035 3.1904 40.2556 24.8438 11.7913 23.4403 35.7325 37.0715 14.1158 30.6359 
32.5631 12.2004 23.8471 21.9866 8.2592 11.808 24.9157 27.0887 7.3594 20.208 
28.1667 13.353 22.3547 17.405 9.3674 10.4401 21.5956 25.5227 4.9437 19.3738 
15.6726 26.0093 10.0182 21.4589 15.6405 12.3776 14.863 21.0204 16.084 11.7353 
13.2551 32.885 8.0877 19.5035 29.3767 24.8822 10.6884 14.7411 22.1075 1.7157 
48.203 8.657 38.0599 27.1748 15.9758 26.6613 45.7946 33.4886 15.2488 30.5329 
32.461 34.983 30.1405 7.4233 39.5858 39.4471 30.6989 3.8084 22.1859 20.3115 
19.048 16.9217 15.4192 18.0129 16.3396 13.8741 18.0919 19.4237 7.0869 12.5709 
38.7908 9.8208 39.2473 20.7644 15.3083 22.5226 36.9417 33.8183 14.043 38.3306 
13.0333 28.4274 10.6135 18.2921 26.7074 22.5744 11.4889 11.8336 20.582 2.9204 
26.5473 19.035 22.9954 10.6341 19.8951 19.8874 30.9285 15.7426 5.8007 17.9979 
32.1744 7.2096 33.25 25.6721 2.5225 13.7165 40.1321 34.4498 14.4068 32.6742 
17.7142 25.3836 11.8105 13.5018 26.4567 19.7838 14.7005 15.7207 12.8457 6.9627 
26.1063 16.4582 20.4056 15.6795 15.5633 15.9428 21.1215 21.3434 3.1433 14.2688 
36.2131 28.2631 28.2053 7.5351 38.8761 40.8051 31.6169 5.3618 18.8101 21.1482 
18.9162 23.1434 11.8395 16.5845 18.6219 16.9783 17.2925 16.721 10.3109 7.6062 
23.5704 21.895 21.6222 9.1451 22.4872 25.1777 22.7801 11.499 8.7758 12.7729 
23.5511 34.0433 17.3357 10.0066 29.7476 28.5714 19.0849 2.8267 19.0684 14.6863 
18.3062 27.9865 12.3124 32.4131 18.844 10.1853 18.7605 33.4289 18.1268 14.1786 
21.2177 22.0825 14.0474 23.4765 16.5679 8.689 19.1262 30.4869 16.314 13.3313 
28.9913 20.3334 24.0762 35.7734 11.2092 5.9659 30.1945 45.4518 18.5357 25.4382 
25.1188 29.1167 15.1814 10.9143 26.7217 23.9333 19.4304 9.6996 13.4122 10.5043 
50.3457 9.3422 39.7377 21.4833 17.8097 22.9038 41.9143 34.8253 14.356 36.3122 
21.4261 27.2523 15.1099 11.8752 29.6116 29.3706 14.4858 8.4199 19.2257 7.4501 
18.5864 26.989 13.8157 12.9926 25.3451 21.7451 19.6245 12.0115 13.1308 7.9766 
15.9103 30.7164 10.5125 33.6403 21.1231 12.216 11.5455 25.5806 19.5426 15.1135 
26.8104 13.391 22.505 29.1037 8.0922 4.7608 26.4033 31.3124 12.7372 21.6753 
34.1918 17.2996 24.6476 10.2012 19.4224 24.0404 24.2921 16.8377 6.0253 19.6028 
30.0898 5.8679 28.3938 23.5641 3.9289 11.9731 31.25 30.2746 8.8265 26.0408 
20.2013 18.683 18.3292 26.682 11.7969 5.6386 22.4883 24.7041 12.2002 19.589 
29.8769 21.67 26.3036 4.2655 25.918 32.3314 29.6851 11.368 12.5814 22.0647 
28.1626 10.1825 22.4559 24.3335 4.6902 9.9239 31.576 28.5648 8.8685 21.5917 
24.5714 29.9192 19.6651 5.8369 28.2723 30.2149 25.7349 6.4331 15.9124 13.4344 
4.0282 33.0172 3.2855 33.8739 35.5372 24.4271 2.9913 27.4667 23.6024 11.4023 
20.7646 14.1829 18.3802 19.3358 13.937 12.9934 23.2229 24.6733 6.95 15.1668 
26.5773 26.6443 22.6492 35.3888 15.5464 7.2416 28.3466 40.8624 25.0256 21.9284 
30.5945 10.7278 23.7039 18.6766 12.6918 15.5964 26.9711 22.4177 1.9639 21.1502 
34.6669 3.1329 33.7638 27.9206 6.6311 15.9001 31.7256 32.8101 11.7665 30.0654 
34.8261 11.3334 28.5662 12.1345 17.4266 20.8985 34.275 20.5693 6.582 24.0885 
24.6673 25.4137 21.0216 4.7339 27.5692 27.6688 27.9552 6.7295 12.27 14.981 
25.4406 29.9016 18.728 7.3327 31.5202 29.8882 21.3127 5.0679 18.0274 12.6136 
23.8994 21.4026 18.4955 9.8394 17.477 21.2016 20.1993 14.5893 7.437 13.8545 
36.5195 21.1766 28.3614 34.4796 11.2549 5.1488 26.9149 44.3853 22.5373 31.9694 
21.5279 24.8188 15.6991 27.6462 13.6509 5.1069 20.5556 31.9736 17.0976 20.5246 
12.1784 26.186 7.2861 25.6767 22.9865 15.2668 12.6904 26.0384 19.658 9.3441 
20.9091 21.4131 15.9605 19.0087 12.6881 11.3523 18.1535 26.3944 11.3694 15.9385 
17.7178 25.5484 15.2772 34.2365 21.4621 9.8762 15.9107 32.6481 21.4174 19.3878 
37.6712 13.2007 26.9937 34.6303 5.6836 6.5083 32.8082 35.7852 18.4491 28.4761 
26.0844 11.8627 18.6988 22.9775 9.001 10.5071 25.5599 26.548 5.9706 20.9602 
31.092 26.2606 27.6923 5.87 32.7801 34.298 24.0161 3.4352 18.0616 19.4783 
39.871 1.0991 31.1123 27.4633 9.8862 21.0625 36.6871 31.3197 12.1151 28.2767 
32.8132 4.9488 30.8318 22.9416 8.0336 17.5635 34.6819 27.2714 7.2764 23.9861 
29.6992 27.4852 24.2619 33.8205 17.4697 9.1387 24.8489 37.4404 23.6512 27.6303 
39.5062 14.1158 26.4234 35.6329 5.5746 7.4288 34.9907 37.2636 19.2429 27.1837 
40.2199 12.2771 29.5057 16.5931 20.7629 22.8142 31.3253 23.2231 10.4837 30.0109 
32.0174 12.3226 24.934 15.3634 12.3258 16.8733 24.16 20.1149 0.3635 18.1979 
19.7408 19.5714 14.4112 19.1071 13.3677 14.8078 22.704 23.8143 7.1348 14.7995 
37.4486 34.7809 31.8798 8.965 34.7131 41.6997 28.5868 7.3649 25.6979 25.2267 
39.9919 2.8553 39.2181 27.2712 9.6927 20.8871 43.7744 39.017 12.1604 29.8843 
13.2303 30.7958 5.4673 24.5834 22.873 18.8027 9.1776 19.9402 19.8914 6.5656 
28.7844 14.4062 21.6196 12.9505 14.8681 19.9625 22.8086 17.5063 2.1007 14.9147 
29.9756 30.0424 23.8912 2.0927 27.0284 30.1757 27.1691 8.2701 14.8068 18.9854 
34.2184 3.0332 32.705 24.9431 6.639 14.0188 36.8263 30.5705 12.1334 31.1714 
21.0955 26.4544 14.59 11.5201 24.6467 24.3102 20.6631 12.5806 10.9569 10.8896 
28.1607 9.2433 23.0551 19.7154 10.6242 15.1152 26.6532 21.5593 3.8123 18.6848 
32.8113 8.8692 25.0345 28.1244 1.0043 9.5406 31.4144 28.7147 11.1124 29.0299 
26.7436 22.5967 23.4634 34.3283 16.0182 8.9494 30.038 44.7672 26.5314 26.2181 
26.917 17.7829 23.8968 12.9543 15.2972 19.0452 24.5277 18.4842 4.1949 18.0339 
36.2638 7.3023 27.1766 29.8908 1.5589 11.8896 32.0226 30.342 10.842 29.5912 
24.9079 28.7289 22.642 6.6237 33.6952 34.1405 23.5068 4.25 15.3255 15.4163 
24.8043 19.906 22.1765 39.313 14.1053 5.2436 23.8442 37.7554 20.966 27.3566 
32.558 14.1429 26.26 34.7756 7.8182 3.4879 29.4591 35.9865 16.0073 25.5143 
29.8482 24.8874 25.2704 2.2308 26.2814 31.7046 27.4894 10.8084 14.5345 17.6414 
26.3199 20.3433 23.8661 32.4164 11.3034 3.5425 23.8177 35.9716 19.1498 21.9563 
12.5643 26.6199 6.1921 20.7689 24.2863 21.4166 7.8498 17.6488 18.2897 0.468 
28.1249 11.4473 23.7399 23.67 7.1339 11.5617 29.9198 24.2914 5.7255 19.2022 
29.3351 36.6561 25.2955 7.8135 31.7922 33.5182 31.6214 5.9622 24.8846 20.8015 
37.9513 9.7631 26.5398 28.5094 1.3897 9.9103 35.5903 30.3973 12.0804 28.3358 
12.1924 33.7364 7.3935 34.0509 26.8068 15.717 10.7369 27.3107 20.9818 12.4335 
36.6724 8.7313 30.02 19.0292 13.2927 22.3512 34.9977 22.1111 5.7525 23.3874 
23.9358 17.1931 15.8241 14.453 15.2918 19.0957 21.9 19.3594 7.5433 12.213 
38.6426 3.0072 33.6034 23.8841 9.5637 20.8492 38.961 33.1807 12.9425 28.3923 
25.9457 21.5484 21.1489 4.6819 26.5462 27.395 26.6279 9.0889 11.4 17.2567 
23.9858 18.4997 20.7201 28.1872 11.8828 4.6074 22.5173 32.5908 16.6513 20.8062 
33.6981 22.2534 27.2742 6.9184 24.3561 24.2387 26.9745 14.8405 10.1834 22.7684 
26.1121 22.9691 20.9849 27.4515 12.9724 4.2387 21.0031 31.01 20.5244 18.8211 
42.6509 2.8984 35.1019 21.6352 9.2345 16.6063 36.0633 29.1386 10.9879 26.1164 
18.2375 28.5025 10.2007 28.0377 20.4907 10.5404 17.0929 27.3001 15.5459 14.2147 
23.6135 34.2387 19.016 8.0381 29.8634 33.5763 18.673 3.5298 16.6408 12.2643 
28.2016 24.2453 28.3569 2.6132 27.2904 33.3001 33.1354 10.4853 14.4215 22.2665 
16.2974 21.7879 11.0628 23.447 18.7859 13.7773 15.6221 22.2671 15.7437 11.1502 
41.1796 4.0149 37.7613 23.5114 11.3417 20.2575 38.0508 36.333 12.5067 36.3233 
22.3641 15.1975 17.1495 18.3051 13.2222 12.1346 23.7682 18.9911 5.9772 15.7304 
14.1746 23.1848 8.6405 20.0987 24.3975 16.1907 11.5742 17.8792 16.4579 6.1144 
21.9287 24.2253 17.6525 35.1158 15.5643 8.334 25.709 37.1472 23.2618 25.9047 
18.753 19.2959 11.3799 26.0725 16.4535 10.6366 17.1147 23.9205 14.0176 10.3802 
28.2748 27.7739 22.6214 40.9663 19.9824 8.9969 22.6274 40.6569 23.979 24.5677 
18.2773 23.6897 11.3081 16.7578 22.9494 16.7328 12.5429 17.5994 11.3789 7.395 
33.5361 18.051 26.984 38.3159 6.7791 6.5631 33.7125 40.7036 20.0572 30.4971 
30.8271 16.8347 32.0892 10.9324 18.4166 22.3545 33.9857 18.1872 8.3079 24.2722 
36.6865 2.8553 37.125 25.9388 10.5117 19.5316 41.4876 30.0181 14.6208 31.6552 
29.7996 9.6148 21.8255 20.8876 8.4169 10.6314 26.5224 26.4547 6.4289 19.2429 
25.9918 12.334 21.4686 17.6943 9.8429 10.7767 28.2803 22.1303 5.8745 16.4631 
17.1772 26.1929 10.0689 25.1518 16.861 13.897 15.8098 25.8976 13.2468 12.3662 
13.6854 32.8033 9.0691 19.7371 32.5951 24.011 9.608 15.8744 18.3396 1.9902 
46.6039 7.8399 34.2848 27.6816 16.137 25.5978 37.6084 32.3332 16.3721 36.3731 
27.0651 31.8376 29.9642 7.21 32.0602 36.7169 29.1655 4.2293 24.0796 22.0656 
24.0493 17.0299 16.0148 18.4066 14.2966 13.9778 20.0951 19.0422 7.31 14.1781 
49.9948 8.6332 33.02 19.7446 17.9196 22.8332 43.5748 30.2777 16.2792 31.5007 
15.0251 26.9105 9.8684 17.9169 25.4392 25.375 9.9371 11.3775 21.3288 3.4965 
27.1277 17.2669 21.0394 8.1395 18.5165 24.3596 26.7507 14.3666 6.4312 19.3094 
39.7971 6.3923 32.5751 31.2709 2.4572 11.4171 38.7739 37.0888 14.5612 27.7082 
18.6944 27.4521 14.0243 14.6781 25.6795 20.7784 14.7478 16.0177 11.4118 6.9892 
22.7606 13.2753 19.816 16.6662 14.9146 14.3536 22.8811 19.5746 3.0661 15.0043 
27.8317 33.1244 25.7163 6.1007 40.056 40.1948 32.2949 5.9863 21.9006 22.8148 
17.3466 22.6104 10.4785 19.5375 16.8045 17.3122 16.2953 20.4841 12.0869 8.0471 
28.3964 22.8031 20.2056 9.1955 24.392 23.9945 26.0722 11.8926 8.6452 14.9722 
25.0226 33.0563 21.2699 9.3305 30.7891 29.4648 17.8825 2.7678 22.3522 12.23 
19.6598 26.5953 11.2298 30.1074 17.8003 9.7951 15.0075 25.6263 17.9482 17.2099 
22.5054 23.322 14.9651 27.0934 17.0902 7.8809 18.9221 31.3245 15.3754 13.7608 
34.0013 20.2517 30.2369 34.7849 10.8883 6.6299 32.3021 35.6179 23.0942 28.6411 
25.1377 26.4839 16.3336 9.6365 29.0725 22.9191 17.6529 7.8576 11.7961 9.2384 
48.1233 9.2428 38.4061 23.0366 18.2536 23.8544 47.1125 33.3805 16.6178 39.4642 
20.7678 31.2884 14.3941 13.2403 31.486 25.8204 15.6052 9.1796 18.8633 7.1769 
17.7967 26.7796 15.8004 11.1685 26.4939 21.2734 15.8226 11.3696 12.0833 7.405 
14.1344 27.9113 9.8198 27.5146 25.0429 12.5753 12.4608 28.5945 22.8228 12.8782 
28.8497 14.8417 23.9411 28.9629 7.5009 4.8497 29.43 32.8226 11.5317 21.1701 
26.1513 17.0558 26.4287 8.2275 18.1964 23.5676 26.6131 18.63 6.7692 20.9337 
34.6615 6.9014 28.688 24.6585 4.5361 12.4822 35.619 28.1446 8.5063 27.352 
24.274 16.3906 14.9997 26.1002 13.3889 5.5395 22.0957 28.6052 13.6577 17.3976 
30.768 20.7132 29.1148 3.2857 23.5851 27.9035 30.8133 12.9742 11.6905 19.8359 
27.095 10.4283 27.1234 25.9609 4.2523 9.7041 26.4959 29.4676 8.391 25.722 
29.3971 24.1339 23.8885 6.102 26.3751 29.0816 26.7187 6.8684 16.2677 16.6337 
3.9286 36.3678 3.063 30.5206 35.5462 23.1877 2.9047 23.9026 29.1079 10.5106 
26.5774 15.0649 17.1562 19.0418 12.8866 11.9334 22.8635 20.1359 6.7947 15.2581 
23.7483 22.8794 21.0626 33.8743 16.2685 7.3967 23.994 33.8317 21.3398 22.6264 
34.5142 9.7244 27.4044 18.6915 12.8682 13.8481 26.5224 25.3254 2.1703 19.8134 
35.1315 3.0745 33.4999 27.4679 5.3236 17.1885 38.8245 35.5269 12.0166 29.35 
37.3268 13.0344 33.6384 11.8264 16.9833 21.6173 33.2602 22.8485 8.4836 26.0748 
28.5149 26.5912 25.0418 4.3394 26.893 29.1968 26.4599 7.6791 13.1997 17.1243 
25.5881 29.9587 18.7338 6.8416 33.7301 29.8544 23.4102 4.8811 14.305 11.6622 
21.565 18.3249 18.9129 10.9957 20.0988 21.8725 20.2622 16.2103 6.3401 14.0543 
29.8562 18.5269 25.3447 38.0775 10.4042 4.9551 26.7457 39.5195 22.9502 31.2286 
21.8918 19.85 18.9747 30.7712 13.507 4.4041 24.3734 32.011 16.5793 21.4019 
14.9586 29.0785 7.4097 28.2076 18.8737 14.4446 13.0514 25.9506 16.4421 9.0684 
21.2552 17.0994 14.7633 23.9456 12.1652 8.9419 20.7705 23.5101 11.845 14.0262 
20.1813 28.0287 13.7737 30.1771 20.4636 8.6943 17.5549 33.3812 21.5847 19.936 
34.3352 15.1926 31.3974 35.8952 4.8405 5.1958 33.4398 33.9586 16.8373 25.2269 
29.7512 11.4864 19.2709 21.5785 9.1485 10.5361 24.9244 26.2098 6.7785 20.1467 
31.0025 28.579 27.7559 6.5739 32.8635 29.6887 25.0429 3.773 19.3119 16.8016 
36.6556 1.1859 37.0588 26.2605 8.4552 19.368 35.8778 32.5969 13.7869 36.221 
33.8422 4.2009 29.6755 22.2867 9.7355 18.9468 30.6114 30.1325 9.3112 28.8569 
25.1333 23.0154 25.1781 34.334 17.9866 7.2915 26.2972 40.8975 27.7654 29.9825 
35.9138 15.3917 31.1055 29.1856 6.2833 6.3498 34.8759 43.4979 19.6676 28.3142 
37.3686 11.7643 33.0997 14.3236 18.9455 28.0709 36.2132 25.253 9.8244 26.1583 
33.4685 13.2703 23.6976 17.0515 11.6709 14.8762 25.0466 20.8809 0.4551 17.3363 
22.1063 15.5876 16.6466 17.4379 16.2513 13.2862 20.8342 21.0059 8.1979 13.0349 
32.7523 31.2384 32.4204 8.7198 36.8847 33.2104 26.1266 6.5005 24.985 22.071 
39.3053 2.7577 31.8371 28.3059 9.5651 20.7177 45.0088 30.2629 14.2376 31.3261 
12.2767 29.7057 5.9813 25.1395 25.9218 20.0719 10.1296 21.8113 15.6032 6.745 
EOF