I 100
J 10
bounds (0, 100)
cv 1.0
D 50
k 5
t 3
FLR 0.8
FCR 2
abounds (80, 120)

a 
99.0 85.0 88.0 
86.0 95.0 74.0 
96.0 86.0 92.0 
75.0 94.0 84.0 
75.0 97.0 89.0 
68.0 88.0 98.0 
94.0 95.0 84.0 
89.0 101.0 84.0 
98.0 92.0 95.0 
100.0 92.0 82.0 
108.0 79.0 83.0 
100.0 82.0 89.0 
85.0 91.0 82.0 
89.0 87.0 86.0 
83.0 90.0 110.0 
80.0 92.0 97.0 
97.0 97.0 106.0 
103.0 89.0 89.0 
82.0 97.0 76.0 
82.0 99.0 70.0 
87.0 96.0 106.0 
92.0 87.0 76.0 
85.0 93.0 100.0 
85.0 101.0 98.0 
102.0 101.0 73.0 
91.0 73.0 92.0 
101.0 76.0 104.0 
106.0 74.0 96.0 
71.0 79.0 81.0 
87.0 82.0 102.0 
94.0 81.0 102.0 
115.0 94.0 86.0 
90.0 87.0 95.0 
94.0 95.0 82.0 
92.0 90.0 92.0 
92.0 94.0 91.0 
94.0 89.0 86.0 
85.0 87.0 71.0 
87.0 87.0 101.0 
91.0 91.0 73.0 
95.0 91.0 91.0 
88.0 97.0 92.0 
99.0 77.0 102.0 
106.0 98.0 89.0 
90.0 91.0 93.0 
90.0 101.0 89.0 
86.0 76.0 93.0 
94.0 102.0 87.0 
66.0 91.0 90.0 
83.0 74.0 79.0 
80.0 94.0 85.0 
88.0 74.0 85.0 
91.0 106.0 92.0 
79.0 105.0 101.0 
84.0 81.0 100.0 
92.0 94.0 84.0 
85.0 99.0 97.0 
81.0 99.0 86.0 
103.0 82.0 79.0 
99.0 87.0 97.0 
92.0 100.0 93.0 
87.0 83.0 104.0 
92.0 84.0 81.0 
105.0 100.0 90.0 
84.0 82.0 98.0 
102.0 88.0 105.0 
88.0 83.0 84.0 
84.0 79.0 102.0 
91.0 99.0 79.0 
105.0 90.0 90.0 
70.0 75.0 92.0 
102.0 96.0 102.0 
97.0 99.0 99.0 
78.0 94.0 88.0 
93.0 103.0 77.0 
94.0 89.0 84.0 
87.0 78.0 90.0 
76.0 91.0 68.0 
97.0 89.0 94.0 
83.0 88.0 105.0 
83.0 83.0 86.0 
135.0 95.0 79.0 
96.0 79.0 79.0 
109.0 84.0 88.0 
94.0 92.0 91.0 
107.0 77.0 88.0 
97.0 103.0 97.0 
96.0 88.0 95.0 
99.0 86.0 90.0 
83.0 108.0 88.0 
90.0 81.0 92.0 
88.0 95.0 82.0 
86.0 63.0 86.0 
80.0 87.0 96.0 
83.0 87.0 86.0 
89.0 103.0 87.0 
98.0 93.0 81.0 
97.0 102.0 104.0 
106.0 83.0 87.0 
99.0 72.0 98.0 

Icoords
53.3563 36.8791
51.4398 31.4203
62.0885 61.3929
39.6383 36.7894
48.0555 99.4912
76.1107 54.9905
57.3017 34.6339
56.8716 28.9766
54.668 81.1347
24.5895 2.7164
45.8186 77.9886
17.9094 7.0589
15.69 30.2848
58.5336 67.1117
64.8509 58.4312
93.6046 64.9457
99.7156 40.9396
92.7568 61.8612
60.7079 25.2167
63.4514 4.1735
38.8849 7.7015
63.0058 77.4048
47.2124 6.4925
8.0927 30.3355
88.2938 61.0147
46.1098 14.9577
71.2691 77.038
16.9106 37.7122
3.4861 42.358
30.9842 72.0857
55.4059 48.2056
37.4913 20.1077
0.299 86.1265
30.8277 45.3976
24.7457 96.4751
67.0623 35.7515
23.9343 25.2999
93.558 65.9981
69.1534 83.4683
7.9651 55.032
83.5131 83.791
25.9106 4.021
83.0789 78.8293
24.6477 75.7424
40.2873 61.7019
41.5492 41.8624
68.1217 18.3754
44.1748 52.5836
79.8453 63.8034
31.0132 57.6276
81.2649 28.7005
54.6619 88.0647
3.2661 93.386
51.1336 65.1517
19.4522 26.2995
16.6872 27.4069
88.5817 36.5703
59.2689 48.6979
36.8391 63.8265
38.5836 10.6885
50.4038 36.492
81.2209 10.5248
76.3249 12.0571
85.0762 25.4316
40.0031 95.9024
88.8135 59.5369
17.2221 18.5185
38.0087 72.2686
65.1888 95.5574
44.7173 19.1913
37.3588 98.7297
74.4496 64.622
0.8596 92.6371
56.1259 53.4477
58.4737 6.7659
74.179 17.8799
89.2793 46.2956
17.1019 40.8455
69.0751 1.363
21.1145 58.6802
32.8622 54.7485
90.5841 53.3603
78.9284 22.8855
66.1215 43.2531
60.1574 37.1216
63.4059 97.7024
2.853 81.338
78.618 0.858
10.3707 58.6289
29.8075 36.1006
23.3037 60.9015
53.3884 86.9716
7.7588 23.2847
76.9593 75.1316
67.1171 1.9214
46.1105 95.9643
0.9359 41.5154
92.1902 80.6811
37.5788 0.5872
66.2794 44.8021

Jcoords
60.9879 3.5755
7.3857 77.7739
65.5931 88.817
71.2676 74.9704
43.6591 10.9647
93.2758 14.5059
37.8993 82.5726
94.0487 88.7982
54.5529 6.2171
42.4652 41.5164

C
11.7397 19.8366 16.0774 15.4352 9.557 16.8769 18.9765 22.6922 11.8415 4.7243 
11.0416 20.7513 23.54 16.6475 8.4631 15.3248 17.4617 24.5709 9.556 4.8616 
18.4182 22.2815 8.4462 6.241 20.6493 18.1494 10.9732 16.2594 19.8918 10.1474 
13.4442 18.1024 22.7278 17.125 7.9035 23.0237 16.3381 27.3226 11.688 2.1662 
31.9773 14.0851 7.8817 12.5774 29.3827 30.69 7.2992 14.8884 36.2313 21.6201 
16.796 27.4046 13.2096 7.6128 17.0097 14.089 18.6196 11.9714 18.8772 11.239 
9.6331 25.5454 17.0252 16.3785 9.947 16.2127 16.0579 21.9661 9.4499 6.053 
9.0295 26.187 23.9592 16.0583 7.8452 14.6161 21.0647 28.1238 8.2061 6.6886 
26.7766 18.7663 4.776 6.9341 23.0984 27.9841 6.0033 14.8281 24.2359 12.8884 
14.3158 25.9888 37.04 30.0469 7.7062 21.5553 31.6869 36.1917 10.7637 12.9996 
26.9296 14.059 8.6619 9.3309 24.6508 27.6382 3.0095 19.3159 25.3777 12.7751 
16.9246 23.8217 35.1237 26.1948 8.9201 29.43 29.0275 42.7839 14.555 14.0264 
16.3963 15.2343 25.0982 26.5502 12.19 28.3443 20.1274 35.7246 18.0928 9.3059 
22.7629 19.1852 7.8402 5.0892 22.0835 23.7419 10.2414 14.1567 18.8261 9.1781 
17.8998 24.1866 11.1488 5.8348 19.2335 20.1747 14.3863 15.2078 18.0575 9.6855 
27.202 33.1936 13.6393 8.7357 24.6294 18.0276 19.0065 8.7888 22.3853 20.9985 
20.8905 35.7166 20.4834 15.5687 24.9757 8.4831 26.659 15.3109 21.6591 17.4852 
20.3393 29.1614 12.9654 8.5308 25.5151 14.6052 23.3669 10.5768 26.425 16.4434 
7.9754 27.1104 21.6304 18.2187 8.5196 11.6086 22.9677 26.427 6.325 8.5721 
0.9116 35.3805 25.4096 22.1231 8.2465 12.2782 30.1631 30.4604 3.4521 14.4143 
8.1305 30.1775 33.2118 25.8091 1.784 19.6292 27.1132 30.1204 4.7262 10.3644 
25.8942 17.0424 3.7387 3.3703 22.5314 26.8883 9.7482 12.8005 27.6643 14.4232 
4.5017 29.1991 27.9288 28.132 2.11 16.355 24.4814 37.1977 2.6107 11.0945 
18.4536 16.9469 31.6084 23.399 14.8875 26.2004 20.8274 36.6852 17.5573 11.1544 
24.1995 25.9114 13.869 7.0866 24.5513 18.4246 20.0721 9.9874 24.4668 18.5869 
7.0079 25.5029 28.0641 24.4087 1.7241 15.9004 21.5096 32.2833 3.9775 8.9779 
25.9773 23.7023 3.9932 0.6331 27.7489 24.6803 10.6822 8.9829 27.9644 13.7837 
18.5816 13.3377 27.1031 23.1442 12.4679 24.9337 17.092 34.4639 16.1916 7.8904 
23.5679 13.3078 28.8838 29.9898 18.2065 31.1174 20.6847 40.3133 22.5786 14.3048 
26.9925 7.7557 12.451 15.4438 23.046 28.2984 4.9015 23.5652 22.6245 11.3506 
16.7048 19.952 15.9356 12.0403 11.8711 16.3029 12.7085 20.9832 14.5352 4.4969 
11.1271 23.3146 24.319 22.0338 3.4443 20.4862 22.4816 30.3594 8.7674 8.5762 
39.2417 3.4822 19.7159 28.6929 32.1144 43.8587 12.2406 35.8363 36.3456 18.8327 
18.6967 12.3273 21.3368 17.164 14.6433 22.4271 13.903 24.5007 14.5198 4.5918 
34.8318 8.3975 16.5197 20.4597 27.3416 35.5572 7.445 23.5119 32.8692 20.9324 
11.4802 22.086 20.0452 12.551 13.0358 12.7309 19.1407 18.093 10.3472 8.6098 
13.1778 17.3813 23.6235 25.8393 8.7928 24.9408 23.4447 35.0944 13.1867 9.8277 
26.7624 31.3364 11.6438 7.4897 24.2919 16.8022 20.355 8.2077 21.9994 18.8605 
27.7307 21.1335 2.3639 2.7716 29.2665 23.1891 11.8345 8.6664 24.3011 17.671 
26.6803 7.8076 26.7138 25.6182 22.355 30.582 12.939 29.2757 21.1679 13.68 
31.8275 30.2176 6.2349 5.6986 28.1929 23.0829 14.88 4.246 33.0137 19.2388 
13.5058 29.6799 30.9608 25.4057 7.2994 26.7387 25.0144 34.2829 10.1203 14.2554 
24.1327 23.066 6.2888 4.4658 30.1059 25.6794 17.6532 5.6697 28.8888 20.5771 
32.2716 5.9496 14.5366 15.8576 20.3947 30.6375 4.6574 26.6726 28.601 12.6562 
21.8427 13.8047 12.3025 11.5329 16.1395 27.1349 6.9701 23.9009 19.3008 6.7019 
14.5005 16.4955 16.8861 16.648 10.2634 23.0667 15.2785 24.0841 14.3957 0.349 
5.1112 26.4289 21.8721 21.1822 8.803 9.6837 23.8268 26.3554 6.9378 10.9354 
19.9735 14.4774 15.7376 12.0513 13.3732 23.1579 11.0789 19.5692 16.188 4.2196 
20.6562 28.9568 8.8843 4.4778 23.8364 20.0238 14.9809 10.8813 22.5922 13.7218 
20.4334 11.5322 16.7131 17.5106 15.4224 27.4471 8.9331 21.8066 17.9978 6.098 
11.6651 30.4038 22.8685 17.6191 14.9931 6.7553 26.5565 18.9427 10.6036 15.3558 
26.2226 17.0745 4.1955 7.188 29.1042 26.0698 6.1526 13.0038 29.6943 16.558 
39.4479 5.1249 19.5794 27.6802 29.2067 37.0895 12.9164 35.9049 39.5953 21.9298 
20.4477 17.2477 10.3417 8.2053 16.4483 25.2343 7.9263 16.0274 19.0856 9.7376 
16.9402 20.1011 27.0088 28.3291 8.8517 29.5974 23.066 33.74 14.1377 9.6975 
17.0028 15.76 28.1439 24.2674 11.116 30.6166 21.1117 29.8356 13.3819 10.9789 
15.8759 35.7016 19.0592 16.0278 18.925 7.1464 26.0439 17.844 18.1804 17.1563 
17.3396 21.0542 14.1501 10.1523 13.0425 18.5132 15.1076 18.5521 13.4808 5.738 
25.2371 10.2264 11.6384 11.9779 19.9075 28.6087 6.6655 19.2135 21.1552 8.1013 
9.3814 27.3004 25.2873 22.7447 1.898 21.168 22.2204 31.8054 6.1492 11.5896 
13.5781 23.2048 16.6125 14.1949 9.5976 18.6797 14.3862 26.3638 11.7709 3.3521 
8.1166 37.9008 26.1146 24.5775 12.7944 4.9067 30.618 23.9777 10.3219 17.259 
6.7019 33.7543 26.577 24.3187 13.0115 6.6007 26.0752 30.8429 7.5379 15.4347 
11.8752 31.2134 20.4241 16.2202 15.3329 4.6991 22.6671 19.2572 13.9726 14.183 
32.561 14.7177 9.0731 12.3635 25.6494 35.692 4.6544 18.0648 31.9184 19.158 
22.4116 28.3796 11.551 8.7909 22.4754 15.4534 17.7652 10.1603 22.3788 19.5184 
18.0408 23.3298 31.6413 28.4473 9.6782 24.9879 21.8417 38.1714 14.4133 11.8325 
28.8218 11.3908 12.5904 12.8702 24.0653 30.3706 4.0652 22.5295 21.5579 10.1765 
31.1591 20.7738 2.2189 8.1312 32.14 30.7436 11.475 9.0049 27.0543 23.0745 
8.3757 22.3195 28.61 20.2809 3.2199 14.9523 20.0229 33.2388 5.3857 8.8991 
32.6879 11.9994 10.0634 12.5993 31.8527 35.3835 5.4286 17.5192 29.3582 21.276 
23.0736 27.0495 9.7804 3.8997 23.2918 19.5726 15.3231 10.5443 19.6394 14.5794 
41.1137 4.951 23.5521 22.5031 30.5575 44.716 12.9311 36.0761 35.8233 26.1076 
17.4528 17.1428 12.3391 8.1762 16.2044 18.4871 13.3859 20.0377 16.9935 6.0579 
1.5127 28.2286 31.0001 26.3489 4.6625 12.1753 27.4529 27.3071 1.4153 13.724 
7.3766 34.6297 28.0389 18.6871 9.9044 7.0104 27.9106 24.9818 7.89 15.7461 
19.1223 32.6111 19.3575 13.3079 18.6088 12.2905 22.1897 14.1652 19.3083 16.136 
21.119 11.4747 22.2366 22.2082 14.8114 26.8073 17.0733 36.1937 15.4143 8.6925 
2.5874 29.9525 31.3071 22.6664 8.4768 10.1069 34.7517 31.7534 4.7437 16.927 
22.235 9.1622 16.8434 18.4142 19.2201 32.4051 10.9671 29.701 20.5242 9.977 
22.8375 11.7305 17.0928 16.9666 16.1622 23.5989 8.5593 22.1271 18.9349 5.8024 
19.2982 33.2953 14.7879 9.9911 24.6195 12.4866 20.6207 11.5188 22.7612 19.4107 
8.1973 33.0483 20.4827 20.6633 12.1442 5.0793 26.4727 26.8741 11.7262 15.1873 
14.595 21.338 16.6365 11.1691 14.2504 15.3709 18.1111 16.6688 14.6861 7.1326 
11.3756 21.1301 15.9892 15.372 11.7888 13.9159 15.5824 19.0773 11.2223 7.2482 
30.2059 22.2794 3.0783 9.5924 34.0172 34.669 11.6964 11.4111 34.936 23.367 
30.1856 1.9299 23.8142 23.0042 30.9693 40.2761 12.0669 33.7362 34.8628 18.4457 
5.5388 37.0797 26.7199 29.4553 13.2134 7.2862 34.4284 34.5974 7.8056 20.5604 
27.3942 6.2489 24.5951 22.4778 22.947 29.959 11.821 30.2165 26.1037 11.6462 
16.2654 15.853 22.8929 19.118 10.5156 21.4801 16.1042 31.7321 14.344 5.0445 
22.2617 8.9259 19.4733 16.6349 18.6692 31.7103 8.5543 24.9053 23.5935 8.3979 
29.3598 17.0342 4.6078 7.0329 24.6586 32.1277 5.349 12.2348 27.7663 16.0677 
17.8172 17.268 27.3134 27.1851 11.7206 32.4953 22.4203 32.6976 15.6153 14.3054 
25.9542 25.8583 5.4117 1.9815 24.3917 23.845 13.8651 8.337 27.805 15.8943 
2.4131 38.1556 33.5121 23.7646 9.6566 10.2528 29.3369 28.3781 4.8652 15.7883 
29.3464 15.4922 8.2282 11.4354 32.0922 31.3728 5.3535 16.7855 30.9552 20.8347 
26.3816 12.7866 27.8871 29.1361 19.4123 34.0772 21.0372 32.4882 20.9077 13.2105 
32.8893 28.2395 10.3272 7.491 33.4173 23.7733 18.7471 2.7005 26.3989 25.0464 
9.2013 26.8537 28.2247 26.9058 4.4743 20.4838 28.5967 36.3964 5.9802 14.7773 
14.3315 23.0631 17.0447 10.7879 14.1846 12.7094 17.3482 18.0169 12.2636 7.9932 
12.0472 21.9101 20.5329 15.8057 9.308 17.0096 18.3783 25.9838 11.8721 4.0413 
11.227 25.33 17.853 17.5758 7.3163 16.1821 18.2289 24.5566 7.9816 4.2484 
22.4141 21.6305 8.6867 4.9708 20.0694 19.6473 11.15 13.5187 18.6276 9.9044 
13.5429 18.6761 23.1813 17.3928 8.5778 22.048 14.4 25.3581 13.0214 1.7785 
29.9739 14.4078 8.1199 10.3354 33.2827 37.8523 6.1113 14.6571 37.2785 20.9619 
17.3963 22.6839 12.9333 7.5717 18.0489 14.7838 18.4782 13.7281 19.2611 14.1928 
12.129 21.6793 19.8097 16.1011 10.742 14.333 19.4143 19.8781 10.5861 5.2631 
8.7156 25.2974 18.3958 18.6945 8.1021 13.4918 20.6326 27.9125 8.3571 6.7861 
26.4731 16.6569 4.6077 6.3675 23.3541 29.9092 5.4378 13.8211 25.6443 12.5899 
11.5415 28.014 32.1382 26.0125 8.2443 26.9145 26.3194 40.594 9.75 13.3072 
27.5599 11.7683 6.7658 8.3238 21.613 25.7359 3.3536 15.3865 22.7676 14.112 
13.7999 27.9684 28.7255 30.9708 10.2015 23.962 27.8948 37.6118 13.3784 13.8614 
20.3087 16.8493 24.1906 26.4931 10.7486 30.4741 19.0821 37.2893 13.9741 10.357 
23.1953 18.2343 7.7284 5.4827 19.9344 18.9822 8.3772 13.52 22.2435 9.8279 
21.7492 20.5304 9.7355 5.4977 17.544 19.7718 13.3406 15.9955 20.479 9.9717 
24.158 32.4614 11.2287 8.7381 24.6809 16.131 22.7459 7.3001 27.287 18.9791 
16.3863 35.7663 20.2424 14.9566 24.0285 10.7902 24.8405 19.1856 19.0557 22.7467 
20.9234 29.0398 15.1849 7.8587 26.2859 14.9699 21.4084 8.9992 25.264 19.3838 
8.2481 23.06 22.281 19.1648 6.6841 10.4395 19.6037 26.6567 6.361 7.755 
0.8469 36.4908 27.4079 25.6275 6.8111 12.5812 25.999 34.9327 3.1471 17.023 
8.2317 30.239 29.1041 28.3101 1.7962 18.4178 25.9825 29.9537 5.0425 10.7894 
27.4969 18.0435 4.5777 3.1403 21.7702 21.5274 9.8404 11.5472 25.994 14.5431 
5.0086 27.566 28.4096 27.9869 1.7884 15.5414 26.5585 33.4287 2.6386 12.7098 
21.9747 17.521 28.4672 27.0268 14.9523 32.2393 22.9565 37.205 16.2853 11.5448 
24.5684 30.1914 11.9128 6.6485 20.7958 18.3872 19.0417 9.7491 23.7396 15.9373 
7.4238 27.6282 29.8363 20.9989 1.8197 16.3768 25.2422 29.6686 4.7225 8.3613 
27.8911 19.3707 4.0572 0.7108 28.4363 22.9103 12.1096 9.4136 25.1919 15.8326 
19.6967 15.6807 24.7598 24.8576 14.0491 26.1309 16.7205 32.3545 16.4665 9.3527 
25.7804 11.9859 26.6112 22.6409 15.7644 34.2386 18.6469 38.5526 21.4274 12.3554 
24.5692 9.6636 14.0656 13.5416 20.2557 33.4983 3.9845 21.0208 23.7158 10.1228 
17.4379 20.3242 13.9928 11.2625 12.0741 18.4422 14.826 19.044 15.4088 4.9849 
10.4576 25.6564 24.1706 23.7862 3.3197 22.0728 21.6071 33.9986 8.2306 7.275 
38.5552 3.5797 20.9903 22.1268 31.7412 45.9009 14.4689 29.8808 33.9599 21.6073 
18.377 14.8895 21.8764 16.9235 13.0632 24.2386 14.4479 28.5803 16.1413 4.5059 
29.9256 8.8364 12.9789 16.052 27.0613 39.1685 6.3867 23.2469 37.7263 20.3492 
10.9857 24.261 19.5621 14.2471 13.404 11.9076 20.7735 19.6643 9.7795 7.9606 
15.682 18.4542 25.0971 20.6385 8.9269 21.1232 21.5701 32.408 12.8728 7.4194 
27.3749 32.1105 12.2862 7.6891 22.3678 19.83 18.9496 7.8108 22.8988 19.3761 
24.8155 23.075 1.9996 2.7199 26.4305 22.7361 12.4849 10.138 25.5826 19.0234 
23.8357 7.6733 23.9015 23.5939 21.4873 29.9114 12.4428 28.6284 21.4041 12.5906 
25.0871 27.4302 6.5978 4.8127 31.1816 22.887 16.6139 4.6076 31.7303 18.5729 
13.4146 27.505 28.7419 32.6813 7.1259 25.4638 30.227 38.6336 10.0112 14.0463 
27.2228 25.7306 7.5535 4.1999 24.5964 20.4432 17.6169 5.1657 30.9171 16.6558 
31.7302 5.4194 12.9204 17.4709 22.2648 35.779 4.5038 26.1924 27.7988 14.0492 
19.9608 11.4539 14.5761 11.7351 19.7091 23.4734 7.9007 19.5662 17.7368 8.1008 
16.802 18.3047 18.9118 13.5604 9.5015 21.832 13.7171 21.8729 11.7624 0.3574 
5.931 33.633 23.6413 20.1959 9.5596 8.7268 24.8699 29.6348 6.9724 12.5558 
18.1031 16.9029 15.3335 12.5117 14.0266 20.3245 10.0495 20.9067 18.117 4.4234 
24.6575 24.1381 9.1607 4.6468 23.8684 19.518 17.513 10.3437 22.24 13.3476 
24.2655 10.4485 14.7433 17.0679 16.4522 28.3257 9.3057 24.3382 17.3758 6.2324 
10.703 33.6588 22.2286 18.3812 15.1511 6.1752 23.562 20.3743 13.6167 12.8428 
30.0946 14.6795 4.1221 7.0801 24.7584 31.3121 6.7965 14.9223 32.3708 14.9171 
41.7753 5.6093 24.0665 27.5252 29.6013 39.6507 12.7822 32.378 32.2223 19.7452 
22.568 15.2761 9.1658 6.7963 21.6995 24.246 8.307 18.9527 20.8743 7.6557 
18.4174 19.4032 24.7166 26.168 10.0351 23.7437 23.4095 34.2753 14.534 9.4741 
16.8066 16.2005 24.9252 24.434 11.4697 28.3176 17.8079 38.6945 14.7184 9.2598 
14.663 27.6435 21.2739 15.9773 15.6054 8.2653 22.3341 17.1824 14.0856 16.3029 
14.7612 18.9666 12.7611 11.3913 14.4309 18.9617 14.4347 19.3642 15.0793 6.374 
24.244 10.3209 11.5698 13.856 19.3852 24.5689 6.7312 21.7042 18.9252 7.9058 
8.3518 27.4336 26.2959 27.771 1.5396 18.2678 22.6086 28.9984 5.8208 10.179 
13.0595 19.4307 21.7886 13.8228 8.758 18.699 18.8028 21.7859 10.2125 3.1069 
6.6704 33.5065 26.9609 25.0731 11.9567 4.4967 33.0813 30.2755 8.7713 17.13 
6.3409 37.0021 28.0496 22.1538 12.8285 6.6829 31.6002 26.7788 8.9084 14.5864 
11.4491 33.1338 25.5235 18.1436 15.447 4.6609 24.3269 21.7852 14.409 16.6652 
31.8604 12.5235 10.5707 13.1574 30.0108 35.118 4.8905 19.7055 34.6805 16.7898 
23.3116 33.1861 13.2738 7.5758 24.0737 15.0643 18.9219 9.4053 21.3521 17.2159 
16.3343 23.576 25.668 29.1663 8.7572 24.5386 23.5917 39.0669 13.8237 11.6822 
24.3163 9.804 11.7572 12.1061 20.0944 29.5791 3.2593 23.3299 22.089 10.1113 
28.2863 22.7514 2.2641 8.1548 29.434 28.2131 9.8733 9.8823 35.5296 22.6172 
8.6418 23.9172 28.5663 24.074 2.8101 15.7524 21.113 29.4167 5.6104 8.5737 
32.9821 12.0177 10.6709 13.1748 30.7264 36.9101 6.2159 22.8141 28.8877 19.8458 
21.2857 22.7987 7.9923 4.1293 22.0174 20.7825 16.0968 9.8067 23.5945 15.412 
34.0537 5.313 20.9842 28.9999 31.6179 38.0237 14.3091 28.0457 32.8117 25.4024 
16.611 18.7607 11.0429 10.0577 16.1203 19.8219 10.7231 15.6932 14.9284 5.9473 
1.5761 30.0831 29.5094 25.6272 5.782 14.154 24.6723 34.4155 1.5258 14.7073 
7.6198 34.6028 28.1246 18.024 11.3001 7.7105 25.8783 23.3026 7.1869 15.1212 
19.4861 34.1377 16.6317 11.4218 17.7086 11.5344 24.1647 14.0925 17.2614 15.6184 
18.6605 13.7161 22.1957 24.8394 12.5087 27.1055 16.276 34.462 19.4438 9.2913 
3.0142 32.1326 29.6704 25.4058 10.1667 10.5971 28.5321 30.4531 5.3561 14.8557 
24.4252 7.1844 16.7574 17.6495 16.3861 29.6638 11.4518 29.8509 19.7092 8.6128 
19.8069 11.3836 16.3747 17.24 15.4903 25.0217 8.5197 23.5276 18.1056 5.5294 
22.6922 33.0351 14.1675 11.5447 25.0495 14.1886 22.0002 12.0743 19.4443 16.0311 
10.3086 31.4793 24.3303 19.3893 12.8739 5.8037 22.5471 26.4886 10.4565 12.7428 
13.5068 20.5682 14.2032 11.7218 15.6546 14.4733 17.5158 17.203 12.5714 7.6023 
12.7447 25.913 15.7553 13.5536 11.5414 13.2863 20.1371 23.397 10.9616 5.9448 
36.9288 18.6464 3.4443 9.3422 33.2433 31.0712 9.3032 12.378 33.7779 23.1931 
35.0693 1.7875 23.3529 20.7436 31.2866 42.4462 11.4778 34.6969 30.6224 17.1538 
6.3487 39.8054 29.4497 22.9982 14.2978 7.9751 32.9129 30.16 9.3687 21.6976 
24.0961 6.8166 19.1134 22.5472 18.0052 29.4707 11.2701 34.1837 21.079 13.432 
16.8061 14.3245 19.5415 18.0326 11.1757 21.7751 15.5429 29.4471 11.8259 4.4084 
22.392 8.3344 19.4936 19.764 20.3571 30.1403 8.8809 29.8027 19.9342 10.1232 
26.3619 18.0991 4.4017 7.9717 28.6585 26.7676 6.3827 15.6334 27.1848 14.74 
22.6532 18.3361 29.6733 31.4266 12.8441 30.3289 26.1648 39.1981 19.1667 15.3012 
24.3119 23.4563 6.5912 2.2588 24.2905 22.4449 14.8194 7.186 22.4426 17.0792 
2.3223 34.3034 34.2248 28.5058 7.6353 10.2035 26.9522 34.2174 4.7935 17.3275 
36.8233 15.8816 7.7094 11.7696 25.7401 33.18 5.1697 17.4107 30.2251 17.637 
25.7778 13.1438 31.1717 26.2544 19.155 34.2889 17.1646 37.8768 24.6694 14.7678 
25.5362 32.338 10.4134 7.3349 29.9261 23.3299 21.0179 2.6422 25.89 24.2299 
8.8473 31.5283 27.8915 30.6947 4.1856 22.0052 25.3255 39.9261 5.5635 14.6248 
15.5161 21.558 14.2362 12.1578 13.9689 12.19 16.6584 18.9117 13.296 7.9163 
13.2499 21.3133 19.8499 15.8267 10.4064 15.9571 18.5665 23.2595 10.7982 4.7349 
9.1047 23.4755 19.4196 14.5851 8.1195 17.2336 19.5729 24.8425 9.2208 4.7022 
18.7247 19.5977 10.0608 5.0561 20.4023 21.2634 12.7962 15.0554 21.4176 8.5637 
14.6801 18.0867 22.3266 17.9679 9.7617 22.5997 17.8271 26.299 13.0963 2.0379 
32.287 16.7914 6.8408 10.1362 34.8604 36.803 6.5237 15.4834 32.6409 21.7715 
16.3351 26.9267 11.5872 8.1597 18.3551 14.0275 16.1643 12.8746 16.3762 13.3447 
11.7693 21.9036 19.278 13.2753 9.6547 13.3725 16.1665 20.1072 9.5012 5.2124 
8.5663 25.7283 18.4441 18.0728 8.8259 12.6495 18.1708 25.553 7.8355 7.0764 
27.5548 18.2923 5.0992 5.3777 22.3029 23.587 5.177 14.2544 28.8883 12.8759 
13.6969 29.0459 31.5279 32.2232 8.1051 22.9004 26.2465 43.9787 11.913 15.4048 
30.0205 12.3103 7.7353 9.6462 23.142 29.5801 3.3957 15.9994 21.9434 13.5406 
13.7134 24.9227 28.593 27.0412 9.4306 25.7191 24.7233 41.9014 11.4065 15.5539 
20.356 18.1027 24.0445 23.5051 11.9622 23.768 22.4112 30.3067 14.3215 11.1729 
20.5502 19.4047 8.4451 4.5969 22.188 18.9696 8.7691 13.6157 23.9461 11.8557 
20.2039 24.0593 11.2127 6.5994 17.9547 16.6012 12.3926 14.3863 20.1278 10.4543 
23.3518 28.4342 11.7403 7.9645 23.4527 20.131 19.3162 8.2568 28.1192 21.2741 
21.3264 31.8895 23.3937 14.4687 20.2272 8.4994 29.5582 18.0193 20.9071 22.8326 
24.0898 26.7559 12.5903 8.5409 27.1769 15.7655 21.0273 10.2397 23.3201 21.6841 
6.6747 24.2654 23.1102 19.3936 7.4641 12.8394 23.2825 23.5696 7.6032 9.536 
1.0028 31.7907 29.8295 27.2729 7.2798 12.2845 29.017 32.881 3.5653 16.3376 
7.1884 23.8393 33.6474 25.1446 2.1379 17.5682 28.2214 36.682 5.3526 11.9082 
22.4525 19.6621 4.6597 2.757 23.3133 26.651 10.0557 10.3568 25.6571 13.4514 
4.841 30.3177 27.3636 28.5603 2.0415 16.3129 27.3787 30.7108 2.3014 11.8509 
22.4667 18.0428 31.9446 30.8635 15.7583 26.3563 20.3583 36.6748 20.6196 10.9593 
23.3219 30.4641 11.0442 8.2247 23.1899 17.6482 17.0794 9.9193 23.1154 15.6285 
6.1668 27.0378 29.8439 22.0141 1.4866 17.8767 21.0942 34.6603 4.2218 8.6749 
25.6509 21.8623 4.3998 0.7185 26.3596 23.7324 12.7557 9.5495 24.4497 17.2777 
20.243 13.1853 27.329 22.9597 13.8637 31.1751 16.4976 31.9936 17.6248 9.1357 
27.6392 11.3232 27.3946 24.8448 17.1613 31.9917 16.498 38.4915 22.5348 13.0805 
28.6679 8.1562 12.9431 15.1127 23.7014 29.4945 4.7747 22.3974 21.4142 12.327 
17.3299 19.9407 15.1735 12.4416 12.8395 20.1404 13.3989 17.004 16.1395 5.1291 
11.4 23.4382 27.7783 21.4991 3.473 20.4918 20.6826 31.694 6.8885 7.3475 
37.2438 3.445 25.153 27.6297 28.9211 42.7203 14.3896 29.2618 37.1376 22.4667 
18.0212 12.6911 19.7516 16.7081 11.7624 26.6631 12.1434 28.4193 14.4969 3.8152 
34.9714 10.1378 14.5831 17.5588 33.1742 33.6554 6.3292 25.6107 36.253 19.535 
12.4134 22.9619 20.953 15.1148 12.2961 11.5566 20.4922 19.4559 12.3615 8.7715 
16.7815 21.9261 27.4366 23.3349 7.5833 27.1513 20.0727 31.8877 11.9925 9.579 
23.2419 27.0313 12.4775 9.0371 22.8359 17.3428 18.9322 7.9659 24.7262 20.5602 
25.6025 24.2226 2.058 3.3486 28.5902 26.6594 10.3744 8.6282 30.166 16.7611 
25.5351 8.8313 25.0238 21.9546 17.7275 31.8004 16.2175 36.4883 23.8198 13.6096 
33.0773 24.3451 6.2925 5.5462 32.0284 23.9925 17.814 4.2565 30.4551 22.2911 
13.4497 25.4214 32.646 31.5361 6.598 20.6574 28.9874 40.2759 9.3074 14.157 
28.9247 25.443 7.4931 4.7479 23.945 22.2928 17.9615 5.8283 29.0526 17.439 
30.2516 5.7392 13.8575 14.0112 20.8336 34.6201 5.6502 23.3182 28.4497 14.2382 
23.0582 11.1097 14.6836 12.608 19.3023 24.0978 6.3063 23.7083 21.6497 7.376 
12.9547 16.0147 20.3784 14.1254 10.8642 18.3854 15.6791 23.2884 14.2287 0.3779 
6.5159 30.6426 25.6432 19.7878 8.5116 8.2712 27.6655 24.8395 6.3767 10.8939 
19.8491 13.4608 15.9859 11.5241 15.1546 23.5369 11.3639 23.1317 16.1737 4.1849 
25.0172 29.1929 11.5127 4.8918 20.9609 20.3508 15.6381 11.439 19.6172 16.6159 
22.096 10.2932 16.5548 17.0548 17.5013 27.8864 8.4518 24.078 18.8063 6.8313 
11.9202 34.6965 20.34 17.3256 15.3673 6.1361 24.4887 20.5647 12.2132 14.5998 
30.9757 18.3131 3.8755 6.4415 29.4624 29.4843 5.5088 15.7338 29.3424 15.3887 
36.7682 4.9328 23.1604 25.623 29.9685 40.7518 11.7046 29.2966 32.8797 22.0273 
19.3876 15.4674 10.1004 7.9298 17.608 26.2622 7.3728 18.3059 21.0219 7.8319 
18.0008 19.0331 26.8068 26.4737 10.2672 26.3677 21.3901 37.8469 15.8847 10.7625 
15.5641 19.5041 25.5376 23.6303 10.9422 29.8943 19.7937 36.9267 16.7708 9.2804 
14.4909 32.2689 18.5969 13.433 16.7119 7.8074 25.0514 19.5507 14.5917 17.3975 
16.888 22.2377 13.6018 9.0807 12.4178 17.0424 13.3493 16.2642 15.6478 5.8221 
24.6464 11.8917 13.6232 13.4725 20.5631 27.6793 6.6974 21.9663 22.0954 8.8284 
7.6348 26.3608 26.3537 24.3961 1.5966 18.0266 28.1511 36.011 5.0746 11.7636 
12.119 22.1018 19.2604 15.3854 9.7956 16.5839 17.4468 26.5069 9.8702 2.9726 
7.6716 39.0493 30.4497 25.9274 14.8379 3.9076 30.0043 24.755 9.471 19.4573 
5.6434 30.3922 26.9955 20.1025 10.6452 5.9105 30.251 25.0539 8.0474 14.4114 
10.2717 32.8528 22.3273 19.7018 14.7187 5.3425 22.5189 23.7435 13.7562 15.6814 
29.6354 11.4562 9.6068 12.3033 25.879 38.0267 5.3574 17.0127 34.2353 21.1669 
24.674 26.886 13.4195 9.3074 23.9146 13.9375 21.962 9.0723 19.9388 18.9664 
15.8625 22.5249 27.9805 27.1891 10.2914 24.2568 22.0706 39.1918 14.0556 10.3572 
21.7449 10.5569 12.0017 12.8135 21.4365 27.6285 3.2511 19.6957 24.4314 9.6483 
28.1482 18.6329 2.4309 6.678 33.6065 27.4668 10.2359 10.152 32.3716 18.619 
7.3947 22.3751 26.2839 20.701 3.1884 16.9671 20.6349 31.4216 5.2718 8.0128 
35.8352 13.8792 11.5626 15.3237 32.0199 39.6194 5.5886 19.476 29.3865 21.6551 
21.0357 23.3181 8.5849 3.6367 21.2565 16.3551 14.0689 9.9686 24.0881 15.2384 
33.4304 5.1945 22.0088 23.9113 34.255 47.3299 13.1384 28.8572 31.1126 22.8648 
16.7964 19.0385 13.1885 10.3656 16.9527 21.2427 12.5613 20.0066 15.297 6.856 
1.3124 27.4064 29.4023 21.3179 5.6295 13.5836 27.7435 27.9866 1.2415 13.7508 
7.0555 27.2821 26.767 18.6986 11.5348 6.5179 22.3775 22.6103 6.9768 12.475 
17.2982 34.4097 14.9136 11.134 17.3682 10.7366 21.2211 13.421 20.3583 18.1359 
21.1017 14.0025 25.9745 20.7165 14.3517 31.2725 17.3204 32.4946 18.3013 7.802 
2.9957 34.0378 29.084 22.9241 10.3161 8.9833 31.0721 35.5634 4.7559 18.7238 
20.7046 8.8071 16.9078 18.3087 20.7769 32.5151 9.4604 27.4758 21.5258 9.8373 
21.7806 10.8995 16.97 16.6107 17.6864 24.4119 10.8101 24.2488 17.1169 5.6978 
22.2578 28.2923 14.4278 9.3737 24.8851 13.6005 23.9099 11.4512 21.0226 19.5693 
9.4862 32.5253 21.1352 19.463 14.6982 6.1509 23.7422 25.7312 11.053 13.8115 
13.7268 22.612 16.8051 11.4487 15.5169 14.3151 15.2604 20.1788 12.6141 8.4182 
10.8756 24.2676 19.2847 15.6403 12.2434 15.4078 20.0612 22.7296 10.1356 6.1125 
32.1926 23.5221 3.3482 7.964 33.2966 29.2679 10.5043 11.3313 30.0187 18.654 
37.584 1.9184 22.7021 22.5232 27.1134 38.3309 13.1295 33.1048 29.4369 20.6138 
7.0497 39.407 30.2944 28.5094 12.1835 6.6613 36.2087 34.2849 8.0695 18.3733 
29.1965 7.3242 19.8875 24.2054 18.4238 34.0255 14.5574 32.1022 23.9033 13.5411 
14.5308 16.4587 23.632 19.0044 10.3061 23.4109 16.4156 25.6915 14.018 4.7251 
25.1018 7.4854 18.3839 18.0795 18.9658 26.2699 7.8462 28.7152 23.4802 9.3464 
27.484 16.6542 4.451 7.3387 28.398 27.4128 6.4181 12.943 28.2912 18.2088 
17.715 21.2676 31.0368 31.2546 13.0491 32.3062 25.2536 41.1483 17.5578 12.7843 
25.7856 22.6834 5.4811 1.9075 25.6134 19.7641 15.2131 6.9322 24.16 16.27 
1.9496 31.5228 33.6077 24.9426 7.7635 9.083 28.6764 34.1628 4.8665 14.2958 
36.4209 13.2589 7.7468 10.6851 30.2384 35.9662 6.2489 16.5722 31.2707 19.1049 
23.4338 12.7203 30.4988 28.4429 19.4386 33.702 17.7502 39.0569 21.6459 12.492 
32.8726 28.7317 9.1841 7.0508 30.1639 20.1332 18.2745 3.2759 25.5562 19.6789 
8.6915 27.0444 33.5846 25.7382 4.4502 20.0934 25.0221 39.6119 6.7796 12.7988 
13.3132 23.9608 17.3748 11.8612 14.0706 13.9349 16.7009 16.5081 13.5783 7.5437 
EOF