I 100
J 10
bounds (0, 100)
cv 1.0
D 10
k 5
t 3
FLR 0.6
FCR 8
abounds (80, 120)

a 
103.0 107.0 102.0 
96.0 86.0 101.0 
81.0 111.0 115.0 
108.0 107.0 110.0 
102.0 93.0 128.0 
98.0 110.0 100.0 
123.0 93.0 99.0 
105.0 100.0 117.0 
93.0 110.0 84.0 
108.0 103.0 95.0 
120.0 100.0 115.0 
84.0 87.0 85.0 
87.0 100.0 103.0 
90.0 87.0 88.0 
103.0 93.0 96.0 
85.0 93.0 109.0 
108.0 98.0 97.0 
94.0 114.0 83.0 
84.0 83.0 98.0 
102.0 84.0 84.0 
114.0 103.0 85.0 
107.0 97.0 117.0 
108.0 103.0 95.0 
86.0 93.0 96.0 
101.0 101.0 94.0 
90.0 88.0 88.0 
119.0 118.0 115.0 
98.0 110.0 96.0 
127.0 119.0 85.0 
103.0 97.0 105.0 
98.0 100.0 89.0 
92.0 106.0 103.0 
93.0 118.0 86.0 
103.0 100.0 105.0 
101.0 84.0 88.0 
111.0 107.0 111.0 
110.0 108.0 111.0 
100.0 94.0 79.0 
110.0 96.0 111.0 
118.0 113.0 124.0 
115.0 100.0 100.0 
95.0 95.0 96.0 
106.0 94.0 126.0 
113.0 105.0 120.0 
95.0 109.0 84.0 
89.0 101.0 94.0 
92.0 90.0 84.0 
122.0 105.0 97.0 
87.0 77.0 107.0 
114.0 111.0 88.0 
99.0 106.0 78.0 
97.0 90.0 100.0 
116.0 85.0 115.0 
92.0 111.0 110.0 
84.0 106.0 120.0 
111.0 102.0 112.0 
106.0 117.0 88.0 
90.0 97.0 118.0 
114.0 101.0 106.0 
107.0 110.0 95.0 
105.0 102.0 103.0 
96.0 103.0 115.0 
90.0 97.0 100.0 
106.0 108.0 105.0 
95.0 110.0 88.0 
98.0 100.0 105.0 
89.0 85.0 89.0 
99.0 105.0 116.0 
102.0 109.0 108.0 
88.0 121.0 113.0 
105.0 95.0 100.0 
104.0 112.0 91.0 
103.0 125.0 89.0 
119.0 102.0 112.0 
95.0 94.0 101.0 
100.0 104.0 95.0 
91.0 94.0 114.0 
121.0 128.0 94.0 
105.0 88.0 103.0 
102.0 113.0 99.0 
98.0 87.0 108.0 
99.0 125.0 96.0 
114.0 85.0 92.0 
107.0 102.0 101.0 
108.0 114.0 104.0 
103.0 87.0 106.0 
98.0 102.0 97.0 
81.0 109.0 102.0 
108.0 106.0 89.0 
98.0 110.0 98.0 
86.0 109.0 107.0 
111.0 113.0 116.0 
123.0 89.0 100.0 
94.0 102.0 120.0 
85.0 98.0 112.0 
85.0 108.0 100.0 
101.0 124.0 101.0 
94.0 117.0 118.0 
81.0 102.0 100.0 
100.0 109.0 109.0 

Icoords
26.0546 66.475
38.0265 30.8701
80.5888 49.9297
66.9232 36.4673
42.8434 91.9356
86.8182 95.0134
7.3746 74.7324
8.1317 99.8454
28.1159 25.2756
75.7396 20.4135
12.4746 2.4989
31.4724 30.3625
40.299 7.0977
46.4903 27.4268
76.8246 26.6154
30.7504 99.2556
28.8835 91.2701
17.3466 23.2936
83.732 96.2367
14.4833 96.5558
63.9588 36.5997
27.2159 0.0118
10.9049 28.1164
99.4515 57.2756
84.5002 92.2619
97.4975 71.3426
47.2339 47.6468
35.1667 92.2596
37.4289 6.7865
46.6252 15.436
89.4495 48.7672
8.9686 89.89
21.2857 45.3017
13.8566 14.2932
90.5284 71.7936
29.6782 86.5525
17.611 55.9426
58.5473 54.7474
16.4748 0.4883
89.4418 11.4289
16.5287 90.7238
38.7386 71.1557
56.4397 35.0955
79.4288 86.6486
85.5488 37.4754
7.8743 88.7866
37.3012 92.7842
85.6808 68.1936
38.5689 1.8661
34.5972 46.3648
47.4915 84.8412
23.9735 90.1369
52.8929 52.7058
31.1768 9.7649
11.4114 6.6897
3.1586 56.7934
13.0856 64.8823
46.0444 55.6905
15.5742 93.3402
40.7399 94.326
2.9716 66.0633
74.4799 25.216
77.6617 8.9275
14.869 39.2566
43.1298 51.3435
47.6301 50.9301
59.7052 49.6695
80.1572 32.9266
17.1829 54.1729
85.3256 62.6014
90.2829 58.7925
69.8078 84.9689
79.998 79.8771
45.0698 25.5842
26.3408 15.3794
57.2163 91.7634
74.9938 65.3323
48.1873 97.7018
47.2763 69.1516
89.1551 24.7934
47.0238 73.6698
27.0256 11.3007
2.1938 32.0786
21.3117 62.3716
49.2948 76.8709
92.6834 5.5296
37.454 75.1648
42.3123 52.3588
92.1227 74.0624
35.0697 49.1034
21.1579 86.4546
4.0008 11.7869
92.0927 0.5649
45.2514 82.5624
30.1189 35.7128
90.9799 26.1221
10.9032 20.5156
29.2829 49.005
52.1612 5.2043
91.1553 93.0494

Jcoords
25.0559 40.6573
73.8901 21.6176
40.67 47.001
39.1961 98.936
97.3757 95.8394
33.5193 42.7521
88.9762 6.9057
77.8763 33.561
32.0061 29.1968
91.2056 63.5638

C
8.9086 20.1323 7.8329 12.8384 30.0651 8.013 27.5276 19.424 11.3666 23.3408 
6.1177 14.3263 5.1049 24.2759 33.3946 3.8734 21.8235 12.5054 2.1845 20.9062 
19.2777 10.7734 14.7136 20.3991 18.3603 17.2647 15.7495 5.7922 17.8168 6.2278 
15.177 5.6524 8.9332 26.5933 22.38 12.301 11.3188 3.9504 12.7684 13.1786 
18.5243 26.4883 16.0559 2.8622 20.8956 19.1878 29.9792 23.5081 23.8054 17.7294 
27.9241 24.1463 26.5313 14.6074 3.9818 24.3943 33.2001 22.1944 27.2715 12.1111 
14.0812 27.3577 16.9036 12.8857 35.8402 13.0737 33.4883 27.0891 18.2751 30.7926 
21.9647 33.1009 19.5857 9.9915 29.239 19.926 38.876 37.5732 26.056 32.444 
6.245 15.2363 8.9026 27.4343 37.5624 6.0586 20.947 16.531 1.9647 23.5345 
17.8358 0.851 15.852 28.4079 29.4882 14.965 6.466 5.0709 16.5313 15.7317 
12.4113 23.0789 19.6505 37.2363 43.5942 17.1879 26.8199 25.0588 11.4191 39.0178 
4.6727 14.8509 7.3974 26.6091 36.3519 4.0548 19.1653 18.3777 0.5 26.229 
13.2361 13.4267 12.3426 29.9506 36.2646 13.4358 14.8029 17.5385 7.3361 24.4195 
8.3098 8.5371 7.0331 27.2714 30.3106 8.029 16.8913 12.3186 4.7467 17.9778 
17.3309 1.7891 14.6598 31.664 25.0425 14.026 7.8309 2.4032 16.736 12.6122 
22.9315 30.6956 21.1581 2.6006 23.9232 21.9384 35.2301 30.553 23.5015 27.4502 
20.0694 28.8424 16.0248 4.2622 24.6296 16.04 31.1564 24.3909 21.8215 21.0952 
6.3967 20.4834 12.4946 24.4708 33.0746 9.3946 22.6393 22.2309 5.4632 31.067 
30.9785 23.1893 24.1625 16.8922 5.2865 24.312 30.1564 19.854 26.7744 11.2181 
18.3469 32.3991 16.9602 8.3395 24.935 20.2605 45.5052 30.7254 25.634 30.0154 
11.8046 5.8364 9.5469 25.428 25.8457 10.9283 12.4987 4.6283 10.0726 13.0295 
12.5161 18.0682 18.9253 33.302 41.0217 16.754 20.3832 21.692 9.5765 33.0442 
5.8067 22.0479 13.3282 28.7048 36.6957 9.5115 30.1357 25.2173 7.0824 30.0108 
25.2547 16.9615 22.4548 26.5989 11.6631 25.0068 15.5217 9.6438 24.3571 4.036 
30.4091 23.8241 24.553 14.6538 5.3293 22.6912 32.044 19.0571 32.5426 9.4779 
25.128 19.4967 20.3083 20.2406 8.5862 23.3913 25.4012 16.4459 27.1803 3.8399 
8.6735 14.1129 2.1746 18.1236 27.8047 5.6981 22.9349 12.2455 8.0332 16.9893 
19.682 31.2328 16.7961 2.7987 23.9589 16.3465 32.3787 26.0461 20.1107 21.5697 
13.9011 13.5249 12.7329 27.7513 37.5833 13.5412 16.8766 15.6773 7.233 28.1763 
12.5512 11.1241 9.8935 29.1309 32.7267 11.1191 15.302 12.7672 7.1393 20.6911 
21.0219 10.5173 17.7771 23.2342 17.5951 18.479 13.2751 6.7571 22.1442 5.1987 
16.683 28.9796 17.3973 11.119 31.234 17.1137 44.5756 29.3704 20.0792 32.7605 
2.1236 20.3358 6.6023 20.9502 34.1992 3.7714 26.9031 18.772 7.0461 27.6271 
10.4924 23.8951 13.83 28.132 35.345 11.5153 28.653 23.9613 7.8039 34.8218 
21.8367 18.0103 19.6448 19.3536 9.2206 23.3463 24.2361 15.0375 24.4728 2.5532 
15.8724 24.1799 15.6443 4.7012 23.9844 14.0084 36.6902 26.8262 20.7397 24.9788 
6.6461 25.5772 8.4583 15.5773 29.1103 6.4394 32.3495 20.3598 10.8403 29.0034 
13.3348 14.4178 5.884 15.789 20.9292 8.8702 17.4632 10.0232 12.7691 10.8755 
15.5675 20.3484 17.3279 34.4633 48.2557 15.4715 24.1428 21.2504 12.7069 32.3691 
22.2806 5.7115 23.5911 33.4707 33.4213 22.1007 1.4546 8.6278 19.4011 18.0542 
15.7289 30.2932 15.7376 9.5014 26.9354 20.204 40.2163 29.5326 19.8008 24.3791 
13.1836 22.4322 8.6362 10.0051 22.369 10.8932 30.4134 19.9276 14.3805 17.3354 
10.8399 6.714 6.0127 20.308 27.0732 8.5304 14.426 7.0234 7.7442 14.5094 
22.269 20.2065 21.1524 14.0462 6.3857 24.2958 27.4026 18.5355 27.4517 7.9793 
21.117 6.7215 15.7593 28.9908 22.5338 20.7774 10.4065 2.8415 19.0168 9.8583 
15.8781 32.0116 17.3539 10.5657 35.2203 21.0783 44.8544 31.02 22.9646 29.4802 
18.7464 31.5765 15.2044 2.5529 19.4772 15.4639 37.3947 25.6073 22.5113 19.118 
24.863 16.7053 16.9699 21.317 10.7914 21.5079 23.3476 11.0231 22.1992 2.5128 
15.2192 12.5979 17.7482 34.0819 43.5113 15.2015 16.3931 18.8746 10.9592 29.4556 
4.0325 15.8442 2.3374 18.428 29.838 1.3478 21.1773 15.07 6.1046 23.6181 
18.2308 24.2127 14.6072 6.1837 17.557 16.2534 33.1966 20.3674 18.7948 16.6855 
18.3366 31.3323 15.2316 6.6129 24.524 16.0527 33.1288 27.0453 20.2965 22.5265 
9.209 13.7342 4.5538 16.7601 20.2676 8.3138 18.8622 9.7605 11.0632 12.8544 
10.9438 15.5943 14.7791 35.5886 42.3163 10.5164 20.1967 19.6391 6.008 29.1643 
11.3551 24.1532 18.7386 29.6342 37.3887 15.5155 23.8202 28.4041 9.7228 37.7159 
10.3117 30.2474 11.7081 19.5239 34.8491 12.8717 34.5043 29.3032 12.244 27.278 
10.6652 24.6265 13.0868 13.397 35.1368 10.4791 29.5197 22.3521 16.0433 30.5102 
9.5368 14.2397 3.5454 15.399 24.1251 6.2505 21.7376 13.8442 9.2198 14.7842 
19.9664 32.6678 19.8041 9.1228 25.6567 16.3982 37.2734 26.585 20.0035 24.6365 
18.0768 25.1234 18.5372 1.7264 17.5407 20.0184 32.8191 27.973 23.4987 22.8313 
10.6509 30.3227 15.6471 16.93 39.3282 14.2676 39.1552 29.3867 18.0622 32.5449 
16.9113 1.2941 14.0812 32.0377 28.019 14.5967 7.9263 3.121 12.8108 15.9063 
22.1408 4.5647 16.435 38.9086 34.1685 20.9656 4.2377 9.3143 18.2378 18.6601 
3.927 20.4822 9.5577 19.4308 30.8938 6.0265 27.2339 21.4782 6.3887 28.4722 
7.8213 14.1676 1.5551 16.3035 24.8439 4.0026 24.0453 12.225 7.4969 17.7188 
8.006 13.1996 3.0739 15.3583 25.5005 6.3117 19.2602 12.5633 9.0765 15.7615 
14.2385 10.1533 7.4175 21.2125 18.9669 8.4692 16.0286 8.9095 12.4893 12.656 
20.1253 4.1103 16.567 26.9414 22.5358 18.7882 8.2782 0.8954 18.5695 10.8095 
5.412 21.7806 9.6806 17.9479 32.4253 7.3033 27.9186 20.7869 11.2137 24.0637 
19.7745 14.888 14.6069 22.6545 13.8733 17.4869 17.7771 11.4166 23.859 2.3273 
25.4489 14.9148 19.9288 23.9942 14.8767 19.377 18.6956 9.1886 24.8699 1.4652 
20.2034 23.2474 15.4683 11.1003 11.5986 20.3194 25.8268 16.3345 25.8251 9.8759 
23.2215 23.2441 18.5149 14.8296 7.3431 18.1847 24.571 14.9573 26.1323 7.2202 
7.8121 10.0018 8.0307 23.0768 34.3784 7.9974 18.0265 13.2922 4.5311 20.1144 
9.8939 18.19 13.6228 29.3099 33.0577 10.1421 19.1514 21.7994 5.8361 26.3823 
18.4531 26.8862 18.8314 6.0261 14.4106 18.3788 33.1076 18.7196 22.739 17.6304 
19.2615 15.4974 12.2457 14.8671 13.2126 16.4005 21.6575 9.9693 18.6557 5.0555 
23.5267 31.77 17.9137 3.0412 17.7943 19.9854 34.9575 21.3096 24.6788 16.9532 
12.6108 19.2468 7.5585 9.4033 21.4683 11.3122 28.4108 17.2258 15.608 13.8164 
25.1982 5.8298 20.8303 32.2926 22.4072 18.7781 5.9802 5.0729 19.878 15.2387 
13.7043 20.2441 8.9703 10.4005 18.7716 12.581 27.448 19.0214 17.0768 15.9854 
10.3303 16.1187 11.8326 33.161 38.9774 11.1021 21.5198 17.5022 7.0051 29.8212 
9.5794 23.2147 15.1662 23.696 41.3922 10.3485 28.2916 25.3812 10.5638 35.3305 
7.4389 24.8266 9.6352 14.5476 32.127 8.7693 32.7397 21.9638 10.9936 26.3818 
15.0427 20.9261 9.5012 7.7895 18.7625 13.6336 30.533 20.4034 15.8932 14.788 
24.668 7.8249 23.5557 43.0116 33.9661 25.2127 1.5201 12.2147 24.1566 21.0616 
12.9215 19.8255 9.2779 8.0372 20.3603 11.5649 30.9415 18.1331 14.7757 19.0428 
7.0868 17.302 2.0493 14.6953 21.1044 4.2547 21.7575 15.1211 8.2316 19.2818 
24.5082 17.3178 22.6204 21.4096 7.7353 23.2285 21.7154 13.434 28.1898 4.1353 
5.1195 14.6122 2.2911 18.1962 24.9003 2.0333 24.337 17.6835 7.6838 18.1499 
13.8808 29.1588 15.7397 7.5195 26.1251 14.1066 39.8797 30.9365 19.4643 26.839 
10.8198 27.631 20.1071 28.2151 44.8259 14.8064 28.037 24.4608 11.1623 37.5549 
30.9398 8.4133 21.4649 34.7136 32.6912 27.4951 2.5181 11.5797 20.1676 20.6153 
15.6206 21.7368 13.1804 5.6108 16.696 14.1442 31.9035 22.3878 17.4742 15.3158 
2.2405 15.3819 5.5934 22.5722 30.2941 2.7158 22.5616 17.1289 2.6185 21.826 
20.2995 5.8093 19.9361 34.2747 27.766 20.6733 7.0559 5.5344 22.783 12.2062 
8.611 23.4851 15.5431 27.7532 39.4953 11.9255 27.698 25.2185 8.5456 34.1674 
3.4536 17.2159 3.8883 19.5732 29.4627 2.6775 26.1941 17.7848 7.7899 22.1621 
17.2619 9.1797 16.4244 29.5511 40.0185 13.6159 13.9604 13.088 11.8007 25.1374 
31.9414 25.383 21.1145 19.8917 2.2232 30.1397 29.4792 22.2659 26.3206 9.9927 
8.7872 25.8638 8.4489 11.7493 25.3679 9.2167 26.5485 24.0897 13.0503 23.856 
5.1217 13.8077 5.7555 26.5904 35.1457 4.6016 17.5388 13.0845 2.1601 24.7391 
22.2955 10.433 15.298 25.1268 18.4874 17.1361 14.5572 5.8155 20.5318 5.5055 
14.7941 5.4146 10.5145 23.6134 24.5286 10.4417 13.5649 3.854 13.4247 11.1701 
19.3548 28.5253 17.8329 2.8827 17.8504 19.7585 29.186 25.1488 19.1704 17.4714 
30.0057 28.0589 24.7066 18.7024 3.4904 24.1479 27.5067 19.4931 25.8668 12.3048 
13.6282 29.7411 14.3774 13.1895 30.0347 13.1935 33.032 28.7628 15.935 29.7692 
20.8751 32.2731 21.1372 9.7522 31.8922 22.4065 41.9309 35.7739 28.2037 32.7885 
5.475 14.148 8.6165 27.777 30.1765 6.5049 23.5281 15.6331 1.8564 22.708 
19.8769 0.7166 17.2206 26.4505 27.9345 16.1496 5.9592 4.8765 13.5872 16.0709 
13.5524 22.6672 18.2175 35.6052 42.345 17.7011 27.8238 25.9783 10.6318 32.1528 
4.5138 13.2658 6.578 26.1882 32.2085 4.3273 21.9227 17.0846 0.4207 23.4612 
12.6464 11.5237 13.2325 33.753 38.1216 11.3779 16.453 15.3462 7.7279 25.423 
9.9395 10.1252 7.9908 23.5264 30.3703 6.4429 17.2357 10.6461 4.6869 21.9332 
17.6366 2.1044 13.9584 27.4329 27.8731 14.7099 8.5209 2.5549 17.7416 14.6818 
21.0476 34.3727 19.3976 2.7764 24.1901 21.9384 37.2498 25.0714 21.6727 26.5866 
16.5621 26.1389 15.5484 4.6747 24.0667 18.4867 36.1696 22.9677 20.0999 21.8728 
5.9654 18.8712 12.6676 24.3054 33.8739 9.2175 27.3714 20.8802 5.2689 33.2626 
29.2085 29.3159 25.2941 15.286 5.2646 26.4102 31.5971 20.5528 26.1562 12.3208 
18.4436 32.839 17.8738 8.3419 25.8385 21.5503 35.6209 31.7711 24.583 29.9736 
14.5817 5.8508 9.9907 24.7639 23.642 12.3009 12.0444 5.4873 13.1 12.9375 
12.8906 17.7905 14.8245 38.9321 41.3067 15.1641 21.6634 19.8753 10.8394 28.084 
7.1473 21.8073 12.8946 24.2588 43.8239 9.323 27.6602 25.9497 8.4114 29.0365 
27.2443 15.7418 21.8104 23.0753 12.6904 21.7324 17.662 12.4907 22.0778 3.1577 
29.74 27.0245 19.2858 16.1879 4.748 27.7936 32.3859 22.0639 27.3404 10.8306 
30.7453 20.3609 24.339 21.7306 9.0198 21.5273 20.4093 16.0712 30.6382 3.2916 
9.1106 13.0026 2.5004 19.4942 26.8311 4.4268 20.0476 10.7819 9.1886 15.4134 
17.3683 24.9976 16.0301 2.8362 24.2767 17.5849 32.7218 28.8337 24.8337 22.8289 
13.6559 12.3952 14.8348 30.2029 42.2423 11.7975 19.6447 19.0145 7.263 27.5272 
12.4549 8.9434 10.5071 26.4483 32.4035 11.9554 15.4618 13.4934 7.1273 25.1127 
20.3209 9.5816 15.7173 26.5929 18.7359 17.7815 14.9037 6.6883 23.9405 5.6011 
18.8221 29.8652 20.448 11.16 31.6062 17.3103 37.9245 29.3348 24.9351 26.2412 
1.925 20.5377 6.3357 17.9985 30.3445 4.3413 27.6112 22.5808 7.6439 26.4636 
10.5611 23.5625 15.1031 31.251 36.5006 12.6879 22.8484 21.2402 8.1209 31.6762 
25.7662 20.6429 21.382 18.4129 8.5581 24.306 23.1002 14.0911 26.97 2.5863 
17.3393 26.9687 15.8455 6.1709 26.9363 13.406 35.5384 27.0554 22.4273 20.9328 
5.2995 20.3761 9.0766 16.27 35.0591 6.4042 34.2199 24.082 9.674 28.4411 
12.6408 13.213 7.1465 18.09 20.7313 8.6732 18.4611 9.5615 12.9718 12.4823 
12.9141 21.4313 18.3083 40.0607 46.555 14.9337 28.0149 25.679 12.1194 29.8754 
23.1927 6.4905 23.5367 31.1902 27.3932 25.5812 1.3755 8.7551 20.3691 18.555 
19.0555 31.8649 19.5884 7.6788 26.7977 15.4558 43.9166 28.5683 24.3751 27.2875 
12.5652 23.0639 9.0167 11.0581 23.8069 9.8854 25.5362 20.8773 12.9654 19.6521 
11.42 8.6169 7.8484 24.4344 26.0184 7.3608 13.2464 7.694 9.9863 15.4215 
25.3384 21.2051 21.2245 14.3449 7.3072 19.2651 27.3383 20.5696 27.1537 9.7416 
19.2997 7.1801 15.7731 25.927 20.0922 18.6175 11.0463 3.2369 21.2977 9.1189 
18.0142 31.6443 20.201 12.0934 28.9447 15.8983 42.4803 31.6798 25.4977 33.3284 
19.6888 31.4164 17.7247 2.0663 22.7555 15.1177 32.4234 27.7036 22.1795 22.4535 
20.9145 16.4122 16.9599 20.5257 9.8998 22.953 21.6904 13.2881 24.0038 2.3542 
13.4447 15.544 16.7451 34.6061 37.6691 13.1953 15.6839 19.3341 10.605 29.9908 
3.8691 18.231 2.0638 15.8369 24.9703 1.456 23.9387 17.3447 5.9345 19.66 
15.2824 21.9106 13.8497 5.0536 17.0768 16.5062 27.3519 20.9933 18.8987 16.209 
16.5351 31.9851 17.1188 6.2647 23.7509 18.4163 37.8917 27.4829 23.167 28.3605 
10.7893 13.3703 4.1329 15.627 22.0955 8.0241 17.9876 11.4255 10.1984 15.7415 
10.5344 13.8346 13.4341 27.5576 35.3016 12.2658 18.0728 18.5489 6.961 31.6148 
11.5564 24.4616 18.7586 35.7421 47.7669 14.6822 23.6961 26.7409 10.0339 38.6271 
9.1285 29.9867 14.3056 17.245 35.7874 10.8647 36.6385 30.1014 15.2501 34.4309 
10.6922 25.9698 11.8902 13.7747 32.9548 11.9219 31.9073 25.2811 16.0757 29.7367 
9.8621 17.0955 3.9633 17.3999 25.8455 7.0212 24.402 14.8987 9.1779 17.0992 
19.6131 36.4577 16.6843 7.3361 27.4245 17.4288 39.2919 27.6815 20.2021 31.5618 
20.9508 25.5309 14.6235 1.7405 21.127 19.1799 30.313 24.1559 20.995 21.6433 
12.1253 28.155 13.3237 15.712 33.6561 12.4424 32.6206 27.0188 17.7572 31.521 
19.7075 1.1089 16.0722 24.7556 28.4125 17.3592 7.478 3.3922 13.4123 13.2371 
18.9463 5.2942 17.4383 36.0406 33.8922 18.5353 3.9573 9.2822 17.8431 22.2064 
3.4756 19.9093 9.5038 22.7756 31.0939 7.5369 26.215 21.6237 7.7022 26.3412 
6.9436 14.9761 1.8725 18.653 21.5463 4.0335 22.1809 14.4498 9.6085 18.6613 
8.6012 15.2815 3.1594 16.8888 23.1079 4.9711 18.9824 10.6484 9.9384 14.4458 
11.6751 10.9046 7.158 19.1954 22.4408 9.2709 17.8372 8.9824 10.4709 12.112 
18.8234 5.0994 13.184 27.2832 21.9552 15.2231 10.9212 0.9439 16.8551 12.35 
5.9563 25.7562 9.575 19.3596 27.5452 6.1791 26.698 24.1905 9.3056 26.914 
20.929 16.3857 14.219 21.1806 12.7419 20.2275 20.5232 9.5458 22.3678 2.3791 
25.3406 12.8062 16.2878 20.4987 14.2619 18.038 18.0572 10.6872 23.2228 1.8943 
21.3685 22.1491 16.057 10.498 10.5674 18.9945 32.0323 18.8999 23.0088 9.2463 
22.0739 20.4909 19.3709 17.5091 8.95 22.1048 24.2842 16.5522 27.7795 6.4859 
9.0198 8.9458 6.5877 25.5493 26.8896 7.3435 16.4233 12.5022 5.2874 23.7237 
9.1928 18.0318 13.3173 27.6868 33.6802 8.648 24.3659 20.9468 4.5637 25.243 
18.133 25.0981 16.5884 7.0036 13.6961 16.8926 34.666 23.6419 23.5822 14.5875 
20.9159 16.4157 13.2301 17.5135 13.4397 15.1302 21.1649 10.3713 17.0327 5.1305 
21.9693 28.646 20.01 3.0966 19.1529 17.9323 34.0915 21.4651 24.721 18.5952 
10.8836 21.1808 8.6519 9.4435 20.9858 9.2462 28.1785 18.5682 13.7217 13.9005 
26.2614 5.387 19.8811 26.9463 23.7732 17.6498 6.7225 5.3871 20.8696 14.9785 
14.6124 22.1244 10.2917 8.2554 21.4839 11.4238 30.7676 19.659 15.9972 15.0427 
10.6186 17.7599 11.9511 34.9128 37.1847 10.2639 23.7122 18.5735 6.7877 26.2457 
7.77 25.6202 14.9475 25.7668 42.2399 12.3573 33.5505 30.0896 11.1149 34.0087 
8.7918 22.1856 7.5465 13.5829 27.5315 8.656 27.0615 19.5325 13.5729 27.1298 
16.9078 20.533 12.0568 8.6388 17.6305 11.5775 29.7367 19.5524 18.8142 16.5161 
26.5427 8.0154 24.048 33.7548 35.8833 22.3398 1.5422 12.0974 21.1346 20.574 
13.3029 22.1895 10.6527 8.7474 23.2888 11.4277 31.1639 21.5323 17.6364 18.108 
7.9333 17.183 2.1917 15.6756 22.4865 4.4475 20.7804 13.8861 9.6513 18.8906 
27.3479 18.0341 23.0274 22.8774 7.7263 23.388 20.9893 14.868 25.8344 4.1185 
4.3532 14.284 2.2265 16.7161 30.4302 2.3896 22.6871 17.5424 7.3132 18.1905 
17.6406 31.7245 14.3489 8.0152 25.4417 15.6553 38.8344 29.874 18.0132 28.2097 
13.5569 24.7303 19.4665 36.674 41.8359 14.1134 33.2972 30.3603 10.8424 37.6361 
29.5963 8.8669 25.9131 34.6913 29.0461 23.5394 2.5435 12.0001 22.0113 24.049 
17.5697 20.316 12.5135 6.1956 17.3469 12.509 30.5491 20.7159 21.5925 18.4585 
2.6241 14.4484 4.8749 20.4772 29.5273 2.3875 20.4516 18.6108 2.2617 24.874 
21.3998 7.0305 18.7105 28.5295 21.1991 18.7831 6.3217 5.0417 20.3736 13.7713 
7.71 19.4848 14.7661 29.0788 35.5274 11.5925 26.2636 21.377 7.8656 36.3359 
3.6623 19.1055 4.2271 19.6852 31.1404 2.7659 28.2248 19.2074 7.132 23.4534 
15.0886 9.727 17.2133 36.9507 34.9542 13.8046 13.9457 13.2028 9.4318 22.7921 
25.6662 27.3084 21.5655 19.3531 2.6792 27.3322 33.4689 22.1867 26.1291 9.0757 
9.1463 25.0047 8.9261 10.6041 24.0413 8.9506 32.7178 21.7384 14.7566 22.5843 
5.7879 13.4559 6.2949 25.3447 26.9884 4.2572 18.3721 13.8394 2.3176 19.8949 
20.0716 11.2389 12.9564 23.0035 18.6536 14.4507 15.7758 5.0257 20.9755 5.7007 
14.8866 6.5595 10.7012 23.6681 20.1313 13.5416 14.4242 4.0116 12.7863 12.1744 
17.949 23.0985 16.1414 2.4936 17.6864 19.8286 31.469 26.5717 23.6972 18.8115 
31.2891 22.6707 21.6233 18.1147 4.1967 25.9768 35.0686 19.4744 30.8174 11.4633 
12.5994 26.6853 14.6677 12.9136 35.7754 16.2668 34.1249 25.1624 20.1595 27.1052 
21.3183 35.8908 21.6957 9.9324 30.8649 24.2186 44.4069 29.6737 27.7861 34.7828 
4.9715 15.0067 9.6503 27.4045 33.0834 7.2348 23.8205 19.7494 1.9343 29.1285 
19.0801 0.8391 13.7175 28.3126 29.9354 15.5668 7.0372 4.0626 17.7044 15.9609 
12.7367 23.6257 20.8095 37.4064 42.4081 16.7019 23.8927 26.5213 11.2735 33.2189 
4.2664 13.5733 7.4943 24.4492 35.3393 4.095 22.1339 17.1311 0.4794 21.1376 
12.9044 14.294 12.9891 28.0219 38.723 11.3417 15.5768 17.5707 8.4927 25.6815 
7.7053 10.3969 7.7029 27.257 28.5201 6.8726 14.7964 12.5617 5.6193 17.926 
17.3952 2.218 15.9673 28.7943 24.0965 17.1501 7.6642 2.2774 17.7731 14.888 
23.3554 30.8466 20.9188 2.6428 26.1514 18.2838 42.3155 25.6697 21.0421 27.2115 
19.9324 25.8072 17.4358 4.9664 22.4399 18.0822 32.1197 26.1168 21.4486 23.8575 
5.9502 17.6719 11.7131 25.5022 38.281 7.6614 25.1891 24.5454 5.3589 25.885 
30.8411 29.6621 19.9239 14.9335 4.8729 25.6912 33.5836 21.5285 26.986 12.5923 
19.9455 31.3854 18.5576 9.6578 32.2629 21.9042 43.9549 35.5604 22.5716 32.8549 
15.3014 5.7483 9.9728 26.2731 21.8192 11.2636 11.7532 5.1896 12.9327 15.088 
15.6299 18.742 18.0455 37.0488 41.1167 16.296 21.3961 23.5574 10.0143 36.0113 
6.3305 20.1673 13.6983 27.0804 36.2344 8.7465 31.778 21.0043 7.9423 31.1519 
25.2623 14.9038 19.334 24.3207 14.297 24.2574 17.0446 10.6537 22.3481 3.9727 
24.5052 24.7599 21.113 15.1621 5.0861 25.9317 28.3259 22.9264 26.5937 11.6146 
27.1263 19.1279 19.4799 23.6011 7.3736 27.722 25.5247 14.0235 26.9233 3.9129 
8.0224 14.0346 2.2379 15.7459 27.2136 4.5957 19.2077 10.9842 8.5547 16.358 
20.3971 24.9895 14.4846 2.4603 19.6719 14.9298 37.9988 28.6667 18.9742 19.3284 
13.0898 12.2771 15.9685 31.2905 38.6246 13.8958 17.8869 18.7041 7.5328 29.0991 
13.0855 9.3432 12.4504 27.5129 34.9421 10.083 16.7795 12.2976 6.8161 24.7256 
23.1961 10.4766 14.8143 23.0567 17.218 18.0909 16.7331 6.2793 22.4779 5.8782 
19.9926 37.3834 20.912 11.0906 32.758 18.4211 36.9677 26.8784 19.9883 33.0281 
2.1918 22.7472 7.1102 19.6722 28.0335 4.0889 28.8642 19.847 7.4485 28.4003 
9.7562 23.0484 14.9889 32.753 37.1192 12.8609 26.6678 23.7006 8.0787 28.7873 
25.8169 19.6121 18.7204 22.0711 9.7607 25.093 22.7887 14.4334 26.9266 2.9587 
13.8705 24.5334 15.6936 5.4446 23.5129 14.4393 38.0406 25.4867 21.8935 20.9197 
5.8453 23.2305 9.1558 15.255 32.33 7.3611 27.1889 22.1534 9.9382 28.0489 
14.0724 13.2897 7.6239 19.132 19.595 9.997 17.6276 9.7852 13.3512 10.6455 
14.6885 18.3968 18.8274 31.4019 39.3398 15.3211 28.7064 24.4725 10.4548 29.5918 
27.4424 7.1282 21.4239 32.6231 28.843 23.1327 1.4196 8.393 20.345 18.0386 
16.0438 30.8321 19.029 9.2603 31.0587 16.3922 35.0314 28.5515 21.8247 24.546 
10.0549 23.9994 8.818 8.9548 24.952 9.8998 25.006 21.6262 14.6015 18.4222 
11.6495 7.4438 6.5996 21.8488 25.4764 7.4768 15.584 8.0335 9.6822 14.9183 
28.009 21.0354 18.1639 13.2007 6.8596 19.7669 25.7803 17.468 23.7716 8.1918 
21.1291 6.8239 17.232 27.6129 23.04 20.8506 10.0097 3.1482 18.1499 8.4088 
18.3924 32.5107 18.1878 11.2011 34.3225 18.4224 43.0335 28.8623 24.5012 30.0374 
16.9633 28.9758 17.6467 2.0309 20.3134 19.3273 39.9304 22.8578 20.3865 18.8175 
26.0682 14.4952 17.9649 22.0025 10.4342 20.8811 24.0841 13.1248 24.8995 2.7016 
14.7715 14.771 16.2752 34.8294 40.9172 14.9956 18.4803 15.8399 10.0232 31.11 
4.3772 14.5997 2.3014 16.8712 25.0662 1.5077 20.8145 14.745 5.8702 23.1388 
18.2407 27.1588 12.8616 5.1288 18.8647 14.7855 29.0117 19.9442 20.1752 16.3695 
18.876 33.4432 13.9365 5.7021 28.7794 14.8442 31.8404 27.2016 21.7963 22.0204 
9.394 13.3065 4.7723 16.4418 19.4621 7.7475 19.9408 11.479 10.2896 13.7504 
10.2887 13.706 14.7753 30.2346 43.1633 10.685 20.9374 16.1117 7.2703 27.802 
14.3494 24.4038 17.4336 33.8057 40.5716 14.0773 30.1185 27.465 9.8509 38.2842 
8.9435 24.0857 14.1621 19.6903 36.4911 10.7108 36.3308 23.693 14.7032 30.0685 
9.6438 23.6937 11.2656 13.9377 29.6863 11.4069 34.6386 21.87 14.9003 30.4399 
9.924 13.3288 3.8836 15.1188 26.0541 6.499 19.892 15.391 11.5285 14.147 
16.653 34.6367 19.5775 7.8046 29.9042 19.6134 41.6279 32.1455 20.957 32.4802 
19.7934 26.4499 14.7276 1.8134 17.7617 16.5344 37.3421 26.5843 23.1833 21.0168 
12.2095 30.2139 15.5711 16.8371 34.7351 12.3848 35.2824 30.1787 16.34 31.2915 
19.4589 1.3492 15.0063 29.7002 22.5844 17.6399 7.0926 3.4084 16.3601 14.6679 
21.5449 5.0651 18.7919 31.0486 31.9672 17.2507 3.6332 7.9865 17.7332 20.6584 
3.9773 19.9401 10.2796 25.4373 33.2249 5.7229 27.3794 24.9261 6.957 27.8633 
7.3719 13.2864 1.918 18.5862 21.2587 4.7992 23.7899 15.2032 8.632 16.3596 
7.7282 14.0025 2.4241 16.0358 21.2381 6.4911 20.7037 11.2204 9.3014 15.7797 
12.119 11.4924 6.8236 20.1506 18.8596 8.6047 17.6351 7.6832 11.3905 12.0913 
17.1374 3.9797 16.2316 29.1243 22.1183 17.7635 8.5447 0.7612 16.5894 12.8124 
5.2274 19.9106 8.1777 19.8784 33.2025 7.112 29.1907 24.6905 11.2747 23.1011 
22.4812 16.1985 18.2634 22.6075 11.0095 20.6769 21.8907 9.6657 23.6891 1.9126 
20.5812 12.2496 20.1889 24.0331 14.5221 23.5651 18.3011 8.4519 24.602 1.4671 
20.1152 20.3335 16.6552 12.5909 10.4577 21.7167 26.8959 17.9216 20.8663 10.2118 
25.8744 22.342 20.0219 14.046 7.7443 21.0757 23.7402 17.1828 26.2021 7.4775 
8.7943 8.8236 8.2887 24.8208 32.9332 7.2835 18.0837 11.5602 5.1465 19.0925 
7.9905 14.6412 12.9667 32.9282 34.775 9.811 24.2332 20.0998 5.742 30.8103 
19.9627 24.2473 15.0613 6.125 12.2671 19.228 32.5458 20.8689 26.4288 15.7976 
19.3172 14.4348 11.9227 17.7148 13.0197 17.0947 20.1136 9.5865 18.1896 4.9283 
21.7477 28.2926 18.9285 3.3443 17.2824 22.2206 32.6482 24.575 22.4615 20.8578 
13.955 18.713 7.6302 10.86 19.6632 11.6605 22.6792 14.1514 12.8876 17.0934 
25.1916 5.256 18.4518 30.7638 24.8532 19.1231 5.5759 5.4 19.9239 14.3146 
11.9199 20.66 9.8969 10.2048 20.9227 12.5675 30.3576 19.4414 14.3637 14.7209 
11.6308 18.0094 14.6111 33.9307 41.804 10.9929 18.9052 19.7781 5.8701 28.6708 
7.9629 28.1924 12.6406 26.4086 42.3087 11.6491 28.5085 25.4569 10.0936 31.6672 
7.0423 25.4053 8.0137 15.1052 30.1408 7.3204 30.5962 19.1771 10.767 22.0687 
13.8139 18.7489 10.3157 7.4619 19.9823 13.4946 30.0826 16.3923 18.2564 17.0394 
23.6621 8.8442 24.3407 41.2356 29.0376 27.6032 1.3904 12.5127 24.1891 20.6146 
13.4239 23.6468 10.579 9.3743 23.2698 11.271 29.2311 17.5994 17.3216 19.4442 
8.0501 14.1333 1.7652 17.2114 22.1989 4.3433 23.829 12.9207 8.1454 16.4678 
23.8713 18.6004 17.801 20.3686 7.2559 25.7933 25.7694 14.7607 23.254 4.012 
4.3623 16.8811 2.2917 16.376 23.7476 2.2059 26.1237 16.3264 7.2608 18.347 
15.9997 31.2815 13.8911 6.6442 30.3718 13.8931 37.3291 25.0501 19.8431 27.038 
13.3711 21.2226 16.9957 29.0892 46.635 16.3593 27.1944 28.7352 12.5869 31.8958 
24.519 10.392 23.7029 41.5938 33.1778 25.0408 2.8106 11.8887 21.745 20.5271 
15.6672 23.5145 13.8509 5.4013 18.697 15.5719 33.5376 19.7563 18.6069 16.8573 
2.1641 13.8874 5.323 21.8313 33.8215 2.7401 26.1722 16.8086 2.4449 23.7931 
25.511 6.6028 18.5526 27.5377 22.9773 19.471 5.9488 5.9488 21.9917 14.962 
7.8675 22.5779 13.774 27.6615 40.8829 10.5173 30.7333 23.5331 8.9701 34.0308 
3.4574 16.4045 4.5774 15.7247 32.3305 2.5385 27.9983 17.1016 6.2283 20.3365 
17.1682 10.7046 15.5835 32.4655 30.9533 15.7371 11.6165 11.8477 9.5759 26.0923 
33.156 27.2717 27.1072 15.996 2.652 29.5889 28.1522 20.4618 27.4086 10.0339 
EOF