I 100
J 10
bounds (0, 100)
cv 0.5
D 50
k 5
t 3
FLR 0.6
FCR 10
abounds (80, 120)

a 
71.0 71.0 90.0 
79.0 94.0 95.0 
93.0 89.0 87.0 
90.0 90.0 86.0 
93.0 73.0 86.0 
74.0 76.0 75.0 
104.0 107.0 79.0 
76.0 86.0 74.0 
106.0 79.0 99.0 
93.0 94.0 88.0 
102.0 92.0 97.0 
95.0 93.0 74.0 
94.0 85.0 91.0 
90.0 70.0 91.0 
82.0 105.0 83.0 
77.0 92.0 75.0 
94.0 87.0 91.0 
94.0 95.0 76.0 
92.0 80.0 86.0 
95.0 97.0 83.0 
77.0 80.0 91.0 
108.0 107.0 88.0 
90.0 88.0 97.0 
108.0 94.0 83.0 
89.0 75.0 86.0 
101.0 91.0 88.0 
79.0 114.0 80.0 
96.0 88.0 80.0 
94.0 81.0 98.0 
94.0 92.0 96.0 
94.0 94.0 74.0 
83.0 87.0 78.0 
107.0 88.0 88.0 
87.0 104.0 99.0 
92.0 81.0 94.0 
89.0 86.0 76.0 
91.0 98.0 97.0 
85.0 103.0 87.0 
69.0 85.0 88.0 
81.0 77.0 83.0 
67.0 83.0 87.0 
107.0 87.0 86.0 
96.0 70.0 83.0 
97.0 85.0 99.0 
87.0 84.0 84.0 
81.0 92.0 95.0 
87.0 96.0 110.0 
89.0 102.0 83.0 
105.0 91.0 83.0 
95.0 92.0 93.0 
87.0 82.0 96.0 
75.0 103.0 99.0 
82.0 88.0 75.0 
87.0 91.0 87.0 
68.0 104.0 92.0 
86.0 77.0 69.0 
90.0 84.0 105.0 
87.0 94.0 83.0 
96.0 87.0 117.0 
83.0 81.0 72.0 
74.0 95.0 93.0 
77.0 78.0 79.0 
106.0 73.0 94.0 
90.0 76.0 87.0 
82.0 99.0 71.0 
100.0 82.0 86.0 
87.0 96.0 80.0 
79.0 90.0 100.0 
93.0 107.0 87.0 
85.0 94.0 80.0 
72.0 99.0 92.0 
75.0 94.0 89.0 
90.0 77.0 101.0 
104.0 108.0 85.0 
91.0 84.0 88.0 
89.0 65.0 92.0 
85.0 99.0 80.0 
84.0 89.0 89.0 
90.0 89.0 80.0 
96.0 64.0 91.0 
73.0 75.0 86.0 
80.0 74.0 75.0 
103.0 96.0 94.0 
111.0 85.0 82.0 
91.0 82.0 91.0 
95.0 79.0 91.0 
88.0 68.0 82.0 
89.0 96.0 68.0 
79.0 77.0 92.0 
95.0 98.0 77.0 
96.0 78.0 87.0 
87.0 79.0 101.0 
86.0 96.0 101.0 
102.0 77.0 97.0 
87.0 80.0 106.0 
92.0 81.0 86.0 
97.0 94.0 87.0 
72.0 97.0 86.0 
73.0 81.0 90.0 
99.0 97.0 84.0 

Icoords
91.2234 14.9275
68.9002 75.4335
32.6425 78.868
41.132 87.3858
78.4817 43.517
86.7515 25.2543
13.8642 56.9199
32.0475 72.7722
68.2718 76.1078
91.7019 48.8895
41.786 45.1901
7.3131 42.3174
62.213 32.4957
86.2653 28.5886
36.0931 44.0834
60.8504 96.266
55.1756 49.3111
41.809 19.3611
90.7711 65.7367
63.2212 11.4285
43.8864 15.8573
11.2579 17.771
98.0482 21.8699
7.5935 14.6162
27.2441 97.8744
90.6282 87.8897
28.9343 3.4571
17.2285 82.0011
2.1316 8.199
10.5037 81.5568
33.2551 84.2923
94.1454 60.5632
70.8583 53.0008
48.0497 14.1223
83.753 85.6741
8.1015 17.4309
75.6791 34.0367
88.8776 28.2882
2.4799 34.243
53.5296 79.1062
68.5578 68.916
66.258 90.4551
51.4041 85.7343
97.9719 86.6486
32.7294 44.6231
60.4871 33.2497
32.6615 70.5361
6.4957 90.2385
73.1349 9.7871
5.9182 95.8448
28.7548 87.4493
88.2536 53.1355
86.8705 38.1037
52.3219 32.8197
11.3063 83.5115
47.8952 46.9417
2.9288 40.5088
48.3459 99.4405
15.6405 68.0156
85.1629 37.2654
53.3375 22.7324
76.825 67.8099
73.359 3.6353
68.3805 13.7413
84.3299 87.6894
17.2641 76.876
64.49 25.5296
80.9921 29.7591
19.2382 49.2224
19.9756 84.2211
28.7034 14.1274
5.0224 88.7389
71.1483 84.54
45.7423 9.2021
19.5666 83.8846
49.7823 24.3391
37.8658 5.5446
45.8074 56.4816
21.7592 19.2585
20.2275 24.4796
13.1857 78.688
12.2461 27.5198
19.6749 97.428
62.1129 16.3835
36.4647 18.35
36.8145 29.5165
30.0221 15.0253
2.2932 71.9484
23.0534 35.7159
74.2149 22.3944
61.7102 83.1349
2.911 2.657
41.9714 82.0593
99.036 4.1354
44.2836 27.2505
98.1903 52.0562
24.1067 17.7119
40.2902 41.6189
90.0786 28.4269
80.3764 29.6377

Jcoords
12.5361 32.1584
22.8135 58.2316
1.2499 24.9833
92.993 28.044
41.7006 55.4821
35.2556 20.1476
8.48 69.798
84.036 63.8284
38.3615 60.4399
41.3874 94.4527

C
24.3025 30.6367 33.0176 4.0368 21.7823 21.0059 37.1221 19.7458 25.7535 28.6713 
21.3751 15.653 26.4059 18.4154 10.7168 24.2306 20.2679 6.1929 10.8697 11.1177 
19.787 7.3784 19.3822 29.6034 7.9024 21.701 8.1452 18.3244 6.9925 6.4906 
20.5979 13.6625 25.3798 25.5738 10.2268 24.4803 12.3687 18.9372 9.7002 2.5747 
26.6998 22.7844 31.3171 8.2603 13.1119 17.7244 26.948 7.5911 13.751 20.5795 
25.5881 26.3665 32.3454 2.1029 21.0336 19.9439 35.249 14.4276 23.0764 27.4126 
7.5135 2.9957 13.474 31.4526 8.4122 14.6641 5.3418 26.3429 7.4964 15.8246 
15.7251 6.368 17.3857 27.4948 6.7625 16.8606 9.0338 17.7828 5.0403 9.4285 
27.5044 18.9624 28.9891 17.2523 12.153 20.9606 19.0292 7.0138 11.9766 10.4281 
25.7875 24.853 35.2245 7.8717 16.3204 24.8366 29.1662 5.1599 21.5032 20.4044 
12.7862 7.3971 15.5039 16.4596 3.485 8.8639 13.5288 17.9865 6.0627 18.6613 
4.5521 7.6954 5.8764 32.3643 13.4177 11.9955 9.4013 24.1116 11.1302 24.527 
19.7271 15.6522 23.6729 11.5382 9.5197 9.1177 20.8336 14.9145 12.8146 25.4656 
22.2333 26.9213 29.5864 2.6965 15.6516 16.9949 31.144 13.5062 22.1476 24.7788 
8.6762 5.9803 11.996 19.9757 3.9291 7.2594 14.3949 19.8688 5.3915 15.5384 
28.1765 20.1338 37.0179 26.4857 15.5533 27.0391 22.6618 15.6816 15.672 7.2579 
15.677 11.8129 20.9187 15.1899 4.4981 12.8767 15.8432 12.4378 6.2103 16.4777 
11.7952 13.0613 14.6139 20.3923 11.9561 2.4751 21.703 21.1931 12.9729 29.6316 
25.558 20.5523 36.787 15.0579 17.7913 23.5908 32.6352 2.2443 19.5061 21.4393 
20.2285 19.329 24.7148 12.2161 15.4491 9.9011 27.3517 20.512 19.5532 28.8704 
10.7701 18.717 14.053 17.7896 12.0087 3.4833 22.7315 22.201 14.7754 24.2117 
5.3573 15.2198 3.855 25.3231 15.0436 7.5938 18.4855 28.4996 16.6055 25.9936 
27.7335 26.3635 37.5578 2.6317 23.2264 22.639 30.7092 17.0753 25.235 30.0365 
6.2549 15.9556 3.9658 30.4991 18.0712 8.6632 20.4806 30.6016 18.2585 34.0362 
21.7514 13.5345 28.2232 36.581 15.5644 29.7786 12.9168 21.9834 12.5938 5.6619 
29.8563 29.0219 43.6748 18.0096 19.3256 32.3288 30.526 8.8116 20.9225 15.6927 
11.9694 17.0748 13.8311 25.0994 20.281 6.9409 24.1799 27.7006 19.753 27.8379 
19.039 8.0063 23.6147 28.8344 13.5716 21.364 4.9595 26.4824 9.5947 10.2655 
9.2521 19.609 6.6977 28.1428 19.44 13.2859 23.9094 30.5743 21.7361 32.0027 
17.9962 9.6055 21.5314 35.6237 13.6126 25.855 3.8396 27.4116 10.9625 11.0578 
17.0937 8.8295 26.4587 30.5396 11.2224 19.3362 9.7362 17.2953 9.1912 4.4938 
27.6084 23.3594 31.8721 11.0537 17.2456 28.1412 26.2966 4.2186 21.7446 21.652 
20.0668 16.8619 29.4889 10.9116 9.5749 15.9092 24.4189 6.4862 10.4113 15.7464 
14.7295 18.691 17.0218 17.0933 14.633 5.1378 24.2687 23.6502 16.9831 31.0334 
34.7869 22.8838 32.4164 19.5585 17.0525 28.4183 30.4562 7.0524 17.2992 14.0051 
6.0908 16.5118 3.8515 32.1249 19.3759 8.9783 19.8424 34.1445 18.2373 32.7991 
21.017 19.4243 26.7746 5.5863 14.9791 16.969 29.1015 10.9564 15.9038 25.2522 
26.7997 28.5564 26.5525 1.3118 20.8665 18.1095 31.7589 14.2864 19.8382 29.2627 
3.6633 10.2706 3.005 32.7608 13.6974 12.02 12.5733 31.1369 17.3532 25.0904 
24.0081 14.3353 28.6399 23.0969 8.3012 20.4188 15.6082 10.3071 9.0292 7.6574 
20.4899 16.2864 32.0703 17.681 9.6245 21.8855 23.6191 5.784 10.4911 11.2459 
29.1812 20.9384 34.765 26.2419 13.1449 25.4953 19.5001 10.7254 14.7026 8.0884 
20.8564 14.9402 26.4067 22.4449 12.6223 20.7432 15.3569 14.5578 10.3648 4.3729 
33.967 29.2157 40.2508 20.8443 25.3379 29.6076 28.658 9.8506 22.3679 21.0545 
7.9141 5.3359 14.808 20.4383 4.9989 9.4411 10.5737 21.7544 6.3314 17.5499 
18.6913 15.9841 23.141 11.6241 10.1438 10.8093 22.7309 14.0912 11.2106 24.5172 
16.1898 5.7808 19.6819 23.5253 5.9965 17.3667 7.4441 16.9524 3.5605 8.712 
22.4289 13.7958 25.6364 38.321 19.5609 29.1683 6.9147 26.9089 17.3202 13.9105 
21.5558 21.1647 24.6137 9.7353 20.183 14.0628 31.0863 20.8721 20.9327 28.9261 
23.7805 13.0958 22.3058 38.5261 18.2263 31.9375 10.4297 27.3197 15.218 12.9172 
18.6403 9.0312 20.6603 29.8011 13.5335 22.2047 10.2689 23.5295 10.8619 5.2273 
27.7194 24.1352 31.073 9.0369 15.5312 23.9466 32.2395 4.3024 17.7745 23.3482 
26.8235 24.3199 28.2295 4.4574 14.7951 18.0943 26.2629 10.0209 17.5647 27.2208 
12.9441 14.7981 18.3841 14.2549 7.8387 7.2974 18.078 17.3958 10.154 19.8615 
20.542 9.3326 20.4644 37.8565 15.2441 27.0007 4.4693 29.724 13.0636 10.4958 
12.4212 8.9723 20.5758 17.4905 3.451 10.6978 14.612 14.3768 6.6003 19.0572 
4.6118 9.9274 5.1267 35.4326 14.4139 12.065 9.2532 32.1369 14.9646 20.5573 
27.0575 17.6652 29.0559 33.0512 15.9293 26.6575 17.626 15.1356 13.6798 2.8912 
11.4164 3.8979 17.8323 26.3125 10.1818 18.4421 2.6218 21.9207 7.5397 14.3036 
22.4243 21.1812 27.7828 3.6715 14.3356 17.4534 27.1137 10.4407 17.6729 22.9379 
13.6767 16.5407 18.3884 12.9471 11.8482 7.2898 20.6433 15.4298 12.8656 25.4409 
26.2807 16.4617 31.4282 13.2387 12.9915 22.8055 21.7771 3.1837 15.164 17.2245 
24.7688 27.67 28.2462 9.8581 23.4367 15.199 30.1995 22.3562 23.7457 33.8908 
23.3506 23.8754 20.9301 8.7449 19.4738 12.0042 32.7993 20.0934 18.5642 27.7359 
35.416 20.6936 38.2212 24.0 16.6856 30.9155 26.824 8.2947 20.5576 15.8542 
16.1656 6.6723 16.8299 34.0698 10.0001 23.0316 4.4796 23.7985 10.2804 11.6465 
17.0114 21.0364 20.5601 9.6228 11.4641 8.9623 25.6654 15.776 17.2285 22.9925 
25.2347 23.1302 26.8254 3.7569 15.9673 14.9694 27.3842 11.1679 18.9083 29.1734 
6.2277 2.9466 9.5987 23.5577 8.1964 10.9742 8.8114 21.9131 7.1877 17.1534 
16.2981 7.9216 23.7946 33.3684 12.0581 22.0007 5.7711 22.6961 10.3375 8.7234 
7.8829 14.7014 10.3917 26.2654 14.5956 3.4079 18.154 25.236 14.6799 26.9253 
22.5398 13.4589 24.129 35.7504 16.4177 24.6464 6.2267 32.4264 14.9164 13.6201 
26.0114 17.786 36.328 23.5444 16.3372 24.6447 22.23 8.0817 12.8463 9.4575 
12.5789 19.0794 14.3513 19.1623 14.9821 5.792 24.8905 20.9007 17.2901 32.096 
16.6472 8.1607 24.4082 32.794 11.3823 24.4835 5.4101 25.1231 9.8498 9.121 
15.1129 13.2148 16.3763 17.1222 10.9812 5.9343 23.5975 20.3299 13.5138 27.7656 
13.4324 18.5152 13.5851 22.9772 17.6848 4.7248 24.1426 26.7604 17.2872 32.032 
13.8438 7.8728 18.9455 20.7037 1.5905 14.7406 14.5408 14.3061 3.0155 13.4828 
5.7073 13.5442 7.4697 23.0321 13.815 4.1903 16.7425 24.2843 17.7564 28.4433 
4.3028 13.168 6.2269 22.4823 11.4307 5.9213 15.1497 26.9951 14.0556 26.0684 
17.4363 7.011 17.8359 36.7399 11.68 24.3493 3.5235 22.217 11.5326 12.7911 
1.7773 12.6116 3.6992 26.5905 14.7955 9.2177 16.2652 24.8991 16.5016 25.7404 
21.0108 12.8661 29.3547 38.7827 14.2321 27.9077 9.4205 28.2936 16.1908 8.4944 
20.389 20.621 21.0342 12.8468 14.1228 10.5577 28.9379 20.1325 17.8882 31.1381 
9.9982 16.4777 11.4024 19.0012 13.8748 0.849 23.1572 20.5467 12.6861 23.7174 
7.9371 12.7531 12.9355 18.1126 8.6741 3.5464 18.1334 21.3696 11.586 21.1826 
8.0419 14.9195 9.6851 19.8181 13.9717 2.2789 20.9824 25.9736 17.777 26.478 
15.2639 8.476 17.884 37.828 12.8512 23.8105 2.4621 30.1144 12.3423 14.9175 
3.4674 7.1919 9.5531 21.5299 10.3913 6.1023 13.2589 23.4825 10.2272 19.6286 
20.8323 22.2196 22.8816 6.1927 18.4073 15.4496 25.4398 15.947 18.088 28.2685 
24.6696 14.9088 31.2228 23.9095 11.9977 22.5583 19.5522 11.4875 11.0512 8.558 
10.0574 19.9583 8.9059 35.5459 20.7753 12.4616 24.2066 37.583 23.8827 38.6289 
20.4339 11.5693 22.9902 27.908 9.4195 22.7241 11.3202 16.4723 7.4787 4.0845 
34.0245 33.5924 35.3243 8.9123 27.3846 20.1422 42.2484 22.7854 29.9229 37.523 
12.4804 11.9149 16.996 17.8739 8.9896 4.4053 22.204 21.5325 10.9198 26.0516 
31.6918 29.45 36.3446 9.2573 20.7302 24.6613 31.6867 6.6534 18.9094 23.6811 
7.2851 15.7053 8.6899 24.958 13.1251 3.823 17.5375 25.2417 14.2651 24.5269 
9.4388 9.2592 15.6083 21.0889 4.3909 8.129 13.4289 18.9227 5.8443 19.1934 
30.0592 24.8601 27.7176 0.9403 21.1297 19.3058 31.6546 12.4907 18.6849 32.6593 
23.455 19.8798 31.6657 4.5539 17.4389 17.8346 31.2857 10.694 19.6143 24.8169 
29.0309 29.479 32.0037 4.635 21.5711 18.572 32.3168 19.4838 22.9006 28.5586 
27.1595 15.835 30.2203 17.7456 12.147 21.5966 23.1989 6.5172 11.1452 12.2214 
17.5546 7.8836 24.2776 27.7098 7.792 17.9216 9.4847 19.208 6.8459 5.3826 
20.1874 11.3659 24.8762 27.2919 11.2096 21.713 13.4294 15.9172 8.7305 2.5542 
23.9562 22.8881 30.8088 8.0546 13.7115 19.228 26.3723 6.6877 13.9556 24.9399 
27.854 26.086 27.1554 2.7059 16.7314 19.2297 27.9812 12.15 21.0781 32.9232 
9.2444 3.1087 11.9117 30.6102 10.7982 13.724 5.2944 25.243 9.2759 16.1876 
16.1576 6.809 20.1374 25.9072 7.4773 20.8095 7.3164 19.2862 4.3421 8.8053 
28.0793 16.7447 28.3568 17.8145 12.5668 22.1951 20.8389 6.2365 11.7875 11.4338 
32.3092 25.3953 34.3264 7.2472 15.8211 25.2294 30.0071 6.1707 18.2832 21.9046 
12.0817 8.219 16.2558 19.7051 3.4263 8.204 13.7359 14.8925 5.3031 17.0898 
3.7068 8.2664 6.9911 29.6716 12.0479 13.8503 10.5318 24.2311 13.7366 23.1567 
17.427 17.5675 23.5562 9.7468 12.3109 10.6121 23.7575 11.6269 12.2231 21.2823 
26.0052 22.278 33.3475 2.5953 17.5931 20.1488 33.1246 12.6234 22.0728 27.5284 
9.0643 6.1666 11.9999 23.6174 4.1819 7.4917 13.0365 17.0067 5.5021 16.0702 
25.2465 20.2414 33.7937 30.1358 16.7383 26.4127 22.562 13.2454 15.0248 6.9119 
18.3611 11.7424 21.8061 17.1683 5.7282 12.5024 18.3725 11.6689 7.5956 16.4918 
10.6195 15.3327 15.0726 20.3975 11.6924 2.6322 21.0562 19.5129 16.1018 29.902 
28.9124 22.8495 32.8132 13.7591 16.4578 26.1481 26.2663 2.6706 20.8389 19.6741 
20.568 19.2795 25.216 11.8172 19.239 11.4771 25.2471 18.5386 19.2455 29.6258 
13.0457 18.1112 16.3377 18.0831 12.5405 2.9696 23.8283 20.2618 14.0791 30.0229 
4.5369 14.0205 4.9011 25.5372 18.8482 7.372 19.0325 27.3196 18.8448 29.8411 
25.8731 33.157 33.0447 2.8184 23.1608 21.4015 35.7682 16.3232 25.0218 29.9536 
6.818 17.7619 4.1591 29.0641 20.8019 9.3148 20.7676 30.1106 20.2289 27.9589 
23.3474 13.1755 24.1603 37.4634 14.9328 26.0436 11.2114 24.1023 15.0579 4.6026 
32.1876 25.8614 39.9697 22.5435 20.6872 29.0566 30.1895 7.8686 22.7762 16.6266 
12.2405 17.7306 13.4137 26.108 20.956 5.7041 23.2149 31.6485 17.847 31.8698 
17.6773 9.7399 18.5992 35.4756 12.7164 20.5006 4.7988 25.0146 11.4967 9.7681 
8.8838 21.0221 5.3817 30.347 23.3243 11.6661 23.383 30.3663 22.9568 30.7518 
18.8367 9.5211 21.176 36.4005 16.1334 25.2525 3.5879 25.7476 12.927 13.347 
17.9857 10.688 24.8682 27.1181 11.5737 22.8081 8.8522 16.9613 8.8937 5.1835 
31.7562 27.0421 38.6763 11.8997 16.9558 22.4058 31.4232 3.5865 19.8089 23.5645 
19.1625 17.3548 24.424 12.346 11.4799 17.5273 23.6954 6.0973 12.0015 19.1897 
13.0686 16.1653 15.5229 18.2648 14.4237 5.6398 24.1731 23.638 15.7812 30.3805 
34.6355 20.685 39.4118 18.6421 18.9058 26.47 29.7177 7.959 19.4234 13.222 
4.7895 14.6381 3.6139 28.7285 19.2388 9.2239 19.523 32.0978 20.2199 25.3733 
22.1035 21.6162 28.709 6.8028 15.6461 13.947 24.8311 12.0487 14.4684 24.2449 
24.5906 23.6386 29.0955 1.5798 17.5558 18.3428 29.4425 11.5389 22.928 27.6094 
3.2977 10.4435 3.7345 34.0582 15.0756 11.8273 12.3534 27.9529 13.6835 22.0867 
22.9361 13.8785 25.4343 23.6971 8.642 23.4681 16.8364 12.1461 8.4736 7.2132 
23.8468 18.0903 26.3395 17.7239 9.3242 18.4013 22.8981 6.2402 10.1304 12.536 
31.6942 17.3036 34.3221 25.9432 12.8885 26.0486 24.5193 12.1726 14.7969 8.4915 
25.0595 14.4007 23.9882 25.8373 10.4937 26.1063 13.8368 15.0608 9.4256 5.2932 
33.3995 27.0301 38.404 22.9852 21.2725 30.5399 35.506 8.2383 23.5465 20.489 
8.6593 6.4742 14.8155 22.6884 4.8567 8.5012 10.8953 18.8345 6.5362 15.7444 
14.4897 16.8204 22.1421 10.8933 9.0843 8.9272 20.1756 14.1799 13.7906 22.3117 
15.7868 4.7785 18.8132 29.2517 6.8411 16.0044 9.6118 16.2011 4.3223 7.6936 
23.2931 11.0725 25.4465 33.4417 16.0237 22.7892 8.0503 30.8244 13.5246 12.9862 
21.6527 23.1485 27.4645 9.6463 18.3194 15.6808 33.3975 20.3098 18.5304 28.5282 
23.9021 14.4441 27.6817 40.038 19.5479 29.6725 8.0585 33.6599 14.8291 10.901 
18.8592 11.7176 23.8682 29.1624 11.4814 20.2912 8.1291 19.3875 9.9503 5.6592 
29.9586 22.3498 27.6621 9.6881 14.2493 22.9353 28.6782 4.084 17.4467 23.3607 
24.9666 24.6959 29.5201 4.6399 16.9198 18.8266 32.7483 10.1555 18.8144 24.8311 
14.2135 12.1345 18.4357 14.0215 8.7598 8.2369 20.2174 13.9273 11.5869 23.2667 
17.9582 9.5798 19.5736 34.0156 13.735 25.4901 4.5828 27.75 13.4085 9.8108 
14.3872 8.7853 19.7921 14.8501 3.4732 11.4296 15.7693 14.4446 5.0436 18.2419 
4.2846 8.7314 4.9706 31.6229 14.6799 14.7088 11.0627 32.6348 16.1598 21.4251 
27.8349 17.2968 35.0997 25.4474 17.5209 27.6781 18.7785 17.4145 15.427 3.3715 
12.615 4.8224 16.0491 34.3142 10.7949 17.7696 2.2749 21.907 9.0462 11.5912 
27.295 19.8262 33.4734 3.6522 14.5194 19.7908 26.2307 8.1356 15.986 22.8515 
16.6625 17.5005 16.7774 12.9311 10.8368 6.0551 21.0009 15.753 13.7298 25.3391 
22.436 18.8205 28.023 15.9431 12.9059 20.358 20.9771 2.7916 15.2971 17.0604 
21.0202 26.7623 29.0884 9.9897 18.6375 12.7655 36.9548 19.8681 22.9317 33.5827 
17.9878 22.0413 22.9244 10.7091 17.7895 11.5015 31.2898 19.9464 20.1297 33.5912 
33.5372 20.5709 35.5461 21.9568 21.3659 27.9099 25.6472 8.3687 19.2163 14.3935 
17.1774 6.3241 21.0224 31.9703 12.5074 19.9964 3.5208 21.567 10.2537 10.8705 
20.3268 18.5148 21.4076 10.4669 14.6481 11.8754 24.0091 16.2791 15.868 22.7017 
26.8101 20.1118 27.0171 4.186 18.1323 16.3341 24.9076 12.0333 17.3641 30.2808 
7.137 3.4932 11.6754 24.5706 7.5738 11.2995 7.005 23.6202 7.2365 17.1534 
20.4476 10.34 24.186 33.0736 12.7426 25.5972 6.6748 24.0205 9.6522 8.9275 
8.0088 14.2965 9.9666 20.4506 15.2588 3.3723 18.7522 24.931 16.7142 31.6012 
18.2761 11.9403 25.5021 38.1872 18.413 27.8322 5.8936 25.4424 14.982 12.5047 
29.3601 21.495 30.607 18.3715 13.8095 28.8467 23.8653 7.528 15.1453 9.7587 
13.572 16.568 14.5118 20.2611 15.7997 5.1296 26.7614 22.0549 20.1787 29.9449 
20.4266 9.1045 21.2315 30.1557 13.0711 23.0329 5.7919 22.1389 11.0367 9.4532 
11.6382 16.5326 19.2302 16.3762 11.9367 5.9449 18.7576 17.6168 12.1393 21.7634 
12.7785 20.718 15.3428 21.0957 18.0354 5.2499 27.5976 29.6454 17.3202 29.4783 
12.4714 7.1049 19.584 17.2715 1.3289 13.0115 14.1406 14.9757 2.8654 14.2397 
5.084 14.2694 6.865 25.0777 14.1913 5.2047 17.5995 28.2283 16.7218 28.078 
3.4757 10.8018 6.6255 27.8589 14.3007 4.8124 18.1319 26.238 13.4918 24.2773 
17.9435 8.5077 16.8291 33.9232 13.6028 19.2567 3.3747 27.3931 11.8436 11.4922 
1.4622 11.0851 3.4363 25.3874 15.4331 9.539 14.3593 25.3979 12.9088 26.1419 
20.0456 13.511 26.0432 37.0969 17.6432 24.9593 9.3043 27.5676 15.449 8.4747 
20.6647 21.6888 24.4457 10.0972 13.8361 9.9042 27.757 19.4635 19.8452 25.2578 
8.9042 15.0024 13.8391 18.1409 14.0285 0.6649 21.0898 25.1405 15.7239 29.5972 
8.4597 11.1462 14.3087 17.9102 10.4681 3.1941 19.3548 20.0621 9.4744 21.0719 
9.4544 17.4995 10.973 22.8467 12.7758 2.555 21.877 25.0127 17.2044 29.7757 
14.8119 9.2264 18.3444 36.0747 16.9727 22.251 2.022 24.7585 13.7734 14.7551 
4.1358 8.7681 9.485 22.3742 9.606 6.9607 13.8297 20.1586 10.3959 21.2346 
24.7727 21.1607 28.5984 6.9163 16.2502 11.996 30.8617 15.4189 20.5189 30.7391 
25.732 18.0956 32.1288 19.0123 11.4755 22.4695 20.8253 9.1204 10.2209 8.1649 
10.1753 21.9949 6.8395 30.5013 24.7272 11.1085 22.2394 32.4317 22.8659 34.6376 
20.4339 9.4199 26.0823 25.0697 9.8048 18.751 12.5435 17.9622 8.5308 4.3127 
35.0156 30.8912 33.7545 9.0504 23.4132 24.7453 38.2103 22.2191 29.5753 32.3157 
10.1899 14.2481 15.4705 16.9872 10.563 4.0458 16.8768 21.4947 10.967 24.8139 
33.6351 27.2871 39.0521 8.1984 18.5231 27.893 29.8029 6.0587 23.5431 25.9068 
6.6651 12.6932 8.8986 23.133 12.6209 3.5936 19.1145 29.2495 13.7021 24.11 
9.2248 7.3109 16.5843 20.9964 4.1916 6.7903 16.8626 18.0396 6.8489 16.7044 
28.5531 22.8737 27.3264 1.1484 16.8117 20.2983 27.5834 14.1822 24.0861 29.788 
26.9512 19.5456 28.1068 4.4306 13.992 13.8739 25.4057 13.4931 19.9841 29.7938 
27.6776 32.2803 28.2737 5.2491 20.4893 17.0206 32.287 19.1576 23.061 34.7809 
23.5851 17.3698 26.87 20.0475 12.3697 24.6189 21.8153 6.275 10.8289 10.2012 
16.1256 7.2299 23.7289 29.0274 9.0359 20.1963 8.8059 21.2 7.5405 7.0034 
19.4038 12.3265 27.683 25.2034 12.4125 26.9911 13.5889 16.2256 10.009 2.2961 
26.3451 21.5868 31.1026 6.907 14.5508 17.3362 25.131 7.0436 13.4026 24.1586 
22.4204 26.2874 26.4971 2.7052 16.8724 16.0162 31.1603 12.4439 19.8216 24.9386 
8.6591 3.3566 11.4104 28.6476 10.9794 15.6171 4.3327 22.895 8.38 15.9456 
15.9549 5.8237 21.7236 26.7539 7.0259 20.4932 8.4874 19.4919 4.8145 9.2869 
28.0083 17.3748 32.1585 17.4361 11.4097 25.0734 22.7148 7.0817 11.5377 12.7096 
31.3139 25.6038 36.5063 7.7735 19.9063 25.3054 31.9893 5.6921 21.1266 24.5926 
12.4596 9.0962 17.9543 19.6565 3.1042 10.0958 13.6531 17.6124 4.7655 19.4101 
3.564 8.1575 6.3631 32.3035 12.1658 11.9028 8.3451 25.1395 12.0038 24.8322 
16.5726 17.1111 23.4149 11.4822 11.5715 11.0331 20.3954 11.8942 14.5855 25.0211 
22.2554 25.6046 33.2028 2.6715 18.0616 19.3836 29.6387 12.2173 17.4535 28.1102 
8.3699 7.1931 15.4966 22.8961 4.1603 8.5407 14.1949 20.1073 5.4724 17.8125 
31.251 17.3743 29.408 23.8839 15.0577 26.1799 18.3078 14.3977 16.3065 7.0644 
14.8314 10.9536 18.3335 13.0379 4.8538 13.1275 17.5515 12.7996 6.793 17.5302 
12.5268 15.7393 15.5475 19.6136 14.3546 2.5438 23.1962 21.4629 13.1749 28.8882 
33.1011 20.9625 38.1936 14.0762 17.8966 23.2532 30.0975 2.5026 19.2638 17.2177 
18.7993 19.7309 21.8094 10.3988 18.5526 10.0652 27.4237 18.1778 17.9045 27.411 
14.0669 17.7705 16.6517 17.1926 15.2192 3.492 22.0669 24.7283 17.2282 30.6598 
5.4873 15.2618 4.1572 25.2819 16.2262 8.9443 17.2194 33.4605 18.3242 25.5734 
31.0667 30.8173 38.2939 3.1432 25.2866 24.0837 33.6552 16.5931 22.2787 33.7749 
6.0471 14.5559 4.5516 31.597 17.012 9.817 17.7322 34.0926 18.5952 33.8021 
22.0006 12.5094 29.4304 33.9338 17.8173 27.0985 11.0932 24.8108 15.1047 4.5342 
35.9005 22.6565 40.6255 22.5914 22.3363 32.9501 28.053 8.0083 23.6087 18.1765 
12.2338 18.7613 13.6697 24.7563 17.5115 6.0253 27.4913 29.6541 21.5262 31.8239 
19.835 8.1723 20.7191 30.797 13.6979 25.2167 5.4009 25.43 9.1569 9.73 
8.6173 20.6052 6.2439 31.1654 20.6361 13.5148 19.0792 39.3564 23.0903 34.5804 
18.7576 9.4842 20.5626 36.3218 13.6979 24.9678 3.8146 25.2484 11.8643 13.2299 
21.7051 10.6937 25.6837 31.0402 10.8261 24.1879 9.6071 17.5252 7.7301 4.4391 
26.39 27.1135 34.8365 10.5266 20.075 22.4415 29.6396 3.8957 19.7866 20.6299 
21.2373 16.8764 23.6737 11.9323 9.73 15.3909 21.176 6.3344 12.0781 16.3364 
14.8012 18.8383 14.4179 18.4436 16.1937 4.3543 24.4326 23.3066 15.6156 25.0121 
32.5955 20.3441 33.5123 23.3406 15.8049 27.6439 24.6788 8.2911 20.3997 15.0564 
5.8831 13.7186 3.8913 32.6382 18.8124 9.5623 15.9986 32.4003 18.4792 29.3673 
23.5564 20.6336 24.9151 6.222 15.2041 15.8491 26.9168 11.566 15.8443 26.3845 
30.3771 26.5182 31.2878 1.4446 18.0622 17.0085 29.714 10.8897 21.5807 31.2825 
3.7188 11.7391 3.0638 30.0572 13.4521 11.4241 12.7031 29.4278 17.5842 23.671 
23.8149 14.7252 23.3198 24.7942 8.0423 19.5794 13.8326 11.9175 9.4525 7.3208 
25.9641 16.9441 32.1507 15.5144 10.3692 19.2635 21.348 5.0769 10.0582 11.794 
25.4394 16.4002 33.7409 24.2322 14.897 23.7434 22.9056 11.7339 13.879 8.6225 
26.1715 13.5518 29.9045 25.8871 9.6296 21.6281 16.5611 13.1625 10.3762 4.5018 
32.1936 30.8388 36.9128 21.2854 19.5422 28.7209 31.8453 8.1661 20.9744 19.6265 
8.8586 5.4706 13.899 21.5196 4.6327 8.9269 12.0767 17.1088 6.5714 17.9546 
18.2261 14.1805 22.9137 10.5509 9.6198 8.6088 19.5844 12.8947 13.5978 20.8755 
15.4878 5.9574 19.0401 22.5586 5.9895 19.1326 8.5788 15.5691 3.9687 8.4319 
20.8348 11.9815 23.9277 38.5874 16.746 27.3955 7.0174 26.3847 13.2585 11.5593 
21.5817 23.6514 22.9164 8.2706 17.6095 12.6491 27.9018 18.2866 24.1337 29.8303 
23.5884 13.3679 27.1988 36.5728 20.2545 26.3278 8.069 25.9436 18.5411 13.4035 
19.8849 11.3359 21.2746 29.7049 10.9848 22.3129 9.949 21.8703 8.6259 5.5277 
27.9472 23.3935 30.8718 9.1799 14.7947 24.1276 26.9831 3.9024 19.6603 20.7928 
23.505 23.5477 33.2448 4.6269 16.2713 20.3185 26.0853 9.995 16.8437 22.8179 
13.2983 12.6991 15.8006 15.0534 8.3443 7.7225 21.3415 13.9406 11.5869 20.1933 
18.8931 8.6799 20.2387 38.8834 14.1278 24.1625 4.5029 23.8018 11.5951 10.1565 
13.9733 8.9228 19.5756 16.7962 3.5133 9.8298 14.0379 13.567 6.5408 19.0044 
4.7263 8.4224 5.9716 35.1507 14.9418 14.4567 9.2502 26.0943 15.4525 21.1866 
29.0697 14.9941 32.4567 29.0346 13.3507 24.576 19.3299 18.1002 15.7853 3.1592 
11.6036 4.3395 17.8278 29.891 10.2686 19.6992 2.3768 22.6608 9.2546 13.1965 
22.6209 25.8714 29.7758 4.0647 16.0227 20.8724 29.7792 8.2207 16.3568 26.9494 
15.5025 15.3001 16.23 14.9516 10.5032 6.8496 22.7499 20.0824 16.1925 26.0299 
26.1337 20.1315 26.8329 14.9644 14.8379 23.9249 22.1737 2.5865 15.0073 14.4446 
20.9934 26.3679 24.0799 10.3468 22.003 15.1533 33.8968 23.4261 26.1543 38.0791 
21.4689 21.4235 24.5104 9.4566 16.9919 13.1986 27.5242 16.1629 17.8813 32.8508 
28.4272 25.2225 40.5007 18.7202 19.8165 26.8329 30.7206 7.4142 17.9499 16.2367 
17.1369 5.9876 17.411 34.9078 12.8452 20.3118 4.3725 23.9074 8.8576 11.8256 
17.1214 18.7161 25.0251 11.2566 11.8517 10.7815 24.0448 15.3117 15.7677 22.9779 
23.4811 23.0071 30.7398 4.3278 17.3668 14.5675 30.0845 10.8225 18.0207 24.5615 
5.9289 3.5107 11.603 23.5424 8.4995 10.1543 7.0236 21.5146 7.0037 16.4786 
20.2845 9.6733 21.993 35.69 13.6108 22.6462 7.23 21.7617 10.2894 8.4529 
8.1154 17.6292 9.0396 25.4234 16.0478 3.4195 22.2409 28.7466 16.2979 31.4629 
22.6825 10.8844 20.3992 32.0845 17.1703 26.4529 6.6118 33.0726 16.5825 11.2458 
31.341 19.7781 28.1735 18.4382 12.4691 28.2053 19.9961 9.2453 14.9053 11.4588 
14.4763 17.5206 18.5245 18.6485 17.802 5.8693 22.4506 21.7613 19.9923 33.3935 
15.7545 8.939 24.3897 29.141 11.872 25.9013 6.7689 26.9933 12.0133 9.1016 
13.0197 14.8217 19.1138 16.8446 12.2971 5.1648 19.2612 19.3837 13.2866 27.6385 
11.6101 16.5097 13.1664 21.5125 17.2341 5.0274 25.4921 29.3852 18.3413 34.728 
13.2379 8.4539 17.5159 21.2106 1.4523 14.3963 15.3216 13.9441 2.9168 14.9202 
5.6042 14.3941 6.4029 27.561 12.438 5.3494 16.9933 28.0522 14.111 25.187 
3.542 11.5533 6.4869 25.1123 14.9003 5.1487 15.9316 27.5124 12.1547 22.0989 
16.366 6.9861 17.9019 31.3712 12.6359 19.4381 3.5778 21.9999 11.1035 11.5924 
1.5551 12.7578 4.1258 31.0882 14.5965 8.1304 13.6717 27.393 16.0898 26.9303 
21.1421 12.1859 26.9178 36.5518 17.16 27.2534 8.9763 23.6543 14.6865 8.5382 
17.1426 17.6932 18.9812 12.3022 16.2135 10.772 25.1683 15.9565 18.3637 24.442 
9.5368 13.7462 12.1836 20.2515 12.1948 0.7741 17.7515 19.9742 13.7816 25.0367 
7.5365 11.98 11.107 18.7195 8.1008 3.5968 15.405 18.311 10.1587 21.6317 
9.3223 13.4477 10.6807 24.2549 13.618 2.2423 18.6811 23.9644 16.0685 25.4269 
13.4602 8.5575 15.9251 30.6937 16.1441 23.393 2.0409 27.1161 13.7242 13.8078 
3.6173 8.6826 8.9261 27.2079 9.4701 6.1299 13.1143 20.2593 11.1403 20.7916 
22.0188 24.6885 26.1671 6.8281 18.4491 13.0808 24.9211 14.7461 16.6451 25.4417 
24.3721 14.8857 25.9379 21.9899 11.9739 27.2586 19.1406 9.0584 11.4289 7.2856 
9.7688 23.4176 7.2492 34.61 21.7452 13.6824 21.0469 36.7499 22.188 37.0363 
19.9241 11.4133 21.2514 23.9031 8.537 18.9876 13.2889 14.6705 7.6737 4.886 
30.3147 34.8262 33.2146 9.6028 26.6612 22.8186 36.7338 19.868 31.1976 36.4408 
11.6227 13.8071 14.7164 17.869 10.6991 3.6093 17.6275 21.0031 11.2671 25.6144 
28.8339 25.0862 36.5661 8.1984 20.1303 24.7742 34.2747 6.565 18.4079 27.6008 
6.6447 13.6783 7.7497 26.5671 14.9334 3.5183 20.7187 23.2529 15.5624 29.0028 
10.858 9.5992 16.6522 18.9991 5.5224 7.7982 15.7662 17.5245 7.547 19.0084 
26.6434 24.8307 28.9443 1.0594 20.4867 19.0452 36.0734 13.6399 18.9587 30.8299 
22.5996 19.8156 25.4197 4.6798 16.6016 15.6721 29.6551 12.2586 19.4059 27.4112 
EOF