I 100
J 10
bounds (0, 100)
cv 1.0
D 50
k 5
t 3
FLR 0.8
FCR 8
λbounds (80, 120)

λ 
85.8152 109.6472 80.3208 
107.3658 88.2903 106.844 
114.537 81.8356 84.732 
114.1245 84.9932 99.6107 
90.5165 114.9464 99.2147 
88.4235 114.1855 102.6281 
117.0968 101.9518 99.6068 
116.0791 97.0621 105.3278 
108.8347 114.7308 81.5807 
89.4584 96.038 85.5646 
117.8814 88.6309 110.148 
86.7934 113.8301 86.0948 
93.3585 115.933 84.2684 
83.1299 91.4616 111.7549 
114.2225 100.3539 111.581 
109.8806 114.5284 109.6979 
85.6927 92.8627 108.7789 
89.9594 101.1131 85.8102 
108.4741 116.0583 100.681 
80.7062 87.4208 118.3183 
84.474 84.3544 92.5686 
99.7578 101.6213 89.6359 
111.0278 90.1266 99.1966 
93.0449 106.3587 94.705 
98.5098 80.4914 84.7771 
100.2095 114.194 89.6391 
103.5478 106.1429 107.4461 
85.8108 86.504 93.7039 
106.4953 80.1132 108.1309 
112.2139 89.5375 85.7936 
108.0549 88.9962 105.3035 
83.0162 105.7527 93.3445 
105.5237 108.1518 92.0795 
86.249 83.8813 111.3971 
86.0033 92.1511 80.7746 
82.3056 107.4213 107.9656 
115.9095 89.3505 96.8349 
107.6013 80.6045 108.6815 
95.0841 93.8446 85.1475 
114.3239 80.7994 112.3195 
85.7255 119.7094 91.4494 
88.7511 113.3798 94.3751 
85.937 115.4155 81.6332 
112.6534 109.3056 111.7033 
105.303 119.0927 86.5126 
97.1486 89.1078 118.7477 
98.8233 83.4888 93.2927 
113.5996 115.07 90.1547 
82.9976 100.6107 97.6559 
108.0624 105.4739 119.6256 
107.0022 85.9105 114.799 
82.1302 98.8295 80.4622 
107.6331 109.8977 84.9541 
90.7704 107.2643 96.2244 
85.006 103.4105 97.6574 
99.6069 84.5356 95.5642 
84.1898 85.5899 112.1321 
107.127 99.4835 82.1401 
100.5237 96.7837 116.3761 
83.9558 82.2939 91.7798 
82.9436 112.121 104.114 
108.9402 86.8911 83.8915 
115.303 83.6843 107.4844 
102.9854 101.4439 115.567 
109.7908 87.1354 107.64 
94.462 96.3425 82.7657 
117.1386 102.6811 90.8773 
106.6964 113.4713 102.1664 
112.62 95.7245 90.9314 
95.9361 104.5285 115.9792 
106.5206 101.1915 102.4503 
113.7256 96.1911 96.0475 
92.6412 80.2561 108.3371 
94.914 97.2021 88.1448 
100.6786 93.8033 86.3614 
97.7645 104.2115 117.4256 
90.6747 82.8374 82.0506 
95.1794 101.2594 99.2053 
98.5336 105.1689 83.2892 
107.5013 82.786 112.5334 
101.1621 114.9176 87.8577 
97.9442 116.1591 116.8498 
100.947 104.9415 96.0381 
97.5317 116.1215 93.7322 
90.1474 84.7437 98.1162 
93.0937 82.6559 80.2669 
82.0363 103.1506 115.1308 
99.8409 82.5212 88.9872 
91.2483 92.2666 103.6088 
118.0832 99.8673 106.8785 
89.0121 106.1621 105.3956 
103.4139 94.4931 115.2495 
103.7573 88.6823 109.8275 
80.3979 93.591 108.6105 
85.2447 99.9224 88.6398 
113.9838 113.7361 100.6911 
100.0412 81.8438 88.4058 
95.7139 106.3757 115.1081 
91.4276 86.749 103.8396 
107.6228 82.0527 87.9844 

Icoords
8.6079 9.1384
96.2873 19.1005
31.5858 69.7522
57.5686 99.2424
58.9511 38.7698
27.0871 20.7445
65.3303 3.1717
25.9661 94.6452
33.5052 32.1645
62.3205 88.7176
81.6916 30.975
45.9444 14.9655
2.8978 39.2183
68.8294 33.6054
55.9241 29.5296
7.5001 37.1945
98.4329 94.8565
75.0446 48.0383
69.8938 38.3698
5.3432 46.6996
21.5002 40.5913
17.108 65.4837
52.0948 63.7957
48.2136 14.778
71.5464 3.5499
29.2486 73.8809
24.7448 30.2794
37.6502 74.2202
85.7693 71.557
83.9995 20.2822
1.6705 19.7691
21.0685 85.8559
67.1269 39.128
19.6799 37.3144
72.823 50.6898
71.5769 61.9564
23.7857 9.6421
44.7293 52.0026
38.4347 7.3522
43.5053 60.2589
69.7874 70.6923
17.67 39.7669
37.1224 13.2637
28.3315 29.056
94.1655 44.3339
11.1607 23.9049
74.6124 42.6098
78.5508 69.3429
64.4132 94.7999
78.7553 25.5102
68.674 38.1262
1.9172 10.1414
33.4093 23.9421
46.3738 30.2964
42.9283 35.1947
11.5765 70.4809
7.1628 64.357
73.4202 70.3587
24.515 67.9575
67.7591 95.9473
84.0505 90.2395
71.0087 63.0863
40.6219 24.5891
68.3004 26.9924
94.0418 52.4404
20.4215 53.018
35.9597 42.3129
87.9444 89.4541
18.3471 54.8022
58.6956 72.9392
87.9814 18.4089
44.6325 57.2298
18.7747 21.4725
71.6161 62.4103
83.4744 12.3581
4.1151 76.8023
77.242 9.3297
79.3878 29.5279
13.4493 12.2337
97.5069 15.6753
51.2245 8.0323
49.2191 41.1797
66.0982 91.3886
4.8877 78.5687
57.2726 43.7275
25.9346 97.1332
77.8958 58.9975
31.7466 25.094
8.8737 93.3158
70.9257 44.4713
39.7807 55.0779
56.3492 81.0663
93.5928 68.9864
91.4724 82.2187
63.0931 7.898
39.9965 89.549
39.6277 92.5147
61.0496 68.2269
15.8973 29.7236
14.4309 15.9087

Jcoords
8.3557 15.2993
20.9554 47.3506
7.9276 45.2987
0.7071 62.9618
77.9233 36.6843
9.7329 61.8533
24.2871 91.7925
84.3487 19.3571
91.7176 39.3951
49.5663 41.2384

C
1.9269 13.493 14.4594 20.721 22.7419 17.7004 27.2743 26.5507 27.5156 18.89 
30.0919 24.4019 27.8513 36.1132 7.6478 30.3514 35.8304 4.6261 6.9543 19.0827 
19.9567 7.8355 11.9393 10.9393 18.9395 7.3799 9.2382 23.8735 24.061 13.0018 
31.021 22.6216 27.8646 25.6378 22.6962 21.7842 12.2062 28.1579 26.17 18.8015 
18.2995 15.0279 18.868 24.8174 6.3921 20.0815 20.4741 10.7313 10.9198 3.5546 
7.6876 8.5078 9.4057 17.5629 17.0219 17.4114 26.4646 18.9019 25.407 11.0512 
17.7433 23.4188 27.7546 32.1874 14.1842 27.2259 38.1181 8.0664 17.3301 14.3135 
29.5441 15.6898 19.2402 12.7962 26.8703 13.1687 1.0632 28.858 31.9398 20.512 
10.347 6.6844 8.9479 15.4409 14.5551 12.494 22.246 18.3459 19.4809 6.3606 
36.0098 20.0656 26.4539 24.1009 21.3595 17.7156 14.061 26.5481 17.9318 18.4064 
27.9272 24.2751 25.1725 28.2289 2.5352 26.9444 27.5311 4.5514 4.8705 12.5659 
14.0587 15.2004 18.2236 20.3009 14.7437 22.145 31.2899 14.2906 17.8223 8.7521 
8.7659 7.2187 3.1115 9.1252 28.8788 8.8832 20.785 31.6319 32.1617 15.1021 
21.413 16.5512 23.6212 26.1776 3.1088 21.779 25.948 7.1821 8.3411 7.2811 
19.2051 14.0743 15.328 20.4622 7.9139 17.7872 24.2553 11.6443 14.5097 4.0251 
8.5018 6.0655 3.2024 10.3047 23.2614 8.6585 22.2655 27.5805 29.9916 13.2823 
42.8803 31.6543 32.5343 33.3891 20.4845 29.5847 25.1791 29.0618 20.6706 23.8094 
26.7227 18.4243 22.429 30.1463 4.1535 24.4196 24.3593 11.1384 5.7955 8.3145 
20.3208 17.6433 20.5326 24.6789 2.7977 23.3786 21.9366 8.6865 6.5609 7.0476 
9.4791 4.8299 1.0074 5.7782 26.413 6.2413 15.5633 28.1659 27.2357 15.4531 
10.6062 2.6867 5.7233 10.375 20.3892 9.4847 18.07 19.9414 22.1638 9.6264 
20.1526 6.7159 7.3132 5.4626 22.3604 2.5104 9.7384 28.2214 25.7668 12.1825 
23.5301 12.5859 15.0643 16.9807 11.6979 15.5971 15.6064 19.7676 14.779 7.0956 
12.919 16.297 19.0997 21.0709 11.1809 20.4476 32.1131 13.6481 19.3796 8.3459 
23.9355 26.7335 25.7731 33.3024 11.2801 27.5478 35.3857 6.5011 12.9275 13.451 
21.6815 10.8267 13.9817 11.6368 18.5986 7.0355 7.0739 25.9914 21.528 14.8337 
6.8543 5.7636 7.0371 12.3902 17.0437 12.8132 22.2253 24.081 26.0899 9.4288 
21.9711 11.1635 15.5601 14.417 21.2286 10.9311 7.6185 28.6962 20.1105 11.4744 
31.3693 21.3787 26.4609 30.2739 12.0387 26.3303 24.3243 19.3733 10.8032 18.6572 
29.3906 26.8881 25.3132 30.7444 6.8619 26.9458 33.6317 0.3709 7.6039 12.4192 
2.7004 11.1061 9.6782 13.4319 24.8769 14.9459 26.7615 29.3428 27.6668 20.9583 
22.6406 14.2432 13.3356 10.5213 22.7084 10.0764 2.5634 36.241 32.1148 19.6414 
22.7164 18.0839 20.6832 23.7033 4.4223 24.0683 25.2883 8.6866 7.8769 6.0224 
9.8136 3.2202 4.4215 10.2566 21.5513 8.4625 18.0474 24.2153 27.5659 10.4747 
22.2687 20.2391 20.6036 27.2932 5.9129 23.0204 25.0336 11.8318 7.6209 7.737 
27.3122 16.4224 26.133 24.0981 7.8692 20.8415 19.8947 15.8634 10.2676 11.1207 
5.2722 12.9742 14.7706 17.4416 24.1942 16.994 30.2319 22.5782 28.3373 14.9579 
17.5277 9.6875 14.5477 17.1301 12.4736 13.4155 14.5922 17.172 17.2173 4.4018 
10.6836 14.5488 16.5494 22.1087 18.6482 24.4293 33.7247 18.3233 19.7532 13.7963 
22.0058 7.8157 14.4191 15.5324 14.1339 10.2681 13.4272 19.2251 17.8245 6.8672 
26.0727 18.3588 22.8023 26.6299 12.2037 18.4715 19.3196 19.9354 12.4927 12.6903 
9.7287 3.0671 4.4141 9.9541 19.1313 7.8716 19.3468 25.7243 27.4053 12.2484 
10.0301 12.7365 14.5805 22.4081 18.2206 17.7763 24.6988 17.6995 21.9591 11.5888 
9.0688 7.4306 8.987 15.7925 19.2321 13.0719 21.9468 19.045 24.7968 7.5696 
34.6683 28.4882 33.5745 35.6315 6.0413 33.449 31.6343 10.2006 1.91 16.2329 
3.3833 8.1666 8.5768 13.9611 21.9626 12.7559 24.4981 27.4325 24.7 16.8123 
25.1973 18.6753 20.589 23.3495 2.5291 23.2593 24.136 8.3088 6.6747 7.6354 
34.1423 24.4448 22.6125 29.3518 10.8642 26.2014 18.6038 18.7294 10.2331 15.0631 
33.8815 25.216 22.5395 24.2215 20.4592 21.3478 14.5463 29.0982 22.8725 17.6637 
27.6934 22.7629 27.9158 34.1167 4.4417 29.9464 33.3728 2.9919 7.427 10.3317 
21.7729 18.6243 19.3965 26.3761 2.9731 22.4097 26.2209 7.3898 7.9136 6.7874 
2.8321 15.8828 12.3338 18.883 26.2615 17.0495 26.2192 26.3765 37.7497 18.9188 
8.3006 9.1743 10.1439 17.0859 17.8864 13.5611 25.6865 17.8804 23.3986 7.6924 
14.3573 9.2226 16.1694 20.2466 11.4563 16.2769 23.9544 14.4363 15.5346 4.5456 
15.3651 9.1857 11.9308 16.9186 10.6376 16.9703 23.8056 17.6005 18.8828 3.0145 
20.9715 9.6893 10.1297 4.5783 28.5624 3.1275 9.2135 30.7093 32.5354 17.1821 
15.8356 7.3966 6.176 2.5058 22.9761 1.3889 11.8401 31.9053 28.0974 16.5849 
28.2126 18.8077 26.5137 23.6806 10.5762 20.4838 20.1983 20.775 11.0019 12.7083 
19.3282 7.8441 10.5277 9.3048 24.1869 5.5655 9.3342 29.9397 25.3527 12.1782 
32.6034 23.2637 25.1477 29.7261 18.5556 22.0411 14.7125 30.1005 22.8597 17.4635 
38.3139 28.4264 29.8258 28.939 20.2843 31.766 19.5074 22.3565 17.2357 20.8278 
23.6786 17.2936 21.1829 27.1716 8.7882 19.0239 21.7204 17.6383 10.8433 11.3571 
11.2415 10.3087 13.4836 17.3082 14.109 17.5893 26.4261 16.1622 16.7785 6.9551 
21.0646 16.7648 20.6106 26.0714 5.0506 22.3079 24.3071 7.0342 8.167 7.103 
29.1375 26.221 29.0337 31.3149 8.5224 31.6256 24.9238 13.5449 4.4814 14.0712 
14.5892 2.1757 4.6217 8.481 19.6844 4.6831 15.1308 26.58 26.218 9.9273 
15.3487 6.2502 10.3093 16.1499 14.2133 10.5182 20.0301 17.7759 17.7385 4.5711 
42.5116 26.569 34.5825 31.2261 21.3348 28.5144 21.1739 25.9139 19.0412 23.59 
15.8302 2.9606 4.3337 7.4012 22.1495 4.1188 13.5171 24.2582 28.9837 10.2898 
28.583 17.1764 18.5784 19.2762 14.589 18.2585 12.4768 19.3071 14.1777 12.592 
27.7149 29.0351 33.0365 31.5327 6.9715 30.8506 35.0397 1.3144 8.4945 17.3027 
20.7753 8.4612 15.3494 17.2363 12.0178 13.779 12.2244 19.2077 15.3516 5.3134 
4.2532 8.0636 10.0606 16.2728 23.9408 15.4888 23.9539 24.3865 29.4441 11.1453 
26.794 20.1735 25.9898 21.8123 8.3887 19.1474 22.0658 16.6117 10.1451 9.7759 
28.6046 26.1435 27.016 36.6023 9.1672 27.0522 29.7677 2.2423 9.3249 16.226 
18.544 13.4213 12.2999 4.9418 32.603 6.2521 8.6781 39.3134 37.378 23.073 
26.9041 20.554 26.6448 33.1675 9.5634 28.4403 30.6647 4.2156 12.6167 12.8406 
23.0369 20.85 26.4106 28.7758 2.423 29.5489 32.0937 3.628 6.0136 9.7525 
1.9078 12.9959 11.6023 20.1946 24.3961 16.8781 26.1034 24.0918 27.555 15.3696 
34.4483 32.4839 28.5504 39.8717 9.1649 31.2814 33.2483 4.3655 9.3685 21.2268 
14.5964 17.5307 21.8336 24.1121 12.7633 24.5599 34.5782 12.5429 16.605 11.251 
17.6887 8.8437 14.2333 19.5375 9.5268 13.4024 21.6824 15.4671 15.8191 0.1202 
32.3044 20.8494 29.3304 21.8971 16.8911 24.2766 14.7935 24.358 18.4959 18.3549 
24.7945 13.8897 10.9012 4.8794 27.3375 6.709 7.0504 36.1107 36.5218 22.4094 
21.0752 11.9894 15.3343 18.8738 7.4446 16.1385 23.0148 12.8228 12.6194 3.0215 
25.7547 17.811 18.4758 13.6854 26.3588 15.1018 1.9696 36.3009 30.8623 19.2129 
26.9222 20.8591 24.69 27.6159 8.3206 27.2891 19.4943 15.35 8.0039 10.9234 
7.8562 9.1889 10.1511 17.7542 17.9058 15.9519 20.3289 19.8851 19.2849 9.6182 
31.1371 16.0972 19.1625 11.5141 34.1761 11.551 5.9166 39.0243 33.2815 20.4021 
26.9103 17.6988 22.1772 25.2836 3.3732 22.7864 26.1978 9.8072 6.4422 6.6342 
16.8253 7.5395 12.9284 12.3011 13.0341 10.4635 12.1702 20.4534 20.3177 5.2256 
27.8038 17.2016 21.7019 22.1239 17.553 17.632 13.0873 25.2761 18.0314 15.4212 
39.5891 27.6032 28.9393 30.8005 14.3285 30.5763 28.207 16.1646 11.1249 18.0011 
33.1328 27.667 27.9315 36.1585 14.6941 33.451 22.9855 22.8826 15.7122 22.3316 
17.8742 21.1675 22.3673 27.1766 10.6018 23.0917 36.7613 8.1837 16.0838 13.9422 
28.636 18.4904 20.8048 16.7273 25.5695 14.2516 5.1685 28.0061 24.7763 18.2567 
28.6245 16.7435 19.6828 16.3369 24.0884 14.3457 5.3828 31.0221 22.5798 18.7142 
23.8472 13.7012 21.1532 19.3406 13.7795 20.1466 14.5586 18.7378 15.2881 9.7757 
6.1852 6.3818 5.8208 11.782 24.6478 11.0841 22.1848 21.538 27.0426 11.2053 
1.9398 12.4433 10.0748 18.8506 22.4799 15.6426 30.4631 22.0229 24.4349 13.8561 
2.1298 14.7218 14.1086 19.4807 24.9348 15.8392 25.8105 27.9035 27.8605 16.824 
26.5185 26.8799 30.7544 38.3952 9.0843 37.6303 36.4442 4.2798 7.3974 18.1572 
19.5363 9.2712 12.4088 10.5315 22.5487 9.0809 9.287 24.4936 25.0849 12.8198 
37.3069 25.0984 22.5131 23.5468 20.999 20.8128 11.8924 33.2132 27.3552 22.9237 
22.1702 13.0374 17.4637 23.1271 6.9055 16.6241 23.9013 12.352 10.4118 3.5361 
7.5823 9.5043 10.8103 17.9114 21.2201 13.9755 26.7561 17.8766 23.5033 10.1021 
22.083 20.3005 22.1937 27.2043 12.924 30.9605 38.6358 8.0564 16.6713 12.41 
26.8213 15.5234 16.9022 15.3651 28.3414 12.4113 1.1751 31.2112 25.8679 23.0227 
11.967 6.9642 11.0756 15.4229 14.7247 13.9279 21.3892 20.5428 18.9881 7.211 
32.8206 19.3344 25.0202 23.3329 21.2672 17.7511 15.1104 28.9133 22.4966 15.7615 
23.7651 19.3936 23.6096 27.4366 2.2404 31.0162 33.0424 4.0819 5.131 10.7987 
12.1153 14.0142 16.0837 21.3958 12.3895 20.35 27.4665 12.0834 19.2232 8.6062 
7.6472 6.3176 2.9079 8.6674 23.2411 8.1574 17.2149 27.9011 27.6497 15.1815 
23.5043 18.693 24.5142 28.5291 2.8985 21.2091 25.4423 6.9503 8.5252 8.0333 
15.3969 15.3734 17.0709 20.4041 8.9272 19.0275 23.3474 11.1129 13.8488 4.8644 
7.4194 5.9475 2.6887 9.2787 27.4376 9.4755 17.3418 26.2551 31.5081 15.1291 
47.7355 36.2438 33.1018 40.0607 23.9387 31.3167 24.6968 30.5518 17.665 21.9668 
29.687 17.2072 24.1419 29.3805 3.7401 24.8803 24.1917 11.2258 7.1289 8.3198 
25.2695 15.668 21.1936 24.1649 2.7264 22.8232 23.3695 8.3449 8.5447 7.3062 
11.0563 4.8909 0.9225 5.4958 25.3507 5.5487 19.0751 31.4933 27.1577 16.2908 
10.6091 2.6976 5.663 10.5857 18.7208 7.7496 18.7828 24.7576 25.31 10.6231 
19.9285 6.373 7.4307 5.6933 20.8531 2.642 10.4147 29.8522 29.8136 14.6782 
22.7595 13.6353 14.8153 19.5248 12.4393 16.2332 12.1813 17.9336 17.3477 7.2159 
13.7482 16.2588 15.8752 20.5837 11.5463 23.3235 30.726 11.958 16.2504 8.3459 
22.7915 21.4538 24.3197 35.7247 12.6197 31.0572 35.3456 7.5019 14.8771 16.9501 
23.7712 9.7482 12.9619 10.8942 23.1747 7.3151 6.1316 25.6658 27.9144 13.4957 
7.0785 5.5031 8.3472 14.2442 19.2558 10.726 20.1953 20.6937 23.2916 9.7978 
19.7931 11.0433 14.8841 12.1655 17.9694 9.7159 8.6958 24.8777 20.7536 13.0349 
31.9339 22.5618 28.7365 30.9579 12.2639 26.4913 21.5022 17.2793 9.9234 17.9631 
27.0709 22.9362 24.5044 33.7674 6.9039 32.3077 33.7063 0.3311 6.7464 15.4585 
2.5267 11.2239 10.0672 15.4625 27.1029 14.6674 25.4027 27.5487 31.5375 19.9767 
24.906 13.4692 14.2821 11.8357 25.3694 9.8162 2.5493 35.2863 30.1869 20.7215 
19.6913 18.2058 23.0819 22.4049 3.8876 19.9571 21.8057 8.5713 8.9811 6.0949 
8.457 3.7868 5.2044 12.5918 22.5182 9.3866 17.6592 25.9335 22.0167 10.5802 
26.49 16.7515 21.2743 28.3027 4.6192 22.7193 21.9934 11.8151 7.764 8.2893 
28.1608 16.3328 25.7645 28.131 9.6254 22.7957 17.2611 14.0578 11.3352 9.6637 
5.1177 12.8154 14.556 21.2181 18.7781 17.8429 24.8509 24.0319 25.8083 15.8795 
16.8353 9.5979 12.7596 17.9875 14.0895 11.0087 16.981 15.6371 19.0223 4.5304 
11.8471 14.0905 18.5651 24.501 15.2344 20.3701 26.3016 14.5695 22.806 12.4302 
17.6914 9.3435 12.802 16.4801 12.6196 11.1167 12.4338 23.017 19.9521 7.5559 
28.6286 20.7511 24.6546 21.2566 12.0359 21.3184 16.3053 18.5427 13.8532 12.6688 
8.3071 2.5588 3.8753 9.2184 20.8447 7.3694 19.6248 25.3129 22.9847 12.2644 
9.9435 12.4799 13.4579 23.6896 16.8704 18.546 26.8631 17.4995 18.8178 11.6102 
8.6128 6.1524 9.8033 14.7779 15.9507 13.3773 20.4757 21.0916 21.9067 7.4031 
35.2843 23.8574 33.3934 33.4778 5.8205 28.9477 31.3218 10.4958 2.1713 14.1228 
3.4259 9.5438 6.5819 13.2939 25.8644 12.9838 26.9735 24.8953 31.4431 12.9315 
25.8351 17.765 22.1507 24.4381 2.6622 22.0073 21.1947 7.6836 6.1909 7.9465 
27.4627 18.7667 28.5062 30.7499 10.1848 24.2216 21.1877 20.1032 13.0498 15.8463 
30.3212 21.0337 25.2433 26.116 22.3447 23.0267 14.0634 25.5868 20.5439 18.1973 
24.7768 20.1925 23.7314 33.7878 4.3408 30.1726 25.8489 3.2563 5.7954 12.1288 
22.0566 18.0994 23.3357 22.3817 3.4196 23.8647 23.3864 7.5268 7.2905 6.981 
2.8032 14.6791 13.0864 17.5833 26.4226 17.9125 29.8765 28.2428 35.587 18.4921 
9.9543 8.3443 11.6301 16.0575 15.3352 16.1804 21.572 16.3051 23.6218 7.4249 
13.6299 11.0164 12.9215 19.7806 11.0572 15.4694 21.8373 15.1319 15.2386 3.9996 
12.3575 9.5272 12.2441 15.7665 12.1297 13.7644 19.0862 17.1393 16.5861 3.4006 
19.1253 9.1676 7.7124 4.7858 23.1269 3.0658 9.4244 32.817 27.61 17.7142 
19.462 6.7178 7.0706 2.2667 27.7856 1.1489 12.3414 30.6902 30.9803 17.0872 
27.8887 18.7275 24.0103 25.1716 12.3258 23.343 19.6944 19.398 11.0451 11.6731 
16.6182 6.3322 10.0588 8.8499 18.6043 5.5735 8.0232 26.4555 22.3078 11.7753 
34.3463 24.1678 25.9943 25.1529 23.2155 25.1235 14.4068 24.0428 18.6035 18.288 
35.7469 29.6852 30.6214 31.6662 20.1873 29.7215 19.9857 28.0342 17.9556 19.8751 
29.0289 17.047 21.1435 26.2085 9.8689 22.6828 17.5474 18.0086 12.0139 11.2286 
10.8185 9.0844 12.7831 21.5106 11.9719 15.8178 22.7398 13.4979 19.8427 7.4824 
22.6647 18.3727 25.0078 29.8232 5.2828 26.9835 27.9339 5.6693 9.0838 7.7573 
32.8637 26.0671 29.4225 30.2441 7.4495 29.0552 30.3379 12.2555 5.1015 17.6257 
13.9635 1.9206 4.8538 7.165 21.669 4.9424 14.7411 26.7534 21.8846 10.0373 
11.6447 5.4573 11.1184 14.2298 14.5648 10.1944 15.8106 17.3581 20.2399 5.2644 
40.6188 29.1167 33.9519 32.6758 19.5945 32.6364 25.0915 22.3974 19.8896 24.1261 
12.3382 2.9369 4.5664 6.5712 23.3576 3.776 13.6407 24.7526 29.5534 11.2769 
23.8077 14.965 20.7461 19.488 12.7095 17.0737 15.3017 21.5229 15.9099 12.9285 
24.4956 24.3188 30.9 31.0722 7.6036 29.7588 37.3427 1.37 6.4013 16.4358 
17.4209 9.4233 14.6701 16.935 12.6828 13.7931 12.1081 20.1516 18.1359 5.4523 
4.826 9.279 7.9323 17.4675 22.5055 12.7453 27.1139 20.5157 23.6003 11.899 
28.3873 17.3565 25.1918 23.9538 8.6933 22.7059 20.0882 16.3064 10.9335 11.234 
27.0334 26.4659 27.3621 31.8099 9.1347 27.7271 38.6633 2.1301 8.9857 13.5625 
22.1505 13.1533 9.8977 4.2904 25.8404 5.5191 8.4896 35.761 33.7012 20.6895 
27.1669 25.3835 30.1432 34.0273 10.6251 29.0647 30.3903 4.5782 11.6557 16.7814 
24.9857 23.9045 22.6272 29.0836 2.2513 24.235 25.4006 4.4122 5.7577 11.5883 
2.0255 13.7392 10.2077 16.0835 26.0855 17.5698 29.797 25.6024 27.9775 15.4205 
28.3593 31.0672 34.3152 41.8539 8.7743 30.1111 40.9055 4.4762 9.6956 20.1076 
13.3007 15.665 17.5435 22.4629 13.9461 21.495 30.3725 10.859 19.0583 10.8154 
14.7672 9.2661 15.2997 19.1706 10.2561 15.8583 17.1631 13.3993 14.7345 0.1322 
34.5299 23.4792 28.3433 28.3642 17.7418 22.374 15.0234 27.6127 19.3827 16.7814 
20.8532 12.8013 10.8745 6.0945 28.8867 5.5691 8.9803 32.1468 32.6448 17.7866 
21.9295 14.1136 16.8253 17.9298 8.3915 15.9452 19.7911 12.8811 12.8937 2.4959 
31.756 16.7404 19.7983 15.1125 31.0549 14.7136 2.0512 30.5912 31.7638 21.7435 
32.1293 19.8536 25.6739 24.0914 7.7047 23.4004 23.7237 15.5388 7.505 13.1001 
10.0472 9.4041 12.2688 14.7233 17.2535 16.7531 21.8591 19.7369 24.2788 9.5268 
28.0007 18.312 17.8226 9.4457 31.8811 11.2426 4.82 31.9126 29.8614 20.2765 
26.3097 16.1321 21.1188 21.987 3.5323 24.7012 21.1549 9.0811 7.2512 7.1613 
15.8925 7.7654 11.3523 13.1382 15.9009 12.0868 12.7799 19.0655 18.0283 5.1612 
26.9734 15.9112 20.522 17.6593 19.5171 19.5732 10.4739 24.5646 20.4145 15.9666 
37.242 28.7628 30.2192 34.3375 14.3429 33.32 26.5945 16.412 11.4689 15.9819 
35.1069 26.5185 33.1195 30.2852 18.5802 29.3655 24.7839 22.3765 14.7958 21.9975 
18.0841 20.7173 21.3676 27.6426 10.3687 24.488 36.2437 7.8963 16.105 13.622 
25.4318 17.6756 16.8592 17.9133 22.1082 13.6403 5.0669 29.318 23.9694 18.2961 
28.5079 16.939 19.9388 19.1029 23.4047 16.0287 5.2892 32.334 26.0616 15.711 
23.5261 15.8303 23.0857 23.2656 11.3935 18.0988 15.5324 19.5282 15.6753 9.5674 
6.2471 7.2437 6.4262 13.6129 23.7241 12.6773 18.9654 24.785 24.9636 12.1874 
2.3055 11.2969 10.4902 19.5025 26.261 14.8344 29.3229 21.8059 31.1555 14.6704 
2.0459 13.3805 13.4612 17.5386 27.3664 19.567 26.3573 27.9723 29.4967 16.5899 
30.972 27.25 29.4825 38.5425 7.9351 30.892 35.4313 3.6803 7.8177 18.1934 
18.1096 8.0611 11.1533 10.0035 20.1976 7.5844 8.2166 26.7044 20.7604 12.8737 
29.6003 20.2845 25.702 20.3362 21.6831 22.3185 12.4347 30.5086 25.9702 21.9048 
20.8763 15.5655 19.9122 24.9561 7.2853 18.4887 20.0814 12.2146 10.9657 3.8641 
6.4314 9.7856 10.6546 16.8013 17.3895 15.2517 27.8867 18.2203 26.8667 11.5197 
19.3976 22.2979 21.7594 28.4104 13.1173 28.2848 33.8112 9.827 15.7526 15.4383 
25.8866 18.7146 17.0125 13.5822 25.9518 11.9649 1.188 33.5835 27.4481 19.8639 
10.777 7.1454 8.7121 16.6287 13.5907 12.5929 23.8751 18.9698 17.6507 7.3051 
35.4357 19.4338 27.3517 26.2178 16.7313 18.9557 13.4353 28.6804 17.8916 16.1695 
27.4023 23.5957 23.2338 28.7601 2.1008 26.592 26.745 3.828 5.1062 13.0212 
13.8407 14.6236 15.7432 22.4577 13.097 21.5881 29.7573 14.654 17.3034 8.0492 
7.3626 6.4879 2.6798 9.223 28.1731 8.0178 17.5838 30.1815 30.634 15.9802 
20.3388 14.9773 18.8461 27.1864 3.442 24.8772 25.4716 6.6343 7.3306 6.4088 
16.6431 13.1166 17.6317 23.6896 8.9249 21.2431 26.5181 9.7906 13.0134 4.4368 
7.1148 5.4198 2.4801 10.0808 23.8952 9.3616 22.3112 24.9219 30.9942 15.0488 
47.2308 29.355 37.2292 40.9551 22.7668 34.6386 29.4165 24.5996 19.9108 27.045 
26.8787 21.0532 26.5669 23.5727 4.4405 22.8575 20.8746 10.0257 6.1336 10.1393 
26.137 15.1108 19.4415 23.8565 2.897 25.5679 26.8817 9.5152 8.252 7.0188 
11.4664 5.1534 0.9845 6.7353 24.0465 4.9539 17.4659 26.0591 30.3043 16.4824 
8.5939 2.1774 5.2895 11.5264 18.4436 9.1469 18.8443 22.5286 24.1723 9.1773 
18.9045 7.3016 8.107 6.5313 25.8527 3.2141 9.1302 29.2814 25.6008 14.8362 
21.708 12.7232 18.1049 17.3611 14.2591 16.9117 14.0912 19.548 18.376 7.7402 
15.4223 15.6599 17.5683 25.5232 12.8161 20.3382 27.5485 11.2332 19.6895 10.4947 
23.0164 26.3187 27.9494 28.5225 13.1866 25.9504 39.2095 7.0645 13.5486 15.266 
22.8196 10.7794 11.1112 11.3435 23.9772 6.9071 6.3137 28.5882 24.789 14.6145 
7.7979 5.3282 8.6493 14.0941 17.1562 11.7434 22.5206 20.5907 22.2304 8.5876 
25.8534 10.8251 15.0293 13.2391 20.1825 10.1036 8.645 25.31 19.3773 13.8275 
29.3501 22.2435 32.0883 31.5478 11.4311 27.1352 20.3306 18.1044 9.8155 14.5017 
25.6457 21.3581 31.111 33.6177 5.3261 27.7288 32.961 0.317 6.5506 13.6083 
2.6265 12.0585 9.7807 16.1797 29.2977 14.5346 25.7424 24.8203 30.874 20.4281 
26.4259 14.8439 15.156 10.6776 29.7442 8.5447 2.6161 31.1004 30.4406 19.5991 
21.4163 16.9208 19.094 24.6207 3.7714 21.1731 22.9462 9.1612 9.1508 5.5785 
7.6845 3.4377 5.5553 12.6652 18.6681 9.3998 16.8556 26.1953 23.7175 9.6487 
23.5704 18.9189 22.3879 26.3861 4.7354 25.3398 22.3623 11.9486 8.2901 7.993 
25.1121 16.1642 20.0734 28.2303 8.9479 22.7896 16.9703 14.6626 10.8241 10.6219 
5.8654 12.2179 12.0974 19.2892 21.0111 19.3406 29.5583 21.0571 22.4117 13.1065 
19.264 9.4356 12.4454 17.7516 14.4331 11.5213 16.3055 17.5108 15.9086 4.6319 
11.9 14.5969 18.6041 26.2684 19.0565 20.6534 32.8428 16.1545 20.9719 13.5573 
18.2678 9.6995 15.3531 14.0186 15.4522 10.2918 14.6236 17.5604 17.0155 7.2585 
26.7923 17.1086 20.1209 23.0361 12.7003 19.4913 16.1348 21.2001 12.3246 14.1301 
8.6972 3.0059 3.9257 10.7817 22.1781 9.3431 19.3521 27.6977 29.1677 11.0957 
11.1605 14.5134 14.9705 22.9441 16.621 18.4679 30.8496 18.4995 22.7399 12.0541 
9.6727 6.6002 8.3768 16.1118 16.8588 12.9663 22.8332 21.0006 20.3525 8.1106 
33.4454 24.9052 29.1157 32.3723 6.0647 29.1806 26.8617 10.4502 1.6691 15.0259 
3.0503 9.4904 7.0601 13.8074 23.8251 14.6926 23.8135 29.0457 28.572 14.756 
21.6355 17.431 26.6622 23.9091 2.5895 23.8007 25.4378 9.7533 5.2249 8.1798 
33.345 19.2846 29.2597 28.4692 11.3085 27.0321 23.4721 18.4376 11.5319 13.7348 
36.2454 21.3104 29.0662 23.4168 19.9521 22.6054 15.186 26.3359 18.802 19.6202 
22.4506 18.6231 27.8717 28.7148 4.2377 31.1321 30.8419 2.6202 5.9036 11.8536 
23.9721 15.6839 24.3206 27.5266 2.9852 20.7069 21.4503 8.4707 7.969 6.8513 
2.4922 15.9915 12.4123 20.7586 28.3064 17.0234 27.9801 25.6715 31.5258 18.3783 
9.8934 8.0924 10.0575 19.1223 18.4929 15.0182 22.996 15.3794 19.7552 9.1007 
14.7333 11.0562 15.2904 21.7513 9.7438 18.5642 21.3015 14.5154 13.9159 4.3005 
15.756 9.6377 12.3279 15.3471 13.5588 13.7176 18.1924 14.39 18.1188 3.4975 
18.357 9.9838 9.1984 5.2682 22.494 3.5087 8.3673 29.4108 31.0483 16.3048 
16.1349 6.9412 6.9561 2.5481 27.4361 1.2249 11.853 35.0682 33.7926 14.8607 
27.8291 17.3526 21.7803 24.755 12.1764 21.3319 19.4317 18.7252 13.7533 11.8049 
17.4334 8.1955 9.646 8.1785 20.2135 5.887 8.5262 23.85 25.9004 14.1487 
36.3696 26.5563 27.6562 23.2399 18.3512 26.8195 14.0312 23.7842 24.2785 17.7345 
40.3165 23.1164 33.3264 33.271 17.2117 24.8687 20.0454 27.049 18.0019 22.6733 
25.6406 16.58 24.473 26.5037 8.7363 23.1363 19.4996 13.7705 11.0541 11.8102 
13.1588 10.1643 13.3172 17.0147 14.3992 17.9668 24.2337 16.8272 17.9967 7.4938 
22.8113 18.9602 24.5346 26.929 5.138 27.2016 27.8086 5.3707 8.3684 7.1901 
28.7919 24.7777 29.0078 32.921 7.6231 33.4835 28.5759 13.538 4.117 17.1212 
14.5417 1.9058 5.6101 8.8056 20.6229 4.2573 14.5735 23.4589 22.0734 9.7198 
12.3129 6.3215 10.019 12.9551 16.3811 12.4282 20.1114 16.7958 22.0657 4.5205 
38.911 26.395 33.102 33.2228 18.59 25.0309 24.0532 25.8226 18.5392 19.0976 
13.7073 2.4198 4.4621 6.2233 20.8045 3.5544 13.0563 29.787 23.3834 10.2626 
29.2947 15.7128 22.7866 21.0414 12.7177 18.0526 13.6107 19.6457 16.2912 10.4246 
25.8104 23.4062 32.5129 35.3151 7.8393 35.2183 32.0954 1.2161 6.5995 17.4681 
21.4573 9.0667 13.0645 13.7943 12.4363 13.9304 13.6041 17.3802 19.5356 6.4832 
3.9856 7.9727 9.8015 15.2637 24.4233 13.068 24.7862 22.4052 23.4051 12.6454 
28.0244 21.0508 20.6876 28.1304 8.7357 23.4732 17.5702 15.8844 9.5004 11.2462 
25.0036 24.7178 25.1698 36.1948 8.6482 31.1642 30.253 2.3495 8.8132 14.5424 
18.766 13.0549 10.3166 5.5533 30.3012 5.9759 9.2787 37.5076 30.472 17.4923 
22.2853 24.3782 30.5571 28.9993 10.034 26.9007 34.6044 4.0841 11.6257 12.9335 
23.3847 19.0662 29.1402 31.9902 2.4157 30.3091 29.9735 4.1429 4.8007 12.4341 
2.1991 11.7785 12.3063 19.3472 25.4787 17.5897 29.9977 24.049 27.8201 17.5977 
28.1453 28.2422 34.2209 35.8963 9.1965 36.776 34.6318 4.3505 8.9607 21.1833 
15.1399 15.8437 20.9082 28.7092 14.2711 26.8501 28.1377 10.9501 18.833 11.6832 
16.0151 10.458 14.2416 18.2506 11.1829 14.1379 18.8106 14.0652 15.0024 0.1115 
36.5836 23.7314 26.6734 24.9346 19.4488 19.5295 16.512 22.7084 19.0465 18.3233 
25.2697 12.3062 12.5817 6.2156 31.6482 5.6004 8.3863 37.0917 35.674 21.4255 
18.4952 13.942 18.8495 22.8649 7.2548 15.8638 17.8324 12.5787 11.8626 3.0612 
27.6212 19.2019 18.7118 16.3231 27.5388 13.052 1.7617 36.6219 32.2452 21.258 
26.1831 20.5336 24.3834 25.2353 8.1644 27.1526 19.9154 14.2094 8.522 11.9599 
9.4132 7.967 10.9288 19.0468 17.0536 15.4506 23.2685 19.6311 18.8472 7.7041 
24.1388 14.4718 17.6641 11.6775 27.8714 9.9805 5.9244 42.0571 37.9174 23.5546 
26.7447 16.027 21.3708 25.7628 3.3365 22.2202 21.8061 9.9752 7.8269 7.656 
16.1612 7.2342 13.1183 14.2383 15.4139 9.8505 12.8277 20.6476 20.9471 5.8646 
29.5298 17.0941 21.8223 21.767 16.4229 18.2068 10.173 26.794 21.4256 15.1061 
35.2675 26.6482 30.6191 33.5929 12.4616 25.4171 25.4125 19.0623 10.1227 18.4642 
40.0368 25.1812 31.0096 34.6183 15.9958 32.8024 24.5396 23.9011 15.7551 20.8253 
21.2491 19.4415 24.4734 29.7063 11.7902 26.2561 28.5069 7.7128 13.6833 13.4205 
29.9839 18.1571 16.8865 18.7055 21.3209 14.1531 5.3145 29.4508 26.318 18.5621 
28.6162 18.3856 20.2117 18.0132 21.2043 15.3307 4.6441 28.0211 28.3084 17.4973 
28.8512 17.878 17.4502 20.2673 13.225 18.6056 15.3141 16.9187 15.5701 11.6704 
5.9297 6.0022 6.7796 11.9538 21.2774 10.8943 19.3161 26.9866 26.0184 13.899 
1.8964 10.8923 9.1206 17.9978 24.2903 18.3259 24.6016 26.6291 25.3557 14.2416 
EOF