I 100
J 10
bounds (0, 100)
cv 1.0
D 100
k 5
t 3
FLR 0.8
FCR 4
λbounds (80, 120)

λ 
99.9309 87.713 119.127 
118.8148 92.0817 105.5794 
97.7655 119.2881 102.5907 
111.5459 85.7251 116.855 
86.163 105.169 99.7374 
106.2027 97.9377 102.6646 
108.3327 108.5562 107.4535 
86.9559 119.773 82.3479 
89.8697 114.7418 105.4769 
116.7656 103.8376 113.9946 
113.7912 92.8585 100.0026 
106.419 106.2716 106.6869 
103.0743 100.3195 97.6475 
101.2995 105.2448 113.1911 
111.6024 99.1107 116.3282 
91.0546 115.191 114.0356 
119.3266 100.1408 94.9169 
92.9026 84.5384 93.2618 
92.2632 92.1551 113.5624 
118.6323 114.0329 113.9908 
84.5002 99.1711 117.3248 
117.4561 83.5536 118.214 
101.0632 90.1518 114.5125 
108.8188 87.6969 83.102 
111.2574 85.9847 101.2009 
105.4612 115.8367 82.1705 
109.6438 102.6635 87.1413 
90.7983 84.548 89.111 
81.4553 106.4451 117.3061 
104.0418 81.543 87.182 
85.1046 96.3061 109.5932 
82.9756 83.6207 80.4861 
100.8666 85.2721 88.077 
117.5251 115.7483 111.2456 
105.5238 117.6355 90.697 
102.2892 96.0414 106.228 
106.6418 110.7969 101.9096 
113.7006 85.089 84.4369 
83.1549 86.7133 99.8811 
101.6328 83.4651 104.2663 
113.6406 98.6364 107.4482 
85.56 103.3096 102.0419 
116.125 96.0562 112.9171 
87.9509 100.8811 95.2212 
81.6016 90.9676 99.2982 
89.8326 108.3074 83.3613 
119.8679 108.7402 93.7528 
94.7988 87.0273 114.9237 
116.6095 100.644 112.7343 
91.4065 98.6848 94.9487 
97.2536 87.9686 91.07 
105.473 94.202 110.9069 
95.9851 84.5124 81.6776 
92.1064 81.4461 115.6685 
88.5486 116.4698 109.2847 
109.6914 88.0036 94.4791 
102.6056 87.1376 88.0662 
109.4316 93.9835 107.2592 
100.232 101.2523 106.1913 
81.6799 113.1193 99.2736 
102.6429 119.5593 111.8269 
82.2823 104.2858 115.3039 
119.5407 118.725 118.9665 
103.5999 83.9983 81.9293 
87.3048 103.926 110.6425 
86.8275 102.0531 101.8812 
102.7409 108.2105 96.812 
84.5498 101.2824 106.2724 
114.7039 114.3641 87.4046 
106.5974 80.2972 80.9656 
80.7233 110.0563 86.1054 
112.9874 92.2534 86.3051 
83.9511 114.6461 85.5915 
118.2688 100.4388 101.6516 
89.7619 117.342 97.2764 
96.11 95.9343 89.3042 
98.8481 89.4659 88.0858 
96.1765 88.8583 109.5393 
118.6597 100.1671 97.5286 
118.9909 115.9449 101.2395 
85.7001 82.6485 99.5426 
87.458 104.5026 85.6571 
116.3494 88.7279 105.5241 
89.894 105.1031 94.5517 
118.5771 100.7978 86.4221 
82.3122 99.2879 101.8289 
83.566 88.0298 119.6431 
100.2302 106.023 90.4402 
100.6615 97.2074 101.4943 
81.9433 80.348 116.9362 
116.092 84.6469 80.4918 
99.1063 81.0388 101.7964 
114.5593 108.5468 99.0258 
87.9097 83.8706 90.6935 
96.0176 92.5012 100.5771 
113.9142 111.0971 81.3646 
106.0739 98.4209 104.1236 
109.5013 103.6814 105.4705 
111.1668 119.5062 93.0278 
113.703 92.8541 106.4793 

Icoords
73.625 93.6775
2.4956 71.5475
22.9511 7.1227
87.8488 72.8171
71.9209 0.6393
36.1596 31.4963
6.5124 71.2753
48.3494 48.3414
96.8628 31.8144
49.626 54.3547
88.3908 41.0263
32.896 41.8985
64.3383 97.4632
64.6702 9.0059
29.0145 99.1979
99.6844 96.1646
21.0624 50.6243
35.9715 74.1984
93.0958 97.5566
20.3882 50.0269
79.6227 72.2311
48.5983 36.3944
99.5031 66.1577
69.8522 56.1021
35.3119 11.4764
62.8358 99.9218
10.4866 33.5817
84.4679 33.4537
93.5624 36.5063
20.5515 49.4725
96.4603 80.3863
77.6118 66.7092
93.9866 80.2553
83.0296 71.7757
39.0429 13.6056
49.2697 84.4604
41.9698 29.508
87.0557 87.4076
11.1383 94.4985
78.5646 66.5999
67.3146 65.9457
83.8076 37.2091
91.076 98.9352
45.0663 99.1007
30.0049 48.5968
11.229 73.6258
27.7331 69.1535
9.474 86.5777
18.9169 9.3408
56.506 46.1062
87.4609 13.0474
89.3238 37.1735
11.6677 16.7496
65.692 59.8742
41.6158 28.5585
6.6901 58.8144
90.7167 36.6423
70.9242 92.2771
66.1859 96.4291
62.0094 93.061
79.9248 83.0282
36.5197 86.425
87.9972 86.897
82.7518 18.1649
75.6272 45.2452
39.4738 15.9053
95.8814 33.7771
36.5429 77.4209
28.0713 35.9582
67.2281 84.3959
76.1365 78.0988
20.6948 89.6318
59.0529 89.7392
85.4628 95.7086
62.1495 95.3857
13.5151 49.2282
40.8616 50.1791
96.5958 78.7624
35.1547 20.9078
85.338 58.0776
57.1728 47.601
48.5838 46.2866
61.2127 83.0002
23.0515 18.2865
24.2999 86.2834
67.7077 32.9106
78.2289 69.8543
40.6682 67.0128
91.2512 17.3849
6.609 72.2674
17.1238 78.5944
35.0164 72.0918
41.3598 5.4483
76.0982 38.1969
82.0861 29.6868
50.9378 17.4547
59.2343 16.1499
64.0449 61.8392
14.0213 67.8881
98.7333 63.6179

Jcoords
30.4274 33.1701
86.9693 81.0844
94.0209 91.1414
80.66 41.2638
33.3158 95.1927
25.3134 65.969
29.4503 8.3604
34.0141 49.9495
23.67 78.7492
24.4747 92.0167

C
27.6415 7.2072 6.9264 19.292 14.3481 17.5602 34.1354 19.4587 16.0011 17.4928 
15.2698 27.5178 29.4463 26.4555 13.5066 7.8198 21.2615 11.879 8.4542 9.8303 
10.5415 34.8824 33.2888 24.8494 27.295 19.3054 2.0013 15.2956 22.1409 32.18 
25.9298 2.5092 6.2145 12.7409 19.0098 24.3899 33.5471 19.9627 23.4478 23.2361 
19.0813 31.6232 32.8208 12.7903 35.2045 24.605 16.0925 22.907 30.0039 38.5177 
1.8876 21.4625 27.5224 14.2237 20.9579 11.5608 7.6266 6.5356 17.0771 20.8583 
17.4689 27.6795 35.4544 30.4286 13.2987 7.5817 23.9805 12.2501 5.65 10.4621 
7.8404 19.8933 20.6177 12.2615 19.2044 9.3141 17.3221 4.8873 12.5594 19.7009 
23.4699 19.0863 23.6095 7.4127 34.3562 25.6165 25.8809 21.9198 28.9713 36.4928 
9.3545 14.3512 19.8047 11.2128 16.209 8.6788 19.7333 6.0571 12.9907 16.974 
21.1103 14.7747 15.7091 2.3412 30.3507 25.6261 21.1057 21.5677 27.9197 26.6304 
3.3743 26.3711 29.5839 16.0883 18.9414 9.6227 10.3571 2.6376 14.6482 17.5738 
27.1199 10.5794 10.5187 21.4189 10.2586 16.1677 30.6398 16.9605 16.555 15.3855 
14.1992 26.211 33.3974 14.333 30.9714 21.3527 12.3466 18.3623 30.2493 28.6468 
21.9923 18.6105 24.839 30.0358 2.0206 10.5987 31.5664 16.1127 6.6133 2.6218 
29.5748 6.1819 2.4596 19.5867 25.1697 31.9223 35.9466 31.3098 28.8384 29.7454 
7.1586 27.3069 29.1839 23.4315 15.3781 5.6733 15.585 4.7883 11.0864 16.4511 
15.2398 19.5344 20.4696 20.6788 7.3071 5.3781 26.0605 7.6511 4.4543 7.1801 
35.5445 6.9754 2.135 21.5438 19.7009 24.603 34.2203 24.4395 22.7725 22.5328 
6.7119 26.0445 32.8817 19.4289 15.5878 6.0135 14.8389 5.2883 9.9592 14.2976 
19.7244 4.3211 9.1197 11.5914 18.2559 19.4294 27.9641 15.2281 21.2481 21.3795 
6.4536 18.1833 25.5595 12.3491 18.5293 12.4366 10.694 7.0644 16.1249 23.2025 
27.9018 6.3599 8.7196 12.0795 28.8453 27.977 34.3565 26.6149 26.9357 25.9744 
16.1502 10.8991 13.4296 5.5897 17.3309 16.7557 23.6099 12.1669 19.5509 21.331 
7.1136 31.4222 30.2523 19.7059 29.9957 16.942 2.5332 13.9814 21.622 30.5723 
22.7433 11.9521 12.3143 23.7868 9.5041 17.1496 30.2412 20.2601 14.0468 13.6341 
6.2847 29.162 33.4769 21.9967 21.6693 13.2791 9.8768 10.7765 15.3249 20.0447 
18.9306 16.5745 19.3547 3.0767 26.7067 24.5369 23.7102 17.4852 27.1649 26.0485 
20.9901 17.9035 21.6745 5.0056 29.4706 25.8023 26.5859 20.5057 29.9389 35.0515 
6.0479 24.5975 33.2954 19.571 15.1805 5.6197 12.7623 4.9129 10.0457 14.7785 
24.8239 3.2927 3.9128 16.8433 22.6611 24.1517 38.3868 27.2804 23.5245 23.4143 
19.3931 6.7392 9.6004 8.8337 17.953 19.7603 23.3632 16.2264 20.317 21.2823 
25.7945 2.7402 3.4738 13.3054 22.4313 21.1833 32.191 26.5755 25.6714 27.8898 
20.4815 3.9745 8.8624 9.3127 21.9482 19.885 30.518 18.9404 20.3151 21.8886 
7.155 28.0331 35.2063 15.9303 28.5031 20.116 4.0037 12.2912 23.4332 25.4811 
21.201 13.1303 14.6691 20.0027 6.8143 9.6629 27.4212 13.9157 9.5316 10.1402 
4.7178 26.1949 25.4036 12.6729 24.1357 12.8794 8.309 6.6573 20.9601 20.9143 
23.7354 2.281 2.8284 16.4538 18.1256 23.6793 29.6071 19.5518 25.1931 21.0842 
25.3818 29.1707 25.7313 33.5277 7.3665 10.3949 28.1185 16.1205 7.9299 4.1931 
22.3878 5.1763 11.4591 8.6106 17.519 17.7765 25.9941 17.8256 19.9142 22.1665 
16.5354 8.7477 12.8946 9.5316 14.266 15.196 23.646 13.7281 14.241 16.7649 
17.6605 13.9533 19.3216 1.5563 30.6623 26.0468 23.483 16.0258 27.9349 31.9215 
30.8373 6.7004 2.9594 21.0449 21.856 26.4238 41.038 29.3371 26.703 24.8688 
23.1311 18.2402 18.5296 25.107 4.7094 11.9461 32.0879 17.7786 9.4465 8.1421 
5.619 26.0473 27.9939 17.479 14.355 6.4744 15.082 1.6836 10.7344 13.6171 
17.697 23.9432 27.7399 29.109 12.3017 5.3079 23.4183 9.9892 5.0105 8.3156 
10.9732 18.7683 21.4756 21.6568 9.9387 1.4038 18.5858 7.4981 3.5253 7.5888 
22.2025 28.4655 29.7784 31.408 9.6459 8.3696 24.404 14.6243 5.1472 6.3682 
10.1753 31.8114 41.0105 21.6446 30.7029 20.6355 4.1258 13.1966 23.6124 29.5322 
9.5745 18.331 20.8195 9.2848 20.7438 12.6027 18.4835 8.2532 16.6174 18.3447 
18.8756 24.0721 28.0012 8.7218 33.8345 29.3123 19.6889 25.8495 35.2564 37.0613 
22.692 16.3012 17.0912 3.4778 26.8618 23.759 24.0799 18.5114 29.1648 32.3076 
9.7331 36.289 37.544 26.4098 29.287 19.2505 6.1719 12.6463 24.6414 27.6154 
14.071 10.1546 14.7756 7.8885 18.5134 12.7041 22.744 10.4103 15.9758 17.7452 
4.1944 26.5582 25.5328 15.4465 26.5037 13.4096 8.6582 7.008 19.4341 21.5208 
11.3883 28.0424 31.8663 27.9462 14.1104 7.7407 19.5054 9.9881 9.1154 12.6292 
20.1398 13.5806 18.6729 3.5506 28.5175 25.4383 23.6582 22.1557 29.7688 29.3896 
21.6739 7.1484 8.4197 19.8959 14.4925 17.6655 36.0383 18.2577 16.4956 16.7778 
23.1951 9.3365 11.1745 22.0602 11.335 19.6404 28.7415 16.9866 14.4398 13.8415 
21.9102 8.4549 10.0825 21.922 8.6692 16.8906 30.6167 15.9197 14.5074 11.5727 
23.9852 2.5665 5.1883 15.5597 14.9617 20.1564 32.1304 17.5757 19.1085 21.0989 
16.6864 20.1455 18.2949 19.5764 3.1645 9.1058 30.0759 12.1201 5.0396 4.2986 
29.9863 2.2301 2.7906 16.6066 17.8365 25.4097 32.7963 23.3275 22.4934 20.2465 
20.7391 23.3388 23.0755 8.461 29.5175 27.9636 19.8085 22.1165 27.2826 32.9266 
14.8916 11.8976 15.0016 2.1215 25.9942 19.2519 21.2641 13.3591 24.3891 22.3739 
6.2255 29.2108 36.3539 17.001 29.3213 18.0068 3.9306 12.1125 20.0558 27.6168 
22.5368 17.9319 18.108 5.9031 33.4117 26.2864 25.2075 23.3723 32.5139 36.3882 
16.4123 18.7069 21.4921 20.8598 6.6307 6.1269 25.9576 8.9218 4.8219 7.102 
1.109 22.8233 31.3611 16.8874 21.3067 10.096 9.7873 5.705 13.4729 20.9921 
19.3512 6.6937 10.546 16.0778 13.6308 16.4511 26.3709 17.2408 15.7155 16.0073 
23.2209 3.5721 6.8021 14.7742 17.6726 17.0128 30.1871 17.1796 16.397 17.3352 
20.9583 23.2545 24.5401 26.0398 4.5292 9.405 25.626 16.2828 4.1224 1.7855 
19.5143 9.7327 11.6922 20.0775 9.1817 15.9929 32.2656 17.23 14.583 12.8424 
31.3732 4.5663 3.5872 17.1894 16.8391 22.6462 32.0218 26.1438 21.3636 21.4765 
26.9567 9.4701 12.4528 18.2811 11.4386 14.4345 29.4609 16.4494 14.7188 13.1745 
8.0902 24.1475 31.9395 26.9448 19.1584 6.3244 16.8572 6.2274 9.5249 14.8278 
6.5191 19.9715 21.0928 14.552 15.9929 7.9842 14.1097 2.5007 11.5903 16.8945 
26.8466 3.9224 4.9944 12.4066 21.3525 22.82 33.0001 26.8212 25.2469 22.402 
4.8297 24.8077 33.1097 17.5226 26.4461 18.3663 4.2811 10.0765 19.7021 25.4261 
20.6693 8.3609 12.9253 6.583 25.4917 24.0651 25.3352 19.2473 20.3772 20.9199 
9.1627 16.6602 21.3329 7.3273 18.2175 11.5069 15.61 8.7291 16.1161 21.6092 
8.3928 17.8228 24.9515 10.1719 20.2682 9.2927 13.7718 4.7563 15.6727 20.208 
17.771 9.4349 11.3782 15.6783 9.1761 12.3733 27.3607 15.8671 13.8171 13.2702 
5.9866 35.3044 40.6526 20.8641 25.7205 18.0108 3.7083 10.1661 21.0663 28.5905 
18.5044 22.7957 22.267 22.5922 3.994 8.1277 31.0107 13.1861 2.7823 1.843 
11.4192 18.527 24.4545 4.7871 24.7093 19.5525 13.828 12.894 21.8536 24.1146 
19.0588 4.9224 9.5498 8.7631 17.9713 19.1698 28.7199 18.1154 18.3251 18.763 
11.7672 15.3548 17.9998 18.2314 9.4913 4.7448 23.8504 5.9743 7.2545 10.2923 
23.1121 24.8031 26.2168 9.6914 38.5025 31.2299 23.8521 24.0427 36.2398 31.3253 
15.616 28.9335 30.3602 28.3145 13.1003 7.4979 25.6399 12.4938 7.0047 8.5859 
16.9119 26.7958 31.1266 28.8502 8.459 5.219 28.4945 11.3163 2.4051 4.6782 
11.7927 19.3608 19.9217 20.6712 8.6469 3.7024 21.4953 7.0152 4.3781 8.5456 
9.3303 35.2146 33.946 20.3702 30.5003 20.8685 4.5437 17.1844 23.3304 26.9626 
14.8362 17.5162 19.4517 1.8387 27.7938 22.881 17.1658 14.0477 20.9581 29.4798 
20.4515 15.6952 24.4026 4.0814 29.3186 21.4323 18.1735 17.9092 23.3435 31.3875 
8.8524 23.3629 26.6571 12.9176 29.5406 21.5293 9.2118 11.1415 21.9707 27.5175 
13.2332 24.4662 31.0497 12.5741 30.8944 21.7095 11.6432 15.3211 26.3291 32.7711 
14.8452 11.0568 14.2356 9.7798 15.3332 14.6534 19.7575 9.9287 14.5721 17.5967 
13.4397 25.368 27.2926 24.8937 10.4146 3.9459 24.5302 9.5088 5.7734 8.3331 
22.4654 6.823 11.1417 10.823 24.6827 22.265 28.5623 20.2542 27.9722 31.0939 
28.7864 6.4879 7.5039 20.6722 15.0661 20.1165 33.559 23.1876 17.7373 17.8862 
18.7728 33.8851 28.8192 31.7449 15.1265 8.1181 22.079 15.1191 6.7388 10.0495 
10.6337 38.4822 37.8337 23.676 34.8592 19.4467 2.4393 17.4542 24.0104 28.9281 
23.0131 3.0571 6.6418 12.6729 18.5795 23.1191 28.9808 20.881 21.366 23.2096 
16.8932 31.6968 34.7772 16.5592 36.8488 29.9898 13.7313 19.0384 30.0682 32.1032 
2.1892 28.2569 30.4392 17.7911 19.9632 13.4291 8.2626 7.418 17.1944 20.2604 
15.7053 31.3349 28.8229 24.3973 12.864 7.5563 25.1055 10.5378 6.6606 10.0231 
8.0564 19.2402 24.2167 11.3288 14.84 11.565 13.3774 5.7268 12.8845 15.9329 
20.4065 17.6691 18.7569 6.5199 35.0473 29.3666 25.1529 20.6835 27.2671 30.3165 
10.9384 17.7541 19.0436 11.9369 14.837 8.8458 16.2678 6.281 12.9017 16.7838 
20.8237 12.1332 17.9583 2.3605 24.6112 22.0108 21.8739 16.9059 29.6726 28.8544 
3.4533 22.0305 27.967 15.6871 20.2151 9.7363 13.0948 3.1782 13.4782 16.6133 
26.9745 8.6183 9.8298 18.0773 11.7672 16.5238 34.2377 19.8351 14.7822 14.9791 
12.833 27.6747 27.7715 13.3645 32.0353 20.8126 12.8151 16.521 28.8982 30.0579 
25.2152 18.5862 21.9372 29.2985 2.1393 10.8896 27.7512 18.2314 8.0717 3.276 
32.4021 7.4128 2.5004 17.5357 24.3466 28.3022 37.442 30.5469 26.1714 25.7307 
7.628 25.2739 31.12 22.7498 17.6199 5.85 16.5846 3.9128 10.9254 12.7464 
12.8551 19.3389 19.7258 17.6588 8.2446 4.076 24.5322 7.3081 4.7297 8.3825 
30.1985 6.0615 2.1837 21.8379 20.5565 28.7608 37.3651 28.4229 27.1817 22.1817 
7.2711 26.7572 33.7335 21.5118 15.771 5.8767 15.453 4.8032 9.3319 13.8335 
24.5739 4.5615 8.4685 10.2095 19.1346 19.5661 25.7631 19.8372 19.7384 18.573 
6.76 23.0722 27.0604 11.7362 24.161 12.3914 10.3002 6.7378 17.6926 18.6675 
24.7557 7.6892 9.6302 10.634 22.6151 24.7943 31.5593 22.567 29.0036 28.879 
15.726 10.1784 14.3278 6.0707 21.0282 17.6681 24.0289 13.7014 16.9277 18.8078 
8.3544 32.3584 34.7848 19.1687 28.4716 18.4767 2.4994 13.7928 23.595 28.0206 
25.2513 10.0447 10.8791 22.8121 11.6835 18.0048 31.9468 21.5407 17.0342 12.651 
6.1391 31.998 36.1246 27.2276 20.8415 13.2933 9.8421 10.4211 15.2214 19.9665 
17.0554 16.6985 20.4364 3.3565 29.7695 22.7414 18.5038 16.3015 26.3006 26.1575 
19.713 13.6901 19.0738 4.4665 29.7482 29.2962 22.5599 23.1734 27.5461 33.1726 
5.7677 29.3492 28.4388 21.8763 17.9953 5.4171 14.7014 4.2353 11.4413 15.586 
31.1395 3.1586 4.279 13.3371 25.4175 26.2787 30.8511 24.0223 26.2403 26.579 
18.2469 6.7718 10.8012 7.7292 17.2842 15.7277 29.1737 14.685 20.2064 19.8168 
28.2387 2.6696 4.2913 12.3659 20.1007 22.3477 38.2292 26.7099 26.7546 25.521 
20.5011 3.7097 8.3859 12.1926 18.9478 18.4754 27.9776 17.6795 22.7416 23.1277 
7.2726 25.1528 34.8831 17.5243 27.1372 16.9925 3.4581 14.4229 21.4051 30.2264 
17.3652 11.7147 16.289 17.744 6.7913 9.4965 23.6781 14.3534 8.9126 7.8022 
4.7832 27.2285 32.2043 12.4141 25.9312 15.6614 8.078 7.6224 19.1951 25.6917 
28.2441 2.2329 3.0813 14.1898 21.2154 22.797 34.3607 20.4285 19.3714 20.2872 
21.1001 23.9111 29.1654 31.1022 7.8148 12.6026 27.6078 18.7797 7.2657 5.0857 
19.5512 5.9282 9.2288 9.2615 18.9588 19.3635 27.7006 15.1575 20.0098 21.3298 
18.5684 8.703 11.0331 9.4446 17.1452 16.3679 25.8858 11.8699 17.2566 17.9936 
16.8414 13.2495 17.2522 2.0132 27.9021 20.8452 24.2707 17.1514 25.8299 27.0993 
34.4962 5.7278 2.7628 19.8845 19.888 29.381 40.1397 27.1637 26.4286 26.4491 
25.6367 16.7761 15.1718 24.7403 4.4667 15.2749 32.5759 19.7232 10.9141 6.7941 
5.1205 25.2473 28.2937 18.8814 15.7891 5.6575 14.3456 1.602 10.9378 16.1514 
16.2685 25.412 26.9867 29.7295 10.6316 6.3163 23.4454 11.5106 4.8921 8.6623 
12.6258 21.3363 26.979 20.3108 9.6058 1.2198 21.7179 6.1969 3.5138 7.2654 
20.0626 24.8219 29.1519 33.5176 9.3062 8.0758 27.7139 14.9506 6.4587 5.5448 
8.2673 30.5654 42.1876 21.0052 28.2306 18.0995 3.2668 17.0351 22.9236 31.4463 
10.445 17.292 18.3812 9.0581 17.4919 11.1827 17.9076 8.365 16.0386 22.157 
18.8151 26.5079 31.2692 11.128 31.7291 26.1207 17.6112 20.6537 30.5769 31.2632 
22.385 14.9512 18.7435 3.1473 29.4262 25.1979 22.0666 21.5484 27.2454 30.7363 
7.6339 36.2592 34.5364 26.9955 30.4832 17.09 7.4185 12.3501 24.9761 25.4624 
15.9554 9.7761 15.2693 7.6568 18.5038 14.0067 21.9881 12.5847 14.3451 20.6618 
4.3807 21.5893 29.4264 12.7489 24.0528 15.2582 7.5759 7.8979 16.7317 22.4279 
12.2654 25.1516 35.9358 25.8024 15.0526 7.7667 19.0404 9.0085 9.6522 11.8345 
22.0964 14.8205 17.6301 3.8317 30.3952 27.2159 25.7433 17.8865 29.9192 27.9391 
28.6311 6.7689 8.1514 16.032 13.7418 18.0025 31.9103 19.1001 15.3307 15.3379 
25.4695 8.6467 10.2338 19.5108 10.8219 16.9897 37.9212 18.7559 18.3997 15.5444 
24.7201 8.7456 9.7137 19.874 10.8502 18.0674 34.5277 18.0684 14.6916 14.1335 
25.8961 2.6345 5.9364 13.1202 14.8557 21.3579 28.1828 19.8221 16.9872 20.1046 
17.5976 15.6507 20.1872 22.8097 3.2027 8.8796 29.9192 12.9793 4.6041 4.3464 
24.6001 1.9308 2.6233 17.4709 20.6406 23.7972 35.9603 19.8211 20.6 21.3108 
18.0447 23.3451 29.5366 8.5723 31.4487 26.0057 21.3694 17.6071 32.4615 30.7535 
17.6566 14.9274 15.4218 2.4706 21.3203 18.3269 21.7074 13.6272 19.839 23.5037 
6.6914 28.4204 33.0457 15.1872 29.3611 19.3231 4.5453 11.1264 21.7341 25.1266 
20.7629 15.6886 18.7221 6.7733 26.5645 28.4272 28.0597 19.3565 29.6555 35.8998 
15.4876 16.72 21.823 21.6128 6.5007 5.1036 27.1586 8.4059 4.7559 5.8142 
1.44 23.8992 27.6119 20.6666 18.3394 11.5426 10.7517 5.7673 12.9438 18.9193 
19.8937 6.0852 9.5789 15.4815 11.6057 16.5014 26.8804 16.5469 14.8063 16.1984 
21.2404 3.4542 7.0146 12.1801 15.0676 16.971 27.0903 20.0978 18.265 17.0463 
22.6427 24.5509 28.2365 29.7069 4.4837 8.5106 26.6968 15.7093 3.8957 1.5536 
24.6497 10.0629 10.9433 17.2487 8.2688 15.7123 27.6327 18.0622 12.5675 11.5429 
29.8653 5.0456 3.1575 20.425 18.6487 23.0354 41.1531 24.3674 24.4842 21.5315 
27.1802 9.6878 9.9288 19.7168 9.2558 17.4656 32.1197 18.5497 13.5911 12.853 
8.0949 24.1075 35.3703 26.911 19.6038 6.3551 16.8309 6.2191 10.2991 15.2032 
6.1938 19.1001 20.9318 14.0626 13.8888 7.9532 17.1484 2.5158 11.8904 13.9784 
31.8527 3.2362 4.629 14.725 22.0063 24.9129 37.4948 20.9857 25.6918 28.1363 
5.1779 23.9978 28.5185 18.1856 26.7731 18.0757 5.4664 8.9808 19.991 22.1832 
18.3721 7.895 13.6398 5.6075 23.6129 18.907 29.6886 17.6208 19.8763 25.6795 
10.6396 15.5934 21.5155 8.2712 20.4535 13.1655 14.5818 8.3473 16.4043 19.745 
8.2203 19.1181 22.5253 11.6719 19.2794 9.5427 16.7836 5.4113 14.3632 17.2872 
20.0846 7.8542 11.963 15.6414 10.0955 14.0302 25.9574 13.1063 13.9493 14.3672 
5.7657 32.1682 34.4688 20.4175 26.3101 15.4856 4.1322 12.086 19.4579 23.5759 
20.3811 19.0352 24.8808 26.17 4.3096 6.2321 27.8636 12.37 3.0008 2.2864 
14.8715 15.9848 22.2116 5.2201 28.0176 17.0097 16.5645 14.593 23.2965 29.2553 
18.8539 4.3076 10.2284 8.8635 18.6468 18.1405 25.4782 19.3906 18.115 21.9841 
12.2622 17.8809 21.0271 16.7949 9.8466 4.6802 21.0497 5.9596 8.2522 11.2784 
23.2315 24.037 29.3463 9.2995 35.7766 25.3328 23.646 25.5639 29.996 34.2395 
14.5538 25.3199 34.2145 30.0887 12.8187 5.9387 24.1333 12.1651 6.26 8.1917 
18.772 26.3834 30.8462 22.5643 7.4874 5.1242 25.8918 10.2355 2.5288 4.9583 
13.8776 17.1621 20.0829 18.5396 8.0053 3.9158 23.5232 8.5756 4.4175 8.7552 
11.2613 26.5589 40.0915 18.8388 28.8964 22.4025 4.0079 16.2508 28.2468 26.6804 
17.4551 16.5826 21.2851 1.9899 22.0854 23.153 18.7828 13.5059 24.3451 26.3625 
17.055 18.9324 19.1627 4.5142 30.5436 26.5933 19.6501 15.7599 23.9996 28.4083 
8.5501 28.3645 33.3577 14.2162 27.5479 21.4909 8.5958 13.1419 24.7145 30.0335 
10.2051 26.7116 31.43 13.1716 26.8517 21.812 9.5959 14.5451 25.9979 32.3872 
16.2767 9.6111 16.2645 8.6903 17.0203 11.9424 20.5728 12.7645 16.1216 19.7664 
13.7968 28.5705 33.2243 24.1689 10.4347 3.8749 21.6215 10.2179 4.4107 8.7907 
26.4514 7.419 10.4296 9.3713 28.5907 27.2233 33.6668 22.8868 24.9782 31.6266 
23.5822 6.7356 6.7126 18.2607 14.9128 19.3981 29.0627 17.9954 18.5924 18.4321 
14.9328 31.4878 28.5197 31.5353 14.3224 7.5778 23.288 12.0013 8.5593 11.6654 
10.6418 31.5174 33.9821 26.3379 34.8592 19.1935 2.4109 15.1629 23.1938 28.2828 
21.0872 2.9199 6.2416 11.2393 22.4757 22.7857 29.0591 17.7576 25.4071 25.0108 
17.6103 28.5132 28.8241 16.2974 31.4052 30.062 15.6048 22.4343 34.0344 31.9797 
1.8034 24.3804 26.5917 16.3058 20.282 12.4679 8.1156 6.4687 16.6226 19.1818 
14.2522 27.4363 27.782 27.3649 13.719 7.4919 23.3309 13.5481 6.131 10.0561 
7.5539 17.6604 24.079 10.0652 19.4455 10.8485 15.2038 5.698 14.5881 18.1927 
25.2241 19.5989 22.3919 6.353 33.2882 26.5203 22.9331 23.2543 33.7274 30.4389 
10.5267 14.1537 17.5561 10.4549 15.0261 8.897 18.7037 6.1625 11.3771 17.0057 
19.3847 12.7345 15.3561 2.9955 24.0396 26.4944 26.1328 16.8563 27.2455 26.1644 
3.1612 24.4212 29.8979 15.754 18.8561 8.9741 10.4852 2.8059 13.1439 15.8561 
23.9725 9.0681 9.2926 19.7861 10.7594 17.4164 32.4005 22.2138 16.2148 14.6613 
15.4021 25.3132 30.048 12.5256 32.127 23.1736 11.8746 20.2702 31.8997 33.4612 
22.5537 23.462 23.6141 29.7176 1.8461 11.692 28.8776 16.9295 8.2577 3.0534 
28.7041 6.8644 2.3203 17.5008 21.0743 29.7149 42.7716 30.3622 30.5151 29.2106 
7.5032 22.5585 25.1948 18.1045 15.6739 5.6605 16.5674 4.049 8.7194 14.416 
12.7391 17.2136 23.6988 18.0696 8.4604 4.1958 21.9652 7.6219 5.135 8.1832 
29.5515 5.7873 2.3418 19.1283 23.823 23.0027 35.3489 26.1391 22.082 27.3656 
6.298 22.474 32.207 19.6177 18.2046 5.9935 13.9392 5.2379 9.3377 13.0868 
23.4746 3.938 8.6396 10.9469 15.8163 18.1829 27.6636 19.2382 17.4345 20.1432 
6.3632 21.9589 26.4985 10.5266 22.5876 13.4642 10.6091 7.8588 15.4319 22.8932 
26.9526 6.5763 9.5534 11.7298 27.7828 25.7958 35.9004 20.7927 24.4835 28.2044 
15.4524 10.1542 13.0891 6.4911 17.5289 17.8095 22.1651 13.1996 18.4605 21.2789 
7.8607 30.7114 36.9421 18.4146 28.0194 20.9864 2.0566 15.2402 23.322 26.509 
29.0208 11.4898 12.1523 22.8918 11.9077 19.5127 36.2934 20.1505 17.7733 12.6157 
7.8703 31.827 35.3942 26.8534 20.848 12.5809 11.3852 8.6441 14.2662 20.261 
20.9896 18.5968 19.0857 3.2766 30.0421 20.4395 20.7593 21.2222 29.0527 32.2022 
19.0997 16.7499 17.5275 4.9657 27.1325 24.2115 26.2358 22.0807 27.3338 30.7443 
6.6388 23.6633 26.0485 19.486 17.9052 5.1699 13.0105 4.1666 10.2341 14.9109 
29.5484 3.603 4.1323 14.5944 22.499 24.5001 30.8314 25.8216 28.8614 24.5737 
22.5944 5.4837 10.5864 9.4975 19.3117 16.1095 27.5168 17.8658 17.3214 23.4188 
29.5438 2.1976 3.6872 16.4 19.4321 25.4901 37.0022 22.8126 25.6081 25.1826 
25.3817 3.4499 6.7114 11.1826 17.1508 21.1728 30.8833 16.9658 23.166 19.714 
7.5227 27.6689 36.575 18.9185 26.7855 18.0806 4.1939 11.0951 20.0933 24.524 
20.5562 11.6163 16.3207 18.4755 6.6913 11.5755 24.1892 13.1611 8.9572 8.839 
3.6474 24.3537 26.3717 12.8346 20.9424 15.3367 8.599 6.6222 16.0484 20.6676 
24.8096 1.9686 2.9185 14.8932 19.1954 22.2349 35.8768 20.0194 25.4042 24.7237 
23.4788 29.1245 28.676 33.0111 7.4198 9.5858 27.5814 19.0601 6.9679 4.3735 
18.3673 6.2966 9.5333 9.4343 17.8026 18.1386 28.1806 16.6746 19.2845 21.2222 
16.3381 7.7553 12.219 9.1696 16.6923 15.1036 22.2469 12.1285 16.688 15.8271 
18.0138 16.32 19.7168 1.6154 23.2658 25.5123 21.5507 17.0948 22.3654 31.7518 
28.4487 6.1948 2.7328 20.283 18.8635 27.1741 41.5091 28.8032 25.148 24.5876 
22.2599 17.6974 19.467 22.309 4.5942 14.5845 32.3641 15.4158 9.7447 7.9526 
5.6082 21.975 29.7003 18.861 16.5879 6.8235 14.3939 1.574 9.4435 17.4164 
14.1863 22.8396 28.5777 23.1263 10.3137 6.2345 23.1473 12.2762 4.4374 6.9421 
12.3408 24.128 21.2382 22.0577 10.1064 1.5194 23.4025 6.7485 3.5336 8.2585 
18.8521 28.6132 30.6251 29.1971 8.9284 9.716 24.3314 14.1393 5.2963 5.6964 
9.8683 39.2673 34.3475 26.677 31.1381 21.3307 3.893 15.5144 26.5066 32.855 
9.854 17.5007 21.9039 9.7528 17.4756 11.4157 16.7884 7.8608 17.423 21.418 
22.4197 25.7527 25.5561 10.7042 35.4677 28.1124 20.1312 25.5833 28.5989 35.6572 
19.9234 13.2582 20.0707 3.5966 26.5554 23.8713 23.0234 19.6638 24.9218 31.7555 
9.1946 30.079 38.6537 26.6367 29.2789 17.9839 6.2054 14.7473 24.9698 26.2182 
14.0312 9.1902 15.6321 9.4504 16.0795 15.8362 20.3568 10.7921 17.883 18.0849 
3.9899 23.6643 32.3323 15.7586 25.4226 14.9073 7.3401 7.8207 21.2997 23.2036 
11.3638 27.1843 35.7309 26.7755 16.3194 6.1088 19.7821 9.9076 8.4084 13.7064 
22.1145 14.7625 21.665 4.146 29.3047 23.0443 26.823 18.8475 26.594 32.5841 
25.9657 6.945 7.4137 19.4908 14.0172 20.2139 29.2051 20.2402 17.169 16.3783 
24.038 8.8405 8.5282 19.2314 12.2955 18.8605 31.7569 21.8875 17.4098 14.2693 
22.6279 10.7112 12.5614 21.1788 9.0375 16.024 27.4498 19.0194 14.8143 12.2673 
23.7112 2.7587 5.5298 12.7777 18.6082 19.4184 27.1103 22.0913 20.8518 20.7394 
20.8084 15.3158 19.6045 20.6752 2.9852 8.6277 25.5689 11.3268 5.1983 5.0861 
23.8678 2.3446 2.5341 14.3603 16.9627 20.3674 31.5228 22.6471 24.9963 19.6666 
16.9614 19.7065 26.5165 7.9182 28.6937 28.1952 17.7979 17.8922 30.2275 29.0789 
18.1993 12.3825 16.564 2.3089 19.7558 21.6244 17.8895 13.0702 23.029 24.4186 
7.664 26.4687 35.183 18.2295 25.353 20.8007 4.1087 12.9435 22.5182 24.2035 
25.4823 15.525 19.0607 5.2755 28.2478 29.707 23.5005 21.6713 32.1736 31.3202 
16.0281 16.5632 22.804 20.6431 6.8655 5.5511 23.2084 10.2901 4.1684 7.3483 
1.2966 29.6644 32.7886 16.047 21.2175 9.1768 8.7456 5.7171 13.675 18.279 
22.3599 6.2513 9.5789 13.7784 13.1895 17.5682 31.3717 16.5995 13.4227 13.089 
20.2213 4.3025 7.8602 13.401 16.6859 17.8801 32.2935 19.5253 19.0625 19.3255 
21.1187 21.3969 25.4495 26.6638 4.7789 8.378 31.1109 15.2698 3.9972 1.7306 
20.5477 9.6362 13.2775 20.5764 10.234 12.9429 32.8631 17.9446 11.2967 10.5657 
30.84 5.2441 3.3166 21.0153 16.0099 24.1694 41.1635 27.0802 19.8193 19.002 
27.9274 9.6305 11.5396 22.6511 11.2656 18.2481 36.6471 17.7267 13.3186 11.582 
7.0081 24.788 29.7612 26.6203 17.5819 6.1503 16.3528 6.3668 10.9984 13.6838 
6.6568 21.7367 22.0324 14.8456 15.4269 7.1865 14.7382 2.1171 10.7567 14.3514 
27.3608 3.5263 4.6075 15.6825 23.3858 26.8973 34.0897 23.8862 24.3353 22.3653 
4.1029 27.4998 29.3616 18.2952 27.9471 14.8102 4.4065 10.9572 22.0432 27.6409 
19.8312 8.1418 13.4073 6.7017 23.0505 20.366 23.8242 18.0625 21.6389 21.8955 
9.5395 17.0904 21.5212 9.344 17.0197 14.4563 14.6875 7.4372 15.0228 18.8184 
8.8497 17.7192 21.5357 11.9771 19.3613 11.8224 14.4132 4.7203 12.8001 15.6329 
21.2444 9.936 10.6548 14.3568 11.8735 12.0952 26.1845 13.0764 14.3423 12.245 
6.1876 35.1252 34.8655 22.0363 30.7016 18.2447 3.6752 10.4609 20.0021 23.5243 
19.4454 19.2176 22.0223 22.282 4.9446 7.8003 27.6762 14.5513 2.3528 2.2875 
11.93 18.4699 24.9402 6.057 27.0998 21.4126 17.7055 14.4949 21.3133 27.0145 
23.5599 5.4802 8.8607 9.5837 16.5429 16.4745 27.519 19.0124 17.4185 21.9958 
11.007 14.8274 19.0948 16.3764 10.6213 5.011 23.1159 6.3406 8.0725 9.3033 
20.9693 20.4873 27.5084 8.9521 29.4614 31.0661 18.8431 25.6693 30.5163 30.6443 
18.1934 27.632 31.5854 25.8981 12.7518 6.6827 23.95 10.7796 5.9443 10.3409 
17.5414 25.5867 29.4515 27.2732 7.0329 4.9992 21.6062 10.5016 2.3678 5.9071 
14.3087 20.7633 23.2885 18.5892 8.311 4.182 22.7875 7.5317 5.1792 8.5749 
9.0174 31.3195 36.2594 19.6736 29.2568 22.2021 3.889 17.8609 26.6708 30.9228 
14.1745 14.7421 17.786 2.1119 27.2807 19.1244 19.2534 16.4291 21.3823 25.8331 
15.8435 16.1134 22.3367 4.1771 30.5354 25.9735 17.3102 17.5023 24.3505 29.97 
8.2943 23.6992 32.8967 11.7561 30.0348 17.3101 7.0022 11.3577 20.8302 25.3971 
10.3523 24.1485 27.7182 11.2768 27.9664 19.7869 10.0392 12.7697 28.0642 29.6834 
13.29 11.0149 13.1247 9.206 15.9273 14.6417 19.4199 12.8194 13.2983 17.6066 
15.0102 27.54 26.0262 25.8697 11.7252 4.2804 18.4792 9.6807 4.3744 8.1964 
24.8585 7.7328 8.6006 9.081 28.6779 27.7816 27.9065 23.0786 27.9952 27.3811 
EOF