I 100
J 10
bounds (0, 100)
cv 0.5
D 25
k 5
t 3
FLR 0.8
FCR 2
λbounds (80, 120)

λ 
92.5351 118.1973 105.8696 
97.4273 82.1386 103.7478 
116.2935 115.5875 117.5302 
98.6283 109.0308 84.899 
97.188 103.5906 109.8458 
87.5724 89.3927 109.3999 
80.8212 83.4603 98.0985 
83.3248 90.3622 88.9309 
105.3419 82.2693 102.3781 
117.3198 116.1799 113.085 
107.3306 89.2834 101.658 
105.1798 88.6957 118.7938 
100.3857 96.3966 105.4854 
97.9398 88.0309 80.3069 
106.9424 115.0492 82.3567 
89.4735 80.5299 116.5245 
104.1139 84.8699 119.5794 
105.5252 114.8534 105.7894 
83.1497 112.102 90.1783 
117.2596 95.3346 97.7538 
87.1596 83.5775 98.5762 
99.0992 119.3739 108.0838 
116.5485 80.7768 83.5931 
89.0799 80.4029 90.0485 
110.2208 100.7529 81.7285 
95.2706 98.857 107.1965 
109.3246 88.1538 95.853 
116.4287 115.4653 110.1063 
99.0599 101.1479 93.6456 
116.0587 84.9115 84.5136 
111.9186 90.1949 100.9331 
119.1336 100.6 90.2405 
118.5197 119.6799 102.5542 
118.7699 97.8004 102.7076 
90.6884 116.1659 105.8024 
80.177 105.2623 103.9869 
97.0957 99.876 85.0856 
116.201 82.6632 102.8891 
105.2388 94.7116 113.6072 
86.9417 83.6215 99.2981 
83.7416 89.9319 114.7173 
112.5213 87.9782 91.073 
115.5235 97.5477 110.6441 
102.1979 98.7495 114.1999 
88.4126 80.4789 80.9089 
114.0042 95.3673 83.0913 
90.8536 97.6977 102.3119 
110.9127 80.6017 83.9886 
84.928 118.6926 98.6356 
91.7408 85.9076 84.0453 
81.377 89.9013 119.8773 
95.9701 91.5619 95.1998 
112.8911 91.2338 80.7034 
93.4848 86.9831 87.8152 
82.9 88.3304 92.2233 
105.9037 87.1019 113.153 
108.378 96.8209 87.4107 
113.9716 106.7566 83.8006 
100.3617 113.1297 80.1605 
119.4036 118.309 93.302 
96.5999 109.4104 109.7223 
95.4236 112.6588 94.3952 
103.0892 101.7464 115.7024 
110.8467 106.8746 94.6113 
115.4697 92.3644 103.6547 
97.2136 117.1086 112.4358 
110.5991 84.772 86.8151 
108.0765 93.8718 110.1685 
98.7701 83.0684 119.9476 
82.9182 106.5401 119.3088 
93.0793 92.2128 105.9274 
94.3213 117.1333 106.9897 
87.1637 89.1837 81.076 
114.9163 99.7747 104.3616 
105.4914 93.8838 89.9442 
118.351 111.8521 115.665 
99.105 118.9028 81.58 
87.6339 102.7208 116.5179 
102.7495 81.7917 94.1333 
96.9259 117.6136 102.5192 
86.5184 112.5587 88.7599 
89.5905 81.5485 90.7134 
113.6253 114.7636 83.1572 
105.8076 87.0234 98.4628 
114.1215 82.4328 97.7541 
116.6872 94.9419 80.0526 
118.9926 82.0689 101.3939 
94.1531 108.0822 89.4349 
88.5886 105.4392 95.9884 
114.0845 90.3509 92.4437 
96.9189 114.5935 96.6291 
98.2065 112.5356 98.0298 
82.4481 98.4887 98.1332 
110.838 94.3291 117.4152 
106.2772 103.7662 90.5794 
80.7851 116.7896 110.0126 
102.5398 104.6332 116.0458 
102.2978 104.904 82.1964 
114.1429 117.3054 98.0022 
87.4192 118.8549 105.4829 

Icoords
55.822 94.0827
69.6988 88.5688
2.9693 69.9351
49.4015 71.1783
95.7241 63.0722
84.3498 16.4399
86.7828 37.2096
17.6402 74.1677
79.9007 8.9742
15.932 1.0003
78.3385 71.7561
15.8157 42.8992
9.6629 24.566
77.6784 43.6076
28.0043 83.3907
8.3589 3.1288
66.8545 1.349
41.8861 16.2211
23.8332 93.3333
38.7676 36.6815
74.3971 74.1594
19.047 0.8443
54.4682 84.4659
43.3 76.4801
69.9696 79.0141
56.4143 58.0995
46.6263 52.0213
47.7019 42.0863
6.3652 80.2543
98.663 73.3502
60.0472 3.3115
84.986 56.1005
75.722 41.1773
38.7441 19.4542
78.6945 28.2651
87.4651 74.8023
24.8632 24.0457
17.2994 59.795
30.4722 9.5428
19.567 52.7207
77.7878 43.1362
82.097 39.7352
16.6674 83.2101
20.6639 97.3894
5.3175 80.8642
55.6902 18.821
88.2292 83.7016
46.4071 61.9151
68.1153 8.3136
55.5183 64.3549
45.538 27.0866
56.0601 25.1461
49.8355 79.9415
51.855 36.6887
26.6339 99.9022
60.6784 40.3436
58.7184 31.3688
16.7187 58.0439
71.6805 76.9778
56.4074 84.3503
17.9691 62.5965
92.3696 6.6357
62.2771 57.7195
33.0581 21.9684
41.8009 92.6661
87.3464 63.3547
82.4777 79.1762
15.671 69.4418
56.1358 50.6811
86.2278 24.2397
86.3901 98.7534
58.4495 8.5098
31.9776 39.6257
16.0374 87.6341
5.8651 29.3881
34.959 64.3376
6.4667 64.8311
8.3418 70.9469
40.6203 92.3208
55.6108 1.6375
93.9644 14.2795
31.9352 92.3006
62.5459 81.0258
35.6622 84.2575
97.9069 84.8081
31.9516 17.5625
87.6828 1.9369
1.3311 50.6223
15.5448 59.0153
68.6137 48.3323
50.1295 78.3131
51.853 60.5172
72.8797 53.4601
91.4861 9.1489
29.2653 16.9415
53.9379 92.5502
84.6947 19.7365
78.4283 13.5831
58.4087 11.9779
1.8329 67.8989

Jcoords
14.0328 91.3413
56.1475 53.9409
81.422 41.1612
70.1029 42.4034
97.163 50.7023
6.1265 6.3476
37.5628 49.825
77.0374 18.2387
91.7056 44.6977
45.2779 68.6814

C
16.3873 15.1901 19.5764 18.2885 21.381 32.6292 14.4922 23.7684 21.842 9.4747 
21.4357 13.8552 15.3637 16.2232 18.276 33.9232 18.6498 25.3714 18.6313 11.0325 
8.8843 18.5253 31.5199 24.7283 29.841 24.8297 13.6448 28.9672 31.1454 16.1182 
13.3007 6.6064 13.6674 13.5623 18.453 25.9174 8.1792 18.4949 18.8804 1.76 
31.2323 12.7657 8.8492 11.2023 4.5031 36.1081 19.649 16.1259 6.5097 18.7192 
35.5672 14.4802 8.8872 9.3911 14.1601 23.7404 22.7896 2.5874 11.5221 25.0312 
35.0024 12.7094 2.3256 6.6874 5.7999 29.1635 17.3164 7.7099 2.9474 19.6423 
6.986 13.9884 26.73 23.9553 30.6528 24.0285 10.349 26.4008 30.3946 10.2621 
33.1477 17.5755 11.6292 11.3459 14.8433 24.4716 23.0918 3.8642 12.3631 25.4268 
34.4637 23.2823 29.6154 25.9907 37.7016 3.6678 20.848 23.8597 29.1102 24.7127 
25.0066 10.2304 9.4464 10.2159 9.3397 31.3631 14.9779 18.2816 11.3236 12.8298 
19.133 16.3877 24.296 21.3141 32.5902 12.369 9.0403 22.467 27.5937 12.4889 
23.1135 20.956 26.5298 22.6925 33.3775 6.1095 12.0207 23.6036 25.7738 20.1786 
27.8289 8.9797 1.699 2.9371 7.1311 25.5811 15.093 8.4658 5.6137 13.3437 
4.8644 12.5504 22.0216 21.5634 26.7426 30.4499 11.3565 32.1437 22.6055 7.0491 
33.4221 26.3391 26.111 24.6751 37.1343 1.4631 17.0406 26.6939 32.5796 29.9958 
32.1187 20.9262 14.151 13.8497 20.3462 21.5826 21.6643 6.8967 17.8882 25.3053 
28.9385 13.118 18.1324 12.9952 23.05 12.9879 13.1729 11.9923 19.9925 20.5022 
3.4753 18.8416 25.2937 24.6062 30.7562 27.057 17.4235 36.1778 25.9598 11.8933 
21.4665 8.5091 13.8789 9.8459 18.9774 16.3579 5.1554 15.6291 16.4105 10.4236 
19.7324 10.7612 12.7562 12.6514 11.941 36.0652 15.3101 22.2812 13.0016 9.6535 
31.2512 25.5988 25.4153 22.3302 33.1948 5.5753 20.2071 20.5907 32.6228 27.9072 
12.9323 9.8378 16.7561 13.9155 21.5387 36.4525 15.0445 21.5359 19.4223 5.611 
12.5421 7.9803 18.5423 15.6857 19.9443 30.0197 9.273 24.4999 18.1654 2.9479 
22.6367 8.7123 14.858 14.6224 15.6985 32.1718 13.8693 18.8389 15.0988 9.0792 
17.3654 1.426 10.801 7.3039 12.4907 26.1293 6.8762 16.6998 12.9144 5.7931 
16.1849 3.518 13.2208 8.4788 18.6443 21.5667 3.2622 14.8954 15.0484 6.2345 
21.7173 4.9925 10.4437 6.9674 15.3931 18.7008 4.3176 14.5515 14.8112 10.3163 
5.0443 17.878 32.26 25.1373 30.4314 24.042 16.1203 34.8076 30.2501 12.6014 
30.8189 14.8715 14.1571 13.4547 9.0177 34.6854 22.719 18.4298 9.503 17.5557 
38.9078 18.5243 13.4969 15.7341 21.881 16.9525 19.9212 7.9066 16.8408 22.7726 
24.2739 10.249 6.0113 6.2318 4.8564 34.6955 16.5562 12.8635 4.2089 16.499 
28.2661 7.6297 1.8177 1.9761 7.3059 24.0166 12.8101 8.0968 6.1653 14.5774 
28.103 12.342 16.9403 12.2368 24.8044 12.9466 9.878 12.9918 21.5436 17.6587 
34.2085 13.4871 5.0221 6.1528 10.5054 28.1163 18.3855 3.194 7.7824 17.568 
25.3817 13.4601 13.5864 12.5712 9.6872 34.8275 21.6967 18.9403 9.6617 15.2867 
22.7455 13.3017 20.4044 17.6933 28.8041 9.0079 10.7852 17.749 22.4642 18.9263 
10.1266 14.7797 26.1358 19.33 29.8529 17.3254 7.4931 21.8821 23.4676 10.4008 
29.2937 16.1556 20.6394 19.5478 27.7114 9.7064 15.334 17.058 22.6438 18.6732 
15.2822 13.5313 24.2768 18.9757 24.1871 18.3663 6.5564 24.1947 29.0043 9.3328 
30.5644 7.6723 1.4369 2.3846 7.7231 28.2901 12.4575 9.6098 4.2912 14.5371 
31.4844 11.5405 0.6281 3.7353 6.9434 30.123 15.1418 7.8597 3.4206 18.1018 
2.5967 15.5598 26.2588 21.9253 28.483 30.094 13.0286 32.7353 31.2158 10.5089 
3.5038 21.0812 25.5719 29.193 32.0303 35.6795 18.6008 33.9235 27.7555 13.7648 
4.6322 20.1665 33.7345 27.9292 36.8124 25.4042 13.5882 31.7634 28.2926 15.3319 
28.1928 11.9348 12.2982 8.7723 18.1675 15.8541 13.511 7.2372 14.9407 15.7188 
26.7251 14.8784 14.6564 13.7062 13.1757 38.5222 21.271 24.8915 13.5958 17.3271 
14.1791 3.8558 16.2122 10.2461 17.959 21.6463 4.6257 18.9326 15.6236 2.1177 
36.7915 18.1466 12.6381 13.2425 18.273 22.5443 16.3493 4.5629 15.8793 24.4489 
15.0798 3.4314 11.5888 10.4207 14.8612 26.0253 6.9964 18.361 12.9187 4.0121 
26.8146 10.7903 15.3103 10.3927 20.5451 17.0881 9.0699 10.3816 17.2598 14.3921 
27.6865 8.6845 11.1552 8.8172 15.8026 17.7939 9.3789 7.3942 16.1402 15.1999 
14.8229 8.1819 19.3763 14.4063 17.4292 31.3878 12.9466 23.9589 19.872 3.7123 
20.73 6.5068 9.7934 5.8914 17.1586 17.6874 7.7532 11.7005 14.4989 12.2514 
5.0592 19.4616 31.3431 27.3619 27.0193 34.6421 17.1143 31.1313 32.0684 12.4001 
22.3027 4.6523 7.2659 3.5742 14.3173 23.3843 8.8196 10.7882 10.474 12.459 
26.9392 8.6283 7.9789 6.234 13.9683 20.1105 8.5235 7.0726 10.9119 13.865 
13.0582 14.711 21.9533 22.1957 27.1578 16.7071 8.1222 26.5516 29.0799 9.3378 
21.15 9.7495 12.9058 11.944 11.7495 35.3558 13.2425 22.1186 11.6734 11.0369 
13.5327 9.8834 15.9663 15.5677 19.0474 31.8782 12.9171 23.5192 17.4977 5.8177 
11.582 13.0478 23.1602 20.0933 30.5753 20.7855 9.1379 26.2014 27.1491 10.7717 
44.8583 22.7716 12.5211 13.3559 15.266 26.77 27.6464 6.1932 12.1969 25.7748 
20.5815 2.8356 10.0919 5.8685 11.839 30.1528 9.0676 16.6196 10.5585 7.1665 
28.5436 12.1943 16.9367 14.8372 24.721 11.1771 8.6574 17.0105 23.8698 17.1798 
10.4138 13.3184 20.5991 21.1755 22.1953 31.8027 17.022 32.1895 26.5598 7.4621 
26.0062 9.8449 7.9203 9.1254 5.922 37.8659 18.2936 15.7996 7.5527 16.5335 
23.1077 13.392 12.7285 14.313 11.9085 40.0115 18.6236 23.6277 13.1811 11.6651 
7.6797 15.4128 22.1024 23.2231 32.4692 24.8867 11.5787 30.5783 28.8734 10.8101 
20.0587 1.2019 9.2648 4.973 13.9287 26.1978 6.0445 13.3955 12.3141 7.5572 
30.8503 15.5818 5.5534 8.1148 10.5226 24.7703 21.0796 3.7099 7.2579 18.2624 
27.2178 19.7004 22.423 18.5296 15.7285 40.795 27.6357 27.1862 17.0445 16.1826 
31.881 14.3292 14.7436 11.9566 22.2749 18.2711 14.319 7.1248 15.6291 20.9921 
19.7887 11.0398 17.6305 11.617 25.7933 16.6998 3.6397 19.562 21.082 9.7623 
1.6251 17.208 29.1752 25.0734 29.8875 31.6663 14.6619 34.9158 30.0415 10.5442 
19.9966 17.839 24.2482 25.7388 31.4447 9.0693 12.5477 23.8237 30.5793 18.7553 
10.4231 9.3085 18.9569 14.6072 24.8101 25.2832 4.7049 21.8267 20.6509 4.2612 
9.6877 16.6466 25.2161 23.9798 30.5845 19.1654 13.7178 32.5487 27.3263 14.6529 
7.902 17.4598 30.4383 25.2557 32.2309 23.612 11.3827 32.9549 33.1067 13.5403 
8.1333 15.2483 24.6045 20.8474 23.9059 35.5718 15.1335 27.2082 27.0771 7.245 
32.4594 20.1693 16.7296 15.3635 19.9059 17.4276 17.3202 9.9205 19.1037 26.3473 
37.2282 17.9802 10.5603 11.9389 11.1407 31.1682 21.8004 6.8006 9.2909 28.5747 
6.9346 15.7451 27.0491 23.2187 25.8316 34.1566 16.3161 34.2261 29.8535 9.5271 
18.6339 10.2026 16.1125 13.2822 15.1452 32.337 14.8331 19.3506 15.503 8.0046 
8.6078 11.4267 21.5481 18.1525 23.673 25.2294 13.6491 28.9835 21.5676 5.9016 
27.0893 19.515 14.7527 19.9938 11.5987 40.4259 25.7661 21.1804 13.8401 20.0802 
23.9235 16.2178 20.2471 14.6046 25.8216 10.9608 12.2277 16.6476 23.1465 19.9793 
36.3255 19.6626 13.795 13.5449 19.2951 26.1443 23.9571 7.0597 15.814 25.0196 
16.8953 20.775 31.3478 23.4034 30.465 17.19 10.8975 28.5396 29.3985 18.5205 
10.553 15.8273 23.9639 19.4989 27.5574 20.1012 8.7777 22.4746 27.0612 11.2022 
23.8767 4.3743 5.4841 2.1958 10.1527 28.9233 10.1592 10.8689 8.0928 10.4125 
12.1229 9.3111 16.2287 12.8614 18.5923 30.1728 12.0655 25.0794 16.9112 3.5783 
14.9396 2.6147 12.7863 8.7631 15.4474 22.6349 5.9861 16.2199 16.7694 3.975 
24.4809 6.5349 5.2051 3.4691 9.3065 27.134 11.2156 13.4345 6.6677 10.386 
44.7905 20.4823 10.0973 12.6199 15.2492 29.8834 22.2019 6.432 11.8878 24.8466 
27.6661 15.4993 18.2293 17.7581 23.6204 8.4744 11.7614 18.3847 21.2921 18.5935 
14.3365 13.079 20.7175 17.9139 21.7191 32.4998 17.3551 24.7231 19.66 7.7418 
31.4073 16.7961 6.8661 8.5887 13.2625 27.8235 20.5496 2.9868 8.976 20.179 
36.3662 16.7342 8.7187 10.3855 15.0849 28.0406 18.4783 1.637 12.9058 23.4832 
35.7617 16.0994 14.5354 13.0023 16.737 19.2985 15.8013 7.13 18.4303 17.7813 
8.2161 17.6538 30.5867 25.3315 36.5679 21.5274 14.1145 35.0572 31.4379 14.6259 
16.136 15.162 20.7875 16.2511 23.8319 30.7941 15.6077 29.8168 23.5146 8.2728 
20.438 12.4496 14.8021 15.3275 18.1497 39.0471 16.0323 25.6048 15.4852 9.9648 
8.7421 18.342 29.1551 28.7336 34.5517 19.8701 14.265 31.966 29.1527 16.8716 
16.1302 7.0617 17.4244 11.8679 18.6037 23.7972 8.2012 20.6568 17.8473 1.6477 
33.039 14.8372 9.8933 12.0977 3.797 35.5249 22.1484 16.9322 6.3273 18.1406 
34.6529 15.8644 8.6283 9.5628 14.193 23.7877 20.8353 2.29 9.5074 20.8952 
35.0658 13.3657 2.3442 6.4411 6.6954 33.3692 16.3764 6.6627 3.3399 17.1889 
5.5313 13.2099 27.168 20.1345 25.8853 25.6795 12.3182 28.7994 24.9103 9.9634 
36.1746 18.1349 9.8731 10.8477 16.1168 23.4603 20.615 3.3794 13.9395 21.6997 
29.7378 24.7383 28.8395 26.9657 31.2259 3.6924 20.848 19.6757 26.7048 24.543 
25.7124 11.198 11.1622 11.4323 9.351 34.0327 17.9966 17.3876 10.4936 10.1469 
17.3734 12.6911 22.5896 18.9796 31.6096 12.6072 7.5454 24.1963 27.3508 13.6674 
23.5418 18.9874 27.6862 21.7787 32.583 6.4658 12.4159 25.7014 30.5636 17.5025 
27.7892 8.9319 1.5017 2.3211 7.2846 25.0648 13.7534 8.651 4.9581 13.5855 
5.2888 12.526 21.1227 20.0123 24.5931 25.8448 10.9901 26.0199 27.8079 8.8279 
28.5073 24.5464 32.0499 25.5825 33.296 1.2116 16.8258 26.1313 36.0816 24.3081 
34.9048 17.2015 16.5971 15.6247 21.6667 20.9184 18.0224 6.2893 17.8832 27.2497 
31.6545 12.1663 18.3708 12.9721 20.3202 12.3387 10.4387 12.0838 19.3383 18.4625 
3.5353 16.9615 28.1144 27.1453 30.875 28.7791 16.7118 29.441 32.6231 11.7104 
18.3107 7.5833 12.9954 10.2918 22.0702 16.808 5.0366 16.8271 20.1691 10.0579 
22.6194 10.8184 12.6314 10.8088 11.2938 38.4516 15.0761 19.0286 12.0722 11.7542 
27.5442 22.6256 24.383 22.1723 31.0263 4.56 17.9084 18.9742 28.685 23.9724 
15.3399 9.5535 19.5105 17.483 16.7215 36.0207 13.7725 24.2996 21.193 5.5836 
10.5103 8.8286 17.768 16.5484 23.5331 31.0754 9.1776 21.4778 22.6764 2.8562 
21.1875 9.5712 13.1416 13.5643 15.357 37.9175 13.6993 20.0014 15.0013 8.1477 
21.152 1.4214 11.1937 6.852 15.5222 26.1581 7.9674 15.6092 13.2806 5.9098 
17.5894 3.8521 11.5951 9.9452 16.6272 20.8769 3.6744 15.409 14.1532 6.2295 
18.2449 5.1293 13.4054 7.0861 19.8514 19.7918 4.5803 13.8747 16.0367 9.2561 
5.1804 17.101 29.0526 28.273 33.0286 26.2001 14.8783 33.999 34.0129 13.4133 
34.0289 18.0029 12.0538 16.4235 7.034 42.3856 23.6095 23.4679 9.447 18.4399 
34.8551 16.8486 13.9446 14.4142 22.182 18.6537 20.3345 7.1422 19.3263 25.9425 
27.6329 10.6712 4.8548 6.7537 4.6859 33.8191 15.7287 11.7338 4.2512 15.0119 
26.334 8.4219 1.8952 2.2062 7.0924 24.4057 14.293 7.1847 5.8806 15.123 
30.1327 11.5965 15.5757 12.2368 23.4794 11.4245 11.4402 11.9612 20.5755 17.2167 
31.092 12.4688 4.0928 5.1287 11.3016 24.4018 16.0542 3.0548 8.0989 20.2635 
23.2289 13.3698 12.3628 11.5089 9.6275 38.559 17.0203 18.9173 11.4037 15.6704 
25.6083 15.7465 21.6867 15.6134 23.2559 10.1549 9.4547 19.3974 26.6268 19.0342 
11.6172 14.6343 20.086 16.8005 29.7565 21.6937 7.2199 22.9009 25.4492 10.4507 
29.7443 15.4786 19.7639 17.9518 30.6503 8.4467 12.4341 16.7406 24.6631 21.7458 
12.3795 13.707 22.8987 20.4611 29.3412 19.0374 6.9501 23.0419 23.0597 12.0927 
28.8299 9.2397 1.4109 2.5645 7.6773 28.2096 12.6695 8.7181 4.266 13.7846 
30.075 9.8276 0.6186 4.5942 7.1801 33.1768 15.8176 6.7842 4.2176 15.9286 
2.7343 17.2602 24.8459 23.5121 31.2436 28.7441 12.2094 29.4094 32.6159 9.7387 
2.8899 20.0434 29.8353 26.2278 30.2558 28.2762 16.2587 30.2211 33.0625 11.8097 
4.2438 20.27 29.8718 27.2587 36.8028 23.6828 16.7302 30.8874 30.7089 15.4154 
30.2083 11.5765 12.3118 10.4692 16.028 15.7723 12.3474 7.6964 13.3309 20.1044 
27.8141 17.0314 13.0408 15.4471 11.5895 41.1505 23.1482 20.5946 13.4 16.4762 
13.9647 4.5582 15.8621 11.8422 20.6151 21.7905 5.1276 17.5776 15.9725 2.2631 
29.7463 14.4861 13.5029 11.0365 18.5146 24.0079 15.8752 5.1582 16.6989 25.0363 
15.3173 3.1727 13.8349 8.6549 16.7983 25.0121 8.5185 16.6206 15.0519 3.4262 
23.3939 9.6382 13.4871 11.3074 18.5354 17.5602 7.4193 12.9762 16.736 16.1433 
30.1564 9.5398 11.5122 7.7693 19.3262 20.4029 10.2055 6.6653 14.0587 16.1014 
11.7606 8.1632 18.2859 16.9019 17.8353 28.0324 10.9954 24.7006 18.0878 4.8226 
23.6212 5.7939 9.8771 5.7461 16.2528 21.8198 7.264 10.1708 14.7428 10.2885 
5.3502 18.615 27.6803 21.7396 28.5672 36.3278 20.3793 36.8125 31.9916 12.5056 
21.577 5.184 8.2229 3.4864 13.9722 21.2952 8.5247 8.503 12.4855 9.9079 
24.9424 7.4265 8.1693 4.926 14.0844 18.3574 9.9328 6.8855 11.3068 13.9641 
12.6307 12.396 26.3533 17.9234 31.3259 17.8627 8.94 27.5417 26.5817 11.4194 
18.3459 9.6662 14.5576 13.3042 11.3285 35.2305 16.8529 21.8237 12.8244 9.119 
13.1333 9.7283 18.6265 14.3807 18.6933 29.8829 13.6251 21.9748 20.6776 6.7594 
9.6382 12.5271 26.6496 21.5581 24.2729 17.4228 7.192 24.1848 29.6227 11.1298 
44.2468 18.8512 13.2528 12.8419 13.5994 29.3142 22.3851 7.6603 15.1281 29.6071 
19.7288 2.2351 8.1227 6.8231 13.3691 26.7128 10.0224 16.1518 10.7162 7.4092 
22.9615 15.7674 18.7943 15.7933 21.6019 10.4361 9.9188 14.4549 23.6307 14.6207 
11.0615 14.9248 19.5724 21.1409 27.2388 31.0648 16.5313 29.5379 26.5321 9.5512 
29.3649 12.7844 7.0267 8.9056 6.1222 39.6918 18.8507 15.2442 7.4454 15.4522 
24.4771 12.2906 13.0328 12.5515 11.367 37.6374 19.4821 24.3924 12.2923 14.2007 
7.7675 16.6481 27.3202 21.7401 27.519 25.3525 11.2965 27.6052 26.0588 10.8693 
19.7777 1.1295 9.8187 5.7426 13.9862 26.0508 7.3218 15.3058 14.0635 6.6827 
31.1855 16.7273 5.4777 8.0201 10.7288 30.0067 21.4975 3.846 7.1775 18.9029 
23.8501 17.3325 21.8854 19.867 17.5308 45.593 20.8477 29.1721 19.4181 19.5087 
29.6535 16.2625 14.5759 11.8455 18.7075 16.1764 14.5921 7.1101 15.4472 22.5566 
21.0751 9.919 14.9691 12.0031 24.4379 15.3007 3.8246 17.6068 20.3387 11.6477 
1.4355 17.6847 31.3491 23.29 31.0997 26.1716 17.0722 30.8597 30.2851 10.6418 
20.0091 16.8598 24.2253 20.1676 37.1543 6.9564 11.4578 24.962 34.0322 17.6589 
12.6881 8.8955 17.041 13.8864 21.6961 22.1034 5.2195 24.6229 19.4559 4.016 
8.6759 19.8152 27.0947 25.7881 35.9818 19.0543 11.3699 33.4451 28.3686 13.4244 
7.9697 18.5659 31.3222 25.2897 33.6702 25.6222 12.5906 27.37 33.3252 11.6197 
9.8494 15.0247 23.2303 18.2038 23.6742 30.2731 15.6746 32.8711 27.8034 8.9918 
33.8139 18.0404 14.9546 14.7448 19.5909 15.7475 16.5844 10.3678 21.722 21.3614 
39.5376 16.7472 10.6938 12.0311 11.5429 34.0787 25.9539 5.9331 11.7219 24.7273 
6.0256 16.9699 21.9325 22.402 24.3462 27.7668 13.1411 31.009 25.4905 9.4349 
19.8391 9.2981 14.807 12.9517 16.6685 30.6149 14.2135 19.5246 14.5993 7.6989 
8.6647 12.4695 20.624 16.7324 24.1004 32.0867 11.9559 29.786 24.6339 5.5776 
26.7023 17.2197 14.3841 19.7099 10.9881 38.18 22.7877 22.1431 13.3977 21.5994 
25.9583 13.8454 16.9859 15.5516 27.2114 10.5863 12.6697 17.4953 23.8816 18.3945 
35.3872 20.0458 12.5081 14.0832 19.8514 29.5339 24.5601 5.9441 14.6115 29.6693 
13.5981 21.7745 25.154 25.218 32.1612 15.039 14.0214 26.6622 34.2892 17.879 
10.9219 12.7175 23.9366 18.6035 31.4297 16.6502 8.8064 22.6443 27.8207 10.6863 
22.7927 5.2642 5.7278 2.2955 9.1099 27.9221 10.6379 11.8532 7.2934 9.5642 
12.4952 9.3036 16.2627 15.2241 19.1323 26.2926 12.1527 25.1782 16.1466 3.6678 
15.5543 2.9226 13.8183 8.5625 17.3992 27.3845 5.7522 19.1578 13.4936 3.7182 
24.7188 5.4787 4.8861 3.8532 8.4389 31.3662 12.1173 11.6151 6.2628 10.1213 
38.4774 18.7479 12.4631 12.2522 15.484 27.4835 20.9388 5.9438 10.7395 28.4639 
27.3623 14.9596 19.7762 18.8024 27.1313 8.7798 10.2523 18.8052 26.4306 18.4744 
14.8954 15.2447 21.1138 17.7084 21.1716 36.3442 16.4583 27.6024 19.7331 9.9864 
34.5561 15.8204 7.046 10.4379 11.0727 23.9342 21.4219 2.8089 10.2049 23.6228 
39.8594 15.3927 9.6341 11.2015 13.5548 26.333 18.817 1.79 12.7705 19.9144 
31.4245 16.6751 14.2864 9.9677 17.4547 18.026 13.1569 7.2027 16.9971 19.2888 
10.2906 17.4687 31.5271 21.8699 35.5605 22.9219 12.8011 33.7504 35.4941 15.0865 
14.955 12.9823 18.1714 20.1543 20.602 33.688 17.7573 30.9666 19.0339 8.3801 
21.6085 13.6097 15.9644 13.8871 14.5993 38.1429 19.8529 26.319 19.4804 11.1521 
7.6554 21.2241 33.0575 23.8141 37.0032 19.3098 12.0803 27.3143 32.1695 15.2336 
15.4992 6.5138 13.347 13.222 17.1538 27.1178 7.6152 20.4059 18.9003 1.7764 
26.5125 14.9387 10.3695 12.4795 3.8107 37.6246 18.3188 15.0379 6.7204 20.1963 
33.6974 17.6287 9.0191 10.7267 13.9882 28.7408 22.962 2.9436 10.5615 21.6846 
27.2674 10.4754 2.2257 5.8821 6.2153 34.5177 17.2503 8.3817 3.3972 17.9859 
6.342 13.4404 27.3332 21.3059 33.0655 22.5839 11.8778 29.7948 25.0857 9.8225 
39.0538 17.0872 10.582 12.0705 15.4484 28.8787 23.1154 3.3163 13.2811 26.0825 
27.2619 23.5948 23.677 22.9499 30.8165 3.9236 18.21 22.4185 29.6438 27.6045 
22.7815 9.4365 9.5817 10.469 10.7292 29.9504 18.1355 18.8276 10.895 11.3655 
17.9551 16.672 20.8111 17.8287 26.3713 12.8303 7.2647 23.5032 26.8118 14.145 
22.7187 18.3771 27.561 24.9485 32.51 6.5864 12.1487 21.3773 25.3514 22.5315 
25.132 7.7115 1.6234 2.6533 6.5858 30.9942 12.3894 8.3719 5.3605 15.9576 
5.0444 14.3591 24.5479 18.0968 23.8511 31.9716 11.3251 26.4276 27.1892 8.3242 
34.9867 24.6022 30.9955 28.2023 31.7445 1.2754 19.4144 22.6926 32.1325 27.0015 
39.0788 16.434 13.7822 13.1249 17.6299 20.4797 21.2168 7.2557 16.1893 23.3751 
25.4614 15.1222 15.4025 13.18 24.0272 14.3419 11.7194 13.5309 19.6425 15.8498 
3.5373 18.1996 30.6399 25.7072 31.6214 33.3951 16.2464 35.055 28.7821 10.1159 
22.2165 8.1858 16.405 12.5885 18.2267 15.4445 5.026 15.8415 16.1374 12.8532 
25.0107 9.7725 11.1638 11.5907 10.8362 35.1896 15.5441 21.4359 11.8228 11.8076 
31.4416 24.1154 29.1437 25.0886 29.3675 5.4335 15.84 18.9742 33.6073 25.1871 
14.4047 12.2193 16.7765 16.6753 20.4773 33.2923 13.545 26.4266 21.2365 7.1325 
9.9424 10.2607 17.5341 13.2058 19.8249 25.289 10.5354 20.5624 21.8136 2.4274 
17.7622 8.6465 13.5331 11.8693 12.6169 29.7246 17.1753 20.0442 15.8503 10.0589 
17.1661 1.3243 10.7074 7.4934 14.3957 25.985 7.6668 15.2546 12.6879 5.8776 
19.0194 3.5189 14.1357 8.1997 19.3015 22.2504 3.7079 17.7999 16.7199 6.3031 
18.937 5.0551 10.2615 8.1906 17.9034 16.9628 4.8635 14.2793 16.2307 9.4911 
5.3893 17.0052 26.353 24.4776 34.3463 22.9777 15.7107 30.774 32.0344 15.9588 
27.3062 17.0541 12.1487 12.6587 7.817 35.9763 21.3899 18.7909 9.2465 17.5504 
33.8221 18.2095 14.1489 14.2648 20.1955 19.2964 17.741 7.893 16.6688 23.9454 
26.5872 9.2917 5.7902 7.9996 4.4422 28.9984 16.1544 15.4246 4.9024 14.1622 
30.0313 7.59 2.2606 2.1797 9.2908 26.4214 12.9823 7.8924 5.8135 12.846 
26.3167 13.3695 17.2372 11.8404 24.5195 13.9309 9.7746 13.3634 18.129 16.154 
31.8057 11.2899 4.4408 5.807 9.6306 22.7947 15.0558 3.8089 7.0698 15.9004 
28.9947 11.8721 11.4057 12.2992 10.0457 32.1803 18.2703 17.2723 11.5284 12.8526 
24.1428 16.4951 21.8167 17.1758 27.0163 9.4358 10.0237 16.6099 25.2766 16.7568 
12.2959 15.1411 21.2746 17.0506 24.7649 19.9682 8.8323 28.2423 26.2767 11.5632 
31.6799 17.4326 20.4175 18.8785 30.4779 8.8445 14.2051 14.5379 24.0206 22.0445 
15.4929 12.4626 24.0943 18.0215 26.6322 16.5606 5.7744 25.9641 22.6823 10.8732 
24.6817 7.607 1.6532 2.4757 6.4064 26.671 13.6971 8.1626 4.3234 14.442 
30.374 10.6204 0.5501 4.8523 6.9024 25.1772 17.3291 8.4648 3.3114 15.1699 
3.3078 18.0171 24.8845 21.9253 29.273 29.0932 14.6158 28.3097 31.8652 11.295 
2.8729 18.6915 31.9132 22.7673 32.2902 33.3562 15.2239 31.1832 34.4069 14.3093 
5.4049 19.5626 33.6744 22.693 29.5041 28.6608 16.0096 34.7055 37.3302 13.2305 
26.5703 13.2343 11.6576 9.361 18.7586 17.556 12.2037 8.068 17.065 17.1603 
22.7794 13.2549 16.3495 17.3323 11.4288 38.9734 23.7638 24.1676 13.9248 15.4706 
15.181 4.9937 13.5949 11.1823 17.8602 21.6875 4.8669 20.0316 17.3051 2.1856 
37.396 14.6182 11.7875 11.9619 16.2998 24.1072 20.1068 5.1061 16.5515 23.9197 
19.3458 3.3313 11.2654 10.5182 17.4469 22.8865 7.8602 15.7148 13.9276 3.5619 
23.1792 8.9423 12.6159 11.2959 21.953 15.4581 8.0289 11.3206 16.8892 15.5984 
27.514 9.8767 11.4102 8.6615 16.9546 16.2626 11.9449 6.672 14.2701 15.3927 
13.3875 10.5899 19.2262 13.6853 16.834 28.9654 11.171 21.2413 20.0143 3.7269 
21.8666 6.8357 10.2748 7.4422 18.7569 18.4118 7.6736 9.3685 13.1779 11.3728 
4.7667 21.641 26.5316 24.1399 27.6815 37.3526 15.5357 33.1274 28.3906 13.7165 
27.4447 5.2557 7.3219 3.6109 13.8318 21.2438 8.1425 10.417 9.8098 12.459 
28.824 8.8555 9.8382 4.9704 14.291 19.0039 11.2215 8.6908 10.8122 14.9358 
10.1286 12.0709 23.7454 19.3531 28.5472 18.9551 8.6532 24.5425 25.3173 9.5695 
22.6293 10.6053 12.7982 10.7604 12.1484 31.4049 15.584 20.0129 12.9916 11.0342 
17.0158 11.9118 16.2508 13.4717 15.9768 29.8086 12.3468 24.0594 17.8746 6.623 
9.0405 12.4841 26.6831 18.7851 26.5312 18.6529 7.9498 23.3205 23.3704 8.5642 
38.2357 19.8164 14.285 16.0693 13.9894 29.7282 24.7715 6.4182 14.5191 27.1223 
21.1989 2.5318 9.3174 6.2916 12.3514 24.7645 8.2322 15.6375 11.8297 7.7733 
28.2486 14.1741 17.4675 15.6452 27.7839 11.476 8.6038 15.3024 25.0837 15.8423 
9.3935 14.0246 21.7818 20.4602 22.6746 28.3095 15.455 24.8853 21.4514 8.1552 
24.9861 9.8677 8.5887 9.0929 5.5905 32.3686 15.7296 18.1089 7.3879 12.9037 
27.7514 11.9842 12.1011 12.1247 9.81 34.0076 16.4559 20.0303 13.1632 13.0682 
6.6321 17.1162 23.1617 24.2928 30.9474 22.8256 11.4141 26.4223 31.592 9.3589 
18.8998 1.0092 9.7835 4.9876 15.1308 25.2488 6.9035 13.3685 12.2781 7.3996 
32.7329 16.5878 6.1497 7.9399 8.6901 32.0011 20.3704 4.0963 8.2406 21.991 
25.2685 17.6569 20.2553 18.993 15.1474 43.2185 26.8615 31.3444 18.9293 18.2251 
29.5877 18.123 12.1805 13.2898 21.7939 16.5639 14.1245 8.2934 15.1818 22.3718 
19.2194 9.9639 15.721 11.6399 21.1253 15.5241 3.7223 18.4298 18.3186 12.6287 
1.3427 18.5648 26.4799 26.2295 29.0318 30.0695 17.033 36.4773 32.669 12.4398 
19.0405 19.1596 29.341 23.0777 31.9791 8.1983 12.2121 25.5743 30.2915 18.0262 
11.5846 7.47 17.0358 13.4224 19.913 23.3857 5.594 19.3925 18.5252 3.7965 
9.7483 19.9881 26.0179 23.2646 32.7416 22.2943 10.6655 30.0879 27.6854 14.2395 
7.0592 15.283 29.0099 25.6231 34.9365 24.5169 11.6171 32.2362 32.7658 14.3433 
8.9847 16.0515 26.1161 17.6125 21.2871 30.8196 16.7994 32.6977 22.3978 8.6015 
34.3577 20.1745 15.6108 15.6101 24.8696 18.1782 19.8622 9.5384 21.295 22.3179 
39.5265 21.5313 10.8925 13.5027 13.7587 27.3494 23.5938 6.5711 9.4495 25.4866 
5.7603 17.5052 22.8505 21.8618 28.284 33.8694 16.4789 33.6105 23.5726 9.9341 
16.516 10.1887 14.5732 14.699 16.9676 35.8187 13.654 25.1823 14.7483 6.9751 
8.2527 11.573 18.8954 21.1336 22.7973 33.1866 13.2077 25.2281 23.3649 6.6978 
28.7045 18.1752 17.3328 15.4708 11.0938 45.5697 22.5296 25.9034 12.4115 19.7609 
25.2598 16.0824 19.9566 16.9538 23.9709 9.5727 10.9833 14.2623 22.9103 17.8768 
41.955 23.3361 14.3789 15.8656 19.7322 30.9223 22.3072 6.1116 16.6258 26.8067 
16.4261 21.6482 24.5734 25.4396 31.4808 16.188 13.6228 25.5671 34.3255 17.0951 
11.1614 12.3124 24.428 17.2006 28.5829 16.4094 7.988 24.8578 28.3709 10.3205 
25.0094 5.2711 5.1847 1.9666 11.3673 28.1554 11.1104 10.0251 8.5183 12.3353 
15.1277 8.4651 17.3994 12.6477 21.7883 31.2019 10.8792 24.0657 20.1672 3.8005 
17.9548 2.4474 12.5177 9.681 17.2926 21.9827 6.534 17.465 13.9609 3.5662 
26.2025 6.3977 4.699 4.2226 8.3852 26.3169 12.2452 13.0621 7.8326 11.5208 
37.269 21.8687 10.8389 13.1972 15.3163 31.9417 22.0803 5.9472 10.7608 29.2854 
25.7371 15.8972 23.0023 15.5492 28.2687 8.3879 11.3273 15.6989 25.802 18.1115 
12.3962 13.6359 18.4971 18.4565 20.3052 38.2171 15.3144 30.7929 22.5068 9.0875 
39.8275 14.4749 8.2358 8.8448 10.1714 25.9984 18.5477 3.0031 8.0452 22.5859 
40.2733 13.9774 9.4261 9.7136 13.6338 26.086 17.1456 1.8498 12.7874 22.7758 
29.5332 15.0362 14.0225 10.7924 18.6819 19.5299 16.3284 6.2043 16.703 19.7021 
8.2293 18.7586 32.5262 26.6651 34.4465 24.6557 12.8532 29.9743 29.1824 14.0437 
EOF