I 100
J 10
bounds (0, 100)
cv 1.0
D 1
k 5
t 3
FLR 0.4
FCR 4
abounds (80, 120)

a 
90.0 92.0 74.0 
68.0 95.0 95.0 
70.0 79.0 79.0 
89.0 102.0 96.0 
81.0 85.0 73.0 
92.0 84.0 99.0 
78.0 71.0 67.0 
90.0 84.0 99.0 
66.0 85.0 73.0 
75.0 76.0 76.0 
70.0 76.0 78.0 
97.0 59.0 85.0 
84.0 85.0 72.0 
86.0 85.0 84.0 
73.0 92.0 77.0 
64.0 86.0 89.0 
78.0 80.0 74.0 
87.0 90.0 65.0 
80.0 76.0 81.0 
79.0 79.0 90.0 
73.0 82.0 83.0 
83.0 79.0 82.0 
79.0 85.0 87.0 
89.0 96.0 78.0 
79.0 89.0 92.0 
94.0 88.0 84.0 
79.0 81.0 72.0 
76.0 71.0 84.0 
66.0 70.0 83.0 
79.0 97.0 70.0 
85.0 83.0 68.0 
79.0 79.0 59.0 
90.0 67.0 79.0 
74.0 84.0 85.0 
81.0 88.0 82.0 
94.0 80.0 76.0 
79.0 92.0 78.0 
86.0 74.0 96.0 
79.0 90.0 90.0 
85.0 81.0 91.0 
81.0 88.0 76.0 
71.0 90.0 93.0 
92.0 72.0 78.0 
87.0 86.0 95.0 
80.0 86.0 77.0 
77.0 89.0 78.0 
93.0 70.0 81.0 
90.0 65.0 72.0 
68.0 69.0 83.0 
76.0 71.0 94.0 
75.0 81.0 91.0 
91.0 74.0 73.0 
87.0 70.0 89.0 
75.0 73.0 79.0 
99.0 76.0 77.0 
92.0 83.0 75.0 
76.0 90.0 72.0 
70.0 89.0 90.0 
80.0 77.0 62.0 
79.0 76.0 103.0 
75.0 88.0 74.0 
83.0 82.0 80.0 
80.0 66.0 73.0 
85.0 85.0 91.0 
79.0 78.0 90.0 
65.0 77.0 76.0 
80.0 84.0 70.0 
92.0 71.0 81.0 
87.0 93.0 67.0 
89.0 83.0 74.0 
76.0 87.0 82.0 
85.0 80.0 93.0 
76.0 85.0 87.0 
79.0 77.0 84.0 
84.0 81.0 72.0 
81.0 76.0 67.0 
83.0 86.0 80.0 
88.0 76.0 91.0 
93.0 85.0 68.0 
75.0 98.0 73.0 
78.0 81.0 79.0 
81.0 92.0 74.0 
83.0 67.0 91.0 
90.0 74.0 68.0 
79.0 91.0 97.0 
100.0 84.0 71.0 
81.0 96.0 81.0 
70.0 81.0 79.0 
73.0 82.0 93.0 
87.0 70.0 75.0 
74.0 80.0 88.0 
85.0 88.0 84.0 
84.0 72.0 93.0 
75.0 62.0 85.0 
77.0 58.0 74.0 
66.0 91.0 67.0 
80.0 86.0 80.0 
75.0 87.0 77.0 
99.0 82.0 100.0 
87.0 75.0 85.0 

Icoords
2.5726 1.7545
12.3106 30.6348
75.9421 18.7661
71.8138 18.6231
77.4462 79.6268
8.327 3.0611
26.3298 84.8752
25.5889 84.9939
45.8841 60.6701
9.5925 85.5248
69.6007 92.9355
94.8321 27.4261
7.5516 59.7541
36.7919 0.8099
8.4103 50.7996
99.9716 6.0877
30.1291 54.226
93.4502 58.7673
9.7094 26.2885
2.741 77.4278
29.9791 27.0423
21.5867 1.4325
89.1547 34.7415
67.8778 82.5315
37.61 64.9568
29.0102 41.4381
81.2309 63.2934
33.7602 84.4339
89.4943 41.9846
43.041 40.5245
35.3621 85.2927
29.5195 35.9531
31.6228 27.8528
61.1897 18.513
23.0931 9.0268
73.8273 7.4247
93.3633 50.4488
87.7915 22.052
21.9002 39.9521
87.4139 35.2863
54.1027 39.2384
26.1664 55.1821
12.8106 61.9079
31.6479 28.7832
66.4235 96.728
87.0727 25.6018
93.4596 4.2834
77.6101 72.6111
64.8078 64.9251
65.2307 49.0714
60.2483 88.0313
16.3443 21.8553
74.7506 52.0082
51.5694 35.4161
51.2684 27.1555
81.4822 98.1649
8.6875 70.1734
60.9675 79.9497
18.3037 6.9866
39.0408 59.554
54.5245 34.1946
38.6705 10.3332
11.1316 86.3069
88.0715 5.0345
98.2592 31.9451
27.0739 12.8542
74.427 59.2753
73.5487 0.8028
4.8989 47.3522
85.3852 15.207
78.935 32.6713
15.9402 73.7781
33.7106 58.1542
35.4719 74.077
57.6608 89.5746
95.2017 69.0157
92.8549 92.8586
17.6857 69.4341
75.3207 59.8062
9.8617 56.9285
18.0689 29.5119
3.8318 43.195
57.261 16.5219
54.6481 62.4464
56.7396 58.3617
28.6372 50.4016
64.5736 1.3459
86.6297 54.0062
38.7804 37.4905
90.5304 40.6406
81.347 52.2082
23.5444 93.4166
74.4914 7.8596
24.1141 62.4166
81.4817 11.7231
63.3694 27.0246
69.1378 18.6057
40.5273 38.8098
87.3924 42.495
20.278 60.9033

Jcoords
6.0092 35.9021
52.6233 58.5981
50.0668 79.8916
77.0934 55.5362
13.1135 88.2597
99.8857 72.3448
34.6199 3.1741
14.4121 46.6329
3.5329 55.8307
64.2637 80.3929

C
11.7821 29.8181 36.0361 31.5221 32.662 47.1623 11.3109 16.9318 16.9177 35.9116 
2.7398 19.3402 22.7335 23.167 20.4415 33.7271 11.8702 5.4151 10.2189 26.7967 
25.6974 16.8423 24.8979 11.4816 28.377 22.7582 14.7735 23.04 31.7324 23.7095 
26.18 17.4311 22.4817 13.0846 32.5053 18.263 14.6963 21.0455 28.4603 23.417 
31.8357 12.0176 8.7892 8.2567 23.1921 7.7191 30.0836 22.0129 29.7785 4.2334 
10.1369 23.5352 28.1808 31.002 30.1993 40.3127 9.15 16.4804 17.3956 29.5297 
20.7686 11.3489 9.418 18.258 5.2593 25.0111 25.4574 12.4815 13.5801 13.9651 
16.4159 11.4635 8.0688 18.3519 4.8462 28.624 29.988 15.5909 11.3825 14.9481 
15.3779 2.5424 7.5577 12.5281 14.4107 17.4532 19.7445 11.7511 13.7599 9.1904 
17.3734 17.5583 14.9891 25.2979 1.3986 29.2639 28.5321 15.3818 11.2921 21.0695 
30.6148 13.1502 8.8787 14.9404 21.7709 13.1619 36.8006 21.7416 27.7788 5.2356 
30.4708 17.9086 27.3457 12.2519 37.5514 16.77 24.3618 28.674 29.4688 18.6889 
9.4651 14.6757 18.8126 25.0532 8.9191 31.796 20.811 5.742 2.0236 23.7963 
17.8178 21.8519 27.9055 25.6974 32.7062 29.1111 1.2348 18.6391 25.0224 32.3126 
5.037 16.7685 16.4216 23.0084 12.9837 33.0334 17.3629 2.7209 2.7742 20.663 
32.7973 24.0114 30.7637 17.6257 46.3805 25.0916 20.7894 30.7521 38.7712 29.0518 
9.6961 8.3709 10.3869 16.4063 14.1547 22.1908 17.6604 5.4879 8.4517 14.5288 
27.7289 12.485 14.9343 5.6454 26.2557 5.3491 32.1097 28.5392 30.5162 11.9619 
3.6044 17.4151 24.1885 28.3326 20.8972 39.9458 13.2464 7.5443 11.6016 27.9368 
12.817 16.7365 17.539 25.911 5.1381 35.6522 27.5392 11.9215 8.6165 22.4942 
8.2491 12.2617 20.0315 18.2085 22.5736 32.0963 8.9358 9.5936 14.5696 24.3585 
12.2594 21.0884 32.0184 30.4004 29.1468 39.7303 4.8099 16.0411 18.685 31.8991 
28.0976 15.1313 19.8029 7.945 30.1276 12.6777 21.8086 25.944 32.0008 18.7551 
24.5124 8.8238 5.7168 8.7771 18.8646 12.1696 27.5515 20.4468 26.7235 1.3379 
13.5694 5.5321 6.1203 15.5141 12.6584 20.7703 23.9255 9.0785 13.134 10.577 
8.7652 11.0133 15.4058 15.2527 15.3433 25.833 11.9693 4.7662 11.2482 20.532 
31.317 11.1033 10.8998 2.7333 24.7681 7.705 23.9702 23.0696 25.9535 7.4025 
18.3762 11.4553 6.1683 20.709 7.6706 20.5227 25.1513 14.2852 13.7788 12.2895 
30.737 13.2485 19.0992 7.1034 32.4982 10.705 22.8118 29.4284 30.9009 15.1005 
13.9313 7.0514 13.2844 14.5248 20.9814 20.006 12.0109 9.0659 16.7401 16.5801 
19.6437 9.5685 5.2651 18.641 8.5159 22.5399 26.4515 17.3687 15.1064 10.2452 
7.5445 12.6363 17.9082 16.18 21.807 30.3491 10.569 6.4791 10.6691 17.5096 
8.5942 12.0076 17.9821 17.3971 20.9754 31.4522 8.2809 8.7145 12.7065 21.8529 
18.184 15.7033 20.3728 13.684 27.6411 23.4889 9.9187 20.2597 20.9061 23.9647 
9.783 19.4278 27.7215 22.5778 31.4245 33.1237 4.2738 12.281 18.708 29.4215 
23.8096 19.5702 29.4451 15.8362 34.949 22.4834 13.6965 22.8792 33.0045 28.7599 
27.6918 16.2283 17.8858 6.1539 35.1829 7.8639 22.9679 30.7242 27.5284 12.8562 
24.9504 16.1946 27.5667 10.7635 30.6689 17.406 22.0502 25.8086 29.6842 24.3133 
5.5593 12.5677 17.5159 17.5781 15.2653 28.1288 12.8421 3.5073 7.8374 23.0287 
26.3921 14.8418 19.5587 8.5458 33.9362 12.2581 24.6802 25.1851 30.9343 17.7401 
17.1962 7.3568 15.9286 10.0974 19.6428 21.8481 14.7197 13.0487 21.1293 13.2978 
10.9509 8.7526 10.791 18.1865 12.3215 25.9468 19.8116 4.4519 8.876 17.3872 
8.8733 14.1583 15.406 19.6119 8.0088 34.3076 24.6537 5.1805 4.2733 19.1355 
9.031 13.4698 18.6067 19.8812 23.2494 24.5947 7.8916 8.2925 12.7963 20.0312 
27.8109 14.1115 7.5373 14.0121 17.3864 15.9735 36.7383 21.7794 27.6444 6.1707 
27.775 18.9808 22.1746 11.8927 34.8086 17.5306 20.6337 25.0908 34.3192 21.4962 
28.3994 23.1382 28.2361 21.1551 42.9207 24.9324 18.4083 27.8806 34.4957 30.5934 
30.2218 9.8835 11.0795 5.3076 21.5164 7.8728 32.3895 21.9678 28.103 5.1755 
22.091 5.3105 8.2305 5.3794 17.9339 12.3445 21.3491 17.081 19.2281 5.3598 
18.983 5.2636 13.1349 5.2716 23.6375 14.4604 21.2951 18.85 20.9476 10.7296 
28.8276 9.2735 5.1528 14.3369 17.5391 16.5271 34.0477 22.9082 20.4788 3.2317 
6.2607 15.5216 23.2445 24.624 22.7305 36.9954 8.1799 8.788 11.3035 26.2657 
26.462 7.0533 14.7543 1.5835 27.5518 12.7 23.2731 23.3829 25.768 11.3717 
15.9971 8.3425 15.5664 12.9905 23.7043 20.2507 13.3027 14.295 17.0833 17.5719 
15.1796 11.1284 20.1926 14.988 22.548 25.2426 10.5302 12.7477 19.763 20.9064 
30.223 16.7194 12.8329 16.6188 27.3498 12.1123 31.9988 30.483 35.4547 9.4699 
11.6568 15.5797 15.4166 25.6173 6.8354 28.6991 21.6894 9.5598 5.1179 17.5683 
26.109 6.9116 3.4872 10.2844 16.1739 15.1123 32.3465 20.8901 20.6502 1.2239 
10.8904 19.7284 29.6385 26.5714 26.3291 40.4859 5.0485 12.6761 16.0179 31.1786 
12.7242 4.4906 7.1508 11.8121 13.7667 22.4638 19.2167 9.8957 13.0707 10.3028 
15.7481 7.7251 14.7016 10.3031 24.7824 18.2022 13.6741 12.6032 21.2816 18.4842 
14.2315 16.7504 21.8224 21.6008 32.3941 29.3736 2.707 13.1502 19.965 24.3381 
15.8073 18.9994 15.0501 26.5378 0.9863 28.3463 28.1277 12.735 11.6842 19.1762 
29.1346 23.4122 26.6716 16.4398 41.1283 24.2467 20.0244 33.3385 37.4482 30.7979 
33.4252 17.9792 23.2358 9.9235 39.2615 15.4654 27.7897 28.6782 35.3545 22.4371 
10.6411 19.8526 22.7425 24.4016 27.6303 31.3291 3.8159 11.7456 15.6462 26.4071 
22.5866 7.5128 11.259 1.4213 23.4994 9.0345 27.1992 22.1838 27.6103 8.1604 
25.2703 20.9479 28.1659 20.9026 41.3746 27.2924 12.3984 25.0935 32.5307 28.398 
4.3162 17.2689 16.8174 26.2727 14.787 30.2124 19.7806 3.1827 2.6699 25.1175 
25.544 19.5951 23.0603 15.6251 36.5728 22.7013 20.6236 24.6907 32.6314 25.6068 
24.3008 11.248 18.6736 8.9943 27.9743 13.9397 20.7668 23.3169 24.0106 15.0577 
13.9357 14.0617 12.2177 22.7313 4.5563 25.7582 25.6785 10.2391 7.1041 17.7635 
12.7844 5.7037 10.2368 15.5028 13.46 26.3341 19.0312 7.217 11.1715 11.6468 
14.727 7.0073 5.0619 14.7629 9.3809 21.0065 24.9525 13.5744 11.4581 9.459 
28.9688 10.1933 4.2184 15.1802 14.2391 17.1246 30.5548 20.5328 19.4671 4.1234 
30.017 14.5355 17.7768 7.409 25.7241 1.8412 31.2079 25.569 34.7296 11.3856 
34.0442 16.7195 16.7125 14.0665 25.3041 6.5468 38.3568 33.9434 34.3549 11.4064 
11.7314 13.1357 10.5452 23.8129 6.8871 29.6599 22.8148 7.9448 7.4301 15.2593 
25.7125 8.5008 12.2552 1.8175 26.473 9.6309 20.9989 19.4242 26.7244 7.2768 
7.3471 13.232 17.8304 22.8099 10.9807 30.661 22.0926 3.9679 2.0272 19.8832 
4.1736 15.0224 21.0022 21.984 23.5059 34.964 9.7519 6.2116 10.8028 26.5064 
2.6646 16.7208 20.4355 23.1277 14.5025 30.5656 18.5866 4.391 4.5931 23.0416 
19.238 15.2942 21.1293 15.5981 25.2954 22.9039 10.3975 15.7531 21.3697 23.6518 
18.3908 1.7198 6.0838 8.518 17.2088 14.3369 20.4211 16.6659 18.8075 6.6171 
17.9477 1.4493 7.4202 7.0093 18.9603 13.915 20.7202 13.9234 16.9016 7.0959 
10.3388 9.6069 12.8026 18.9891 14.6074 29.3582 17.6519 5.2845 9.3826 16.9979 
26.921 19.7742 25.368 21.8911 35.1096 25.4697 9.1649 24.9101 28.7353 24.1728 
28.1349 10.8881 13.7934 3.1728 26.9754 7.861 28.3846 27.549 25.9158 12.0824 
11.9066 8.1708 16.7963 13.8654 21.4527 21.1674 13.1807 9.3202 15.1385 18.0887 
32.7865 15.7211 20.2944 6.7785 33.7565 10.6605 20.5073 27.1896 33.5062 14.8466 
25.7609 9.3398 13.9808 1.8233 23.9002 10.8361 22.1487 22.0643 25.5663 10.8662 
22.2895 17.3064 9.6908 25.3516 4.0714 25.81 35.295 17.0837 15.1759 16.6175 
26.6405 17.763 26.9786 17.786 35.1801 26.1627 14.2839 28.3944 28.7192 27.1541 
12.4412 10.2054 9.621 17.2667 9.7012 25.6845 18.4712 6.6068 6.5714 17.4993 
24.6074 16.756 25.5125 15.5962 33.4457 21.4643 16.92 25.8438 34.1324 24.6085 
21.7255 11.5532 17.1722 11.9768 29.5798 22.9428 12.144 19.1756 20.6931 17.1016 
26.0381 16.2212 19.833 13.8682 33.3063 21.8618 12.8744 19.9704 22.8704 22.5914 
12.8066 7.4773 14.3183 12.1032 21.033 26.3365 10.945 10.1905 15.2505 18.6017 
30.0961 12.0699 16.8073 5.0451 31.9667 12.3999 21.3688 22.8137 26.3146 16.5028 
8.9497 11.1128 13.4733 22.6048 11.1872 29.9184 19.5643 4.8956 5.3452 18.6908 
13.529 23.4864 29.5348 28.8569 29.6903 40.0332 11.8595 15.7482 20.7523 39.5698 
2.9107 18.2608 19.8228 26.7274 20.4358 31.3894 11.7145 6.1702 10.4376 28.6095 
22.0182 15.9699 21.8313 13.4424 33.5672 21.0563 15.8733 24.7017 31.3745 23.0509 
24.6084 15.5066 21.9356 11.828 28.2338 23.3728 13.5525 25.542 28.5303 22.3155 
30.0182 10.2608 9.115 7.4087 21.3227 7.9574 32.9754 26.8153 25.4069 4.2017 
11.625 25.1691 28.2158 28.2945 30.114 44.825 9.2972 13.8583 17.8354 35.9338 
19.7187 13.8618 9.224 19.4541 5.097 29.3538 25.5559 13.535 13.846 13.2623 
17.8852 12.7482 9.6365 22.6001 4.7353 28.6993 29.8398 14.5121 11.931 14.9442 
15.3215 2.2414 6.7492 10.798 14.2993 16.9284 20.969 13.5258 12.8818 10.0612 
19.5823 18.2182 13.7182 22.24 1.4628 32.4577 30.9507 14.0298 11.5254 21.8548 
30.8625 14.0772 7.46 12.3429 18.0867 14.2898 30.5484 22.7645 27.9531 5.327 
28.9183 16.4236 25.4836 12.8403 39.0184 13.7143 19.74 28.3185 35.1101 21.8995 
7.6342 17.5657 18.5962 21.5558 8.7826 37.1077 21.3316 4.7188 2.0202 21.7625 
17.9952 23.1761 26.4781 26.744 30.3415 35.8738 0.9972 17.3591 25.4532 31.2265 
5.4836 14.8694 17.4429 23.6074 12.0021 35.2325 17.1564 2.794 2.5401 24.3165 
33.9901 26.7406 33.4365 17.4078 46.8588 23.5014 25.9966 32.9298 34.6586 24.9628 
10.311 7.9424 9.9969 16.8574 15.1326 23.279 15.5797 6.5439 8.7101 16.2966 
28.3887 12.7177 18.5002 6.324 30.1238 5.8224 25.9581 29.9705 28.492 12.663 
3.867 19.279 25.3157 24.4688 19.7862 37.7384 13.4843 7.5192 10.0654 27.4989 
13.0752 20.4048 17.4679 30.7863 5.7635 33.3857 29.713 12.0895 8.1281 21.7674 
9.3965 12.4986 19.8506 19.8053 20.1289 25.2072 7.6398 9.1758 15.5273 24.2316 
15.0926 22.6821 32.3356 23.4553 30.6037 36.9414 5.207 15.8855 22.2213 33.1019 
27.8814 13.8529 20.3882 8.5075 31.9036 15.2781 19.9875 24.945 34.4875 19.535 
28.1613 10.0868 6.6369 8.8456 21.7059 11.6725 31.1912 22.5141 21.213 1.605 
13.7283 4.9696 6.3458 15.1813 11.2046 20.2059 19.2926 10.2284 12.1215 10.0011 
7.0997 9.116 15.3926 17.0165 15.9465 30.395 13.3615 6.012 10.1011 18.7142 
26.3137 9.3146 12.4816 3.3848 25.0801 7.2592 29.4474 21.8714 28.8181 8.8262 
19.8801 10.4029 5.2204 18.5839 6.6039 21.7798 32.3188 16.6845 15.0897 9.6556 
27.3887 12.4073 19.2907 7.3311 33.7306 12.6689 22.8991 28.4429 33.6349 17.412 
13.9872 7.4524 13.4283 13.8475 21.5335 22.1753 12.5163 11.481 13.3337 17.3344 
19.0691 11.6158 5.8714 19.3073 8.774 22.3556 24.8583 13.9169 14.0785 9.3043 
8.8211 11.0284 16.3367 15.7067 21.226 27.1882 10.3169 5.9111 11.7161 17.2275 
10.0414 11.9853 18.5674 20.4901 22.2011 30.5559 9.8371 9.1781 14.9346 21.9272 
22.3265 13.6702 20.9529 14.4295 30.3519 25.4513 12.232 20.0414 21.3182 22.1741 
12.458 21.9839 30.2693 26.3407 24.4927 36.7964 5.0521 14.3998 20.1943 27.7078 
25.6852 17.9693 29.9942 15.1707 33.5943 22.3435 15.2898 26.6093 26.4497 25.8015 
32.6333 16.4568 20.3991 5.4822 32.9829 7.0505 24.4609 24.3137 29.7872 15.7039 
31.835 17.8074 26.4826 13.5756 35.2797 16.5939 21.5763 24.8722 32.1261 24.7977 
5.5675 11.9352 14.7546 19.8033 16.586 27.335 13.8461 3.5414 8.9761 22.3083 
30.0473 15.8637 20.1696 7.723 27.8954 12.3872 23.3331 25.1703 33.5855 18.1863 
14.5254 5.8773 15.3158 8.6827 22.4416 18.848 15.4206 14.5789 17.558 14.4763 
8.6776 10.0357 12.173 17.7994 11.4183 27.9753 18.7894 4.7717 8.3846 17.2273 
9.1931 14.2422 14.8682 20.6584 10.4518 33.0798 23.7765 4.9916 4.1103 18.0803 
8.089 12.1683 20.3017 18.5997 24.2026 26.6024 8.188 8.6846 11.7195 24.1094 
32.8433 12.9315 7.4247 15.0461 19.5996 13.4189 30.0191 26.7332 29.9625 5.2991 
28.0855 15.6798 19.8881 11.0691 34.7795 18.9313 17.2794 28.3434 31.9294 18.0125 
36.4524 26.3932 31.9846 17.9808 41.805 24.9529 18.2083 34.1849 36.5999 28.1071 
28.0654 9.1788 8.8972 6.4419 26.1555 8.8997 28.1755 27.1266 25.361 5.6298 
21.3238 4.5114 6.9407 5.7026 22.6357 10.9785 26.1949 16.9256 22.6351 4.8398 
19.5533 4.8085 11.6476 4.946 25.5741 13.1705 19.2042 18.3056 20.3766 12.1742 
24.1408 9.4681 4.4333 14.2198 17.3458 13.3299 28.3923 19.5915 23.8832 2.8374 
5.8631 17.6283 23.7882 26.0202 22.8236 31.7927 8.8333 9.8318 13.5983 29.8137 
24.9723 8.2077 11.6038 1.4484 21.4665 9.761 19.468 19.2515 27.3584 11.2718 
17.6237 7.0848 14.5073 10.202 20.2732 20.6034 11.2628 13.6623 17.2816 16.5625 
17.6734 11.5596 16.5001 11.5653 22.1518 25.621 9.3245 15.3531 19.3231 19.6898 
32.8647 18.4922 11.3937 15.6846 20.8975 12.5942 35.0176 27.1843 32.8291 9.2126 
11.0999 14.053 15.6122 23.9244 5.8839 31.8281 28.6797 8.2031 5.2398 19.6309 
25.5596 8.3169 3.2735 10.5682 17.1016 15.3066 26.8837 18.3654 24.6432 1.0097 
10.1332 24.7054 25.6862 24.9855 27.0132 32.1128 6.4241 13.9349 16.0434 33.0666 
12.7079 5.2749 7.0004 12.9907 15.2636 19.3612 22.05 9.1058 13.9062 10.1523 
18.6414 9.2769 16.8596 11.5393 24.3874 20.5849 13.0733 14.1193 18.3458 14.8534 
13.6882 19.589 21.4277 20.26 28.8595 30.5064 2.9933 15.1018 20.4651 28.7761 
18.3962 16.9687 14.3872 24.9874 1.1007 31.1585 28.646 11.9986 11.2414 18.9623 
29.5029 23.6114 33.2618 19.551 36.8945 25.0668 16.3715 31.4858 35.2488 27.1388 
36.3153 19.2159 24.2827 11.9868 38.0467 15.4452 26.1903 31.2064 34.0943 21.0285 
10.3195 19.4177 22.6433 20.8772 27.0091 28.8092 4.2553 13.993 16.7095 28.7433 
26.3317 7.6088 9.6314 1.4213 23.913 9.2005 23.8423 20.491 25.8075 9.0791 
27.0209 21.0831 27.4316 17.0303 37.0373 24.6242 11.7939 28.4453 28.7193 29.4397 
4.0792 19.5636 19.6898 22.56 13.3726 31.6661 19.4291 2.8659 2.7524 21.7137 
31.5896 19.818 23.8562 14.3528 36.8502 21.5577 19.2671 26.3595 34.8519 21.4201 
25.6805 12.4928 21.6456 8.4759 31.05 16.2683 18.2701 20.1151 28.0019 19.3513 
13.6577 13.1685 10.6437 19.4511 4.9975 25.3384 21.9392 9.785 6.6176 17.9537 
13.026 7.0148 10.8216 15.5332 13.7555 20.6761 21.1537 7.5654 11.5953 13.3624 
18.1026 7.005 5.3431 15.6605 10.0428 22.379 27.7959 12.675 14.5295 10.3875 
24.4473 11.0062 3.7249 14.3061 15.8613 13.6952 27.4788 22.5989 23.9447 4.2569 
37.771 17.3408 16.9458 7.9575 33.0594 2.2538 34.6168 30.0709 29.2655 12.2394 
39.9537 20.8306 14.3429 14.2002 30.6556 7.5226 41.1691 27.834 32.0536 11.79 
10.9574 14.0319 12.7366 19.2736 6.2265 32.8183 24.08 9.1034 6.1541 14.9961 
28.8285 6.8302 9.7157 1.6704 23.5521 8.8201 22.589 20.3714 28.3996 8.0293 
8.3988 16.9936 15.219 21.9693 10.3948 31.2912 23.4716 4.2999 2.4139 19.2018 
4.987 16.4045 19.922 20.4423 20.5404 32.8307 9.8297 6.3674 9.9489 24.1149 
3.0269 15.897 18.8359 26.5526 15.2525 38.0138 19.0663 4.0672 4.109 21.4804 
20.5312 13.0549 20.5999 14.8716 26.3567 24.8073 8.5918 19.2515 21.9689 22.2189 
17.7868 1.692 5.5156 8.4757 17.4777 14.4249 20.7277 15.8229 18.1375 7.5964 
18.9852 1.4295 8.0671 7.7531 20.2455 17.9562 22.5158 15.5003 17.0401 8.2669 
9.0031 7.835 12.6531 17.5468 13.5313 28.1057 18.5516 5.6421 9.0461 17.3611 
25.4454 20.4292 31.5982 19.9834 34.5035 30.3068 9.3539 20.3416 26.7798 28.7101 
27.573 13.5064 15.2225 3.2597 25.5641 7.2477 23.192 25.0228 26.8467 11.6397 
11.2865 9.5011 16.2873 16.4657 20.6733 21.9131 13.5333 9.0417 12.1028 16.0828 
31.2204 14.7186 20.0182 7.9781 29.0938 11.3811 21.6111 23.2421 34.9016 18.8442 
25.8302 11.1053 16.1571 1.8438 27.998 8.9339 20.9701 23.8106 29.2586 10.0785 
21.3395 16.8347 9.1638 20.7339 3.6816 26.1347 33.3038 17.0265 16.2831 16.7842 
29.2305 19.9896 28.4085 17.743 30.3856 26.3221 13.9627 22.052 29.7471 27.3152 
12.104 9.1987 12.2804 17.2133 10.8781 30.285 22.9657 5.6526 7.5373 14.8247 
24.0685 20.3395 29.896 14.2929 35.8061 23.0354 15.2718 26.3051 28.5347 22.2581 
20.5879 12.3903 20.0887 9.5782 30.063 17.664 12.3644 20.2778 21.9151 21.2703 
24.4737 15.2 22.516 13.7209 28.4793 24.3507 12.5833 22.6511 26.9512 23.0066 
13.0144 8.565 13.9092 15.0185 18.2569 22.5528 13.2315 9.0727 14.9003 18.3096 
28.014 12.5872 17.547 5.4156 31.6788 9.808 21.4938 27.2727 29.864 16.5605 
10.5157 11.1096 12.8516 20.459 9.6545 25.6236 21.789 5.7164 6.1676 16.699 
10.4814 25.6525 34.6006 27.6714 33.4201 41.4879 11.2243 14.3094 20.5414 34.0726 
3.2737 19.5021 24.0244 25.3393 19.0065 31.4282 12.1922 5.2005 10.6031 22.0488 
25.2294 16.5561 24.5262 11.9046 34.0731 19.7007 13.4132 26.3768 26.9087 22.5429 
25.2003 13.9724 24.8417 12.7416 30.447 22.4757 15.7152 21.1158 25.5365 23.9397 
29.3482 12.151 10.443 7.2496 25.2302 9.321 33.0805 26.0754 28.606 4.8329 
9.9459 24.9844 28.8278 27.9053 25.7279 38.6019 10.1649 13.6956 20.4106 28.9761 
20.3126 12.9027 9.1706 18.6216 4.9673 27.2198 28.5123 13.1945 12.9229 14.1714 
17.0237 13.5492 8.0138 20.7252 4.5651 27.6291 28.5557 12.6501 14.1651 13.024 
14.4156 2.1511 6.0391 10.4058 15.9957 17.6963 20.0199 12.5333 14.1947 10.5276 
16.0151 15.9542 15.9698 25.5121 1.4976 30.2768 34.2988 15.2408 11.9527 20.1196 
26.5573 12.3917 8.7072 13.9373 17.0211 14.0591 33.1398 24.3062 27.2029 4.7449 
27.4639 18.8898 22.2145 12.0525 34.4951 13.8499 21.7198 27.2437 31.4002 23.5752 
8.7791 16.5558 18.2434 26.8855 9.3257 29.9601 19.4688 5.5924 1.8101 21.2676 
15.2878 20.4918 27.8253 23.2982 30.4865 36.7323 1.0736 16.5431 22.8815 33.1545 
4.7307 17.4823 19.9122 21.1771 13.0441 32.3756 17.1129 2.737 2.6123 24.74 
31.8903 22.7529 30.3004 21.5813 36.4444 21.1228 22.5687 31.6705 33.1937 32.7616 
11.2349 8.7949 10.8452 16.2842 11.6586 24.4682 17.2145 6.2961 9.3816 15.2471 
34.634 16.1554 17.4435 6.359 31.7926 5.905 31.2679 25.4206 29.7965 11.0538 
3.9041 18.2047 23.9939 26.959 18.8676 34.2147 11.0205 7.2603 10.8652 29.0894 
12.9794 16.1767 18.6716 23.4152 5.8459 36.8877 24.9211 10.5252 7.8407 24.1572 
9.9179 14.328 17.9961 19.4639 20.8719 27.6647 9.1741 8.2299 15.3318 23.6736 
14.3512 25.5962 27.1856 26.4628 30.1937 37.2478 4.6863 17.5834 18.834 30.5438 
29.2368 16.606 20.5852 7.9835 32.7498 12.7754 22.3001 24.4303 26.5248 18.1623 
30.0207 9.5561 5.4143 10.5771 19.5694 10.3221 33.3337 20.4146 27.7893 1.5248 
16.4499 6.4044 7.4602 13.586 11.3533 20.9898 19.8122 10.3141 13.8607 9.8347 
8.1406 10.0209 15.8486 17.1969 19.3583 27.4258 14.8852 4.8917 9.9314 15.7825 
31.7013 9.0044 12.7111 3.3619 24.7101 6.264 29.7441 24.5915 30.7695 7.7735 
21.384 10.2717 6.1345 20.7507 7.2969 22.1024 28.475 15.2704 14.2657 11.9572 
25.2459 14.0331 16.4411 7.1309 31.6051 11.4142 25.2314 29.7819 29.473 15.243 
13.2185 7.9822 12.9485 12.1394 18.0911 24.0645 12.8916 8.82 16.7317 14.9 
19.4598 10.8179 5.1539 19.215 8.7605 25.1723 30.1716 14.6249 17.1275 9.1841 
7.2976 11.9666 17.3989 19.0302 16.6595 28.7488 10.3335 6.5031 11.0781 17.8029 
8.4734 11.4194 21.2782 21.1981 21.7399 25.1536 8.4897 10.0442 12.0445 24.4323 
22.257 14.8835 23.1361 16.0171 26.8025 21.2017 11.4282 17.8091 24.1272 20.8978 
12.0408 21.0434 29.0257 26.0414 30.9773 30.934 4.3178 13.6588 16.121 30.7233 
29.4144 18.9609 28.2935 15.4697 40.3981 24.5261 12.4187 22.8151 25.69 22.556 
34.3424 14.957 17.1685 5.4754 30.7473 7.1328 27.6731 25.5468 28.7433 16.6893 
32.7806 19.4355 21.7247 10.6053 36.617 20.0233 18.8059 30.8542 31.1911 19.4569 
5.7315 12.194 17.467 19.8205 19.2718 32.3004 11.9665 3.9438 7.9321 22.238 
31.5615 14.0629 21.5018 9.0049 33.7993 15.0304 22.3815 24.2469 32.5578 19.1039 
16.4152 5.8928 15.5119 10.0241 20.7419 21.6447 13.2645 15.6044 18.9152 16.5619 
8.7864 8.1737 11.7329 19.4546 12.7376 25.7727 18.3205 5.324 7.8774 14.0614 
8.4754 13.9505 14.831 20.3935 8.3277 30.4138 24.1399 5.3371 4.3155 17.6156 
9.7414 12.121 20.9916 19.955 22.315 26.5862 9.7169 7.5456 15.5272 19.6465 
31.3344 15.4375 7.7533 15.2291 19.524 16.4911 34.6435 26.7549 29.985 5.833 
29.8097 16.7912 24.8421 9.9995 35.0218 17.8069 18.1579 27.466 30.5612 19.5377 
28.8458 22.1053 33.7891 18.7663 45.3265 25.7596 20.9683 30.0956 31.0959 31.3597 
29.4815 11.0266 10.9627 5.1453 26.0295 7.5564 27.7835 24.2295 30.2829 5.4737 
24.0647 4.7078 6.7138 4.9913 18.2628 13.5241 24.1397 18.7591 22.2386 6.0145 
22.3562 5.3727 11.1805 4.4394 25.2024 12.8114 18.8842 15.7516 24.5165 9.9556 
26.172 9.8268 4.1426 12.2104 17.2186 16.7658 27.1336 22.9082 22.631 3.3543 
6.6129 18.7281 23.1438 24.4503 24.4192 31.451 9.6382 8.4276 10.984 27.4307 
23.0166 8.1984 11.7043 1.6275 22.1101 12.7258 20.315 19.5726 24.6269 12.101 
17.7057 8.6604 16.63 11.021 21.5149 23.7352 13.3354 14.26 16.7962 14.5763 
15.8019 9.7279 17.4444 13.3419 24.4354 20.2446 10.3463 15.3698 17.2627 18.2979 
36.4653 15.0298 13.8396 15.2946 27.5985 9.7279 35.9179 28.6222 32.3856 8.3119 
13.025 15.5797 15.4081 23.2878 5.9547 35.6868 26.1436 9.005 5.0417 16.9694 
21.707 7.5604 3.8262 9.2106 18.787 15.2273 28.5396 18.7547 24.4563 1.1212 
11.5942 22.4617 24.716 24.4518 29.8473 37.883 5.6685 15.7037 18.651 27.0907 
13.4229 5.0175 9.212 14.4906 13.7048 21.7923 22.2423 8.9445 13.0065 12.6291 
16.3792 8.7703 18.2737 9.4738 24.2989 22.2089 13.3682 16.6643 17.2601 16.1235 
14.6712 17.9964 27.5881 18.5692 25.2838 31.4126 3.273 13.4121 18.5911 24.4649 
15.63 15.5966 14.7463 24.1213 0.9627 27.3939 31.4709 13.2924 12.504 16.0648 
29.7221 20.509 28.2582 17.9592 35.3488 27.2673 18.7034 32.2303 37.6158 29.32 
28.2267 19.9981 22.2229 10.7507 30.9518 12.813 21.6087 32.8663 37.1813 22.082 
11.4404 15.8706 27.5546 21.4756 29.21 28.6118 4.6125 11.3849 17.8317 26.1372 
23.0854 6.8977 11.6866 1.7056 26.5173 9.2377 25.3007 20.5094 21.5701 7.0589 
27.9876 20.9049 30.5502 19.1091 38.196 23.8008 15.0544 26.2457 34.4899 27.9092 
4.4888 18.1368 18.6544 24.9576 15.5464 32.5795 18.886 3.0978 2.7859 20.6878 
31.7782 21.4328 25.286 14.781 32.8528 20.0368 16.3559 25.0944 28.8666 22.3452 
28.8996 14.144 22.0884 7.985 30.602 17.1476 18.7652 21.4354 28.278 15.3123 
12.9294 15.3758 12.4604 19.7574 5.4711 29.1165 22.4285 9.9291 6.7812 18.1098 
11.2494 6.8029 8.678 16.1895 13.7081 26.8958 19.7021 7.0642 11.4954 13.574 
15.0164 8.5113 5.0965 16.4396 8.862 22.7012 28.1717 12.6162 12.7161 11.2069 
27.7099 10.1557 4.6269 14.8901 14.3193 14.6665 29.4371 19.9111 21.0489 3.5455 
32.7 16.5299 17.3683 8.7408 29.0545 2.2038 35.2163 26.0972 27.7929 12.2328 
32.4448 19.5835 15.3712 12.8065 28.3872 7.7221 34.4324 32.4775 29.1722 10.112 
12.8428 11.1201 10.6405 23.9776 7.2338 29.8655 24.6135 8.4561 7.6716 15.4986 
25.2286 8.0553 11.8744 1.4716 21.7941 8.889 23.9141 19.3743 24.1649 9.0598 
8.0268 16.7796 14.631 26.0982 11.6548 27.994 19.755 4.3067 2.3445 21.5598 
4.2992 13.6448 18.6268 22.9645 23.4116 35.9521 11.7894 5.9192 10.5081 25.6474 
2.3191 16.7054 19.1605 24.6433 14.6038 37.3312 18.9754 4.0238 4.6955 26.9091 
20.6134 14.0158 21.8882 14.911 28.7658 24.7792 10.4868 18.665 25.2309 23.1892 
17.604 1.422 5.9593 8.983 16.7491 14.6333 24.4127 15.8661 20.5341 7.3785 
20.006 1.6072 8.7952 7.2086 20.658 14.8358 18.8831 15.0303 20.9445 8.8187 
8.4844 10.015 12.3251 19.0378 13.8218 29.5744 18.4326 4.4324 7.8749 16.2761 
23.8746 20.0198 30.5758 20.0168 33.5844 30.2433 11.5506 21.0783 25.4134 25.0502 
32.5472 13.6231 15.9975 3.6363 29.7491 8.1732 24.6247 24.0138 27.653 11.2696 
10.7419 9.9529 13.2642 14.7294 21.6688 22.0115 12.8108 8.2323 15.6312 15.1995 
26.3358 16.0944 21.6643 6.9149 34.5836 12.657 21.961 27.3347 34.0979 18.687 
23.4253 10.2402 14.4444 1.7029 25.2584 9.8535 23.2527 22.3329 23.4163 12.5075 
23.0832 15.383 11.0632 23.0887 4.0133 28.8828 30.7945 17.7654 13.7069 13.0306 
26.2335 19.0117 23.4266 14.5439 33.6629 22.0806 13.5452 28.1084 32.291 27.6668 
11.3463 10.4211 10.2968 19.1686 10.791 28.3821 22.8393 7.1051 8.2418 14.5652 
29.5131 18.4735 29.9335 16.6398 38.2589 19.8171 15.248 25.6851 30.2722 25.9536 
19.6418 10.2691 20.1324 10.4326 26.8864 19.2238 11.9124 18.8011 23.5089 18.831 
23.7406 16.1 22.2528 13.1618 32.0907 22.8276 13.6987 19.9151 23.9641 19.6784 
11.9163 8.3887 16.7729 14.6646 17.143 21.3051 12.2562 9.7625 13.7397 17.0025 
28.7407 14.0432 16.596 6.2133 28.3809 9.9212 24.2316 24.2245 27.4609 14.8556 
8.8403 12.358 12.9752 22.1882 9.7336 25.0204 22.485 4.6333 5.7424 16.2083 
EOF