I 100
J 10
bounds (0, 100)
cv 1.0
D 50
k 5
t 3
FLR 0.6
FCR 8
abounds (80, 120)

a 
87.0 96.0 98.0 
100.0 83.0 97.0 
88.0 104.0 87.0 
95.0 98.0 87.0 
93.0 103.0 101.0 
107.0 83.0 97.0 
101.0 114.0 92.0 
111.0 103.0 114.0 
110.0 111.0 93.0 
108.0 98.0 97.0 
112.0 96.0 97.0 
110.0 101.0 97.0 
88.0 116.0 97.0 
110.0 93.0 97.0 
121.0 100.0 102.0 
102.0 87.0 97.0 
102.0 101.0 114.0 
106.0 105.0 96.0 
85.0 98.0 108.0 
120.0 104.0 101.0 
89.0 86.0 98.0 
106.0 109.0 85.0 
100.0 89.0 112.0 
87.0 101.0 105.0 
96.0 81.0 93.0 
97.0 98.0 98.0 
83.0 93.0 96.0 
85.0 87.0 99.0 
87.0 105.0 99.0 
92.0 88.0 105.0 
111.0 103.0 104.0 
99.0 103.0 113.0 
120.0 98.0 91.0 
98.0 100.0 92.0 
117.0 98.0 91.0 
106.0 94.0 94.0 
109.0 98.0 105.0 
113.0 96.0 110.0 
116.0 108.0 98.0 
100.0 103.0 84.0 
124.0 102.0 99.0 
92.0 109.0 104.0 
114.0 108.0 99.0 
84.0 85.0 89.0 
111.0 90.0 86.0 
100.0 100.0 103.0 
95.0 101.0 119.0 
108.0 98.0 110.0 
121.0 105.0 104.0 
79.0 105.0 104.0 
121.0 98.0 85.0 
99.0 97.0 104.0 
79.0 104.0 87.0 
100.0 81.0 86.0 
109.0 88.0 88.0 
92.0 98.0 109.0 
106.0 99.0 88.0 
81.0 104.0 96.0 
105.0 105.0 88.0 
92.0 90.0 113.0 
105.0 95.0 105.0 
102.0 97.0 120.0 
89.0 101.0 84.0 
101.0 91.0 112.0 
113.0 109.0 121.0 
102.0 104.0 114.0 
79.0 125.0 101.0 
99.0 106.0 107.0 
102.0 112.0 124.0 
112.0 104.0 100.0 
105.0 100.0 81.0 
86.0 115.0 112.0 
92.0 92.0 102.0 
99.0 92.0 88.0 
94.0 98.0 120.0 
102.0 105.0 85.0 
92.0 107.0 121.0 
115.0 113.0 117.0 
92.0 81.0 83.0 
108.0 114.0 115.0 
97.0 129.0 103.0 
99.0 97.0 122.0 
109.0 116.0 108.0 
116.0 102.0 107.0 
113.0 112.0 118.0 
119.0 107.0 94.0 
106.0 93.0 117.0 
113.0 98.0 97.0 
92.0 108.0 99.0 
112.0 89.0 94.0 
94.0 94.0 93.0 
104.0 114.0 121.0 
103.0 114.0 96.0 
105.0 93.0 93.0 
120.0 96.0 101.0 
101.0 89.0 110.0 
91.0 116.0 108.0 
101.0 101.0 106.0 
94.0 110.0 100.0 
115.0 112.0 96.0 

Icoords
65.671 96.5712
50.2612 44.3227
84.8013 30.8694
13.7453 39.2217
38.8663 81.6201
7.0979 50.1687
19.9291 58.2756
47.0403 11.579
91.4556 51.7249
93.1634 93.3616
11.1501 90.3839
79.2602 64.3856
49.196 88.6977
12.7872 84.8734
21.5666 69.0665
98.1747 65.5063
93.8468 56.1594
90.0712 42.0855
74.9009 61.0081
92.9773 45.3658
35.3967 92.5592
11.3749 44.3164
52.5064 63.1762
99.3183 1.3883
94.1291 37.2963
60.6636 75.154
63.2005 60.0335
98.9601 41.1113
83.928 68.5216
42.0817 88.9091
84.4132 1.8365
72.2614 37.4531
90.4567 56.2804
4.6585 3.1022
38.822 99.255
17.2292 69.5853
21.4409 44.5194
23.3351 96.37
62.5553 98.4245
94.711 12.2769
37.1088 10.7172
2.3742 13.4674
20.2713 93.6572
82.556 53.9623
82.0235 43.965
51.5674 14.0822
59.0227 56.9322
8.4585 64.1511
20.6532 96.3531
4.2088 94.9214
24.0887 74.7808
82.7478 53.1139
75.0967 9.7595
87.9353 83.1798
2.4026 45.8697
41.4224 65.519
87.0618 5.2609
58.7726 27.9752
46.9503 31.5122
45.5063 3.127
73.5947 14.4203
39.5829 14.5143
12.7139 13.5326
36.0772 42.4901
19.3217 28.5463
62.338 11.1191
6.486 84.4197
89.8892 41.2294
46.4895 26.3989
53.5865 15.1679
7.6256 97.903
65.2161 57.0762
9.5899 26.6752
10.1441 2.4046
1.6231 27.449
89.243 27.7478
5.3773 12.2306
18.3779 92.9043
86.0424 56.794
97.4377 18.035
25.3087 3.3019
14.431 33.7813
77.1418 30.2542
0.3877 55.7578
73.822 94.9825
44.0893 31.9616
31.5271 46.1143
92.8965 78.7778
97.5156 82.8085
34.5644 43.453
82.9858 14.5093
4.0276 62.7189
7.5314 63.9965
88.3374 88.112
24.8896 86.7249
97.0258 89.5217
0.3792 87.6938
98.4855 80.0328
17.2103 83.6105
57.1027 11.7785

Jcoords
5.4875 26.1414
14.2323 92.7417
42.5707 65.1537
34.2344 86.1911
7.4244 29.762
76.9892 45.0768
89.7752 92.4563
79.568 11.8704
53.07 58.2684
28.4035 39.1241

C
34.231 19.7349 14.0736 10.3059 27.9643 20.172 9.0451 34.1531 15.2257 23.9188 
17.909 22.566 8.2026 13.6241 17.731 9.527 24.2064 13.6909 4.7884 7.5086 
30.9476 35.8889 18.6902 23.3095 29.2979 6.3281 20.464 6.1662 14.4426 19.7045 
4.6979 19.0753 12.9658 16.4954 3.5895 24.2498 32.9583 24.8622 15.1401 4.7288 
24.9207 10.5924 5.9528 2.0889 23.2453 20.268 15.6513 25.3495 9.6073 15.9918 
9.4639 15.8983 14.8448 14.4365 7.68 27.8904 36.6721 32.705 14.4055 9.0833 
10.8544 10.6129 9.1885 10.9033 11.053 17.8687 25.8089 28.3524 11.6059 6.9572 
17.3745 30.0272 17.5798 28.4492 16.0932 13.7362 32.7567 10.9362 16.7124 13.2265 
31.0252 30.744 19.9387 22.3445 32.8829 4.9912 12.3073 13.0051 14.3141 24.2214 
42.1919 29.3475 20.4359 19.0201 34.054 16.4681 1.2408 32.2539 16.0646 32.2008 
21.2822 1.3082 14.2529 7.6439 21.0876 28.3403 23.6822 34.1687 18.8102 17.2371 
27.4052 25.6383 14.5102 19.9011 29.9042 5.9142 9.1455 17.3828 10.3223 21.0048 
28.9914 10.8336 9.0521 4.7285 22.596 15.8013 14.9685 28.014 9.4141 17.8582 
23.1705 2.5144 10.8625 6.7965 17.0766 24.4132 27.6409 38.2205 18.4606 17.0354 
18.326 9.0615 8.1552 7.4446 16.508 19.2348 22.8148 26.8 12.1888 12.0119 
31.0458 33.235 17.7158 24.939 38.3609 11.3104 8.7734 21.2269 16.3084 27.4799 
34.2948 31.5947 19.3035 20.8326 35.2691 7.5997 13.9889 18.6043 12.5842 21.802 
27.3627 30.0233 19.216 22.9262 25.8954 5.2591 19.8364 11.3368 15.2414 19.2255 
28.539 22.8131 12.2035 18.8986 26.5242 5.9788 12.2977 19.5165 7.6985 17.2516 
34.9888 34.9764 18.444 25.3882 27.1502 6.2859 18.7098 14.1685 14.0294 25.5282 
23.6006 7.9708 8.8499 2.2805 21.5036 19.3788 18.8694 36.2525 14.9294 19.4007 
6.4001 17.0802 14.8597 18.5679 5.6207 25.0926 32.6785 25.4875 17.4067 5.3461 
18.0696 18.7409 3.0544 9.1009 20.2238 11.3627 15.1522 20.0408 1.5981 13.4602 
32.9648 49.6989 28.4761 42.749 36.5752 19.3214 31.3066 8.2887 27.491 30.686 
31.028 36.6246 23.2009 25.484 33.3939 6.7011 21.2086 8.9483 16.6255 21.9017 
28.8194 15.4463 7.8308 9.9986 24.4311 10.3728 13.3971 26.1083 6.4523 18.8272 
26.0018 20.6871 6.7423 12.4697 24.147 7.5451 15.9178 15.4284 3.5425 16.1329 
29.6297 38.7154 20.4929 30.7069 28.0123 7.6846 19.0749 12.0418 18.3036 23.5541 
28.0488 28.9972 14.7304 19.335 27.7869 8.5111 9.7446 21.6934 12.2491 22.2909 
21.9422 8.9058 7.2541 2.5695 22.5951 19.6735 16.0549 32.0338 11.8162 16.0259 
32.3231 36.9338 27.557 38.5635 25.8549 14.7326 34.8498 3.6124 24.491 20.2599 
22.1326 24.7106 15.5928 20.981 24.7259 2.8114 19.9033 10.057 9.6687 14.1061 
28.904 30.6383 15.4821 24.4099 31.9718 5.3957 13.9664 13.8731 13.0252 24.8125 
8.2764 35.2123 23.9747 27.9492 8.6171 32.9911 44.4385 29.9723 23.3913 15.0227 
26.999 9.7986 10.9473 5.4789 26.1637 21.1806 18.5417 33.3218 16.1333 22.1832 
14.0183 7.647 7.9931 7.9695 15.2198 19.6613 24.7366 33.1829 13.4141 12.362 
8.5956 16.1731 10.2335 15.6929 7.0075 17.8319 30.9346 24.7208 10.4913 3.0662 
27.6149 3.8158 11.5831 4.5068 23.6536 28.5554 23.9799 34.3173 17.5587 20.4707 
33.2925 18.7715 12.7962 9.2581 27.3415 19.9897 9.0427 33.8992 12.7373 27.0373 
28.533 43.2001 22.4414 34.1517 34.6914 12.012 26.1478 5.2596 20.6537 27.0908 
10.8574 25.7253 19.4001 22.9078 13.9275 19.8192 29.8907 14.9682 16.778 9.8848 
4.3446 30.9964 22.3735 30.4883 5.8104 27.2518 43.7884 28.2435 22.387 12.6969 
22.2621 1.9558 13.944 4.9972 25.0659 24.2483 23.0579 33.2459 15.942 20.5768 
30.4066 27.913 13.5195 22.1762 26.7109 3.1582 13.8684 16.3727 9.5237 18.3606 
23.6695 29.8317 17.3219 23.7677 25.8573 1.971 18.6017 10.0524 9.9885 18.3157 
19.0241 33.4611 19.3689 23.6357 18.4335 14.5915 33.1502 10.7801 16.5484 12.7683 
22.0724 18.557 6.1116 14.1541 22.7719 8.0871 14.1756 18.3043 2.2854 12.3655 
13.6299 9.1762 13.1969 11.9309 12.74 25.3954 31.3929 27.6254 14.9347 10.0904 
26.7857 2.6491 13.9627 5.7621 26.0843 24.3311 27.665 31.9495 19.8101 17.7701 
26.9389 3.4384 17.5824 12.3857 24.1253 29.9482 33.8898 43.3889 24.0719 18.6769 
17.8461 7.6931 7.2353 5.9807 15.8222 22.0958 21.9579 31.0436 10.8338 13.6089 
30.1883 28.5257 15.6151 22.7997 28.1689 3.3883 15.8861 15.111 11.585 21.6664 
22.9407 37.5211 24.77 30.8022 27.0341 11.8589 28.4304 1.8715 20.7881 19.4822 
30.1767 28.9702 15.9771 16.7971 38.2519 13.8873 3.5729 27.4845 15.5333 29.3501 
7.2783 18.6213 15.7243 16.2695 5.9526 22.6085 35.6757 29.1169 19.1175 8.9288 
17.4269 12.5508 0.4761 7.3625 15.4878 15.039 21.437 20.3539 4.3122 10.6452 
25.7413 39.8515 22.9723 35.0341 32.6536 12.5469 30.6204 3.9379 19.8356 22.4529 
17.008 28.431 14.1214 23.1035 16.575 7.9606 27.2952 9.6635 11.7167 11.7919 
15.4694 22.6179 11.4091 22.4552 12.3758 12.5148 29.5411 11.8642 9.7959 6.7101 
17.3717 30.9708 22.4353 25.4745 17.2551 19.6371 31.4842 12.1358 20.1203 14.6501 
23.8355 37.6495 21.4915 26.9631 20.5339 9.5616 27.9573 1.9913 15.7636 18.0517 
12.8423 32.6545 15.2639 23.6832 11.5739 16.7616 32.8917 14.1095 16.8216 9.6038 
4.5836 30.1842 18.7905 29.4021 6.0734 21.9807 34.5919 23.56 19.5989 11.3859 
12.4378 16.7561 8.8078 14.2985 12.331 15.1882 26.6697 18.6 8.3688 3.2362 
4.9708 25.4818 16.0715 20.9351 4.346 22.1243 28.8124 21.7665 17.9568 5.1277 
18.4226 32.0613 21.49 29.8836 22.3385 12.4376 32.13 6.1121 16.7988 13.8462 
17.6143 4.5102 13.0653 10.5575 20.2646 30.1797 26.1906 34.9712 17.3623 19.9316 
34.2359 31.2845 16.1401 23.1169 27.9748 4.3467 19.8146 11.7199 14.9016 20.1361 
12.8708 27.8774 14.3111 20.343 14.6056 12.0168 28.5341 12.5582 11.292 7.2114 
16.6653 31.7583 18.3089 25.492 16.0783 13.7286 29.0245 9.6248 13.3449 10.7853 
25.4938 3.0073 17.2221 9.2624 25.921 33.6114 30.635 41.4277 21.6537 22.8987 
21.3833 22.6856 8.4318 14.8165 20.2119 5.7189 16.87 14.76 4.6792 13.3805 
1.2539 23.6505 18.4876 20.9547 1.2654 25.7667 34.589 25.9285 17.6825 8.1124 
7.4454 28.2502 22.8496 29.9467 10.1172 23.9737 37.0126 23.9276 25.1018 12.4872 
1.2598 25.5024 17.7397 22.7631 2.1134 28.2666 38.1601 25.5231 19.3229 11.645 
29.613 37.775 21.3649 27.4246 31.6979 6.3969 23.0952 6.5317 18.2357 22.0033 
4.7409 30.7787 19.949 29.3349 6.9472 26.2986 41.4074 28.3041 26.1108 10.7841 
23.989 1.6396 14.5274 6.6121 22.4555 23.1032 27.617 39.1748 16.3931 16.6035 
34.3466 25.7378 13.7364 19.6096 25.1901 4.5414 13.8659 14.0203 11.5948 22.722 
30.212 36.6889 22.8901 37.0875 35.3111 10.676 24.5093 6.376 20.8489 23.1348 
9.2538 33.5618 19.4958 27.77 11.0183 26.548 36.4717 19.2426 22.9075 10.9449 
4.1898 20.2471 13.646 20.797 2.6333 21.9824 28.7061 25.5377 14.1946 4.959 
27.4672 28.2767 17.9694 25.3088 27.7273 5.3972 24.4748 5.9561 11.4057 18.1114 
11.5852 14.6075 15.6358 15.8945 10.2097 23.2956 32.7278 35.6687 18.5494 11.1299 
31.5148 21.539 15.2676 15.7423 35.7489 17.6221 6.4043 27.984 15.6673 25.1472 
13.9054 24.6966 10.5761 16.7503 11.3241 13.4269 27.0103 15.7423 8.784 5.3714 
12.4574 18.6841 7.3339 12.3838 10.1621 14.9609 24.4888 19.3036 8.1032 2.7058 
37.6097 30.4396 18.6182 21.8658 31.5491 14.5824 4.9063 26.2314 14.8637 24.5749 
33.6655 27.3428 18.4966 19.2016 36.1005 15.983 4.5828 25.018 18.1352 27.1609 
10.8492 20.234 8.209 13.7535 9.5935 14.8638 26.7749 19.4464 7.9556 2.4788 
24.6306 33.8594 21.2848 27.4111 26.4172 10.3699 28.4097 1.4698 17.254 23.0103 
11.1174 10.9081 14.3666 14.7164 10.4099 29.4852 32.4822 34.0018 15.6054 11.7923 
11.9 11.1275 10.6998 10.4411 10.7737 26.5422 27.6403 33.2198 16.7388 10.9293 
37.3706 22.3491 17.2245 20.2635 34.7956 15.8487 1.5009 26.1238 15.7865 26.5662 
22.4432 4.2627 10.3701 3.5765 19.012 23.4585 19.574 30.201 12.0787 14.6293 
42.4201 29.7868 22.5092 24.7998 35.7785 16.0591 3.1194 26.5272 19.632 32.7451 
20.9565 4.7579 16.3404 11.3255 22.5147 29.0787 34.1082 32.9675 19.2276 21.7065 
41.575 31.194 21.1365 25.8053 33.8155 16.2587 5.5123 21.7097 16.589 30.4955 
21.719 3.8178 11.7182 6.8444 18.7233 21.8559 29.0069 32.2611 15.9395 17.6335 
18.5535 34.4831 17.0767 24.9734 17.7572 14.1874 29.0635 8.1752 17.6998 13.4304 
33.3045 15.8096 13.7344 12.3949 33.2558 20.5991 9.5684 33.2604 15.7701 24.7816 
15.7586 20.6045 6.8792 17.6903 14.1523 9.8879 22.1139 16.5725 5.3147 8.423 
28.1508 32.454 16.4382 27.5441 30.3116 6.2033 24.1527 6.1386 16.3502 22.2865 
5.7158 16.2279 14.5826 18.3555 3.6748 24.8405 34.5362 28.3192 14.4454 5.6069 
20.9259 10.7788 5.0634 2.5933 23.2757 18.8897 20.6168 28.176 9.159 14.4687 
7.7566 16.2048 13.0696 16.3036 6.1779 25.3677 29.243 28.7378 15.6892 8.1042 
13.6587 13.687 7.4776 10.6712 9.7484 23.0928 29.8603 29.6068 10.9498 8.0839 
13.3677 34.9033 21.4183 29.5923 15.0776 14.199 33.708 11.7104 17.1926 12.1889 
31.1149 28.3132 19.2999 20.9951 28.0625 4.9052 14.1866 13.5457 14.684 20.8843 
33.1989 26.1349 18.8836 20.433 41.6441 20.2872 1.3804 32.9726 17.4393 26.2455 
23.2363 1.3314 13.8781 7.7049 20.5471 27.0536 29.4396 38.9904 18.0234 17.594 
31.8509 27.0571 11.2515 17.4348 27.6155 6.1028 9.2175 19.6515 10.1663 17.9043 
27.2057 10.6048 7.5014 5.6236 24.8642 17.472 15.0745 25.23 10.8466 19.7021 
23.4605 2.6224 11.159 7.0866 21.8552 27.2005 29.5672 32.1258 15.9261 14.9906 
15.3694 8.8186 7.8176 8.1731 14.3108 19.0657 28.2878 26.5637 12.3986 10.725 
36.6951 32.679 18.0105 23.6016 35.2885 9.7064 9.1461 17.8717 15.7922 23.6607 
36.9264 31.3581 17.3721 20.3053 36.001 7.0832 14.2629 16.0449 15.0423 21.9305 
26.6311 28.5002 20.7051 24.4774 32.6471 4.0688 16.5824 11.871 14.0622 19.2625 
23.5365 26.4145 12.2915 18.7264 25.0816 6.2294 13.6927 15.395 7.9604 15.8743 
33.5824 29.1684 18.3682 28.5215 27.9764 6.0109 16.666 13.8366 15.5309 25.2493 
23.841 6.9464 9.7026 2.3479 26.4601 20.01 18.1516 32.9041 14.6324 21.4593 
6.8472 14.8488 12.2374 17.2893 5.0159 24.7711 29.9001 28.0098 17.4595 6.8754 
23.6179 18.2137 3.7787 11.4959 21.3742 11.3962 15.1285 17.4074 1.73 13.4398 
32.9454 48.0135 31.6771 32.4546 37.258 18.1733 34.2551 7.7409 26.428 27.2399 
27.5705 38.521 23.2419 26.002 31.0702 7.1434 20.7383 10.2551 17.9764 20.5603 
25.5722 15.4265 8.2381 10.7748 26.3481 12.3851 10.2916 21.2011 7.2151 17.889 
25.4263 21.4762 7.9794 13.3791 19.7111 7.4882 16.1735 15.6573 3.5055 14.2086 
35.9154 33.4568 22.9265 26.7472 28.0492 7.0036 15.9662 12.533 18.2742 21.9589 
32.5245 26.2746 16.1537 21.0597 28.0013 7.357 8.6432 22.1138 12.4637 23.1076 
25.4151 9.2123 8.2757 2.8095 24.0827 18.0093 16.5666 27.4331 11.8682 16.7487 
31.3734 35.4293 24.7414 35.5307 29.5648 17.1061 30.6195 4.4035 25.4206 25.4208 
24.4759 29.9845 14.2406 20.1897 21.2916 3.4824 18.1543 8.2025 10.1556 16.7527 
34.3675 29.0075 17.9318 21.4996 31.8672 5.3992 13.5358 14.4355 11.5314 22.9777 
8.8666 31.0654 22.7385 31.874 8.073 31.5109 47.3755 26.6537 24.6611 14.574 
27.1195 7.6644 10.985 5.231 29.2216 20.107 17.1795 31.6538 13.3606 20.0229 
17.353 7.4625 9.3309 8.7871 15.8555 24.0341 28.9963 33.3358 12.2452 11.2426 
8.4958 16.2413 11.1697 15.3877 8.0903 20.5484 33.372 26.1875 13.7746 3.3683 
27.5352 3.8776 14.3405 4.4874 24.3042 28.0729 21.1846 36.4285 14.7072 22.0799 
33.182 15.7062 13.2076 9.7887 31.0751 20.8684 9.7282 35.1253 14.3424 23.5952 
34.2847 39.7177 28.9466 34.9253 32.0385 13.6748 25.232 4.9536 21.7519 26.1966 
11.3253 32.3248 20.4341 25.2643 12.4498 20.1561 33.7801 14.6199 20.0183 10.0066 
5.1642 24.3996 24.436 28.4557 5.4624 30.0637 46.3683 29.8572 25.6683 13.3694 
23.0362 2.0425 13.9802 5.298 22.094 25.5701 24.33 40.3275 15.6573 19.3693 
30.3 27.4967 13.7894 20.486 30.6892 3.155 12.7208 12.8745 11.5321 21.7913 
26.3178 30.3161 16.2203 21.3572 28.0519 1.8761 18.366 12.8078 11.9358 19.737 
15.2802 26.3997 18.5859 24.6369 15.7821 15.1848 29.5753 10.3026 16.0577 10.858 
19.1018 18.9527 5.8229 12.6586 17.7102 7.3208 15.4114 17.0067 1.8986 13.4388 
13.9044 8.7941 10.2722 11.5172 12.1551 22.3722 32.891 31.8883 15.1777 12.2025 
26.441 2.2314 13.4861 5.4737 25.0659 23.5388 23.8157 37.4598 15.614 19.5893 
26.8564 3.5205 17.6892 11.8729 20.2305 34.1824 31.2789 43.7029 20.2788 19.0966 
16.513 7.1952 6.4622 4.8539 14.6461 19.8086 25.2978 32.4276 11.4909 12.7002 
30.8184 28.1379 14.3233 18.9772 25.5034 3.4892 13.4003 14.6601 9.8499 17.093 
21.7393 39.9395 24.8085 29.5801 22.4825 12.347 31.2945 1.5605 18.9288 19.7746 
36.4426 24.8231 17.0754 19.9167 32.8992 14.5097 3.3932 21.8196 16.9645 28.4688 
7.8714 18.7905 14.6103 15.7147 5.3114 23.1604 33.4478 27.9026 18.189 9.5305 
19.5433 15.1556 0.3998 7.6973 15.7888 14.0668 17.9168 21.4203 4.271 10.601 
30.2209 34.6381 29.1948 30.859 30.1706 16.2022 34.0925 3.5782 19.7663 23.9159 
18.6715 30.003 14.677 24.6134 19.2056 9.5197 26.9088 9.8081 9.9288 10.1258 
14.3865 25.2838 11.8162 21.4952 12.7042 10.7382 26.5691 12.4848 8.8901 6.1949 
16.2915 28.7498 20.2061 29.4479 14.5829 17.665 34.2558 11.9846 19.7585 12.8806 
27.5604 30.1903 18.3397 27.5852 24.4124 11.0514 28.818 1.9868 17.7728 17.2431 
11.9742 27.959 15.9437 27.3345 13.9442 17.2881 33.2904 14.1936 15.883 8.9253 
4.8002 24.7653 22.619 29.3263 5.2506 27.6155 36.0369 23.132 23.4849 10.9116 
13.6275 16.8822 8.598 13.3231 12.1178 12.3063 23.8825 18.6798 8.1276 3.2353 
5.3738 24.9087 14.2197 18.8214 4.3233 20.3486 29.1073 23.4669 13.9274 4.8991 
23.3443 35.4721 18.5786 24.4488 22.8836 13.2549 28.1985 5.9052 15.9435 15.2629 
20.7152 3.6882 15.5933 8.6084 17.4439 28.6457 28.9519 37.3809 18.4468 18.1855 
33.9186 29.6919 17.821 25.5996 29.948 5.1409 15.6498 11.7168 16.0782 21.6495 
13.8794 27.5897 15.1953 18.4998 15.3584 11.1048 25.3434 12.0922 10.2116 6.6807 
17.7014 33.6372 15.591 24.1449 17.9907 11.7196 26.0717 9.4546 13.0604 12.464 
22.6652 2.6853 17.859 11.3789 23.8154 27.0809 30.6515 36.0333 23.1612 23.9149 
20.6636 22.3371 9.0137 13.1372 20.4101 6.23 16.9173 16.1402 4.0531 14.515 
1.2523 20.5576 16.6175 23.248 1.253 27.8836 38.6132 26.043 18.7144 8.7373 
7.4382 33.6127 26.8898 33.7303 10.1282 31.1984 43.6122 21.146 25.8627 14.5541 
1.3397 23.1217 19.2649 23.4752 1.9011 28.9941 42.8699 24.3944 19.227 10.1171 
31.1209 38.182 18.9306 30.2738 28.3587 8.0375 20.6427 5.9516 16.7638 22.7337 
4.8397 26.3563 24.5222 28.6521 6.1565 23.8483 37.8792 24.8764 20.8541 12.3526 
26.2124 1.2708 13.1542 6.3263 21.5391 23.0956 27.617 32.2598 17.0549 19.0325 
31.8299 28.5485 14.0286 20.3005 29.0475 5.7955 14.1456 16.1671 10.5551 18.4658 
29.9443 36.9014 24.9368 34.4384 36.2824 11.4591 25.048 6.5858 18.1717 23.7123 
9.7679 28.3347 20.4205 29.2873 11.1908 24.5478 34.4803 21.1597 19.2682 11.2074 
4.0204 20.5596 13.7977 17.85 3.0404 22.0142 33.9489 27.0633 15.8551 4.9395 
27.0151 30.9368 19.6053 24.3007 23.5581 4.8191 20.3618 6.631 14.4419 18.8693 
10.1126 15.5197 17.1571 15.6624 10.4655 23.4271 36.9698 34.6638 17.5262 12.1432 
35.4142 23.5725 13.9153 12.5022 29.4293 16.257 4.949 28.7171 14.6973 26.9254 
14.9828 26.4437 11.9716 18.0621 13.4435 12.2439 24.3115 16.1337 10.3657 6.1577 
12.6215 18.0675 7.7323 12.7614 11.0068 15.9295 27.1014 19.87 8.4223 2.4393 
35.9057 28.1946 20.7246 17.7445 34.7119 13.6917 4.752 25.1671 13.6587 25.915 
42.4845 25.355 18.3003 25.2662 35.6092 16.6703 4.5308 28.8522 15.4291 28.1175 
12.1859 17.6641 8.0656 15.9332 11.925 15.9974 28.4507 20.0677 9.3021 2.7566 
29.8654 40.2959 21.7578 28.3386 27.7199 11.1112 24.7245 1.6745 18.7064 22.2439 
14.4376 12.37 12.2193 13.1289 12.6463 27.9614 33.3172 27.3271 18.0577 12.1723 
13.8789 11.5938 10.7033 10.6494 12.143 27.0605 26.4045 27.2356 16.7847 11.7281 
31.8354 23.0025 18.8066 19.2782 36.8705 14.6337 1.6295 23.5221 16.1653 29.7941 
20.1849 4.7583 9.7313 3.7309 23.129 23.5919 25.7817 31.5544 12.9318 17.1065 
43.1883 26.9282 19.7112 22.6304 33.4198 19.2719 2.6024 31.414 21.0181 28.8627 
18.6466 4.6296 17.7085 10.5902 22.6315 34.4702 30.7332 35.84 18.3526 21.3645 
34.1693 27.0274 22.8376 19.8607 39.2972 16.1644 5.2543 22.2686 19.2279 24.5716 
19.7776 3.4346 9.6951 6.6257 16.9883 22.6666 25.0448 32.1946 15.6673 17.3767 
19.9947 32.5317 18.9575 25.2303 17.2976 12.8571 31.6922 7.1126 16.3932 13.3948 
36.547 17.7542 14.2257 10.7793 28.5936 19.3654 9.5391 29.3035 15.6128 21.5016 
16.295 21.2503 7.3699 15.7222 15.3603 9.1794 19.0438 15.6236 5.2066 7.5446 
28.8341 30.9711 18.5379 22.7923 27.0692 5.2548 23.5472 7.3742 14.0611 19.3682 
5.4713 20.21 11.9383 19.5956 3.4223 21.5695 29.1437 25.2257 14.3973 5.4618 
23.2308 10.6761 6.0879 1.99 18.5999 16.2281 17.9258 24.8973 10.0009 13.8648 
8.4597 13.1788 11.5678 15.2618 7.3555 25.8512 29.7166 25.3198 15.0077 9.5153 
13.2043 12.9674 8.8785 10.5708 11.5044 18.3958 26.0967 27.4607 12.5505 6.9195 
14.4949 32.8636 16.3379 28.0177 17.3966 15.3359 34.1928 11.808 14.1843 10.0205 
30.2897 34.1979 19.2796 25.1968 32.3705 5.1616 14.0683 15.804 13.3795 24.6458 
36.6017 31.5339 17.9104 21.0444 36.0076 18.5508 1.218 26.925 20.924 26.2962 
22.9332 1.4471 15.8084 8.0709 21.5553 30.0027 24.0676 38.9488 20.1463 21.2016 
28.7846 27.4473 12.7597 15.2986 24.5613 7.3218 9.1245 18.7167 9.9431 21.7998 
27.0073 12.4878 8.0933 4.7922 26.7857 16.1427 14.3246 29.6828 9.3528 20.8149 
18.0097 3.0176 12.1091 7.5379 19.0922 24.67 28.9792 34.1442 17.9392 14.7296 
18.2664 7.4876 7.4629 8.2754 13.5381 18.4678 23.4349 28.5188 11.3595 10.8048 
38.1251 28.143 20.9131 21.4175 30.7726 9.2973 10.0127 19.6657 17.1078 25.6524 
33.6509 29.8424 20.7559 22.4012 34.7269 7.6945 13.8173 14.3417 12.821 22.485 
34.1108 29.9868 17.6688 21.4319 33.2153 4.458 16.4363 10.3067 12.3256 19.4354 
28.7176 24.3605 12.0536 14.6607 27.6916 6.1973 13.0596 19.3437 7.6897 20.1654 
33.6362 35.0131 19.435 28.1137 30.8636 6.0845 15.5663 13.8077 14.734 21.6163 
26.7037 7.8925 8.7706 2.4404 21.6892 22.5602 18.293 34.4127 14.1231 16.9217 
6.5358 17.3858 14.6046 15.0518 4.8742 21.0964 31.4641 25.6234 13.7311 6.4303 
20.4996 18.7602 4.0016 11.5899 17.3115 11.7767 18.8774 18.1789 1.894 10.6034 
37.3025 38.8253 33.6318 32.508 32.1993 16.8976 31.2975 7.2445 24.7052 32.0195 
33.1543 32.9874 17.786 29.5896 27.1625 6.5636 17.0643 10.5334 17.6444 20.9548 
26.5758 15.0491 8.1616 11.3018 23.2977 12.8813 12.8654 21.1548 6.1616 19.1851 
25.1117 23.4195 8.3641 15.1393 23.6013 7.3804 14.9033 19.4368 3.8551 14.8541 
30.9834 31.0656 20.5235 24.6728 35.9631 8.7138 19.6018 11.2208 18.6172 25.9469 
34.4681 26.5771 15.913 15.8752 30.7885 7.8558 8.9142 19.1195 12.3466 20.2616 
27.0063 10.0584 7.8005 3.2721 20.6413 19.9033 16.6814 26.2594 13.0043 17.043 
31.968 38.8861 28.4146 34.1271 30.31 13.605 32.6711 3.4675 21.0827 20.5358 
23.6632 29.704 13.4325 19.281 22.284 3.4645 22.5528 8.881 10.2689 17.4505 
30.8514 31.8212 18.8279 19.398 26.6809 5.4552 11.9944 17.5997 13.7403 25.2181 
8.7191 34.0945 23.233 27.279 10.0967 33.2838 39.5269 24.4062 24.9033 16.4379 
29.3051 7.8475 12.793 4.1607 23.0677 22.0886 18.845 30.7282 15.6994 19.1624 
15.3999 8.0509 10.1438 8.433 15.7693 24.4023 26.8056 28.9267 13.508 10.8435 
9.1286 16.7289 10.9009 16.5603 6.6371 18.1541 31.2268 20.0939 13.4297 3.0063 
27.5642 3.22 11.4474 5.2077 26.8175 27.2416 21.6638 39.1284 16.1958 18.9478 
28.6785 15.9592 11.7017 11.2881 29.8864 17.4585 10.3245 28.0861 15.7246 23.6842 
29.8784 38.7845 23.5107 30.685 31.6469 12.2506 28.5658 5.1293 18.7738 28.5502 
14.0273 29.2848 21.2493 23.1193 12.0971 16.4607 37.2029 14.2503 19.8728 10.1017 
4.59 30.6918 24.8092 27.495 5.2236 26.9439 37.7096 23.9892 23.9025 13.1026 
22.186 1.9778 12.6231 5.1666 21.2076 23.2849 23.2456 33.9228 16.4004 21.9662 
25.1463 27.7481 14.6697 21.5373 27.9975 3.4098 12.9519 15.1279 10.4981 19.4611 
29.5083 30.2158 16.7173 19.3803 25.6826 1.8029 18.587 11.0792 10.6376 17.239 
14.5562 34.8194 19.1926 25.245 15.9461 13.6535 26.358 10.8896 14.3467 13.1811 
19.2254 22.2156 6.3047 12.7238 21.8855 6.5524 15.7121 19.3393 2.4098 12.6383 
11.6245 9.9083 11.5656 12.8297 10.8822 25.1607 33.709 31.1028 13.7738 11.9209 
27.4969 2.8996 12.6434 6.6203 26.8514 25.4052 23.3796 37.3568 17.0694 21.2872 
26.2991 3.9216 16.116 11.4007 20.9547 32.18 29.5583 33.9238 22.1112 21.8698 
19.6635 6.3122 6.6831 5.057 17.4831 18.5891 23.468 25.4237 12.7084 13.7166 
25.8511 30.4649 15.0573 19.2004 29.6988 3.2954 12.0455 13.1792 9.4523 20.8471 
27.0526 31.4288 21.2498 30.0568 22.92 13.0579 32.3023 1.6801 16.0679 17.3476 
33.7057 29.2452 19.3453 19.6263 38.4065 12.8526 3.6108 27.0106 14.3592 27.706 
7.4201 18.7131 14.0311 16.8038 5.8547 29.4559 35.5074 30.6179 19.514 10.3579 
17.896 14.3399 0.4191 7.9578 17.0075 12.914 18.2157 24.9025 4.5139 10.1419 
30.7935 43.9493 29.0232 32.9079 25.413 14.8962 27.7067 3.852 23.4627 20.5564 
20.7775 24.7366 14.3607 20.4627 19.257 8.2679 23.0524 8.9244 11.7691 12.6201 
16.5815 26.3529 10.656 21.5289 13.9307 12.0533 25.4071 14.3619 8.4674 7.1913 
17.778 37.8521 23.7021 28.5006 17.2923 20.1774 31.235 11.8263 20.7214 13.2313 
23.4208 34.3179 22.5203 26.0218 21.6275 9.941 24.9288 2.0498 17.5356 16.5684 
13.9158 29.5708 18.5105 23.3741 12.1398 17.0079 35.4782 12.4505 16.2447 9.6957 
4.6084 25.3516 18.5401 28.0835 6.5138 27.4509 43.273 20.8248 18.6409 11.8812 
10.5267 16.5205 7.629 15.5539 12.1868 16.2335 26.1783 17.1958 8.3015 2.6496 
4.5088 19.5573 15.937 18.6844 4.5816 18.6269 33.8063 21.304 15.2675 4.4209 
20.957 36.5996 17.9112 31.1101 21.3584 11.2948 27.5719 5.9034 17.0631 14.5282 
19.0248 3.7223 14.8529 9.982 19.9366 27.3943 26.1822 38.7711 18.388 15.9111 
32.5382 33.8839 18.1179 26.6013 31.2635 5.2958 17.9858 11.4305 12.3741 21.2311 
12.4608 24.4766 15.4329 23.114 15.3584 11.205 25.3908 12.2006 10.319 6.7426 
17.948 33.4545 18.4625 27.0305 15.0519 14.6476 33.65 8.6558 14.7673 12.8777 
28.3943 2.9712 15.7757 8.9223 25.8869 27.2989 30.0093 40.7997 23.8969 19.3576 
21.2084 23.0651 8.3357 15.1312 23.261 6.6334 13.993 14.6746 4.7805 15.2891 
1.4451 21.3921 17.0534 23.905 1.3672 27.2688 33.6348 27.309 19.5959 8.3019 
9.429 27.9066 24.5871 32.876 10.678 25.1712 38.6715 22.3511 23.5378 15.3332 
1.4927 22.4966 19.2983 21.2581 2.2808 28.3285 34.2828 31.5084 22.8133 10.3858 
27.0161 38.0827 21.5025 24.1099 29.5209 7.3222 25.8649 6.9519 16.2574 19.4038 
5.2515 28.5594 22.1871 24.6508 6.5395 27.2282 41.9896 22.5394 24.2149 12.9403 
20.8203 1.2766 13.4377 5.331 21.3084 28.6861 23.0903 38.0375 15.692 20.2141 
33.9071 28.0345 17.4461 22.5224 28.8563 4.8183 11.7109 14.2654 11.7862 18.1463 
30.452 44.2816 26.2097 32.3284 34.7937 11.4727 25.1452 6.6255 20.8189 25.3364 
9.6651 34.9678 24.7936 31.2548 11.4655 24.2886 34.3153 21.4179 19.8101 14.1701 
3.7322 22.2636 13.5238 19.514 2.6818 22.2367 33.0894 25.8263 16.4727 4.781 
27.1012 27.3634 16.9329 27.4097 21.1946 5.4506 21.041 7.0483 13.3781 18.0519 
9.9834 13.3635 16.3316 14.9022 8.4268 27.5417 31.5876 34.6457 17.4787 9.9765 
38.4987 22.6124 16.7969 12.5995 30.9743 15.4019 5.805 32.991 12.7953 21.6987 
12.4219 21.5409 13.0016 17.9298 13.2121 12.5343 27.973 15.8157 9.9237 6.4457 
12.5231 18.4703 7.6112 14.4726 10.4738 17.6029 28.4561 18.2889 8.3456 2.7624 
35.8139 27.6433 17.8257 20.021 33.4803 12.1154 5.0761 23.2364 15.7014 28.6253 
40.9715 31.3855 21.0186 24.5438 32.6191 14.8319 4.1622 25.4424 19.8715 27.6106 
11.2925 17.6321 8.778 16.9932 10.9553 15.3988 24.7744 18.5282 8.7711 2.984 
25.5004 31.4847 20.2934 30.1504 23.3569 11.4321 24.4507 1.3274 20.4292 20.5793 
12.6952 12.2939 13.1887 14.8847 11.321 27.6161 31.0028 35.304 19.0131 12.2096 
14.9025 10.4752 13.1399 13.514 12.8962 22.1797 29.9553 34.1356 14.4118 10.6988 
33.9253 29.4177 19.9433 18.4174 36.0625 13.5878 1.4478 24.6886 14.0217 29.7554 
22.0424 4.1268 10.3701 3.29 18.5592 24.1722 20.8898 34.0665 15.5109 17.1925 
42.3978 29.2731 20.3615 22.7499 38.3095 14.8647 2.8456 29.0502 18.4832 30.7103 
21.148 4.9098 14.4509 12.9149 22.7365 30.2096 30.1334 33.2636 21.3278 20.4056 
39.0921 26.9934 21.3332 20.7579 35.1157 16.3736 5.6352 23.0326 17.9689 27.2901 
21.4785 3.3779 11.2195 6.2383 20.5513 23.1361 25.3884 30.284 16.4094 14.8399 
18.366 32.4859 20.1026 25.1057 19.3633 13.6794 33.5462 7.2519 16.0993 13.4106 
EOF