I 100
J 10
bounds (0, 100)
cv 0.5
D 1
k 5
t 3
FLR 0.4
FCR 2
λbounds (80, 120)

λ 
117.6637 97.3876 114.4659 
104.439 111.1907 87.9146 
109.1083 96.9675 103.992 
99.3136 85.6674 105.8644 
119.1306 105.4127 113.7402 
94.8032 110.607 86.1473 
113.0767 114.432 88.014 
86.1409 117.5802 91.1565 
99.7762 116.6081 95.1035 
85.369 113.5043 111.9486 
111.0172 115.4029 93.6491 
94.9359 103.78 118.2101 
99.2728 115.5455 95.9768 
115.592 104.4225 113.4058 
116.734 95.1587 86.7056 
110.4684 86.4326 80.8241 
92.3967 94.4121 113.4097 
100.0833 106.866 96.8234 
82.499 104.3243 115.1886 
105.075 89.073 114.0072 
95.5132 113.119 100.4459 
116.0038 111.1296 81.5531 
117.7498 115.7615 95.1944 
108.3084 116.6876 103.2958 
93.9298 107.787 117.9504 
113.5077 114.4951 109.5381 
80.0248 91.1972 96.8413 
101.2529 110.2467 90.516 
117.5058 94.1595 105.6204 
84.0625 96.8288 90.7001 
106.9312 116.0199 89.9995 
92.5415 110.5375 101.2898 
101.2738 96.3486 102.9266 
107.5777 102.8614 101.8447 
83.176 110.4901 100.2948 
112.3377 99.7985 106.4543 
87.4024 80.5353 100.7426 
112.0994 119.3597 92.0825 
89.2373 117.6911 103.4204 
101.9627 98.4276 103.1106 
81.9739 88.2997 109.126 
119.0821 97.9758 112.8687 
118.0308 93.7402 83.1597 
110.7335 98.8464 110.9123 
80.2843 117.0833 109.6805 
107.966 86.3482 119.3538 
111.3541 96.2848 109.6874 
116.7691 104.4166 118.4359 
114.0523 114.5982 111.4073 
110.5434 93.711 99.9646 
108.4618 107.5866 102.3216 
97.2725 86.8224 96.8777 
98.2217 94.253 90.9024 
96.5402 94.6563 91.0714 
83.32 107.2546 113.8247 
104.4608 104.2394 84.8678 
93.7761 80.7652 113.7873 
116.988 92.5196 108.3497 
88.0476 98.0738 110.5945 
91.1865 95.9089 111.4484 
91.7229 119.24 105.8271 
95.2249 101.9771 116.6673 
84.7268 110.3744 116.465 
114.2777 106.834 96.1916 
88.125 98.2341 85.5468 
96.211 116.2189 83.8476 
85.7792 114.5171 102.4266 
103.7218 101.6076 116.8366 
89.2375 100.9812 107.2631 
115.7278 84.2417 116.0798 
90.1504 95.4218 105.0458 
104.8413 98.3961 115.9001 
99.5572 91.6707 104.8029 
88.5407 86.6227 118.8981 
90.5327 92.9957 98.9112 
89.986 101.6887 89.7275 
114.9825 105.7594 114.1944 
119.4104 109.8207 116.6207 
115.0085 112.7862 101.8956 
95.9196 84.7263 118.9443 
104.8557 98.2319 119.2113 
80.6065 88.9488 114.7652 
110.4664 101.7311 111.2469 
104.9177 115.3263 85.1266 
80.2026 109.2546 97.1496 
90.3767 87.3382 98.9158 
85.7976 117.7541 84.1469 
88.5877 97.2275 83.6179 
109.6525 96.6782 107.786 
112.9353 84.2143 115.694 
95.8078 98.7049 93.1728 
83.7605 91.5258 84.9242 
93.5561 87.2435 82.1024 
95.3074 101.6921 99.071 
88.0691 83.7587 99.8371 
95.1337 85.8656 98.9754 
92.1861 102.7552 106.4025 
84.8562 95.2788 116.8563 
89.5903 88.1304 89.0594 
84.5823 96.5546 116.0555 

Icoords
87.9635 76.1524
60.3263 28.8165
55.2745 3.1533
58.0532 17.4425
70.5172 90.1788
25.8024 60.8599
27.7208 91.7253
9.1173 73.7366
17.7443 34.6762
4.8119 64.6586
45.3373 7.8172
61.1816 79.283
62.1071 87.5473
63.7029 25.1434
51.7247 45.1104
45.1559 3.2685
36.8652 86.0663
45.6161 14.8236
73.506 97.2806
27.3904 51.5736
54.5391 36.6737
19.0501 40.555
6.4063 35.8142
1.8372 24.9718
64.8655 38.8031
71.6826 9.1336
58.4566 20.2382
48.5133 83.4567
90.2234 43.808
93.8709 22.2827
83.9578 63.3898
59.3948 63.083
60.8314 97.6532
12.0759 93.5926
49.0659 28.2554
22.3056 1.0984
44.162 15.3173
77.2163 60.8614
80.3506 28.3128
44.1237 29.5244
65.1513 60.1091
13.7639 4.9469
54.3121 5.5458
43.6658 40.5015
47.2507 98.6161
44.8567 81.0958
46.3237 34.9979
26.4276 77.1639
96.0828 45.9417
25.8664 72.3389
51.647 35.4304
94.8253 79.7789
2.1916 79.9424
24.2715 90.5671
90.4002 89.4537
30.4262 89.4913
30.9799 94.7332
22.461 69.361
46.5623 19.2187
65.9825 53.1081
46.7782 42.0904
97.1156 77.542
3.7209 79.0809
40.5852 59.0939
4.604 96.0214
70.5373 82.2246
27.6856 86.8267
93.2228 94.1868
39.6419 65.1343
89.7562 31.7291
60.2204 82.7042
39.2428 19.8275
69.5396 12.6741
13.5369 92.9635
22.2274 13.1142
32.2658 95.1298
52.8506 34.9861
89.6305 99.5531
77.0315 23.6668
32.1984 95.1267
79.3373 71.6095
29.7445 19.4719
10.9571 30.2856
61.6092 78.4072
4.1926 86.3392
8.9232 75.9541
65.4611 19.2128
44.6815 83.9214
18.132 41.7324
24.2158 64.3354
56.4064 38.0059
65.1147 44.5451
52.4267 61.4292
31.7398 40.5901
22.7937 10.9393
47.7098 44.2234
32.6342 30.6461
89.0866 23.4957
23.8991 77.595
17.3136 71.2447

Jcoords
52.3567 4.8455
0.0716 18.0987
34.9671 52.6066
38.32 23.4781
55.1033 85.6206
33.2956 84.4782
26.2484 76.1525
20.3946 3.4654
66.1779 24.2847
0.2585 92.6741

C
26.286 36.4244 20.0709 24.0378 13.6378 20.9249 21.7731 33.3254 22.1541 33.2447 
9.0258 21.7874 10.8 7.9845 22.4866 21.2427 19.9477 15.8642 2.3158 29.9216 
1.0146 18.604 17.6794 8.7741 26.2082 28.0444 24.4787 11.5597 9.15 32.1319 
4.2153 20.3992 13.1159 6.2608 25.7408 26.5836 24.899 12.8259 3.399 35.348 
33.4931 33.2498 20.0538 29.0187 5.1163 13.4468 14.2006 32.9017 23.1525 21.6533 
23.3454 18.1657 4.3721 12.8318 14.9957 9.5645 4.9355 17.5829 19.7267 12.3787 
35.7699 31.1049 12.4922 21.0511 9.648 3.1343 5.8737 33.6098 25.5419 9.5186 
30.1352 18.4381 12.4266 21.7801 14.3535 7.9715 5.4704 28.3187 23.4753 7.2422 
14.2472 7.5019 8.386 8.0209 23.0524 19.7686 13.6078 10.8159 16.3914 19.7843 
26.1314 17.597 11.7979 17.5146 21.5815 13.2244 7.983 22.922 24.2994 10.8991 
2.7936 17.2817 16.9553 6.3102 27.9232 29.3797 23.0663 9.5176 9.9765 35.2064 
27.4124 28.4676 13.9618 18.2064 3.3984 10.8159 12.2581 27.7131 20.378 19.6426 
26.7894 36.8386 16.8698 22.0404 2.5177 10.822 12.6121 29.1623 23.3541 24.1416 
7.4947 22.5671 12.4573 9.1829 21.099 20.4218 24.7501 16.4423 0.8745 27.8716 
14.1025 18.2388 5.5734 8.8435 15.5449 16.0136 12.2923 19.4021 8.733 21.9768 
2.5439 17.2093 16.3481 7.2046 25.0179 26.747 29.185 8.7881 9.8035 32.6949 
27.6333 28.7587 12.3028 23.7086 6.907 1.3303 4.3708 26.6831 23.2364 12.6065 
4.7311 14.3333 13.0523 4.1441 27.329 21.7017 24.8511 8.6579 8.6892 32.5711 
36.9433 36.8362 22.0247 28.183 6.7078 14.8795 16.7358 37.8183 28.2594 24.9093 
18.013 14.0165 2.5823 9.1042 15.0489 10.4971 8.0706 15.6781 17.3387 15.262 
11.7977 18.6512 9.6684 6.6469 16.4473 20.0774 15.8772 16.8754 6.2164 27.9828 
17.965 9.2645 6.4806 7.9329 18.2949 17.6298 11.1714 13.2868 15.6452 17.6626 
17.477 6.5849 10.7512 13.5834 22.8683 18.7479 16.5791 12.7829 19.2664 21.5954 
21.4098 2.5611 13.9264 13.4369 29.5189 23.3296 19.4779 10.7034 23.3184 21.7113 
12.5826 22.5015 11.3151 11.0959 16.6668 21.0879 17.933 19.4545 5.5847 33.0086 
7.0513 22.6614 20.2403 11.7518 24.7155 27.0253 26.9137 17.2087 5.0537 42.0959 
6.0467 20.2206 14.2217 6.135 21.0546 26.2099 20.6487 15.2192 3.3928 28.6191 
31.4663 32.5329 10.1214 22.924 2.7079 5.6752 7.7327 31.2195 20.8847 17.8037 
18.6304 37.1609 20.5177 20.0786 18.3364 27.6144 27.033 26.1047 11.4446 35.6895 
17.5878 36.5336 21.1539 21.3365 26.6818 34.2677 30.2426 24.6808 11.0312 37.0232 
22.4468 30.2774 15.2095 18.4127 13.0511 20.0682 20.1544 30.5924 13.7506 30.8321 
21.077 23.9581 8.2024 17.3261 7.0066 10.6171 13.2437 27.3423 14.2383 21.1209 
35.5721 36.6378 17.4531 30.3242 4.2418 12.1949 16.0444 32.7081 23.4887 21.5941 
33.3023 25.0731 16.4168 29.3172 16.6156 8.9283 8.0564 28.1578 31.1251 4.1367 
8.9336 17.5076 9.7893 4.1924 20.5752 20.782 19.8211 13.4023 5.7197 25.4261 
10.2026 9.239 17.9546 8.7346 35.032 27.316 24.1406 1.0434 16.2861 29.275 
4.3614 17.1941 15.2895 3.4254 21.9425 27.7727 23.027 8.0207 8.1301 30.0285 
18.8266 32.8736 14.4685 17.9486 10.334 16.1671 19.9546 31.6438 13.6357 30.3367 
14.3413 24.6339 19.0773 15.0615 24.3791 23.2637 24.208 22.3648 5.2807 32.3553 
9.2253 14.6132 7.8469 2.6467 21.1037 19.8277 17.5479 12.2684 8.8927 28.3954 
18.345 30.8915 11.9901 16.7641 8.3984 13.2436 15.3638 24.3936 13.9522 25.3611 
13.4651 7.0702 15.9829 11.9271 28.4184 25.9196 26.1263 2.4289 19.5313 29.0159 
0.7976 19.1853 20.1237 8.3375 27.7633 29.5527 28.5531 13.1881 7.5544 36.2969 
11.454 17.4685 5.3231 6.8892 16.6635 15.3622 12.3479 14.3993 10.8261 21.2837 
30.2295 32.3359 18.8389 28.5718 5.3629 7.8328 10.2129 30.7282 30.4742 16.6398 
26.5712 30.9021 10.0573 22.2381 3.8801 3.6643 7.2798 28.7563 19.7393 17.0207 
12.0171 18.1115 8.1801 5.1915 16.5644 17.2381 15.3808 15.0845 8.8684 27.9609 
23.1324 21.9261 9.2533 20.4442 9.4593 3.3371 0.4067 25.7403 21.5132 9.2234 
21.3806 31.6095 21.5112 22.9253 22.0009 26.9191 26.9964 27.1574 13.3921 40.7153 
24.0429 18.1566 7.4642 17.9354 12.6362 4.7436 1.343 25.142 23.1324 12.7791 
11.5122 17.2968 7.7238 6.083 16.1492 20.6751 15.4107 14.8552 6.8125 29.9627 
33.083 36.3716 23.6521 30.4547 12.7554 23.1285 24.2758 37.4168 19.6287 31.0664 
29.5949 22.7161 14.0541 25.5129 19.8813 12.086 9.1423 31.3039 28.0707 4.1466 
27.1427 23.8757 13.4249 24.1481 11.8472 3.4324 5.0676 33.794 28.9757 9.1648 
31.5132 43.121 20.4679 26.0232 10.9247 21.4839 23.861 43.0665 22.0533 28.1963 
33.0875 24.9335 12.9737 21.7733 7.9433 1.8553 5.0013 34.0459 28.608 11.1572 
34.2969 27.682 14.1036 23.8535 9.4355 4.0644 6.4711 29.034 29.6659 11.922 
28.1009 19.1813 6.4708 19.137 13.194 7.3466 3.0786 22.2441 19.0893 10.0284 
5.4721 17.8623 12.0594 3.5757 23.2848 25.8719 22.6927 12.08 7.9598 33.1871 
16.6846 26.763 10.984 12.5458 11.1904 14.9551 15.066 24.4524 9.4457 25.7454 
12.6125 17.6953 5.7327 6.3049 15.7953 13.9402 14.0271 17.5737 8.5817 22.6372 
32.0993 45.4528 25.9018 30.4159 15.0807 20.7224 25.3328 39.6298 23.0536 36.3797 
26.6601 21.6569 14.2233 21.2118 17.1862 9.4068 8.6143 28.224 32.1631 4.4606 
18.1132 20.3514 2.7977 14.061 9.9156 9.9593 7.6209 21.6419 14.3051 18.8971 
31.4742 28.9192 18.193 24.8706 17.6848 11.6377 10.0631 36.778 31.5852 2.0827 
28.0507 32.8989 14.4878 23.2158 5.2324 13.8942 14.5956 33.9014 22.2014 27.4258 
34.1082 29.1309 10.5029 22.8677 8.9578 2.0453 3.4283 31.9154 23.6838 9.4871 
32.7546 36.0831 28.2712 29.6405 12.1235 18.7468 22.2715 40.9623 25.4535 36.5863 
20.1912 20.3762 5.1293 15.0121 9.2783 6.8567 6.1811 25.7894 15.0909 19.0499 
16.2957 35.1519 19.7414 20.4885 20.6886 24.2388 24.7931 28.7837 9.277 36.0566 
30.3707 27.9995 13.8099 25.094 2.1557 9.3308 12.2615 28.8135 19.167 20.6973 
7.0265 13.3076 11.5269 1.3352 24.2625 21.0807 22.2779 9.3947 10.8468 26.9843 
7.2829 23.8792 19.5536 10.1421 25.2234 28.0067 29.8581 17.6301 4.1678 39.3262 
29.6284 30.0613 13.7447 27.355 12.9627 7.623 7.7433 29.8543 33.3063 4.5609 
12.0193 8.6274 13.8432 6.7453 29.9499 21.6724 21.0155 3.2253 17.0417 28.1617 
32.8812 32.3099 15.2923 25.8721 9.0888 3.9434 7.0277 32.295 29.5402 10.9915 
10.3185 16.9293 8.059 7.3661 18.8243 19.8919 14.7237 17.8575 6.5189 26.1589 
31.9992 39.8168 22.0563 32.2725 14.6025 18.3057 23.2285 46.1771 28.4603 31.3817 
10.7873 30.2009 18.7332 12.1169 21.1553 26.6439 23.6843 22.802 3.3635 34.4163 
29.3239 25.0878 13.2262 22.3926 7.6158 4.1524 6.0888 36.0061 24.3095 11.9807 
26.0675 36.5429 16.4595 25.2889 9.9458 18.9409 19.2245 27.5794 16.0869 24.9437 
9.8323 11.7066 13.2364 2.9995 27.5083 23.04 17.9508 6.7309 14.0274 25.9876 
15.6027 5.9709 10.7986 10.6274 24.4641 19.2319 17.9519 11.225 18.1524 23.1232 
28.4999 32.2162 12.1498 21.1085 2.9997 11.0095 13.0038 33.6721 18.3422 20.2254 
30.9831 25.4864 17.8536 21.8731 15.4428 10.9534 7.7986 32.0122 27.3215 2.2737 
30.8299 21.2517 11.0038 19.0131 15.2631 9.0525 5.7142 26.773 26.5917 6.013 
6.2188 20.6988 16.7638 10.7507 22.0854 27.511 27.039 17.6776 1.9096 35.4883 
25.5742 30.5895 11.0623 18.7133 3.964 4.1882 7.9153 30.0113 22.1494 15.3037 
17.6971 11.6717 7.9285 9.8717 20.4693 14.3369 12.0026 13.0642 18.2382 21.3948 
22.0266 16.5663 5.9109 13.1226 12.8739 6.9886 4.367 22.0539 19.6762 14.6022 
10.7804 19.3108 10.0046 7.572 15.0423 15.6951 16.8058 15.3838 6.199 24.6382 
14.699 26.5901 11.5465 11.9604 14.3703 18.3407 17.0677 21.1806 6.9508 30.6174 
18.3048 26.3142 7.5686 14.6486 9.0517 10.8554 10.6142 23.1194 12.8489 23.8859 
12.9528 13.4007 4.957 6.9668 15.9142 13.2098 13.2025 13.6916 14.2239 22.883 
10.3201 7.4758 16.9687 6.9211 25.526 28.6517 24.2672 2.6955 15.6007 30.2426 
14.1356 18.3586 5.8938 7.8356 16.4004 16.2394 13.542 17.3689 9.0746 21.5657 
11.6879 12.8 6.93 3.4877 23.4943 18.8211 14.3785 11.0772 10.2596 22.1592 
12.7206 31.2838 23.2227 15.4026 25.3578 26.8622 28.6124 27.462 7.3489 42.153 
25.9818 20.8229 10.9101 17.4457 11.5991 4.1234 0.9304 28.2601 21.7049 10.0749 
26.7207 19.0303 8.5794 16.0928 14.5918 6.808 3.205 26.7733 25.4278 9.7802 
27.5931 36.8984 20.0361 26.8462 11.1106 17.6955 20.1562 37.6226 17.2653 26.9885 
7.793 23.6662 13.0567 8.6978 21.1575 23.5322 19.5511 14.3411 2.5023 28.3523 
1.2919 20.5542 18.5026 9.6608 27.239 31.9953 27.4561 11.9189 7.3999 40.8321 
4.6508 17.7435 13.5744 6.9294 23.6253 23.7037 26.408 12.4925 3.928 30.5287 
28.3806 30.8611 17.0537 22.9231 4.9556 13.8573 16.3229 36.3771 24.4732 24.3178 
21.5787 18.9143 3.7296 12.4849 13.3346 8.1769 4.8131 20.5633 19.7703 12.8683 
30.4148 27.2591 13.7057 23.5444 9.23 3.2916 5.9018 32.6888 28.3756 10.7771 
26.1578 17.9364 11.2347 17.6473 18.9512 8.0403 5.5224 21.6785 24.5626 7.7273 
16.7146 8.2918 9.6962 8.8478 24.7013 20.1286 16.9018 9.7822 18.3481 18.385 
24.0684 17.0354 12.2916 20.8009 18.2089 12.2216 8.6957 23.9324 25.2543 10.462 
2.5558 17.4302 15.8381 6.245 30.456 30.4739 25.8334 9.867 10.1677 35.7157 
27.9521 28.6319 13.4307 18.1522 3.0963 8.6913 12.8438 30.1581 18.5721 21.645 
30.1954 32.5737 15.746 22.1703 2.3281 10.4308 12.8755 32.3348 22.473 21.7212 
8.3458 24.5197 12.5726 9.9359 21.27 21.1685 24.0413 15.2848 0.9276 31.9579 
13.1562 18.3321 5.746 9.9403 14.7847 13.8098 13.4208 19.1624 9.9143 21.283 
2.7437 17.4371 17.7234 6.5582 25.8308 25.36 27.3778 9.7686 11.2303 38.0974 
25.2272 29.0446 10.8684 24.5788 6.0021 1.5362 4.4246 29.1931 24.7409 11.498 
4.3927 17.7534 14.387 3.8611 22.5361 21.6239 21.5389 10.9759 8.4289 31.8503 
37.7872 35.6375 18.1425 25.6321 7.5008 14.3351 19.8366 33.7001 29.1177 26.157 
16.9746 14.98 2.6076 11.0849 15.1279 10.7712 9.4632 15.469 16.8739 16.7789 
11.0288 19.877 9.416 6.6239 17.299 17.127 19.3741 16.9802 5.1318 24.9568 
17.5939 10.4818 5.9974 8.5714 22.9523 17.8746 14.2584 12.114 16.6623 16.7927 
20.7685 6.9838 10.8572 12.8409 25.4665 20.6382 14.3314 13.8226 18.5542 19.2106 
18.6037 2.671 16.1526 10.9978 29.6481 25.1739 17.17 10.5756 24.2321 24.4743 
12.5464 26.9365 10.1098 12.138 14.5339 20.0551 19.4427 18.0458 5.0132 31.4776 
6.0061 27.5617 21.4808 12.0822 29.7087 31.6169 30.784 15.6917 5.7968 38.0842 
5.9755 23.2002 12.226 6.9345 25.1726 25.8236 25.7077 13.78 2.8218 29.7341 
29.9866 32.5004 12.864 18.5132 2.6045 5.1582 8.3302 31.1093 20.051 15.8484 
17.8426 29.0331 18.302 16.9458 20.2476 22.3462 21.9648 26.395 9.7876 34.7067 
15.449 35.0971 23.8371 20.103 26.3402 33.7555 27.035 26.9942 8.8488 43.6993 
20.5441 32.1936 15.9871 23.5661 12.5703 18.0597 19.0905 26.5303 15.4431 31.1957 
21.3468 27.2115 9.5766 17.6581 7.1007 12.9221 11.8541 24.8631 15.5223 22.2516 
35.8517 38.4096 18.2427 25.619 4.7776 10.0917 15.9915 38.3662 26.9756 23.8733 
37.191 29.5526 17.2993 24.6082 17.1319 8.5079 8.834 32.4117 34.176 3.7835 
8.4773 16.742 8.7622 4.5405 19.185 20.6185 20.548 13.4629 6.605 27.0425 
10.2117 10.5321 19.4769 10.5509 28.0872 25.2555 27.425 0.9327 16.1918 32.0254 
4.8415 17.4105 14.0451 3.7415 25.1585 25.3854 25.0944 10.403 7.6617 30.918 
21.9276 28.7633 16.8878 18.3047 12.691 16.0374 20.1621 30.5373 12.31 27.2056 
14.2062 26.3496 19.6795 13.7331 19.3755 28.3195 26.5624 25.837 5.5547 39.3524 
8.3615 15.6326 8.6043 2.8386 22.7213 21.2671 17.6627 12.9064 7.2901 29.8563 
19.1448 27.3051 10.5158 17.3725 9.2841 12.265 16.6179 28.422 10.7732 26.2541 
13.9166 6.5633 15.9046 10.5796 28.9351 31.0216 26.9648 2.1538 19.833 33.5249 
0.6638 20.978 15.4935 9.2433 26.8984 25.5993 28.6367 13.3954 8.8253 39.3421 
12.511 16.2529 5.3261 6.3682 16.226 14.1965 12.328 16.5514 9.5831 25.9666 
29.018 36.7407 15.8149 22.7984 4.6629 6.7363 9.8162 36.4626 30.2978 14.9773 
25.3683 30.276 10.5971 18.7705 4.4749 3.9944 6.2305 30.2376 19.8364 14.8044 
11.1069 19.441 7.9706 4.5056 16.4668 17.8725 16.4523 14.6436 8.9406 28.4111 
25.1683 25.4252 8.3719 20.9171 11.4205 3.616 0.3238 29.2896 25.0061 9.8622 
19.3523 32.8691 21.2898 18.9402 19.1317 29.1071 29.3856 29.3619 12.949 32.3995 
26.8126 18.9434 6.6906 15.3286 10.3562 5.061 1.4139 21.2246 21.3887 11.3044 
11.8946 19.8704 9.0478 5.5978 18.9162 19.2454 17.892 17.5017 6.9187 28.7242 
26.2098 37.6266 21.2067 31.5076 13.3537 21.2587 22.5933 38.9199 22.9262 29.5488 
35.709 21.2496 14.4638 23.093 18.3381 11.0361 8.6041 28.8512 32.8792 4.9643 
35.7754 23.7458 13.9297 23.3256 11.7316 4.2456 4.3896 27.8217 25.7371 8.4441 
35.3074 37.469 20.5744 25.4937 11.5957 20.0451 25.1058 34.3179 23.7288 34.6365 
33.0351 25.1584 14.5828 21.8598 8.7401 1.7739 4.3177 29.0226 23.0902 9.9408 
36.9578 28.2604 13.4604 23.4524 8.9636 4.1601 5.9822 34.3262 28.1539 11.066 
22.5831 19.2876 7.9385 16.9039 12.162 5.602 2.3352 19.996 22.3608 10.6369 
5.9354 14.5326 12.5683 3.0737 22.5752 22.4623 19.5493 9.7037 7.4513 33.0742 
17.7528 29.2855 10.1403 14.3983 10.5287 14.8464 15.0431 21.3925 10.0394 23.0834 
13.6858 19.1917 5.3516 6.401 17.4573 13.6243 12.1778 14.1404 9.9378 26.3689 
32.3298 39.1481 22.3326 29.13 17.023 22.0127 24.8508 36.0252 21.754 31.38 
34.8694 20.9849 15.5133 22.8556 18.6365 10.7716 8.4326 30.8024 32.9441 5.0091 
18.5684 19.7578 3.1341 11.8591 11.7511 8.0525 8.5033 18.5527 15.8605 20.4557 
30.9904 29.3641 18.9611 27.2225 18.2468 12.1139 11.6026 31.4918 37.371 2.018 
25.7535 37.6055 15.3117 20.6228 5.6386 12.7562 15.2304 31.978 21.3647 25.6353 
30.17 27.7829 13.4697 24.4478 10.717 1.8817 3.9366 31.2878 28.5234 9.7619 
37.765 46.6194 28.4573 33.1497 13.6316 19.9549 23.3396 42.242 23.4898 35.8332 
22.0767 21.0708 4.8231 16.2666 9.3065 7.1926 6.8905 23.4314 19.2899 18.4395 
16.83 35.1882 20.4039 18.4412 21.7842 27.515 24.1421 29.323 7.8281 39.11 
30.2533 32.1394 14.7489 21.1159 2.125 9.7544 12.1128 33.2122 18.7325 20.9769 
6.7238 15.0603 10.0691 1.4922 20.9801 21.295 22.9079 8.8806 9.1705 30.0744 
5.9592 27.7952 16.5429 10.6608 24.9557 31.3045 29.1436 17.3251 4.1255 40.3528 
31.689 27.6652 16.8154 24.6032 14.9888 8.223 8.2449 32.6459 28.9105 4.9288 
9.4573 8.0506 14.5611 6.0907 30.2843 28.2441 19.1521 3.737 16.5973 32.9737 
29.0797 27.3173 12.8892 24.621 9.4698 3.6449 6.6116 29.6515 27.3802 12.465 
10.2612 21.0632 9.2138 6.6172 18.8141 16.6138 16.9441 15.1836 6.5787 29.3049 
40.5689 46.5719 26.8985 28.5287 12.5138 22.5395 27.012 35.909 29.2487 31.6237 
12.0783 26.2271 19.7391 15.3416 22.6471 26.0671 24.4292 19.3504 4.0289 37.8745 
36.7427 27.6918 16.6691 24.6866 9.0864 3.3196 6.5442 34.6106 30.0765 10.4879 
25.513 29.8292 16.585 23.8597 8.9409 14.4423 18.5957 34.544 19.0096 28.2417 
8.8897 9.7313 10.7709 3.5002 24.6604 19.6481 19.9895 7.1201 11.194 27.6685 
14.6163 5.5607 11.7821 9.477 23.6288 20.5098 16.25 9.8375 17.2581 20.6735 
24.8225 28.5801 12.5096 22.3137 2.9754 11.4381 12.8124 32.5004 17.2016 21.8378 
36.3126 22.7176 16.5751 27.3235 15.5853 11.5746 8.0367 26.8443 26.69 2.909 
32.0381 22.5218 12.9065 19.7529 14.5506 8.2314 5.7229 23.0154 29.1445 7.416 
6.5474 19.7243 14.7243 10.4842 23.1138 27.0599 21.6672 18.1454 1.7037 30.9896 
29.0381 27.0908 11.8918 18.774 3.1826 4.3956 6.4551 32.5746 22.029 13.9952 
17.4203 8.9798 7.7882 10.5712 22.604 14.3959 13.9688 13.3632 18.5193 16.509 
25.1921 16.9367 5.9507 13.8055 14.6782 7.3222 4.4641 20.8585 21.3004 13.808 
11.0009 19.968 8.2123 8.6299 18.8196 16.2608 18.1722 15.1144 5.6734 24.0426 
14.4404 23.1496 12.2175 10.2663 16.0698 15.7622 17.9494 20.8891 6.4233 27.2415 
17.5806 25.6074 7.416 15.4503 8.4091 10.2443 10.2869 26.2784 13.744 22.4204 
15.4576 12.8763 4.6148 6.1216 15.8889 15.5813 13.6667 12.0923 14.323 22.4083 
12.0738 7.3495 17.151 6.065 26.6652 26.9357 23.7121 2.4114 15.8639 32.5572 
14.4647 16.9134 6.0707 7.7855 16.6443 13.7167 14.1421 18.7721 9.6942 23.4239 
12.477 12.7442 7.4379 3.2599 20.4061 18.1751 18.0363 8.9905 12.6392 21.8933 
14.6114 27.7969 24.0462 20.1442 25.2091 31.9536 32.2935 26.4388 7.7821 43.8418 
29.6456 24.0018 10.7844 16.8632 10.0397 3.8881 0.9053 26.6794 25.8825 10.7899 
24.243 18.0358 10.1685 15.738 14.5918 7.4388 3.4038 22.3699 24.9738 10.38 
31.371 37.9834 19.433 21.8447 13.1659 22.0917 22.8469 30.9337 19.645 33.5035 
8.364 20.3002 13.3244 7.1806 18.7446 20.4692 18.2913 18.5744 2.714 27.9666 
1.1165 20.1195 19.2671 8.3507 25.2103 32.2649 26.3563 12.6445 8.3867 38.615 
4.8167 20.9153 14.8995 7.7796 26.9692 24.547 21.7007 12.2193 4.1288 31.4584 
27.3947 38.9241 17.1417 24.9748 5.3011 13.1493 14.001 31.5095 24.7374 23.2211 
21.0456 17.0179 4.6028 13.569 12.6172 8.5164 4.6035 17.5425 17.3624 15.9854 
32.0854 24.4985 14.6008 26.8941 8.8625 2.9112 5.8283 30.5898 24.5249 8.7712 
30.9973 19.915 11.0244 20.0595 18.158 8.6885 5.6504 26.4398 25.1742 6.7927 
13.8771 8.442 9.3929 8.9111 22.3575 16.0225 14.5181 11.3014 16.6589 18.4213 
30.4179 17.2694 12.1876 19.4153 21.7014 10.8336 8.557 19.9605 24.7328 9.8915 
2.5726 17.0217 17.5851 5.7971 29.86 28.7279 23.2224 8.9859 10.165 33.9669 
23.4996 29.7388 13.9954 22.4701 3.4581 9.4799 11.6408 31.0621 19.2679 21.4703 
32.2273 30.6182 17.4229 27.1251 2.4778 9.7557 11.3667 28.9746 24.939 22.2053 
7.8272 20.6145 14.095 8.1196 21.0379 22.5753 19.814 15.1976 0.7932 31.1796 
13.273 21.7362 6.6272 8.7569 15.6668 16.9003 15.8142 17.8491 9.9751 26.6301 
2.454 14.9691 19.4161 7.1854 30.1028 27.2558 25.5707 7.9734 11.1887 37.0769 
30.3537 24.9252 10.1378 20.7974 6.5585 1.4487 4.5655 33.177 22.9561 14.3251 
4.1688 15.6484 14.0415 3.5476 27.7005 27.4738 25.3978 8.7049 7.1093 27.3904 
35.6537 40.4864 18.3726 30.6604 8.3047 14.8162 16.4304 34.7243 23.7402 28.1166 
16.7521 15.8831 2.307 9.5173 13.2578 13.0378 8.8727 16.9712 16.0107 17.6457 
12.5091 19.9748 8.7624 6.7849 18.0479 19.3869 16.2366 16.08 5.3596 27.1405 
18.0871 9.3057 6.2829 9.5318 21.4518 16.9788 11.7561 14.7528 18.1879 20.5048 
20.9513 6.0242 10.8407 12.9709 25.78 21.9392 13.6841 12.0956 24.0206 17.1631 
18.5983 2.2715 16.8126 13.8824 29.2526 20.3478 18.4572 9.6864 20.9634 21.0205 
12.0688 22.8484 10.3403 11.0438 16.6142 20.0884 20.8234 18.273 5.3689 26.9688 
6.0912 27.6195 22.0612 13.7891 30.5696 28.6743 24.5252 17.1519 5.7565 41.6013 
6.31 18.1173 12.8259 7.0671 25.8862 24.1057 24.0429 16.5959 3.3501 29.3811 
30.27 26.1956 10.1484 23.4776 2.1634 4.6656 8.9184 31.6604 19.7237 16.5018 
16.5604 31.4237 21.855 19.549 19.707 25.1377 26.9398 30.0321 9.8991 37.7678 
17.9975 36.5806 26.4938 22.1199 24.1941 31.2985 34.1677 30.2556 8.921 45.4562 
26.199 31.0591 16.3332 21.9291 13.8124 20.1724 23.4583 29.579 16.0145 32.1533 
22.9541 24.9632 9.4464 13.4993 7.0938 10.9849 12.4598 26.4803 14.2186 20.3935 
35.2645 35.4566 16.3779 23.7741 4.6496 10.2871 12.8192 36.7774 24.3935 23.9098 
35.0176 30.3858 15.5671 27.6477 15.6441 8.6442 8.416 28.4926 27.3619 3.7064 
7.3757 16.5469 8.8382 3.5856 19.185 19.5849 17.4018 12.7086 5.6986 25.4503 
11.4321 10.2858 17.9917 10.5316 28.2958 31.6724 29.4092 1.2126 19.2982 36.8198 
4.888 14.8394 13.2578 3.8208 24.5039 27.8007 22.3675 9.577 7.3432 30.7045 
21.3025 27.9695 15.8761 17.7922 9.9954 18.2665 17.1503 30.1577 12.2488 29.937 
14.3486 27.2236 18.8147 15.5608 23.0577 28.7298 22.6625 24.4287 5.8479 32.3861 
9.0718 16.4518 9.0041 2.951 22.7042 17.8169 15.4955 13.872 7.043 28.726 
18.6173 26.0192 10.7242 17.6177 8.6507 14.9281 16.6599 25.0722 12.1459 22.2971 
14.2948 6.6829 19.0657 11.1488 29.1254 32.3238 25.172 2.7034 17.9614 27.4004 
0.7344 16.8526 20.0779 8.6907 26.7062 29.4465 23.2421 11.0167 8.2309 35.1075 
13.8616 16.5127 5.5974 5.6063 14.1314 15.3531 13.8913 16.5732 10.5514 23.9645 
37.5075 35.2289 15.1721 24.2664 5.3083 7.6819 11.7843 35.0092 26.7848 16.9051 
26.4027 26.906 12.0356 22.5513 4.0996 4.1401 6.1208 25.7447 23.8898 17.7671 
10.3689 17.8209 8.1257 4.2208 17.073 15.8054 17.7985 13.2801 8.3495 28.5292 
23.263 25.8068 9.2845 19.4985 10.407 3.298 0.3541 23.2927 20.6862 11.2555 
18.7703 30.8498 21.9108 22.7889 18.9549 29.2765 27.1029 26.2461 13.7465 34.0413 
28.7993 20.2347 7.16 15.9992 10.6741 5.5164 1.1525 25.9711 24.0858 10.1108 
10.5087 17.4872 9.0143 7.0031 15.5355 18.8108 18.4967 13.4694 7.2905 25.1625 
26.1925 38.1241 25.2758 29.9921 14.3453 18.8582 21.7074 36.8305 21.2525 35.638 
35.9347 21.0083 16.2564 26.7798 20.1261 9.7285 8.8135 27.5147 27.2651 4.4492 
28.7304 23.6542 14.048 24.6827 12.0439 3.3268 4.7068 31.9369 29.0855 9.2564 
29.4259 45.0319 22.1519 27.0823 13.2502 17.2307 22.9503 39.4517 23.9444 30.1356 
27.5001 28.1529 13.2375 21.3944 8.5278 2.1037 4.6183 32.6082 28.0503 10.8751 
28.8826 29.1198 13.4054 24.3549 7.7671 3.954 7.2093 31.9006 25.1298 11.0999 
25.0505 17.7101 6.8868 17.1806 13.6025 6.6621 2.9775 22.6463 20.006 10.1669 
4.9033 17.9041 12.5436 3.25 21.7718 23.2947 21.1996 10.7972 7.658 27.8296 
17.9985 22.5612 12.1658 15.1199 11.139 15.0865 17.4224 26.4272 9.2266 29.7422 
14.2243 18.8662 5.3136 7.8157 16.2075 16.6668 15.5066 16.6709 10.1801 23.5856 
32.6628 44.201 20.9732 30.1044 13.4421 23.9579 23.5608 37.9874 21.7971 34.6445 
27.0151 21.6691 15.7836 25.3769 16.9013 10.1283 6.9446 30.3379 29.7369 4.7117 
19.5731 20.9624 3.3649 13.6006 9.6918 10.1362 8.2002 23.5711 12.9701 19.149 
33.3783 25.2818 17.8539 29.6064 16.798 12.1109 11.1355 32.0927 29.6661 1.9154 
31.5322 29.3832 16.7049 21.7619 5.0001 12.3831 14.7699 29.7279 18.4712 25.0954 
27.2592 29.6198 13.6796 21.6279 8.9166 2.2782 4.1833 29.6728 25.5785 9.3245 
32.9314 37.334 23.3398 33.7495 13.0846 18.5404 27.5429 42.7423 27.8969 36.7351 
21.7932 21.0769 4.081 13.8868 8.4184 6.3274 6.221 22.1846 17.2586 18.6366 
15.2318 33.8274 19.3017 20.749 24.1933 23.6439 27.9553 26.4094 9.5515 39.3915 
27.1701 29.1206 14.8393 20.3139 2.2387 10.1079 12.6041 31.2257 17.7812 20.7156 
6.5944 13.5272 12.0393 1.1635 25.7785 21.4378 18.272 9.9313 10.8168 32.2143 
6.9203 21.3916 17.9479 12.7156 23.8105 24.2023 30.5727 17.3151 4.1303 38.6383 
36.1088 22.9872 13.8178 25.4811 14.153 6.5091 7.6105 31.1738 31.6189 4.7057 
11.4413 6.8719 13.3203 6.1137 26.1683 22.7845 19.4805 3.5887 15.8944 25.471 
32.5667 30.9824 13.6519 28.5255 8.4036 3.8065 6.2871 27.7752 28.1657 9.8872 
10.5898 19.3509 9.5653 6.8564 17.9474 17.8803 18.2821 17.4413 6.0779 24.1371 
37.3018 47.1167 22.1212 33.3645 13.2919 18.2182 21.688 41.5464 30.0292 34.3486 
9.6887 23.8659 16.9666 12.6124 26.2814 27.0334 27.3724 18.3582 3.6516 39.4539 
31.9325 29.7532 16.3793 26.4843 7.6729 3.4427 7.7115 34.9803 27.3815 9.9754 
23.2231 29.3032 17.7 23.4613 8.9045 17.2007 17.4874 30.7689 15.2715 26.6213 
9.9696 10.3254 11.5391 3.2626 22.3013 25.0452 17.4113 6.5733 13.9429 29.1837 
18.7903 6.4774 10.1758 10.9884 27.3098 18.9975 16.777 10.6336 17.9802 19.091 
22.6057 29.1057 14.694 21.7708 3.2066 9.359 12.3979 26.0773 17.5112 22.3102 
30.5666 26.7033 16.5568 27.7241 17.571 10.7318 9.6304 27.427 28.4968 2.7159 
29.9383 19.8997 12.9485 23.7288 17.8863 9.8916 5.9897 26.1198 24.5403 6.2088 
7.2125 21.3724 15.9543 10.4649 24.3773 27.9549 24.239 14.9088 1.8599 34.8302 
28.6408 26.8523 10.6099 22.7367 3.435 4.1973 6.6291 27.7674 22.6629 15.0954 
16.8819 11.6717 7.4776 10.5603 22.6097 17.0855 12.7381 14.793 17.5021 20.6606 
23.2375 20.1498 5.9905 16.0488 14.8957 7.8304 3.9281 23.2981 17.8721 13.7598 
13.3059 23.0749 8.1137 8.3144 16.3237 18.5808 17.3261 18.6871 5.9901 30.2492 
16.5629 27.8329 11.5964 10.7265 15.6005 19.7908 17.6438 19.4014 6.1453 29.9875 
19.6176 26.8103 7.236 15.8308 7.5621 10.7026 11.7646 19.934 13.2489 23.7703 
16.1095 12.8258 3.9268 6.6753 18.0956 16.0731 11.7092 14.829 12.3225 21.8727 
9.3813 9.1601 13.1443 6.0091 32.4263 25.918 25.508 3.1053 13.6398 29.6152 
15.3688 21.7271 6.0402 8.1021 14.815 15.7648 12.5879 18.2324 8.3028 25.2006 
10.0316 12.6779 8.5289 3.0449 19.7171 18.3043 16.6209 9.1485 10.4405 21.8653 
14.2489 32.1934 21.2624 19.8853 23.7858 28.0359 32.2197 21.4802 7.8165 36.6474 
23.9274 21.874 8.9669 21.7805 11.2383 4.213 1.0845 28.082 24.025 10.8965 
22.7565 20.8685 10.1454 18.0027 12.3196 6.669 3.9155 23.7337 22.839 10.684 
EOF