I 100
J 10
bounds (0, 100)
cv 1.0
D 10
k 5
t 3
FLR 0.6
FCR 10
λbounds (80, 120)

λ 
117.7829 107.0878 81.2609 
108.831 88.6495 95.105 
80.8004 108.4458 115.1533 
114.7649 83.807 94.3457 
93.4261 87.7054 90.7531 
91.9752 81.8917 90.1158 
118.2703 110.1375 86.9005 
118.7885 84.9755 100.4347 
93.8489 111.8901 104.3019 
84.1223 108.8628 97.3363 
91.6931 95.994 82.2293 
94.8754 107.0169 92.0366 
108.7223 81.2949 95.3664 
91.7879 84.5922 84.7537 
94.2196 119.3714 94.7252 
80.5079 87.664 92.2697 
108.7241 118.03 89.9945 
83.7265 90.9146 108.145 
113.6399 112.5027 108.5081 
90.4348 93.5203 90.1306 
93.852 90.3742 110.2559 
102.0726 94.6714 117.4901 
109.0767 94.1118 84.1684 
92.7467 87.6744 100.5661 
89.319 100.0489 113.9339 
98.0581 96.7946 118.9857 
102.6619 110.9351 100.9931 
83.4924 118.7952 89.6055 
96.8244 113.9976 81.4424 
107.2153 90.0711 83.6883 
114.0928 83.5139 109.7698 
83.621 101.13 101.5058 
86.2871 108.6535 112.317 
112.8925 111.5683 93.7568 
119.5601 87.7619 114.6223 
95.4094 105.0203 109.271 
116.3778 92.312 107.8036 
85.9494 104.3029 83.3355 
80.9657 80.8182 111.357 
112.7311 96.1121 101.367 
100.0866 114.9856 83.7861 
100.203 83.0015 90.9292 
112.1908 112.5566 107.9097 
84.2355 117.4381 82.2125 
88.3755 82.7795 86.1283 
80.3273 97.2592 86.4858 
98.8346 109.164 104.0181 
101.5163 96.5927 92.3277 
105.654 105.5248 81.1199 
97.0328 118.7873 93.5608 
89.8033 96.025 96.5189 
82.2147 81.1633 98.9115 
102.997 88.1145 90.7291 
84.1237 80.751 89.5667 
92.0182 116.4984 90.5742 
95.1415 115.7391 112.9683 
82.5397 111.5557 117.0663 
101.7631 98.2867 97.0608 
100.3006 112.0952 95.7981 
107.8484 97.7303 84.3582 
88.0991 90.834 95.6369 
86.5356 115.7419 80.0938 
93.5131 101.3901 103.5107 
84.5769 109.489 106.7988 
112.4393 103.0276 101.0721 
90.6726 96.1001 92.8553 
84.0652 108.621 117.0279 
86.8082 85.6134 94.5164 
115.3186 111.9862 112.1736 
83.7796 96.6312 95.7016 
114.8262 114.026 80.9406 
114.7815 113.3518 109.9308 
89.5394 112.386 85.8639 
102.5437 110.2689 81.9864 
91.6091 117.7499 110.1315 
90.3457 111.5503 109.7282 
93.8097 102.4926 116.5719 
89.3716 96.6576 91.0401 
82.214 92.475 91.2936 
94.2877 109.2835 95.1478 
107.2187 86.1652 109.3988 
110.7286 107.2027 98.5812 
117.3214 107.4791 112.0084 
106.3608 114.6066 110.6914 
84.1242 119.2294 103.8273 
96.0714 95.0901 114.4878 
87.64 112.5682 86.0827 
115.1467 99.0331 106.0118 
82.4719 94.2096 97.1578 
104.0535 89.1934 109.3779 
98.3856 116.7704 112.364 
113.8755 117.0778 104.7537 
110.8224 90.5621 112.1499 
85.0978 85.417 114.6675 
105.4368 105.5924 89.5043 
115.3875 104.114 107.3182 
112.3864 91.5012 83.9273 
117.9898 86.7444 99.9446 
117.8373 116.1806 108.879 
86.4657 85.2376 83.8693 

Icoords
19.9352 85.7539
0.9093 0.7325
8.6009 95.2841
90.8477 89.5956
58.3565 56.3942
96.6773 94.208
52.8901 71.7168
94.5678 10.5002
24.9826 95.2842
21.1703 31.8258
38.8139 83.2349
71.2334 13.1861
23.1976 93.376
8.9085 16.7584
79.9004 35.0042
15.6535 14.626
44.3052 5.5406
85.3274 51.6584
91.4895 56.4886
31.7503 96.9742
75.7865 99.8805
75.7651 59.0035
25.0381 95.9732
65.8426 23.4182
94.0671 62.6046
59.6952 45.4287
39.2491 15.4313
98.4061 32.3548
56.9929 18.6478
76.0556 50.0765
86.1242 43.1794
62.9196 22.9127
23.5446 50.0879
30.5163 76.0264
79.0885 41.5042
77.8306 13.9558
92.8222 80.9763
41.1043 99.971
90.0747 21.6842
65.1977 34.9509
98.4658 91.5786
11.2443 50.1367
28.9589 37.3117
1.8913 83.838
34.3999 39.2158
10.8753 13.192
94.0633 51.709
84.6932 35.2681
3.6926 12.9585
12.3844 71.2493
75.3398 62.7715
53.7716 52.8997
1.3435 9.0936
88.8197 73.8585
51.2316 93.0835
78.1591 50.4496
23.988 82.2719
45.6934 84.3508
50.9324 58.4445
98.5789 10.7442
10.6324 70.1034
68.4245 66.0441
41.4434 92.1025
65.8267 89.6353
16.0093 40.2872
31.1593 66.3756
81.6767 91.6516
41.0409 60.0222
6.9041 23.2151
7.196 35.1125
92.8364 33.0331
94.4626 20.0897
66.6902 72.3676
46.5495 75.3275
91.2053 19.7319
73.4098 21.0739
77.8095 50.5032
5.5345 3.531
45.2026 14.688
50.2736 84.3248
99.4869 72.2435
90.7529 8.3871
53.3623 86.7742
24.29 24.986
32.6677 45.5624
67.41 36.7852
59.3186 35.8468
28.6819 29.3776
33.0135 55.6083
5.4424 9.9104
60.6853 33.1798
81.8082 85.2801
60.4591 31.7312
25.3406 10.1271
24.9787 45.9414
54.4543 19.1364
68.5065 84.4436
83.6403 78.9723
46.3596 78.9534
34.0814 86.6641

Jcoords
38.3513 48.6357
11.8375 60.5964
46.2215 91.2336
30.1142 70.9291
49.4483 35.8723
16.3757 56.131
11.0848 7.7934
43.828 1.4918
86.7793 30.8309
6.5808 96.5805

C
12.9942 8.6342 8.7133 6.0783 21.9895 9.1 24.0955 34.2892 32.7023 5.6733 
20.8787 23.7997 34.6546 25.5231 17.9951 22.2993 3.7392 17.0285 32.7936 37.9934 
21.6387 11.319 14.5601 10.2687 28.5368 12.6698 30.3015 36.1384 38.7556 0.9078 
21.6468 32.1422 16.1745 20.6687 21.6495 31.1885 38.7317 34.2739 21.1117 33.5433 
6.465 17.511 14.6979 10.6597 7.3291 12.9639 23.1329 17.1172 13.3987 25.666 
28.8154 34.1295 19.7321 25.7102 27.6737 33.9668 46.7298 41.888 19.3719 33.7799 
9.9594 16.9916 6.8371 7.2699 13.644 12.6053 25.2817 26.6235 17.4078 17.6345 
20.5695 36.4135 28.9835 34.7131 18.9404 30.3647 31.9407 18.3665 6.6773 46.4425 
18.1925 12.5455 7.2065 9.9385 20.6442 12.6478 34.9124 35.7794 33.038 5.6449 
8.8142 9.3159 24.1583 15.1948 9.6811 9.8128 8.6346 14.9668 22.0996 25.7878 
13.1108 12.7591 3.4363 4.8964 17.9022 10.6264 29.3614 31.5302 26.0721 11.5754 
18.5091 24.9195 29.0211 23.1802 12.1721 22.7605 20.7198 11.5907 7.9179 40.2877 
16.2164 11.5248 8.3036 7.3331 24.7855 12.9232 30.1314 30.5211 35.1044 6.7557 
15.2877 15.8959 30.0462 19.6393 14.3423 12.6555 3.3516 13.4417 28.7012 27.0951 
17.172 26.5338 25.4114 21.9976 10.9246 25.9482 23.4876 16.1892 2.664 32.8507 
16.1672 17.7502 25.0908 18.0902 14.1232 14.0599 2.8077 10.6872 25.904 29.6921 
13.6647 23.1761 27.5058 22.9571 10.8937 18.1281 12.7893 1.5708 17.0792 39.0638 
18.4904 29.3831 19.2559 18.0994 14.0448 27.1619 26.0509 23.8876 7.8501 36.0641 
18.5049 25.9133 21.7588 22.9002 17.8259 23.7287 33.9155 25.0057 10.3798 28.761 
15.3533 15.6886 5.1048 7.9698 21.4632 14.7289 32.1044 34.6379 32.7474 9.5983 
20.1301 24.5418 9.9773 18.3856 24.343 24.5101 35.8343 34.6243 22.2063 24.1664 
11.8024 21.1538 15.3901 15.1268 13.9449 19.0863 28.396 26.1953 9.5829 23.9262 
17.9633 13.5216 7.6149 9.1405 22.0879 12.8272 30.6755 32.0592 28.9092 6.3214 
13.1166 25.4261 22.6263 18.1547 7.0268 21.4448 20.511 10.0359 6.9163 31.654 
20.1443 26.2308 21.7786 25.668 16.2128 24.9474 30.4516 24.3586 9.8285 35.401 
7.8197 19.0774 17.2123 12.2907 4.5916 14.6628 18.8119 17.3029 11.5932 28.0066 
11.752 19.2575 26.1328 20.5743 7.7053 17.7503 9.4548 5.8088 18.3663 33.3292 
22.7984 36.0138 29.6767 30.2517 16.61 32.3008 35.2408 21.2051 4.1147 39.2088 
13.0823 20.0309 26.8794 21.4922 5.8463 21.0688 15.5957 6.5005 11.9555 30.815 
14.1947 22.4701 19.8858 16.8158 9.5672 21.1991 24.6275 21.8515 7.0501 27.7142 
16.8148 26.3926 23.9352 19.4648 13.0327 21.7079 25.5613 23.1788 3.9769 36.5405 
14.0896 19.894 25.221 21.5689 7.1071 20.4998 20.2049 8.9296 8.4669 36.5587 
5.6714 4.9932 18.7031 7.5433 9.1156 2.825 15.0661 18.4939 23.8496 16.8912 
10.7234 9.41 8.0471 1.5917 14.2991 8.8213 25.5405 23.9559 21.9895 10.913 
12.8578 24.6078 17.9126 21.0482 10.4179 22.4613 23.4761 17.5035 4.1453 34.1724 
16.5264 24.3565 29.9237 28.6635 12.7085 26.4152 25.6255 12.266 6.8362 40.6625 
24.3827 27.5331 16.7579 22.9517 23.9163 27.3783 41.3176 32.9508 18.188 32.5326 
15.9625 17.2152 3.9439 10.9054 21.9645 17.2291 37.352 31.8801 30.1876 11.9159 
18.897 33.8596 25.1595 23.5565 15.5692 28.2372 27.7419 20.0135 3.0654 36.6551 
11.7941 22.3077 18.7749 15.5028 6.2932 18.8606 20.1616 15.543 6.9276 31.0446 
26.6918 35.5404 18.7665 22.042 27.5956 34.9082 46.4142 36.065 24.324 31.5724 
9.4314 3.9528 16.5191 10.6614 13.2331 2.4051 13.1519 17.6468 28.5189 16.5331 
5.3155 10.4018 21.2147 10.2795 7.1089 7.1787 13.3616 14.2064 22.825 22.4522 
16.5472 9.5029 15.4334 10.0895 20.5946 11.5429 26.3345 31.9831 32.4955 5.2357 
4.0574 10.0182 16.9368 12.2246 5.0563 7.6083 13.6438 14.5233 19.8818 21.0517 
13.6647 15.1583 26.2245 19.2312 13.5225 16.1428 1.9434 10.966 29.5731 33.1324 
21.677 30.2451 20.2615 26.2559 17.0243 26.1842 33.826 25.0525 8.6216 38.256 
14.7926 26.9502 24.0752 24.905 11.1813 27.1871 31.3961 17.9993 1.9431 39.3432 
15.126 14.7259 34.8669 20.9535 17.3219 15.4925 2.9443 14.2171 33.094 32.2974 
12.3306 4.1153 12.2649 6.0061 15.8323 5.0224 24.6387 28.556 32.4946 8.6954 
13.2454 20.7711 14.0803 18.0237 11.9959 21.8597 26.7818 26.798 10.2562 25.4077 
5.3085 13.2253 14.8584 9.0126 6.6195 13.4151 21.5434 15.7972 12.0507 22.2555 
21.1381 18.6539 34.3888 26.2506 20.4644 19.2932 3.2235 15.9128 32.0982 29.5271 
19.4199 28.1921 15.2416 23.3468 18.0375 27.4535 31.7066 29.5006 13.5345 28.2239 
14.1236 17.7338 1.9162 9.4299 19.4784 19.1609 30.1181 27.8795 23.7141 13.7184 
12.9669 24.6903 19.674 20.2069 11.3954 19.2275 30.333 19.9418 7.2259 27.9056 
14.0629 9.7482 8.7641 4.4153 20.7946 10.2454 28.0809 27.2084 32.3309 8.1796 
11.5585 14.1155 2.5327 7.8532 17.1593 14.0186 26.398 28.4859 20.6059 14.4168 
6.3046 13.5512 11.392 8.6369 8.8199 11.1418 21.9956 21.3678 17.6699 21.0925 
22.8339 33.8358 33.5782 27.8668 20.567 32.8089 33.6956 21.4779 8.1583 46.8189 
12.0816 3.1011 15.5375 7.281 20.3651 4.9444 21.5162 26.9286 31.7008 8.4347 
10.6087 18.9306 10.933 12.6366 13.1986 19.0267 31.0193 21.4907 15.7688 24.4436 
13.2778 16.3034 1.7746 7.8693 21.5147 17.4764 31.8289 34.6072 30.3129 13.8874 
17.9947 19.9849 6.0132 13.4935 18.6929 22.985 35.5842 28.4988 19.7328 17.9253 
8.2667 7.4619 22.6973 11.55 11.1981 5.9604 10.9801 15.1379 25.0182 18.202 
6.6807 6.9699 9.2079 1.4441 11.8826 5.5811 19.8288 19.9054 21.6637 13.9917 
18.4013 29.396 12.6478 21.3725 24.0546 25.267 40.9631 33.549 18.6826 23.2847 
4.2447 9.8025 11.0956 4.9049 8.5895 8.6522 18.7614 19.1846 19.7018 16.6042 
16.0696 13.0385 26.107 18.0827 17.3332 12.0223 5.5413 13.5589 31.3889 25.6488 
11.765 8.0041 25.1072 13.9683 16.2021 8.4174 9.6056 16.6618 31.194 20.5867 
21.8426 33.1974 29.0812 24.9597 13.1225 25.6553 32.4953 22.2983 2.1165 42.469 
22.7079 28.5998 33.446 28.0386 14.315 27.1254 31.116 19.759 4.403 46.0438 
11.8726 22.1938 9.3142 12.2149 13.2714 19.5987 27.1158 26.0577 16.9379 22.7652 
10.1917 12.8511 5.4188 5.8 12.0663 11.5549 23.3263 28.3795 23.5567 16.473 
18.3072 27.7005 31.6697 25.6259 15.7986 31.4794 29.1942 15.6566 3.9264 41.1634 
17.5795 26.7785 22.7461 25.8576 9.8063 24.7837 20.3153 13.4205 6.0296 38.3066 
13.2847 24.1597 18.1331 16.541 12.7364 23.9978 30.6198 18.4405 8.2764 32.245 
20.103 18.3835 31.0249 23.0932 18.2048 17.0515 2.2331 12.1409 26.2012 32.5415 
12.3083 17.0767 28.1636 23.0008 8.0697 19.759 10.8391 4.6715 17.5726 29.4989 
14.5469 15.9723 3.0083 9.5462 18.2595 13.474 26.1384 26.3125 21.8575 17.6978 
23.3109 34.9701 18.6273 26.6994 19.2695 31.5015 43.4653 32.6775 15.482 37.0141 
26.1128 29.1627 29.8817 33.1114 15.1768 29.6611 27.7332 17.0127 7.5307 43.06 
13.2304 15.1582 2.8178 10.7445 19.0272 15.2788 29.2582 30.687 22.4685 15.0039 
10.0895 13.6149 27.411 17.5055 8.6295 10.1096 6.9697 11.4404 24.0504 28.4462 
2.3383 9.7027 14.8636 9.7212 7.5785 5.8609 16.8392 15.6206 19.1012 19.6541 
11.6177 22.0373 17.8725 18.9718 6.7821 19.5935 24.3132 15.2596 7.1045 28.9756 
8.0728 20.4968 20.085 16.7388 3.804 17.5532 20.5451 13.9476 10.7222 26.6 
7.7771 12.0041 19.8349 16.1357 7.4413 10.192 10.2009 9.7708 22.5721 21.69 
3.3966 7.9647 13.093 6.1981 10.0805 6.0292 15.9652 16.6829 17.9377 19.011 
16.4453 17.5436 31.7957 25.2214 16.963 16.0109 2.0785 14.3162 30.184 27.5548 
10.6062 20.3002 21.4964 17.7738 3.99 15.2198 20.3377 11.7083 9.4109 30.0721 
19.5886 28.7365 11.6651 18.2836 20.3291 25.3647 34.9034 30.8181 17.7423 28.0399 
11.0374 22.0297 20.1901 15.1786 4.3844 16.9245 17.2131 12.141 8.5828 28.9102 
13.9135 19.0692 32.9059 23.1637 13.8683 14.4357 4.689 7.4967 23.9689 32.6083 
4.2847 6.4071 19.4903 9.977 10.3963 4.4674 12.7036 15.9376 20.486 20.3119 
10.5564 22.6709 22.6986 20.3499 6.2363 17.1747 14.3899 7.174 11.1686 29.5446 
18.2106 19.5452 7.5387 14.8276 19.9262 23.397 35.8671 32.489 19.1277 21.9602 
21.7715 28.3275 12.3839 17.575 17.4069 21.8226 40.2902 30.5845 15.1533 26.7491 
10.5204 12.2967 3.8943 6.1569 13.4326 12.5404 30.9433 29.5364 21.4868 16.2986 
13.7686 10.6986 4.2897 4.8731 20.5682 12.1663 28.2449 26.1557 24.2533 10.8955 
15.4679 9.3557 9.9082 6.2221 22.2039 10.9021 23.5776 28.3948 32.9705 6.6188 
22.7391 19.54 34.2396 25.736 23.6698 22.5007 4.1479 16.1528 33.0301 37.6573 
19.0715 10.6083 14.4201 10.2915 23.8143 12.9373 31.2118 31.5296 38.1578 0.9448 
25.9949 28.2117 15.2635 21.4121 26.9736 31.1885 42.4335 39.0075 20.2222 31.9114 
8.5227 16.9178 13.2296 12.6163 8.036 14.4165 24.2583 22.5635 12.3551 21.9039 
23.5823 35.2519 17.2757 23.1717 28.8746 30.7408 44.6256 37.7472 21.7196 32.7975 
10.7477 16.6386 7.693 8.7215 13.4279 12.1805 29.6583 23.6426 17.4184 17.1404 
22.1998 36.7036 33.1428 32.7252 18.4332 27.4767 26.6868 17.1297 7.5852 37.2598 
19.3135 12.7125 7.2649 8.3381 22.6939 15.8348 34.31 29.5898 32.0558 6.1172 
8.0042 10.181 20.206 12.4351 10.5723 7.4915 8.0352 12.6648 20.2033 20.524 
11.9516 11.8611 3.6739 5.2761 17.1013 13.5433 26.283 27.9841 24.3884 10.4799 
19.1328 28.3394 24.6282 21.9964 11.7915 22.1614 20.2608 9.6987 7.5722 41.9233 
14.7804 11.0426 7.781 9.1393 20.2532 11.401 27.0889 32.5646 27.0597 5.7775 
14.1725 15.1622 28.6217 20.9308 16.2606 12.9761 3.0536 15.2024 24.2302 31.8226 
16.1488 24.7232 22.5144 19.6155 10.8758 22.7615 24.3164 17.7943 2.5481 29.3846 
15.8606 14.6089 25.033 20.5608 14.7858 15.5875 2.9006 12.2384 26.3782 30.9537 
16.9667 21.8018 33.8486 22.9035 9.4663 20.5378 10.8314 1.2866 19.0714 36.1764 
15.4071 27.9543 19.7567 17.6316 15.0208 25.7454 27.2323 21.062 6.5286 28.077 
21.4485 30.4037 22.1811 24.4197 14.0847 28.6412 37.3277 24.2051 9.5711 30.2164 
17.9585 15.336 5.2091 8.0586 23.4861 13.4458 34.3381 31.972 26.4319 8.1031 
22.4782 25.1872 9.3088 20.9488 27.1185 27.9705 38.9968 39.0623 26.0169 23.6329 
11.9111 22.7781 16.5575 15.9667 11.1349 22.7608 28.2558 21.347 11.3888 28.28 
15.2046 13.0383 7.6431 9.5723 20.2326 14.0585 30.7023 33.35 33.2802 6.7258 
12.2959 25.0524 26.1491 21.0498 7.4365 22.2276 20.2092 9.7563 7.6359 32.6897 
18.2143 30.5245 21.6504 24.2943 15.8383 28.1983 33.9025 28.607 11.2466 36.8088 
8.178 17.6215 16.2382 14.1653 5.0904 16.0505 19.1315 18.6109 11.3717 27.0996 
10.1809 20.5624 28.5154 18.0151 9.0303 14.8931 8.8741 5.0135 16.113 27.5643 
22.2384 32.6355 28.5359 28.1967 16.1094 27.6632 32.1113 22.8353 4.2672 39.2312 
10.8613 24.148 24.4725 21.8625 6.3408 21.3784 15.1522 6.8811 10.9031 33.6088 
13.3948 19.9192 15.6616 15.6049 11.1567 20.4493 29.8213 18.1843 8.5769 25.7245 
16.7859 23.1422 19.6004 24.2278 13.2609 23.2118 28.4733 23.3688 3.9039 29.4508 
11.8486 24.7691 27.978 21.4817 6.3986 17.6521 19.4867 10.6656 9.2035 35.2047 
5.8633 6.2816 14.2211 8.1443 10.7171 3.1644 13.5185 16.5877 20.0223 16.6833 
8.5952 9.41 6.9081 1.9276 16.905 8.7798 27.9953 26.7725 25.2081 10.9067 
14.8677 24.9294 22.3594 20.9339 10.3304 21.6049 24.8119 18.5648 5.0057 31.5774 
20.9983 29.9082 33.038 22.852 12.4468 23.9406 26.3762 12.0487 6.3396 37.084 
19.0045 31.5583 15.5459 21.5355 24.4482 30.9151 37.6422 34.3607 16.2586 29.3863 
20.0958 16.0868 3.1248 12.1599 20.4713 15.4574 31.4773 36.8158 30.1876 13.2826 
20.4892 27.2712 25.5624 28.7706 14.6268 27.9444 26.0095 15.9967 3.8782 42.6783 
9.8294 22.136 22.5822 17.1008 6.0471 17.7962 19.2352 15.3524 6.9935 32.8903 
22.2666 35.706 19.5398 22.9774 23.1435 29.6416 44.9131 32.0613 21.6083 36.5231 
8.8748 3.606 16.395 10.17 14.0447 2.4658 16.3404 22.682 27.7783 16.6265 
5.829 8.87 22.398 12.7451 7.0698 8.623 10.8666 14.121 18.4497 19.576 
17.0794 8.5625 15.2716 12.1471 25.4916 10.9332 29.6282 27.8246 32.0752 5.0347 
3.754 10.5249 21.295 12.599 4.7433 8.4092 14.2385 13.2712 20.6987 24.0162 
16.2747 16.4006 32.2815 23.8199 15.5406 13.7965 1.7121 10.6723 30.2121 27.0704 
19.222 28.9797 23.4947 26.4896 15.3721 26.6977 28.8409 24.7044 7.6818 36.2896 
18.2845 29.6421 20.6592 22.6297 13.3457 27.98 27.4127 16.2073 1.7759 31.3891 
15.2006 16.7122 27.2414 22.7119 16.0221 14.354 3.4007 13.2487 32.4481 31.2933 
13.4462 3.9617 11.9269 6.9193 20.3617 5.5087 24.9307 26.6661 33.6715 10.2859 
15.447 21.0824 13.6609 13.8831 13.732 20.4712 30.0461 25.2062 13.2758 28.5109 
5.2989 14.9008 13.2253 9.7175 6.5686 13.1035 20.792 17.0382 15.7751 21.2395 
16.4426 20.2307 29.091 26.4142 20.112 19.0611 3.4259 16.8882 29.3741 28.23 
21.1802 25.6143 14.8413 17.851 21.1176 23.7467 33.5735 28.3247 14.284 33.6417 
18.256 15.5687 1.9894 10.1063 20.1195 18.084 29.5337 35.5065 28.1658 16.0966 
14.1783 26.1194 18.1563 16.2167 10.6033 18.8366 29.411 19.2541 8.2073 27.5564 
14.2202 7.641 8.3565 4.9696 16.931 9.2571 29.2223 28.5726 31.6247 7.3436 
11.2157 13.5572 2.5817 7.1129 17.4802 13.0501 32.8841 29.8202 20.363 14.679 
5.6314 14.2834 11.6238 9.4793 7.2681 11.2457 22.5499 18.4407 15.4889 19.9168 
23.5668 34.0759 35.9211 36.2806 17.4491 30.236 33.6256 16.7859 7.5736 48.6937 
12.9336 3.3301 14.8298 6.3334 19.0971 5.8886 23.5413 28.8874 34.2626 8.7668 
12.4469 21.9095 12.9208 15.4366 11.0173 17.008 31.2645 26.7476 15.2486 27.237 
13.2604 13.9947 1.7712 9.4758 19.453 15.4333 28.6836 35.3414 25.732 12.8891 
15.1913 19.1573 7.636 13.1226 20.6375 18.5409 31.5669 30.8699 19.9637 23.7592 
9.1993 7.8931 21.4949 12.6564 12.6923 6.2346 10.4411 14.46 22.3836 19.1381 
6.6692 7.5608 10.914 1.5366 12.7824 6.3672 20.6152 22.8869 26.0268 13.7152 
22.0035 26.8966 13.3392 18.2328 24.0997 25.2075 35.866 36.5705 19.0 24.0749 
4.3207 10.5912 10.3806 5.7772 9.1853 8.8295 20.7784 18.4228 19.4576 17.84 
13.8294 14.2074 27.9847 18.6558 13.4493 12.399 5.2281 13.2119 26.9196 25.3186 
10.7631 10.0789 21.1768 16.1879 16.5064 8.9862 9.5505 15.3889 27.1453 22.7074 
22.3073 31.5375 23.9808 24.9817 16.8836 30.272 33.7958 18.4459 2.5458 35.9444 
20.6556 32.6211 28.8645 31.2862 17.4967 30.1011 25.8233 21.3448 4.7622 45.7875 
13.3364 22.0984 11.0178 11.8452 15.3663 16.9023 29.195 24.1661 15.0139 20.9767 
10.3564 11.8065 6.2445 5.1534 15.2668 12.0806 23.5704 24.1976 18.3379 16.9438 
22.6446 29.477 30.2167 28.2642 14.4287 27.1274 28.206 19.9007 4.3637 39.5745 
15.2026 23.8666 23.7995 24.9002 8.5503 20.8874 24.4637 11.5829 5.7648 36.6227 
14.3236 21.4968 15.4786 20.1055 10.9237 18.6677 27.8073 21.1004 8.4407 33.0764 
17.8328 20.7833 33.964 28.4881 17.8939 18.9849 2.5312 12.1831 28.9953 36.3474 
13.6901 22.6328 26.9082 17.5388 8.4716 15.8415 13.0319 4.9793 15.3694 28.0774 
14.2609 14.2558 3.1982 8.227 19.3402 17.4862 29.9646 27.8412 20.2838 17.0262 
24.9362 29.9655 17.4115 22.9041 20.0923 31.9417 36.9231 28.9326 13.4157 35.6023 
23.9323 33.5248 33.6439 29.2 16.3179 27.3985 25.9885 18.317 7.5923 47.2295 
16.2101 15.114 2.62 10.3844 15.8058 14.4142 35.332 26.5679 24.0455 18.0008 
8.3285 14.973 26.6433 18.4873 8.4623 9.8461 7.0455 10.0562 23.7366 23.3942 
2.3545 9.9262 17.6125 7.9697 7.6444 6.8552 17.2785 15.2388 17.5253 21.8316 
10.8551 22.9804 21.0333 15.5031 6.3936 18.1636 19.1566 15.0389 6.6384 28.7538 
8.0458 18.6656 18.4573 15.1503 2.9749 14.6467 20.9357 13.7101 8.394 30.9194 
8.4258 12.891 22.2845 13.2129 7.0845 11.1196 9.1928 12.2111 22.5314 24.633 
2.8996 6.9139 13.7921 5.8473 8.5396 6.2789 19.8 20.0217 21.5134 16.656 
15.3526 16.2919 35.3255 23.0296 17.3156 18.02 2.1997 14.3948 31.8384 29.167 
9.1178 20.8267 18.14 17.7496 4.2211 15.3545 20.0145 11.0119 9.1593 30.7472 
20.3617 24.2327 11.7156 21.2343 19.3664 22.2273 34.5781 34.0747 20.8041 25.9556 
8.452 21.8826 23.2186 15.3323 4.4844 17.2016 20.7413 13.6975 8.646 28.4127 
15.6329 19.5499 28.0316 20.2301 12.2564 14.0749 5.4373 6.3724 22.3027 27.8401 
4.915 6.9366 17.7694 8.0663 8.5255 4.6875 12.8294 18.062 22.6427 17.9682 
10.5664 20.7623 24.6288 20.8535 5.5603 18.4383 14.8471 6.657 13.3239 29.1531 
17.4054 20.1293 8.855 13.1018 16.8948 23.0885 37.6197 32.7227 22.2883 21.1461 
17.6233 23.8286 13.644 20.0595 16.7577 23.499 31.6203 29.2517 15.4187 27.7213 
9.9874 11.8784 4.4224 5.8597 15.5145 13.6332 28.1794 27.5911 22.3918 14.9063 
14.9166 10.4621 4.2313 5.6098 18.6366 11.3616 27.7108 31.3765 29.6659 11.5065 
16.4458 7.9682 8.9335 6.7382 18.9409 9.5326 26.8416 28.8852 29.856 5.8658 
22.3135 22.2723 34.8975 25.7664 20.0145 19.7858 4.7275 17.1315 29.9728 29.3136 
20.8585 12.6289 14.7909 10.3857 27.6716 14.6657 33.9951 33.7639 30.5384 0.8411 
22.4192 31.3595 15.8351 22.1555 22.9788 26.3714 41.5195 35.662 20.1751 25.9079 
7.0336 17.2868 11.2706 11.1774 6.9778 14.7565 26.6042 20.2748 13.0585 25.3252 
26.5283 29.439 17.3465 27.6212 25.9474 33.7624 41.1835 38.9318 25.2412 30.6254 
8.3445 16.1324 6.7009 6.8528 13.7844 14.2926 26.7788 27.452 20.5941 15.7843 
23.4294 36.7423 32.7194 30.0924 17.4548 31.8404 29.059 16.5473 7.9074 44.1406 
16.5911 13.9922 7.053 7.9772 22.938 14.6281 31.927 37.0135 30.7075 5.9161 
8.9705 11.1035 23.4233 14.9662 9.4525 8.0167 8.0717 14.2474 21.1548 24.7523 
12.0797 14.0727 3.566 5.5836 14.6936 13.6489 28.1557 32.5539 22.7971 11.8719 
18.7412 30.3914 32.6354 26.7813 11.3134 27.4283 21.8611 10.9471 8.0614 41.9444 
16.9675 11.0495 9.2332 8.1669 24.0775 14.8391 26.4666 31.4157 32.7766 6.7472 
16.2814 15.5093 29.3381 22.0244 15.2343 12.9961 3.6717 14.3678 24.7763 28.7641 
14.3428 22.6654 21.5115 20.5118 11.8903 20.9071 24.1462 16.913 3.0341 32.9847 
16.1959 15.3654 32.1676 21.2118 14.694 15.7452 2.4798 11.3244 23.8833 25.0911 
15.2526 25.4195 28.38 23.2515 10.0569 18.2205 13.2521 1.2495 18.4238 35.1219 
14.6821 22.55 20.2797 23.3333 13.2451 26.6367 27.4479 21.0555 8.1069 28.5122 
17.3017 24.4937 21.1711 22.0616 17.1891 24.3146 36.9329 28.7973 9.8972 29.5779 
19.1343 14.743 6.0327 8.7736 22.7545 15.3879 34.7775 38.1508 31.3793 9.4523 
23.9379 23.1834 11.5883 16.6768 22.9033 28.1475 38.7717 32.245 25.8561 26.2657 
13.4757 24.4855 16.9422 16.5093 10.9632 18.1052 26.779 21.0247 11.903 28.3823 
19.5073 12.7211 8.1119 9.074 19.4996 12.2482 27.4259 35.2285 30.4889 6.1681 
14.1276 22.6789 22.1039 22.8985 6.4483 21.854 21.9688 9.8278 7.7602 33.7536 
19.0587 29.085 20.6133 21.1019 19.7289 25.1111 36.9656 24.2954 12.2278 29.9107 
8.3571 16.5321 16.5581 13.6849 5.4337 16.1397 20.3365 15.9903 11.1656 23.3683 
10.4399 17.477 29.5431 20.2424 7.5157 15.2479 8.8946 5.5593 18.4812 26.4709 
22.5184 27.3267 26.0497 31.0125 17.361 28.6112 33.0456 22.6535 4.5767 43.7695 
13.0223 22.5209 24.2597 21.6626 5.976 17.2773 17.8364 7.0455 10.7937 35.5301 
14.4286 20.5504 18.8844 15.953 9.16 19.3695 25.0384 17.6712 7.5657 31.8609 
14.7472 30.0169 22.8234 21.8526 13.6161 28.2557 28.6725 18.8792 4.5902 35.7932 
11.6316 22.9917 21.5075 22.4296 5.836 20.5741 18.9414 10.1347 10.0457 35.4829 
5.7368 5.4998 16.7252 6.9949 9.0506 3.1926 17.3015 17.6988 20.5974 19.5538 
11.1963 8.3343 7.0568 1.5943 17.0249 8.7237 26.8601 23.7742 21.9173 11.1843 
14.3053 25.23 18.7948 20.9396 11.676 20.2912 23.218 17.6582 5.2425 30.075 
19.0382 31.7022 25.1145 29.2209 14.2254 24.6189 24.1642 12.3421 7.4666 38.0223 
22.0325 31.1825 15.942 19.3762 24.0852 25.1919 40.791 28.6557 19.8093 32.1207 
19.8491 15.5815 3.0984 9.9397 23.8132 18.1653 29.2185 38.4511 32.5741 13.6608 
19.1478 27.8654 30.5367 24.9609 15.836 24.7961 29.7549 16.8647 3.1228 34.3109 
10.1187 22.2426 22.9564 18.2365 5.1778 17.6312 19.5138 12.9029 6.6419 30.7725 
28.1989 34.0407 18.0874 24.7982 24.9466 27.4419 48.1454 32.9358 20.8102 30.4129 
10.0341 3.5285 20.7446 9.951 13.7959 2.4019 16.4166 18.806 27.0454 15.9963 
4.9742 10.2486 17.2854 10.7706 7.3389 7.6314 12.1745 15.1837 17.6468 21.2232 
18.61 9.3891 13.8963 10.3471 23.8638 9.6576 24.7566 36.197 34.6172 5.0917 
4.0748 10.556 16.302 10.5893 5.2628 8.9208 13.1038 15.2271 17.6644 22.8432 
17.3062 18.7997 30.2511 22.4688 16.1894 14.935 2.1362 11.0779 24.1806 27.1121 
19.7632 30.9067 20.758 23.5716 16.9486 24.9859 35.4221 24.676 6.8791 36.8992 
17.4742 29.9507 21.0463 24.5008 13.1941 25.937 23.8613 21.1061 1.6759 36.0067 
16.5685 14.7114 31.7312 20.3483 15.9402 15.191 3.26 15.582 32.6691 29.6868 
11.5076 3.8657 12.3592 5.9298 20.4744 5.4602 20.5958 30.1246 28.1767 8.1627 
13.5463 24.7423 12.8058 14.5311 11.9698 20.6907 26.9087 25.3234 11.7728 29.5759 
6.0652 13.9159 14.8897 11.8472 5.9238 14.4923 23.9841 17.3733 12.3366 24.2875 
19.2263 17.2715 30.8694 23.6657 16.9022 15.7229 3.9281 14.0052 35.1926 34.3387 
18.3592 23.8333 16.7276 21.4777 16.9105 28.3857 39.6129 27.1913 15.3695 30.9456 
16.132 18.4282 1.6172 9.5095 19.5013 18.7545 37.3578 30.7465 28.0009 14.8112 
15.5252 26.5086 20.0159 18.2431 11.0541 24.4206 29.5461 19.4036 7.9523 29.9152 
11.2906 9.0698 9.1572 4.6628 18.8522 10.6838 25.9494 30.885 31.1295 7.5103 
14.1801 15.5589 2.0971 7.4234 17.028 13.7093 29.9099 29.4141 20.9635 12.5768 
6.2616 13.1323 12.8064 9.5691 7.7658 13.1921 21.9505 22.7051 14.6744 22.8532 
27.708 38.3078 32.81 29.4164 16.6324 34.4803 33.2842 17.0524 7.0354 43.8369 
12.0922 3.6205 15.2478 6.5128 18.3467 4.8568 22.4945 28.8874 31.8807 10.307 
12.3287 18.5611 11.7691 12.7486 11.3024 16.7378 29.9485 25.0068 13.4021 24.7954 
15.1559 13.2597 1.6177 7.5379 19.3735 15.8279 29.5797 34.7431 25.8692 13.0754 
16.746 22.8232 6.2217 13.6507 17.0799 20.3448 34.0777 33.1229 20.1697 19.5717 
7.742 6.4169 20.6894 10.5616 11.5286 5.7734 12.9093 15.3193 21.4697 19.5091 
7.1401 7.103 9.8909 1.6665 13.0029 5.8689 18.8441 24.738 24.9377 14.79 
23.6275 26.9196 13.6264 20.3445 21.9545 27.3559 42.1688 30.42 22.2715 28.485 
4.515 9.1775 11.6841 5.9578 10.1263 9.0617 19.0383 17.62 17.3849 19.3824 
12.7093 13.0536 26.5234 20.1362 15.5488 12.0634 4.9629 14.3557 27.1042 25.392 
13.3783 9.3976 24.2254 14.1384 15.0147 8.7316 8.6509 18.6457 29.6558 22.8918 
20.3804 30.2456 25.4796 25.7365 16.2097 26.5738 27.7211 20.0778 2.3215 36.1801 
24.5462 36.3939 33.4804 26.0458 16.7812 27.6758 33.223 21.0751 4.8731 44.5758 
13.5693 17.5542 9.9433 13.2215 12.3027 18.0073 33.9842 29.4536 17.8514 21.0415 
9.0943 13.9484 5.3901 6.375 15.4962 12.7172 29.8559 26.0374 20.8033 17.1067 
21.7229 29.6645 31.1375 29.6591 13.6318 25.4298 25.8406 15.2809 3.8559 34.9563 
14.5827 24.964 24.7852 22.424 9.8964 25.5536 20.1687 11.8383 5.6522 35.7051 
14.9754 21.6303 18.0867 17.4749 11.7598 19.1119 29.5661 23.6947 7.3467 26.7648 
21.8378 21.2713 37.4348 23.1291 17.1903 20.682 2.7069 13.0728 31.6008 30.5129 
10.6598 18.3707 23.1877 21.6441 7.3308 19.9054 12.8335 4.5508 13.7771 30.1961 
14.1706 16.2388 2.8377 7.6994 18.4146 15.4581 33.9111 28.6887 19.539 16.0506 
25.1066 33.7941 17.3946 27.1504 19.7026 29.2157 37.2185 27.4923 13.8532 33.6911 
19.9744 32.5218 28.8 29.2436 17.3796 33.603 26.3549 15.7558 7.7131 47.8025 
13.6525 18.4962 3.1588 9.1043 17.0821 14.8657 27.3949 30.9616 22.7227 14.4637 
9.9711 13.4602 26.1549 15.051 8.3362 11.1411 8.2617 10.3557 24.1822 26.6909 
2.3971 10.0752 18.4843 8.4235 6.5496 6.1852 16.6434 14.3977 21.1257 18.468 
11.6993 23.1497 19.4441 15.7863 5.8631 20.4668 19.163 13.8971 6.835 30.7753 
8.0139 19.5062 17.9621 18.2224 3.6402 18.6123 19.7639 12.8283 9.4185 31.5387 
7.706 13.9481 20.9472 16.4101 6.9126 9.8003 10.6882 12.6109 21.898 26.6067 
3.1498 6.7377 13.2754 5.8972 8.1261 5.9709 20.6837 20.1265 20.7201 16.5536 
18.4323 17.6304 34.1428 22.3386 17.4535 17.9915 2.2569 12.7207 32.6279 26.272 
10.5736 21.3533 22.2622 16.2923 4.2997 19.2468 17.2341 11.0263 9.686 25.6879 
20.123 24.2401 12.3975 17.9778 19.5317 26.0811 33.9382 31.1493 20.2956 26.6858 
9.7517 21.4925 19.1806 19.065 3.535 15.2013 21.2132 11.6061 10.0655 28.2525 
14.0558 20.391 27.7133 24.2127 12.8525 16.6245 4.8089 6.7193 25.1942 30.1667 
4.4675 6.8067 19.8705 9.403 9.621 5.2022 13.3328 19.2255 24.0997 17.8766 
10.6606 22.5342 24.4619 21.5574 6.1856 18.3108 16.8106 6.8733 11.9351 32.6402 
16.104 19.3423 7.2802 14.7543 20.2132 22.2699 29.91 28.3435 19.6884 20.7107 
19.4603 26.3115 14.5969 18.414 19.6515 27.9744 38.237 26.83 16.7791 29.65 
12.3047 14.1383 3.9029 6.7747 14.9486 12.3934 26.4797 30.7377 20.7201 16.7076 
11.7137 10.6335 4.3559 4.9461 16.1956 13.8711 31.3339 28.9933 30.0958 9.9483 
EOF