I 100
J 10
bounds (0, 100)
cv 1.5
D 100
k 5
t 3
FLR 0.4
FCR 2
λbounds (80, 120)

λ 
90.226 111.7851 96.1826 
96.934 112.0112 80.3349 
110.3996 101.3937 81.8167 
111.3623 87.7719 94.0995 
106.6742 111.1877 87.9996 
119.5916 117.7234 83.7173 
90.9479 112.042 117.7045 
106.7933 87.1908 85.972 
81.1018 117.2845 113.7187 
87.8231 109.6454 85.2871 
82.9729 83.9123 88.6307 
113.2492 119.7226 95.7016 
108.2031 88.459 102.3215 
106.045 102.9123 83.6615 
80.1256 84.9035 100.4706 
113.4412 112.051 109.4009 
80.7213 112.0142 95.787 
119.7607 108.0313 104.1213 
88.2642 82.7679 119.4713 
90.183 118.1936 88.7104 
110.9284 86.9198 109.1975 
98.7416 116.6472 81.4087 
101.0632 93.8146 115.7918 
85.9362 112.2233 80.5607 
85.1335 118.436 98.9714 
80.4713 115.5032 102.0367 
87.2736 115.5755 104.0758 
95.741 108.9725 108.8599 
111.1278 112.7482 82.027 
108.9662 98.5971 108.4554 
111.9608 81.8164 110.7967 
100.9019 86.7506 112.2553 
118.3868 96.166 112.9068 
117.888 95.8644 97.2769 
102.0102 88.4162 117.621 
99.284 81.7103 85.9027 
111.5181 111.31 92.3505 
117.8403 105.9064 90.9528 
101.1512 113.3286 112.9214 
118.402 80.7159 93.8081 
101.6571 80.3418 118.8995 
89.0416 107.6371 118.9666 
103.245 103.2225 114.0952 
114.2858 99.6852 80.033 
109.0181 80.1909 100.2811 
110.2228 113.7804 106.6623 
118.2275 103.3198 82.8134 
92.8617 101.7706 114.8937 
116.4577 82.7745 83.3396 
90.7093 95.1577 80.9363 
94.3205 82.844 116.8874 
83.7115 116.3005 102.6716 
90.9028 110.224 83.5944 
115.0419 97.1299 101.9978 
97.9249 87.2165 108.3695 
117.3191 84.1552 115.3686 
87.8515 110.818 114.175 
94.736 101.856 83.4679 
107.294 84.0639 116.8488 
111.8214 108.0089 116.1775 
103.5558 83.1967 83.4379 
115.1748 112.1053 112.4485 
80.2926 84.3677 112.3572 
105.0236 93.0337 118.3111 
86.8768 91.3139 96.8441 
83.2514 89.2976 109.403 
99.547 106.151 118.8036 
81.3418 106.0341 113.3031 
105.7388 95.132 83.8099 
82.3109 105.5848 93.6492 
111.0742 103.0411 108.8677 
119.8409 88.2043 118.2038 
82.249 101.3367 112.8832 
97.4087 92.5051 93.7972 
82.4292 86.204 99.2141 
105.398 81.0948 113.2842 
116.4352 89.101 80.3778 
117.7739 90.0451 102.6395 
89.3821 80.6083 107.0644 
96.4278 102.8483 109.0747 
83.56 97.6158 94.8582 
84.1508 88.0367 86.2622 
111.455 82.7307 90.7545 
114.7905 105.6037 82.7004 
102.3926 98.0456 99.8491 
116.4171 110.4627 83.7248 
99.0328 87.1803 119.8307 
103.028 81.5293 117.7916 
118.9608 103.8443 88.2358 
117.6847 80.5038 90.6438 
91.942 94.3141 119.0233 
100.7662 100.942 108.1955 
91.499 115.1803 115.7437 
102.2471 114.6645 92.1421 
86.934 103.104 100.4984 
95.4912 114.0993 116.8894 
97.6066 80.1721 106.3921 
107.8916 95.958 114.3888 
101.4594 86.0383 113.6144 
111.1184 85.9125 84.9643 

Icoords
94.3845 12.7508
75.1222 4.4614
56.8429 61.5098
12.839 35.1866
66.4908 3.3075
19.6265 36.2528
92.3781 58.3201
31.151 5.4057
16.9552 92.7759
3.1503 81.6645
44.8747 72.0217
26.1673 86.9715
82.4675 35.9012
55.8019 48.2906
83.1259 34.2285
68.1781 85.5931
28.4366 96.7513
80.2269 67.4049
51.9474 96.6639
94.1048 95.1527
15.2428 93.5073
73.8015 57.3212
58.5311 12.687
11.5127 19.8298
98.2248 75.0105
23.1804 74.3912
4.4147 70.59
17.4909 44.9867
62.7112 66.8867
73.9253 60.3139
33.3512 19.5873
81.5211 65.7272
63.6492 40.7445
65.213 8.6359
67.7721 69.7497
62.9105 81.7296
2.0752 73.5281
90.6794 87.9142
8.5324 89.0485
35.8647 52.9806
40.7803 39.5751
99.2857 22.0038
45.478 62.2633
54.2235 45.058
62.5627 96.8276
87.9151 99.0493
53.9582 96.0839
3.8227 22.7572
87.7681 48.0284
40.805 91.4841
45.0245 57.1111
90.2317 59.504
59.8136 1.4735
28.7973 25.6848
65.6036 49.4113
89.1237 60.1486
95.1344 24.204
14.6234 18.5049
66.8323 51.6892
49.8779 40.1076
89.8721 2.7432
11.541 25.6758
46.4903 42.2428
64.7598 95.7259
38.3483 6.4246
5.8616 65.1924
40.5543 3.3176
34.716 80.7385
20.2631 46.5652
30.9858 33.8618
30.7279 67.6715
81.9521 64.3737
22.8509 12.7126
22.1785 26.0088
16.6665 53.6096
19.3942 59.2173
69.1477 47.5294
2.8166 75.4349
48.2569 91.906
72.8789 98.4383
34.3889 2.7749
35.3097 85.1542
19.8889 67.5686
60.2204 93.1153
59.4945 21.9765
79.8537 75.6267
16.6088 9.9422
36.2557 29.9213
5.9798 31.2527
51.561 56.5923
91.4771 10.9654
90.4716 72.6141
33.8516 76.8457
70.2736 43.1038
62.3794 97.4084
72.4566 77.5669
58.143 21.7462
14.2348 19.6569
11.9501 1.3531
4.4531 13.0026

Jcoords
99.0383 14.8956
41.4094 23.257
71.5521 3.2833
16.7241 89.1278
65.6213 73.7553
78.8287 18.4176
34.6283 77.1467
37.7554 56.1146
17.8909 15.0002
37.1989 21.4236

C
1.9124 20.5604 9.4643 33.7231 21.7579 6.3558 32.5572 25.4417 29.8071 18.3293 
8.9552 13.5712 1.3636 36.9962 27.7111 5.2215 31.8089 23.7285 18.7383 12.5753 
22.2705 15.1383 22.4969 14.7482 5.5627 15.4661 9.9537 6.5873 19.668 15.4055 
31.1715 10.7466 22.8661 21.2376 22.8868 24.7292 15.1392 9.8692 7.9969 10.1452 
12.6311 12.1012 1.898 39.4939 27.7586 6.5623 24.4237 19.8634 19.1249 11.7101 
27.6716 9.588 19.941 18.5871 23.5307 20.8925 15.4067 9.9928 7.589 7.0061 
15.6048 21.6155 18.0243 30.8529 9.4584 14.1001 22.62 19.0734 28.2459 23.3851 
26.5073 6.7676 14.4228 31.0514 26.7082 16.403 28.3207 20.4395 5.8676 6.597 
44.5359 27.5765 38.358 1.2922 15.7694 38.5776 8.1512 16.3335 28.7246 27.7019 
45.1019 24.7661 34.0389 5.9622 20.4903 31.5707 9.6197 16.1092 26.2584 26.2811 
27.4187 15.7516 27.9819 10.1589 6.5767 20.9331 4.4245 5.7894 22.7165 18.7973 
37.8615 25.6153 30.0078 3.6353 15.8071 31.7688 4.3656 12.1297 23.8056 22.0347 
8.401 16.3166 12.4031 27.2038 13.3333 5.8468 22.354 15.4763 23.6136 18.6925 
20.9676 9.1162 16.8562 17.5445 10.1473 12.2583 11.786 6.4673 16.8714 11.0781 
8.6035 17.2023 10.6517 26.2264 13.2455 5.166 25.4122 19.7867 25.3813 16.268 
23.5275 20.705 31.2957 17.4273 4.3817 22.234 11.5172 16.699 33.109 23.429 
36.3855 28.1058 34.2973 4.6718 15.9363 29.5075 7.2162 15.2924 32.7818 27.9227 
19.2599 17.6418 20.6411 21.3696 4.8719 15.2314 17.7744 16.4843 32.298 24.6857 
30.3081 22.4481 33.119 13.785 10.2902 26.1525 9.5398 14.1256 29.1897 28.1847 
28.8104 34.8713 37.801 25.7759 13.1315 29.2073 23.6762 20.8806 43.9867 33.5102 
37.3762 26.8001 38.4894 1.7735 16.4285 38.5316 8.4344 15.5426 31.4207 23.5479 
16.379 14.5955 17.902 25.1629 5.946 14.3179 17.0305 11.1697 24.7881 18.3795 
16.1377 6.119 6.3283 27.3926 22.3659 8.2761 26.3995 15.1693 13.4859 8.5085 
33.0759 10.5835 24.1949 22.4326 28.2879 24.7104 24.2452 13.6624 2.9369 8.8556 
22.1363 24.1473 26.1872 26.2287 10.3919 18.0311 22.405 22.1292 31.1249 27.9945 
31.3031 20.1294 31.1925 5.1694 16.8807 29.5352 4.027 8.3805 18.7345 18.0044 
42.316 20.4015 37.7319 8.7697 21.88 29.5182 9.4173 14.4663 18.2982 22.769 
26.4591 10.7383 22.5793 16.2022 20.0348 20.7487 12.0073 7.7217 10.1064 11.5164 
22.7823 15.0609 24.9924 18.0885 2.4624 16.8866 10.1983 10.7666 22.1463 19.169 
19.5036 14.9231 22.2212 19.2658 4.7541 14.8693 15.326 13.6148 22.0587 19.2996 
22.3246 3.1433 14.3918 27.0916 24.7289 15.2491 20.1738 14.6984 5.0266 1.5962 
17.7802 20.3587 20.7916 24.0023 6.5867 15.4905 16.8969 14.545 31.5006 23.5443 
14.2867 10.9517 14.8013 23.9611 13.2113 8.3317 18.147 11.1896 18.9589 11.1368 
13.0925 8.917 3.2573 33.0018 21.1968 5.1536 24.5491 20.0684 18.7793 10.2238 
24.4096 18.1666 21.5965 18.7013 1.6136 17.8689 12.643 12.8808 23.9008 20.2836 
24.2432 22.0232 27.788 14.6734 2.7971 25.6756 8.6727 13.1794 30.3228 23.6404 
42.2427 22.5578 33.1967 8.2025 24.2366 28.6209 9.9767 15.4007 19.2128 23.2876 
24.1286 25.5251 32.0338 25.6512 8.8935 26.6842 20.9069 19.0168 39.1195 27.0751 
40.6004 23.2193 36.4094 2.7804 18.0556 39.4219 11.0827 15.6614 24.5631 23.1661 
24.35 9.4277 21.1205 13.4813 11.174 20.0823 8.3095 1.2785 14.7023 11.677 
24.8144 5.5065 16.506 19.6097 16.0563 13.94 13.6907 5.7554 12.2479 6.4644 
2.8279 18.7563 10.6438 42.03 24.1393 7.913 27.3545 23.6667 25.1622 24.7178 
27.0632 15.0361 23.357 15.4924 9.0584 20.3331 6.0854 3.7047 21.5617 16.6015 
17.886 9.0228 17.3533 18.1233 10.446 12.145 13.0994 7.8806 15.6599 9.8743 
27.4076 30.5363 31.9892 18.5784 7.3384 26.7145 12.4076 15.28 29.6835 25.6567 
31.4586 35.249 29.8554 27.7165 10.8702 26.1196 20.4006 22.1846 40.6518 31.0628 
31.4531 28.9319 37.7437 12.2347 7.9377 30.2881 10.7917 15.9274 30.9715 24.9602 
28.9485 11.9085 21.734 26.6327 27.9553 27.0248 19.4336 15.4169 5.1633 11.7678 
11.1851 17.009 15.9389 26.0016 13.3884 10.9433 23.2684 16.7388 24.9027 22.3249 
32.1832 23.6416 30.8708 8.9622 9.2136 25.4682 6.1165 10.8916 26.356 22.2035 
23.4591 11.6405 19.5271 15.174 8.5058 16.01 7.0764 2.4469 15.5647 12.5243 
17.483 20.9175 20.3439 30.9639 11.0656 13.3973 19.589 18.7678 29.6505 20.148 
13.0301 8.7805 4.5288 29.6828 25.6412 10.1469 28.6876 18.7442 13.8232 10.9047 
24.6524 3.9854 15.3251 25.0835 23.8643 16.6381 16.8321 9.8367 5.156 3.0174 
14.6085 12.2919 16.0506 24.7074 8.7054 13.4722 15.7871 10.959 19.7659 13.1832 
16.3393 23.1722 21.9861 26.8655 10.5451 16.5352 20.7504 18.3074 27.1814 23.604 
3.5924 16.5069 11.8974 33.5533 19.4133 6.4588 25.3416 23.5243 23.9826 20.8518 
31.5916 9.8942 22.1689 25.1105 23.2108 23.5891 22.7827 15.1404 1.5218 6.8358 
15.0996 14.3562 18.6517 22.6806 8.1745 13.3763 14.9918 11.0588 20.9618 12.9783 
17.6077 7.5058 14.7545 21.4701 12.5563 14.1732 13.9033 7.088 14.0575 7.8081 
5.0003 16.1245 6.8455 38.6671 27.4192 7.6428 27.8196 25.1391 27.0237 16.8725 
26.4917 9.0588 19.9332 19.7484 25.7465 23.5722 17.0138 13.1801 3.781 8.7465 
20.9999 7.7004 14.2586 18.449 11.8558 12.8495 14.1486 5.008 12.5722 9.0852 
28.2447 26.062 29.9302 16.7376 8.3289 30.2447 10.9808 17.5031 31.56 30.3366 
18.8369 5.2198 11.9 26.517 28.6874 14.4771 26.2104 15.4646 8.2917 5.4681 
38.3728 19.8569 28.2714 10.2879 21.0571 30.058 11.0962 10.0145 19.2209 18.5554 
18.2732 7.8055 9.662 33.8686 23.4762 16.3594 22.8347 16.5275 8.641 6.8998 
36.3125 17.604 28.741 7.2181 12.5692 23.3488 1.3409 9.0162 21.0493 19.0627 
33.1801 11.0999 21.0326 14.0771 16.9386 25.7965 10.8424 7.6967 10.8415 10.4219 
22.6279 4.6662 19.2686 21.8089 16.9059 16.9926 13.9349 8.5572 8.482 4.5701 
28.3138 14.8509 29.0701 9.393 11.7275 25.9339 3.74 5.3467 18.9854 18.5533 
16.4573 19.5057 23.0402 25.9534 7.3225 17.1812 16.4404 17.8049 30.2734 19.6011 
24.268 6.5785 16.7915 29.4223 23.5457 19.5868 21.8775 14.7077 1.6638 6.6722 
30.7685 6.9179 20.1648 20.7612 25.2464 20.5421 17.2947 11.5114 4.0003 6.0039 
34.9956 15.0491 28.9747 11.6358 15.982 22.9442 9.9571 7.1187 14.876 13.2018 
36.0391 14.9851 28.0143 10.2851 15.003 22.7302 9.251 6.2177 14.5293 16.5732 
16.8475 14.1906 16.0186 22.6199 10.2249 11.3023 14.8687 10.5153 20.422 13.7637 
38.5269 21.7283 33.5826 7.1686 21.4869 31.4612 11.8766 13.299 24.0425 24.0035 
35.3303 21.649 33.6477 12.5892 8.0808 24.1647 8.0096 13.1707 31.9324 21.9741 
27.5584 25.0455 34.2401 19.3874 7.9859 29.906 15.8999 21.9998 37.3631 30.4374 
23.3833 7.7947 13.3614 32.6563 23.2876 14.8216 25.1601 16.7446 7.3429 6.6177 
33.8445 22.4656 28.7584 7.1404 12.5359 27.5347 2.9823 11.6016 22.8779 22.1242 
33.447 18.5812 28.7746 8.2869 15.2845 24.5045 5.6496 7.4619 18.0598 15.7465 
34.0382 23.5199 30.1058 16.5892 6.9563 30.3688 11.6288 16.6783 32.8467 22.7925 
12.779 6.0501 8.642 29.4099 16.2729 6.4442 18.1727 15.8611 13.4695 8.9098 
25.291 21.8025 24.7873 23.4149 5.1879 19.0766 15.9419 13.9619 31.4421 21.982 
28.3078 8.9513 16.6589 24.1754 26.2713 22.1979 26.3841 19.1762 1.9406 7.122 
21.8262 3.3218 16.7992 20.6113 19.9385 17.2166 16.5481 9.4162 7.2194 2.901 
30.7738 14.5028 28.1232 22.7215 29.2214 27.532 20.1691 14.4761 6.5024 12.5454 
19.7146 11.8619 19.8415 17.4987 7.5702 15.8332 9.0651 5.1208 16.7066 14.4621 
2.8965 19.0442 8.2706 38.6544 22.9111 5.8061 34.6451 26.7225 28.867 18.8327 
21.7357 27.204 22.2569 25.0149 9.6869 17.1454 19.0604 21.9184 29.1348 25.5999 
35.7286 16.8797 31.1547 6.4156 12.3912 24.4135 0.3199 8.3369 21.6781 19.2221 
15.0838 13.0869 15.0559 24.8335 9.7472 8.5617 15.3243 11.3655 21.7213 15.0239 
29.1365 23.3953 33.1755 17.1681 8.7284 26.0291 12.1774 16.7553 31.635 31.6031 
24.8816 23.7345 26.1126 22.1244 3.0898 22.3569 12.2193 15.0825 30.2601 22.7528 
12.4603 6.1377 8.42 28.0703 19.1943 6.6291 21.3414 12.8913 13.4685 6.9375 
30.8237 9.0569 19.6594 27.0971 26.6371 25.4611 24.2596 14.144 1.9218 7.8954 
32.4777 12.2391 21.6051 26.7757 34.383 26.8907 31.5189 21.5875 4.815 11.5212 
33.2533 15.0841 26.7536 25.2528 30.5017 27.8081 23.3999 16.4682 5.4247 10.7351 
1.7899 19.086 9.489 36.1303 22.5402 6.6091 33.2952 25.0708 25.162 20.5562 
10.3668 14.2351 1.4215 33.7975 22.6333 5.7024 30.8687 20.0947 20.391 14.2205 
20.1328 13.7895 23.9082 16.9984 5.6531 16.6174 9.7146 7.4958 22.0158 17.2581 
27.3636 12.3132 23.8751 19.3556 24.5407 22.0125 15.7349 10.725 6.8732 10.6516 
12.2061 12.0756 1.8884 36.6567 24.0527 5.9361 28.9433 19.154 17.8403 10.9041 
27.7292 7.6552 23.4654 19.2331 21.9996 21.5046 14.5007 9.3851 6.5442 8.2937 
14.0715 21.3124 23.2027 28.0265 9.6036 14.9176 18.2891 18.4939 27.953 25.5291 
23.6968 7.0579 15.2805 28.5282 23.9371 16.3535 24.0974 17.2946 5.7023 5.4498 
39.3876 24.5697 35.4961 1.4472 19.4635 36.4688 8.7363 16.0553 24.1278 22.4953 
43.9685 23.0415 34.6735 5.9018 24.3378 36.2851 12.4976 13.5584 23.6503 26.0251 
27.4423 16.0841 23.2777 11.1405 6.9223 20.9585 4.247 6.3175 21.2656 18.6387 
31.0046 21.2325 36.3483 3.118 13.2024 26.4092 4.0376 11.7671 28.0364 25.2186 
9.3963 15.4101 12.3137 26.0872 15.7654 6.5986 22.4045 18.7492 21.5435 16.4349 
17.0942 10.3636 18.5632 18.8784 10.3219 13.9933 13.1926 7.0181 17.1893 12.3526 
9.7954 16.0074 11.6428 27.3378 13.1288 5.8886 19.4348 16.7945 21.5931 15.7816 
27.8165 23.7781 32.4985 18.9746 4.2473 25.9408 11.6556 15.4959 30.7688 24.3197 
40.9904 29.7029 33.6488 4.3714 15.4947 34.8353 7.0703 16.4515 25.627 25.0788 
18.2559 18.1121 21.8252 26.4435 5.673 18.7796 16.9958 14.4276 31.1579 23.0358 
31.3932 29.2114 31.516 11.2096 9.3884 32.581 9.1562 15.9214 33.8084 23.155 
28.5451 35.6379 37.8199 30.883 13.9437 30.7408 21.9735 20.7435 42.8143 30.8372 
38.3873 27.4973 40.8186 1.7642 16.4447 33.4741 7.7241 17.3583 25.9221 23.0355 
17.1639 14.793 20.1574 21.5365 5.7752 15.2162 13.2986 11.4907 25.5734 16.6467 
13.3994 6.8916 6.3154 30.8863 21.2654 7.4219 24.344 18.2167 12.5415 8.0659 
34.1541 9.1 24.3817 24.7189 28.158 20.2127 20.7966 15.7582 3.0354 8.4876 
22.3347 24.7544 23.1491 27.6762 11.2533 21.2796 21.0623 20.7544 30.3127 32.2663 
28.9411 20.7102 34.1768 5.0004 15.0215 25.7545 4.3249 7.5857 19.7899 18.4592 
42.8649 18.7194 30.4498 8.6117 21.6593 28.1823 11.2259 12.3036 19.0762 20.6653 
34.6732 12.0116 21.5278 14.635 18.6723 23.4759 12.594 6.9703 11.3419 12.2167 
23.8288 15.828 20.4268 16.7808 2.9704 19.1596 9.8067 9.1628 22.5508 20.4932 
18.3929 15.9683 20.8856 22.4682 5.5931 14.4812 16.8608 12.5588 26.2024 20.8454 
24.241 3.4462 13.2163 26.8342 19.1236 14.8033 20.2486 13.6866 6.4167 1.5208 
17.9146 21.9068 23.7699 22.404 6.8201 16.6278 16.1247 15.3291 31.3623 21.5264 
15.0974 9.1722 12.1136 26.3201 10.0234 9.0282 15.7168 10.482 17.5046 11.5528 
11.8575 10.3473 3.312 32.8703 25.4557 5.6465 29.0357 17.4028 15.1123 10.5533 
23.393 19.786 24.7921 20.6397 1.4976 16.0626 11.3899 11.9148 27.53 18.7967 
25.2309 22.3098 28.814 16.086 2.6026 21.2168 8.9678 13.7431 25.5816 23.3322 
40.4637 21.2046 35.8248 7.0126 22.2476 29.5752 12.1712 15.0513 21.8925 22.8854 
24.1653 31.0528 27.6261 28.7133 9.8001 21.3755 18.8693 23.2461 37.4092 32.4338 
37.2658 25.9039 41.0284 2.7353 20.1951 32.1773 10.3226 13.5788 27.3471 22.8944 
28.5104 11.9766 20.9676 16.234 13.7834 16.7518 7.3101 1.2807 14.7444 12.413 
21.3978 5.7956 17.5671 19.4995 12.9127 15.2591 12.8683 5.5217 11.6535 5.9741 
2.3407 19.8389 11.9053 40.934 22.7441 6.7998 28.7227 23.0054 25.9302 18.6331 
27.864 14.593 23.5762 14.4142 9.2416 18.3113 6.1498 3.379 21.6438 15.1764 
19.2797 8.2211 13.8347 21.1091 12.0578 13.3563 13.5355 7.48 17.4518 11.555 
33.0488 23.6544 33.7183 17.1189 8.1925 30.6304 10.6751 17.5303 30.9887 24.9168 
26.0769 34.4664 29.2919 23.7919 13.3888 30.9801 22.0771 22.6732 39.7985 34.4102 
35.4741 24.0471 37.0636 14.2006 8.9983 28.5103 10.3479 15.1425 33.0747 27.141 
32.2733 11.9687 22.6642 24.6719 26.457 25.8452 20.7338 15.2599 5.2436 10.9762 
13.4074 17.44 17.7188 30.9425 13.5106 11.299 20.9112 18.4866 23.5656 22.2392 
34.8002 21.4992 29.8807 8.4299 11.8761 27.5439 5.8808 14.1328 27.4419 22.2245 
20.7924 10.8915 19.6291 16.3363 8.6541 19.0928 8.7874 2.5577 15.4144 14.2561 
16.7828 20.1575 18.7562 25.3766 10.0787 15.0005 21.3566 19.3252 30.8056 20.4157 
14.705 9.4136 3.809 33.6971 25.5397 8.0839 26.0477 23.0163 13.6866 12.0115 
22.1367 4.101 17.5744 20.9954 24.0762 17.6947 18.7329 11.0865 5.9056 3.7408 
15.536 10.9594 15.2646 21.0168 8.2307 11.4639 13.3839 10.2888 20.5718 15.8589 
17.1361 18.9563 23.0395 25.1732 8.7255 13.2686 21.4068 17.9724 29.2054 24.1028 
3.3825 17.8717 10.5702 31.782 19.2345 5.8446 25.0281 21.4759 24.286 22.1336 
32.8505 10.2071 20.1653 24.9762 26.8801 21.2199 21.6798 16.9463 1.5726 7.8602 
17.0653 12.9488 18.7295 23.9441 8.727 13.8042 14.6716 11.3706 23.9039 14.1092 
21.3148 7.2946 14.9895 22.2691 13.2621 12.0244 14.7524 7.6864 14.7081 7.8962 
5.4646 16.5823 6.0922 40.4443 29.0775 7.0733 28.0791 27.0935 23.3509 17.1072 
28.5194 9.4993 25.5443 22.6896 27.3964 21.6908 20.4549 12.1277 4.6331 8.8843 
21.8115 7.8301 18.2935 17.7881 12.9028 13.7252 14.7384 6.5522 13.4214 7.8996 
31.107 25.5443 36.984 17.2904 7.0558 29.1367 10.9383 14.7465 30.0105 30.9864 
21.9131 6.8023 12.2469 28.8079 27.4669 12.9488 28.243 15.2311 8.6133 5.9209 
36.4986 18.4385 30.2211 8.674 22.9346 31.5921 11.495 10.2433 17.786 20.1811 
19.5908 6.1969 11.3018 32.6575 29.2182 15.6969 23.7087 21.0004 7.9909 7.2295 
29.9797 19.2186 28.5437 6.1977 12.4108 28.9837 1.3905 8.716 21.6193 21.4789 
30.6075 11.6601 25.0727 15.5505 20.5029 22.8075 10.7849 6.5627 10.5123 10.5977 
23.6382 4.5784 17.074 22.1114 16.3247 18.908 15.0035 7.4547 8.5188 4.2656 
32.0861 14.1656 24.1908 7.7276 12.2694 22.2851 3.2277 5.344 19.8365 14.9902 
19.7341 23.0973 20.0037 25.8976 6.3677 17.7431 17.0972 16.2042 29.0844 20.3578 
27.0424 8.4184 14.971 23.0441 23.7693 18.4108 19.8535 16.6167 2.0221 5.5391 
29.8988 6.3623 19.2734 23.4601 19.9983 19.3818 16.4579 11.3927 3.8337 6.0008 
30.7907 12.958 29.1385 11.3445 17.5648 28.373 10.6825 7.2143 14.8257 15.0839 
29.1029 14.6141 29.4597 10.5253 17.4065 28.757 9.2134 7.2885 17.3873 14.7726 
17.5334 12.2997 17.2105 22.8006 8.0841 11.5937 15.8647 12.11 20.7134 15.0015 
41.6986 23.9024 38.2961 6.0991 22.5801 29.4847 9.6816 12.9596 23.0397 19.989 
30.8379 21.5662 36.3875 10.5759 9.0178 27.5713 6.31 12.1039 29.1212 21.6602 
30.9725 30.6447 33.1076 20.412 9.365 27.4186 15.125 21.1748 32.4766 33.493 
25.3237 7.2252 14.3129 33.4143 30.8408 15.0148 27.9044 20.9508 6.345 6.3857 
35.5804 20.0648 28.9553 5.8404 12.1019 25.3995 3.0281 10.1124 28.1619 19.6504 
31.0797 19.6404 29.4921 7.5634 15.3999 29.5927 6.9978 6.7106 17.4022 16.195 
28.3535 25.835 35.9278 17.0478 6.7433 25.7192 10.9289 17.1285 28.5109 24.0424 
13.711 6.478 7.1361 30.8191 16.5962 7.7201 20.2665 12.2226 16.7093 6.7599 
25.4629 19.873 22.9669 22.4143 5.3759 20.1923 15.2496 15.0198 32.7251 27.224 
32.99 8.8584 18.7067 29.3621 29.5542 23.2779 22.2581 18.5719 1.9009 8.4775 
22.0651 2.7397 14.6678 19.8382 17.617 16.6036 14.5257 8.7314 7.314 3.2644 
34.9595 13.3442 22.413 21.4736 25.4497 27.9462 16.6958 12.826 7.8645 12.5094 
23.2216 13.8133 20.9631 14.4909 7.1797 17.7285 9.6457 5.4344 16.5995 13.3567 
3.3771 19.5082 6.9039 41.6503 22.3951 5.5316 27.0548 25.3541 25.2485 19.1367 
22.8793 26.2367 26.8922 26.6851 8.866 22.1233 17.105 16.9415 27.8837 24.5951 
34.4426 20.2459 30.6836 7.7476 11.7369 22.4005 0.2605 8.1682 25.3507 21.4042 
15.4625 13.6999 14.6695 25.1159 11.347 9.4604 17.079 12.4897 23.3323 12.05 
30.7798 26.4391 29.1752 14.1057 9.2918 26.836 11.2016 15.8995 34.3883 25.0311 
25.079 20.5878 23.3714 21.1397 2.668 21.7263 12.2495 15.4742 27.4707 19.8955 
16.2999 5.7613 7.3065 28.007 20.4764 8.2676 23.7548 14.4657 15.1949 7.9492 
30.5943 9.1419 19.3435 26.1309 23.757 20.073 20.0628 13.4411 2.0828 8.5495 
27.1632 13.4653 21.0684 33.0784 34.5633 25.4067 24.2325 19.5051 5.9105 12.6791 
29.403 15.3142 23.9399 26.5328 29.1309 27.0325 26.9726 17.487 4.3039 13.1391 
1.7371 17.563 9.7041 34.6925 25.953 5.4518 34.1737 23.4802 26.2027 22.8582 
9.25 14.0807 1.1508 31.0925 24.0321 4.5876 27.7153 20.4325 17.8654 16.2146 
20.5477 14.2391 21.566 15.8538 5.076 18.7557 8.9621 6.6805 20.2079 16.709 
34.9262 11.4277 25.0579 20.5886 22.6122 23.0679 17.5977 10.4874 7.5807 10.2571 
13.519 12.2455 1.8651 33.7598 24.6798 5.8678 29.1283 23.729 17.5103 11.7927 
26.2325 10.0268 21.6509 16.7125 19.7979 21.3624 17.1143 9.5142 7.621 6.9716 
16.8612 20.007 22.6907 32.4539 10.3172 15.9501 22.9176 18.4502 31.3566 22.3031 
20.5779 6.434 12.4405 26.1664 24.9629 19.1261 28.7013 19.1764 6.4078 5.6022 
34.2393 26.8764 34.2276 1.1617 20.4877 32.3963 7.5567 15.5832 23.3577 28.7848 
36.2451 27.0144 32.5409 5.7593 22.8832 36.0681 12.5676 13.2444 22.8583 21.1398 
29.3317 17.0276 27.2299 10.6003 6.8682 20.1526 3.972 5.5577 20.9817 20.1996 
34.6534 19.8568 32.5211 3.5684 13.1483 26.9883 4.2541 10.5278 22.7262 21.0908 
10.314 16.076 12.2105 31.5262 12.9397 6.7397 22.9035 17.0416 26.3694 15.5082 
18.8752 9.2981 17.7621 19.0366 8.4906 12.0961 13.6292 6.0621 17.4214 12.2938 
8.7638 14.1742 11.9501 29.5434 13.7253 5.9738 22.9966 15.3639 25.2996 16.0391 
26.5282 20.8949 32.342 15.9626 4.7874 27.1786 12.5794 13.5304 34.4437 22.5953 
36.1801 26.8819 36.3457 5.4586 16.1461 28.6041 6.5522 14.1209 27.4322 23.2664 
17.0065 22.9678 25.4746 20.6984 5.6125 16.4125 17.6765 14.9067 25.6446 22.6139 
34.3466 22.322 32.5752 12.917 10.0554 26.0781 10.1164 16.4885 30.5789 24.8801 
31.6569 28.9792 29.817 27.8017 11.6958 23.7305 22.8187 21.1822 40.37 33.6127 
42.1904 24.4312 36.0433 1.4457 21.2336 31.4078 9.8422 13.5305 26.5505 29.2522 
15.7571 18.5676 19.1622 21.4908 6.2562 14.7572 14.3699 13.8242 24.8231 17.1388 
14.4055 7.286 5.3437 33.1952 24.407 7.9661 22.1646 18.4285 15.9079 7.2982 
27.5179 10.7039 21.654 25.3791 28.6775 25.8483 18.7509 17.424 2.4073 10.0369 
23.7596 30.5799 27.4269 26.7415 12.591 21.8718 22.844 23.2886 34.0027 26.7519 
37.8876 21.2477 27.6407 5.0841 16.2991 29.0774 4.4756 8.4319 21.0659 21.3522 
43.3041 23.1289 28.5294 6.7625 19.1159 31.9357 11.8164 14.1101 17.6118 20.228 
29.0928 9.8529 26.2731 15.125 20.8143 21.0695 14.0298 9.0649 10.4662 11.5102 
20.537 17.5371 24.4273 16.4641 2.2692 15.6096 11.8428 9.9049 22.7291 20.2638 
15.8551 15.1351 20.5431 19.759 5.8885 16.5186 15.0268 12.9448 21.9218 18.8663 
25.5252 3.1017 14.8777 28.1212 24.6722 15.331 17.986 13.9 5.5426 1.3468 
17.3178 20.0724 20.273 26.1242 5.771 15.5142 16.3854 15.2574 30.5567 19.2829 
13.5197 10.086 13.2775 24.042 11.0221 9.984 14.0781 10.3193 18.6754 12.0769 
12.7485 10.6406 2.5156 28.5383 21.4768 6.2316 24.9767 20.8527 16.8503 9.7588 
23.5446 18.2842 25.8706 19.3292 1.368 15.8578 12.6838 12.5709 25.9598 20.9698 
28.0343 21.7553 25.3415 18.116 2.6447 24.7421 9.7185 12.0485 31.7234 24.9581 
45.1662 19.5003 33.4635 7.5048 21.4724 33.7611 12.918 15.1029 22.5836 19.5236 
22.9306 25.2324 33.5869 28.9056 9.8232 25.1332 17.2198 22.8695 39.5316 29.8654 
35.8618 28.7575 38.3996 2.6272 21.3121 35.5654 9.9153 14.2524 24.9811 25.0538 
23.6788 11.6198 18.3673 13.3177 14.3168 17.5513 8.6846 1.1233 14.4586 11.0106 
20.0249 5.7352 18.7852 19.863 14.3662 15.5552 11.749 5.4931 13.2957 6.4422 
2.5505 22.2239 11.9187 33.1133 24.2628 6.671 26.5472 21.2044 25.1459 22.5633 
24.1102 13.589 22.0608 13.1078 8.2351 19.5122 7.2752 3.2477 21.7095 14.2429 
20.7166 7.7533 17.8463 19.5931 10.1866 11.0499 11.6668 7.3014 17.2113 9.2451 
29.578 27.658 29.7901 16.7284 7.1056 24.7445 12.0112 15.9904 33.7109 27.0091 
26.8918 32.6346 30.1857 26.8109 11.3658 26.4361 19.0122 20.4811 38.7046 35.9865 
34.1369 28.7841 34.5889 14.9506 8.0788 24.9873 9.1951 14.0685 27.4395 29.6125 
29.6173 13.5286 26.195 23.3129 28.1877 28.2194 24.9718 18.2481 5.0091 11.5741 
10.7791 16.3257 17.5618 28.7183 12.292 10.3525 22.6927 15.5229 30.3748 17.6222 
36.0895 22.3657 31.0016 8.4105 11.992 32.7331 5.4156 13.7601 28.0407 22.912 
22.5679 10.374 18.987 14.9518 9.7345 15.9535 8.9634 2.8035 18.5654 12.3526 
14.8094 22.9059 19.2302 27.5561 10.0901 13.5124 21.0532 20.2139 32.6486 25.7759 
14.2987 11.233 4.1843 37.7115 22.6971 9.0186 24.0618 23.1518 16.1094 10.8836 
22.7692 4.7239 16.6573 22.6164 19.8072 15.2074 17.205 11.9176 4.643 3.1615 
17.9098 12.5377 18.404 25.0475 8.8101 13.0308 13.6417 9.65 22.1308 13.3227 
15.6537 19.7042 18.6649 30.9674 9.0677 17.0682 19.2262 16.3442 30.9596 23.915 
3.3431 18.1887 10.2108 34.8462 22.9949 5.6439 31.6368 25.9076 24.2549 22.4991 
32.1915 10.8436 22.6993 24.0436 25.8575 21.0979 20.9301 15.3877 1.7149 7.6758 
15.5104 12.5025 15.111 22.912 7.5381 13.1959 16.211 9.4853 22.1729 16.7184 
17.3204 6.1141 15.3399 19.5232 13.7227 12.8926 12.8298 6.578 12.4432 7.0065 
5.5894 17.3033 5.5497 43.1496 27.8019 6.7301 36.5584 27.2725 25.8408 21.5894 
34.3114 10.1615 23.9301 20.2322 22.8448 21.6367 20.5395 13.4654 4.9636 10.1639 
18.8792 7.1894 16.9269 17.5327 13.9129 13.8738 13.9864 5.1801 13.0106 7.1701 
27.9111 24.524 34.3979 14.8709 8.6367 25.2235 11.795 15.0533 28.685 27.975 
21.8702 5.7604 11.3397 29.9791 23.8347 14.9415 26.2742 15.7429 8.0077 5.5584 
38.1716 21.4237 32.2702 9.2786 23.9971 33.8369 9.9685 12.6441 15.7525 17.1504 
23.0845 6.1031 10.6446 33.361 28.1939 16.3306 26.8343 20.7783 9.0668 5.9441 
30.891 17.7082 26.0993 6.2712 10.497 25.4104 1.2015 9.3934 26.5186 18.6709 
32.8404 10.8702 24.7707 16.9044 18.2184 24.315 11.2917 6.3833 10.9206 10.4431 
24.7614 5.71 19.6953 19.5259 17.1436 16.1882 14.9383 8.3223 8.5463 4.445 
27.9945 14.4352 27.1108 10.0617 11.2529 26.9115 3.6519 4.519 19.6522 14.5932 
15.8292 19.0149 22.4577 26.6511 6.4148 14.3391 16.362 16.2762 29.1815 24.2656 
27.2406 6.6873 16.9403 27.3678 28.4352 20.1945 24.7989 14.2258 2.134 6.3784 
23.4453 6.98 18.6756 20.8245 21.7218 21.9024 20.4474 11.8232 4.5567 5.327 
27.5323 13.1342 26.3535 13.9764 17.7342 22.4584 10.8779 8.3059 13.9141 14.5189 
28.8568 15.2339 26.7753 10.7625 14.9933 25.8301 8.1523 7.2214 16.8387 13.6696 
16.6882 13.8662 15.221 22.64 9.7962 10.5077 15.0188 12.3574 21.8851 15.2408 
39.1294 21.5401 31.1909 6.8602 22.1026 37.9225 12.6921 15.1156 22.4604 23.3696 
32.4983 23.9601 28.5254 12.3549 8.1712 26.6082 8.0055 12.4098 30.7914 23.3297 
28.4776 28.8191 37.6184 18.2205 8.7552 29.7135 13.9912 20.9878 37.493 28.0438 
24.3305 7.7167 12.5475 32.7445 24.0786 17.0877 23.7545 19.4756 6.7228 6.8629 
31.0652 23.3114 30.746 7.0074 10.5734 29.1362 2.7726 9.2585 26.044 19.7843 
36.67 17.0542 32.2384 8.3631 14.6385 27.8659 5.7973 7.0438 17.8651 16.8653 
32.3354 25.2634 34.0717 13.2128 6.2408 28.5521 9.8822 16.384 29.6926 29.509 
15.2215 6.0265 8.7911 31.4959 20.0009 7.3033 21.2226 14.7562 15.8825 7.4022 
21.5269 22.4132 26.8335 23.6344 4.7802 21.4797 18.0958 17.0382 31.7108 20.7405 
29.4556 11.0287 22.0551 26.1867 24.1792 21.639 22.5364 17.673 1.8832 8.7274 
21.6455 3.3572 16.9009 22.1013 16.5776 17.1813 16.0189 10.3581 9.4152 2.7736 
29.2809 13.2498 28.3727 18.1478 23.2306 29.3295 21.0456 13.1528 6.6696 10.7354 
19.7525 12.3776 21.1339 18.4806 7.6966 15.0732 10.165 4.9067 21.3782 12.4906 
2.5829 15.7396 8.0784 36.4264 22.4494 5.6314 29.1399 25.5786 22.7502 22.094 
19.1449 27.5311 28.7104 23.4808 8.9929 20.6654 20.7244 17.1017 32.7673 28.8506 
35.7196 17.5616 27.6334 6.365 9.9398 25.8439 0.254 6.759 21.742 19.6885 
13.4722 12.6525 12.0519 23.2589 10.9594 9.7165 14.9299 11.0853 22.3277 15.8069 
35.827 23.2257 36.7408 14.2773 7.5968 30.3781 11.7514 15.6687 35.6151 30.8747 
25.7666 19.6056 28.9802 17.8896 2.8902 22.9875 14.8447 12.7653 30.9824 24.1185 
14.2557 5.2438 7.6465 26.7257 16.4042 6.9916 23.5502 13.7144 13.9623 7.9911 
27.1884 8.4429 19.0693 26.7774 26.0103 24.6923 21.0083 15.7102 2.1912 7.5315 
34.9455 11.4646 19.6849 31.8126 30.8231 21.8452 30.8227 19.6564 5.5979 11.5986 
33.1209 11.7627 25.8112 26.8413 27.7429 24.0347 26.8238 20.3252 4.3772 11.4248 
EOF