I 100
J 10
bounds (0, 100)
cv 1.5
D 1
k 5
t 3
FLR 0.6
FCR 4
abounds (80, 120)

a 
121.0 114.0 108.0 
125.0 118.0 117.0 
131.0 115.0 114.0 
117.0 123.0 112.0 
116.0 117.0 90.0 
110.0 96.0 117.0 
126.0 106.0 98.0 
130.0 113.0 108.0 
101.0 109.0 106.0 
118.0 114.0 121.0 
112.0 125.0 95.0 
103.0 115.0 112.0 
124.0 126.0 126.0 
102.0 121.0 111.0 
91.0 127.0 119.0 
113.0 94.0 106.0 
110.0 109.0 111.0 
107.0 115.0 132.0 
103.0 118.0 121.0 
96.0 133.0 100.0 
96.0 107.0 99.0 
110.0 106.0 94.0 
111.0 129.0 122.0 
96.0 112.0 122.0 
117.0 107.0 122.0 
100.0 120.0 104.0 
131.0 113.0 112.0 
110.0 104.0 111.0 
112.0 112.0 102.0 
117.0 117.0 110.0 
97.0 97.0 116.0 
115.0 117.0 97.0 
118.0 110.0 100.0 
104.0 122.0 117.0 
115.0 112.0 121.0 
128.0 111.0 111.0 
97.0 104.0 99.0 
92.0 97.0 97.0 
107.0 100.0 121.0 
119.0 127.0 120.0 
126.0 112.0 110.0 
94.0 127.0 106.0 
121.0 118.0 104.0 
116.0 97.0 112.0 
101.0 115.0 108.0 
93.0 106.0 97.0 
93.0 117.0 111.0 
122.0 109.0 116.0 
104.0 108.0 118.0 
102.0 106.0 104.0 
115.0 90.0 109.0 
115.0 115.0 105.0 
135.0 123.0 115.0 
113.0 102.0 114.0 
126.0 113.0 107.0 
97.0 113.0 122.0 
119.0 94.0 113.0 
99.0 111.0 110.0 
120.0 100.0 118.0 
120.0 111.0 123.0 
118.0 115.0 123.0 
107.0 120.0 141.0 
109.0 101.0 116.0 
107.0 112.0 95.0 
110.0 123.0 126.0 
101.0 132.0 101.0 
120.0 118.0 117.0 
126.0 114.0 118.0 
96.0 113.0 88.0 
123.0 105.0 113.0 
103.0 121.0 106.0 
98.0 103.0 106.0 
115.0 105.0 112.0 
115.0 120.0 105.0 
105.0 107.0 112.0 
110.0 109.0 93.0 
124.0 113.0 127.0 
130.0 124.0 118.0 
99.0 124.0 98.0 
104.0 98.0 100.0 
120.0 108.0 116.0 
113.0 101.0 115.0 
103.0 88.0 116.0 
105.0 110.0 102.0 
108.0 92.0 93.0 
101.0 111.0 119.0 
116.0 109.0 126.0 
110.0 105.0 94.0 
107.0 98.0 130.0 
123.0 102.0 107.0 
124.0 135.0 118.0 
99.0 104.0 101.0 
110.0 117.0 117.0 
122.0 132.0 103.0 
112.0 137.0 112.0 
118.0 88.0 94.0 
104.0 114.0 100.0 
96.0 96.0 101.0 
102.0 97.0 116.0 
111.0 119.0 99.0 

Icoords
55.8631 12.589
67.9518 81.0135
35.3315 5.9796
99.3826 73.4751
95.1862 76.1908
45.902 8.1789
31.4874 63.863
92.8887 38.6235
93.7314 28.0991
82.9117 50.5799
90.9561 79.7828
58.0773 64.6175
86.4845 62.0067
33.6188 46.0029
87.9561 87.1148
59.4679 67.2519
98.1341 55.6093
24.8474 70.957
30.302 90.3382
25.8259 39.531
27.3972 69.5897
31.5423 69.3771
90.4574 4.2464
64.4454 49.8777
37.9219 17.2974
9.9413 78.5366
50.653 36.6909
51.0339 12.0778
47.3512 52.3412
66.3799 87.2706
16.3593 53.0027
89.5062 31.4015
6.1909 0.9933
57.5578 29.164
73.0074 95.9336
0.6129 92.773
40.6281 38.0329
62.4999 86.1727
71.0082 67.1736
21.7676 37.9621
0.347 92.6407
66.9861 56.8687
35.7511 22.9543
28.506 82.2552
25.3599 69.2988
40.8917 51.1276
87.4075 55.445
56.5311 71.4721
16.0737 44.2806
44.1583 15.4667
98.0065 10.6421
79.4187 93.9952
71.4041 83.0736
47.3391 95.2302
65.5877 76.3975
87.0317 55.9047
36.6773 99.8667
28.6629 62.2852
71.2653 42.1399
5.8815 26.7442
4.3691 56.9646
7.2501 22.4932
16.1591 58.0069
67.5628 92.2107
50.309 30.0496
13.3631 54.7804
19.2433 72.937
39.1186 16.0725
0.6356 90.8708
59.1586 95.5272
47.3118 69.3605
73.4162 68.8337
63.3205 47.7711
30.9056 29.078
48.5679 17.7844
93.7231 61.8178
54.0665 46.6202
74.5891 98.3534
60.9436 69.8141
30.0612 40.1032
40.4686 85.0505
66.4454 42.8203
25.4635 30.8314
56.9339 30.3712
78.6408 79.9493
46.4125 11.7996
97.7275 18.5803
0.0303 50.6495
33.9071 38.7297
56.9124 8.929
4.3568 21.5412
45.1516 5.6442
89.3186 49.0623
23.1275 55.2931
17.3172 12.7647
85.1249 12.6326
2.2396 17.5795
87.5227 55.4975
35.1732 56.1354
78.3917 29.9657

Jcoords
3.8271 62.8996
27.4501 30.471
21.2745 33.4293
56.1201 86.5193
75.9947 43.0462
87.7628 78.3224
21.0287 45.2435
83.9184 19.8414
32.5544 28.2843
59.6176 27.871

C
26.5563 13.1736 15.7449 25.8831 11.8983 24.7324 18.4589 10.8782 10.1724 5.7265 
22.509 22.9021 22.9563 4.6158 12.6869 6.0139 21.1405 20.4458 24.6223 17.477 
21.4818 8.2125 11.2534 25.9104 19.2137 30.011 14.5505 16.8705 7.3994 12.8823 
30.1011 29.5839 34.9083 13.7276 13.1216 4.4242 31.1902 16.7791 29.1151 23.2464 
33.1063 29.4199 26.9833 13.6217 15.2318 3.0778 27.6344 17.7911 29.2465 20.2978 
20.8667 8.9476 13.9606 27.1458 15.9544 26.7192 17.0022 12.7686 9.349 8.7688 
9.997 10.6691 10.7284 12.4299 18.8432 19.9933 7.0645 22.4278 12.3407 14.8782 
34.1643 25.1974 23.6804 18.3137 6.2449 13.1133 25.7987 7.4411 21.1739 12.626 
30.9459 21.5751 26.6635 27.5907 7.7216 16.2857 24.7545 4.0143 22.4154 12.271 
31.5751 22.8427 19.2896 15.9269 3.193 10.4965 22.7829 11.2379 22.0124 11.3698 
30.7518 28.7924 30.0199 10.7615 14.0935 1.34 28.0304 21.6245 30.7564 23.5517 
19.9252 15.4626 15.7939 7.7358 8.4406 10.6394 14.6288 16.6622 15.9758 13.4647 
27.3116 23.4655 24.1785 15.2583 7.1247 5.0505 24.3651 14.6373 20.182 13.1625 
11.4325 5.2827 5.5998 17.2358 14.6467 21.8428 4.3338 21.5786 6.999 11.506 
30.912 32.9126 32.9844 9.6894 14.1921 3.2496 25.1364 21.8426 30.6515 24.8834 
19.6845 16.3361 15.4275 7.0519 9.0068 10.8013 14.9137 17.9876 17.371 11.901 
34.468 26.73 25.9587 16.7692 8.1916 7.7604 25.1991 13.5829 21.7894 15.1224 
8.9889 14.6091 14.0084 13.12 22.1706 20.4288 9.4052 29.0593 17.1935 16.8257 
11.961 23.1589 17.6664 8.3386 24.3048 20.2645 16.3068 33.9575 20.7521 23.627 
9.9845 3.4259 2.965 17.1748 19.5937 28.6334 2.8966 22.1555 4.203 12.0574 
9.4673 14.9473 14.4977 11.7193 20.289 23.7206 9.286 28.093 15.9594 20.7476 
9.902 12.4091 12.2662 9.4451 19.1473 20.3175 8.7476 25.7363 14.6088 15.5891 
38.7925 21.6616 29.8617 34.5014 14.4223 25.3137 25.8337 6.6881 20.4697 14.6925 
24.1867 13.2515 14.303 13.2153 5.3271 12.3656 13.5662 12.0347 12.2936 8.3001 
19.6609 6.5951 8.0949 23.8127 14.9102 30.721 11.8898 15.8239 3.6989 9.6323 
5.6599 17.5412 17.9107 16.4773 26.4769 24.8174 11.6045 32.6269 21.4196 27.0342 
17.3917 8.8473 10.0057 17.3992 8.9013 17.1159 11.1959 14.8262 7.8765 4.4808 
22.1617 9.9445 12.2443 29.7267 13.7026 29.821 15.3047 13.4309 8.0718 6.2805 
15.944 10.3908 11.9444 14.0223 11.0518 18.8664 9.6264 14.6865 10.5375 10.0074 
25.9065 22.9786 21.0995 3.94 15.3287 7.0768 22.3146 25.7232 23.5133 22.6937 
6.1065 8.4682 7.0069 19.7298 22.3282 28.9478 3.396 23.0217 11.5073 15.1087 
31.6669 23.6274 22.8404 21.2912 6.4516 18.2789 26.3382 3.8994 21.9935 10.1846 
23.5849 14.0579 11.8082 30.2547 25.7353 33.9111 16.181 30.1285 14.108 22.0267 
21.2345 11.726 12.0851 19.9716 7.5883 21.1169 14.4081 9.5905 9.4596 0.7566 
24.0797 29.0945 32.3896 7.2542 21.0351 8.3516 25.571 23.7914 24.2614 21.0529 
11.0238 25.0995 23.162 21.8183 31.0201 32.7211 18.0119 37.0246 24.9721 27.095 
16.2114 5.3208 6.5868 19.5817 12.0841 21.5972 7.2195 16.1486 4.1277 7.4778 
21.7638 23.7711 23.9456 2.2215 16.8327 9.5712 17.5734 24.466 23.1046 19.8234 
24.5707 18.5745 19.8093 8.4024 9.2784 6.3393 18.4969 18.1968 21.7341 13.2376 
9.5418 3.0821 1.7431 22.662 16.748 23.8651 2.1971 24.879 5.1214 11.9592 
10.9385 22.1095 23.8706 17.1747 30.8453 32.1105 17.541 44.2888 23.8926 30.4915 
19.662 17.8366 19.9781 11.6337 6.5089 9.6166 14.3874 14.6005 17.314 10.0768 
18.4443 3.6014 5.9021 25.3779 17.8527 23.7318 9.6192 16.1745 2.0348 9.4474 
10.2371 18.4338 19.2893 10.7714 22.1454 23.1135 11.426 26.4577 20.9075 21.4466 
7.7949 12.1824 13.3467 10.7873 19.1355 20.681 9.1951 27.5708 14.1745 19.9547 
14.8634 9.7372 8.6898 11.9324 13.4971 17.8499 7.5262 19.2048 9.2892 10.8894 
27.4812 20.6154 27.776 15.5044 5.4718 7.1752 22.3905 14.3097 19.1768 12.4805 
19.4364 19.6092 17.0386 5.4687 12.2094 10.625 13.5996 21.157 16.1034 15.5696 
8.3749 5.373 4.7519 19.2542 18.8432 28.8477 1.5244 27.0133 8.8654 14.5696 
22.5573 7.9429 10.857 27.3583 16.1703 25.046 12.9214 15.424 5.3823 7.0105 
35.0153 28.8615 25.9583 28.3154 13.0016 22.5341 32.1721 5.3505 24.2817 12.9179 
32.6133 30.7611 30.0906 9.7165 20.4 5.5557 22.8808 22.3911 31.7677 25.8638 
28.2025 20.8595 28.2065 5.0152 14.3593 6.5532 20.2981 20.2594 25.2138 22.0425 
17.1787 21.5089 21.1345 4.5653 22.742 14.9373 21.731 31.3643 21.7949 23.793 
24.1241 22.6729 19.4494 4.5972 11.4734 8.5784 16.3327 19.5718 20.2398 15.4011 
30.1094 20.439 25.0033 16.28 5.1566 7.0743 22.4444 11.8764 22.5565 13.2569 
17.0468 23.5992 23.522 9.2919 20.9572 20.1368 19.5917 32.7853 24.6293 23.258 
8.9983 12.5471 10.4105 13.8908 16.3291 23.0619 6.9372 22.8535 13.1347 17.8485 
27.2366 14.4778 19.4603 17.1017 1.5617 12.749 15.6584 8.1504 13.4161 5.9108 
11.5956 7.7616 5.387 26.8294 24.4312 33.5316 8.538 30.1929 10.6709 17.2262 
2.3356 13.1344 11.2955 22.5272 24.7572 29.5961 7.6244 29.1271 15.3568 19.0444 
15.5716 8.4224 6.4059 29.8744 23.4268 31.1562 9.7799 24.6789 8.8285 18.4882 
4.6302 9.9342 9.7028 16.9214 22.2224 24.8894 4.6501 27.9888 13.4522 19.2501 
22.6803 26.2551 24.7126 5.0494 15.1044 7.4375 21.3092 29.3736 24.9193 24.0124 
21.1793 8.1414 10.8591 17.6094 9.799 18.9345 12.3935 11.1067 5.3687 3.4435 
4.2958 10.9575 8.9644 18.0676 19.7536 23.9179 4.679 25.092 11.5194 16.3695 
6.9169 15.8042 12.8926 15.35 23.9185 21.3203 10.1263 28.6765 17.4496 20.2394 
17.7024 6.8961 9.7432 23.0235 16.1143 27.6033 13.2837 15.6095 5.0147 7.5473 
9.7859 23.9159 23.7616 20.609 34.3001 29.6296 18.0268 37.5006 24.0275 30.3607 
21.9555 24.5848 24.7176 3.4395 21.4785 12.9213 24.6113 24.1686 25.9031 25.6694 
16.6221 14.751 14.8074 6.2897 15.3676 13.9833 12.1853 23.2713 16.1711 15.1855 
24.5703 20.5359 21.8069 7.5968 9.3998 6.7495 21.3729 15.1318 19.9181 14.653 
20.9513 14.7788 17.1168 14.3734 4.6923 14.5625 13.6846 10.6089 14.0501 7.4328 
13.964 1.2012 3.8923 21.2222 17.7814 27.447 5.8025 17.3434 0.5914 11.495 
20.256 9.667 11.813 26.6568 12.4094 22.4361 12.503 11.0728 6.4762 5.4683 
32.7065 22.1477 29.8098 15.4453 10.1395 6.2382 26.8043 15.7941 24.9871 18.1029 
17.7973 9.7289 10.9607 15.0699 7.9494 16.4195 12.8629 13.5949 11.0097 7.6807 
26.2372 27.5206 33.2593 7.1421 20.4648 7.4705 23.624 29.5621 32.0468 23.5836 
20.5107 17.7897 19.0229 6.23 9.9068 8.7139 14.816 18.2053 19.6042 14.5322 
10.8783 3.8113 3.3157 17.0977 15.3779 23.4141 3.6832 17.608 3.6829 12.424 
16.9425 16.9678 16.6875 5.6357 20.5145 16.9872 15.3057 25.5215 17.2347 19.8329 
21.2072 15.5394 15.5389 17.3682 3.5715 15.5496 18.0925 9.4715 11.7858 5.2229 
13.7834 0.6949 1.5601 24.2641 20.7375 25.7022 5.8974 22.2451 2.4984 11.7382 
23.1484 10.1366 11.9862 19.5921 8.2863 19.5703 13.4973 9.1272 9.4351 1.1928 
25.9968 22.9245 28.6347 7.6689 14.3218 3.3904 26.6947 20.1352 27.1463 19.7935 
20.2749 8.7793 10.4396 28.926 14.8535 26.2082 15.4173 15.2436 7.8821 7.69 
36.2796 21.5254 25.1714 29.2379 11.6761 18.7153 24.8638 4.9393 25.6977 11.9914 
4.222 12.021 10.6981 23.6487 29.3543 32.0413 7.1142 31.7072 12.2797 25.3767 
13.9995 3.9805 5.0085 16.2157 15.2649 22.4526 4.5951 16.8931 4.0235 8.6938 
26.1931 12.1756 13.3937 30.642 13.4278 25.1976 19.4562 9.6033 10.1891 7.3762 
13.1365 8.9036 7.7476 31.1451 25.2586 30.8449 8.9602 24.0808 9.6372 17.7768 
24.7421 11.0805 12.2801 28.2879 18.6935 31.1383 17.8564 12.7817 9.4826 10.1411 
30.2162 23.4697 22.5159 18.5992 5.5246 9.5786 23.5763 11.4821 21.2836 11.7448 
6.3107 8.5842 8.5904 17.6619 18.5648 22.6705 3.5234 23.589 8.9825 17.7241 
16.9461 7.9073 7.3009 29.9854 21.5523 38.1844 10.6014 23.81 7.3295 15.2403 
30.3954 21.6186 21.4147 28.3848 10.9712 25.2518 25.6737 2.2731 20.8982 9.2257 
13.8402 8.6022 8.2731 29.9416 27.5049 38.0366 11.2062 24.8726 11.2201 20.91 
31.6596 25.6925 24.6001 14.4475 5.8932 8.0325 25.7346 11.0846 23.8903 15.4988 
11.1659 10.1523 10.3214 11.6065 14.4896 18.5733 6.3679 20.7722 10.8064 14.7269 
30.3558 15.6093 19.8046 23.6985 4.685 18.3283 23.3592 3.4938 14.7191 6.1451 
21.8154 13.0695 13.1402 24.8777 11.0988 26.4056 16.6206 9.6263 9.0399 5.898 
21.4028 25.0135 22.903 4.7293 13.8279 6.3318 20.9576 21.7988 20.1259 18.6981 
25.2161 9.0281 11.2472 28.4557 20.7158 28.099 14.8974 16.0166 7.4511 11.1396 
29.082 28.7375 34.2324 16.9584 12.3771 4.1296 27.8255 19.0062 32.0596 22.7382 
35.165 30.3679 31.62 12.9873 13.1828 2.6028 27.5701 17.9176 30.9103 20.2318 
22.0471 10.056 10.6556 26.1661 17.6769 27.7647 16.2032 15.9021 8.0893 7.8569 
10.8992 11.6109 12.3559 11.7772 16.7599 19.697 7.1884 21.1134 12.6682 15.2711 
36.5274 19.9548 28.046 22.6491 5.2582 12.1967 27.242 7.2309 19.7598 13.8288 
33.4235 22.9613 25.9661 21.9628 8.32 18.8955 24.7993 3.9604 21.6201 11.7866 
29.0619 18.6246 21.3625 13.6542 3.5612 11.1274 24.4227 9.2327 20.2831 13.0094 
33.858 28.6798 26.5049 14.0471 12.963 1.2487 31.1657 20.8701 24.683 19.5557 
17.9333 14.2195 15.133 7.7753 10.1372 10.9141 16.1715 20.6688 14.5816 12.6482 
27.0967 24.5564 22.6905 14.5871 6.622 5.0472 21.3583 16.8171 21.6513 14.4309 
12.4189 5.5434 6.3645 15.7806 14.8974 24.8316 4.3023 20.5297 6.0618 10.1874 
31.6124 30.8157 33.2412 10.0619 16.8543 2.86 30.7811 22.1391 30.7242 20.3782 
17.3627 16.3849 17.9426 6.9463 10.2408 10.297 15.3079 18.7878 17.9962 12.539 
32.1033 23.4441 28.2786 18.2349 9.5484 9.9601 24.958 12.3512 25.7111 14.8471 
6.8481 14.3414 12.8247 12.0651 19.9507 22.5445 9.166 25.6378 14.106 17.562 
14.0352 20.8394 17.7241 8.0646 21.7402 19.8184 16.5462 29.0064 23.3166 24.9656 
11.3934 2.7834 2.5265 17.1412 15.4798 26.3752 2.7011 19.9657 4.2345 12.8653 
7.9016 15.2289 12.5832 13.2997 17.0441 20.3354 8.3927 24.5014 15.8512 16.9945 
9.3868 12.6242 11.4923 9.553 19.8344 21.0632 8.9634 22.586 16.1462 19.4776 
35.7272 22.0233 23.0214 30.4272 12.6666 28.9162 31.2036 5.5432 23.2408 13.3134 
18.9724 12.8881 14.0489 11.934 4.3677 11.2622 14.4351 13.3735 14.7161 8.0838 
19.5129 6.2148 7.3137 25.8383 14.2805 28.9087 11.5338 17.4363 4.5867 8.7779 
6.6622 17.2086 16.1573 16.0742 29.1763 25.3621 12.1449 30.3794 16.8899 21.4216 
19.7528 7.3027 9.5742 15.354 8.64 20.4398 10.2061 13.193 6.1863 4.5135 
27.2461 11.8975 11.7498 26.7943 12.1514 24.4355 14.2313 12.103 8.6175 5.6064 
14.2376 8.933 11.6223 13.2354 12.0215 17.2618 10.5261 16.6923 8.6989 9.9964 
23.2682 23.5364 26.6483 3.9822 16.7815 9.2417 21.7087 22.79 22.9013 19.5192 
4.821 7.8103 6.1532 19.1318 22.5821 26.2659 3.2402 25.2117 10.1863 15.679 
32.7167 23.224 25.407 21.5039 6.7531 18.016 24.6195 4.8278 20.636 9.2757 
22.8848 11.0631 14.0117 35.8699 31.9776 38.6881 16.1997 24.6899 13.3415 18.3845 
19.4264 10.2945 12.297 22.0027 7.3391 17.9263 15.8728 9.8281 8.2637 0.9706 
24.4554 28.2651 28.6573 7.6563 19.9015 8.4435 22.2385 29.4798 25.7826 25.1387 
10.6843 25.9474 22.8918 21.9356 33.052 32.35 18.193 38.6965 27.973 28.7177 
17.2329 5.1658 7.8321 19.4952 10.9625 23.3458 6.9814 18.3556 4.2087 8.1907 
21.1263 20.5003 25.2175 2.2867 14.022 8.7644 18.3658 25.2397 19.8197 21.3295 
21.2721 19.07 19.9234 7.5821 9.3055 6.448 17.1433 15.3856 20.3449 13.5731 
10.9272 3.3426 1.5293 23.7861 20.1629 28.7386 2.2381 23.9015 4.4026 15.4808 
11.1122 23.6084 21.4716 20.8217 33.559 32.1902 20.0025 33.5823 23.1082 35.0481 
19.1862 18.7683 18.5243 10.5158 5.3193 11.8744 17.1653 15.2478 13.7071 11.8899 
19.646 3.588 6.4167 22.7613 15.3968 23.6331 10.2255 17.0385 2.0926 7.5516 
10.1838 16.7246 16.0119 9.2905 22.4533 20.9459 12.0679 26.6914 20.3392 20.6509 
8.4935 15.4719 12.5525 12.4759 21.6337 22.7617 9.0094 27.3025 15.6736 17.3529 
14.0817 7.9431 8.4203 14.668 14.3292 20.6244 7.7934 20.854 9.3962 9.8294 
30.3762 20.0373 27.5599 16.6421 5.7886 8.5572 23.6195 10.9398 23.9144 12.6332 
19.0466 17.8197 18.4961 5.2233 13.1499 12.0287 17.1617 22.4194 17.3136 14.1708 
7.7108 6.5199 4.2357 17.671 19.6283 26.8558 1.5703 25.5566 8.7092 17.1336 
19.7369 8.0731 9.5711 23.3306 14.4349 29.4294 14.2373 12.268 5.5328 6.2792 
38.0526 22.7125 27.5432 26.946 15.1757 25.9567 25.3275 6.7235 20.6889 15.1901 
25.9517 25.1063 26.4384 8.2924 17.9183 6.6761 27.2699 22.8665 28.4262 21.0734 
26.1715 25.5483 26.224 5.7735 14.3472 5.8974 22.881 24.2945 23.5548 21.9353 
18.1111 22.0034 25.9571 3.7143 22.6527 15.7654 18.9969 29.7973 26.1073 26.477 
24.2126 20.0044 24.0047 5.4703 13.8946 8.1154 20.6279 23.5254 20.946 18.2173 
26.5941 21.5274 25.2882 16.7934 5.5836 7.8212 23.1063 11.7497 24.2607 12.1198 
18.9804 26.0564 20.985 7.8721 22.3875 16.788 19.7394 27.8786 26.4792 23.8323 
7.6095 12.6108 10.4105 14.2058 19.7166 21.2432 6.3471 25.8774 12.6146 16.108 
22.5725 16.8311 18.5368 17.1767 1.9238 13.1109 16.8614 9.9656 13.7286 5.5332 
13.7359 8.2234 6.4258 28.1724 27.4113 31.7026 8.2177 29.1901 9.6289 17.7798 
1.9685 11.8449 11.1187 18.4389 24.7718 31.5761 8.0684 28.8813 15.2925 18.9008 
14.6917 7.0389 7.0319 27.0231 26.957 31.4697 10.1815 28.7448 8.7921 16.9721 
4.682 8.9342 8.189 15.5567 21.1369 27.74 5.0244 25.7569 10.5025 20.4294 
21.635 28.8762 28.5359 4.8577 16.1469 7.641 22.5456 22.7035 27.2735 23.4744 
20.2003 7.5676 10.2658 19.8234 9.2578 23.2175 10.9519 12.5328 5.3526 3.3938 
4.1042 9.4965 7.0814 16.6991 19.932 26.774 4.5126 30.4379 9.8312 17.1187 
7.0567 15.5793 15.3018 12.5873 21.9686 24.1589 11.0227 25.3293 16.4572 20.5601 
21.1796 6.5811 7.9932 26.7339 18.2068 30.7239 13.4896 15.2048 4.3187 7.9589 
8.7752 23.0833 19.3243 18.0544 32.0242 28.8638 16.2776 37.7633 24.716 31.4653 
19.9835 27.8416 25.7506 3.2379 17.3614 10.775 23.9613 26.0718 24.7822 21.6234 
13.492 15.5894 13.911 6.0332 12.6428 12.8397 13.951 23.9795 15.0887 13.3939 
26.5398 22.6793 23.1241 8.9153 9.8844 5.6659 22.3151 17.8976 17.6845 17.1903 
18.4283 13.5642 15.0022 13.8728 4.4407 11.9998 16.9046 13.2186 14.4034 6.1089 
13.7863 1.1304 3.8321 21.6425 15.1381 26.3413 6.3046 17.6017 0.6957 8.9977 
19.9637 8.7259 9.7241 26.235 11.8613 28.3787 15.2798 10.7116 6.0874 4.617 
30.7197 22.2284 28.3625 14.5095 9.0783 6.698 28.7279 17.1477 24.3663 14.5324 
15.8486 9.8067 13.6222 12.469 8.7604 16.1604 11.0641 15.0466 8.8586 6.6189 
24.6701 29.5619 30.0754 7.2715 16.9571 9.3046 24.8309 30.9141 27.9286 23.1512 
22.6222 16.0898 20.2987 6.3673 12.0134 10.8551 14.3004 18.7718 19.6847 15.5435 
12.55 3.2784 4.0461 17.0605 16.929 26.5217 3.4961 18.0914 3.7203 12.0625 
14.0224 18.0564 20.3884 5.8448 18.3524 18.7212 17.3657 28.7812 18.9885 22.3233 
20.7272 13.711 14.8053 14.3059 3.1483 14.9782 17.0555 9.8756 12.3648 4.9403 
13.706 0.7311 1.8312 21.8167 20.202 26.6109 4.9972 21.4541 2.9249 10.672 
18.8512 11.6137 11.4815 20.6591 7.4417 22.5974 13.369 9.808 9.719 1.3982 
26.1886 24.626 22.4824 8.7645 14.3662 2.7825 21.6168 19.2361 21.7461 18.7955 
25.3702 10.2722 10.685 26.0251 16.3982 27.6651 14.6825 15.3395 7.6517 7.8917 
35.3451 25.638 27.1262 28.1226 10.7795 19.8419 27.9495 4.4512 22.9369 14.3881 
4.7478 10.4993 10.7473 23.0695 27.8274 33.3752 7.0492 29.6875 13.9375 20.2542 
14.5783 4.1189 4.314 18.7927 14.5499 21.6037 5.2244 16.7114 3.2851 10.5582 
28.7442 11.807 14.7732 23.9301 13.6193 30.2173 19.8084 11.2607 11.2002 6.3813 
13.4219 9.5275 6.8916 32.2666 29.4697 34.0333 10.7307 29.8026 11.2985 16.8201 
23.8594 9.7907 11.2287 26.8678 16.4295 32.7053 15.9414 13.4382 8.0447 8.7913 
29.9564 21.7901 24.4289 16.457 5.2498 10.317 22.6051 9.0781 21.8095 12.657 
6.7795 9.2141 8.6145 13.6326 21.034 27.1923 3.12 27.6707 10.9964 14.2505 
18.7944 8.1236 7.6018 28.3686 23.4606 37.9438 9.9215 23.1469 7.3078 17.6434 
33.1673 19.8679 21.8378 30.3851 11.4189 24.4892 23.5091 2.586 18.6 10.6668 
17.9442 9.0864 7.9362 29.0754 24.415 35.047 10.0826 28.1736 11.7763 23.2126 
29.6095 25.6795 24.4325 15.423 6.7297 8.6877 24.7658 14.2133 19.1551 14.4229 
9.6876 10.1309 10.1111 11.1489 16.1915 20.5939 6.575 21.5501 9.4328 14.57 
31.6682 17.8406 22.3166 22.7746 4.8752 19.4168 22.7715 4.5954 17.7739 6.3416 
24.3487 12.6264 12.9787 22.5341 12.1466 28.8168 18.5687 10.1305 9.1664 5.1364 
24.1948 21.108 26.4224 4.454 12.5472 7.0835 21.7305 20.0665 23.7967 20.0052 
23.2839 9.9028 9.4061 31.001 18.9881 30.9402 16.4059 16.9311 7.5388 10.0214 
38.3017 28.2262 31.6167 16.7912 12.4231 3.8614 26.1015 21.1218 29.7121 21.3163 
35.0081 31.0298 33.7974 15.7795 14.4735 2.4205 26.863 20.6874 25.9899 19.2838 
27.3138 10.4842 11.0965 29.192 16.7005 32.5106 15.0204 14.9278 7.2784 8.1329 
10.9823 11.7185 10.7444 10.3281 14.7945 20.5918 6.7933 22.866 10.9489 14.1199 
36.6844 23.6015 22.2085 24.0258 6.3462 14.102 22.7101 8.1384 18.9518 12.3882 
29.1142 23.3393 21.883 27.5281 8.2319 17.6563 23.6714 4.7594 19.5278 13.1921 
25.116 22.9607 22.5973 16.689 3.9315 9.4432 24.7954 11.9606 17.2982 10.1694 
27.8053 25.3672 26.7141 11.0808 15.22 1.1682 25.3475 21.6969 28.0934 19.5011 
18.1612 17.5634 18.9055 8.136 9.8876 12.6764 16.1255 20.4361 17.0503 13.3654 
30.0312 22.495 25.6238 13.8418 8.1713 5.5365 22.6759 16.1538 25.1623 13.9965 
11.3983 5.6052 5.4993 18.4779 16.1292 23.6588 4.1131 19.7473 6.0689 12.1273 
31.1834 25.909 27.6425 11.6317 14.6076 3.3234 26.0364 23.4735 26.6918 25.3562 
18.652 17.3797 15.4887 6.1367 9.0186 11.3452 14.3911 20.8468 15.5193 12.1964 
37.2584 28.3505 24.5347 20.3317 8.7109 8.0475 30.5595 15.007 21.555 18.668 
7.6292 12.2642 11.984 11.604 21.5996 24.5716 9.0438 23.5599 17.2802 17.6894 
14.4432 20.1682 21.7402 7.9315 20.4644 18.2334 16.6797 34.0992 22.3541 22.7575 
11.3517 3.1359 2.445 21.1665 18.095 22.5677 2.4855 23.6828 4.553 11.9966 
7.8796 12.7723 14.373 11.9727 19.4473 22.6105 8.1309 26.9184 14.4401 17.5691 
8.7948 14.1852 12.9204 9.0945 20.5629 21.2853 9.7163 24.655 15.2501 17.2578 
41.1569 24.4051 29.0283 29.8923 14.6211 29.1904 29.7039 5.3707 20.3067 14.9295 
22.959 13.8489 15.0468 12.43 4.2134 11.9831 14.5748 13.5453 12.1434 8.9962 
22.246 5.9136 7.4111 22.4242 14.0783 24.7564 11.9943 18.0121 4.3788 8.9227 
5.5021 19.5771 14.19 15.1135 23.7325 30.0081 12.9555 29.3689 19.0391 26.424 
18.9532 8.1795 10.056 18.0358 8.6113 19.4694 11.4025 13.2079 6.771 3.9124 
24.9085 9.0622 12.8926 28.4955 15.7749 24.443 14.2089 12.8565 7.4254 6.1762 
16.5217 9.1074 12.4502 11.39 10.3532 16.7093 10.4797 15.5378 10.8962 10.2702 
22.8453 21.0368 22.6588 4.1129 17.8179 7.6655 22.4197 22.5949 23.3161 18.9154 
5.5077 8.6917 7.6688 16.23 21.6147 27.6144 2.772 24.2108 9.6633 17.2499 
34.7433 24.7259 26.5743 20.3826 5.7061 15.0438 27.938 4.3591 21.2406 9.9047 
19.9855 11.8954 14.1727 32.9583 24.9856 41.3182 17.0818 28.5849 14.218 18.5221 
24.1974 9.6014 11.8952 20.8667 8.1353 22.167 15.6613 10.3733 9.8725 0.8964 
30.3737 28.8632 26.1096 7.4301 20.6696 8.5492 24.6779 26.7817 28.9749 24.8126 
10.1164 21.0157 22.056 19.6454 34.7227 33.1009 19.3258 42.9813 22.0934 31.2176 
17.7392 5.9194 7.5098 19.7853 11.9627 22.5335 7.2717 16.4491 4.7657 8.195 
20.5203 19.9212 25.0033 2.4004 17.3388 10.3675 21.856 21.5175 25.314 23.2908 
23.2715 18.5175 20.5184 8.7807 8.7586 7.7763 17.3998 19.3056 21.2255 16.147 
10.0824 3.3727 1.7426 18.8195 21.4319 26.5881 2.7102 20.1078 4.4113 13.6476 
10.0762 21.2143 23.1735 18.2407 30.8634 34.5553 16.3309 38.4257 22.9643 33.4854 
20.3155 14.8416 15.9044 10.6863 5.6707 9.0701 16.696 15.8545 14.074 11.2676 
20.3874 3.5342 6.9832 23.4155 13.5436 26.9908 9.1918 16.5221 1.9099 9.0672 
12.4828 18.7032 15.2271 10.2042 19.2695 19.0692 12.1094 30.7644 19.9387 23.3513 
8.7046 12.229 13.2095 10.6181 17.2191 24.1678 7.6162 27.7011 14.8491 21.4008 
14.5251 9.1088 9.1918 15.0455 13.4071 18.0775 6.5795 18.7952 9.4764 9.498 
27.6071 23.2264 23.7542 14.8429 5.8172 8.4474 21.0003 13.4296 18.8218 12.9895 
18.6941 15.4521 15.9857 5.1947 13.0397 10.0399 14.3544 20.2394 17.0173 16.5618 
7.1358 5.6181 4.1214 21.4194 23.5539 30.0461 1.6355 22.4774 9.1708 16.7659 
19.7929 7.1254 10.8017 26.0398 14.3549 24.3728 13.9432 15.668 6.2607 6.1959 
38.5696 27.4177 28.2636 31.8689 13.601 24.7177 26.4584 6.1901 25.8002 16.7175 
31.003 26.994 31.711 8.9482 18.2196 5.6267 28.9662 28.728 30.3471 26.6576 
27.8781 25.8979 22.259 5.2173 15.6324 5.9076 21.64 19.5439 22.5272 17.476 
20.1981 21.7731 22.4559 4.7446 20.2416 17.3604 17.7712 29.5795 24.407 22.2319 
24.7816 20.5238 18.5482 5.4135 13.7653 7.5011 19.9374 20.8203 22.8836 16.1443 
25.9429 25.3042 21.9387 17.211 5.3006 7.4264 21.6488 12.0465 18.6841 12.6413 
15.3011 26.0074 20.8077 7.0939 26.1671 21.9664 19.1769 29.4306 27.8917 25.6533 
7.4977 11.4582 9.0105 13.6418 19.6399 24.1703 6.9092 25.3479 12.5803 16.1867 
25.9454 17.1485 17.1616 15.92 1.8063 15.3656 20.0474 9.9707 14.6907 6.9164 
13.993 7.2953 5.382 23.5733 25.9572 36.367 7.4621 29.0726 9.2308 19.1934 
1.9536 13.8653 11.1825 18.9991 24.1953 30.7496 7.494 27.5119 14.1223 22.5223 
15.5595 7.6557 5.4402 26.3626 26.8063 35.0262 9.2692 29.4505 9.2075 18.3145 
4.2176 10.4282 8.5179 16.617 24.1036 27.6358 4.84 29.622 10.7061 19.8794 
23.0802 23.7224 28.1094 4.919 19.5539 9.325 20.9324 28.2607 23.8187 25.4257 
19.762 7.6087 10.6341 21.5264 9.9314 19.6799 11.6645 13.5198 6.8103 3.216 
4.1342 10.1118 8.0924 19.5107 23.1691 28.8029 4.2054 26.462 12.0625 17.8465 
6.7274 16.3664 12.4416 15.1457 25.1372 22.6537 8.9691 28.8187 14.2579 23.0832 
22.6103 6.8646 9.0387 26.7774 18.216 28.6303 12.81 16.4816 5.4292 9.061 
10.8782 23.982 20.3497 18.2604 34.916 29.1719 15.6829 43.3128 22.6575 32.7943 
23.7669 25.598 26.9726 2.9765 19.2187 10.9285 23.936 25.156 28.5715 25.2161 
17.1276 13.5021 14.1329 6.4324 11.8838 15.0232 14.2435 21.9782 17.0266 14.7701 
26.3443 21.3082 19.2984 8.6333 9.4257 6.8304 21.9359 19.1252 22.3014 14.2511 
19.7236 14.3886 17.6677 13.2344 4.4001 13.5844 14.9853 11.6535 11.2714 7.6635 
16.5289 1.2742 3.8004 21.4104 16.2379 27.5223 6.4902 19.808 0.7065 8.627 
22.4989 9.1497 9.7178 26.0898 14.8443 26.6118 15.5481 10.8533 6.0262 5.389 
28.7328 22.8442 28.0512 14.1091 8.456 5.5381 29.1753 16.514 27.5961 16.4187 
20.5171 10.3204 12.6926 15.1458 8.4738 14.1109 12.185 15.6602 11.2556 6.0284 
30.8198 24.9586 27.7735 8.66 17.9641 8.8587 26.9429 25.4824 26.5804 22.2794 
17.6053 19.9649 18.8184 5.3693 11.3716 10.2614 14.1457 17.5178 15.6904 15.3798 
11.3718 3.0638 3.6633 18.4658 16.1833 26.5217 4.0843 18.3676 4.4233 10.2584 
16.2189 16.9735 19.2154 5.1625 18.8971 18.2961 13.9989 24.3461 18.3867 19.5435 
23.9823 12.5739 16.743 16.0122 3.0729 15.9513 17.4148 9.4686 12.4754 6.1975 
12.1083 0.6915 1.5966 23.2025 16.3966 27.1436 4.9625 23.286 2.8051 13.2638 
23.0363 11.7789 10.8087 21.4789 9.1241 17.7632 12.277 8.994 9.6431 1.1891 
26.9866 21.9847 23.1176 8.1733 11.5507 2.903 20.6146 22.1867 24.7647 16.8716 
25.7161 9.1731 11.4876 27.3512 13.3001 25.9419 15.602 12.3783 7.839 6.5002 
35.7708 26.1584 26.0125 29.206 12.36 23.8393 31.6279 4.7729 25.8756 12.3052 
4.44 11.7283 10.4164 22.1108 23.0101 36.0246 8.0813 28.3113 12.252 21.7406 
12.1164 4.1828 4.1742 18.7506 15.4087 26.4097 5.4769 18.6413 3.7896 9.679 
24.8456 13.5771 13.3461 28.2676 13.6545 29.306 18.8231 9.4111 11.6047 6.5133 
13.1737 7.9008 7.3382 27.2821 28.258 39.5626 11.2437 28.2827 10.246 20.4022 
21.4163 9.7419 13.8114 31.0384 18.5141 32.2167 17.6385 15.6469 8.8012 9.3031 
31.6018 24.7488 25.4831 17.5281 4.3945 10.6745 24.5954 10.1212 21.3984 11.307 
8.1881 7.982 7.2738 14.9272 18.1795 23.1303 3.8068 24.6517 10.3613 16.268 
19.9729 7.891 7.8311 29.102 19.9148 29.437 12.3961 25.4241 7.6449 17.3918 
35.7767 19.6385 23.6778 24.3922 10.4885 20.6761 27.2918 2.6737 20.0316 11.0828 
14.6292 9.2337 8.605 29.5042 25.9053 36.8198 10.1428 32.3 10.7539 18.823 
29.5338 20.0958 23.4479 14.3504 5.5436 8.0188 25.304 11.2316 20.7621 12.6166 
11.9837 10.0317 8.4605 14.0496 14.6825 18.5162 6.0501 24.0296 8.4817 12.369 
25.3345 19.4454 20.7201 22.3066 5.2754 16.9146 18.1412 3.5734 16.5171 6.5985 
EOF