I 100
J 10
bounds (0, 100)
cv 1.0
D 1
k 5
t 3
FLR 0.8
FCR 8
λbounds (80, 120)

λ 
94.6243 89.7885 94.0029 
93.8525 102.8013 115.4259 
98.2227 86.3396 88.1962 
84.6355 111.7971 109.079 
93.077 90.0928 119.2257 
89.9337 109.019 82.3195 
119.8352 104.1249 102.9088 
102.797 82.1434 105.7759 
83.5178 89.0874 115.3189 
112.9438 82.2971 108.5352 
83.0117 115.8461 110.8494 
100.406 101.3658 108.3515 
97.1936 118.2068 86.3766 
114.4779 87.5045 106.3643 
90.1687 81.2859 85.8201 
119.5484 108.1864 104.1099 
111.4777 100.6229 82.3883 
98.5771 99.0511 87.1548 
117.6459 111.6055 96.9155 
89.1014 98.917 115.3865 
80.0421 92.6869 116.937 
105.9855 82.163 103.3918 
94.2174 86.6594 98.0766 
112.6994 98.2914 101.9964 
99.2713 97.5755 86.3101 
94.4591 111.5309 115.9954 
93.4147 95.8437 95.5421 
117.3314 86.9985 98.5032 
102.2039 113.3201 108.2134 
106.1801 88.8959 105.1661 
90.3419 83.2685 90.0021 
105.0154 106.4463 83.4595 
114.0865 86.7591 86.0405 
109.1445 111.3695 99.4829 
92.9857 118.1432 98.9845 
87.2669 117.6894 84.5162 
105.0067 108.3335 112.9238 
99.6834 104.3524 117.9792 
93.7501 88.8557 81.645 
101.7843 99.6729 94.2338 
81.0855 95.2451 97.3175 
109.4918 86.5492 80.3626 
106.0568 116.6358 103.4651 
97.0499 95.5731 84.5973 
80.1919 101.8169 105.4941 
116.1404 106.2457 114.9729 
96.963 119.63 102.3154 
115.0144 81.8537 106.7542 
98.1225 101.5849 88.7067 
91.4182 92.8019 98.3164 
95.3533 109.3868 96.8002 
83.0512 115.6049 102.7952 
105.311 88.4248 92.3838 
89.4162 110.9359 107.3052 
119.7423 92.3831 88.0016 
115.7544 105.5193 80.0327 
111.9199 93.2381 100.1857 
101.9384 93.2132 117.8113 
113.4848 115.9156 117.6995 
112.2141 80.2958 111.979 
86.4604 80.2543 102.7314 
88.9037 115.1953 107.1943 
86.326 104.5315 93.8097 
84.6185 94.3007 117.3559 
116.1829 108.1566 103.8348 
96.201 94.1736 105.255 
93.482 102.3606 85.6209 
103.6829 106.1156 113.7258 
94.5959 82.8659 83.3265 
119.3757 83.8085 86.3234 
95.8568 99.606 85.0307 
83.4509 118.3832 106.2561 
85.2595 95.4647 89.7651 
98.3313 100.2169 93.5488 
112.6344 112.5557 82.1008 
80.0522 98.6455 110.5462 
94.5803 95.7204 104.6907 
101.7646 112.9996 85.197 
95.0923 118.314 83.9292 
118.1178 94.9596 98.1056 
81.9117 112.2526 112.0626 
115.3279 113.7985 91.4846 
92.377 107.7797 111.5206 
104.3771 114.7212 111.8102 
91.2949 118.445 104.3802 
107.7031 109.3887 106.1959 
108.8307 113.3158 91.8345 
99.3217 80.7863 98.9479 
99.8772 110.6458 94.4985 
119.7875 86.1772 114.3801 
105.9546 91.383 96.8478 
99.075 84.2708 95.0866 
89.9945 89.8031 108.7866 
92.5772 119.2625 84.4409 
89.7869 89.2704 105.6708 
115.454 115.3451 94.8995 
101.9291 94.3268 82.8833 
80.8821 118.3232 96.9132 
80.5813 114.8761 111.2268 
115.3985 114.9977 116.1452 

Icoords
61.1727 50.2201
75.0128 13.7252
2.6178 75.4848
77.7925 7.5586
22.7033 31.9033
35.7497 2.1023
7.5614 32.1576
98.9924 93.3808
47.7812 82.6231
62.5684 25.0321
3.5964 37.5783
52.7305 69.3419
90.9285 27.0816
12.0017 54.6599
56.481 78.4924
19.0195 37.3181
32.8585 22.6058
44.9749 90.5085
18.4808 79.322
48.1682 54.6157
9.3808 15.7945
35.3974 95.3727
61.2849 20.1383
95.3843 5.1145
25.8774 69.6214
40.1307 33.9475
50.7645 17.4822
55.1296 21.218
53.9452 14.1462
19.7001 70.1256
93.9304 36.0217
74.3348 14.334
60.0735 51.7774
81.3959 42.3765
28.2756 94.2639
25.3879 93.1455
33.6575 72.1415
99.5985 24.2873
11.603 21.1297
24.7414 45.6401
33.3701 34.9231
77.1101 73.2841
68.2021 51.2889
3.4488 33.2599
55.5645 15.841
70.1103 42.3833
69.1554 34.2262
86.1849 29.6648
39.7412 34.0183
59.7245 10.3302
69.6285 45.5687
48.4219 63.2947
12.7313 20.7103
28.2738 0.6215
88.6785 99.5393
56.422 44.5637
54.7046 36.4649
13.6326 23.6413
91.6922 34.8659
37.607 17.2734
92.5805 60.1578
42.6468 95.8177
52.3306 82.6537
29.076 14.8475
80.4412 49.3668
10.5847 49.8987
93.4567 41.6332
34.3101 15.3902
73.6357 92.8809
3.9445 34.9221
1.908 57.4129
68.4589 89.3538
79.9939 78.3836
5.3636 68.6377
43.7344 38.6728
8.8245 4.8101
47.6996 43.1082
22.3909 83.5524
95.357 22.2252
38.9943 90.5087
79.181 72.5848
47.8266 99.5769
6.7417 84.6619
40.6613 7.6878
92.5818 72.9432
87.3987 34.9699
63.141 76.4857
81.4577 26.7297
87.6833 16.3926
25.4617 87.2996
69.0628 17.2986
32.7398 17.3956
56.0605 68.8937
77.7585 62.5656
8.8898 63.3196
61.0321 91.2648
66.2695 46.3966
74.0219 25.2722
78.0323 14.1139
1.1021 21.6599

Jcoords
27.3208 29.8375
99.8997 44.1624
92.5364 98.5494
14.4004 68.679
7.8343 19.29
50.8672 62.5273
30.5103 65.7969
71.5486 21.9034
46.9206 16.4441
31.5746 52.5776

C
11.9966 13.0294 18.16 17.5789 23.6025 5.0388 12.8661 11.282 14.2937 11.7104 
18.5806 13.285 26.6169 29.4945 26.8151 18.2185 21.4946 3.0437 10.8406 18.5093 
18.685 36.0971 33.6786 5.2672 20.1986 17.5556 11.6101 33.0106 28.4554 14.551 
20.915 13.3459 32.6032 26.4879 23.9477 20.8906 29.5561 5.3834 10.0327 19.9624 
1.599 27.1775 37.5991 13.8062 5.9918 13.5385 13.8916 17.1463 10.0185 7.9978 
9.7891 26.7945 38.4568 24.7782 10.4281 21.7819 24.8417 15.7177 6.7644 18.4155 
6.2888 33.4471 40.7836 11.1469 4.3863 17.3173 15.0589 25.1049 14.2778 12.2714 
32.6528 17.7807 2.9549 30.7996 42.1601 21.3687 26.5266 24.8606 29.6078 29.2914 
22.1241 20.7469 18.4888 11.2834 24.0436 6.2356 8.4128 24.3739 21.2651 10.4871 
12.3903 15.1766 30.2161 23.7971 17.9798 12.4513 17.9696 3.2646 6.433 16.3912 
9.8698 33.6111 33.2555 10.5455 7.267 19.6218 11.7883 27.0857 16.8136 10.314 
15.0024 20.623 17.9812 13.7357 25.1266 2.6231 7.7629 15.5247 16.3532 10.179 
23.436 6.8299 23.9263 32.6984 28.835 18.1389 26.8017 6.7842 16.607 25.3483 
9.757 28.8849 28.6984 4.8813 12.604 13.4268 7.8239 20.4633 16.3582 7.458 
18.7019 19.157 13.7432 13.5333 27.723 6.3479 9.4326 18.7687 24.4907 11.9583 
3.7189 30.6739 35.1994 12.4768 7.2835 16.2226 9.8332 20.8958 11.2132 7.0802 
3.3264 21.4997 35.2153 18.2352 8.474 13.1518 14.9705 15.2696 6.0383 9.3268 
23.9543 25.268 17.148 14.6138 25.759 10.9518 10.7376 25.2867 26.1538 14.792 
15.568 32.3793 29.8928 3.7239 20.9184 11.7363 6.9344 26.4113 25.5891 11.387 
12.2241 16.7778 19.9057 14.1013 17.6774 2.7377 6.8908 13.0156 12.0343 5.2512 
8.4364 32.2619 44.1111 17.9606 1.2591 22.7591 17.539 19.2774 13.0545 16.183 
20.014 26.3797 19.3313 12.8682 32.0207 12.5982 11.7569 31.9012 31.0048 14.1356 
13.5 14.1755 25.4241 25.1183 16.6092 14.3435 19.2716 3.7856 5.2356 17.4459 
23.8316 11.8396 36.8211 40.7788 34.7577 23.4296 29.9361 10.592 16.2351 29.1464 
14.8452 25.0333 27.8962 4.0351 17.1578 10.1493 1.9813 24.3005 21.5033 5.8189 
5.3543 20.9496 32.4505 14.5017 11.6119 11.4182 12.4532 10.4576 7.2694 7.161 
9.4447 20.9109 32.9584 20.1955 16.8779 16.1262 16.0256 7.0802 1.2534 13.0517 
10.5393 18.2112 26.0374 22.8964 15.0098 15.133 16.2197 5.4789 3.4775 12.4134 
11.5984 20.1223 30.1345 23.287 15.9977 17.6803 19.9819 7.5812 2.8492 13.8518 
15.3759 30.8276 25.5121 2.0129 16.6786 10.2784 3.9173 25.2781 20.6447 7.526 
23.8685 3.6543 24.8797 31.3375 32.2147 18.6035 21.0676 9.3201 19.6819 25.7355 
19.4403 14.0679 31.9395 25.2583 25.3869 17.4372 25.5642 2.9094 10.2667 17.5544 
15.6309 13.9119 21.6178 15.9103 24.5023 5.592 11.36 10.9127 12.7772 10.1239 
18.6513 6.8541 21.3892 23.7657 27.3857 12.7004 16.9282 7.5629 16.3154 19.8334 
24.1819 29.4565 21.3948 10.7427 29.7321 14.2307 8.889 26.3224 24.8949 13.5486 
20.7937 33.1001 25.3631 8.7756 23.5558 15.3477 9.0846 27.9202 29.628 12.3439 
14.3171 27.9797 21.9208 7.0516 20.1527 6.2668 2.6226 22.8356 20.5659 6.9451 
23.0955 7.3268 23.1102 34.22 30.8693 19.7353 29.193 11.083 16.3557 29.2184 
6.7131 29.0271 38.8416 18.9192 1.3089 19.7815 17.8495 20.3772 14.1119 12.5657 
5.0901 22.5894 27.3472 9.5508 12.21 9.345 7.0069 17.4555 14.457 3.3595 
2.7376 24.4559 29.7319 12.5649 11.8357 11.7493 9.3359 12.1537 8.105 5.7443 
23.4783 12.632 9.5054 24.0888 27.0875 11.1973 18.5628 16.9358 25.3063 16.1272 
18.3193 9.9936 18.5147 18.4272 24.0433 6.3465 13.6833 11.4338 15.1601 12.5893 
7.4929 29.7116 37.2881 12.7867 5.2433 18.8066 13.4239 23.881 16.957 11.7547 
10.0302 20.1177 30.8298 22.8134 17.8211 15.7939 20.963 5.8021 3.4547 15.8348 
13.6314 11.6416 18.99 21.8263 21.2809 9.5247 15.5907 7.1281 11.054 14.0312 
12.7412 11.8287 21.203 23.9103 24.646 12.5012 18.748 4.2354 9.1505 12.9314 
18.3421 7.0867 27.1381 25.2131 24.9196 14.9309 22.6925 6.5506 16.4437 23.4639 
5.1556 24.1896 29.6569 15.4871 11.7937 10.4081 11.9959 12.5322 6.7697 7.8592 
11.4526 17.9524 32.9338 29.3246 20.9316 18.8002 23.8849 5.996 4.7518 15.8341 
14.25 11.0851 20.8373 22.3908 23.2876 9.7063 13.9163 8.5523 11.6369 15.0171 
15.043 16.481 22.3964 11.4529 19.5877 0.9806 6.8906 16.0022 14.4046 7.9449 
5.2609 28.7053 42.407 14.7305 2.037 18.7952 18.9257 20.0726 13.0031 12.2023 
9.6902 31.7684 45.0718 23.0389 10.7046 25.5362 19.8315 18.9186 8.2194 20.5015 
28.5082 19.03 1.5748 25.6986 41.5548 16.7199 24.2155 25.4092 30.9403 24.9084 
12.0936 16.457 21.3626 17.8391 20.9213 7.0416 12.7368 8.6504 9.5871 8.4955 
9.2806 16.4174 25.8532 17.2332 16.8823 8.912 12.9316 8.8617 8.225 9.2206 
4.6458 30.9828 39.5699 17.4501 2.5184 19.3063 17.9909 17.429 12.2606 11.0416 
24.3226 4.4322 22.132 30.734 30.4664 16.2044 20.6697 9.3372 17.027 22.2362 
5.2042 25.7824 38.6208 18.4939 10.3518 14.2696 18.2281 10.2939 3.2567 12.7863 
25.7111 5.351 11.8899 24.4973 29.8251 13.1274 20.5488 13.7731 19.9433 20.6187 
25.591 23.1411 18.0771 13.4278 29.4174 12.1045 12.4797 26.4441 26.1279 17.5015 
19.1035 24.1706 15.4 13.6871 28.8724 6.2052 9.1212 21.7213 22.8188 12.8339 
5.6747 25.3101 38.938 20.1312 7.9405 20.9484 17.4418 13.2436 6.5895 14.607 
21.9991 6.4275 17.9902 22.9952 24.2607 11.6079 17.9298 9.7715 18.5072 16.7092 
9.366 34.1797 35.5677 7.336 11.8656 16.8103 9.7885 25.908 14.8224 6.5237 
24.225 2.7036 19.3597 26.7542 33.0155 17.244 26.8014 9.6644 21.1347 25.1056 
6.2672 23.6284 33.6631 22.7149 8.8875 19.1998 19.3605 14.063 4.8517 11.3691 
27.6143 21.3197 5.9829 20.3804 38.994 11.7475 16.6575 27.8068 27.4248 21.9966 
7.7821 30.9538 43.3457 12.3864 5.3852 21.7055 13.2049 26.8913 15.821 11.6041 
12.0973 38.2284 33.7199 6.2192 11.825 18.4202 9.9462 24.8741 20.1159 11.4882 
23.1737 20.1272 8.928 20.2397 33.2804 11.706 15.0121 24.3211 27.6425 20.4385 
22.2418 12.4271 7.1553 24.8454 36.7013 11.0599 15.6293 21.6325 25.2919 17.744 
15.5191 32.1181 27.9896 3.3039 15.1292 14.0812 8.6751 27.2234 24.285 12.0101 
5.7301 19.5089 23.7838 15.4128 13.2962 7.5765 10.1904 10.0001 8.888 6.1345 
10.7148 35.7962 46.7393 25.4203 5.4557 26.2347 20.2144 21.2848 14.3199 19.756 
9.3506 16.9998 23.4586 16.4916 18.3851 7.6322 8.938 12.7236 8.2401 5.9241 
17.0075 30.0999 27.2505 5.5852 25.4403 13.4332 6.849 28.6457 23.343 11.3109 
23.5436 8.3226 30.5352 34.4789 32.7782 22.6133 26.6486 9.279 19.034 24.7226 
18.5476 25.0802 18.6683 11.161 29.1747 9.8727 8.0421 28.7878 29.4524 13.1333 
26.7753 11.5717 10.9551 20.7285 27.6069 10.0928 17.2783 19.0917 23.7631 19.1687 
22.876 29.2001 17.8752 15.5675 33.636 11.3493 12.3711 27.3208 32.9807 15.8738 
19.108 35.5735 34.2952 5.737 22.0465 16.3846 10.548 31.7463 25.0338 12.1797 
8.7164 26.0181 37.0171 21.4155 12.5655 17.2419 18.0389 13.077 4.1622 14.0561 
24.8245 11.8668 9.9762 25.3606 39.0181 14.3518 23.0369 18.5485 25.2291 22.8839 
21.7912 6.0346 19.8759 30.5461 25.2448 14.0345 25.2475 7.1197 15.87 20.7214 
22.4083 15.5168 11.8901 19.0586 30.7588 6.868 13.0377 16.6727 23.9136 12.6596 
19.1906 7.7299 23.9518 25.6751 25.707 17.2576 25.4368 4.1057 12.7712 17.0457 
19.7275 10.9976 26.5911 33.0927 24.2262 19.5428 24.5122 5.5514 12.4326 26.5724 
20.7547 26.4038 20.6347 7.4028 22.3206 11.7665 7.7416 24.0653 27.8293 13.8627 
17.4164 12.9072 31.6136 27.2696 24.2532 16.4878 20.9407 1.5997 8.1123 20.3955 
5.4256 23.2798 38.1848 17.6245 9.931 17.0761 15.0445 14.0729 5.4961 10.7294 
19.1296 16.5599 14.8881 13.119 25.9575 2.8928 7.819 14.8975 17.2551 9.0567 
18.3383 10.7505 12.6659 23.0358 28.6909 9.3931 16.907 14.7135 19.9288 15.3946 
13.7744 34.2535 36.296 2.6482 14.7057 13.8802 6.9073 23.0886 19.9318 8.2954 
21.3713 21.0991 11.1234 16.829 33.0616 10.6779 14.0721 25.9921 26.1388 16.2604 
16.0022 10.3203 22.5634 22.4908 20.1429 7.3935 13.1609 8.1807 12.7515 11.7177 
18.3472 12.4728 27.4884 29.057 24.0775 13.5058 22.256 1.2872 9.996 18.6896 
18.3065 11.5354 27.3123 32.3391 21.8697 20.7678 27.9928 3.7691 10.7324 23.6491 
9.9504 31.3407 44.2981 18.8711 2.1983 25.7064 19.019 22.8107 14.42 14.1302 
15.4937 12.7119 19.0012 17.0107 23.0414 6.2988 12.67 11.1192 13.0985 9.3678 
17.4378 15.644 29.0768 27.7109 24.7255 19.803 21.1315 2.9522 10.1972 18.8065 
20.4757 31.5185 29.2413 4.8155 21.2257 17.8803 9.0796 30.3215 26.4845 13.639 
19.5468 17.0961 28.4552 34.8623 25.8984 19.746 25.7978 5.7291 12.8404 22.9303 
1.9713 24.8873 34.8673 11.6384 5.9743 14.2957 12.5386 18.5523 8.8664 8.4927 
10.6385 23.3886 36.14 21.667 10.5756 20.3057 25.3785 15.6768 6.8826 16.7492 
7.5701 35.6632 36.3731 14.1639 5.134 20.2899 12.3916 21.9684 12.7988 9.5164 
35.5838 15.9741 2.9086 33.0909 43.3113 21.6774 25.8695 27.3949 33.296 28.2433 
22.0165 24.6268 18.959 11.9128 24.6127 7.1424 7.8895 25.6258 22.2446 12.7265 
12.2445 15.5583 26.0878 20.365 17.1983 11.8307 16.4605 3.7791 6.8096 15.2012 
9.5304 35.4741 41.8605 11.125 6.7132 16.7568 12.8919 24.9727 16.1629 10.6854 
18.126 17.5486 17.374 13.8852 21.6101 2.3257 8.6787 18.4745 19.0353 9.1047 
23.9708 6.1392 26.8072 34.2837 33.0079 20.562 26.8232 6.8484 16.933 22.7773 
10.1712 27.0879 35.5589 5.5583 12.7536 12.5346 7.8606 27.0284 17.7767 6.1393 
21.9465 22.0297 14.7211 15.9487 27.5238 6.6018 9.8026 20.4611 20.5606 11.3041 
3.8787 32.3135 34.9889 10.1786 7.2156 12.7864 11.8017 19.4232 13.4886 6.6336 
3.1488 22.3378 37.9487 18.0516 10.0744 14.47 15.4204 14.7356 4.6396 9.1108 
24.8073 26.6766 17.2397 12.0855 25.0682 9.1618 8.9452 23.0354 23.8496 12.5311 
16.1561 32.1133 24.9043 3.9666 22.7231 11.6706 5.7959 31.2432 27.0659 9.8892 
12.5544 18.092 21.5417 11.0177 19.3609 2.8589 8.078 14.6199 14.2227 5.3432 
7.7848 28.5433 39.1955 17.4028 1.5201 24.84 16.7899 21.6449 12.8743 15.0833 
21.7242 30.267 18.5931 10.6098 25.636 12.4421 9.4787 25.4325 30.4305 15.2442 
11.9635 16.2903 27.2136 26.279 17.0796 13.1519 20.4939 3.2722 4.6794 16.5925 
21.8619 14.1313 30.8759 36.9799 29.9684 25.7399 34.2533 10.8223 15.4039 28.2 
14.475 26.9277 22.2574 4.4634 19.7938 8.227 2.1237 24.4194 20.1593 6.872 
4.4288 18.2877 27.0768 15.6039 14.0733 10.0993 10.284 13.0283 6.295 7.7637 
10.563 19.7032 29.6935 22.9649 13.7112 17.0721 19.6509 8.1342 1.5277 14.7357 
8.7371 17.0491 32.5317 22.7025 17.6984 15.0998 15.4304 6.0524 3.3607 12.782 
9.6205 16.7301 34.1252 25.5773 14.5315 17.9178 17.906 6.0961 2.3895 16.3153 
15.3144 30.0099 29.1633 2.1238 17.7487 10.9136 4.177 27.0696 22.8114 7.2379 
20.4769 3.3363 23.0847 30.8045 30.3992 15.7212 27.184 10.0849 16.4279 23.0452 
19.7819 14.6336 34.2141 27.9686 21.3658 19.844 23.0835 2.8626 10.7122 18.7821 
12.8634 16.1299 22.1757 19.407 22.423 4.8659 11.6806 12.0296 13.7311 9.0234 
18.3182 7.0493 18.1136 27.5443 24.9956 11.8591 19.0905 7.2676 14.0506 17.4788 
22.6806 28.1454 20.7379 10.6699 27.1987 14.7294 11.1848 31.1535 31.6408 13.5988 
23.5425 31.0491 25.2688 10.6692 28.3231 12.9537 10.4619 30.7385 27.3575 15.5981 
13.483 25.4557 19.6106 6.222 21.9703 7.7354 2.5029 21.2877 20.7377 7.6947 
23.7116 6.9134 28.4513 29.8488 30.5844 18.7442 29.7814 8.9942 18.7044 26.8388 
6.0465 33.6626 34.8768 17.1712 1.5362 18.2923 18.9894 19.0943 11.4755 14.1937 
5.3111 28.483 29.0929 9.2276 11.7529 9.8365 6.6211 16.2379 14.149 3.3604 
2.6957 20.9967 29.1585 13.6762 9.7249 9.893 10.9885 14.0697 7.2892 6.699 
21.4232 11.7186 10.0589 20.8317 28.563 9.8132 18.728 18.4914 24.5211 19.4237 
14.335 12.6251 16.7605 18.4215 22.1644 7.9042 15.4805 10.307 15.3193 12.2668 
9.5017 37.0206 42.4351 14.429 5.8451 22.072 14.0587 24.7785 18.1363 11.2462 
12.1989 16.4982 29.3802 26.1088 18.9887 17.5958 16.928 5.9935 2.6679 17.0721 
15.2233 10.415 24.0399 20.9577 25.3392 10.1404 16.8006 8.1362 13.2912 12.4885 
15.1347 10.3457 26.7261 25.8705 23.2196 10.1121 15.2948 4.9798 11.3257 14.943 
22.2037 7.7034 25.8583 25.6869 26.3501 18.5876 24.6637 6.1165 12.5327 23.073 
4.2304 19.3273 32.8669 17.1315 11.2806 11.5159 11.5161 10.49 6.1508 6.2736 
11.3845 15.967 37.16 27.2115 17.888 18.5566 19.5342 6.3203 4.8767 18.5298 
16.5204 10.7972 20.7854 21.4628 22.7168 8.1433 14.9336 8.4312 12.1724 11.7514 
13.7297 21.8135 17.0373 11.3324 21.4674 0.9644 7.1745 17.5621 17.9952 6.0301 
5.2643 33.1735 33.444 17.3704 1.5903 18.8009 17.055 22.967 12.7137 13.2611 
11.6195 26.8565 46.208 24.4211 8.9689 22.3334 19.6033 16.7485 8.6156 17.1905 
34.0706 18.4706 1.5872 25.023 44.1861 20.0851 24.6189 29.9568 34.0929 22.2616 
12.9873 17.3005 25.2207 18.1492 18.7142 7.4309 13.1756 10.4785 11.6826 10.1455 
11.1261 18.1091 25.6205 19.6633 17.5412 10.1686 12.2966 6.8155 8.3324 8.7865 
4.7525 29.227 40.3206 14.4817 2.38 18.9887 14.4763 21.8094 13.3879 12.6043 
22.6761 3.9225 20.406 32.05 31.8993 18.4433 21.9243 8.4414 14.7419 18.9897 
5.4607 22.0779 33.0783 21.1279 11.6081 14.3875 18.5959 13.2296 2.8949 14.2905 
23.8186 6.1602 13.3872 24.3086 30.9071 14.9658 19.9567 16.3138 23.0533 18.7499 
20.9916 29.8652 15.6288 15.1788 27.9966 10.5168 10.2843 29.3091 26.7479 17.7336 
23.2935 24.2196 13.1777 14.9079 23.6848 7.0648 8.9888 22.7217 23.7953 12.2053 
5.6249 29.5643 32.8353 21.3253 7.6302 19.2604 15.3317 13.8894 5.5396 11.4572 
21.9991 6.5342 16.8101 25.2589 30.0056 12.4754 17.2517 10.7704 16.6654 18.8395 
8.8435 32.5418 37.2641 6.556 9.2319 15.3412 8.9141 20.7291 18.8428 7.7108 
21.5781 2.4765 18.9328 29.0937 28.3698 17.3009 20.9152 10.1804 18.2137 23.6288 
5.3155 26.5721 37.9167 20.0071 8.4727 17.4761 15.4227 12.9024 4.7935 13.4908 
26.7382 18.5689 6.0953 19.8685 38.8558 12.4874 19.5246 26.8624 27.7811 19.2587 
9.2582 32.1009 35.4815 13.5207 5.8088 21.0087 14.378 23.5179 18.6138 10.0139 
14.7786 36.6858 38.4276 5.9584 13.376 17.4652 9.2905 29.4471 18.5152 11.5844 
22.8482 18.4371 7.9435 19.0937 34.5219 12.5914 16.3164 20.8978 23.6664 16.5946 
24.4982 12.1777 8.3546 25.4488 33.7353 12.2239 17.35 18.7543 24.8917 17.7385 
15.4344 29.4912 32.2014 3.2723 19.6699 15.6009 8.8093 31.477 20.2686 12.2007 
6.5577 19.8192 24.0078 13.151 12.7821 7.7956 10.0697 11.3414 8.4659 7.3573 
11.0042 31.4804 49.4665 20.067 4.9143 26.1918 25.6257 20.7517 12.9497 19.6237 
9.2412 18.7541 21.3979 16.1389 14.0802 6.1919 10.3612 11.0003 8.7362 6.4085 
19.068 26.5787 27.6737 6.3787 24.9329 12.1908 5.9724 29.4263 24.822 9.8861 
26.5285 8.6384 24.3946 36.6537 32.9445 21.6588 27.258 8.6956 17.6731 25.655 
24.4665 26.2282 20.206 11.8417 28.1019 10.2192 8.7815 28.0968 24.3351 12.9284 
26.3855 10.601 9.4164 24.0643 34.4017 10.2911 18.4527 18.1538 22.2026 18.2133 
25.0277 30.0213 14.2572 15.7041 34.1204 14.1894 12.0826 29.741 31.7835 17.1717 
19.3246 40.1954 34.1649 5.9124 24.5963 15.5552 10.4934 32.5853 29.7445 12.3744 
10.1928 24.6128 40.1141 21.5947 11.6219 18.7927 22.4395 13.1722 4.0266 17.0926 
26.115 10.4116 10.076 30.0663 39.5397 13.8359 24.2116 18.3387 26.82 23.0125 
19.4698 5.912 20.7817 28.3189 24.4663 15.2426 25.4222 6.2118 16.8137 20.2649 
21.7731 16.5937 13.4227 15.0159 31.4988 6.6263 13.618 21.5768 18.7888 13.6812 
20.492 7.7934 25.6304 29.4006 27.5792 17.0881 24.1271 4.0043 13.7802 20.3042 
23.8029 10.051 27.0685 30.608 26.5034 18.628 24.4819 5.8856 12.8892 22.5331 
20.7259 26.9114 24.5726 7.9551 27.337 12.6678 7.5583 31.0336 25.6749 11.705 
16.5665 12.625 25.6512 28.4849 21.4046 17.9845 21.9134 2.0591 8.0525 19.7315 
5.1759 25.6367 32.197 18.2726 8.3999 18.7006 15.6211 14.6082 4.7669 10.571 
19.2508 17.3451 16.1386 15.452 21.6335 3.2288 8.9823 18.0641 21.1895 10.7309 
22.1322 11.2918 11.989 24.939 25.5332 8.5003 17.3096 14.2446 19.313 16.6656 
14.4509 33.6676 35.225 2.5121 14.5559 14.8081 8.559 22.8933 18.4227 8.4786 
25.2741 21.8563 10.1566 16.658 31.4863 11.3882 12.6649 23.7401 23.9917 16.5764 
16.4677 13.0267 17.6408 21.5424 21.1285 8.1674 15.6263 8.8522 11.6461 13.9802 
16.6814 11.4443 27.957 28.3932 25.0877 16.4316 20.3354 1.4184 10.9679 18.952 
19.4215 11.9517 25.9758 30.2351 27.2897 16.6542 21.5616 3.5168 12.3859 23.6491 
10.258 37.3697 40.7261 17.9964 2.164 21.7655 18.3614 25.3891 16.5274 15.4108 
13.597 12.6452 22.4523 15.7989 21.4075 6.3133 11.9994 9.557 12.6 9.1154 
16.0887 12.9901 34.0485 31.7362 22.71 17.6904 20.6384 2.7089 9.215 22.2974 
17.6833 37.3235 31.9055 5.4278 21.1467 17.4307 8.9142 31.8931 26.8905 11.3498 
18.2227 16.8994 34.2163 33.5678 21.8054 21.3864 28.7684 5.8324 10.8358 24.2014 
1.7578 29.7569 30.311 13.7987 7.0233 14.8616 11.5995 18.7019 9.3261 8.9427 
9.5746 27.6229 44.6797 21.3873 11.5984 22.9654 20.8154 14.7399 5.6519 18.3345 
7.0747 31.2309 41.9267 12.3136 4.8805 17.1057 15.8978 22.6553 15.278 10.0207 
36.0627 19.3855 2.7424 31.1433 37.5082 19.2936 23.2412 29.5617 34.4108 27.4395 
17.8951 19.5356 17.7809 11.1965 25.5786 7.9333 7.851 20.6311 22.1851 12.2315 
10.7859 16.5399 27.1833 21.366 17.0387 15.3029 20.433 2.987 5.6208 15.4168 
7.7336 29.2384 39.9627 13.0082 7.1506 19.3866 12.9348 24.638 15.2952 10.9997 
18.1166 17.4737 15.5423 15.0506 23.5667 2.1872 8.69 16.2392 17.9284 8.1545 
23.0794 6.2433 21.5673 31.5922 27.6165 17.3098 27.0241 6.1303 17.9381 24.7992 
9.7628 26.6542 35.5039 4.3991 12.9174 13.6211 8.3164 23.4469 17.4609 7.3084 
17.3859 18.8193 13.8175 13.2697 25.1024 5.3461 11.2306 19.934 21.992 11.5737 
3.8552 32.3135 33.1232 11.6716 7.642 13.7937 9.4616 17.1021 10.5302 6.9459 
2.8318 23.3589 30.1735 16.2251 9.1051 15.3722 15.6453 13.3696 5.0204 10.4248 
20.7823 24.3913 15.8746 12.1644 30.5783 9.605 10.7147 26.7213 29.5026 15.0696 
18.2875 34.3659 26.6258 3.4537 22.5828 12.5827 5.7018 29.6873 21.2276 10.2822 
12.0007 16.8887 22.4408 11.7346 16.16 3.1013 7.6767 14.8611 11.7326 5.0473 
9.0949 32.4895 37.4475 19.1984 1.3856 22.4466 18.4238 22.9567 13.032 14.3143 
24.8277 24.889 21.0882 12.8411 27.5376 12.4167 9.5207 27.3649 26.6336 16.8511 
11.031 16.9497 28.5135 25.1318 17.7264 17.0804 18.6218 3.2535 5.3053 14.9738 
26.8441 15.1454 31.9415 36.3622 29.7822 25.2604 34.2178 8.764 17.8427 26.3152 
12.3411 30.3954 26.5301 3.7668 21.2909 7.9386 2.051 26.183 18.8325 6.3149 
4.4449 18.6818 30.9615 14.5795 12.1474 9.4612 10.4936 12.2207 7.0854 6.5439 
7.9951 18.3502 36.36 19.3352 14.2354 14.3874 16.9319 6.9506 1.5855 15.3677 
10.7314 15.2934 27.7898 19.5254 18.47 15.8805 18.0734 6.0803 2.9761 13.2488 
9.775 18.8104 33.2899 25.2337 15.8121 18.9552 21.2014 6.3828 2.6526 15.5194 
13.9778 29.344 31.1727 1.6717 17.2893 11.9305 4.5496 23.6 21.7401 7.5599 
21.4469 3.6412 24.4294 29.4719 30.7325 16.6314 22.7351 9.1058 17.9556 21.1226 
15.3958 12.8461 33.318 24.2794 20.779 19.8976 22.0155 2.8094 10.6764 20.3424 
12.7018 15.2743 18.9476 17.42 19.6117 5.2197 11.9947 10.5383 13.0939 8.8381 
18.9732 5.945 21.6985 21.7433 28.7812 12.0786 17.1803 8.8078 16.941 15.8972 
21.6754 27.7696 24.1127 10.0645 27.0511 13.958 9.4459 29.8719 27.9518 13.2726 
23.5299 32.3689 25.0331 10.3554 27.3362 13.4078 9.7079 32.5212 30.9345 12.5819 
15.7501 27.8502 25.399 5.948 19.5351 6.7064 2.6863 19.7397 20.6804 7.2009 
22.7548 6.6907 24.632 35.1903 32.79 20.906 26.0094 9.9852 20.4513 27.8702 
6.9395 34.1554 40.4992 18.2 1.3559 22.6286 14.6385 20.8328 13.1749 13.7801 
6.2173 26.5661 33.4788 8.528 11.418 10.9128 7.3843 19.0404 11.4065 3.2621 
2.7803 22.2326 32.6773 15.4767 9.8117 12.4324 10.4769 14.0496 6.9019 5.8862 
24.6743 12.1882 10.9115 18.9642 27.43 10.5024 15.6601 15.959 19.6619 17.4278 
17.8161 11.2346 19.1792 19.7616 20.6681 7.3546 12.5565 9.9817 16.0869 11.4349 
9.2268 36.2732 36.3051 14.3327 4.4995 21.9717 12.7341 22.5002 16.2345 10.2533 
10.213 16.777 34.8703 21.36 16.3376 16.7934 21.1586 6.6158 2.7901 13.233 
15.8253 11.8743 21.9534 18.8755 21.7326 10.5694 15.5769 7.2246 11.475 12.8951 
13.5741 9.7383 25.9459 23.8586 22.9356 11.3016 16.9016 5.0061 8.5726 16.1893 
17.989 7.8211 21.2096 26.3079 27.9071 18.8288 24.5442 5.1622 16.0418 17.897 
5.0258 23.6893 26.4303 16.612 11.9308 10.7325 10.3148 11.8958 5.775 6.1235 
11.8573 18.3988 33.8374 23.5395 15.8132 19.6102 21.6594 5.3607 5.1179 20.2153 
17.3961 9.1548 18.3495 21.6424 20.8433 8.1181 14.3655 8.9345 12.7781 14.5722 
13.3777 20.2923 21.6793 12.3072 23.5986 0.8522 6.4927 14.7505 17.8639 7.8251 
6.777 27.8658 36.2087 14.4329 1.6948 17.2332 15.8773 22.5787 13.3718 14.5717 
9.5499 33.3024 37.2592 25.4838 8.8222 22.7882 25.1856 18.7064 7.4637 18.492 
31.4983 20.2674 1.4538 26.5029 38.4906 17.503 22.151 28.5337 33.5256 25.0489 
12.1165 13.5048 23.3956 16.9041 21.0254 6.9683 10.4889 9.2852 10.1837 8.1926 
9.4779 17.8982 23.2068 20.3393 18.6494 8.9067 14.9696 8.8862 6.8116 10.9909 
4.7104 27.5334 39.3632 16.0087 2.3249 16.7975 14.7351 19.2889 10.384 13.35 
25.0586 4.5252 21.1894 26.6592 28.6838 19.5035 23.2748 7.8521 16.296 23.8406 
4.8892 25.7485 33.1764 20.2198 11.3485 14.2743 18.4193 12.9248 3.1099 11.6044 
24.1424 5.8928 14.1281 25.3545 37.5119 13.5745 19.0156 14.1485 19.1215 19.2355 
25.4894 24.0896 19.0714 14.7635 31.6033 11.6073 11.2654 31.1504 31.3503 13.9351 
20.6229 20.2789 17.2547 13.008 25.1249 6.3666 8.9585 21.9953 20.9654 12.6694 
4.8628 28.4988 33.8646 19.2552 7.5108 17.7611 18.0483 13.0068 7.0015 12.5463 
22.3274 7.5273 18.2333 23.2153 29.6913 10.2095 19.738 9.4944 16.0828 17.0178 
8.2426 26.9481 32.9754 6.28 10.8607 15.8309 9.9414 21.3195 15.6373 7.3214 
21.6923 2.2821 19.9631 27.9323 26.7858 16.8739 21.7715 9.5848 16.7797 23.7733 
4.8565 21.9381 36.3026 18.0103 9.1337 17.0815 19.3454 13.3825 4.7113 12.8196 
28.467 17.5007 7.668 24.0981 31.7382 13.2349 17.9663 23.8446 25.7973 20.884 
7.873 32.0913 33.8018 11.2414 4.8761 17.4591 15.0174 24.764 16.2467 11.027 
13.5861 36.8242 30.7341 6.6851 14.0125 17.7655 9.9969 26.2108 22.1975 11.0524 
24.4616 17.3911 9.8816 20.5696 29.6762 9.7299 13.9893 25.5905 24.3126 15.9018 
23.6458 12.7003 8.9649 26.039 28.2231 12.6882 17.1202 17.8691 26.7033 20.3666 
15.9649 38.28 30.2752 3.0581 18.0443 18.0801 7.716 29.4434 23.0707 9.3787 
5.6332 18.8994 29.6236 15.5807 15.8869 8.682 11.4337 11.7084 7.9224 6.8364 
11.5644 33.9607 45.5705 24.6253 4.7431 25.1921 21.0947 22.7865 13.9216 17.8619 
9.0637 18.3729 23.537 14.2916 18.3665 6.2825 10.2758 10.9333 8.0347 6.5188 
17.4336 32.3865 22.0429 6.4074 24.5178 11.6775 6.4273 25.6179 22.7643 10.7164 
23.0439 6.8014 28.7633 29.8214 33.794 23.4537 29.4768 8.5647 15.1706 25.7469 
19.8636 27.9043 21.1372 12.677 29.8588 10.2435 10.0826 28.6815 24.7298 12.7584 
22.7765 11.9973 10.9522 24.3498 34.5976 11.0062 15.7008 20.168 23.3293 18.5283 
27.9499 22.8582 16.1221 15.299 29.5638 13.3716 13.5554 27.5157 31.0602 19.1361 
19.2836 35.8376 29.8975 5.9195 23.8052 18.2802 11.6162 34.3986 29.3565 14.2651 
10.2729 21.7606 33.2505 24.49 13.8084 17.7551 20.5695 11.7748 4.1514 15.6087 
25.4658 11.3441 9.144 28.4064 37.9047 13.737 22.5058 21.2479 22.9336 25.1221 
20.7843 5.2789 21.764 24.7488 26.1368 16.6154 21.5723 7.1793 17.7219 19.3166 
19.1324 18.0279 13.9888 19.572 29.4779 6.71 12.866 21.864 23.4845 15.2216 
17.092 8.2603 28.5517 27.2096 28.3413 15.6425 23.8382 4.4077 13.4019 19.8941 
23.506 10.227 30.0971 35.4243 26.1917 21.5792 28.2071 6.3562 14.6868 22.6533 
20.5247 25.9822 25.8376 8.0352 23.4447 11.7452 8.2828 24.9853 22.6617 13.8204 
16.196 15.2915 25.9218 24.1413 22.8197 19.3885 23.2392 1.5997 7.4143 17.2605 
5.3428 27.0103 36.9852 18.131 9.4265 16.045 15.1463 13.3579 5.0611 13.6651 
17.704 18.684 16.1668 15.052 24.9059 3.1582 9.0775 18.0739 20.0076 10.319 
20.4307 8.6459 14.8365 21.9601 30.7549 8.1319 15.5431 14.804 21.5988 17.9556 
12.5437 30.5426 29.6522 2.9003 15.4192 13.8634 7.6145 25.6123 23.137 7.9239 
21.7847 19.5052 11.4468 19.3627 34.7621 9.9494 12.7682 21.9933 28.9788 15.069 
15.4351 11.51 21.6116 20.2439 25.1609 7.5786 15.0567 9.5462 13.2578 12.9159 
14.856 11.848 26.1356 28.1573 25.832 14.7648 22.696 1.4924 11.0221 19.7495 
20.4303 13.2486 29.8396 25.2392 26.262 18.6694 23.1272 4.0195 11.1068 20.7058 
9.456 39.9637 40.8575 15.5484 2.3988 21.5659 20.7905 21.3313 14.2217 13.9999 
EOF