I 100
J 10
bounds (0, 100)
cv 1.5
D 100
k 5
t 3
FLR 0.6
FCR 10
λbounds (80, 120)

λ 
80.4235 108.8999 82.3854 
92.1536 102.2984 92.0229 
92.0135 104.5821 117.6803 
108.4364 81.9086 96.1418 
104.0531 87.5977 114.6567 
112.7611 111.336 106.7748 
85.1893 83.4156 109.9227 
108.5436 86.4792 106.2172 
104.489 94.3203 98.573 
103.2729 87.3962 117.649 
90.5765 89.8015 83.2127 
83.1863 88.7156 117.0066 
111.1989 110.1011 87.4918 
96.3482 119.1235 89.8258 
81.7455 109.3279 105.579 
99.7387 96.2773 103.0595 
96.9472 100.7791 104.7557 
101.4455 118.7162 101.5366 
81.487 105.3027 93.549 
105.5176 118.1781 93.0319 
84.3662 102.1791 92.0688 
82.9052 112.7266 111.6969 
98.4624 106.8982 104.8953 
94.3652 101.9368 87.7415 
116.8314 109.1288 93.8154 
116.5214 108.3887 104.6877 
102.8287 98.1936 115.7905 
104.5975 80.1875 96.4142 
85.8481 101.2005 90.0369 
114.3005 80.813 103.1232 
84.2619 100.5265 109.0893 
88.7123 99.33 103.0805 
114.6585 94.3579 103.9733 
116.5886 117.6945 107.8678 
114.5826 83.4023 95.989 
108.1537 88.3651 82.6404 
81.4619 89.5603 82.9947 
110.6989 111.9653 101.8483 
92.0901 118.6025 100.5563 
103.8777 104.2934 118.7724 
80.4572 119.8342 102.9139 
119.1077 107.1009 81.8241 
82.5234 80.3209 92.3116 
88.6626 106.2389 95.4582 
86.2833 114.1601 118.5912 
87.7895 93.0994 95.641 
86.8044 94.111 110.2298 
80.6081 109.8479 95.5677 
111.6381 101.2346 92.0851 
101.1325 88.3006 89.5855 
110.44 89.6078 105.7409 
111.6204 115.8389 104.5302 
94.7175 91.7443 107.7645 
100.7117 105.8228 86.4843 
90.6538 106.1924 119.3045 
113.7925 109.6687 114.9896 
98.6873 118.3516 102.6502 
81.9692 113.1181 86.4206 
84.4637 100.6643 100.8786 
101.4848 94.5334 111.8133 
107.4708 118.8937 97.9241 
103.3235 90.1924 82.8221 
101.5567 114.012 109.0227 
99.0107 85.968 101.2225 
101.4034 94.897 80.1721 
85.5538 105.4977 88.2432 
98.52 82.931 80.3048 
81.9429 84.9953 115.5624 
80.5583 110.4446 101.9576 
113.0908 95.9081 104.6769 
81.5844 93.3855 93.8698 
113.2065 89.3354 93.4475 
99.583 101.9423 104.4977 
104.7745 109.3897 91.681 
91.3827 116.0913 94.8105 
101.6226 80.9346 119.3292 
114.6515 98.0143 116.484 
110.5228 94.2437 94.2207 
83.5063 106.0476 108.0743 
97.3295 90.4723 119.9605 
87.9325 106.4719 97.5926 
114.26 87.0597 98.6389 
93.8452 87.1809 97.5566 
113.7981 96.5609 89.1203 
117.2326 98.1306 113.7727 
82.6518 107.1476 86.3123 
100.1596 89.0424 94.7345 
102.1148 119.2288 80.2862 
87.6558 107.0122 83.218 
113.6876 100.8837 106.6815 
103.7427 110.247 116.1962 
102.2178 115.0451 83.7198 
95.6485 102.7926 103.0587 
113.9326 109.3069 89.7508 
115.6196 113.9878 115.9676 
106.3688 106.3058 104.6599 
107.2868 85.9472 107.5507 
94.7861 85.2237 89.5002 
116.4012 92.1362 108.408 
93.424 92.9931 84.7316 

Icoords
83.2169 89.5956
90.2233 74.9662
67.6544 89.3988
62.7025 93.2207
96.026 91.4363
65.7142 71.5753
12.0191 42.9111
88.0856 26.6576
66.6766 41.2196
31.7699 19.7847
80.7938 76.9852
77.1869 29.8699
1.8767 33.1849
11.1244 20.7672
22.2824 40.1198
53.2774 40.7983
31.7671 61.3143
44.5888 46.8492
39.7425 62.6743
52.5781 7.062
54.0345 66.8891
20.2806 22.2505
31.0847 88.8456
32.963 83.2378
63.9425 61.4418
79.64 1.8947
39.3632 25.2438
94.9709 36.58
45.6398 52.6215
91.6094 87.3425
20.7376 51.6353
73.621 9.6518
41.3946 33.6607
84.4002 29.433
40.5384 39.4625
81.6706 10.9392
53.1166 67.9371
12.2615 69.5577
70.8936 37.8449
3.8757 7.5572
34.9734 4.1485
45.4824 28.4202
55.5997 17.6336
29.4687 96.1388
97.469 2.937
41.2272 99.5287
93.1534 77.95
12.1884 92.4723
5.5656 15.1885
0.1811 66.9443
94.7389 78.2322
46.718 90.6565
0.3415 15.1316
43.6256 5.6803
58.4935 50.3833
98.6092 48.5744
91.0336 79.9347
28.1762 24.7012
49.6494 98.1926
14.1156 55.0557
65.7484 71.2915
4.1846 76.7013
85.7754 83.8277
66.7352 36.4143
98.4028 27.2379
52.5183 55.589
47.5144 94.8811
86.4599 88.8556
15.0753 61.9678
38.5362 84.8332
38.244 59.3272
40.4477 80.5425
16.645 34.771
42.1524 8.7673
74.0752 1.0704
77.5119 18.1311
56.8171 93.6288
86.3761 0.8941
25.9562 41.1763
64.8275 91.1062
31.0219 63.9033
37.9193 98.033
89.2852 66.1551
34.1319 3.8712
41.8526 46.5966
79.9906 75.2683
83.1952 71.2377
8.6597 27.1306
72.8877 65.3849
92.7073 22.6609
22.2299 63.583
58.7971 13.8033
77.6152 57.3084
49.0746 68.2961
10.222 23.1585
47.3346 25.7204
1.8243 25.8107
89.234 48.3062
95.8842 49.926
61.8737 64.5575

Jcoords
0.667 72.6838
63.9649 14.8544
30.9417 54.0506
8.2242 69.2963
92.9607 1.3161
24.9193 83.6057
0.7446 4.307
94.1414 17.1836
97.4918 47.526
11.0632 84.3491

C
30.8998 24.9217 23.6298 26.4462 28.9361 20.0779 37.0755 25.2941 14.2784 27.1363 
33.4333 25.6418 23.4668 32.5163 24.4466 23.7406 43.0402 18.8341 10.8664 28.7768 
25.0758 22.9654 19.8504 21.6132 36.2826 17.2245 32.8315 28.1756 20.5304 18.022 
22.8582 24.7591 18.8805 18.5164 30.4593 13.8639 42.9369 32.5089 21.5021 17.9036 
31.0507 28.5099 26.7581 31.9733 32.6334 23.4569 40.3348 26.1825 13.3913 26.9415 
22.8609 19.3 12.3982 18.1293 24.1596 14.5501 34.163 22.1984 12.2943 22.1578 
9.6897 20.2089 7.5426 8.2609 28.7117 15.4838 15.6966 33.7347 33.8623 14.6937 
36.5936 9.7747 22.8514 33.9945 8.7173 25.8374 35.8728 4.2885 8.0643 30.9677 
28.9794 9.25 12.541 24.3237 18.8262 19.3851 23.9455 12.5258 9.5934 25.6597 
21.7785 12.8132 12.329 20.6581 19.8527 24.5839 12.3605 19.2146 28.3636 26.2875 
31.6395 21.4544 21.0719 25.2642 30.6487 19.4284 33.4092 22.763 13.3351 21.4703 
28.2603 7.8348 18.6928 30.0829 12.2068 25.4124 26.1074 8.4511 10.1227 29.4639 
15.475 23.2214 12.19 12.8144 33.7455 18.671 11.2364 30.7146 29.7208 17.9651 
15.9302 16.5466 13.6546 17.0981 28.6836 22.2084 7.3869 31.4013 27.6407 20.5433 
14.9383 16.5966 5.4539 10.5192 32.0503 15.5704 16.1269 23.6626 25.8838 16.7553 
21.4392 8.572 10.2171 16.1742 17.9467 18.9784 21.6196 17.897 16.8383 23.2177 
11.3711 19.3998 2.6858 8.124 26.0613 8.9897 19.5419 29.3328 23.3432 12.2896 
17.2895 12.6054 6.0056 15.3076 20.7996 15.7166 19.1582 20.312 17.7239 17.7412 
12.8111 19.7962 3.8406 9.9002 29.3861 8.2871 22.9192 24.6351 22.9319 13.301 
25.1601 4.5519 16.171 28.6966 14.1131 25.3115 19.6726 14.5873 22.5792 30.9428 
18.9763 17.137 10.0191 15.5007 23.0066 11.2939 32.0157 23.708 15.4289 14.3138 
21.2123 15.6046 11.7422 19.3536 29.543 23.0554 9.5308 27.4964 28.0695 22.6569 
10.7915 28.444 10.884 11.2287 38.3853 2.9428 34.4003 33.6859 27.3275 8.1773 
13.3121 27.653 9.4003 10.9611 30.4932 2.5412 29.7022 27.5141 27.1037 7.5783 
25.668 14.8008 11.6809 21.8212 22.1182 14.6168 34.0528 19.3154 11.5174 19.0863 
34.0863 6.2521 27.4152 35.9411 4.004 32.3347 24.911 8.332 16.1648 38.2543 
20.9129 8.73 11.6689 19.9118 23.3376 23.4418 15.6211 20.0543 20.8423 26.0486 
35.3527 12.2401 20.7605 29.0835 11.8856 33.6645 37.5093 6.3523 4.2571 36.3906 
17.344 14.239 5.5274 13.2106 27.2694 13.2174 23.3212 23.607 20.1269 18.1891 
34.5528 23.4138 26.8573 29.8434 26.551 22.4965 42.2201 21.258 15.5038 28.0091 
11.3747 20.3817 3.7897 7.5367 32.0319 11.5074 15.8552 29.7912 25.3959 13.5297 
29.6564 3.3849 20.4525 33.4926 6.4695 27.8134 23.9092 7.2419 16.4526 37.726 
18.3204 10.5204 7.7538 18.6461 23.7943 16.2194 16.8672 17.0147 20.1151 19.57 
32.3539 8.5825 19.6691 29.1029 10.1664 25.2702 32.633 5.6483 8.0621 29.2815 
20.3751 11.793 6.7402 13.6251 20.1823 18.2945 19.588 18.9528 19.5975 20.6258 
31.4419 6.5534 26.1966 28.2268 4.5617 28.8591 25.5447 4.3347 12.4566 34.2436 
16.0836 17.0775 8.1475 14.691 24.0099 12.5742 25.5393 24.1007 14.8243 14.4275 
4.0252 23.7705 9.4393 1.3444 41.9252 7.0381 24.9201 38.2278 33.5049 5.1732 
23.9805 9.5471 16.8272 24.1279 15.4831 20.0308 29.4998 12.2232 9.8361 28.0985 
23.2262 20.7923 17.0431 19.3351 28.7825 26.6467 1.5656 28.5496 31.4128 27.7273 
27.5068 9.5311 15.8905 22.8038 20.1107 26.1096 13.2159 21.4659 23.3073 31.4587 
19.4764 7.9028 11.5956 19.4133 21.6494 18.4214 17.8488 16.8996 20.6449 24.6267 
29.3969 3.4563 14.4825 27.4146 15.7857 26.5637 21.6771 13.24 18.4394 29.5833 
11.4366 32.336 16.6645 11.4541 36.6656 4.2667 31.1077 35.3132 32.6156 7.7048 
44.0617 14.0179 33.3821 35.2655 1.5977 39.1771 31.8932 4.648 17.7598 39.9129 
17.6998 34.5173 16.1375 14.9892 38.4632 7.9249 37.87 30.8128 23.138 12.7238 
32.8951 24.8117 23.4388 27.0619 26.4618 22.1563 43.9924 23.2158 9.4992 26.6614 
8.7998 33.3743 15.7634 7.39 46.8052 4.6636 34.8152 37.1586 32.1175 2.7481 
21.1253 20.481 14.0633 17.1241 27.936 22.7882 3.7062 31.16 38.9305 27.5642 
1.8916 25.2407 12.8912 3.1006 34.7866 11.4054 23.8031 37.0324 34.7104 7.2418 
31.06 22.5524 24.1112 32.8679 25.0583 22.9546 43.767 24.2924 10.9383 31.8481 
18.5427 30.4194 15.3982 14.9326 32.2218 8.4128 35.3443 28.9979 21.485 14.3603 
19.1191 21.1613 17.4962 19.2887 30.7433 26.416 3.5887 32.5376 31.798 27.1697 
26.0107 8.7889 19.5072 24.1414 16.0123 24.9313 13.6603 18.9932 24.9376 27.8413 
22.6218 13.4732 9.2279 16.9131 19.0503 17.4904 29.2335 17.3712 14.2921 20.6925 
32.4183 17.4672 24.8065 31.3613 15.711 26.9501 38.8612 10.0005 0.4702 28.5044 
30.8596 22.8372 21.016 25.4394 29.2628 25.5925 42.4119 21.0537 11.0307 29.4899 
19.1203 12.6129 9.9994 17.1139 22.7222 21.3973 10.4802 22.341 27.2788 19.8077 
17.5289 28.4625 16.2334 18.0111 34.3184 11.2291 34.489 31.2574 22.1598 16.3117 
7.2969 24.6681 5.3906 6.1552 30.0661 11.786 17.2346 31.8283 26.6383 10.6793 
20.8113 19.0966 13.191 20.1456 23.7629 16.4826 36.8788 19.8775 12.8043 20.122 
1.6356 28.4712 12.5644 3.2518 38.7945 7.5833 26.7871 40.6754 38.9875 4.0373 
26.9007 25.9699 20.017 30.0612 26.4291 21.8536 38.5818 20.7278 11.8938 28.2718 
26.7861 8.6231 15.3386 21.1957 17.4774 25.0318 28.7016 12.7492 11.6355 27.7404 
33.6074 12.4831 25.8653 32.9558 8.7062 31.8218 35.0197 4.2326 7.766 35.4597 
20.8504 15.8883 8.2156 17.7491 20.7993 13.328 27.3854 21.6287 16.7685 15.2877 
18.1233 31.6506 14.2024 14.1737 37.3009 8.8155 31.1519 28.2264 26.8719 13.424 
32.9135 24.5801 26.2038 25.7737 27.5104 20.061 44.9324 24.782 15.9685 23.9283 
6.7301 21.0953 6.8055 3.4701 31.125 8.584 21.1458 34.6663 30.5571 8.2335 
12.4601 27.221 10.0887 10.8249 37.7209 4.1098 30.9735 34.0733 23.6095 9.6583 
13.7108 19.841 2.9748 11.1692 28.0462 8.5022 26.6269 23.4934 18.4074 13.7396 
14.1356 22.0057 9.0995 13.4744 32.6781 5.8451 29.3879 28.1624 22.0798 9.8786 
16.0331 16.1312 8.6744 12.1751 31.7391 18.8316 11.3023 28.9101 24.996 18.4847 
26.9365 7.7675 16.6542 25.7712 20.1813 26.2415 14.4849 16.3369 22.5456 27.1821 
32.9402 6.301 27.1702 33.7944 6.1591 37.8109 28.891 9.9157 20.5389 31.4442 
35.2928 4.3346 17.8557 33.8239 7.8345 25.2701 26.9029 5.2834 13.0511 37.158 
20.9333 25.2797 17.1459 19.3684 35.808 11.017 36.7223 26.1932 24.537 14.6172 
39.3769 10.1443 23.2634 40.1829 2.1767 36.6323 26.6354 5.7476 19.1082 41.1208 
13.1385 16.2648 5.2076 12.6992 24.091 15.6908 15.9052 24.8799 23.8935 17.9024 
22.2888 28.0091 19.8443 23.5967 28.5294 13.0064 36.4568 26.1868 19.7209 17.134 
11.1925 21.0047 3.753 9.1388 28.8906 7.1943 20.201 24.077 24.2478 11.0661 
16.397 27.9003 15.1677 13.7399 39.9948 7.4108 35.8145 38.1398 26.9997 10.7273 
32.3622 22.3344 22.7678 24.945 23.8731 23.7415 39.4319 19.2221 7.4587 30.4616 
25.4501 10.4813 17.6234 26.4302 21.958 27.7155 12.9654 19.676 30.4771 27.2338 
15.8299 12.2322 4.9183 15.588 21.0648 15.0627 19.0142 21.9097 21.3796 15.8424 
30.1907 24.8326 19.1534 21.806 26.1657 19.5726 36.4331 21.3368 12.2775 27.1626 
31.5801 21.2316 16.5078 22.8663 21.8578 21.3453 40.4611 17.1355 10.6904 26.9795 
15.1188 17.3013 11.9338 13.0088 33.0707 21.1275 7.3727 32.1256 36.1657 22.6843 
27.032 19.7501 14.091 20.2637 25.6004 18.883 31.203 16.91 12.0697 25.395 
32.9456 11.3744 22.3857 32.2214 7.9302 32.5611 29.9522 1.8429 8.5611 37.0635 
8.1098 19.7736 4.2692 5.7434 32.7086 7.4264 20.8821 32.2214 24.6104 7.3116 
28.0739 1.6222 16.9355 24.0859 11.5015 25.9691 21.7002 12.8246 19.1554 31.1154 
26.1224 17.1778 17.2644 24.9001 17.5507 18.0567 33.9592 15.1969 8.2278 22.463 
16.8809 20.9371 7.3052 14.0813 25.8568 9.1772 28.732 22.3033 18.018 14.1983 
17.6989 19.403 13.4505 16.5513 31.1744 19.0295 8.2648 30.6071 31.9665 24.3929 
24.702 6.1583 11.0107 17.9348 20.5988 19.4167 17.6592 14.4592 16.4514 22.1234 
16.7107 21.1445 16.0222 14.3466 30.1231 22.4993 7.6176 35.3817 39.1129 18.1523 
34.9163 13.2477 18.0117 28.9885 15.4376 28.4143 36.7628 11.8813 2.6053 29.4049 
35.0185 18.8029 22.3462 26.9773 16.9809 27.1003 39.8516 9.8661 1.022 34.7485 
23.1786 19.2671 10.2022 21.3118 25.3547 15.5323 31.3196 19.4025 15.3816 21.4408 
26.6191 27.4532 19.8811 30.8435 33.5457 17.6107 35.6518 25.2209 15.8288 23.5914 
34.8756 20.8466 22.2095 24.9872 28.6107 20.2362 44.9557 22.8765 10.222 25.0701 
26.0355 25.7567 16.3645 24.1667 30.3348 15.8402 34.6717 30.5447 19.5021 22.6184 
24.7271 27.1339 16.1926 21.2118 32.9556 12.858 39.6315 31.283 22.7541 16.3632 
38.7187 28.5431 27.0433 29.9087 32.3178 24.4297 46.7388 25.3357 15.509 28.928 
19.8423 20.0717 14.8747 20.5113 26.0435 16.732 30.2071 23.1435 14.7731 20.2888 
11.9074 20.2679 7.615 8.9753 33.635 12.9565 14.6067 33.3647 27.6051 13.7238 
34.3115 8.1232 25.1834 34.42 9.7367 25.9565 35.5032 3.633 7.8147 29.5242 
29.1257 8.0441 14.7128 23.0851 17.1156 22.0626 23.4015 14.1025 11.1347 24.9418 
21.7356 10.2727 13.1585 20.6691 21.6232 22.8059 11.2683 22.6293 22.0788 26.0366 
24.9232 23.8554 21.3682 24.7534 24.3872 21.8985 42.7183 21.5069 11.6893 23.5458 
33.2757 6.1442 18.3902 29.3124 10.2919 26.2745 26.6313 8.2584 9.6356 27.3991 
12.8036 21.3051 11.6676 14.5707 32.6261 17.335 10.1757 30.8176 36.8852 18.9164 
16.7669 20.545 12.1671 16.3835 31.5688 22.3306 6.0072 25.6595 29.648 19.793 
12.2062 15.3098 6.2265 10.9014 26.1079 16.0322 16.5156 30.0667 23.4882 16.7645 
20.4365 10.2443 8.5679 17.8321 19.8836 19.6767 22.3168 17.0427 17.8401 22.0775 
12.4737 20.2138 2.6127 8.4695 29.8406 7.4879 25.7335 23.4494 22.121 10.3787 
15.3837 13.1889 5.0736 16.2905 26.1805 15.629 19.256 20.3929 16.269 19.9746 
13.6057 16.9498 3.9503 11.0404 29.4349 10.1338 25.6218 22.7276 20.5677 14.0954 
27.1181 4.8845 16.9987 24.0119 13.5992 29.7228 17.0202 15.2033 23.3289 34.6626 
16.566 21.0412 10.4022 16.62 28.9241 11.9956 30.1169 24.3723 18.2501 14.0355 
20.7685 13.438 11.4806 15.5606 24.8612 24.1629 9.231 23.7206 24.9985 22.1359 
10.3541 30.4358 11.4511 10.582 34.7623 3.0399 28.616 29.4287 25.3878 7.1533 
13.3189 29.7928 8.9322 9.209 32.981 2.8416 33.1294 33.9335 25.2157 7.3525 
21.5485 14.1067 12.8307 17.1902 20.3223 15.2676 33.0646 16.6204 13.8891 18.3199 
33.0258 7.6331 23.6618 31.4043 5.1173 35.7865 26.616 8.2456 15.5964 32.4416 
19.2049 9.5285 11.7229 17.2144 18.366 22.3476 13.2973 16.9703 21.9878 25.413 
32.4142 12.5506 24.6763 32.2078 11.3451 30.5933 30.9258 7.7249 4.347 33.243 
19.2252 16.023 5.5201 15.2465 27.046 13.5119 22.9386 22.5978 18.6629 16.7578 
31.6419 27.5411 21.9716 32.4541 28.7192 24.6205 42.7001 26.7339 12.4328 24.5191 
11.1973 22.266 3.8065 6.9069 33.6603 11.6848 15.5675 25.6071 26.6104 12.1038 
34.6313 3.3103 20.9637 32.4039 7.2024 34.2333 28.4835 7.2353 14.2634 37.0635 
18.2358 9.9593 7.3391 16.7572 22.3821 20.1849 16.1653 21.7174 20.1151 19.0443 
36.6608 7.9625 18.8393 26.8245 10.8454 28.0458 30.3358 6.0959 7.7427 34.8886 
19.2697 11.9493 5.4795 14.4475 19.5729 14.5532 16.2959 22.964 20.1095 17.0441 
39.1318 6.0711 26.0768 28.405 4.8005 30.7031 29.1092 5.4393 12.6559 37.2483 
18.6589 17.8685 10.1778 17.0445 28.0 11.0581 25.8771 22.6193 15.4055 13.5924 
4.4491 24.5458 8.9756 1.3752 38.818 6.1077 24.0853 29.6939 28.2406 4.6731 
27.7277 8.6635 15.4045 25.5443 15.2313 21.7239 25.8998 11.4829 8.6586 25.1886 
25.8084 22.4206 20.7283 18.939 28.97 24.8318 1.6648 30.1563 38.7723 30.7276 
25.3072 10.9713 17.3474 25.4799 21.0396 25.1485 12.5176 20.9449 23.2693 29.9941 
22.5881 7.4466 11.5101 18.9763 21.4908 20.6711 18.7789 16.0356 17.0489 20.0429 
30.3613 3.3567 13.427 23.7977 13.4823 24.1554 19.5376 12.8391 18.3107 28.717 
11.9455 31.0379 13.527 13.5834 45.0418 4.924 37.0252 34.017 32.5487 8.3169 
43.5726 12.9298 26.1 39.7028 1.4454 35.5209 33.3056 5.0006 17.7955 37.4792 
15.9196 33.4126 17.1913 14.7654 41.2494 7.0155 37.2181 37.7526 25.1453 13.308 
28.9025 22.0309 22.8524 30.5962 29.4352 23.9091 43.8624 23.5379 9.6068 31.1242 
7.2839 30.6592 13.3692 7.6486 45.0635 5.205 29.6587 36.2015 29.3599 2.6267 
18.1709 19.2195 14.184 19.3669 29.0776 28.2843 4.6428 34.2078 35.0618 24.9833 
2.1468 31.3923 11.8239 3.2782 38.0369 10.9073 20.1074 32.0884 39.265 7.0509 
35.4608 25.1944 23.5449 32.546 27.5126 25.2934 36.4725 18.9138 12.1036 28.7941 
15.5618 25.9883 13.3175 15.5181 31.2963 8.8985 38.3573 29.269 23.4169 13.0676 
17.922 22.0203 15.9268 20.8049 33.3372 23.8115 3.6342 36.6376 34.6654 23.3523 
24.6895 7.9455 18.2321 28.2329 19.2861 25.909 16.4147 15.5738 25.6539 26.6749 
24.6175 10.8203 10.8094 21.3173 20.8432 14.5619 29.2926 15.637 12.3878 19.0882 
39.5596 18.3084 24.5757 29.9796 17.4768 30.8992 38.5068 10.9041 0.5173 34.7274 
36.0634 22.4707 20.6365 27.7688 25.5823 21.7123 43.6014 22.4987 11.5132 25.5734 
21.9355 11.8297 9.8874 16.3127 24.7471 22.0521 12.2338 23.5028 27.3371 22.5753 
20.9861 30.568 17.4799 19.592 34.658 8.8346 32.1495 30.0097 22.6964 15.9099 
7.1972 25.4558 6.3885 5.5526 31.4305 10.8519 16.5051 27.9062 28.1368 10.3936 
25.2509 18.3173 12.923 22.6264 25.257 13.3097 29.2155 19.8592 14.3389 21.432 
1.6062 26.6133 13.7564 3.3159 44.3033 7.2686 25.5695 38.2053 35.3508 3.5333 
30.1195 26.3678 20.9717 27.1735 32.5249 23.7219 38.6982 21.1039 12.8513 27.7936 
28.5422 6.5972 15.4343 23.0481 13.854 24.4075 24.3718 12.468 11.1875 22.2305 
35.0517 14.1995 22.5986 38.0405 9.6412 30.5715 40.0555 4.011 6.2591 31.7864 
18.5519 14.6104 7.4217 18.4725 23.8113 13.5207 28.0558 17.6926 16.0465 17.5986 
16.454 27.2306 16.529 18.2012 40.1198 8.3736 33.7716 31.0627 26.9683 13.6212 
26.4531 30.3346 25.8303 27.0721 26.615 18.6219 43.0301 21.9347 13.1624 28.1581 
6.2829 25.5628 6.7914 3.4802 35.5179 7.1696 19.4881 33.3305 27.3022 8.7542 
14.8463 29.5961 9.8478 11.1927 35.4381 5.0477 26.8283 34.9665 24.6979 10.8425 
12.1674 15.654 2.8613 12.6401 31.6985 9.4743 23.8238 27.6657 22.9081 13.3813 
15.7981 24.3361 10.0931 12.546 32.3644 4.9889 30.3592 29.5992 19.8389 9.2209 
15.4078 16.1209 8.3551 11.2511 26.5229 16.3501 11.3813 29.975 26.1173 18.0157 
26.2736 7.4007 15.8378 25.0149 18.7434 25.8575 14.1309 16.9426 21.8903 31.4809 
39.9344 6.0189 26.692 32.9315 6.2195 37.0328 28.1423 9.7973 19.332 35.5901 
37.4603 4.9757 20.814 30.9127 8.741 31.1488 26.7235 5.2368 14.1352 30.0191 
19.5849 23.9667 15.7037 21.6563 38.1377 10.7729 38.5574 26.1421 22.1024 17.0589 
34.7035 8.869 27.6565 31.3237 2.5192 31.1812 28.2037 6.002 16.2415 35.9948 
12.6092 18.2991 5.024 10.9073 29.1353 14.269 13.7256 22.8488 26.522 18.1079 
20.9671 25.0198 18.7797 18.8288 35.3512 13.047 42.9195 25.487 20.5433 17.4429 
10.5605 20.1834 3.7136 9.3684 30.3083 7.3366 22.7478 27.8071 21.838 9.2632 
15.9103 34.3763 14.9807 13.9837 36.1333 7.5914 35.0986 35.6976 25.9219 10.9835 
31.0116 19.4568 19.5621 28.7252 20.6584 23.7081 34.1829 19.2073 6.9559 30.3813 
25.9474 9.8169 20.0369 23.5381 18.6369 30.1716 11.9937 20.4382 27.7533 30.3565 
18.7697 13.2496 4.3183 16.01 24.9091 14.5621 18.2592 19.252 21.3072 18.9456 
24.0399 21.1824 19.9176 27.6823 29.0563 18.9265 37.5181 18.8259 12.271 26.5091 
27.288 22.7865 18.345 24.6062 21.6601 23.073 33.7919 17.1465 10.0453 25.8651 
16.2427 17.0067 10.9868 13.8522 34.4019 22.1207 8.2762 31.6781 28.0175 21.7508 
27.7942 16.5585 15.7855 23.4251 21.2699 20.2992 31.5149 18.1532 10.3854 20.6872 
38.4557 9.8941 26.0162 31.2081 6.6045 34.0105 36.6666 1.8203 7.6546 37.1454 
7.4193 24.3802 5.1164 4.9901 33.0289 6.6547 23.2843 32.0502 23.1791 9.0493 
30.4238 1.9565 17.5718 28.8985 12.8874 29.7011 20.8884 12.221 16.1373 26.5414 
27.2681 15.782 18.1581 26.4634 19.1472 19.1638 35.5839 13.7822 7.5565 26.9456 
18.0766 19.2506 7.7802 13.0515 24.5516 9.3745 27.064 21.8263 18.5659 13.1833 
15.6914 16.6514 12.647 16.676 29.6169 22.818 7.5263 26.2407 28.4599 23.8421 
24.6159 6.049 11.7014 19.0298 17.0078 24.6619 18.7155 18.4273 18.5187 21.0479 
17.4937 20.7091 12.1769 15.0059 29.8023 22.3997 7.9987 33.3697 35.336 21.4117 
33.8599 13.6879 18.5623 27.4236 18.1056 24.1885 37.5336 12.3728 3.254 28.019 
31.8368 17.5557 24.9036 32.1303 17.8964 28.6713 38.3428 9.971 0.9227 35.0415 
22.5921 16.6504 12.2243 19.5721 24.0088 13.2416 27.0796 19.9299 12.2745 18.7689 
29.8717 29.9385 21.6196 29.4528 31.343 18.4839 45.8075 25.1403 13.8074 27.5125 
27.019 26.114 22.5176 32.3108 24.7193 25.0317 36.2336 21.2375 9.1376 25.6999 
20.8988 23.1221 16.181 23.3762 31.2787 13.5718 37.616 26.791 18.3144 22.448 
21.4794 31.139 16.944 18.8972 37.9676 12.9321 36.2287 29.5715 22.9551 17.8879 
36.7944 29.2155 28.5745 27.1832 35.7533 27.7347 42.3489 26.5093 16.8138 32.1678 
21.1174 20.3555 14.0258 22.6689 25.4406 16.6384 28.3367 19.3261 13.9801 20.7547 
11.4645 21.3365 6.6467 9.4978 35.628 16.0302 14.8038 29.1737 34.1961 14.9134 
33.9854 8.8 21.8945 30.7625 9.8786 30.2344 30.4725 3.8466 8.6571 37.4057 
25.7766 8.924 14.5458 25.7503 14.3586 22.2232 29.2122 12.2193 11.0655 21.4229 
20.7353 11.6732 11.9417 21.3215 20.7283 19.6414 13.3902 19.8888 22.2642 20.5852 
26.0065 25.5612 17.9605 26.9937 23.4981 21.9379 36.296 23.437 10.6565 26.4907 
34.2139 7.3286 16.4541 30.6231 12.0632 29.0031 28.5094 7.5617 9.2858 31.4944 
12.5191 24.2895 11.156 13.7714 34.3727 21.0992 11.4878 30.3775 36.6048 15.9898 
17.8949 19.9442 11.9308 17.3461 26.7153 23.8618 6.2115 32.0993 29.5485 19.685 
14.4654 17.2254 6.1363 10.422 29.4863 14.5292 13.7783 28.5731 24.5991 18.1288 
20.3627 9.4447 10.1418 16.9312 18.277 19.0862 20.7625 14.192 13.9805 20.9736 
11.9671 21.497 2.3488 9.2849 29.8921 8.6142 21.6966 28.2936 26.2712 9.9203 
19.8424 12.8859 5.7834 13.4743 23.4037 16.5212 24.1738 19.6883 16.2584 19.2402 
14.2995 17.0624 4.4111 11.05 26.1048 9.431 25.2498 22.2808 21.4811 13.2722 
33.0504 4.9217 18.4265 26.8013 15.1369 24.5221 16.1689 16.4054 21.6483 32.0833 
17.178 19.2931 9.5673 18.1888 23.4718 12.0795 26.7962 19.7418 15.7857 16.786 
16.4395 13.469 12.1548 16.0025 24.952 24.2306 8.6952 22.6693 32.1316 24.9295 
13.0235 25.4482 12.0183 11.1475 42.4801 3.2357 33.592 34.2205 29.0951 7.7259 
12.4423 26.5417 10.2517 11.3189 32.6155 2.7538 27.2384 29.981 29.4711 8.3019 
23.6757 14.2884 11.5997 21.8493 24.515 17.3095 31.7014 18.3778 12.8976 19.0575 
36.2181 7.7673 26.2307 32.9559 4.4867 39.1989 31.5413 6.6188 15.9443 42.5978 
20.1048 9.0345 10.3904 21.2227 21.1717 20.7483 16.5173 19.1573 21.7325 22.1626 
31.465 13.6296 21.0658 30.2887 12.9734 32.8714 32.7783 7.4453 3.6528 31.2154 
17.7035 15.809 4.9116 15.4881 25.1964 13.0012 20.8413 19.3902 17.2613 15.6034 
31.1261 23.7629 26.9957 32.9233 33.563 24.1663 39.0813 22.978 16.0512 31.7249 
9.7634 17.856 4.141 8.3051 27.0849 10.3499 18.6296 25.6801 28.0323 11.2782 
38.3817 4.2163 20.7235 28.0669 8.0511 31.7539 26.211 7.8605 13.762 30.0093 
17.2938 9.5568 8.4206 16.9276 21.3656 20.248 15.6438 17.5231 20.7738 23.191 
31.1381 9.2779 20.7579 29.4726 9.1054 27.193 29.3662 4.8845 8.8057 28.3287 
16.8616 10.3049 5.6524 17.4338 19.735 15.4663 18.7278 22.9582 21.8294 21.2004 
38.6124 7.0757 24.5057 29.2024 4.9059 36.5487 25.9344 4.3458 13.2578 33.3982 
20.7338 21.5744 10.3819 15.5489 24.2428 10.5581 31.7943 25.3668 18.3899 16.6124 
3.8968 24.4254 8.8663 1.5686 42.0837 6.571 20.7259 29.8688 29.9484 4.7621 
29.5465 9.4727 16.879 22.5432 13.4048 22.4244 27.797 10.6649 11.0476 24.4157 
21.0158 22.0271 19.6846 22.2688 32.3368 25.1395 1.7289 31.5452 31.82 28.167 
30.0437 11.8212 18.534 22.9235 21.9221 25.9654 13.589 19.5514 23.4367 25.3326 
21.4984 7.1279 8.9376 18.5228 20.217 20.8772 17.2745 19.0869 20.584 22.8142 
28.9459 2.6488 15.7447 22.9004 13.7513 26.3745 19.2836 13.0935 17.6211 30.0406 
11.2509 34.1638 13.4302 12.6865 36.1863 4.652 32.0988 39.957 32.2226 8.5617 
46.4002 11.0344 26.2929 34.4314 1.5038 38.8625 30.0456 5.1161 14.2997 46.5136 
15.6035 26.7757 16.9954 14.7788 33.7899 8.987 36.9284 35.4034 24.7775 12.2342 
28.1892 22.6357 23.6721 30.2718 28.1247 22.6492 46.1784 23.2341 10.0032 29.2469 
7.6572 34.186 16.4903 8.9042 42.5911 5.3261 30.69 39.4956 34.8077 3.145 
21.5754 18.2443 16.9363 19.9899 32.5021 27.5164 4.6702 28.0236 35.6855 26.4541 
1.9728 29.2512 11.1868 2.7603 44.8783 11.9124 21.4792 41.2109 32.2594 7.8227 
34.1792 21.6365 24.4932 26.0925 24.4274 27.3312 40.9568 23.9749 11.4377 33.4254 
19.0073 29.2611 13.6364 16.8917 32.3324 8.131 30.4041 33.9737 23.5368 13.379 
21.9508 20.4742 16.4417 17.3018 35.8188 23.8552 4.0317 31.3648 33.8564 23.5415 
31.3991 7.9834 15.9368 27.3083 16.7057 31.9355 16.1144 20.3506 24.3988 30.387 
19.4919 11.3343 9.5058 16.8755 20.3575 16.9 24.0621 16.9717 14.6284 23.0201 
37.3607 16.9692 23.2519 28.1436 15.1732 30.6463 35.4133 11.9917 0.5666 29.261 
30.1978 22.4989 19.9822 30.0147 25.1734 23.8047 39.4203 23.1081 10.7862 29.7542 
18.1026 13.0843 10.1173 16.6742 27.0131 21.4976 10.699 20.3426 23.2067 23.2021 
20.0252 28.8007 17.2977 16.0161 37.6929 9.1217 34.6583 31.6548 24.6476 15.2417 
8.1617 22.2218 6.5688 5.1504 34.7224 12.192 19.0924 26.7641 33.0927 9.0123 
25.1467 18.3173 15.3895 18.4706 25.3922 13.7703 33.6678 20.8307 14.553 22.1517 
1.8262 31.4474 11.4075 3.3429 35.5335 7.2271 24.3519 41.7001 36.475 3.9941 
29.6989 24.0384 22.7251 25.5955 27.0669 18.616 35.9391 25.2212 14.522 22.8998 
29.62 7.2341 13.4751 21.7931 17.3065 23.2852 22.6399 11.3163 12.2601 24.7798 
37.811 13.7604 28.0431 30.8364 9.228 34.4983 31.3382 4.3571 6.251 40.4688 
20.9487 15.6048 8.2243 16.692 25.72 14.3112 25.3741 19.7767 14.5479 16.3422 
19.7977 31.814 15.8592 14.5066 40.4838 8.8837 35.0153 28.1992 22.5964 13.2267 
33.1143 29.6617 22.6327 27.6688 28.3004 19.888 44.4628 23.7512 15.314 22.9766 
6.8486 26.8597 6.786 3.2324 37.9068 7.4905 19.6782 35.8658 31.2599 7.549 
12.4282 22.3516 12.2827 10.5319 38.4187 4.9274 30.3686 32.1642 25.1235 10.6529 
15.7208 16.3218 3.1244 12.1909 30.2312 8.8373 20.368 26.7486 19.9359 13.4884 
15.1331 23.9384 10.0199 12.4914 35.7957 5.4858 31.5367 25.3304 20.7353 11.7927 
14.3545 18.5647 9.56 13.5113 26.9312 19.7578 12.883 25.4692 24.8487 16.5539 
26.0526 7.0633 18.077 21.4899 16.6688 26.9327 14.1518 18.7438 24.3428 30.5083 
35.9758 6.26 26.2753 30.1153 6.6086 37.3787 24.4282 8.4436 16.1585 34.7338 
37.4697 5.4175 22.2255 27.967 8.2204 29.5447 29.5082 5.6399 13.4208 29.0435 
20.6876 24.4255 14.5357 21.602 33.3296 10.4319 40.5295 31.6632 19.5448 18.4594 
40.7856 8.0029 24.0238 36.1947 2.153 39.5484 27.3467 6.4874 15.743 44.111 
13.8415 17.7119 4.966 12.1706 25.7282 15.9497 14.9137 26.116 27.0534 14.0068 
24.6318 30.3883 17.8508 21.0429 29.4233 16.2225 42.1966 24.8031 19.0347 17.2695 
11.9698 20.5675 3.0663 7.6255 30.4404 7.5676 21.0833 24.9801 26.8697 10.1203 
15.6265 34.2282 13.9965 13.6366 33.4291 6.2689 36.4901 34.053 31.0844 11.9751 
29.6876 21.7738 19.4727 27.841 20.3337 20.5604 34.4745 18.5233 6.738 30.5339 
23.0856 11.1616 15.8334 23.8336 23.118 26.1182 12.9921 23.358 26.4299 31.1685 
17.9799 14.3985 4.765 12.9792 23.441 12.2585 20.6242 23.3256 19.2761 16.7778 
26.8097 23.545 18.774 25.7163 28.2605 17.7623 35.146 20.99 11.5329 21.9623 
29.0792 22.018 19.6487 23.0838 26.6798 21.6313 40.7372 17.6981 10.1117 22.8006 
17.6579 20.5644 10.6443 13.2702 29.2178 19.958 7.479 32.642 31.5265 19.8953 
27.7288 18.6212 16.0115 22.8485 22.7536 16.8869 31.704 17.0733 10.2486 25.1105 
34.9255 10.3856 24.1802 38.3491 7.832 35.0223 36.4509 1.8537 9.893 35.6207 
7.548 22.5131 4.552 4.9342 32.6803 7.4527 22.3259 33.411 24.572 7.7761 
25.7241 2.043 15.3154 27.1416 10.9523 30.0658 22.3473 13.872 20.4232 27.1376 
29.6535 15.4788 17.5264 26.1677 21.4463 23.2451 32.7267 16.9761 6.7944 24.4601 
17.3183 16.8374 8.6104 12.7573 25.7047 10.5156 28.5556 20.8587 17.3278 13.5134 
19.9838 17.2387 11.7506 17.401 30.9005 24.1804 6.638 26.8212 35.0109 20.2805 
20.3124 6.6947 9.911 23.0231 17.9495 24.3888 16.6389 15.5393 21.0236 24.557 
15.6838 20.116 14.1928 14.285 35.842 19.7857 6.765 35.8082 33.5996 20.8665 
33.4097 15.0504 20.3606 28.3692 15.7298 26.6756 35.735 11.3174 3.1627 27.58 
29.7613 14.8431 24.9361 27.094 19.1236 26.9667 39.1763 11.6105 1.0628 30.9863 
18.801 17.0085 12.5869 16.7984 26.9403 14.705 28.779 19.7293 12.8667 19.7722 
EOF