I 150
J 15
bounds (0, 100)
cv 1.5
D 10
k 5
t 3
FLR 0.8
FCR 2
λbounds (80, 120)

λ 
96.1237 114.5087 100.4961 
113.8237 111.1634 94.4278 
103.3779 87.7307 100.5838 
118.1141 107.3255 99.1878 
111.2092 86.9134 95.1595 
94.2006 106.7461 102.8311 
95.4612 104.9432 116.0167 
85.6444 114.9618 93.2097 
89.6089 114.163 104.9907 
107.0081 101.5729 114.1506 
97.136 119.3043 107.7583 
99.3094 114.6329 100.9809 
91.8734 105.8026 113.4082 
115.5333 88.6798 111.9498 
95.3175 113.182 105.5838 
84.3468 99.9119 96.0524 
116.0023 88.393 103.5308 
114.1741 103.1275 104.2244 
94.3473 109.2173 81.3627 
99.1905 80.4225 106.741 
104.3479 87.6199 117.3947 
95.9924 80.2478 90.2467 
116.7869 89.1372 81.624 
106.3586 112.1504 97.0035 
92.0603 103.6502 88.848 
97.961 84.5872 105.7839 
114.1033 88.7598 86.3471 
111.0092 98.1091 89.9858 
119.6042 117.4442 88.5848 
106.0534 89.1709 89.9847 
109.6739 82.7623 100.3638 
86.3073 101.7362 115.2279 
94.8788 107.6242 82.1485 
94.6326 116.174 96.7587 
99.6007 96.6612 97.9223 
80.5728 101.2513 99.4234 
109.0567 99.7555 119.3498 
113.6886 90.3619 119.8589 
110.3542 105.304 91.9341 
86.0754 99.3906 81.2114 
106.896 80.5682 87.3196 
110.4797 84.4476 97.1174 
102.4706 98.6423 83.5485 
87.4738 83.5585 90.7286 
106.3616 108.0548 85.2878 
80.4477 97.9553 98.3159 
110.2629 90.6807 104.2837 
92.482 99.5518 80.0585 
112.3564 109.3674 105.8015 
87.6013 82.4681 110.9375 
114.6722 116.8347 118.2586 
111.6255 92.2654 86.5958 
102.0167 110.4618 98.0908 
90.3626 90.1872 91.2491 
95.9386 109.8733 80.4366 
101.8144 110.7799 111.5072 
89.9173 115.3193 118.3397 
82.9124 98.4481 114.0637 
102.3242 80.5904 100.4818 
112.7745 84.408 86.326 
111.6792 99.3934 105.4174 
98.7221 111.481 81.9677 
84.1759 81.4765 90.7656 
105.4354 106.8117 101.2388 
113.682 117.4141 90.9777 
89.1036 97.7601 99.7323 
85.987 95.9053 100.9476 
115.2571 87.7403 101.6561 
115.613 105.5548 82.7133 
103.1292 117.3842 107.6652 
115.1833 109.2854 93.225 
93.8801 106.4015 89.2217 
97.6607 91.1802 110.9039 
93.9711 118.1873 106.1374 
95.9599 88.1044 81.4448 
85.1204 82.7904 108.3831 
99.2257 116.2027 115.3319 
91.8069 92.7015 104.7552 
109.7134 117.4402 89.3114 
102.1448 89.0135 112.1442 
91.643 91.2047 100.5679 
105.8399 103.8955 103.6738 
91.9163 83.472 105.2483 
112.8836 110.0952 107.9343 
112.424 91.678 101.1752 
106.7282 109.6481 103.1243 
105.3837 84.0163 103.2964 
85.9161 108.4201 104.2571 
91.3929 117.4531 118.5714 
95.9093 118.0053 108.6017 
113.3815 106.3257 85.2616 
95.1625 118.5692 108.8536 
104.3474 83.6318 96.8447 
90.3285 98.2848 111.0115 
111.5418 111.874 84.0932 
112.6945 93.9407 82.9532 
86.253 101.0351 103.5465 
94.9247 86.234 113.024 
82.55 90.8949 90.0521 
97.9737 102.6734 119.6067 
101.08 108.0723 117.1001 
111.7569 112.4184 91.7496 
108.2885 88.4086 108.1569 
107.8147 102.8749 101.7037 
111.36 114.843 104.7745 
113.6864 106.0454 107.2914 
82.3112 87.2812 103.6804 
88.7759 118.7798 111.6294 
80.8314 91.0126 99.4534 
81.5744 92.2593 99.8062 
95.2866 96.0523 107.6967 
116.2411 110.2879 92.0178 
114.4801 115.4893 90.3715 
116.7462 90.6097 80.8534 
118.9727 100.913 98.2774 
82.0565 93.6878 115.4386 
90.5838 87.5899 104.5402 
92.5448 114.9975 111.3666 
111.0935 103.3611 85.038 
86.743 82.1022 91.0834 
82.3022 104.1706 86.1087 
100.1357 94.1423 118.1148 
102.2183 111.7527 118.117 
93.3176 109.8036 119.3305 
82.8201 80.3208 89.6763 
85.2513 81.9239 103.8843 
119.5164 114.4403 96.7291 
90.0109 93.2315 83.1361 
98.4043 101.4148 84.1285 
94.0965 99.3048 97.9173 
101.98 98.6747 81.8424 
92.4332 114.3065 109.8638 
86.5038 87.8224 115.0137 
107.2914 107.9878 108.957 
110.4613 92.9119 95.5563 
85.2575 111.2736 110.3888 
84.17 116.2222 101.5361 
84.5015 114.9365 104.5834 
93.0254 119.2654 116.731 
110.4084 82.6652 92.3453 
83.3341 86.3873 112.6738 
115.7535 113.7029 104.4118 
104.8526 98.8805 98.9028 
95.906 88.856 80.0513 
102.0952 96.8361 99.5555 
95.4299 99.374 89.802 
86.3667 109.9852 108.0493 
104.9851 105.7354 109.4505 
101.6053 86.1067 115.6653 
91.5241 89.7741 102.5002 

Icoords
63.3495 16.7933
55.6724 55.3434
37.7559 51.894
52.9622 0.9094
4.1749 15.7221
30.2179 79.0922
16.4611 31.7009
17.9554 2.0784
35.3632 50.8952
42.5879 82.9624
52.0478 3.735
15.7965 72.7059
72.1928 17.3907
7.8785 10.3937
8.2375 17.8335
87.3866 32.0907
90.2857 19.4629
38.9467 48.2696
81.7627 48.0019
27.69 30.7656
61.617 50.469
96.1719 70.8339
5.2482 88.5624
76.084 78.503
83.852 39.1836
89.9648 36.5051
47.9752 10.2407
34.605 87.0589
78.4714 35.7997
0.4779 37.4931
59.2814 6.2671
36.5827 42.7807
49.9286 37.3575
74.481 47.4734
76.7007 64.195
35.0787 89.5109
13.6746 92.7829
66.1112 70.6517
32.747 36.129
36.0642 82.0349
66.2021 2.2883
16.9022 19.3267
48.7108 22.9422
83.9363 74.005
16.2316 80.8413
72.9117 3.4651
33.3609 9.9155
43.4925 16.2535
87.9835 87.2189
98.8632 51.7633
14.12 38.4732
7.8311 58.8645
90.4797 44.5744
33.1092 78.829
24.4277 72.2132
78.1023 48.2204
6.5672 98.3173
21.7647 35.7779
22.0353 85.6965
10.4394 40.6619
32.8493 61.5191
40.1312 84.3181
0.0286 87.5665
89.0673 19.2172
48.0221 92.2311
98.7071 29.6
36.7458 26.7325
14.0562 50.9833
49.4329 43.4275
41.5458 11.5752
96.0349 52.0526
7.1365 79.9493
72.1124 73.5246
22.1381 19.2514
40.4764 83.4409
47.9378 35.4158
81.1545 4.451
56.7588 41.2296
34.126 97.0282
67.0445 94.3966
30.0714 12.5518
36.456 50.0418
46.5232 30.2569
51.8892 49.1702
79.9199 1.0275
7.1065 84.7318
59.7215 61.001
58.7178 2.8388
12.7014 91.4211
88.4252 6.871
33.0281 28.0157
7.7561 15.3677
88.2636 76.4965
41.6769 69.3561
4.5751 95.7005
67.8787 20.5261
94.4853 98.4439
24.3911 16.9913
36.7102 17.5821
63.3378 31.4003
87.927 28.5517
93.175 86.6736
73.4774 46.2571
0.6564 51.8061
30.7682 4.2117
99.6128 40.4915
45.2166 4.6548
3.3153 49.8618
25.4981 89.6508
47.981 37.1358
63.7154 93.4658
67.3884 77.6817
82.0668 86.8478
89.8276 75.3928
91.0203 30.7617
14.639 51.6782
66.2879 99.3485
88.6557 6.5792
41.0247 54.728
10.0023 32.8994
3.6208 22.9182
2.7738 9.7553
66.7053 16.9354
21.3135 82.5103
59.7367 39.7752
10.4178 29.7698
0.9209 88.5513
16.6371 49.1582
28.2694 39.7199
30.855 70.8122
1.2724 5.7259
70.9465 24.9194
93.1359 57.4364
36.3163 55.5159
4.4351 43.6781
68.7172 13.8191
84.7577 44.0509
20.8812 35.1126
52.0486 43.9279
26.7561 70.8485
4.5251 57.8623
54.8085 80.8381
10.2609 37.5915
24.7209 64.7462
73.9086 15.3046
14.1253 76.291
90.4959 18.3365
93.4139 24.0885
47.5781 38.659
75.9125 95.2544

Jcoords
48.3684 96.7593
51.9582 83.109
60.8541 80.2737
2.1409 83.4274
7.1157 82.9894
24.8795 83.9407
76.094 45.9777
46.2709 20.7036
70.8163 27.5056
84.0489 77.8677
96.302 58.1635
45.9161 71.7177
30.5758 52.9862
92.8453 10.8454
55.1937 80.9867

C
29.4269 21.875 22.5021 35.8571 32.1198 24.5935 12.13 6.6157 4.9802 23.9439 19.9819 19.6789 17.0405 9.075 23.3277 
13.3735 9.7653 7.7484 22.7357 17.3605 15.4102 8.8744 13.0471 12.1438 12.6006 15.4153 6.309 8.0511 21.7258 9.1768 
17.7406 11.6051 13.0668 18.7563 14.1747 10.4612 11.8432 10.9831 13.2122 17.7559 22.6868 6.8471 2.7075 21.2767 10.6945 
34.5264 26.5689 25.6335 32.6595 34.015 33.6232 17.8569 6.2788 10.0969 31.5565 23.115 27.7232 17.2491 13.1486 28.2622 
31.5496 28.3596 30.5388 24.1681 21.4518 24.5314 30.406 13.5138 24.7691 36.8579 37.51 22.2096 15.8972 32.165 30.4435 
9.1996 8.2641 9.8323 10.0684 9.2051 2.6964 17.4829 21.0672 20.8952 19.1096 22.0088 6.171 9.0988 33.1698 7.8223 
26.6948 22.4527 20.399 19.3166 17.939 20.4935 23.3745 10.9111 16.9602 27.6654 30.5411 17.3065 7.851 24.3875 22.1902 
36.596 32.3471 26.9888 27.8781 30.1229 30.9887 25.2792 10.798 18.1313 33.567 35.7755 29.3868 17.0301 24.2943 26.5251 
15.8177 11.864 12.3922 16.079 14.0834 10.8374 14.3511 12.4939 15.9063 17.1705 21.5779 8.859 1.7569 24.6956 13.3017 
5.2521 3.2359 7.3261 13.1017 13.5114 6.1506 15.1562 20.3693 24.8289 15.6857 18.3818 4.4468 10.6148 34.6244 4.4493 
31.6157 31.2337 28.5909 35.7971 34.1371 28.3685 15.7731 5.684 11.5272 24.9824 27.9193 22.1158 16.5806 15.0369 27.8955 
14.2689 13.6742 17.1835 6.2363 4.6092 5.0074 26.2504 18.3775 27.7845 27.3379 29.1892 9.538 8.1298 30.2949 12.6934 
27.5699 25.0503 20.9135 34.0896 36.5637 26.3744 11.1542 9.9513 3.5534 19.5485 15.4749 21.2425 21.3084 6.5125 22.9018 
30.1324 26.9128 26.8596 23.9849 25.272 26.926 24.3357 13.1144 19.6972 34.5163 36.2913 25.9498 19.2423 26.3571 25.9963 
27.1648 28.5268 27.0926 21.2913 24.8281 26.3817 24.7859 14.1543 20.4783 31.0803 34.9665 23.9728 14.6066 29.3485 26.757 
22.749 24.3111 17.8767 35.7938 35.814 24.6401 6.6208 14.7103 6.2617 17.7076 8.6825 17.8158 21.0469 8.206 22.2753 
28.1202 22.987 25.2399 42.2454 33.1969 28.9034 11.8401 15.7239 8.0595 22.9779 11.8475 26.4195 22.4193 3.5437 24.8607 
15.0561 14.4854 15.0715 16.2929 15.007 14.663 12.0363 9.6263 13.8607 17.3277 22.6175 8.4271 3.3456 25.6301 11.0135 
21.8305 16.2519 14.716 26.3358 26.9083 24.2429 2.3313 14.3237 7.4588 10.9808 6.9464 15.9204 19.5224 12.7063 14.9469 
21.9852 22.7205 18.4727 20.3634 20.0386 16.8321 16.1043 7.3196 13.6581 27.676 24.4617 14.1333 7.8224 22.8175 20.579 
15.3836 10.3207 11.3027 26.9202 22.7019 19.6858 5.5917 11.4966 9.8158 12.1422 14.0479 8.3937 12.3545 18.934 12.2282 
19.4412 16.005 14.3415 33.5557 35.0809 26.1026 11.832 22.1111 15.7936 4.3169 4.5236 15.6873 25.8123 20.3914 16.8531 
13.6286 17.5459 21.6954 2.0851 2.3269 7.4622 25.2194 29.236 29.4227 27.3003 32.9356 14.8122 14.8438 37.9532 19.0044 
13.1558 9.0558 5.4998 23.6623 26.8785 17.3066 12.2295 23.7964 20.4511 2.7055 10.0346 9.7218 17.7965 20.9388 6.387 
25.5986 17.794 14.2112 31.7509 29.0614 29.4875 3.8063 15.0764 5.9803 12.2127 7.9287 15.6025 20.7042 11.2294 16.8066 
25.9117 23.5976 19.1969 30.6286 36.4795 29.9115 5.0625 16.4852 6.8001 15.1465 8.415 17.0421 23.9877 9.2568 17.2313 
26.2068 25.8631 23.7762 29.8182 28.8444 30.3684 15.0107 3.652 9.0391 26.6347 25.8081 23.9341 14.0253 13.7136 24.847 
6.6292 6.7024 8.1986 12.6583 9.0175 3.1283 19.5595 22.2398 23.5441 19.7543 24.935 6.7702 12.1767 36.5643 7.6417 
22.1366 19.1548 16.183 32.6504 30.4466 22.3682 3.9686 11.0745 4.1705 13.1085 9.4787 17.4902 19.7895 11.3752 19.3257 
24.8631 26.4813 29.384 15.3797 17.3889 16.0235 23.7859 19.3095 26.5988 31.8255 31.6435 19.6653 12.7687 34.8199 21.1716 
35.2469 30.189 27.8106 37.7144 33.4276 30.9392 13.8468 6.4016 7.7509 26.7217 25.346 26.6003 17.1025 10.972 26.9093 
17.9563 15.0542 14.471 18.114 16.3907 16.954 13.9693 7.8066 13.3978 21.4916 23.1813 10.8211 3.9375 22.3324 16.5954 
19.3063 15.1495 14.0782 22.0709 24.1402 18.3479 9.6228 6.7402 8.4133 18.257 17.8301 10.4023 7.6765 17.2574 14.5197 
17.8037 15.4883 11.8773 25.5272 25.2147 19.2389 0.7811 12.7365 8.1022 10.0533 7.399 14.507 17.2044 15.1358 11.8824 
14.8399 11.7038 8.2964 26.4573 21.674 16.7033 6.684 18.7531 11.6974 5.9202 7.4937 10.9015 15.7876 19.3135 9.8065 
5.0515 5.6776 10.3389 10.2193 9.2055 3.9826 23.2367 22.3565 22.7726 17.0687 25.6075 7.5314 14.6064 31.7679 7.5393 
13.7414 15.5026 19.5092 5.0345 3.9769 4.3178 23.507 27.7666 31.1101 24.5738 32.8694 11.9275 13.1916 40.0832 13.1386 
12.4654 7.472 4.3101 19.7266 23.8013 13.308 9.8323 21.0785 16.8182 6.0885 10.5203 7.9679 15.2229 24.0551 5.5624 
18.9522 16.3587 20.3157 21.6053 20.7453 16.6781 14.3713 7.3134 14.2161 25.8791 21.9019 13.9494 6.5606 20.5511 19.2666 
7.2245 5.1821 8.3231 12.6063 11.0238 3.9211 21.3722 22.0907 22.1402 17.142 23.3328 4.6477 9.8828 27.4912 7.0943 
34.1488 30.3727 30.1105 31.6446 36.7871 29.7692 17.5015 9.191 7.7472 23.7788 24.4411 27.1318 18.868 9.867 25.3413 
33.1904 22.1109 26.0968 20.9307 24.7207 24.9676 20.4417 9.1525 21.6324 28.7737 30.2026 18.254 11.2734 23.7346 28.866 
25.0021 22.1616 22.4803 24.5116 25.0039 20.2228 12.1915 1.0676 6.9588 19.6588 21.5987 16.4887 12.7809 16.9732 22.1123 
12.9753 11.9097 9.0985 29.2953 30.4581 20.5951 9.1852 25.4539 14.6684 1.2578 6.7845 13.7806 20.2162 21.7761 9.264 
11.2861 13.8934 15.5656 5.4597 2.8659 3.3237 21.2673 24.8792 29.7863 22.3469 25.5485 11.4562 11.4109 39.8182 13.3485 
29.2107 27.078 25.3774 42.0829 37.4256 32.2584 15.4326 11.6424 9.2641 29.9196 19.59 24.8524 23.5977 7.261 30.2894 
30.3083 24.0227 29.4829 31.3557 24.4346 27.3897 22.2154 5.6243 14.4458 28.5691 29.9856 22.4258 16.8025 19.5192 26.5426 
29.6159 24.085 24.6558 26.8118 25.1049 24.3031 16.3324 1.8561 8.995 26.1715 22.8887 21.5739 15.0571 15.6441 20.3794 
14.1598 12.0344 10.9553 32.3942 29.4194 22.1288 15.782 29.3166 21.9574 3.2505 9.7166 14.0281 26.4484 29.846 10.2967 
25.7618 22.2951 15.8838 39.2031 33.4456 27.237 7.0549 21.0051 12.5559 9.4757 2.6527 18.4968 21.1725 13.3628 20.0829 
21.099 17.9526 22.058 16.939 16.2996 16.5073 19.1338 12.5155 18.1616 27.4576 25.6989 15.0565 7.5983 28.6757 20.7135 
21.969 17.4106 20.2825 9.624 8.6502 10.8313 24.0014 20.6153 26.8704 30.5014 27.9488 15.644 7.0687 32.289 18.641 
24.2411 18.106 15.926 37.8301 33.7234 22.9823 5.679 19.0014 8.1239 12.258 4.6052 17.4905 23.005 12.9432 17.8531 
8.3795 7.5769 9.6628 11.6089 10.0559 3.1767 20.726 18.636 22.1309 19.1567 24.8724 5.1212 8.447 27.6567 8.6185 
12.0934 9.4746 11.8638 8.4328 7.7265 4.1675 20.0144 19.4985 19.6885 23.7099 27.4703 7.0931 6.9884 32.5812 11.3765 
20.122 14.7708 13.1147 26.5656 30.3767 19.7038 1.0817 14.5374 7.8634 11.312 8.0114 13.1627 19.0869 16.0389 14.7848 
13.0929 18.6793 19.3588 5.0609 4.6059 7.6573 34.0965 27.3569 29.8319 25.1383 31.1738 18.5187 18.1897 42.4613 15.6003 
24.9162 19.3071 19.7463 18.6495 19.2834 18.0939 18.1148 10.3519 15.9629 25.6187 24.5464 16.8267 6.3895 28.4809 17.6549 
11.1594 10.8845 13.9497 6.0631 5.6453 1.0606 22.8882 24.236 28.0419 20.6644 25.5836 9.1094 12.2854 37.4748 12.8874 
25.1567 21.6665 20.1257 14.7287 16.0703 16.6255 22.6261 13.5514 19.8296 29.189 33.8157 14.5691 7.3186 33.599 22.0183 
15.0597 8.9782 12.4674 14.6589 12.98 7.1626 14.7048 15.4762 18.6057 18.0642 19.4881 5.6788 2.7657 30.7611 10.1383 
5.5357 3.7616 6.8536 13.7449 12.9393 5.2482 19.4026 21.3651 23.3032 14.5862 22.9505 4.2745 10.2299 34.8867 5.39 
19.2297 17.2571 19.7322 1.4085 3.2371 7.6246 31.2526 27.2666 28.2031 29.484 38.1212 15.2293 16.772 38.667 20.7502 
32.5424 26.1411 20.595 39.3699 40.1345 29.6162 9.3203 15.5744 8.014 22.6806 14.6963 23.5951 22.2273 3.2707 23.8184 
1.4632 3.0064 5.8302 17.7669 15.5923 8.1393 16.8701 24.1191 23.3863 15.3431 21.603 7.0937 14.2029 28.7286 4.4678 
31.7594 23.2418 24.8576 42.1215 36.7028 36.5856 10.3503 18.7266 10.4689 19.4816 9.6714 21.3406 27.0557 7.5237 22.4899 
24.6388 22.0608 19.2421 21.215 19.2847 22.0908 15.8302 4.3795 12.3606 26.7352 24.2698 17.7444 10.5638 18.8036 21.5294 
21.5903 17.6283 18.0918 10.9599 10.9188 11.6451 19.095 16.2433 18.8449 28.9041 30.0844 12.5442 6.0955 34.1758 17.9787 
17.7097 15.2765 13.3009 22.1125 18.4044 17.6132 9.0874 7.9612 8.8804 15.5183 14.9948 10.3484 8.0845 17.4725 12.8815 
29.1493 28.2861 24.762 29.9111 30.634 22.523 15.1532 3.4156 13.0767 27.1444 28.3333 23.1194 15.6921 17.6796 21.6961 
24.0688 17.2649 13.7829 33.471 37.0281 30.0434 7.3293 17.8857 13.1023 9.0395 1.9934 21.1102 25.4335 15.3997 19.5002 
16.4928 14.2437 17.0019 2.3581 0.9595 6.6871 23.6226 27.1874 31.7607 28.6527 30.4462 12.7256 12.7724 41.0332 16.5019 
13.1189 7.8043 4.287 21.7801 21.8065 14.7232 8.3527 18.2996 16.2051 4.0698 9.1122 8.5865 14.5452 20.598 7.0193 
32.6895 22.01 27.9605 21.7925 20.3395 24.3709 18.413 7.5455 16.7424 31.8436 30.7706 22.7474 10.8391 22.1234 21.2535 
5.9865 3.7665 7.0322 14.3528 11.7307 5.8456 16.5312 23.2171 25.3454 15.5196 22.9194 4.451 9.716 27.9997 5.7847 
21.802 15.8664 18.2194 23.475 22.4608 16.7568 10.3869 4.621 7.8771 18.6539 18.6957 11.8746 9.0605 19.534 18.1211 
35.8918 26.3536 28.2262 41.7482 35.0358 32.4905 15.5455 12.4188 8.1914 28.9192 22.2839 25.1126 27.3666 4.7358 32.2952 
19.7122 15.816 13.2222 21.2444 22.1407 21.2387 7.6891 9.0864 7.2808 15.0075 14.8708 10.6072 11.2337 16.7092 15.756 
5.2792 8.8405 11.3374 10.9067 11.0104 5.1374 21.5377 24.6229 30.5951 19.5927 24.6147 10.1887 13.9094 33.559 9.8558 
7.0951 5.92 6.0786 21.8338 21.2358 13.3802 15.8362 28.1147 24.4339 9.4097 16.6444 10.5603 21.0565 32.1445 6.464 
30.5136 26.2178 27.3605 28.2173 22.7363 23.413 21.7681 6.0425 16.8705 26.6656 26.4894 19.147 13.4536 22.6132 26.6743 
19.0005 11.767 12.7269 16.4215 17.0825 12.301 14.4441 10.2121 16.4243 18.1765 21.5911 8.7648 2.57 23.0813 13.4104 
22.3867 20.5616 17.1281 23.3474 20.0323 20.8204 12.4013 2.9606 8.2905 21.6601 21.7256 16.2419 8.7462 16.3582 19.6649 
17.2219 11.4849 12.8378 23.4724 21.3613 16.4799 8.5377 10.82 8.7569 13.1461 17.2194 9.1389 7.0716 18.8185 12.3568 
37.4663 32.2921 28.7314 41.3471 37.0761 32.2342 15.9473 15.4125 8.4726 26.8021 21.4929 29.683 26.4123 5.4976 32.9591 
16.6028 15.8609 20.834 1.7466 0.6884 6.0114 26.8875 25.4591 29.759 28.9989 36.52 13.1765 14.323 43.7338 17.6677 
14.3279 7.8261 6.1084 22.8946 17.5895 14.0081 8.6261 14.1765 13.5036 10.7131 12.2399 6.2864 10.4225 19.799 7.8485 
28.3561 27.6221 29.0492 34.2463 30.8377 29.65 18.4772 8.1018 9.3302 30.3613 26.1113 27.8973 22.3461 12.325 25.2205 
13.9533 14.217 16.0042 4.6741 3.9151 5.2394 24.507 27.2104 29.4576 22.8183 35.6563 12.3079 15.6411 40.4808 14.4609 
36.8446 29.8999 30.8857 35.7011 35.8974 37.5183 15.7212 15.3106 8.3632 23.6299 16.9329 23.7964 25.0573 2.1447 25.5614 
28.1385 17.6104 18.7027 23.7007 21.733 22.4536 17.974 5.8573 13.45 27.1849 23.3817 17.3002 8.1971 23.3311 21.5331 
34.3834 27.0971 30.1721 25.8618 20.6052 21.9174 26.1557 14.5421 19.6956 38.6313 29.72 22.9686 14.1632 29.721 31.1816 
16.1891 14.5434 9.3686 30.707 25.1792 24.7238 12.0712 21.4727 16.5324 1.5012 7.3786 13.2068 23.5349 21.5267 11.6373 
9.3229 5.639 6.9004 14.1885 13.1224 8.4199 15.8811 16.5421 19.5212 13.8342 21.3115 1.8071 7.5101 28.8372 6.7333 
14.7276 15.5467 18.4519 4.4944 4.1013 9.0759 28.9712 32.9504 36.7829 26.3002 34.2228 18.4867 18.607 40.2099 19.8678 
29.9652 20.7225 23.2575 31.4713 29.8114 28.2491 8.9407 8.0708 2.5527 19.0411 17.3281 18.5884 17.3169 9.6935 18.5763 
16.2578 15.5016 13.2529 32.1463 31.4267 27.0112 19.3642 31.2031 24.8428 8.2043 15.064 21.4375 27.5201 32.9253 14.9451 
30.9436 26.6409 28.6957 24.2838 22.1993 25.2138 22.9509 7.7407 16.508 31.0255 32.0184 18.0539 12.0341 21.4986 24.2613 
27.5626 26.7967 21.4372 26.1925 23.1454 21.7853 18.6589 3.504 12.3718 27.0346 25.3422 21.8718 10.9412 18.3748 22.8247 
20.3903 20.2942 17.3333 27.808 23.7765 20.6079 6.3206 7.241 3.0599 16.7833 16.7975 14.4235 13.8731 10.8962 18.8691 
29.8759 24.368 19.5219 36.8545 34.4829 33.5353 6.8773 16.7097 5.1445 15.5281 9.7582 18.468 22.5918 6.7681 23.3902 
16.1803 14.4011 12.4479 34.1413 34.059 26.7796 14.3263 31.4389 23.2956 4.1698 11.3434 19.8276 24.0277 25.2738 13.2688 
22.0862 17.0614 14.4045 27.9286 28.6256 18.904 0.9773 14.4374 7.2405 12.786 10.269 13.065 14.6607 14.7201 13.4701 
23.0682 19.8984 23.0599 11.909 12.1745 14.6198 24.7189 21.7248 26.4624 30.1601 34.4029 16.6633 10.5788 35.7919 19.824 
36.6274 27.8492 24.547 25.4374 29.405 25.7507 22.1946 8.5037 16.2479 30.2538 32.1545 23.9517 18.2028 24.1918 27.6586 
25.6476 22.8171 20.7892 36.6286 32.5737 27.9134 9.5055 19.8958 10.9235 13.377 5.7642 20.8462 26.4849 9.7582 22.2879 
29.3432 24.8986 25.3664 35.9035 27.9794 28.231 19.0812 6.0152 12.6141 25.923 23.6733 22.7691 16.1096 15.9505 28.1674 
24.7707 23.391 24.7635 13.0482 13.2879 13.3124 28.5553 20.2009 23.1169 28.9174 32.9082 18.8791 8.8162 36.2034 22.8263 
7.8459 10.6956 14.357 9.2821 6.4659 2.2457 21.5284 22.8627 30.4887 21.907 30.8564 10.6635 13.5325 41.4132 9.973 
20.2903 18.1903 17.809 22.5672 23.211 20.6225 11.0662 5.0273 8.052 18.1008 18.3442 11.0132 7.147 18.2468 17.4516 
5.4262 5.5152 4.7219 20.5442 21.902 12.18 19.4238 25.8293 20.5393 10.0356 17.6751 9.097 19.7802 31.4766 5.6002 
8.2434 5.316 2.1996 24.3398 19.4406 14.5057 13.0721 22.6716 16.5364 6.0581 11.4876 6.719 17.3636 28.3721 4.9022 
11.7074 10.2579 7.0444 24.4077 25.322 19.944 12.6845 27.8198 23.0423 3.4348 12.6744 15.5973 23.9299 28.8014 9.866 
17.593 13.5498 11.6322 29.1371 28.5477 24.487 10.2486 24.1346 19.5942 2.0751 7.0236 13.572 22.4501 20.6066 13.6366 
30.1906 24.036 19.3704 35.3118 34.2155 25.732 7.5028 14.6037 7.312 16.0905 8.8044 21.1895 20.956 6.4799 20.2972 
20.1957 17.7748 19.3474 11.8023 12.4526 11.0279 22.1632 16.6152 21.9187 27.7531 31.4655 12.1171 5.8973 34.9545 17.6279 
6.2446 6.4995 6.436 23.2318 21.5301 13.8555 20.8103 28.03 21.8908 10.285 19.7118 11.6581 17.9136 30.1877 8.1822 
36.4955 25.8015 24.5272 45.3032 38.4631 32.3742 12.931 17.2674 10.0506 25.6531 17.5008 30.6024 24.9867 1.9032 26.2542 
15.2666 10.3652 10.4389 16.9197 14.6552 10.1935 13.9915 13.3713 15.0487 18.0313 17.302 6.1791 4.2076 20.8671 9.1482 
27.9221 20.8007 26.1181 17.8209 16.4016 18.1241 21.4921 13.3542 21.9362 27.5056 27.9477 16.2352 8.6461 30.5707 22.8391 
32.1277 29.6824 28.7077 21.3238 21.9932 20.0967 23.4092 13.8714 20.805 36.966 31.8293 24.3975 14.3717 34.4574 29.0541 
35.5779 31.2112 35.6842 25.5652 29.0736 24.7554 30.4302 17.3315 22.8187 32.2898 35.459 28.1473 18.8018 31.0589 33.8109 
32.3435 21.9594 19.2478 31.3539 31.9192 30.7184 9.584 7.95 4.3143 22.6802 19.2653 20.7658 18.8182 8.833 20.9419 
9.2804 9.5997 15.5009 6.0463 4.8243 1.1903 20.3197 23.756 26.5661 23.5649 28.3437 9.3627 12.0615 38.3454 12.5348 
22.3596 17.5753 15.7721 28.1054 21.7552 18.5896 5.3164 7.3798 5.3216 15.7938 15.9744 11.3601 12.5655 15.6875 13.3339 
30.1657 26.3261 26.9443 20.1587 21.2061 16.983 25.4419 14.0456 19.7581 32.84 30.5199 17.0187 9.5529 33.8119 24.1982 
18.3893 16.8916 21.8957 1.7482 2.5559 9.3738 33.3212 27.804 30.5407 26.0235 30.6821 15.2098 15.4664 41.948 20.2696 
21.4587 16.3095 21.2054 12.2381 11.2466 12.1714 20.4169 14.0833 22.1772 28.9126 28.1645 13.3433 5.0881 29.7345 15.7789 
21.1125 15.1517 16.1739 17.6088 15.1715 16.7068 19.0566 9.9086 17.4317 21.6245 23.5642 13.4399 4.5997 25.5221 19.0934 
9.8014 9.5695 10.1539 9.9264 9.4448 5.4467 20.0288 15.8642 21.031 20.3263 22.3771 5.5902 6.8442 32.3691 10.0982 
33.7514 27.9643 32.0939 28.3939 23.9736 28.2926 32.0135 18.6715 23.6988 41.8124 38.1074 29.7902 17.1383 31.6145 29.386 
23.51 20.7255 16.8969 29.5612 28.3387 28.144 8.1099 8.2008 0.7823 20.1163 16.5191 19.265 18.5955 9.7123 18.0771 
18.8886 18.2309 12.0962 37.3805 29.2806 28.1537 7.5655 20.6681 14.7778 6.9855 1.1305 19.1804 21.8259 17.1924 15.2503 
13.7584 10.1594 13.6746 15.8232 13.6557 10.8953 12.6397 11.0397 15.0426 18.1206 21.772 5.9133 2.2201 25.8654 10.9536 
21.0915 21.7674 23.3621 13.9155 13.1408 16.2877 22.534 16.6479 22.6354 33.6181 28.1889 18.9611 8.6714 33.1971 19.4088 
28.0368 23.9384 26.4461 36.6501 32.9187 28.3981 12.0097 8.2878 5.2838 20.4621 20.7016 20.1801 17.0735 8.0323 24.8985 
21.5975 15.403 13.7879 30.6777 32.3029 25.4554 3.1153 13.545 6.7179 11.3683 6.1189 14.5686 19.2637 11.3533 16.5965 
21.9433 18.0343 24.082 16.2773 17.7496 18.4453 19.6388 9.99 18.1133 29.7785 26.0648 13.6058 7.1411 25.0469 18.6812 
18.3928 14.0112 14.7457 22.0984 19.1891 17.0052 9.6386 8.6539 9.6062 18.1037 17.6742 9.5933 9.2382 18.205 13.0804 
10.4766 11.1432 11.837 10.1505 8.7419 4.391 17.4375 19.0212 24.1226 18.4015 27.8673 6.2641 7.2553 30.3142 11.6747 
17.6242 20.3919 18.7267 7.7182 8.8209 12.1806 26.2918 19.6838 24.2722 31.9232 35.0498 14.3603 8.7328 37.1605 19.5103 
5.9664 1.2923 2.0025 20.7972 17.7884 9.3819 13.9854 24.0946 20.9257 9.7989 14.7387 3.8864 12.5263 30.8365 0.1521 
21.1977 23.5189 19.9637 15.7012 17.2425 15.0271 21.124 13.5906 19.2456 31.7932 34.953 18.2168 8.7096 31.216 23.4188 
12.0873 10.7647 13.9144 11.0689 7.7605 5.9044 19.8923 15.7295 19.1466 21.5826 25.5904 8.4787 4.0659 33.9397 12.6243 
27.8802 25.0867 21.1129 34.2767 29.374 26.6796 10.0863 9.9236 3.9674 25.2187 14.5215 23.6161 19.6451 6.4414 22.3056 
12.4948 12.8013 16.7661 5.3017 3.5049 5.2526 23.8276 21.9094 22.6621 22.7939 25.4224 10.4577 11.3933 31.9912 12.7439 
35.5108 23.0255 22.8928 39.65 38.7747 29.0887 10.8465 16.8517 7.3274 18.4368 12.8794 27.5966 26.7594 2.3906 25.9457 
32.5838 27.9628 20.7087 33.3566 33.4764 32.3471 10.3639 18.7403 9.0641 20.3397 11.244 21.5921 25.5631 4.7825 21.0222 
21.3074 16.1376 14.0304 24.8449 21.3071 16.1986 10.8516 6.0562 9.1016 20.5091 18.8938 11.3535 7.0103 16.3479 17.1728 
11.0148 9.8782 7.8209 22.8624 27.743 18.2168 15.9953 26.3387 20.6878 6.1927 16.3673 12.2697 18.8183 30.6224 8.1431 
26.3516 20.7244 24.0967 31.6679 32.7799 28.6563 11.6237 6.3004 4.4971 20.8357 20.5795 22.4449 17.4164 10.9706 19.4387 
16.393 8.9697 8.7848 23.582 17.1761 14.1284 8.0162 12.2575 10.4388 13.8251 14.2627 6.9838 8.0159 17.6265 8.2201 
17.0122 10.6106 11.8703 16.454 15.7637 12.3711 12.7005 10.7245 14.4898 17.1932 19.2481 8.1827 2.3103 25.2476 13.3198 
37.0789 28.5254 27.1568 34.1713 29.3988 27.549 16.7121 7.1606 11.9964 29.2906 26.0016 27.3674 22.6625 14.9899 28.6468 
28.6051 28.8553 30.8996 20.6526 24.5558 27.1905 25.3344 14.9508 24.7082 33.4373 39.214 24.1931 16.5366 30.8151 27.7678 
9.2806 6.7519 11.1997 9.6536 7.5885 2.5854 21.7829 20.9703 23.6195 20.5795 26.563 5.2934 8.279 36.0598 7.7196 
28.5861 20.691 25.4922 18.5652 17.0788 16.6467 19.4562 11.9882 19.6697 26.9124 32.1813 15.1251 9.2506 24.0074 22.5412 
32.2005 31.6177 26.8996 27.1737 26.7188 25.8787 23.7712 11.8791 23.4165 30.5201 38.0013 24.0437 20.261 29.6553 31.5248 
17.4862 11.5161 14.8349 16.623 15.3275 13.1013 12.4557 12.0253 14.1734 18.4005 19.4177 7.2576 1.7746 27.3648 13.8819 
4.7509 2.8255 7.208 12.7578 10.8651 5.8225 17.362 22.5397 18.7555 12.8535 18.8965 4.2076 11.2801 31.0468 4.9125 
31.4295 27.6381 26.7958 31.4529 33.9002 29.7319 18.636 5.8561 11.2425 24.28 28.0105 20.5595 19.541 14.043 30.1763 
13.7223 11.5181 17.4028 6.1356 4.9753 5.6792 23.3088 21.3791 25.7337 26.6808 27.3076 11.5149 8.9209 34.5931 13.7522 
32.5834 23.5994 20.511 29.9307 28.192 28.5464 8.7133 7.8868 3.7801 21.5514 16.2754 19.7338 19.8462 6.714 21.1244 
36.7808 27.0829 27.3857 26.7614 28.1106 28.9792 23.8049 14.0168 21.7126 40.3572 30.2109 22.8324 18.3157 29.6793 32.7014 
34.3722 25.4471 24.7573 25.9949 23.3684 26.2454 28.8778 12.1099 19.4651 34.4359 29.4164 21.0797 13.8361 32.184 28.1893 
27.6356 24.2552 18.7403 34.5997 32.725 31.194 5.4144 13.1019 6.2961 16.5831 10.289 20.4257 18.6074 7.3089 20.8469 
29.4216 28.366 22.2336 40.9821 37.8226 28.2421 9.9575 13.6324 7.2296 21.9617 15.6662 25.6038 25.6035 2.8407 24.4994 
17.9557 11.4284 11.8951 15.6923 14.4747 12.5847 12.7769 10.1169 13.9025 16.5671 23.2169 8.7769 3.286 24.1865 14.4947 
18.4856 14.9532 11.6359 31.4514 32.069 26.3085 2.2368 14.7133 9.0366 9.8995 5.6284 15.8172 17.2493 12.8497 15.7601 
24.7515 19.7781 19.1461 20.8258 21.0601 17.2634 17.4793 7.5689 15.4746 25.4946 26.5377 17.7103 7.5759 21.816 21.8902 
14.7239 12.5604 10.3993 27.0154 22.1434 17.7128 5.6599 11.6105 9.1331 12.7087 12.5059 7.9763 10.2025 18.8987 10.1356 
21.7198 16.34 12.6745 32.2275 34.1461 21.7824 10.867 23.0024 19.7696 4.8803 4.0624 19.9446 25.3093 20.5416 15.8357 
14.2914 17.8469 20.1606 2.2135 1.9214 7.081 26.9139 27.1982 30.892 27.4275 30.0462 14.3104 15.9792 40.5412 19.4591 
11.1711 8.6235 5.8095 27.7456 20.9347 16.6784 12.2913 21.6307 20.1845 2.8964 10.7631 9.9289 19.5965 22.9601 8.2887 
26.3831 20.3724 18.8164 32.8474 28.2662 22.2323 3.3371 12.9364 5.9908 14.2437 7.1048 19.4906 17.1159 9.5972 16.0767 
24.1472 19.5264 16.5791 38.1762 31.1121 29.5249 5.6051 15.6117 8.1479 12.9905 8.9544 20.7697 21.4114 9.1819 21.1778 
34.3223 22.4842 27.8421 28.6524 32.6576 23.3015 15.9656 4.1428 10.4535 23.6685 25.6379 23.3313 17.5374 17.824 25.8426 
5.2115 6.0813 9.8823 9.8326 8.7368 3.0691 19.1684 26.7403 21.3486 19.6889 26.5496 7.3401 12.0737 30.953 6.8411 
23.9247 17.8207 16.3839 30.3831 26.1778 25.9485 3.6237 11.9387 3.8815 14.4368 10.0307 16.734 17.2706 10.35 17.2366 
29.6635 25.5389 26.1577 18.2065 17.2234 15.8294 24.8968 14.6907 22.5991 33.6725 32.4277 18.0327 12.718 35.3102 22.7722 
36.0308 25.8278 24.0354 35.7653 30.904 31.6018 13.9675 6.3783 9.2276 29.828 19.494 20.4278 18.923 12.9029 26.2284 
16.6856 16.5389 15.4625 20.3197 15.972 16.7144 12.3361 9.5955 14.5299 23.4867 23.1196 10.3255 3.6438 19.6994 14.564 
20.5185 16.734 16.8726 24.9318 21.4308 18.8239 9.1242 6.2815 8.4641 17.775 16.1376 12.2877 9.7661 15.4817 17.2531 
17.9097 16.3567 12.6729 25.2041 28.7863 20.9811 0.8156 15.0582 7.9114 10.2381 9.4061 11.7757 14.4078 15.4881 13.7887 
13.6183 10.9252 7.1315 24.1319 23.5408 22.1767 6.6967 17.1607 13.9306 6.0568 7.543 10.0332 15.0187 20.4785 9.3754 
5.6994 6.8908 8.5099 11.1237 10.6326 3.993 19.9291 25.8909 25.9717 17.1241 21.3843 6.8481 13.0239 32.0705 8.2252 
11.1258 13.5203 15.502 4.6172 4.4048 4.7788 27.1973 29.1114 33.6259 26.8974 34.0161 15.1202 14.7957 41.0403 14.7097 
10.2432 6.699 4.3036 25.2193 18.184 14.2221 9.7392 21.4064 16.6446 7.6739 13.0491 6.8435 14.7506 23.7079 5.4767 
21.8761 15.9324 20.457 21.318 18.4753 18.8295 13.7756 6.1851 14.7587 21.5208 24.1284 13.1828 6.2173 21.829 17.827 
6.8311 5.6409 9.0612 13.1801 8.8804 3.8985 17.504 24.6772 25.1922 16.5881 24.1492 4.3167 10.2139 33.7926 7.3548 
35.5043 30.1347 28.3283 35.4696 36.6071 36.0287 13.9851 8.2358 8.5265 29.8129 23.5462 27.8552 23.6516 9.173 28.6629 
26.6626 22.9115 22.7755 25.3378 24.3278 20.0392 20.1171 9.8817 21.447 32.6132 29.5662 17.9965 11.4805 23.9485 25.6578 
23.2379 21.4927 21.9353 29.8093 27.4217 22.587 11.9017 1.0321 6.9114 21.4744 21.8533 15.1599 13.4652 15.6644 19.1803 
15.9859 9.9879 7.3525 30.2339 24.348 21.9305 10.0146 24.2857 15.7845 1.407 7.4417 11.48 21.6443 23.4856 11.0771 
12.1827 11.1512 14.914 4.3379 2.9033 3.3806 22.1333 21.2222 25.5049 26.0397 30.0424 11.5089 9.9102 37.9087 12.3433 
30.513 29.5734 23.5503 33.786 40.1711 31.8085 14.4862 11.0014 9.2279 27.4445 20.9166 27.6488 20.8874 7.4821 24.0947 
26.8623 23.2524 25.3887 31.9147 24.5511 25.1544 18.7766 6.5967 16.2914 26.2887 29.2798 20.4329 14.9207 21.6907 24.3939 
25.6397 24.0243 21.9694 26.4095 24.132 27.757 14.9692 1.6609 10.6646 26.0682 25.1674 21.9515 14.4069 15.7137 20.2215 
13.2512 13.3397 9.9863 26.4653 25.8888 22.6533 13.4213 25.022 20.2923 3.6746 11.125 15.3551 25.4725 24.2824 13.2406 
22.7521 22.092 17.1476 32.6489 30.0924 29.1652 9.3619 20.5287 12.3816 10.3432 2.7464 21.688 27.2169 15.989 16.8724 
24.1682 21.0071 22.3088 14.3709 13.6724 15.1897 23.3788 14.1282 21.1182 25.9567 32.0369 15.3601 6.6131 26.7651 19.0346 
21.3253 17.3502 20.3511 9.508 9.5625 9.2333 22.2786 16.3741 23.0429 28.2156 28.6478 14.7598 8.7555 30.9318 19.5976 
21.1967 21.5005 15.7404 37.9845 31.8509 27.0294 5.507 19.2928 8.7358 12.5428 5.5824 20.4699 22.7085 10.9551 19.7393 
9.3471 7.6368 9.2043 11.7968 10.4981 3.8655 17.2744 20.3345 21.0865 17.0322 21.0029 5.0597 8.0029 34.9057 7.3048 
12.0934 11.7456 13.1174 8.076 7.2351 3.5537 22.9986 21.7812 21.2798 21.0808 26.0276 7.0608 6.074 36.6067 11.8564 
19.4674 14.98 11.4076 32.7109 27.9658 19.4859 0.9336 15.7071 7.4506 11.1184 7.6878 15.5458 17.3004 13.1903 13.6613 
13.1681 18.2867 21.1151 5.6155 5.4848 8.3394 28.7967 29.4667 29.5259 24.2568 33.0908 18.191 16.0353 48.5062 20.5561 
22.5676 19.1443 23.0275 19.3297 16.2186 15.4443 21.8074 9.3593 18.7635 28.776 26.7878 16.6318 7.0894 25.1139 18.2958 
8.8144 9.4639 14.1888 6.806 4.9356 1.0967 25.3903 27.2325 23.0531 24.1272 26.3202 8.7248 10.9737 32.0241 10.4693 
20.9041 20.3483 23.075 15.0642 15.8113 13.7374 22.5866 16.0369 23.531 30.253 29.7059 18.0205 7.9136 33.0907 20.3737 
14.898 10.1892 12.4842 12.4937 12.0081 8.7783 17.1909 14.6126 16.5362 19.2735 23.5167 5.6739 2.9167 26.1984 11.1844 
4.6031 4.1479 6.596 14.0223 11.165 5.3779 17.9832 21.2309 25.1563 14.4885 23.7808 4.7612 12.2542 30.1573 5.8312 
16.1986 15.6779 19.4933 1.4986 2.5487 9.139 28.5738 29.047 30.2454 31.7929 36.43 19.351 15.9922 36.7403 18.8613 
31.6054 25.8973 26.5138 33.2099 40.498 27.9481 11.2534 17.0304 6.0215 20.2672 14.3952 21.8554 26.7052 2.9979 23.9875 
1.4414 3.8975 6.6633 15.8515 14.6907 7.773 17.4111 28.2976 22.7893 13.2255 23.1748 8.0546 16.2559 31.5252 4.7692 
27.4034 25.6576 19.2093 35.5545 36.3953 28.3169 10.0823 17.9767 10.2563 18.4122 9.7775 26.4394 25.7447 7.4196 21.3385 
22.1828 20.8579 22.1956 22.0519 21.4529 19.8706 14.3278 3.4495 10.4146 27.585 26.7412 16.2477 8.1312 21.1008 18.5381 
20.675 18.3537 17.1753 11.9864 11.957 12.3459 22.8481 14.0194 23.378 24.8928 32.4208 13.4641 5.0438 27.5882 16.3035 
20.1474 15.4236 14.7243 24.3237 20.3045 15.1404 8.8946 7.1696 10.3014 17.8475 16.1543 11.3775 7.8392 17.8524 12.2051 
28.611 24.6645 21.9718 26.7724 27.3756 26.0727 17.8445 3.7929 11.5137 25.9631 24.3792 24.0601 13.6658 15.4068 25.7354 
25.8333 16.8227 15.6682 32.3523 28.5078 24.6788 7.7463 22.0557 11.0013 8.5813 1.8491 20.7925 23.9998 14.6641 19.1798 
16.0297 16.1579 18.3664 2.2583 1.0325 6.8654 28.6192 28.0252 27.8504 30.7455 32.7409 14.3629 12.8688 41.5836 19.2081 
11.1257 7.2151 4.3737 24.6846 24.6899 15.0085 9.7611 23.4684 15.3488 5.0122 10.4218 10.3669 17.9649 25.8069 6.385 
29.3592 22.7218 23.2414 21.5909 23.8101 22.3314 18.3106 7.7437 19.1025 34.0774 28.1491 22.7186 12.6612 22.8711 23.0742 
5.2605 3.9077 6.4651 12.6545 11.3937 4.8781 17.5392 23.2234 21.9473 13.5824 21.9266 4.3282 11.0706 30.1928 4.9267 
22.0229 18.8865 14.6436 24.0921 25.0623 19.674 11.1627 5.0549 7.6786 17.6785 18.2414 12.4272 7.8131 15.9354 15.297 
36.3032 33.0909 29.9452 38.7095 42.8611 35.7142 15.7923 12.4418 9.8413 27.0236 21.2459 27.3376 24.093 4.5013 27.0662 
20.8073 13.2109 14.7022 20.8096 22.212 16.4313 6.0366 8.3073 7.1904 17.4836 14.4535 10.6654 10.608 18.7 14.3356 
4.4416 8.759 11.0156 13.6524 11.4153 5.3457 21.4848 28.6804 25.0924 19.5446 24.0501 10.4539 13.4455 40.3793 8.4285 
6.4212 6.8282 5.1379 23.6111 24.2555 16.495 16.8214 27.0198 25.861 7.5766 17.5013 9.5746 21.2828 33.5698 6.2439 
32.7972 22.864 23.4923 29.1771 27.9074 25.9898 18.8786 6.6609 16.5753 28.2247 26.4331 18.9204 14.0884 19.555 26.9002 
16.1656 14.2285 13.7603 18.7291 17.3472 11.6168 12.7267 9.646 16.3873 20.2053 21.6333 7.4025 1.9775 21.7696 12.1695 
26.1056 20.3172 16.5506 24.9889 23.9097 18.4935 10.7168 3.5531 7.8748 19.8172 18.2788 12.8832 9.1849 18.8695 15.5168 
16.8878 11.7089 10.3065 21.4247 19.9193 14.1992 9.734 9.8827 8.918 13.8659 14.6773 7.765 7.6194 17.0629 11.3108 
33.8981 31.3383 29.2938 39.2962 35.4865 35.9563 15.0496 13.6155 8.719 24.8706 20.6369 29.9575 28.1751 6.2605 33.3608 
13.504 13.7156 16.5788 1.6398 0.5696 6.981 27.6234 22.7721 29.151 29.6014 28.8419 15.919 13.3636 38.6972 16.3027 
13.7538 9.3023 6.759 20.015 22.5043 16.4902 8.2794 14.7756 11.2665 10.577 11.5024 6.2252 10.6099 22.1251 6.1825 
37.7578 29.3137 25.052 34.4433 35.3561 26.8116 18.2959 6.9522 9.1791 27.5263 24.6532 21.1366 19.2869 14.0111 28.1853 
13.773 12.1144 15.8362 4.5244 3.4661 4.6392 30.4817 27.774 33.1636 27.6913 28.0985 15.4052 14.3695 40.7422 14.0846 
32.2587 32.3761 23.57 38.8733 40.6421 35.3407 15.0324 15.7499 9.9636 25.5006 18.8426 23.9359 24.8428 2.1179 26.5849 
24.49 21.263 23.1372 21.5184 18.9678 17.4972 17.7221 5.9012 14.2474 28.105 24.4611 15.2635 9.9108 22.5096 19.2477 
35.766 27.7442 31.9583 23.2872 21.8563 24.3205 28.2972 14.0328 22.5211 33.207 38.2368 23.3702 16.9879 29.8488 30.3233 
17.4554 14.3773 10.8488 32.9879 27.5319 22.4454 10.159 26.0536 18.8362 1.6452 7.9651 15.8788 20.7877 20.0657 10.9131 
10.4371 6.2949 6.704 13.3408 13.8209 8.4088 12.8189 18.1646 16.1912 13.0692 19.9119 1.8673 7.605 25.4716 5.4886 
14.3772 17.3215 20.6169 4.7934 3.903 9.2894 33.9188 33.5597 36.4881 25.673 38.5143 16.9143 19.9072 36.9652 18.745 
28.7298 22.9052 20.1292 30.3067 28.8441 24.5408 9.2911 8.0989 2.4459 22.6277 16.1443 17.1624 18.5333 9.5329 21.7887 
16.9224 13.6617 12.2437 30.4155 30.22 25.7882 18.0743 34.8805 23.8781 7.9989 13.556 20.7279 30.3435 32.5573 13.7886 
29.4443 22.8442 24.9417 26.0774 21.2306 22.2613 22.6071 8.6573 14.3993 28.2298 25.7373 20.2827 12.6185 26.2822 23.9772 
28.515 21.3875 21.7395 24.43 26.1319 21.5022 14.7941 3.5181 11.498 29.3035 24.2536 21.4764 13.8193 17.4419 25.4335 
24.4871 19.3253 18.6106 28.7719 24.1656 23.1342 7.5061 7.6056 3.0928 17.5414 16.3431 14.6563 13.6181 13.0395 19.8892 
29.6551 20.3622 22.8437 36.8952 38.2927 32.9898 8.297 13.1236 6.2536 17.1061 9.8444 19.9798 23.3897 7.1706 20.6828 
16.9611 13.4993 12.9454 27.5462 28.46 27.053 16.2418 25.9023 23.8206 3.9225 8.8252 17.1707 23.4306 23.5525 13.6221 
18.6853 13.8096 13.0765 31.5243 24.6055 18.4612 0.846 14.5233 6.233 11.6494 9.4839 14.1794 16.3152 13.9209 15.5738 
24.7463 20.9741 21.3686 11.6146 11.5917 14.7204 26.6937 17.5896 26.8336 33.6287 29.15 16.1887 9.5906 32.473 19.4095 
31.0692 26.7954 31.8432 30.6849 28.8704 24.4955 24.5367 7.6595 13.9036 33.1083 26.3738 26.2833 16.7249 21.4074 27.7391 
27.4817 20.279 20.7281 38.5671 34.4569 26.3228 8.9356 18.7807 10.3044 15.5997 6.5751 22.8525 27.6495 10.1626 21.9813 
36.0892 23.6309 26.5015 27.6705 26.6902 26.8395 19.3804 4.8894 12.7274 25.0859 27.8975 21.4814 15.6803 17.8573 25.0343 
24.9658 19.4317 21.594 12.1582 12.2142 12.1832 24.6707 18.3112 27.7601 28.2337 30.2662 14.4742 10.2814 36.3303 19.2689 
8.1477 8.4333 11.321 7.943 7.1835 2.1573 24.3423 26.744 26.1431 18.2459 29.4848 9.7559 11.4375 35.3593 11.031 
21.4113 18.038 15.324 23.4141 19.7898 16.0293 10.6183 5.0438 9.0135 21.1856 21.0265 10.8919 8.3146 19.4532 14.5141 
4.7529 4.807 4.8326 20.9123 22.7884 14.5232 15.8561 29.1215 23.4516 9.3642 16.3106 8.4422 18.556 27.5694 5.499 
10.5009 5.8639 2.6227 24.3202 22.7987 15.4424 12.911 21.432 16.6621 5.8382 11.4527 8.3057 13.9502 24.0952 4.4992 
12.1219 9.2991 7.1576 28.4157 29.7349 17.9972 12.4945 23.9015 21.3028 3.1497 10.4873 14.3589 18.5067 28.8475 10.8011 
14.8365 12.0194 9.8223 33.2052 32.9001 20.7464 10.4239 21.1772 20.5989 1.9676 7.042 15.2245 19.6755 23.8828 13.6507 
26.6544 26.0935 21.0054 33.1216 33.9882 28.643 6.8825 17.8601 7.1729 15.3048 10.2444 22.8832 22.083 6.2979 19.1003 
19.8579 16.9697 17.755 13.2047 11.2032 11.2005 20.8424 13.7022 23.9308 28.9475 25.4772 12.5703 5.077 27.2613 18.7888 
6.0328 6.9262 7.39 21.13 22.2177 16.4092 21.0274 28.0706 21.7972 10.717 18.9525 10.7861 23.1571 34.6414 7.8454 
31.7546 29.7142 26.1025 40.6283 35.703 38.6505 13.2287 14.015 9.8196 26.3103 19.0809 28.7404 25.5145 2.079 26.6213 
13.7988 12.0106 11.3541 17.4754 15.794 11.6153 11.6674 10.6068 15.3473 15.4763 17.9887 5.9793 3.6864 21.7635 10.7833 
29.6504 21.442 22.6292 18.2044 18.845 17.9273 26.5922 14.3299 19.8971 32.0451 32.3808 19.3554 10.2706 27.5531 22.2782 
28.8294 27.3974 30.1743 21.1724 19.6585 24.3486 23.6298 16.5364 26.6444 34.1704 32.8902 22.473 16.1283 28.1277 27.5863 
32.5525 29.7893 30.8514 24.2169 27.8265 24.4844 30.4629 17.6814 23.8876 39.2356 33.2263 27.5583 17.4088 34.7341 32.7673 
26.3646 25.0781 23.6304 29.1759 30.656 30.7579 9.7183 7.0129 4.1 22.4395 19.6003 23.3381 16.108 9.7778 22.3346 
12.1791 11.4051 12.7247 5.7833 5.5943 1.2844 21.8539 22.2629 25.9593 23.3573 29.0217 10.1445 10.6567 35.1863 11.5953 
21.517 14.5551 12.3041 23.762 23.5052 21.4309 6.1561 8.7035 5.6175 17.9178 13.1545 12.3868 12.1077 17.1032 14.3704 
30.4274 22.3643 24.6674 17.8241 20.001 18.9959 22.6751 13.5907 19.057 28.6009 33.8577 18.3706 11.1733 28.0441 25.2799 
14.6479 20.5101 21.4298 1.6412 2.8822 7.3609 27.1356 30.2359 29.4549 29.091 35.0167 15.719 17.0084 46.6063 21.8861 
17.866 18.4505 17.0151 13.7562 13.2428 12.5539 19.6131 12.5961 22.183 23.9009 25.7113 13.2435 5.4798 33.4534 16.7239 
21.3605 16.9363 19.5814 16.3714 14.5647 16.5649 16.5147 8.8533 15.0458 27.0104 25.2137 12.1719 4.1204 25.3028 17.0535 
11.5013 9.4083 10.8334 11.1276 8.8205 4.4413 18.5425 19.057 18.7387 18.9043 25.1634 5.7139 6.2809 28.3154 10.4227 
33.8847 35.5035 31.0442 27.6712 28.9248 27.0181 31.5802 15.9113 25.4041 41.1427 43.111 23.966 18.7843 36.6864 31.3765 
28.6608 23.6513 20.3573 35.766 34.2152 26.1824 8.474 8.8968 0.9718 16.5382 16.2557 20.9792 16.7222 8.4055 19.2244 
18.6026 18.3813 12.6617 32.5447 27.5936 29.047 7.4546 20.3645 12.6496 7.5848 1.0009 19.1409 22.4719 15.2821 16.59 
15.6362 10.2609 12.6429 15.9159 14.2531 11.5908 15.1636 12.0064 16.0247 16.0387 19.6104 7.3898 2.3267 24.4821 10.8141 
23.2068 19.4208 24.7205 14.8273 13.3457 17.823 27.4165 18.4091 24.7329 33.3322 35.1454 17.454 9.0183 28.7645 19.4718 
26.6618 25.3072 26.6334 35.8314 30.1956 26.0082 11.8118 7.3182 4.1567 21.1536 19.5004 22.5882 21.469 7.8937 22.8431 
22.4494 15.8876 13.5361 30.2018 30.0793 28.2902 3.0309 13.788 7.975 10.5362 6.3979 15.179 19.6371 12.7682 15.8301 
22.5643 22.66 18.6842 20.1121 15.3833 16.4758 18.3389 11.4993 15.2544 26.0714 25.7099 17.1846 6.1041 24.4013 17.209 
17.1535 13.3059 12.8759 21.0673 17.915 16.8601 8.8108 9.2522 9.0651 18.0897 18.26 10.2564 9.2918 18.9876 13.8838 
13.4425 10.8321 12.1342 10.4988 9.2268 5.0748 18.9791 21.0014 18.7456 20.1101 26.9341 6.2603 6.0972 33.7866 9.3682 
18.8258 19.0969 19.0965 7.9519 9.8768 12.743 28.6859 17.7109 28.326 29.2171 29.5707 14.871 10.1904 33.9487 18.8754 
5.7672 1.3582 2.2417 17.3327 15.1531 11.3618 12.9642 18.2698 22.2565 9.2434 17.2731 3.8953 13.7483 31.1711 0.1478 
22.8375 24.5436 23.73 17.875 16.3051 18.604 23.6857 15.0542 20.8786 32.2387 28.9993 19.7369 9.956 29.6882 23.6749 
13.3091 12.164 12.7266 10.4212 9.5199 7.5264 17.3107 18.7009 22.2755 20.4524 23.9802 8.5054 4.3877 33.2621 12.5863 
29.9033 22.015 23.6046 34.3855 36.2491 29.9945 9.2314 10.546 4.6496 24.7307 16.4751 24.9701 22.0225 6.2897 24.1223 
14.5933 14.9771 14.726 5.2739 3.215 4.9226 25.9869 24.0028 28.3164 27.5779 27.3158 11.8323 9.9042 33.3015 13.1531 
30.0893 24.5028 24.7193 40.3633 36.232 35.9828 10.3011 13.8578 6.9431 23.293 13.5837 26.3308 22.3779 2.8436 26.7871 
31.4381 24.6234 19.7865 34.4562 35.7227 28.1069 9.4819 18.2724 8.3076 21.7481 10.5225 23.6975 25.9089 4.7838 23.3938 
19.3434 14.3554 16.9526 23.8052 19.4885 16.2847 8.8644 6.0382 9.9006 21.2695 17.5975 13.1806 8.818 15.9813 15.0526 
9.0728 8.7501 7.8443 29.3251 23.026 19.8268 19.6911 26.1702 24.5604 6.855 13.9802 14.9729 24.7502 27.4285 8.3015 
26.1807 24.0282 19.8148 27.2887 30.3652 25.2126 10.6651 5.9833 4.249 22.2673 20.5584 17.6332 17.0747 11.091 23.5607 
13.7604 10.3564 8.5301 23.2253 17.8577 14.2461 7.0591 10.7679 11.4688 13.5353 15.7819 7.3326 8.7469 21.9056 9.9642 
16.6664 13.1106 13.773 17.5243 14.4192 10.3852 12.5802 11.717 14.6994 18.568 22.0744 7.0744 2.295 24.9041 13.5504 
35.2653 31.6574 30.6661 37.6311 34.3065 30.9148 19.4932 7.1355 9.7669 26.95 23.3088 21.9807 20.4291 14.1021 24.7134 
34.1711 27.5335 26.1577 23.2808 24.3404 22.9416 28.2837 15.078 23.7878 30.6137 36.0392 23.6693 13.8011 31.5344 28.679 
9.1261 8.6797 10.7705 9.8724 8.9099 2.2601 22.2525 23.4228 25.6611 20.5526 20.7957 6.8527 7.8743 28.7237 9.8737 
28.8687 24.2332 23.9326 19.7782 16.6773 16.107 19.5359 11.9119 17.8434 32.1427 26.5374 17.6245 8.5048 30.429 24.9483 
31.4248 27.0218 32.7861 25.1599 24.6045 30.1918 24.7037 12.4723 23.0235 37.0364 30.6592 24.9818 20.8064 29.2859 30.3992 
18.0583 14.4513 12.4778 16.3766 13.6857 10.983 15.4793 10.1698 15.2905 20.0591 20.7678 7.1783 1.69 26.1668 11.9106 
4.6193 3.4665 6.6578 15.9129 11.5604 6.61 17.3371 19.2155 21.481 16.6966 18.2398 4.0129 10.011 33.5432 4.5488 
34.9952 28.5906 27.0423 28.8389 28.4886 29.6134 15.1023 5.9762 11.7543 31.434 27.9474 22.9486 16.2797 13.4756 27.88 
13.4429 13.7005 14.762 5.7606 4.2768 5.1288 24.1267 24.0191 23.4053 26.7492 32.3961 11.0659 8.0731 34.761 14.2675 
31.5724 22.2379 20.2298 30.1521 31.9343 25.8681 9.9799 8.6839 3.483 23.7515 16.6165 22.3348 20.9962 8.2283 22.8557 
28.7207 31.3175 30.262 24.0435 24.8146 26.5184 23.651 15.7182 19.782 39.5329 31.2763 23.7849 19.1989 31.795 28.8517 
32.6722 28.4797 28.8971 26.2452 23.8506 24.7116 25.8438 13.9483 22.5362 37.0276 37.572 25.4324 15.752 25.6131 28.2286 
22.7565 24.6837 20.5059 35.3162 37.4204 26.4186 6.9591 16.643 6.5333 17.6939 9.8867 19.4104 20.7987 7.1071 18.9443 
30.1426 26.4492 26.6924 34.1753 39.9786 30.2535 10.0477 17.4984 6.7556 21.6211 13.1596 25.4735 20.6389 3.3855 27.0776 
15.5945 14.0577 13.2176 19.4944 15.12 14.1032 13.4133 8.9988 13.1114 17.619 19.5444 9.3078 3.6165 20.466 11.7697 
21.0977 16.7446 13.474 31.4339 29.1507 24.1083 2.38 17.6237 7.963 10.0463 6.306 16.0579 16.411 15.0366 12.8673 
24.5025 17.7472 21.3211 18.0513 18.4388 17.5723 18.5803 7.757 15.5611 27.0444 29.2639 17.3517 8.815 25.5837 19.5941 
15.9228 12.6659 10.8912 26.7366 21.496 15.198 4.6777 11.3359 8.0718 12.043 10.7793 9.0436 11.6288 16.8655 10.1543 
17.0158 15.5232 12.1956 32.3604 29.0319 25.6315 10.065 22.7194 17.134 5.2503 3.8343 18.7282 21.0469 19.7846 13.1844 
15.5774 16.2856 20.1044 2.0911 2.2811 7.7727 27.5256 28.7048 33.4007 24.1273 35.4027 17.0835 16.5338 45.5532 18.1002 
10.3779 9.1958 4.6273 24.0477 21.3908 16.0347 12.0962 21.7998 18.2055 3.0443 9.7163 9.6754 20.0973 26.4174 6.6078 
20.7021 16.3772 16.2078 28.4151 27.4091 25.4971 4.0404 14.3352 6.7311 13.4274 6.846 16.1922 18.1946 10.1145 17.8507 
27.6177 20.9757 18.7396 30.061 31.3306 29.1464 5.983 15.161 7.9279 13.2579 7.623 20.3806 23.698 9.0347 19.0155 
33.1716 23.5935 23.1709 31.9252 30.9554 28.453 15.7564 3.9626 8.7013 27.1866 26.8222 19.0993 14.4683 16.6394 22.23 
5.2148 6.9711 9.5922 12.704 11.0822 4.0781 18.7305 26.8953 27.2311 19.3871 23.6337 7.5688 10.3788 38.099 7.8134 
22.3474 16.8825 15.8529 28.8896 29.1976 26.2223 3.7324 13.9409 4.28 14.0506 10.0507 16.6613 19.4842 10.7301 18.3192 
24.5507 20.6967 29.3026 17.3286 16.1797 20.1737 25.4827 19.0608 24.9435 32.7165 36.2018 18.7892 11.8344 32.58 24.2401 
36.368 28.0663 25.8637 30.4461 36.517 33.2838 13.9977 6.8661 9.3436 27.7445 22.981 21.0357 18.4185 13.4415 24.7991 
18.4757 15.9994 17.2446 16.3559 18.295 13.3681 12.895 7.8186 13.9114 23.0912 19.0865 11.3532 3.9778 25.0108 16.8334 
22.937 14.7831 14.7735 25.6553 19.9166 16.4226 9.6503 5.1289 8.6697 20.8522 17.2608 13.1421 7.6392 15.9256 14.3307 
21.0722 15.9309 11.2984 31.9898 28.0096 20.7287 0.7131 15.4666 6.2995 10.5408 7.7003 11.7757 17.5982 14.8858 12.2343 
15.755 12.3111 6.7951 24.8788 22.5173 22.0436 6.8517 17.2934 12.9237 4.8693 6.3391 12.1089 16.1009 18.3827 8.7833 
5.0757 6.8185 10.4703 10.2193 8.7892 3.7699 23.0333 24.3433 28.455 18.619 24.2663 6.2814 13.4251 34.9594 6.6654 
12.8544 12.9517 16.9174 5.235 4.3588 5.4839 25.6291 27.3474 29.1147 25.099 27.109 12.1701 14.9124 37.3373 15.7586 
9.7381 7.078 4.0941 25.8129 21.8304 14.9195 8.7543 21.4816 15.5509 6.947 11.5429 7.8729 13.1037 25.7911 5.0317 
23.2347 16.4146 16.621 21.4926 18.5821 17.9282 14.7536 7.4303 12.967 20.0591 21.4176 14.1087 5.3811 25.9366 15.3992 
6.4263 5.5198 7.8409 11.3501 11.1223 3.9484 21.3237 18.8203 20.6077 14.7145 22.6395 4.5478 10.1459 30.0409 6.6939 
37.331 25.1944 26.9447 37.6199 34.9868 31.023 15.2035 10.5506 10.2313 26.8929 20.4808 22.8353 22.7841 10.8576 30.6018 
25.9271 24.9421 27.4193 23.3974 19.6259 23.8673 24.5443 10.4579 20.002 29.4418 34.9314 19.0146 11.1899 27.1045 27.6974 
28.9219 23.1015 18.5363 27.0459 22.4619 26.012 13.8232 1.1345 6.8821 21.1348 22.0546 16.6206 13.016 14.6531 19.817 
12.7473 10.3071 8.1585 31.5924 27.5113 19.4033 8.8476 21.5771 15.9584 1.189 6.0812 12.7788 21.4779 23.881 9.9561 
13.7176 11.3302 15.1595 5.2032 3.3323 3.6039 21.2188 23.4204 24.5815 23.8607 33.1382 10.2792 11.6929 37.7634 11.9303 
35.9731 26.8145 29.397 38.6018 34.3395 33.1394 16.4643 11.3853 8.8442 26.4363 19.3758 28.3681 23.1221 7.8881 29.7248 
33.8159 24.9742 27.3754 28.8878 23.728 24.5136 19.2239 6.4571 12.501 33.7319 25.029 22.2555 13.7165 18.1747 26.4683 
26.0752 21.8342 22.5465 31.3791 26.093 23.208 16.8839 1.8813 11.2763 23.9438 25.2214 21.6905 12.8455 15.8924 24.9381 
15.9446 13.6733 8.5833 27.6855 26.1803 19.0073 15.8292 26.4038 22.964 3.1105 9.9916 13.4677 24.2093 24.091 12.0524 
25.6807 17.3983 17.4042 34.7251 37.1091 30.7707 8.9625 21.677 11.7883 11.5738 2.1088 17.6084 25.0382 15.0089 17.298 
23.9046 22.4232 24.6726 14.0499 14.488 14.8673 24.0405 12.42 22.2732 25.756 28.4792 15.4337 7.55 31.6209 19.4721 
19.6883 19.5806 18.2582 8.386 9.2077 10.243 26.2661 17.3599 25.7025 27.3829 35.2125 15.0049 7.0828 32.2011 17.1669 
22.1958 16.8256 16.1719 33.1979 30.5016 27.5496 4.6629 17.4288 8.8895 11.6917 5.1167 16.6347 20.5369 12.081 18.6796 
9.4036 6.278 9.5294 10.4318 8.6765 3.4518 19.0597 19.8636 21.6023 18.8052 25.0187 5.7145 8.9819 28.797 7.4935 
11.5825 11.0261 14.1135 8.1434 7.8937 3.6007 18.0095 21.7812 24.8748 21.6737 22.278 7.8561 6.6655 33.9782 12.7842 
19.1941 15.9305 12.5942 30.2159 27.8157 23.7549 1.2021 16.4602 8.6364 10.3897 8.028 12.9515 14.659 16.0269 14.7408 
14.5318 17.4633 20.0511 5.0625 5.405 8.6444 26.3252 31.9687 36.764 31.8536 32.2945 15.7924 17.9743 43.3582 17.722 
24.7299 21.5864 19.0297 17.8765 17.0788 17.8478 21.4868 11.4222 16.6942 27.2875 27.1069 15.2679 7.4896 28.8877 17.2219 
11.1337 10.6443 14.4044 6.9802 5.85 1.3283 22.3985 25.2071 25.893 24.8961 30.3359 9.2062 13.1002 36.5062 12.2879 
23.3961 20.4493 24.8574 14.4281 16.635 15.316 20.2417 13.8015 21.8317 25.0651 34.1049 17.0869 8.8508 28.1832 23.9339 
12.0562 11.4895 12.1775 14.9532 10.2319 8.4428 14.4245 13.4268 16.944 19.1821 22.3348 5.0589 2.7693 31.3894 11.3385 
5.8968 3.9886 6.9908 13.3686 10.0977 5.7929 16.8688 19.5884 24.685 14.1956 19.4063 5.4836 11.4419 31.0526 5.6338 
17.8864 20.7961 22.3664 1.514 2.7377 8.3328 28.2184 30.9493 33.6432 30.9641 30.2091 16.2585 14.788 41.9424 18.0724 
34.8456 24.2792 23.2921 37.63 31.2561 27.6473 9.6118 16.4309 6.0916 22.0508 15.5083 21.0807 23.1256 3.3175 21.5288 
1.5341 3.4654 6.1389 16.0897 14.9004 9.7987 19.4996 24.0476 25.0401 11.8254 18.4713 6.5988 14.4048 34.0153 5.096 
32.1455 21.9983 19.165 41.8893 34.487 30.7737 8.4545 19.4712 10.3207 18.3012 9.5912 23.0695 22.5032 7.2486 21.5809 
23.7302 20.1514 23.1645 20.8497 23.2459 17.9309 16.461 4.4561 12.9535 26.0246 21.8657 16.2293 10.2563 17.7074 17.9192 
19.0732 15.7949 18.4562 12.5636 11.6852 12.214 18.7403 16.9197 20.5525 23.5582 24.9327 11.9664 5.0005 26.9427 16.2118 
16.9522 13.9882 14.6549 24.0883 22.7201 16.1921 9.9552 7.5757 10.2054 18.7753 18.0409 11.2692 7.8879 16.9677 14.2304 
31.9182 27.7078 22.8924 28.7556 24.3154 23.4439 15.1289 3.8957 11.527 24.7741 26.3131 20.828 14.9038 15.6941 21.8164 
24.7681 20.5162 17.4587 37.7081 31.8312 28.1408 7.5461 21.7439 11.4095 10.2577 2.0014 18.106 25.0145 14.6434 15.2408 
16.2345 16.2298 19.4945 1.8566 0.9634 6.558 30.0952 25.036 29.1291 25.7674 33.2458 13.8753 12.3258 43.8516 14.9733 
11.1622 7.2932 3.997 25.6881 20.8147 16.3532 9.1209 22.3453 14.603 5.0148 8.7684 8.3896 15.6526 26.0182 6.1483 
26.4462 25.8369 21.9622 24.0175 23.1946 20.9069 18.9308 9.2789 16.8214 28.4163 32.8727 20.0574 11.611 23.0348 26.8557 
6.1073 3.4655 7.1498 12.7427 10.0992 5.301 16.6553 23.5132 20.8592 15.9369 23.9611 4.438 12.1658 28.5189 5.9294 
23.8571 17.1539 16.4969 22.7783 22.8495 19.3839 11.1717 5.5968 7.8166 17.712 17.8084 13.9143 8.8085 15.4439 18.2826 
33.7073 31.3877 25.7536 34.2521 43.023 29.9777 14.5749 12.3033 8.4491 26.5167 18.662 24.414 21.8499 4.3654 31.2203 
17.6286 13.7084 15.1223 22.0657 20.3048 18.7817 6.3651 8.2773 6.9075 15.8572 15.7526 11.0893 11.3198 16.445 12.3144 
4.7891 8.3632 9.9242 12.7105 11.1961 5.4162 23.9036 23.9892 26.7746 18.0206 22.1803 10.6103 13.5692 38.2727 9.1858 
6.0184 7.092 5.9768 22.4855 21.1199 16.8425 18.3878 23.4212 23.9046 8.9568 17.7947 11.2391 19.6881 31.5936 5.4314 
33.9002 23.7578 28.3499 28.3163 23.5661 27.8722 19.3393 6.0099 17.3349 31.7835 26.4894 23.9001 12.7823 24.3464 25.4204 
17.6409 13.173 13.2047 18.9015 13.8663 13.0854 13.4838 9.6119 13.4657 21.3906 23.2942 7.2535 2.3707 21.4675 12.2491 
22.4332 18.9411 18.793 22.7449 21.5332 22.8 12.1133 3.6315 9.3197 18.8533 19.5799 14.3262 9.8346 18.4024 15.9337 
16.32 10.2665 11.7664 21.7267 20.716 13.979 9.4728 10.2629 8.872 13.0987 15.4703 8.7936 8.1283 21.6847 11.1445 
30.7028 27.6443 25.8868 35.9875 40.036 36.5832 13.7188 12.2474 11.0514 24.155 21.5285 25.4314 21.5684 4.923 29.31 
15.6315 16.8528 19.8039 1.6178 0.6199 7.0006 28.9528 29.287 33.1588 23.2903 36.185 13.0946 15.4837 38.4935 19.0182 
11.5441 8.8172 5.9018 22.944 20.3092 15.368 8.715 16.5343 10.7443 10.0974 12.3023 6.012 11.9611 18.8133 6.4817 
32.7971 31.6498 26.4851 33.2223 30.9426 29.6149 15.1194 8.0997 8.2505 29.6882 21.3291 22.1525 22.8694 10.7651 24.7746 
14.0182 15.4048 17.1608 5.0317 3.5359 4.6663 30.7859 29.4179 32.8872 28.2505 30.1319 13.9531 13.6277 38.3897 14.9991 
33.0459 31.869 26.2517 43.7296 43.2261 35.2508 15.0283 16.3177 9.2855 23.9286 17.4467 27.0995 26.8254 2.1185 24.9523 
22.6024 17.5696 18.1166 23.3962 22.827 18.6897 14.3951 5.3763 11.7872 25.3944 24.4611 14.6621 7.8132 22.1922 20.0976 
30.1901 25.5603 28.1512 23.6218 20.5309 27.388 22.9208 13.1229 20.0873 31.8361 31.7165 24.8538 16.8295 31.0673 28.2181 
13.9429 11.9897 9.9717 26.1104 28.3623 22.1646 9.9947 25.8511 16.7716 1.5969 7.7589 16.2965 20.8687 20.092 11.6172 
10.5669 5.5239 6.9754 16.4043 13.3268 8.6023 14.6163 15.5354 16.2983 12.9871 18.3896 1.9134 6.4381 29.3036 6.8617 
13.7332 15.0564 20.0216 4.2829 4.0612 9.3199 33.4919 30.196 29.8522 32.1157 30.4764 14.7253 18.092 40.0507 20.0945 
29.8708 23.6091 23.7869 27.5681 29.55 24.9622 10.5507 6.8434 2.3073 22.5026 18.6534 20.2317 17.5246 10.6147 23.3023 
18.4083 17.441 11.678 28.8063 32.101 24.2169 17.6073 31.7702 27.1462 7.9066 12.9633 22.0695 29.8023 28.9213 14.9365 
26.0293 22.4359 23.0209 25.58 23.5501 24.9795 19.0151 7.2547 15.2942 26.8831 25.5799 22.0057 11.7164 27.32 23.6789 
26.8744 24.664 21.5178 27.0626 26.4478 23.5917 18.0229 3.2345 11.7537 30.2923 25.7676 19.8894 12.7521 18.3409 20.7708 
23.4478 16.2386 18.2044 28.5229 27.9198 20.6599 5.877 7.0517 2.6223 15.4199 16.0884 15.0428 12.445 11.3133 16.3315 
27.9993 20.0289 22.9546 30.724 32.6608 33.4514 6.9384 13.7128 5.2234 19.3223 11.9339 20.016 19.2504 6.2554 24.4596 
14.3983 13.4538 10.9026 33.4672 29.7004 25.3374 14.5028 28.7515 21.7206 4.9574 10.0671 16.6899 21.9449 27.6927 14.2712 
21.0258 16.1012 14.009 26.8588 29.9833 22.5446 0.8755 14.8592 6.8466 12.1127 7.7565 11.5679 16.6843 13.0128 15.1499 
25.4215 21.7073 20.0235 11.6558 11.5184 13.3441 26.0354 21.2941 29.024 29.2952 30.6549 16.8908 11.0399 31.4238 21.5249 
31.983 25.6925 27.3035 32.3105 31.6011 29.2363 18.9033 8.9836 18.1938 34.0082 29.9729 21.2674 15.5689 19.5283 31.8481 
28.7755 19.1858 20.9058 42.0499 35.3323 30.0227 9.0008 22.4902 12.1839 13.3527 5.6204 22.0823 22.8787 11.9506 23.5502 
34.6516 28.4342 24.6791 27.3024 30.6014 28.8285 18.7614 5.7273 12.3705 26.329 22.4156 26.5449 18.1549 17.8765 23.2791 
23.5871 21.4349 23.7547 13.337 10.1235 12.6954 24.073 18.2281 22.8893 31.1306 32.1893 18.0508 10.918 33.42 20.37 
9.2877 10.5484 12.978 8.9509 7.4279 2.0263 23.5202 24.4973 26.7507 23.0 27.8808 9.639 13.7139 39.0393 11.829 
21.9539 15.6016 14.7073 20.287 21.8597 16.7965 11.0014 5.4189 9.244 21.6099 16.4629 13.026 8.5595 16.5776 15.8029 
4.7733 6.2532 4.6193 21.8231 19.5305 12.8318 16.3419 22.7316 22.6755 9.049 16.7863 10.5865 17.6353 26.6671 5.4854 
10.6248 5.3127 2.3352 25.3026 19.7552 16.0568 10.7246 23.5102 15.5255 5.8982 12.6667 8.6623 16.7784 24.1667 4.4183 
13.9063 11.7172 7.9705 31.0397 25.9299 20.2933 13.3743 24.5182 20.7109 3.0651 12.7577 15.0526 23.7389 24.0805 8.4082 
15.0511 12.0503 9.7694 34.4643 30.5412 19.8293 11.5634 22.2399 19.3623 2.3983 6.6591 13.9422 24.5343 24.2576 10.7704 
27.1181 21.0838 20.2865 37.285 32.9011 27.1918 6.6673 14.9339 7.4512 14.3095 8.6202 20.5498 22.7592 7.2419 22.3454 
20.3478 18.0139 21.1354 13.1842 12.166 10.7368 18.8427 14.6894 20.1574 26.7665 25.9031 12.5183 6.2986 31.7078 19.144 
6.3134 7.3312 5.9719 22.8551 19.3569 16.5462 16.8382 27.6729 26.9874 9.7331 20.0737 13.0656 18.2881 33.5234 7.5215 
29.868 26.0986 27.6857 44.9908 36.34 31.1009 15.2426 15.5116 10.9306 23.3743 18.4708 25.3592 24.6967 1.8578 32.161 
15.5866 11.5909 10.0799 16.7312 16.5621 11.9057 11.9168 12.0114 15.9688 16.7807 21.9265 5.8255 3.8887 23.9568 10.291 
24.4355 21.5009 27.1397 16.1283 19.7381 19.6818 23.6952 15.0378 19.6407 28.2246 30.3935 19.7414 10.9895 30.8708 24.5152 
30.3749 25.1355 26.674 23.1638 19.7126 21.8866 22.9529 16.7328 20.8791 38.1738 35.6765 25.1401 13.9518 29.3613 30.2968 
33.7999 27.4047 30.084 24.2758 26.9388 29.8721 30.651 14.4833 27.2208 40.1688 37.5863 23.6096 16.5145 28.5998 29.1235 
25.4882 23.0781 21.2133 33.6154 29.2949 29.8733 11.7327 8.297 4.4311 19.9181 18.2807 19.8693 18.3894 8.1298 21.7164 
10.7298 11.4909 12.5663 7.3995 4.84 1.52 24.6786 21.663 22.3555 21.8727 26.0257 10.4884 10.3504 35.652 12.1685 
19.3438 14.1501 13.7342 24.0005 25.5683 17.1886 6.7369 7.5059 5.1133 17.8952 14.546 12.2476 9.7354 15.1687 14.1258 
27.8944 24.7576 21.4769 18.5842 16.3432 22.1749 23.9131 12.681 22.6049 32.0748 34.907 20.162 11.6806 29.9639 25.2527 
18.9334 18.3236 21.6114 1.7608 3.2252 8.9395 33.5113 26.8736 30.7727 31.5216 39.3512 18.5871 16.6564 43.6934 17.5735 
22.6543 16.1037 17.6531 11.9999 13.9528 13.8229 22.3163 12.555 21.4129 26.077 24.9256 12.6225 5.1387 27.3547 18.9837 
24.0457 16.5803 15.6953 15.6534 15.8169 14.8131 19.2592 10.3459 17.2281 22.9693 21.5412 11.4045 4.5836 25.3664 17.9355 
12.0741 9.357 12.1199 9.8511 9.789 4.6201 15.5338 16.2574 22.0092 18.0512 21.5706 4.6593 5.3984 32.4553 10.1641 
35.4118 33.3296 31.7027 27.6946 27.8478 25.7681 33.9846 16.4804 25.9288 33.4346 33.7008 26.9697 21.4479 32.2106 33.4874 
27.7948 21.6498 20.633 30.8618 26.2417 25.8006 6.924 7.5775 0.905 21.6 14.9805 18.4955 16.9582 10.2486 21.4841 
18.6204 16.0764 12.3374 33.6424 30.0972 27.9341 8.0419 20.7336 12.967 7.075 1.0571 18.322 24.849 14.942 13.4953 
16.7276 12.1164 13.1971 15.6908 15.1111 11.2569 14.6155 12.7487 15.287 19.6227 22.3184 6.5028 1.9798 25.008 11.2104 
23.9923 19.5752 24.9828 12.3786 12.2266 13.7138 26.6637 17.7027 21.9726 27.1717 29.9745 18.18 8.4855 32.9613 23.4341 
28.8054 26.6189 23.6355 30.1292 28.0374 32.8224 12.343 8.5837 5.5012 20.7914 18.5291 24.8097 18.1122 7.6409 24.556 
22.6992 18.8509 15.8493 28.8931 32.8414 21.7357 2.952 16.1423 7.2437 12.745 6.6167 16.2139 21.6799 11.1654 18.7444 
21.3763 21.0476 20.8433 17.9408 15.9761 19.3957 20.8824 9.882 17.0273 30.4192 30.3945 16.5371 8.1151 25.2671 20.9555 
19.5632 14.5793 13.448 19.6416 22.6423 14.9351 8.1785 8.5558 9.7534 16.8535 17.1582 11.2951 9.2615 18.7828 12.9465 
10.9254 10.0614 11.0411 9.0863 7.8391 4.5445 21.5207 21.1359 18.6714 18.3207 24.0428 6.4118 6.6854 29.3412 10.603 
22.3131 18.0169 21.0425 8.3216 7.9999 10.6456 25.0512 17.3812 25.1617 24.8547 32.0854 16.8657 8.4121 30.3267 18.7361 
5.5542 1.1549 2.127 16.9478 14.9764 11.3317 16.1216 22.5032 21.1095 11.724 17.7885 4.9653 14.2652 24.3363 0.1542 
27.7217 23.1176 24.286 15.4405 15.4905 16.9516 20.1285 12.4491 21.5109 30.9778 30.8128 15.3987 9.069 32.4052 24.3496 
15.7926 12.8046 14.6655 10.4769 9.0002 7.0197 18.9789 14.9107 20.7111 18.6356 28.3938 7.6598 4.8462 27.3637 11.0704 
30.0826 27.3601 20.9737 30.9222 33.8433 31.749 10.0063 10.0081 4.6269 22.6835 19.3233 19.0566 21.5803 5.9181 23.733 
15.6265 14.4812 18.234 5.0563 3.2383 4.2575 20.7578 22.9561 28.9371 22.4862 32.3145 12.6642 11.1337 33.537 14.3891 
33.2496 26.9523 20.8878 34.9201 38.4477 33.3662 9.5499 17.4452 8.4043 23.341 16.0791 24.0775 22.191 3.0705 22.192 
33.7723 23.1449 25.079 40.4221 31.3867 32.0741 10.7073 18.4284 7.3203 19.7938 10.4472 24.0338 26.0265 4.4061 23.4487 
18.6171 17.4239 16.9701 19.4613 21.3491 18.1487 9.0734 6.8177 9.6248 17.4729 15.876 11.2409 7.3772 20.7416 15.5256 
10.6038 9.9077 6.7971 29.3251 25.4159 16.8316 19.5531 24.8063 24.8661 7.0047 15.906 12.0256 22.5312 28.0655 8.5858 
EOF