I 150
J 15
bounds (0, 100)
cv 0.5
D 100
k 5
t 3
FLR 0.8
FCR 2
λbounds (80, 120)

λ 
98.1913 84.1435 101.8334 
119.9208 110.4839 101.5578 
94.9206 91.4163 110.2727 
107.0269 111.2979 118.8205 
103.4485 81.7344 118.0236 
101.6842 100.8358 93.6246 
104.4724 112.7123 106.9716 
118.965 118.2426 108.9373 
87.023 111.5601 97.1903 
90.5805 84.6378 102.6596 
103.3845 82.1978 90.2474 
111.7144 116.3865 107.7587 
106.1443 116.7452 87.0072 
89.3329 99.073 119.0283 
116.3552 110.069 81.053 
84.7676 80.0615 111.3025 
86.5233 109.6638 102.2242 
109.5781 118.5667 90.7143 
86.705 108.2788 80.7028 
111.5329 87.4943 110.7861 
98.3061 105.3645 90.5689 
94.1654 100.9057 93.2624 
96.0007 108.2939 91.4971 
110.6472 99.5119 80.5587 
113.1308 104.8314 95.4329 
87.7405 103.4106 87.8945 
95.921 115.1122 84.1164 
110.9789 106.7742 106.7594 
98.9641 100.6373 82.538 
103.1414 92.5199 89.9583 
88.3231 107.1176 89.2346 
119.2864 117.8247 93.0474 
83.6894 119.7957 103.4898 
101.1411 87.8433 111.3341 
110.4149 105.2039 94.0438 
113.7048 91.5593 95.275 
84.563 112.9557 102.9046 
109.0321 107.3679 84.1125 
115.8384 109.1693 92.9956 
111.5047 89.656 117.1439 
82.621 107.3402 103.7847 
97.452 87.4615 112.7722 
105.9452 104.8331 87.5342 
114.4653 81.2048 99.605 
93.2863 114.9757 117.491 
108.9862 103.4184 86.9624 
83.392 94.1811 117.5344 
116.4793 110.2574 108.1024 
91.3448 112.8801 102.61 
80.4087 109.3557 109.5165 
112.4099 112.3522 102.5078 
88.1575 113.6309 102.1386 
114.837 111.3961 92.0558 
96.3572 99.9868 93.9146 
90.569 86.1388 111.2785 
106.6143 115.5548 117.4549 
92.5388 106.3589 102.0373 
106.0427 98.649 85.0688 
81.6817 95.9639 107.2939 
84.8084 99.9401 111.7691 
108.9123 95.6347 105.0183 
93.0738 106.0477 89.323 
102.2834 91.4132 114.3727 
119.8088 115.6087 95.7176 
107.9401 86.0235 98.4636 
80.335 105.7387 91.071 
101.0154 86.6905 86.2205 
104.4047 115.1573 116.501 
92.226 95.0552 98.1557 
95.198 89.2222 114.3634 
100.1728 108.9075 107.6238 
118.2458 85.5947 118.859 
99.3839 82.6004 91.477 
112.5145 87.999 90.1321 
84.7743 102.3809 102.5419 
118.4752 103.3797 110.8368 
113.825 114.469 105.8131 
116.2391 81.0126 104.9332 
92.7714 118.1019 82.0821 
88.0321 96.6181 80.103 
96.6309 85.5874 91.2146 
89.7115 94.3871 105.0386 
106.1147 85.0232 114.4936 
110.4559 118.679 105.9915 
97.2217 103.859 83.2116 
108.9244 81.6285 118.4249 
118.9467 104.9727 86.1774 
104.8056 96.3177 87.7949 
112.4235 108.1693 116.9728 
103.6167 114.5131 81.9938 
91.6606 108.3507 105.6345 
99.3708 108.5927 105.6724 
87.4495 94.2932 100.935 
102.8735 102.5454 100.6687 
104.0826 109.8867 97.7224 
116.8972 114.0788 82.5573 
99.9445 88.9204 80.5746 
118.689 84.8697 89.0761 
115.292 104.2255 108.4437 
93.2439 101.3603 105.7945 
81.6578 105.7751 99.0351 
114.6136 99.1183 109.831 
87.235 89.1298 95.5002 
87.1559 116.8441 117.0081 
118.4867 110.7223 111.1888 
108.9348 119.3874 109.8968 
109.9269 106.9248 88.5171 
84.1651 103.0899 93.2941 
85.9635 111.2962 89.1641 
114.5472 103.3163 82.6489 
86.3251 111.6219 90.9614 
96.8341 116.7796 111.154 
93.3114 101.4501 115.2648 
110.5739 109.4404 111.3914 
119.1021 91.5899 83.736 
86.666 86.3919 111.9275 
119.3912 84.941 95.7068 
84.2979 89.3211 96.734 
106.8445 97.5924 90.7625 
110.3808 91.3471 103.7949 
104.1197 98.1077 107.5629 
97.9434 92.0555 82.811 
86.4094 84.2393 104.2534 
108.9831 118.9811 83.7331 
102.283 94.3757 80.6651 
88.1253 87.9256 88.6673 
83.7518 115.3177 93.8224 
82.2896 84.8587 99.1892 
115.4265 118.3161 97.6659 
95.2408 99.2063 83.788 
92.1816 119.281 117.4622 
111.2596 110.9956 89.3378 
106.4356 100.7824 101.3638 
111.9394 114.8998 92.6976 
83.9965 85.3438 112.0894 
106.9024 85.7706 88.0361 
89.3846 110.1252 108.6121 
82.417 95.0338 105.8579 
116.0224 108.469 80.1038 
87.1809 105.782 118.833 
87.472 87.4657 112.3546 
99.3104 111.501 101.7089 
89.5918 82.0789 98.7042 
114.6444 94.035 103.5778 
100.8625 84.7365 116.6798 
97.3358 90.0643 111.8405 
97.9947 81.7451 114.4407 
101.7771 114.0588 81.1339 
116.519 87.178 112.476 
111.3238 95.4499 113.1236 

Icoords
54.723 97.992
17.1069 47.4389
30.1924 81.1663
9.7572 87.7504
44.951 42.4969
89.5425 76.6001
28.4253 9.3226
45.0326 33.1759
12.2377 56.8026
33.2988 70.9069
53.5185 54.786
96.9527 99.5687
58.2344 40.4096
46.6738 59.6552
58.6529 11.9684
30.3686 92.5937
2.4236 79.7189
80.7709 95.2229
26.1437 50.6231
40.6641 85.5445
32.1323 43.8724
39.0618 14.7359
6.2942 38.774
73.0647 56.3169
43.3441 15.2915
36.0238 97.266
8.4216 15.1217
53.4146 1.1522
88.071 22.633
72.8852 18.6277
50.7852 95.3342
61.8912 51.5553
65.7384 4.5901
69.784 10.9201
43.536 43.6525
28.3954 54.1654
36.6564 29.5281
44.3664 96.7974
2.9405 99.9697
35.2359 40.972
80.0227 78.0551
25.6787 54.1441
40.5315 3.37
60.0734 79.2492
14.5498 53.4612
42.0761 66.8538
58.2761 54.7464
69.3717 80.1239
15.9266 32.985
65.7348 7.6149
23.7551 13.2483
98.9925 66.9075
24.7395 6.9657
72.6828 58.635
93.2409 90.988
69.2604 49.7597
32.7787 14.4644
98.5552 33.1978
56.5422 32.9249
33.0373 55.4444
31.9261 97.8677
26.5672 2.1066
36.1165 7.2828
28.1294 68.7681
81.8667 23.3999
12.4966 37.3366
35.2163 0.5135
63.6984 6.4949
15.0705 66.1934
66.4833 1.8786
95.8894 71.2907
46.9573 39.2849
95.4506 90.056
9.8624 40.2898
85.6953 55.602
61.5986 81.5063
22.0579 56.0382
74.8194 33.009
45.0162 39.8362
88.5689 89.2212
0.2882 30.4997
77.72 5.9627
15.3003 57.1894
33.6769 43.3251
88.5857 8.5379
31.86 96.0805
88.0957 83.5832
55.5764 78.372
69.7656 5.561
36.4685 65.9742
81.2504 51.6294
77.7885 61.1177
27.7948 21.4043
41.2763 41.6592
68.3394 98.402
72.0723 4.6781
93.8116 94.7498
65.6276 27.2526
95.2959 38.0219
19.8207 14.4847
86.4338 47.7677
89.0232 36.8348
87.3136 48.5273
30.2435 46.389
61.1739 73.068
62.5979 6.3561
71.8185 42.8498
77.7437 62.9299
32.4061 73.1086
98.24 18.9411
32.0495 54.6579
73.2814 55.1389
44.1631 48.3318
29.0818 18.7131
32.342 7.141
83.742 70.8413
97.6444 89.6673
40.7983 34.9186
14.356 11.1172
3.7682 83.9684
99.9083 60.7348
41.958 4.6703
73.534 63.3895
61.8916 64.7061
4.1609 73.7638
87.9378 50.2053
60.556 73.7265
80.0359 80.5974
74.8102 19.432
78.6447 94.4688
22.0189 56.3146
68.6968 43.6788
76.5927 41.6536
8.3389 64.7604
38.1942 10.1697
68.9367 25.0864
95.66 84.0104
79.5692 51.2563
81.8763 62.6795
30.8609 33.775
96.1484 30.2291
81.8503 23.472
56.4198 10.1259
85.8865 32.5474
48.9866 46.0531
96.0441 63.7593
71.7386 9.7105
33.6397 34.3909
35.4911 27.7122
62.0635 66.0273

Jcoords
72.41 30.4736
78.0858 86.4181
12.9547 75.401
53.7116 80.5228
40.547 68.4536
15.1504 37.5224
58.0452 4.1875
21.5816 0.1733
81.7559 36.0509
82.7354 66.1493
91.198 37.1643
18.3106 95.0591
92.9281 51.6392
79.2723 24.5645
4.1398 20.1017

C
24.5195 9.4747 17.9356 6.3047 10.3108 23.0966 29.0789 38.7921 25.5667 15.9039 21.377 13.5418 21.5585 28.3057 34.9392 
19.5696 24.5633 10.7025 18.4581 12.4759 3.4538 23.0294 17.1724 21.039 27.0313 24.9084 15.2433 25.8947 26.3769 9.5036 
25.9263 17.2101 5.5474 8.6607 5.1861 18.1006 32.4995 32.0096 21.2942 18.5799 29.1623 6.9686 21.8204 25.5618 26.1178 
26.9944 22.457 4.1242 16.7488 12.4745 15.9734 32.8912 27.7664 26.7863 29.9485 32.9322 3.4225 27.5099 30.9252 22.1769 
9.997 20.6153 17.8581 14.723 8.1326 11.4416 14.4007 16.5491 14.4603 14.8976 14.0265 19.5641 19.2089 12.5968 14.1425 
18.2454 5.8828 26.4567 13.8773 19.46 27.0833 30.0151 36.3887 13.7744 4.5174 12.7332 22.2668 10.0028 19.9852 34.3039 
15.0469 28.1994 23.4407 28.8326 19.9552 9.366 10.5637 4.119 22.3045 24.2106 22.0705 27.6691 26.8309 20.6437 8.6645 
9.5819 20.9498 21.0202 18.9463 13.1543 11.8613 11.2897 12.7936 11.7911 16.7192 17.7102 22.9923 16.1282 13.847 14.9275 
20.0063 23.0467 6.7581 17.5823 10.987 6.4815 20.9843 17.4481 27.6486 24.5985 27.7132 11.7097 29.5446 26.4285 12.1207 
22.2935 16.8496 7.7276 7.0762 2.6101 15.0664 27.2902 23.8896 21.5664 16.752 20.828 9.0505 22.2586 21.7766 22.0899 
10.3852 15.508 17.8048 9.2037 6.6347 14.1324 17.8259 25.2492 10.9456 10.3639 16.1228 20.0279 15.3514 15.3386 22.2906 
29.1758 8.6702 28.8351 18.8007 22.8944 37.4442 35.8274 42.0127 21.154 11.9014 18.9574 25.0335 15.4347 24.2585 42.9848 
5.9567 18.0641 17.4821 13.7209 11.3691 16.7929 12.1853 21.7004 7.7459 11.8549 10.9273 21.7047 14.1414 9.1048 19.8304 
13.2135 14.4393 11.4285 8.6328 3.8737 14.1358 20.6781 25.4874 13.5266 11.1611 15.1742 17.4017 17.9983 14.5316 22.2225 
7.0582 28.4539 26.6123 21.1283 21.164 17.4869 2.6239 12.8417 11.8372 22.7266 15.1545 29.9822 16.5931 9.5127 20.7348 
28.1134 14.5308 8.0118 10.0571 8.1974 21.66 36.0729 34.9718 25.42 21.3013 29.5031 4.8959 22.9477 29.3156 24.091 
33.6484 29.6617 4.1658 17.3836 15.6786 15.2805 32.568 24.8324 31.9937 24.5979 35.0176 7.6853 37.781 32.0384 20.4512 
24.8221 3.5421 24.3897 9.8111 16.2926 31.0726 32.9528 42.5607 18.9909 11.5831 20.4215 20.3996 14.529 25.7961 37.065 
16.1584 24.0719 9.5717 14.6246 7.3738 5.5188 19.1606 15.9515 21.7369 19.9228 20.2285 16.036 21.3868 21.8001 14.8285 
23.4558 11.982 11.1864 4.6863 5.8179 20.7782 28.9095 33.6265 25.4741 16.988 27.3961 8.1021 20.0663 24.4455 26.3732 
16.9622 23.1023 12.9013 15.4517 9.8236 6.5922 15.5601 16.1342 15.3823 17.2172 18.0655 19.0077 21.3718 15.7866 11.5643 
11.4829 29.4634 23.4787 25.1867 21.232 12.6274 8.0245 8.5909 14.7643 24.6495 21.2096 29.1523 25.9417 14.2769 13.4967 
21.8562 29.7433 11.6411 21.1897 14.4896 3.3487 22.8998 13.4227 23.1743 25.5278 32.2353 22.348 28.9815 23.9923 5.6934 
9.1204 9.381 21.2031 11.4234 12.8353 21.609 21.483 29.3045 8.1082 4.2436 9.2734 21.162 6.3751 12.5435 30.9883 
10.7361 29.985 20.9608 23.4544 16.0079 10.8861 5.6652 9.2479 13.2429 24.1812 15.8952 28.1995 21.856 12.2189 15.274 
24.7957 14.5649 10.2919 9.3087 10.202 23.0611 34.8828 34.6704 23.8633 19.0158 25.5611 6.269 27.2276 33.3126 27.2518 
25.2754 38.5765 21.5261 30.174 20.2221 7.2999 17.9424 6.7335 25.2657 28.315 32.6197 29.2143 27.8847 24.2022 2.4445 
10.9247 28.6883 27.0836 29.7801 26.7024 17.9861 1.6937 11.65 17.1152 23.6802 20.5079 38.0162 21.1503 10.5239 18.1291 
5.3067 21.8542 35.5443 20.2292 23.3959 24.8282 12.2174 21.0681 4.9902 16.2304 5.2574 33.6168 9.273 3.5618 28.1465 
4.0735 26.5091 32.0468 25.4587 17.8854 18.2608 6.6488 18.1939 7.1695 16.3212 8.4164 28.6067 13.8644 3.4322 21.6391 
26.8149 9.4315 12.9266 4.7331 10.6946 21.5213 33.6025 32.5002 24.2327 16.8895 28.325 10.9606 19.3957 28.4859 29.7957 
9.245 11.586 20.4575 9.6772 10.0401 15.9729 14.9937 22.57 9.0087 10.1272 13.0272 21.7493 11.7134 11.2682 21.7736 
10.3203 29.7915 33.8969 26.9692 27.4266 21.1451 3.0499 16.14 11.4137 19.4589 15.2805 31.7269 17.9161 8.3675 21.1209 
7.1675 30.2293 34.0533 24.1162 23.8332 21.8089 4.2397 18.3913 9.921 17.472 12.7867 29.8766 17.3484 5.8067 22.4965 
10.7724 20.6113 14.4279 11.9336 7.8689 9.2841 15.7847 16.2099 15.338 14.2232 16.6913 22.4697 18.1472 13.6899 13.8982 
18.3148 19.3596 9.7567 12.6486 7.1388 8.1444 18.3689 17.6431 21.7911 20.3329 25.0428 14.5057 20.5113 20.6192 16.6474 
11.6991 22.0701 19.5332 18.9006 12.706 7.5921 12.2926 10.4806 15.5617 22.5136 18.4497 22.62 23.0594 15.2738 10.9996 
26.8882 13.9712 14.2601 6.0298 8.9575 26.0041 33.5609 33.9716 25.7719 17.0205 23.4828 7.9386 25.3119 27.0759 32.3729 
38.0673 27.3589 8.7606 17.3162 14.8475 19.7825 36.8083 32.1623 35.5269 34.2332 38.368 6.2606 31.8284 41.4593 24.4583 
11.9322 24.1602 13.3692 16.6538 11.0253 6.5439 14.9541 13.2338 16.4056 16.9074 20.7595 19.303 22.9283 16.1423 14.2612 
17.0291 2.9865 24.499 10.1954 16.1734 23.759 29.0931 36.2314 12.8096 3.9685 14.8621 20.6822 10.3517 20.6548 36.3118 
18.9474 22.8219 9.0252 14.0652 7.0491 6.8254 19.4052 18.4841 19.6747 18.9086 26.2749 16.2135 23.4055 22.025 13.4589 
13.168 34.3432 24.4732 25.4536 24.4584 14.0546 5.3335 6.5974 18.9543 24.2674 22.2539 33.3598 24.3289 13.791 14.2952 
16.0494 7.0528 18.9008 2.2786 8.6147 23.0228 29.5025 32.6194 15.9069 9.6772 16.1115 16.25 14.278 20.2965 27.5968 
22.6437 25.5523 7.6002 15.4945 9.5883 4.8265 20.9005 18.4631 22.5838 27.687 30.4278 13.1484 24.3822 26.651 12.7693 
18.568 13.7697 10.0943 5.5091 0.8396 15.8588 22.1944 26.4805 18.4956 12.3623 18.4819 13.6503 17.0066 16.9073 19.2362 
10.4628 11.8869 18.7918 9.0338 6.8194 17.4653 18.5604 25.529 9.6554 8.15 13.4212 22.4679 11.0114 11.0962 20.6444 
19.8127 3.5807 21.8871 5.8917 10.455 24.3964 28.3229 28.3627 15.5102 6.0541 16.552 17.5083 11.9983 18.4372 26.8239 
20.0545 25.0005 13.6787 22.7416 14.9519 1.804 19.9752 12.5058 24.5085 23.7337 24.5084 22.3321 26.5337 21.9954 6.3682 
7.7965 26.8968 27.3111 25.9437 20.182 20.7144 2.7176 17.2208 10.3334 21.6811 12.607 32.2502 17.3866 7.7116 24.5672 
19.1798 29.4914 18.9946 29.3982 20.946 9.7222 11.3388 4.2507 21.3329 24.8224 24.4871 27.5656 27.5232 20.2499 7.5757 
16.9217 10.5635 29.3864 18.5683 20.5975 34.8529 28.9351 35.3834 13.1693 6.3342 11.2997 30.6432 5.0222 18.0067 37.6973 
18.9805 33.7534 26.5062 26.9268 21.8269 12.2948 11.0759 2.8704 21.0901 29.4163 22.6074 26.622 30.8469 21.9009 7.4077 
8.6854 10.3959 22.9784 11.1342 11.5491 20.2727 18.7917 25.4062 9.1099 4.1555 10.456 23.7107 7.3577 13.7905 26.3967 
21.651 5.2046 24.5847 16.1397 19.8121 32.0734 34.3749 43.9824 17.814 10.3318 20.7748 25.6414 15.5 24.5645 45.2931 
6.4819 13.559 22.4338 13.4327 10.2959 17.1478 14.5489 22.1229 6.5311 7.1589 9.3267 21.8503 8.1222 9.6734 26.4543 
15.5327 25.6195 21.2746 27.1986 21.5235 11.2499 8.6003 6.2635 16.6243 24.5908 19.2035 26.6857 21.3969 18.9931 11.188 
7.9912 20.7785 32.8882 21.7366 26.6775 25.4392 17.3196 32.4566 5.9316 14.0434 2.7808 32.1797 6.4398 7.422 29.0343 
5.0239 21.395 19.8712 15.9115 12.4838 14.3055 9.8416 15.7848 8.1657 15.73 12.0035 23.9217 16.2398 8.1908 20.3386 
18.5888 18.8992 8.7768 12.7016 4.655 8.1229 20.6912 21.8784 20.4084 19.8166 19.0213 12.8058 23.2845 20.8441 14.4947 
24.8435 16.6455 8.9715 9.2006 11.4575 22.8362 32.4728 29.6097 25.8446 18.8735 27.5395 4.5405 27.8298 32.5844 24.9395 
17.0462 32.0526 27.3292 32.7362 22.3753 11.9855 11.4136 2.0865 25.9038 30.4618 26.8887 28.0142 29.0244 19.4615 10.8174 
12.9641 32.0054 22.6565 26.966 20.0798 13.5633 8.3114 6.2538 16.4924 24.9075 23.7186 28.2843 26.2071 17.7163 11.6891 
21.2451 17.8552 5.7897 10.2254 4.678 10.925 25.6935 25.4196 19.945 20.14 21.2619 8.585 22.976 26.9583 17.3463 
4.5101 24.4319 26.3567 21.3917 20.5282 24.5637 10.7113 20.8221 4.7139 15.0338 6.0231 34.549 10.7545 1.0161 30.4185 
23.0667 27.5088 13.9859 20.5954 14.6796 0.8566 17.0017 11.5883 24.3488 23.0338 29.5839 20.1833 29.0175 25.6648 7.1904 
18.674 29.3878 24.352 29.8832 24.6426 13.1011 8.8699 4.404 19.6222 29.9169 22.9709 37.3136 27.1394 19.3997 12.1849 
9.2303 25.1907 33.6906 24.5459 20.0942 17.9993 2.015 16.3242 13.2585 24.3147 12.4484 37.309 19.8667 8.0129 23.7591 
20.6652 25.043 3.7139 14.1318 9.0388 10.4879 28.7586 25.2027 27.2454 21.355 30.7484 11.2615 27.6747 28.5944 18.498 
8.8075 26.8796 32.3852 28.9139 24.6641 21.6043 3.1301 14.8193 12.5278 20.0538 13.553 38.1507 21.0471 8.1278 19.8429 
18.049 9.1534 25.9987 16.1868 22.1106 32.2147 25.5462 39.4041 11.8006 4.888 11.0576 28.7148 7.3055 19.4405 36.2363 
9.2844 21.4303 17.2473 12.6073 9.1446 11.9077 13.0371 14.5368 13.7593 15.4267 15.0857 24.0458 17.0891 12.6486 16.0602 
20.8128 5.9204 25.4798 13.5335 18.9923 32.6832 34.3552 40.4755 20.9375 8.451 19.8931 29.0115 13.0475 22.9297 39.995 
22.1786 31.3194 12.7277 22.8995 15.9437 2.2901 18.1767 14.0718 27.3886 23.6151 26.5105 21.5628 26.7022 21.7777 7.9444 
11.1593 12.1856 24.5309 13.1897 16.7864 25.4231 21.9384 32.6804 7.834 3.7312 6.1611 24.8082 3.0532 10.4182 28.6765 
18.6282 5.2504 18.4973 2.9917 7.7282 23.3486 23.9632 30.375 19.661 8.8021 20.595 16.3976 15.2363 23.3537 29.0886 
21.933 20.8794 8.1433 15.9593 6.9329 7.7251 24.0786 20.7601 23.9481 20.3304 22.6979 13.9514 22.1967 21.7775 15.0825 
1.3427 16.9356 27.8158 18.3789 15.3386 21.3507 10.2544 19.8282 2.6449 11.997 5.8127 25.8658 9.4804 3.3871 26.5337 
8.9454 17.2466 18.1285 16.1013 9.6625 10.4544 14.6354 16.8381 12.5761 18.3916 15.0064 19.9605 17.1126 12.2157 15.3875 
19.3207 3.4345 25.7119 14.1298 16.4128 35.7472 28.3596 40.806 16.8105 8.027 17.258 23.9772 13.7262 22.3792 36.0948 
26.1946 37.2217 16.3848 25.8863 17.7218 6.3598 20.0369 12.2098 26.1383 32.2919 29.6797 25.5912 35.3479 29.8134 4.1515 
9.618 29.9056 29.1128 27.3294 26.2997 25.6136 6.1891 18.2345 9.4595 18.6621 10.2372 41.3677 16.7919 7.0727 24.5234 
22.7672 22.5288 6.9317 17.1997 10.815 5.9101 25.854 20.4206 22.6016 22.9662 30.0557 13.1025 29.2237 23.8843 13.7571 
15.9075 19.7893 14.0606 15.3198 8.107 7.519 16.6343 14.296 17.6464 20.8424 22.3648 16.3415 18.7632 15.6146 11.3209 
9.7518 28.6677 33.5858 28.5556 25.1353 24.3161 11.8922 25.5647 9.8764 18.4204 9.2962 38.7008 15.517 6.8936 33.3009 
29.8944 17.3599 9.7646 8.1062 11.3931 22.4583 31.656 35.033 30.88 21.6157 27.8785 4.8345 24.9088 26.2048 24.9993 
18.0697 4.0252 25.51 13.3385 17.9432 29.2716 27.4542 35.5682 14.5682 5.8366 14.5662 21.3794 11.2268 21.6917 35.8602 
18.5718 8.1561 15.1161 1.0003 5.449 18.3333 29.616 31.3276 18.6565 10.8885 20.0177 12.6904 18.2811 18.1615 28.0276 
8.355 30.3271 32.9774 30.473 20.9016 23.0845 4.6801 15.6362 12.0534 20.9056 15.2283 40.9431 17.5758 6.5404 22.3901 
16.1759 17.9304 8.7602 8.1489 1.5603 11.75 19.7254 20.6305 20.6319 14.7454 23.546 11.4966 23.2713 20.9042 20.0684 
7.6123 13.7598 25.0714 15.0839 16.8158 20.8916 16.277 28.1207 5.7312 5.3902 6.557 28.0107 4.1421 9.6554 27.1497 
10.0649 9.0936 23.6874 12.1498 13.7215 20.5088 23.5723 31.7365 9.9739 2.7963 8.5511 24.8517 7.1019 14.0663 30.0528 
16.6768 26.9188 22.1308 24.9162 19.1331 6.3035 11.0024 7.5633 17.3947 27.5701 21.0044 24.9895 28.5296 17.4579 7.3726 
10.4837 22.0793 16.2378 12.2577 10.6922 8.52 13.6049 15.4624 12.7503 18.6878 18.5357 19.5487 19.1016 12.9535 14.0457 
22.2116 5.7277 20.7799 8.7228 16.0038 25.5703 30.7261 40.6764 20.5047 11.8427 24.7668 17.7397 18.1853 29.7674 33.5255 
9.5503 25.9652 31.1466 28.8653 24.4799 20.8523 5.4936 18.6341 11.1009 23.4646 11.4112 40.7187 18.6164 8.4493 27.781 
25.7772 6.9887 26.5299 14.288 18.1058 35.7975 31.0218 43.8886 20.524 11.1487 20.4697 28.7133 14.4753 28.3405 38.5265 
2.6535 21.6155 26.5043 17.102 18.551 16.6485 7.7888 20.6145 7.2533 12.99 9.7877 30.4111 12.9037 5.0246 20.2111 
7.5573 19.0051 31.9302 22.6545 20.2885 24.1884 18.549 24.9667 4.9545 10.8555 1.462 32.8348 5.4886 6.2901 33.5837 
19.2602 30.3445 20.763 22.9583 23.0207 7.8793 12.9727 5.426 23.1375 26.2545 26.5049 29.5437 29.1781 23.0406 5.7565 
6.7398 12.6138 27.4291 14.9779 16.0263 24.9751 17.9542 29.7477 4.2314 7.2656 4.3987 32.8068 2.7385 9.6404 26.9229 
6.6159 17.8374 32.2297 17.195 20.6098 28.361 15.8644 26.529 2.5993 9.2133 0.7525 35.2289 5.936 5.556 28.8534 
7.9385 12.1012 28.3215 17.8123 18.087 26.9507 16.7143 24.9945 5.1601 6.9915 4.0889 28.0722 2.2589 8.0706 30.4827 
17.6089 18.8574 12.7999 13.2264 8.679 5.3705 18.1475 17.2283 20.4852 20.8143 24.0183 19.0374 19.7708 18.1394 14.2925 
15.6691 7.7609 16.5634 3.3891 6.5799 22.5921 22.2644 27.8888 15.2179 7.9572 14.1251 16.5434 11.9177 16.789 27.8494 
9.4957 27.9541 27.6632 23.4773 20.8233 19.5225 1.8512 14.3271 11.0362 20.0132 13.0273 39.281 18.3836 9.5006 23.1982 
4.3564 14.7984 21.6659 14.9304 15.3945 18.2138 14.8532 24.9825 3.8662 9.1651 6.8122 24.5284 7.2761 7.5154 25.6324 
10.3378 8.4355 23.4157 10.7727 13.2819 23.2384 23.7854 27.7581 8.3732 1.9417 11.371 21.2617 7.2131 14.6442 29.6944 
20.5326 14.4403 6.1813 8.2768 3.6255 14.918 24.8992 26.6918 21.3717 17.8337 26.6058 8.8668 22.9448 26.5314 19.5837 
10.7776 25.4085 32.9241 24.8196 29.6806 32.7115 15.8208 29.7537 7.6408 18.6682 7.4903 39.713 11.8031 6.2299 34.1704 
18.5995 21.2866 10.6488 10.8906 5.8978 7.8674 17.6333 16.9994 20.9168 16.522 21.0086 13.1647 21.1996 19.4196 16.6395 
8.8925 9.6584 24.2144 10.1893 13.1036 23.1669 20.2459 29.2027 7.9905 5.4697 7.6594 23.3771 7.0006 9.9948 27.6719 
10.8143 15.9691 16.1862 10.4694 8.0304 12.0438 16.4093 17.1537 15.1508 16.2052 16.9731 17.9538 18.4951 13.9233 19.3755 
13.4912 27.372 18.6654 24.3589 17.8351 7.4269 11.3017 6.1378 21.25 22.3157 21.0337 30.224 23.2966 17.8473 9.5401 
14.2855 36.4098 23.7644 27.9352 20.6362 12.4168 10.3101 4.3701 18.8752 30.5427 21.4666 32.5941 23.0025 15.6689 12.3189 
15.1906 5.3444 27.0755 10.3271 15.5653 23.3038 23.1094 35.5007 13.322 1.5039 12.9416 22.3611 7.7567 17.8065 32.5485 
25.5397 7.7126 30.643 14.6425 20.8498 29.9805 28.9026 39.5692 19.1194 8.5207 19.6619 28.4034 13.68 22.898 35.7906 
9.7524 24.2753 19.5797 15.2003 11.5565 8.4377 13.8916 13.3093 13.685 20.2618 19.0952 21.9011 19.369 13.1083 12.5855 
20.9168 34.2313 19.3283 26.5452 19.5346 8.147 14.2748 4.0509 21.7389 27.2538 28.6818 32.9921 26.7958 23.2296 5.0093 
30.9462 24.843 4.026 16.7658 12.4941 16.5219 30.0384 28.6558 31.8532 27.9287 33.0631 7.001 28.765 30.6948 22.2068 
15.0185 12.2407 32.8918 18.2079 19.5087 30.9334 21.3815 38.2867 11.6462 6.927 9.8202 34.5771 4.2892 14.1336 41.1759 
14.0538 28.6001 30.3568 27.295 19.4395 12.8053 5.8117 7.1656 15.8481 26.5804 20.1233 32.0375 23.7391 14.555 13.8834 
10.5557 7.5774 24.4873 8.7877 11.327 20.479 21.9627 30.6271 10.8512 3.6975 12.2209 22.803 8.5602 13.2379 31.8976 
12.5772 9.6264 15.7689 6.4674 6.9499 20.3362 20.7634 29.933 12.6672 7.4256 14.0478 19.6292 11.8199 13.9452 27.0943 
29.8956 27.69 3.3481 16.9232 12.0169 14.8795 28.8559 22.8083 28.8501 26.1379 34.7746 8.3299 31.0493 27.1795 20.3004 
8.8483 11.9905 29.0387 14.6725 17.5708 25.6747 20.7426 31.3553 5.4723 5.283 4.6309 29.0961 1.986 9.7165 32.6336 
17.7373 7.6353 14.5512 2.9805 7.6106 20.4299 26.449 32.156 13.8295 9.3494 17.1069 17.4112 13.8103 16.3389 26.2851 
19.8848 2.3272 25.1501 9.9533 14.3153 24.5951 25.7299 38.2182 16.7531 5.5044 14.5341 24.8706 9.8519 18.7447 38.0946 
4.2554 22.7354 26.5354 23.0541 21.5252 18.977 7.6998 17.7288 7.1706 15.6702 8.9893 29.5005 13.2885 2.3116 27.2023 
24.459 2.7535 24.0773 10.856 15.1684 34.0393 34.8552 37.562 18.9074 10.8845 17.863 21.0033 15.215 25.614 32.7701 
17.1647 21.9167 7.0699 13.0091 7.6486 7.0449 21.3096 22.1596 22.3052 18.6061 22.5679 14.9537 23.7067 23.2803 16.0817 
4.5404 13.6482 22.7171 14.4383 11.4673 20.6002 15.5144 23.3046 5.5837 10.1848 7.5804 27.9793 7.7791 6.9904 21.3743 
3.938 15.7345 22.15 15.9848 14.6699 23.5794 15.8611 24.8926 2.4777 7.8338 6.0156 26.8771 6.1726 5.2776 25.4815 
22.5054 28.5336 3.8948 16.1245 10.5395 10.512 28.8353 20.755 31.5008 28.2979 26.3398 11.8339 27.2895 28.7477 14.0443 
15.3178 32.0892 27.6348 24.1204 18.9169 12.8149 6.564 7.1368 15.3378 23.8793 22.0857 33.0526 21.8369 14.0158 11.5855 
2.2736 23.2663 29.3929 19.966 18.6704 17.5222 8.8422 17.7756 6.0677 13.0781 8.2565 29.7533 13.2909 3.9657 20.0229 
19.1912 6.1499 25.8603 13.9581 22.3797 33.3753 31.8375 39.895 15.5445 6.6824 14.4892 30.0271 10.3404 19.017 44.3377 
8.7353 12.5639 21.4479 12.5946 14.4178 25.3191 19.5485 26.4294 5.8913 5.1783 6.3362 25.2056 4.6 8.6247 31.2322 
11.4904 9.4571 24.7123 10.7059 12.6444 24.3027 25.0368 27.4785 8.8621 1.393 8.8448 23.9266 6.0143 12.2863 34.1237 
13.6711 24.0664 14.0972 17.3637 12.1988 5.9065 15.0594 13.8183 17.8209 21.7136 18.4681 22.7766 22.5085 17.4746 11.076 
8.4869 20.5865 30.757 25.1376 22.9814 27.5206 15.2302 29.0472 5.2957 15.1569 3.3793 38.0482 8.1321 6.0756 36.4703 
4.4628 23.338 27.2109 24.968 21.4593 27.0883 11.1883 25.2775 4.4845 15.6958 5.9203 37.378 10.7055 0.9024 26.322 
9.2362 24.7444 28.7104 21.2404 18.4913 17.8426 2.3925 11.087 12.6837 19.0207 13.6826 33.6059 19.9903 9.972 20.9487 
4.2255 19.9713 33.3623 18.2713 19.0567 24.5706 13.0314 27.6171 1.932 11.4815 2.7594 30.0285 6.5503 3.9954 29.7762 
8.5829 15.7293 18.1099 11.5162 7.5954 11.969 14.7779 17.9617 11.8512 14.2426 16.6509 18.4084 16.4866 12.5961 18.5909 
12.998 10.2725 28.2746 14.4879 21.064 33.5661 27.4511 32.773 12.0181 4.9286 9.5021 26.011 4.4488 15.4884 33.841 
7.8983 24.5303 29.1872 28.3954 21.2768 22.3777 4.7072 15.8987 9.8041 19.2798 10.6606 38.1422 15.8131 6.2341 21.7489 
11.8228 26.8577 15.9015 17.5882 11.4 6.1734 14.1074 11.2395 15.1849 21.2078 19.7366 24.8923 21.1296 14.8485 11.1905 
11.5546 22.9632 19.1783 21.9774 13.0634 8.8118 12.3744 9.9221 16.7874 21.0366 21.8724 26.3072 19.1518 16.9037 11.0239 
12.3564 8.0547 15.5536 5.1142 6.5652 20.3273 19.5578 26.5763 12.7683 6.5449 13.4393 18.5461 11.602 14.2712 29.3762 
21.4136 9.1019 17.4465 6.1612 11.1856 22.8798 35.0767 34.9914 21.2008 15.5604 21.3699 12.9646 18.3209 23.8771 31.9765 
17.6259 24.8383 8.4947 15.5717 10.0267 3.7985 18.3902 16.6596 21.9186 26.5808 27.893 16.5914 23.7229 20.2364 10.0694 
23.7097 16.9981 7.1851 9.1595 5.5222 14.2044 32.1721 31.9689 23.1715 21.3396 25.2584 5.6232 23.7479 24.7302 21.663 
30.1098 20.5913 4.276 13.9781 11.8749 18.2921 30.5363 32.9715 30.4028 29.4614 28.9152 3.4191 36.2144 35.9134 24.4373 
9.3165 21.6221 14.9896 14.6528 7.9615 11.4658 13.259 16.7763 13.8251 14.1443 14.9483 23.2117 15.1503 14.7189 16.0884 
18.0584 5.3713 26.043 12.2553 16.4749 27.5371 31.5549 39.8251 15.0585 4.9702 14.5449 27.9622 8.776 20.1391 32.5733 
19.2149 29.3182 24.0447 29.8601 19.2309 11.4169 9.8151 4.5291 23.0382 24.0376 26.5822 32.9267 29.0527 20.2721 9.8496 
10.3109 23.0116 20.824 16.2988 13.2325 12.0183 12.1031 12.3806 12.5352 15.7124 17.7889 22.0486 19.7676 13.7552 17.0783 
25.0834 25.2633 6.9982 18.7767 9.7258 6.0739 26.7536 21.5231 24.7176 23.3398 29.0883 14.4057 25.3158 25.2384 14.5825 
19.4077 16.8639 7.5734 7.796 2.3875 15.1956 21.7894 23.0221 23.5601 16.9805 24.6679 11.0971 21.1557 25.4844 18.7743 
9.6186 14.6789 17.9185 8.9412 6.8042 15.4114 19.3906 20.5043 10.4509 10.7683 15.79 17.6046 12.4456 14.3936 21.826 
29.0072 7.8216 27.0083 17.7187 23.9122 32.7829 37.8052 49.2975 23.4987 14.0405 21.3702 24.4506 19.119 25.5068 45.9905 
6.2354 18.0441 21.9628 13.1113 12.5859 14.7203 14.4854 21.2704 9.4946 13.3297 12.3317 24.8721 11.3737 9.3129 22.0723 
12.9295 16.3087 12.7273 6.8908 4.0324 12.0598 21.618 24.8612 12.8839 14.1327 18.4215 16.9844 14.9422 18.1286 19.7598 
8.9237 28.2231 26.2683 21.8844 22.7596 18.4758 2.7308 12.3982 13.1087 18.8134 15.883 36.6972 17.0754 8.1041 16.6397 
22.9528 15.9117 9.0152 8.8404 8.3153 18.1347 34.285 29.2716 28.8658 21.2778 30.3755 4.6941 27.3818 28.1007 30.3662 
29.1043 27.0867 3.517 18.3582 14.5416 14.2756 36.5264 27.5488 28.5344 28.7519 31.9066 7.6566 35.8573 35.2073 18.9602 
22.3869 3.0874 26.2902 12.1885 16.7854 28.4949 32.2397 43.4564 19.9615 11.519 19.224 24.9467 17.4655 25.6477 38.0523 
15.8052 19.2461 8.7408 12.6115 7.6626 5.4026 17.4648 18.383 20.5181 22.722 22.6333 16.4918 21.0262 21.0427 13.7449 
25.0004 13.2322 10.4133 4.3493 6.1648 16.8738 26.6217 32.2531 23.8852 15.9827 24.2899 8.3183 23.1875 23.4134 24.7244 
15.9647 18.9628 11.4252 15.2305 8.1998 5.9939 18.6692 17.6447 15.4627 19.6775 21.6262 16.2718 24.516 17.2384 11.7662 
12.6371 27.725 22.1116 21.9516 21.4147 10.3582 7.8985 7.8265 15.4228 23.5432 19.6375 33.1842 19.706 16.3507 13.7547 
25.5811 33.5086 13.7594 20.8801 16.792 3.2405 22.1155 16.1172 28.5582 25.5602 28.898 22.5437 33.1067 25.7246 6.1088 
8.0476 11.4866 22.6851 10.4751 13.8002 20.1538 17.1484 28.5808 7.6076 4.9193 10.4524 24.5694 6.3384 11.7799 24.6505 
12.1134 26.7633 25.2985 26.3143 17.2111 12.3582 5.8881 10.4722 13.4437 25.5771 20.9463 32.5719 21.1612 13.7291 13.9113 
25.1075 15.3641 10.1997 9.6935 8.8488 24.4027 30.5021 34.8373 23.7334 17.5116 26.2057 7.0669 22.8076 30.0135 32.996 
22.3603 37.8488 22.2273 24.0326 21.4424 8.5208 19.4414 7.3967 22.8787 27.0619 34.213 27.4262 28.9066 27.726 2.0458 
11.3509 29.0789 33.3831 28.9943 23.1736 19.3903 2.2103 11.1404 14.2604 24.4432 19.7615 31.7203 20.8169 12.0378 17.0521 
6.8848 25.3793 32.6343 23.5009 22.4057 25.7586 13.8348 22.8437 5.0866 15.6867 5.1563 37.8604 11.6111 3.4619 25.2664 
3.6491 23.1369 25.0711 20.1518 18.9368 20.9824 8.2514 18.9518 6.4109 16.9376 8.2418 28.6255 12.4934 3.4026 21.6735 
25.1672 10.1582 16.2149 5.1981 9.9208 27.0629 31.3441 31.1564 21.7847 14.609 23.0411 10.3955 19.4322 27.3111 32.6106 
7.5652 13.5196 20.6425 10.0505 8.8178 16.8659 18.1636 22.9619 7.6 9.6031 11.0812 20.9427 11.9617 10.3179 21.8393 
10.0289 25.1325 31.3092 26.4311 25.6142 21.1813 2.6039 14.1119 13.9626 22.0071 15.2639 38.8976 19.4757 7.6171 20.7207 
7.1577 24.1835 26.9452 24.8877 20.0191 24.0208 4.731 15.922 10.2133 18.1244 12.824 33.7135 17.2126 5.9912 20.1567 
9.7884 18.0438 15.8782 14.1023 7.5741 9.7778 13.7201 15.0604 12.2985 14.7972 16.2102 22.086 18.6776 13.7385 14.0588 
17.0202 23.382 8.0579 13.4015 6.7805 6.8107 21.4546 20.1029 19.0186 20.3719 19.9353 15.5882 20.2077 17.9822 14.084 
13.913 24.6388 18.3043 19.7125 15.1666 8.893 11.845 11.2495 17.7992 18.1286 19.0114 23.423 18.8877 13.858 10.3394 
26.6793 14.0805 12.9869 7.1746 10.888 25.6869 31.8196 35.5203 23.9173 18.7637 26.7356 9.6229 20.7429 25.9768 27.4797 
30.0097 26.748 9.002 16.4953 16.7316 24.6947 33.6148 36.9846 39.7382 32.5605 36.6999 5.2924 30.6946 37.5001 27.3898 
14.5203 19.9753 12.6762 15.7152 9.3599 7.0289 14.6251 14.9246 18.5575 16.7192 20.8268 22.42 23.1454 17.6696 14.4671 
17.4869 3.0337 25.0695 9.2282 13.549 30.0621 30.4803 30.136 14.6719 4.8111 14.8536 23.9981 10.431 17.4022 37.5913 
18.9526 22.1695 8.0838 14.0883 6.6591 6.5342 20.7862 18.549 21.0122 18.4014 23.3441 15.8186 26.3868 21.5108 12.1013 
14.3103 28.3733 29.6408 26.4006 22.597 13.8078 5.8998 7.5429 16.2819 25.7955 19.97 30.5672 24.9558 14.9435 13.3259 
19.3901 6.4053 16.2912 2.4343 7.0484 20.4783 24.6593 31.0276 16.5594 8.3658 17.4672 16.9824 16.5139 17.5262 30.0634 
20.7199 26.676 7.4858 16.6275 11.3979 5.758 23.6609 21.1828 27.0964 21.8194 23.8925 13.0315 23.6374 21.4342 12.2206 
14.916 15.6015 11.7848 6.4084 0.6648 14.7399 24.3608 21.1021 19.9222 13.0495 21.3115 13.7352 17.0172 18.4504 22.9209 
9.3814 12.9366 18.5776 8.2433 8.4217 17.665 19.5008 23.7534 10.4688 10.2495 14.638 17.4725 11.8115 11.405 21.5314 
19.7729 4.1998 22.2494 5.4327 10.5607 26.7547 27.056 30.6633 16.1695 6.5955 18.6047 19.7959 13.1515 19.0241 27.1962 
18.5279 25.0906 15.3455 20.179 15.3232 1.4335 19.2456 11.8099 21.9054 29.2979 27.7425 19.0025 30.6853 19.6565 6.1884 
8.0894 26.1789 26.6925 28.4191 22.1179 21.9308 2.8893 16.8089 10.1311 22.5405 12.2287 32.2303 16.0826 7.8222 20.8341 
15.6649 30.3116 24.628 23.7571 18.2629 9.5599 12.4312 4.1089 23.0654 27.7538 22.5192 30.337 28.7336 20.1195 6.5077 
13.7962 9.5941 31.9109 17.4476 17.873 27.9765 28.0587 36.3748 10.7164 5.4032 11.9301 29.7801 5.2374 18.0767 34.8203 
20.7185 35.9258 27.7215 27.3538 19.4208 11.0105 12.2222 2.9828 20.9749 29.176 24.009 32.7607 28.2872 21.1388 7.8352 
9.8598 9.2892 24.1943 11.4702 11.0753 22.7425 16.9988 30.8959 7.7007 4.7379 10.7792 24.9149 8.0303 12.8397 28.3782 
21.8878 5.7048 31.4464 13.5022 17.5369 33.2754 32.6327 37.0067 20.4799 10.6231 20.0045 26.8721 12.0018 21.1978 34.3399 
5.8898 12.8954 20.0147 13.5533 13.633 19.1061 15.0698 26.5323 6.0489 6.7069 9.218 23.6092 8.013 10.4813 27.0268 
15.2549 26.3762 24.6901 25.5632 16.8436 10.0977 8.8022 5.5954 20.7082 26.8479 22.5817 26.0224 25.8304 18.8599 10.3765 
10.3648 19.1305 33.7853 26.007 21.4913 31.1267 18.7447 33.0931 6.4871 13.9703 2.6721 33.1726 7.6603 7.665 31.055 
5.1861 19.9014 21.9344 14.6622 12.0903 16.3045 9.9654 15.9429 10.0077 16.4365 12.9811 23.0243 13.7152 8.559 16.5406 
17.1435 21.742 9.1222 11.5966 4.5439 9.5889 19.0088 17.9385 17.4981 20.1674 23.9047 14.2301 22.9664 18.6479 15.7913 
25.8892 16.422 10.2183 9.3844 11.0498 21.8028 33.9219 30.3465 29.6638 22.8027 32.5197 5.1396 24.2325 30.2457 31.0339 
16.3777 32.1119 27.3889 27.6494 27.0808 11.9929 11.7827 1.7844 24.2063 26.0067 27.3299 29.4886 30.0512 18.0923 10.9381 
14.127 34.2627 24.3545 26.1751 19.307 12.8936 8.2694 5.503 21.3371 22.9101 23.75 34.724 26.4233 13.9602 11.6443 
18.0838 17.6856 5.6887 9.3667 4.2022 10.7389 23.6579 23.9175 21.7667 18.7241 26.2988 8.9021 24.8325 25.3562 18.7353 
3.6185 20.24 26.4776 20.7867 19.4034 23.9022 9.8176 19.3814 4.0523 16.851 6.6351 33.0356 11.9191 0.9046 25.494 
18.3629 29.1063 13.4834 18.0344 14.6796 0.8417 19.0297 12.8737 22.5893 24.127 24.791 19.8816 25.6272 25.6648 7.3188 
14.3327 30.3191 25.7817 28.1915 23.4091 14.3557 9.1427 5.0328 18.9371 26.8782 24.0683 34.4898 26.0677 16.1171 12.0123 
8.8553 27.5376 30.8325 22.544 25.4517 20.9838 2.1499 15.9154 10.4392 22.649 15.6903 34.5524 20.383 9.3082 19.8797 
25.7588 22.7002 3.0931 15.5495 8.6756 10.7545 26.8349 24.8378 22.8546 20.3739 28.3368 10.9246 25.7183 30.3849 18.7207 
9.1434 29.7638 28.2109 26.1093 22.4778 19.6857 3.2517 14.2082 11.6033 24.5883 14.7765 38.371 21.9882 8.8518 21.2459 
17.8418 8.2026 28.7555 16.8043 21.5454 26.4649 23.235 38.3241 14.5951 5.5829 12.1565 30.6134 6.2959 17.1145 34.6499 
9.8015 17.9056 17.8177 15.5198 11.7847 10.1142 13.534 16.0148 13.228 15.1225 14.7934 19.2241 14.2901 10.937 17.0548 
19.5799 5.5762 29.2083 15.7641 19.2401 36.5983 29.822 37.7298 17.9456 9.7426 16.0355 24.1569 12.085 22.3023 37.982 
21.2352 31.4182 11.5188 22.596 13.882 1.8436 22.9391 14.03 24.1694 27.5046 26.3315 17.9052 28.773 27.8697 6.784 
10.5397 9.9161 24.5837 15.286 16.8146 23.1656 19.5566 27.0189 7.14 4.2285 5.8898 23.8555 2.5377 11.0172 27.2267 
20.8609 5.868 17.5315 2.9654 7.8793 23.8604 25.2325 28.6255 19.5914 10.0143 18.7131 17.0962 17.2923 21.3445 30.8462 
18.3754 19.4326 6.8274 12.6938 6.7236 6.4603 24.7098 17.4193 24.521 20.6257 22.5689 12.7519 26.3576 19.714 15.6045 
1.2973 16.2507 29.8932 17.3287 17.715 23.7922 10.3044 22.9244 2.7108 12.4638 5.9074 32.7309 8.7192 3.3852 23.6956 
9.8168 20.2743 15.2556 13.1223 10.1056 11.8653 13.2539 17.7595 12.2954 14.1145 16.5607 18.5189 18.0107 12.4783 16.1002 
22.5561 4.1539 27.9026 14.1262 17.093 34.2476 30.4737 41.8088 16.2048 7.939 16.7941 22.123 13.6808 19.7598 35.5383 
25.4734 32.9678 16.8746 27.7672 20.4218 6.2201 20.1765 13.0954 31.4786 29.3726 32.4599 20.792 32.8963 27.2709 3.3986 
9.9992 30.7182 36.8041 24.6818 24.2711 27.0152 6.4321 18.1781 11.6968 21.3074 11.7497 33.2077 19.1989 6.1898 22.7401 
25.0874 21.864 6.6893 16.8132 8.8825 6.331 20.5089 22.3364 25.8374 24.4219 26.1231 12.3085 25.9628 28.3653 13.4317 
12.8142 19.121 13.6329 14.1748 9.7586 7.0919 14.6288 16.0482 19.3727 19.3057 22.1103 20.0383 18.7273 15.802 14.3005 
9.0922 29.7915 34.1107 31.4112 25.6729 26.7793 11.812 20.7839 11.1153 22.4103 10.5725 34.0192 15.9416 6.6082 33.8123 
24.1716 17.6952 10.3642 8.0982 10.9644 23.5909 37.4942 36.9814 27.6562 20.5532 31.7417 4.7381 25.717 30.2977 30.2887 
21.6194 3.3229 29.7655 13.3144 16.2367 31.6699 27.1146 35.1308 15.9013 5.6651 14.5243 23.1545 12.5611 21.9543 36.5338 
19.577 8.7681 12.8218 1.0507 6.5474 18.2299 27.174 33.357 15.2526 10.5013 18.8847 12.9681 15.5895 22.524 30.3593 
8.0669 31.1318 32.5723 25.835 24.3205 20.9773 4.5598 17.4447 10.4153 18.9476 14.2355 32.1268 19.9275 7.6007 25.1864 
17.7571 17.5919 7.6607 8.4129 1.6185 13.2468 19.7974 25.2855 17.5597 15.9714 24.1026 11.3321 19.7704 20.1181 21.8082 
8.8619 12.3905 21.7594 13.4394 15.173 24.4941 18.9071 25.5206 4.715 5.7113 6.2041 23.4684 4.1117 9.6445 32.2148 
10.6591 9.0075 21.0252 11.587 11.4137 25.9172 20.3667 25.4937 9.4257 2.3186 9.8743 25.7694 6.6536 11.9664 30.5165 
18.0244 31.908 19.0844 20.7721 17.6463 7.6966 11.427 8.3597 21.1353 28.0307 24.9636 29.5492 28.2998 16.7204 8.3984 
11.4762 20.3291 15.2289 13.4614 8.2477 8.2502 12.7304 17.4142 13.5349 18.8708 18.9768 21.1473 20.3537 14.8867 13.7666 
26.9547 5.4682 18.1172 8.0667 15.1336 31.3747 34.5361 36.2161 20.594 10.7089 25.7472 18.8177 18.7928 24.9605 31.8548 
9.4574 26.8258 34.8522 25.2757 27.6457 23.3693 4.7006 17.8332 12.1221 22.9967 11.6072 41.6336 16.2373 6.6643 22.1802 
24.0768 5.4333 32.7487 15.5559 22.1154 31.5562 37.4677 37.1887 21.6566 10.7776 20.1065 29.1059 16.476 23.1512 43.4619 
2.3284 23.7015 23.7639 17.3204 16.554 18.0444 8.794 18.0293 6.9171 16.5892 8.4988 28.7988 14.0422 4.8146 19.9387 
7.685 17.7569 27.6801 20.3177 23.7023 24.2766 16.9538 26.4914 5.4361 12.023 1.5461 29.4623 4.5556 6.5663 34.9586 
20.409 33.2605 20.9837 26.3728 19.8815 7.4209 15.0788 5.351 23.1244 28.7294 27.6957 24.507 25.3566 22.9803 6.2862 
8.02 13.1792 29.7057 14.1352 17.3199 25.6521 18.5627 28.5813 4.7651 7.1306 4.1081 28.6935 2.737 8.2247 32.653 
6.6248 17.2941 27.7607 19.925 18.8793 28.4496 17.6151 28.5172 2.2133 9.7499 0.703 28.9086 5.2393 4.7567 29.857 
7.0793 12.3937 27.3727 14.9867 18.1531 21.9722 15.9971 30.0049 4.1467 7.1754 4.6906 30.3776 2.1761 9.1752 29.2346 
15.5582 24.8583 12.2528 15.2685 8.3624 6.1739 19.2593 14.3741 20.6533 19.3335 19.2529 16.171 24.4697 20.4203 11.6622 
13.3917 6.5285 16.4523 3.7604 8.2116 18.0504 24.2365 31.4806 14.7774 8.6026 17.2563 14.7754 12.5153 19.331 26.2694 
9.126 26.2579 31.7281 28.6763 23.0637 18.1658 1.7125 12.5725 11.5133 24.3666 15.5579 29.9713 20.3184 8.5797 22.1293 
4.831 15.3399 23.2803 13.1916 14.0284 22.3574 15.9696 25.233 4.7584 9.304 7.7938 22.637 6.901 6.0325 27.7601 
10.0977 7.113 26.266 11.2283 12.3719 21.1915 24.2129 25.5095 9.6396 1.8877 9.9961 25.0721 6.8044 13.1774 32.0277 
21.5031 15.8581 6.4066 7.679 3.1303 15.0168 25.686 28.8153 21.4766 17.7422 25.3793 8.4807 22.7843 22.213 23.6145 
10.1468 23.9366 35.0618 29.3261 23.8722 33.7673 15.9322 25.6261 9.3443 19.0309 7.5274 34.4591 10.7496 6.4792 34.9233 
16.1293 19.0662 8.4666 12.5302 5.0002 8.8469 17.9569 18.0425 16.0817 18.8347 19.664 12.8745 19.9257 21.3907 16.3952 
8.1298 12.0983 21.9489 9.8687 11.6088 19.5163 17.4911 29.1952 6.2905 5.3725 8.0299 22.7588 6.6513 9.8733 30.1988 
13.0266 17.9429 12.4102 10.8488 7.3129 10.5174 18.2048 16.824 14.1819 15.8908 14.9862 20.7574 16.5107 16.6113 14.8843 
15.2377 27.6896 17.7401 26.4881 19.2592 8.7143 10.968 7.7278 17.2795 27.3002 23.023 26.4923 24.1371 18.1707 7.739 
16.9933 34.1399 27.0641 30.1975 20.661 11.5581 8.2507 4.4778 20.3408 23.8226 24.4332 33.4844 22.6642 15.3785 9.8328 
14.9096 5.3991 26.0257 10.0116 13.9906 24.9204 26.4098 35.7077 12.2661 1.6575 13.3486 25.7589 7.7056 17.7647 33.7285 
20.5785 6.7728 30.6087 14.3822 20.2651 34.8211 28.3656 38.383 18.3309 9.1974 16.0279 26.495 11.925 24.6433 35.3594 
12.718 21.9355 15.3149 18.8262 10.8321 10.2474 10.6848 14.691 16.1271 20.3193 18.2477 24.9766 16.4785 15.3315 14.1868 
19.3563 38.8876 22.3311 31.6197 21.5328 8.472 15.3762 4.9715 25.7632 31.3617 27.4566 28.3702 29.5806 20.9822 4.7263 
29.6756 22.8948 3.7961 19.3941 13.5958 18.3295 37.15 34.1128 32.2926 26.8844 35.5721 6.9955 30.1118 35.239 24.653 
12.4793 12.1059 33.077 19.5145 18.497 32.568 26.2784 38.564 11.11 6.3526 9.3654 31.9214 4.0839 15.0497 32.8117 
12.2776 29.2704 24.4093 29.26 24.5753 15.8922 6.2849 7.7395 19.8519 25.2968 21.9934 29.3373 22.339 13.7093 14.978 
12.9863 7.568 19.454 10.4488 11.7541 23.2696 24.3983 29.6289 9.7464 3.7571 11.1901 19.3717 8.381 12.1901 31.2187 
12.681 9.9623 16.2298 5.4222 7.4874 19.5467 22.2248 30.1765 12.7299 6.7048 15.6284 20.1338 11.1801 13.3634 24.4892 
31.6171 29.5575 2.713 18.1235 12.0611 14.959 27.6063 24.9712 31.6454 31.4665 28.4013 9.01 30.3083 33.8869 21.218 
8.1277 11.9605 28.1765 17.4844 16.0474 23.0297 18.8439 28.9868 5.5527 6.0595 4.9468 29.8829 1.9097 8.5175 32.6603 
16.2708 7.3799 18.5093 3.3219 7.8175 17.9153 24.445 28.0689 14.6854 7.4041 18.5332 17.1367 13.6927 17.7434 26.6899 
17.8415 2.1234 24.9886 9.6742 13.7741 24.2836 26.4137 30.2246 13.9356 4.6843 14.1933 20.6547 11.5763 20.5604 37.0076 
3.9334 20.7905 28.771 24.8702 18.6962 23.1539 7.4913 22.1044 6.2898 14.6514 9.0472 32.3514 13.6248 2.6347 23.6403 
22.6137 3.1998 21.2455 8.9219 18.3793 33.8687 36.3646 37.4738 21.5517 10.7415 21.4943 21.8782 14.9622 23.5167 32.2542 
18.9769 19.3967 7.1396 13.9662 8.2732 6.1525 22.6847 18.9763 24.7022 19.4857 25.7262 14.4477 25.1279 21.061 12.6247 
4.2839 13.7008 21.3061 12.3063 13.4735 17.0321 12.5162 23.2597 5.4022 8.0334 8.3113 26.7127 9.7482 7.7222 27.0031 
4.2674 16.899 23.2521 15.2677 15.4065 19.5397 13.7708 26.2981 3.0133 9.6774 6.0752 24.1341 6.8063 6.2532 26.313 
27.4905 23.7427 3.6965 17.5559 10.8053 9.3973 28.7961 19.9836 23.87 23.1265 33.5536 9.649 30.2256 27.4269 13.5195 
12.5009 31.7708 27.5789 22.1247 19.961 12.4751 7.526 7.0787 17.8409 24.7019 18.4037 31.6576 20.903 15.6872 13.5898 
1.9569 23.8988 28.5875 22.2655 19.7226 21.7122 7.4188 16.395 6.6108 13.1257 8.4439 31.1351 12.1493 3.4317 25.6964 
18.4032 6.6998 29.0617 15.8481 20.2552 32.7896 33.9289 43.5422 15.7842 7.249 14.6257 30.7147 12.2506 21.798 43.7684 
8.4254 13.7746 26.6132 14.3637 14.0681 23.2179 18.7877 25.7957 5.4949 4.717 7.1201 24.6107 4.6361 9.7912 25.0217 
12.1249 8.3561 25.1047 12.1562 14.7142 27.4547 22.8262 30.6484 8.5319 1.0735 10.7953 24.3332 4.8036 13.6693 32.8208 
16.0468 22.553 15.3569 20.6106 14.1719 5.5512 12.8334 13.5359 18.1775 21.1021 20.8431 24.8285 20.0478 16.7699 11.2711 
9.2015 21.3951 33.5497 21.6499 25.6398 27.4474 15.4886 30.1567 5.4354 14.2405 2.9772 36.5388 7.2682 6.6577 32.6567 
4.0291 24.4226 30.3771 21.6792 19.6761 26.836 11.0045 20.6446 4.5726 15.3458 6.2486 29.0792 10.7812 0.9396 23.7473 
8.6461 27.3537 29.8554 26.5804 22.2875 16.728 2.4572 13.9493 11.3497 20.8776 17.1671 29.4075 17.5689 10.6937 16.8931 
4.1669 16.8687 32.5587 21.1711 17.8075 26.7121 14.7363 28.0923 1.964 10.8605 2.7693 30.6453 6.2471 3.7933 24.8728 
10.0035 18.2869 16.6693 12.3164 7.5427 11.0722 13.0816 19.5649 12.7522 13.1349 13.9592 18.6281 16.7657 11.9982 20.2386 
15.5984 9.0611 26.261 15.3211 21.4427 34.0083 27.4299 35.1328 9.4555 4.8826 10.1968 28.5334 3.9733 16.2557 34.9195 
7.1525 30.0336 35.2344 22.3597 21.4031 21.4382 5.6374 15.4648 10.7764 21.0278 13.4199 38.6356 15.3292 6.0059 20.6409 
15.3572 27.3025 17.5779 18.5793 11.4243 6.2596 12.1581 13.195 15.57 20.8687 18.4919 21.726 21.2902 15.0165 10.158 
12.469 27.5689 18.192 18.8434 12.3819 8.4708 10.507 12.1435 15.8613 19.5018 22.2679 26.5783 24.2104 16.5876 11.5433 
11.3308 8.7471 18.7133 5.5659 7.6088 21.0409 24.6889 29.9776 13.5897 8.1346 14.6983 19.6645 10.5804 17.7908 23.7065 
24.8895 10.1683 18.966 5.68 12.1194 25.3514 32.946 33.9276 22.735 13.7113 25.2141 13.8304 22.5677 23.73 33.3789 
18.3259 24.5633 11.0446 15.0389 10.4234 3.5761 23.1485 14.6704 25.0958 23.7692 25.2675 18.7731 26.6844 24.3433 10.9257 
25.6097 16.9933 6.409 8.2983 5.2615 16.5542 30.7395 25.1271 21.2737 19.1264 27.861 6.7127 21.4321 25.2696 23.3427 
26.986 24.6576 3.9418 14.3879 11.0174 15.544 35.4198 32.1938 26.7243 29.4919 34.6579 3.8714 27.2651 28.3136 25.1705 
11.5437 17.2867 16.2701 15.3747 10.3099 11.357 13.3237 18.6184 14.0493 16.3196 18.0069 18.1851 15.7999 14.8776 18.4439 
14.8305 5.5629 25.4073 13.1276 16.5395 31.1588 29.8729 35.0796 14.0634 4.4863 13.866 25.9902 8.5141 19.9057 38.4306 
18.3998 30.5562 22.6127 27.0116 20.2329 10.6065 10.4705 3.9419 20.9086 28.6282 27.4199 31.7353 29.9321 17.3845 8.4971 
9.2242 21.777 19.2915 15.9522 12.7631 10.9493 10.829 13.0446 14.5612 15.2867 14.6148 21.9609 16.3746 13.7234 16.5546 
23.3231 21.9348 6.0099 17.3147 9.6064 6.926 25.9443 21.0008 24.4637 27.1587 32.1558 12.101 27.2564 24.6805 12.692 
21.3597 17.6696 7.638 8.3307 2.3171 12.8739 25.7531 28.0983 22.0797 19.6276 22.1079 8.5531 21.914 19.7922 18.0831 
11.1827 12.7645 18.1187 9.7416 6.0524 14.6541 17.7142 20.3904 12.6536 10.9063 13.2027 20.6751 12.8093 13.3294 18.8873 
25.5316 7.3708 28.1446 17.4966 22.83 34.9903 33.6436 45.705 26.0523 13.4921 19.7659 29.0587 17.7386 28.3426 46.1127 
5.9048 19.4672 17.1903 15.0328 12.4135 15.1521 10.9972 19.1749 7.9684 11.3858 12.8915 22.077 11.2059 9.1154 19.5646 
15.0423 12.801 11.9868 7.9193 3.8726 13.3925 20.3327 23.9122 16.5203 11.751 17.1096 15.4148 18.1673 16.2942 23.0763 
7.192 28.0077 24.9158 24.4824 18.044 15.6403 2.517 14.6662 11.2532 19.2758 12.862 28.7999 18.0191 7.8117 19.5829 
23.5154 17.8026 7.7011 8.9428 9.7012 17.1406 31.9506 33.18 24.3961 21.6533 32.2683 4.7199 27.6136 29.2066 24.2066 
30.1654 25.0966 3.8846 20.2561 14.9312 14.4298 32.7274 24.9879 30.8255 25.6812 33.7771 7.5572 33.5262 29.3993 18.9244 
22.9288 3.3378 21.9309 10.3747 17.8919 30.3823 30.2036 39.3471 17.9612 11.3034 20.7636 22.0798 13.7462 24.5664 38.8249 
20.0694 24.1728 10.2678 13.9495 8.1714 5.7531 20.8113 16.8683 20.7595 22.4814 26.3602 15.2329 26.5298 19.5811 11.8146 
24.6254 12.5696 10.6965 4.8065 5.8486 21.5721 31.6882 31.2471 24.8501 15.0886 23.3874 7.5604 18.9948 23.9836 23.0606 
16.2873 21.0419 14.1265 16.7999 9.1143 6.9167 16.9393 14.4574 16.8944 21.198 21.8878 19.3523 24.0992 19.4645 13.0846 
13.8466 26.0274 23.4325 24.9441 19.206 10.4903 6.8301 7.6877 18.7727 24.4741 17.6284 27.3935 21.6453 13.3662 11.126 
21.9628 33.1984 11.4885 19.1869 15.4051 2.9256 24.7422 16.5531 26.2551 31.6661 25.6795 21.3926 30.2515 24.9068 6.3945 
8.7844 11.5934 20.2886 10.5712 13.0713 19.277 20.8646 25.4348 7.9847 5.2944 10.4419 21.7187 6.3996 11.4305 30.3732 
12.4348 27.634 22.6986 22.0607 16.0772 14.1498 5.8531 8.5166 13.256 25.7251 20.0098 25.1647 18.616 14.1892 14.0653 
28.6748 13.9003 12.1513 8.7534 11.1149 23.4344 33.0559 32.933 25.9035 18.8923 28.7675 5.4729 22.4065 30.7749 25.7573 
24.341 31.1303 21.4112 24.5815 22.1024 9.3535 16.4078 7.325 29.7957 33.7778 26.118 29.7298 30.3887 25.1242 2.256 
13.3842 33.0022 27.7347 26.2322 25.8322 16.2598 1.9594 12.0481 15.254 27.2241 16.7498 38.8884 25.5804 11.4029 17.807 
5.9915 21.1763 32.1478 25.13 21.3362 26.1381 13.8278 22.6823 5.8192 13.898 5.4863 38.2425 10.7494 3.2808 30.9931 
3.9727 22.6065 26.6726 21.5514 21.5742 18.3884 6.3133 17.6324 7.3279 17.4617 9.0782 28.8039 14.3356 2.9143 22.1961 
22.2136 9.3684 15.3254 4.9943 8.845 25.6707 31.3349 36.1832 25.3831 13.1507 24.6844 11.3795 18.6308 30.0956 32.6106 
7.3932 14.3345 16.8374 11.2695 9.8468 16.007 16.6476 25.4762 8.3333 8.743 10.043 19.4771 10.655 11.2361 24.5355 
9.1442 25.48 26.5753 26.8232 23.1221 20.8312 2.7009 13.3974 13.1188 19.6505 15.6567 32.5134 20.2419 7.2552 23.9413 
7.7061 29.2343 30.2801 21.4446 25.2852 18.3999 5.1978 19.1864 9.2835 19.1455 11.1642 37.3137 14.5194 6.1558 24.4519 
11.7468 20.5178 16.416 12.6641 8.9456 8.924 12.9969 16.7749 12.0841 14.0153 15.7869 18.4499 18.5875 13.5643 15.3164 
15.1857 18.1867 10.3684 13.1237 5.8708 7.0064 18.2236 19.8199 17.1083 22.1025 21.126 14.7374 25.6262 18.3942 16.7185 
11.1161 25.4904 15.6968 19.8362 11.8688 8.5328 12.5513 11.1472 17.9541 23.1257 17.2711 22.7357 22.5757 15.5227 11.3585 
26.5929 12.3447 12.6828 6.3244 9.6239 22.2703 29.7882 38.5184 21.863 17.2611 29.6018 9.2286 22.3875 26.1693 34.079 
36.7112 27.1909 8.1318 19.7682 15.7307 20.6988 36.2779 36.944 39.3018 32.1445 40.0254 4.9488 35.7099 34.4421 31.3677 
14.1688 24.1602 14.4396 14.2135 9.3655 6.4033 16.127 16.082 17.6172 19.5524 17.0406 19.9717 19.4198 17.2467 12.7594 
18.8651 3.008 23.0358 9.7012 14.199 24.2409 23.9681 35.803 15.416 4.7928 15.9388 19.8885 9.9224 20.7243 29.7713 
18.7169 23.1419 8.7725 13.7072 6.882 6.2942 22.7862 20.4272 18.8733 20.8735 21.3745 15.7562 23.9843 18.8235 14.2042 
15.3941 33.6597 27.2035 24.303 25.7406 15.4375 5.5982 5.821 20.2537 28.0195 18.2769 37.2373 22.2415 17.6064 12.8533 
18.1574 6.2309 16.9767 2.1008 7.4477 19.4605 24.5541 28.3804 14.8919 9.8369 20.6497 13.6064 15.0462 21.1485 32.3346 
23.1543 25.1872 7.1866 14.3331 11.8121 5.8521 23.8384 16.426 23.4655 22.3743 26.4235 14.9403 27.7299 21.4626 13.4612 
15.4749 16.2449 11.8516 5.536 0.7323 14.1068 25.8611 25.6713 16.2804 14.8347 19.8192 12.4111 17.0915 18.1125 18.6041 
8.7298 11.2743 19.1355 9.7642 8.6839 18.5473 16.27 20.3601 10.3637 8.7248 13.1077 18.5738 11.0844 12.1551 25.5613 
19.2307 3.3893 18.9148 5.1664 11.9664 26.4788 23.8468 32.163 18.0785 7.6454 17.9975 20.163 13.1146 22.4045 31.3713 
18.1434 27.1726 13.5426 19.5049 13.0392 1.4809 19.7507 10.4048 24.3371 23.3459 29.778 21.3133 31.6598 25.1777 5.792 
8.0132 25.3574 28.5139 25.892 21.2948 22.8769 3.264 16.5447 10.8393 23.3877 14.3935 35.5329 19.8497 8.4296 24.033 
19.505 32.1799 24.0729 22.218 23.0003 7.7932 12.0446 5.0804 23.8195 27.5399 22.1185 27.1967 25.4742 21.7796 6.3041 
15.934 9.6913 27.2077 14.2229 21.4044 33.3426 23.3098 34.2694 13.3107 5.911 12.1914 29.7459 5.8683 17.689 32.102 
18.8848 31.4375 23.8535 25.9465 24.6013 10.575 10.0799 2.9049 25.3465 28.3639 22.4761 33.5469 30.9529 19.9641 8.617 
8.5615 9.5383 22.4324 8.7417 12.6714 21.2655 19.1413 29.7079 7.8711 3.951 11.0712 24.1099 7.5034 11.7188 27.5369 
23.0782 5.3756 32.4769 14.9539 18.6544 28.5055 35.0774 37.4463 17.4211 8.204 21.071 27.5025 12.171 23.1119 36.5374 
7.4747 12.7596 21.116 13.5981 11.663 18.801 17.1114 26.7387 6.1787 8.2092 7.6951 21.1276 8.0011 9.1908 22.6475 
16.1867 29.2588 21.9987 25.189 19.8817 11.0642 9.7868 7.0497 17.3148 24.2386 21.911 31.4267 24.2394 17.9321 9.5972 
8.0464 21.2403 35.2074 20.6022 25.2791 31.2269 16.3081 26.2919 6.119 12.3474 3.223 34.8343 6.0387 8.2629 33.2664 
5.9086 22.26 18.2584 16.6553 15.2463 13.939 8.9927 17.1549 7.8786 15.1165 11.3855 24.1551 15.8797 8.0504 21.5147 
16.8544 20.8126 10.2518 11.9086 4.8473 9.3661 22.2767 18.7795 18.4158 19.9793 24.2278 13.8497 20.92 16.7575 16.4943 
28.5622 17.2019 9.5537 10.6403 9.4835 25.0034 33.7858 29.649 29.9734 21.0418 26.216 4.6141 26.2761 33.8672 27.8628 
16.9061 37.4178 23.1396 30.6284 26.4503 12.1529 9.7195 1.9491 20.9473 28.9626 28.0431 36.9541 25.1158 20.8881 9.8512 
14.0279 32.3458 24.6999 28.9997 19.8467 13.6516 7.2086 5.9204 16.8215 29.3604 22.1771 31.9654 21.7095 15.2479 10.4351 
19.524 19.3917 5.3989 11.0925 4.8494 10.4717 22.7113 26.088 23.3561 19.0357 27.4698 9.3147 22.2789 25.5725 16.8145 
4.6364 24.3435 32.1668 22.8373 21.9771 25.4161 11.6661 19.937 4.1623 16.2267 5.6589 36.3114 12.0889 0.8986 29.4539 
21.3239 26.1244 12.6764 18.8821 14.5497 0.8212 20.6972 13.0038 25.3463 26.7006 24.2873 21.5234 27.4163 21.9731 7.2019 
18.4639 36.694 25.4926 31.3695 22.714 14.1662 8.16 4.2103 20.5943 28.2395 24.8779 32.0695 26.2604 18.958 13.0776 
9.192 25.9297 33.451 24.1426 22.7002 20.8743 2.1884 14.9273 10.7959 21.3654 15.1672 34.2638 18.1618 8.8621 21.5781 
26.5492 22.2832 3.6515 14.8736 9.3303 10.161 23.4701 25.6008 24.6841 25.0157 27.0332 9.2486 29.9717 23.5289 14.661 
9.3536 29.6187 28.8202 26.5475 28.358 23.0167 3.4031 16.9806 12.9919 23.9652 14.1863 35.1927 19.0241 9.0602 24.2532 
14.8611 7.7517 32.9157 16.4847 19.8497 29.3617 26.5246 35.4339 13.6117 4.2878 13.1107 30.9705 6.9239 18.7313 38.6948 
8.7592 17.2335 16.0766 14.2495 11.5696 10.6494 13.7769 16.7094 10.9354 16.9569 13.4779 19.4749 17.7555 13.8062 16.0883 
23.7067 6.2203 30.9092 14.1928 22.9099 33.9403 33.9525 45.4317 18.7089 10.5278 19.9462 26.2904 14.0177 23.5369 35.9 
24.1603 25.6699 11.6245 22.959 14.9233 2.3139 19.8143 13.1607 28.3752 25.8498 30.0431 19.8836 26.1321 25.813 6.6182 
8.7348 9.9891 23.6715 14.2277 15.181 22.3863 22.6389 33.3245 6.9086 4.0664 5.8474 28.2909 2.6243 12.3706 29.6194 
20.7722 6.8624 16.046 3.1395 7.6786 23.0672 26.4632 33.7923 19.0892 9.3403 17.7161 16.0166 16.8248 17.9043 27.9449 
21.7806 23.5817 7.771 12.1615 8.3627 6.5097 20.7272 19.4249 23.9041 23.3939 27.2059 14.3473 27.863 21.9604 13.5686 
1.2462 21.2912 26.5259 19.3772 16.2901 21.9731 11.3615 23.9628 3.0107 12.8829 5.3633 31.0524 8.2983 3.0511 27.4964 
8.818 21.8739 16.4622 14.6909 9.929 11.4399 14.2407 17.437 13.5142 16.0415 16.0611 19.1201 15.0007 14.4924 17.4937 
21.898 3.951 28.4791 11.7622 19.0393 33.0623 31.6392 36.4044 20.5254 7.5963 20.0518 22.9408 12.2166 21.935 40.6121 
23.6776 31.5786 15.9649 25.3667 21.7442 5.7993 19.9925 12.7656 27.8367 26.9743 29.233 22.4074 37.3148 24.4195 3.729 
9.455 28.7711 35.3038 30.6584 25.2963 22.0747 6.683 21.2143 9.5687 20.6431 12.8271 38.5621 17.9039 7.2165 28.9965 
20.8505 25.1329 6.087 17.3031 9.4603 7.3754 26.0106 19.2561 27.3716 22.3607 30.8171 13.3342 26.1495 26.0386 15.2559 
15.2179 21.6952 11.8992 14.5931 8.628 6.5367 16.5052 16.4964 19.3192 17.2983 20.4442 18.8132 20.4983 17.5967 14.4094 
9.4138 27.8583 30.9005 30.3873 30.104 27.4109 10.9853 23.7348 11.0586 18.212 10.3972 37.8871 14.2348 7.2977 30.6587 
25.1511 14.7719 9.3751 8.7017 10.9123 21.7397 35.6023 34.1359 24.0109 23.2094 30.3453 4.5003 25.2336 32.623 27.4984 
20.4121 3.3635 27.2787 10.5148 16.7008 29.6253 26.045 37.5098 17.4454 6.5807 14.4313 26.429 12.5256 23.0762 33.6709 
15.4088 8.7681 15.6075 0.938 5.6399 18.2012 25.1179 29.1873 15.1481 10.6979 21.2269 14.1113 16.0672 18.1791 27.0327 
8.1221 25.3037 29.9074 28.3035 21.0195 25.1538 4.3013 14.6859 11.1721 23.1052 14.3042 40.5405 17.6687 6.7019 21.933 
16.0799 16.9381 9.1376 7.1044 1.556 11.5438 22.2058 20.4551 18.325 18.2755 19.9897 13.0944 18.2093 19.3498 21.2862 
8.08 10.7067 26.402 14.3495 16.5515 26.6029 18.5057 27.7661 5.6626 5.1318 6.9063 24.2561 3.5745 8.6133 26.4583 
11.2814 9.296 25.8782 10.4366 12.7764 23.2866 21.2645 28.528 8.5958 2.44 9.0452 23.0438 6.0391 14.626 33.1214 
17.7513 25.8667 18.1996 20.5978 16.2961 8.1698 10.7622 7.5346 20.3078 27.2867 25.2576 29.2299 26.9713 17.1536 8.3676 
10.8542 18.5906 14.6034 13.3105 9.545 10.1917 14.5614 16.5783 14.9448 15.7024 15.6787 21.3914 20.0223 13.7784 14.6812 
25.6073 5.1253 21.9374 8.4317 14.2633 26.6374 35.8819 42.2648 22.8964 11.9593 24.6099 20.0261 19.0676 23.6766 38.4161 
8.2191 28.3421 30.4277 24.3393 26.2086 24.1185 4.7272 17.306 9.9846 21.3371 14.7663 37.3641 18.38 7.4849 24.3606 
23.3857 6.6221 25.4407 13.0498 18.3315 36.9453 38.5874 45.4951 20.2723 10.7622 17.9102 26.3274 16.0405 26.5271 39.0399 
2.7601 23.5684 24.606 21.8238 16.2261 19.8988 8.8207 16.1783 5.6769 16.279 10.8106 30.0639 13.5846 4.5184 20.8301 
8.261 16.4831 33.2867 23.481 20.8209 29.0694 18.3125 29.4827 4.9353 10.0792 1.4293 31.8671 5.0034 6.5725 30.5179 
18.7765 27.7896 19.1569 23.3443 17.9853 8.0486 12.7114 5.2515 21.4324 28.4363 25.5088 26.57 29.7357 22.6246 5.8148 
7.971 12.772 25.8512 15.3344 20.0782 23.6284 15.957 28.8468 4.3942 5.94 4.1569 27.0764 2.901 7.4185 29.4233 
5.3973 17.7003 25.9782 17.0995 18.6362 25.4724 14.8653 30.275 2.8719 10.8352 0.7267 32.1787 5.3894 5.7253 27.374 
8.6455 12.4366 30.3456 15.7708 17.4618 27.8704 21.0283 27.9648 5.0918 6.0211 4.6389 29.7118 2.2833 8.0327 30.0872 
13.7148 23.0805 13.0295 15.9396 8.1798 6.6168 19.9213 18.3238 18.8985 18.5315 22.1997 18.9773 19.6261 19.0142 14.8111 
15.3784 7.3473 15.4916 3.6317 7.7212 18.3121 24.4778 33.0899 13.2103 6.8386 16.4934 14.5297 14.2967 17.6847 26.0981 
9.8394 32.4147 30.7842 24.3363 26.2861 18.4837 1.939 14.1985 12.7855 20.0952 15.8732 31.9046 18.8632 9.3722 22.94 
4.4902 15.3663 25.6951 15.3024 16.1543 22.4712 14.5126 22.9127 3.8289 10.184 6.8728 23.1454 8.4948 6.0028 26.3107 
10.0418 7.961 24.0953 10.9394 11.9319 22.6169 18.8846 29.5014 10.0011 1.8657 8.9846 24.9911 7.0031 14.2832 26.782 
19.1938 14.5402 7.5191 8.3715 3.4623 13.3993 28.9877 25.9692 24.5253 15.6845 25.6204 9.4746 22.4118 26.2413 19.8059 
10.9756 23.7958 33.098 30.2152 24.6553 33.4778 15.5854 28.7751 8.7337 17.5253 6.535 39.8785 11.972 6.3031 36.0525 
17.442 22.0248 11.1168 11.8116 4.9629 8.8469 20.5344 19.8234 18.6187 18.6944 21.7611 16.8944 19.4746 20.5339 16.4752 
9.2182 10.6141 23.9217 12.7534 13.1071 21.132 16.2042 25.4524 6.8627 5.0779 9.045 21.3186 7.8108 10.7176 27.6409 
12.7225 16.3669 14.4717 13.253 6.2395 10.5236 17.9596 18.2867 15.7361 13.4902 16.5428 19.102 17.5762 13.033 19.0082 
17.4959 25.9344 17.746 24.3323 16.1455 8.1526 11.8785 7.7198 19.4588 26.097 19.621 30.3011 26.0407 16.1394 9.5626 
16.066 31.5497 24.7153 25.7263 22.1642 13.7783 9.6685 4.8624 17.2092 29.658 24.7503 29.7095 24.8066 15.3935 11.0836 
14.2891 5.2251 27.5862 12.4821 13.0388 23.075 27.3742 31.5854 13.0607 1.8571 11.4274 23.61 8.3187 17.5508 35.2955 
23.3004 6.3723 29.2861 15.8048 18.3646 35.5433 31.7476 35.5876 19.7401 9.448 18.7204 24.1095 11.515 21.2069 41.4314 
10.8537 23.4614 18.4201 17.864 12.8208 9.389 13.6907 13.0353 15.7501 20.8265 17.9803 19.9492 17.9511 13.3235 12.7278 
22.7465 30.0979 22.151 27.8218 19.3203 8.8682 15.155 4.704 23.6289 30.3786 29.4039 30.9921 27.9274 22.5269 5.261 
33.8528 23.7946 4.4581 15.4291 13.1607 17.7892 37.0245 29.4011 35.3223 25.7915 30.3955 6.1195 37.6136 32.4529 24.6147 
12.9904 12.2239 33.3504 15.1171 21.7535 26.5395 22.7957 36.366 9.9794 5.7728 9.1367 32.966 4.1527 16.2574 41.2383 
13.7145 32.6041 29.2712 25.2379 19.6245 12.7417 6.1947 7.896 15.397 23.9615 20.4005 29.7577 27.7036 13.0031 13.0174 
10.2428 7.8826 21.4858 8.4864 12.3782 25.1853 22.7216 31.7727 10.9054 3.3084 12.5655 22.8412 7.5488 13.6265 30.041 
12.8064 10.5094 16.5303 6.5119 7.7084 17.1081 21.9823 29.72 11.5619 7.2668 12.7488 19.6877 10.4864 15.1525 27.9116 
27.6811 24.6075 3.0753 15.793 13.6275 13.8039 33.5288 26.2265 28.5913 25.9011 35.5772 7.7828 34.8184 33.6893 18.4115 
9.8276 14.201 25.305 15.1891 16.0677 24.0049 18.9427 32.4606 5.3441 5.6838 4.5314 26.4043 1.8303 8.1819 32.9274 
17.0198 8.04 18.2045 3.7261 7.3271 19.7911 23.8813 27.8858 16.5487 7.308 17.7747 18.0643 12.619 18.7166 27.764 
17.7858 2.4229 26.6572 8.2079 14.9061 27.3755 27.9085 35.1261 15.2418 5.2208 16.9961 24.1288 10.8092 18.2908 36.6873 
4.0181 21.2801 26.8774 24.5083 22.9008 24.1825 8.3818 20.7629 6.7779 16.8879 9.5688 36.4296 13.318 2.2015 27.9726 
19.3152 2.9036 23.236 11.2902 14.4488 32.3335 33.8459 43.6791 18.0065 8.9674 22.5385 19.5613 17.1384 23.7125 31.8121 
21.1119 24.8122 7.7249 14.696 7.0594 7.6271 19.8523 20.9189 20.4254 21.0849 26.2933 15.0432 25.2985 19.9087 15.6537 
5.3648 16.4925 23.7369 12.2347 13.7023 21.1446 13.0234 23.7214 5.257 9.8642 7.2337 25.8636 8.6769 7.1433 23.8004 
4.5622 16.1197 22.1212 14.0138 13.7401 21.6888 12.6922 24.4999 2.9706 8.195 5.6688 26.9799 7.3519 5.2222 24.8012 
22.6071 28.7454 4.027 15.7211 12.6046 10.5204 24.5727 23.2406 25.8329 26.6535 27.5101 12.6473 29.5665 31.903 14.3807 
13.9491 28.2943 26.7116 22.9316 18.5669 11.5022 7.2855 6.5591 20.1515 25.7678 19.3911 34.1424 26.1425 14.6861 11.8374 
2.087 21.685 29.581 19.1496 15.5811 17.0584 8.2295 19.8731 6.1588 15.2701 8.3983 30.3751 11.5267 4.0485 24.5331 
19.3196 5.3375 30.3755 13.1583 18.2623 31.1999 34.6171 33.5852 17.7167 7.4695 17.9856 24.6202 11.0746 19.0478 38.1648 
7.7857 12.9722 23.4743 12.0127 16.3069 24.6275 18.5755 25.2084 5.5963 5.6138 6.4258 30.0253 4.715 9.5776 32.4645 
11.3662 8.4931 25.7005 12.3162 14.7268 21.8995 23.1041 32.0727 10.2974 1.3609 8.9481 27.6932 5.052 12.3169 34.5403 
13.5877 21.4992 15.7557 19.7 14.1467 5.212 13.5044 11.9254 19.9963 20.3011 19.5015 21.3379 19.8411 17.5732 11.9615 
8.7433 23.4962 37.5919 23.3017 21.5847 30.5297 18.3778 31.435 5.0349 12.0511 3.3487 39.0612 8.3746 5.643 30.7869 
4.6226 21.7489 29.8767 23.3395 23.0471 22.0237 10.3949 24.4569 4.5763 15.0385 5.4379 30.716 9.2497 1.0186 25.3186 
9.8133 27.4726 25.0481 26.4184 22.9827 15.3955 2.3617 12.8153 12.4191 22.9882 16.3169 29.1561 21.9639 9.7422 17.6169 
5.1882 16.8904 30.7316 22.2166 23.0763 24.9393 12.5982 23.067 1.9558 10.7357 2.2971 29.9825 6.416 3.3817 28.2878 
10.5493 19.72 17.8683 13.7568 8.4404 11.641 15.4675 18.2396 12.0773 15.311 16.9701 20.0561 15.6495 13.8067 19.9536 
15.7127 9.8244 30.305 13.7366 22.1723 27.5877 27.338 34.6138 11.6845 4.4243 8.3207 28.6172 4.0784 14.5334 37.5038 
7.9751 23.368 34.8906 26.6928 26.0057 20.7383 4.6112 17.9001 8.5698 18.7106 13.3123 35.3128 16.5506 5.7944 22.8364 
15.5169 23.6348 16.1219 15.8475 11.1323 5.7627 12.2707 14.229 16.0081 22.7807 19.4369 20.7123 21.5557 14.8018 12.7311 
11.6767 22.4917 16.6149 19.43 16.2943 7.3326 12.4884 9.3081 18.2588 24.0941 21.5164 26.5366 21.9829 15.205 11.6465 
13.0119 10.2512 18.9783 6.0259 7.4573 19.0483 23.2884 28.5707 11.5632 6.8095 15.9614 17.2754 10.4885 13.8403 23.0116 
EOF