I 150
J 15
bounds (0, 100)
cv 1.0
D 10
k 5
t 3
FLR 0.6
FCR 4
abounds (80, 120)

a 
104.0 83.0 68.0 
93.0 97.0 89.0 
92.0 102.0 101.0 
98.0 100.0 94.0 
106.0 87.0 81.0 
117.0 88.0 96.0 
110.0 113.0 89.0 
91.0 88.0 77.0 
93.0 105.0 94.0 
112.0 93.0 90.0 
87.0 96.0 83.0 
107.0 97.0 95.0 
100.0 106.0 100.0 
93.0 76.0 79.0 
94.0 92.0 83.0 
106.0 93.0 114.0 
92.0 110.0 98.0 
126.0 87.0 82.0 
100.0 97.0 102.0 
103.0 97.0 76.0 
78.0 103.0 87.0 
108.0 109.0 92.0 
106.0 82.0 82.0 
105.0 98.0 97.0 
92.0 102.0 99.0 
92.0 105.0 82.0 
92.0 85.0 88.0 
93.0 99.0 84.0 
99.0 100.0 94.0 
104.0 102.0 101.0 
96.0 93.0 88.0 
113.0 88.0 97.0 
113.0 90.0 102.0 
96.0 76.0 100.0 
83.0 93.0 90.0 
91.0 99.0 90.0 
92.0 105.0 98.0 
115.0 96.0 96.0 
97.0 93.0 84.0 
77.0 113.0 83.0 
100.0 105.0 95.0 
116.0 90.0 119.0 
93.0 98.0 100.0 
90.0 76.0 103.0 
94.0 101.0 101.0 
73.0 100.0 81.0 
110.0 92.0 86.0 
101.0 85.0 88.0 
105.0 80.0 95.0 
100.0 94.0 105.0 
111.0 100.0 102.0 
90.0 99.0 93.0 
97.0 103.0 95.0 
98.0 94.0 96.0 
98.0 95.0 109.0 
95.0 108.0 82.0 
96.0 97.0 97.0 
103.0 104.0 87.0 
83.0 89.0 94.0 
99.0 87.0 86.0 
101.0 74.0 98.0 
81.0 95.0 99.0 
115.0 83.0 116.0 
82.0 87.0 82.0 
97.0 98.0 90.0 
106.0 77.0 80.0 
98.0 91.0 111.0 
86.0 78.0 115.0 
101.0 93.0 101.0 
107.0 72.0 93.0 
101.0 79.0 79.0 
83.0 107.0 111.0 
94.0 89.0 94.0 
79.0 95.0 95.0 
94.0 91.0 82.0 
86.0 110.0 121.0 
91.0 94.0 101.0 
99.0 98.0 88.0 
92.0 118.0 99.0 
98.0 109.0 95.0 
108.0 90.0 96.0 
103.0 104.0 109.0 
94.0 85.0 94.0 
88.0 109.0 93.0 
80.0 85.0 97.0 
95.0 112.0 83.0 
105.0 99.0 90.0 
96.0 94.0 107.0 
86.0 79.0 84.0 
89.0 93.0 96.0 
84.0 114.0 92.0 
91.0 106.0 83.0 
94.0 92.0 114.0 
113.0 93.0 95.0 
99.0 94.0 104.0 
84.0 95.0 103.0 
109.0 123.0 82.0 
92.0 92.0 95.0 
91.0 94.0 96.0 
101.0 100.0 100.0 
94.0 85.0 86.0 
85.0 105.0 104.0 
108.0 96.0 100.0 
83.0 93.0 96.0 
91.0 103.0 101.0 
82.0 97.0 90.0 
82.0 88.0 87.0 
101.0 92.0 110.0 
91.0 108.0 82.0 
82.0 86.0 79.0 
78.0 109.0 90.0 
81.0 97.0 70.0 
81.0 116.0 88.0 
95.0 84.0 92.0 
82.0 100.0 91.0 
78.0 86.0 111.0 
96.0 84.0 105.0 
100.0 90.0 78.0 
89.0 99.0 104.0 
89.0 106.0 85.0 
87.0 99.0 96.0 
88.0 102.0 88.0 
94.0 97.0 90.0 
104.0 118.0 73.0 
101.0 85.0 82.0 
83.0 102.0 90.0 
102.0 89.0 100.0 
84.0 84.0 81.0 
92.0 92.0 115.0 
90.0 100.0 97.0 
89.0 107.0 87.0 
88.0 100.0 78.0 
107.0 85.0 90.0 
78.0 85.0 80.0 
85.0 104.0 90.0 
103.0 97.0 113.0 
81.0 75.0 93.0 
105.0 104.0 88.0 
91.0 100.0 97.0 
87.0 87.0 91.0 
88.0 101.0 87.0 
91.0 84.0 91.0 
74.0 103.0 80.0 
87.0 98.0 94.0 
105.0 87.0 105.0 
83.0 93.0 88.0 
106.0 95.0 101.0 
88.0 106.0 97.0 
91.0 107.0 114.0 
108.0 83.0 107.0 

Icoords
92.2933 8.2501
9.6249 40.8141
27.9577 26.2116
66.1654 51.1507
1.1734 87.7649
11.0505 75.4002
93.8027 64.3903
64.8086 66.018
82.7026 13.5593
68.2639 97.3361
55.1788 60.572
82.8273 4.1955
39.8248 65.3426
25.0195 98.5278
85.0332 79.5834
6.0291 52.2795
28.7256 6.3037
49.1899 52.1623
93.1559 82.1085
48.0039 78.2307
82.348 95.9544
29.1389 43.9733
29.4849 46.3194
81.2825 59.1342
56.0141 58.0775
70.5501 78.6496
50.9565 97.4063
92.8351 4.8301
23.4293 8.9004
18.9319 13.4713
45.3059 56.1378
25.5879 86.8565
32.987 65.2995
80.7026 83.6868
77.0182 39.2069
45.0885 19.8534
81.5015 63.5404
67.789 48.2682
30.1865 91.2582
52.0512 57.0754
10.3707 4.9344
71.7281 73.2532
72.0226 34.9219
67.714 34.4947
57.0839 29.2892
64.5001 46.3107
73.9926 73.2757
33.0218 73.3055
60.9928 62.8582
34.3796 67.2389
70.48 76.2592
22.8607 21.76
71.4126 30.5489
63.0652 76.9854
35.8461 28.2628
7.9446 26.9083
29.4078 24.2309
99.0657 62.7224
75.3812 46.3405
56.8646 96.3681
55.0538 82.4561
42.0091 31.2734
6.411 90.3847
89.6512 98.4055
16.7433 78.7247
98.8767 3.0345
92.7045 7.8717
48.2733 14.946
24.4892 1.8563
49.6661 60.5098
73.3446 28.4519
24.9428 88.015
30.9436 82.0832
65.1121 22.0766
53.2025 18.4343
76.445 84.1166
76.8648 74.5282
6.4389 38.4213
89.2794 37.598
9.0074 24.7293
23.1946 7.3395
30.58 60.8915
6.6232 63.4379
59.1571 76.0916
56.4974 83.8572
46.1068 14.9099
38.7364 74.1557
54.4076 74.2746
48.0683 2.9604
31.5628 3.4613
91.812 29.1962
64.06 57.7957
6.7552 97.7203
29.3096 43.864
1.255 75.4749
46.1909 96.4333
73.9364 80.132
53.4489 86.4454
32.0745 27.2048
64.2977 23.2833
33.5572 0.655
74.4064 58.7707
69.9046 72.2107
75.7635 54.2244
15.3257 41.0293
14.5805 53.4978
3.6705 75.8117
11.5889 10.8621
17.7206 16.5193
48.7641 54.5503
74.3059 57.4879
69.5526 38.18
91.2582 64.109
47.1182 69.0851
45.5425 30.477
36.5897 2.7765
59.332 78.8236
33.4021 54.0111
89.7609 99.5405
50.2472 55.5687
50.5844 40.1471
26.5562 67.0721
73.9808 3.6622
72.9756 34.9962
12.8088 60.3198
57.4211 11.2831
65.2121 33.5596
33.3266 50.6828
12.1486 87.382
46.0111 56.7804
67.3324 35.2998
78.04 3.8139
6.8805 40.7993
83.9063 23.4252
58.2829 22.8878
38.0144 47.8457
52.428 95.1037
99.3605 67.9459
17.5499 84.5116
52.2151 95.3109
61.841 79.3694
51.8202 44.4147
43.2058 18.1754
75.8676 62.584
98.5163 85.6499
84.9349 49.9051
48.2486 35.7041
45.0155 82.9202
94.526 36.8113
48.4111 33.7909

Jcoords
53.1399 98.3259
0.7091 42.2864
34.3357 49.6232
55.3613 0.2435
41.2065 92.8067
72.0234 68.245
36.5609 97.5714
99.2473 17.5119
92.5591 13.2904
37.6909 13.9946
38.5269 11.8655
95.7495 41.521
4.3132 97.3672
32.5575 81.374
90.9755 86.583

C
30.5554 34.5971 25.6213 14.4282 37.0071 25.0203 35.7118 4.4312 1.9624 17.8712 21.0809 10.433 43.2041 29.1669 27.6476 
26.5975 3.5251 8.0486 24.0515 23.3294 21.0415 19.35 34.6795 27.7438 12.1196 13.7201 25.8555 22.2266 15.6976 35.1619 
27.8346 10.6584 8.7256 13.0966 26.7663 20.7906 24.1218 28.4114 22.8211 5.4561 6.8283 22.5524 24.1439 19.7447 26.4775 
17.5647 22.3328 11.8065 17.0383 15.7823 7.2172 19.0113 16.9708 14.6764 15.0829 14.8375 12.1305 27.5801 17.0219 16.8521 
18.0457 16.1184 18.0183 37.7166 12.8593 24.1634 11.7654 37.5311 44.1965 25.3609 29.3708 40.4788 3.1278 11.7672 30.5533 
17.048 11.4931 10.7094 29.8296 12.897 22.414 11.505 35.1201 33.2739 26.0446 22.9262 32.1837 7.3412 8.9017 29.3599 
19.8188 36.4356 23.0203 23.4969 20.8459 8.2212 22.8595 14.5498 15.6054 28.4788 29.9821 7.4273 31.6063 19.9376 7.8906 
13.5341 26.6298 13.6787 25.0515 12.9566 2.2652 13.4886 19.191 23.3451 18.9201 18.1422 12.8772 24.3994 14.0917 10.5368 
30.7206 31.1205 18.1177 12.0977 34.2878 17.8634 30.6622 6.6 3.8366 16.8172 14.6683 11.537 42.9757 25.4288 26.8756 
4.8015 28.7838 20.2277 34.193 9.772 10.5188 11.2073 26.4072 31.3028 32.029 33.4473 21.4768 22.6641 13.3371 9.5815 
12.424 18.3633 8.9937 18.3279 10.7962 7.1282 15.6856 24.3435 23.7777 18.1098 15.8593 17.1933 20.039 10.0247 16.6509 
38.1874 31.6286 21.4156 10.9747 38.0632 25.8973 37.9636 6.7863 4.2771 16.586 16.653 13.0742 40.4515 31.224 27.602 
12.9971 14.9247 5.0384 21.0821 9.3056 10.0931 11.3378 25.249 28.4161 19.6267 18.8562 18.5096 16.5501 6.8136 17.6458 
10.5623 21.1261 18.8233 40.5273 5.5797 20.1124 4.3487 36.7984 34.855 26.1476 27.9615 34.8657 7.9533 5.7429 26.4161 
12.9327 29.5607 20.4049 30.5283 15.299 5.9348 16.4155 20.6572 24.5325 25.5289 27.0847 12.1395 32.8639 15.9356 3.1668 
20.8762 4.1978 10.5593 22.5938 16.3409 25.1358 19.1832 36.1351 33.5026 18.2727 18.5864 33.4705 16.3651 14.7453 29.8378 
36.102 17.53 13.1655 10.8501 32.2065 29.7913 31.4749 27.9415 23.1943 4.1697 4.0649 25.4774 37.0139 28.5263 31.3699 
15.0904 16.6835 5.6375 19.387 13.5115 8.4485 18.1036 20.5227 18.5844 14.482 14.5143 18.0056 20.9374 13.0056 19.1537 
16.5672 30.7916 24.4723 27.4111 19.7519 7.749 21.6549 23.4683 24.0872 32.8961 31.394 12.3434 30.9823 19.1384 1.5445 
7.8796 21.1477 10.7258 30.8791 6.3367 8.4905 6.8496 29.6595 30.1318 20.1682 23.7852 22.9945 14.7672 5.4903 15.8556 
11.6836 34.3804 21.6445 30.2902 16.3066 10.0421 14.913 26.167 32.1342 34.4411 37.0375 17.5576 25.4747 17.3699 4.5806 
23.5703 9.4467 2.5087 18.968 18.4761 18.8828 19.263 26.8645 23.7425 10.138 10.6344 20.0034 17.7238 12.8444 28.7166 
21.7736 9.0193 1.8804 18.2579 15.6915 18.9416 18.5068 22.9448 28.1876 13.1433 13.1618 22.2036 22.4023 11.8059 29.231 
15.6038 31.3953 16.2287 23.0219 17.4778 4.2685 19.1711 15.7172 14.2103 22.7915 24.6024 7.7496 28.0687 20.2727 10.8027 
15.7651 22.0513 8.1999 19.0517 14.8563 5.7275 14.7043 20.8149 21.2144 15.31 18.5485 15.7766 23.5717 10.589 17.2995 
8.4652 30.4883 14.4572 27.3054 11.667 3.3448 13.6543 22.4495 21.9862 27.451 22.886 17.5631 26.8715 13.8229 6.8409 
0.8567 27.4624 17.7019 36.6388 3.6524 13.7856 5.0978 34.4293 30.0669 25.8617 33.4346 23.8713 14.8932 9.4249 14.6467 
37.8361 36.667 26.0161 11.5488 40.5273 26.4568 37.8592 4.2888 2.9246 20.9236 18.6738 11.1634 41.4657 32.4632 26.0859 
33.1413 14.0495 14.5909 10.6301 26.3654 23.371 35.6043 23.0443 21.8683 4.9945 4.6712 29.4339 30.5376 26.9321 40.1886 
33.1561 11.6703 14.8345 15.0259 25.9487 24.0439 25.8127 29.1351 23.4062 6.3974 7.4494 30.3725 27.4556 24.3851 33.164 
16.563 16.7273 5.092 17.7928 11.7112 9.935 16.4389 25.9342 19.1935 13.1946 17.3286 19.8835 18.0467 10.1615 21.1426 
10.6781 18.2991 11.6348 30.0041 5.3417 15.5282 5.0933 31.8872 30.7605 23.3472 23.1874 29.0198 8.7087 3.0327 24.8344 
12.7211 15.3968 5.1797 26.8029 8.8768 12.535 10.033 25.9627 29.5209 17.5632 18.9203 24.3228 16.4026 5.6651 22.1943 
9.8933 31.2459 22.6916 33.653 12.4889 6.5576 17.9496 22.7615 22.6657 25.1504 25.828 16.4082 27.5962 16.2677 3.4753 
20.0778 26.2717 16.546 17.7107 20.5571 9.3933 23.5913 9.921 9.5613 16.383 15.4861 6.821 30.8179 19.535 16.2886 
25.4955 15.6093 10.7839 8.6935 28.7404 21.1894 30.8437 16.9079 18.9532 3.4444 4.1329 18.4475 34.3418 24.4229 24.6516 
14.497 27.1342 16.6314 25.4274 15.9017 3.7511 17.5372 19.5794 16.2898 20.3373 20.2502 10.2338 25.5101 18.279 9.9159 
19.5746 24.2648 11.062 16.8563 20.1664 7.1309 18.5996 15.1695 14.7482 18.2225 18.318 9.2991 31.7866 14.8613 16.0955 
7.7286 19.4398 14.9666 31.1343 3.4531 15.2987 2.809 30.8963 30.4632 30.7559 26.1761 28.7371 10.0224 3.395 19.3514 
15.5239 19.2881 6.4864 20.5625 14.5256 7.4119 15.1925 23.5502 19.9228 15.5261 14.6334 14.7177 21.7641 10.2302 17.247 
35.4894 15.4209 16.3131 17.3203 34.6241 28.5082 30.4977 30.4383 32.7061 9.0523 9.5428 31.4889 30.2348 30.8587 45.2162 
11.8448 26.6287 14.6854 24.3395 12.1503 1.8016 16.3928 19.5818 20.3193 22.4764 25.2643 14.7097 28.5532 14.0212 7.4616 
20.9186 27.2576 12.4514 15.347 21.3714 12.7528 26.2114 12.4221 10.189 14.165 13.7932 9.4717 36.5394 23.6133 20.2283 
21.7439 25.6334 13.0096 11.3565 22.6303 10.3944 21.485 13.2124 11.8405 12.1278 12.35 11.4657 27.1529 22.7006 19.5726 
24.2576 19.9537 10.4868 11.1644 22.6795 13.8351 27.6215 16.9243 12.7255 8.8544 9.2095 13.9304 33.0675 20.5354 25.6418 
18.3363 24.5892 11.4161 17.1798 18.3004 7.5897 17.66 16.8967 15.9764 13.1803 15.6685 11.7479 28.7131 17.1845 17.7215 
12.2161 30.6569 15.5563 27.6311 11.4908 1.9859 13.9811 22.8887 24.8472 21.1945 25.3807 14.1193 26.3942 15.3846 7.1199 
11.94 16.6536 9.2005 24.8762 6.5605 13.2498 8.4897 29.91 27.745 22.1974 23.1446 25.435 12.5898 2.7656 21.1304 
11.9696 22.294 9.9494 19.0865 12.1287 4.2818 14.8147 18.6702 23.4475 17.935 21.3194 14.6332 23.471 11.8424 11.4816 
11.4628 15.5104 5.4292 21.5597 10.551 14.2269 11.0847 26.0489 25.961 20.9121 16.7696 23.6686 14.2122 5.507 18.0568 
8.5484 23.7541 14.0443 29.5293 12.2468 3.1797 12.8229 25.8249 26.3707 22.0752 23.6432 13.845 21.294 12.5627 7.6833 
30.6618 9.7394 11.062 14.5854 22.3727 26.5564 28.6587 25.5449 26.9119 5.7654 6.261 27.2929 24.8027 19.5024 31.6975 
23.0878 26.0381 15.8193 13.2443 24.6416 14.4395 24.3398 11.8797 10.424 13.7266 12.141 9.5384 28.9386 21.5791 23.1528 
7.6515 28.3872 14.0686 24.8351 8.1598 4.5107 10.0713 22.0262 26.28 26.0501 23.9945 16.7787 23.9544 11.2684 11.2332 
21.6859 14.0092 7.4241 12.3539 21.5023 18.2358 24.5296 23.4139 22.2189 5.7231 6.5962 24.2406 23.4181 16.5758 31.0899 
27.5947 6.188 12.215 17.4678 29.1872 28.7405 28.4595 31.4363 32.9958 11.7002 11.7139 32.0801 24.4887 23.8956 31.9636 
29.3161 13.5488 10.093 13.0797 21.3482 21.6631 28.9375 23.9463 21.2465 4.9656 4.7998 26.4907 26.9003 18.325 32.2728 
20.2049 37.7217 25.1951 23.835 22.8311 10.4413 27.0151 13.7079 18.1784 28.494 24.3522 7.2897 39.9616 27.526 9.4657 
21.0737 25.8297 12.9624 17.8109 19.9055 6.8321 23.892 14.9628 12.37 18.8685 18.8489 7.9306 33.2897 17.2901 13.6855 
1.5119 29.1739 17.5857 36.801 4.8784 10.1596 7.733 31.0023 33.917 29.5507 33.7663 20.4522 18.4331 9.7246 13.4423 
5.9272 26.1802 12.5205 31.8987 5.5754 6.9678 9.2743 27.6119 24.1076 22.7566 25.7881 21.9055 18.4044 7.8288 11.2271 
24.5576 14.6694 7.3651 11.0598 22.2646 17.5055 24.6396 18.4908 21.2307 6.6147 7.195 21.4732 25.9688 16.1926 26.0911 
17.9926 15.5331 16.1668 40.3631 13.0345 23.9664 12.2181 36.6692 43.1677 24.8051 26.6631 37.5747 2.6473 9.1485 31.0919 
12.2751 40.4787 26.5216 36.195 17.8195 11.0497 20.3467 26.4503 32.4819 33.0174 39.5921 21.986 32.098 23.1766 3.6355 
16.3455 13.1373 11.3681 34.3312 10.5371 22.0726 10.8245 40.2402 36.8245 25.0506 26.3483 31.7435 6.7264 5.7372 22.8196 
42.0577 35.0581 24.7235 13.7573 32.6182 25.2191 42.3924 5.2918 4.646 19.3565 18.9382 14.3564 52.1457 40.4511 32.5447 
35.5719 30.7729 26.2011 14.7655 36.4036 24.5888 40.6248 3.5745 2.1455 19.4954 20.6271 13.0079 49.4596 29.4328 27.9414 
30.6609 20.0686 13.9103 5.0631 28.3561 21.7124 25.0354 16.3272 13.5343 3.8144 3.3067 18.4443 31.1715 26.4105 27.6967 
35.5138 17.505 16.8504 11.4413 35.436 29.8518 30.939 23.4562 26.788 7.1072 6.767 28.4221 35.5527 27.7743 41.3025 
14.4534 20.5246 6.0676 18.7174 11.6251 7.9584 13.9552 19.8395 23.4374 16.8208 15.3054 19.5133 20.5186 10.7172 17.1853 
24.1267 23.0253 14.549 10.2835 24.3854 14.6798 27.1458 9.085 9.2813 14.4044 14.7209 9.2054 37.0859 20.9601 23.6849 
10.9615 16.1004 15.031 35.8196 6.0766 19.5878 5.4382 32.3371 33.1854 25.7402 25.8818 27.0131 7.6808 3.5636 23.9755 
9.6844 19.6768 12.8556 25.6385 5.017 15.5012 5.3693 33.2268 28.9154 23.9683 21.3008 23.3641 10.3905 0.5659 23.3457 
24.4595 20.7898 13.5972 8.0176 29.3865 15.1066 28.2658 13.3452 11.2481 9.3795 9.7227 11.6227 38.245 23.392 26.1174 
24.1113 18.9119 12.3315 6.2759 24.5663 20.4418 31.9671 17.238 14.5191 4.9033 5.0004 16.0421 29.1354 21.2164 26.8268 
8.9747 26.2674 20.2818 27.2593 11.1351 5.8127 15.9909 27.8924 22.4736 27.705 32.0838 17.8552 25.4852 17.3298 4.5762 
10.7162 30.756 18.9056 27.3068 12.2695 2.8095 15.3717 20.6236 20.1915 23.0948 23.9921 14.0208 29.5955 16.503 5.6363 
26.8206 2.6174 11.1499 22.1043 19.5648 28.79 20.2254 36.6364 32.8705 14.4779 12.9495 27.9174 21.3759 15.1213 31.4744 
25.4828 34.1917 17.5482 18.2146 23.1768 12.5104 28.9776 7.7899 8.7883 22.4998 17.9074 2.8321 37.3043 21.975 17.3168 
31.6313 5.9016 14.1949 16.1937 24.799 25.1951 25.7702 34.3011 31.388 9.8403 10.3718 31.8334 24.6538 22.9492 36.1048 
34.7996 13.7508 16.5768 11.3973 33.3132 29.1719 32.8288 28.7738 23.8446 5.7583 6.2299 25.4405 30.3923 25.9543 39.4794 
17.05 13.8337 4.7131 25.3873 12.0692 15.9776 12.4686 25.0163 25.3437 15.8284 16.8516 20.7905 16.6042 7.4676 22.0461 
18.8975 6.7272 9.562 28.5784 15.2764 21.1091 17.5207 36.0296 35.5604 19.4043 19.1632 31.8482 11.0457 11.8751 27.0895 
9.0063 21.5389 11.1035 24.5144 9.5831 5.2414 11.4667 27.0948 28.2321 23.6069 22.3219 15.7665 22.0127 9.4971 11.5151 
5.5937 22.9523 13.678 33.0137 5.4322 7.2109 8.75 28.4921 28.529 25.8795 27.5285 21.1071 17.3411 7.6128 11.6346 
25.9591 17.3513 12.5323 6.2709 23.9538 21.4245 31.8365 19.377 14.7529 2.6675 3.1122 18.2382 35.1472 21.9094 30.492 
10.7369 17.0182 9.0898 27.5459 6.1503 13.0802 8.3625 32.6405 31.9554 20.843 23.6019 24.9238 13.7133 3.1916 19.0302 
9.4966 22.0077 11.6604 27.3123 7.5313 6.6061 10.6383 26.6995 24.7096 21.0372 25.2697 16.5195 20.1171 8.9417 11.6446 
33.2532 23.0659 14.9232 2.934 28.1767 26.6272 37.5324 16.1804 16.3194 5.8514 4.3918 23.9525 35.784 30.4705 28.8074 
30.6747 15.671 16.7962 7.9298 27.3008 29.3836 35.162 21.0424 20.4193 3.9825 3.7361 26.573 35.5429 30.8403 39.0807 
25.1575 33.502 24.3688 18.0801 28.1814 14.35 34.0732 5.4013 5.3486 21.3057 19.9924 3.9139 33.5756 29.7812 17.5737 
15.1238 19.8991 10.4566 21.606 14.8466 4.0557 17.4468 16.9396 16.5097 15.9615 19.0705 11.756 27.7336 15.4524 13.7344 
16.3335 18.8199 20.2259 41.4998 11.658 23.1604 10.6348 45.3467 41.4821 29.6515 30.9056 36.702 0.8305 11.8176 33.5311 
22.1738 9.9567 2.8933 19.0631 16.1832 15.581 16.3831 25.7621 25.2553 9.704 10.4994 21.0612 19.1513 14.0097 29.2417 
21.4077 11.8599 12.931 28.625 16.9667 21.4122 12.945 45.5407 43.359 22.8191 22.781 38.6376 7.8826 9.5688 29.21 
2.4523 28.2715 19.151 30.9686 2.351 13.386 3.5142 28.8431 36.4515 27.8379 33.6855 23.6183 16.4243 7.5425 17.8835 
9.3229 30.6718 19.991 26.5826 13.8884 4.0827 14.0023 22.3632 24.7782 26.2455 26.5163 13.3528 22.6363 14.1579 5.7282 
4.1833 21.1448 14.84 27.7725 5.4924 8.2098 6.2754 28.8752 31.8126 26.4771 26.7268 23.6393 18.0098 7.7694 14.7706 
27.5932 10.7054 7.9674 10.9299 20.2611 20.8646 25.7924 24.3512 20.2827 4.7054 5.0522 21.7004 26.6733 16.6794 29.8918 
29.1256 25.9828 13.5679 8.0315 25.3619 17.0986 24.2808 12.7133 10.9203 11.1176 10.7251 11.5506 32.1907 22.1758 24.9076 
36.5686 18.4756 15.8873 7.2751 30.0061 29.109 31.8232 23.9942 22.6334 5.0094 4.2969 22.4591 31.2305 30.5787 32.0787 
16.5223 30.162 14.8706 21.3941 15.2957 3.4388 17.4528 19.0327 19.098 17.8288 18.0057 9.4484 30.2545 14.4163 11.7549 
11.5102 28.5498 14.705 25.7124 10.7385 1.7315 13.2338 22.6377 24.5558 23.0209 26.8933 15.9246 24.9388 11.5826 8.0114 
16.322 29.2592 15.0516 18.2991 18.2994 5.3066 19.8771 15.493 13.8445 21.5464 19.2489 9.1861 25.7657 15.885 13.6015 
22.2632 5.2315 6.605 22.3464 19.791 23.7289 20.0522 26.5821 28.4597 12.733 14.8061 30.9074 18.7195 13.7183 35.2608 
19.8323 5.5201 7.4064 21.5043 15.0789 23.2182 19.2865 35.7592 28.8646 15.7437 15.9741 31.7936 14.0932 12.7008 30.5533 
20.1047 11.4665 13.4649 34.8187 15.81 25.7958 15.3843 34.3028 40.0247 23.5036 22.3658 37.1705 7.4356 10.2873 27.6832 
35.5179 12.8229 15.4782 14.427 34.6876 29.8348 35.4528 30.8829 28.0931 9.9058 10.009 30.8841 32.1807 23.1505 43.2909 
28.8117 10.0471 11.2526 13.7626 30.9465 23.2111 32.8525 29.7105 29.7835 6.1213 7.6988 26.613 29.1422 22.7068 31.8089 
15.9697 16.2077 4.5877 21.2806 12.6268 10.1542 14.1578 19.5854 21.9078 15.8197 14.4108 18.772 22.1569 11.066 18.9279 
14.5857 23.0561 14.8037 18.8732 14.56 3.5651 17.613 16.1004 15.1776 18.466 20.281 10.0925 25.8989 19.0326 10.8342 
19.7821 25.7036 13.2936 13.1922 24.4696 9.9338 25.8646 13.6288 12.7678 12.8004 14.4015 8.3928 32.0636 19.0405 18.9867 
19.1933 34.956 22.3141 22.1619 21.9703 7.2284 21.4485 15.0057 18.0363 22.96 28.1923 7.1578 31.2779 20.7607 7.1024 
10.1147 17.3527 8.3637 21.4795 8.5271 8.5997 10.3564 23.0695 24.1634 18.4833 21.2755 18.2569 16.5405 5.8037 14.2129 
20.5501 15.2811 7.0836 11.8855 21.3933 14.5852 21.2962 17.5964 16.6347 6.0595 6.9277 17.6378 26.6372 19.1672 28.5601 
30.0129 16.6731 15.4961 6.747 27.937 29.4494 37.5009 22.876 17.523 4.4231 3.1801 23.6764 32.6223 23.6103 30.9011 
6.6378 24.4739 14.7602 29.1668 7.0486 5.4159 11.6656 24.311 26.5834 24.5361 21.0348 20.6911 19.5719 8.5582 9.8558 
16.0428 11.4233 1.7218 20.2812 14.2343 16.0774 16.5571 29.233 21.6314 12.5848 14.1378 25.4218 15.7623 9.5432 22.0671 
13.5645 36.239 24.9355 37.3163 19.3037 12.6228 19.3621 32.2539 31.2994 32.9984 37.0343 22.0945 29.5061 20.0283 4.991 
16.3963 16.1044 5.2011 17.3128 12.2431 9.8773 16.2701 24.5318 18.6322 15.9254 15.5697 16.9485 23.7863 10.7312 17.2468 
22.4554 17.2328 6.9164 15.2274 16.6081 12.9567 17.9936 21.0331 15.8862 9.4297 11.2126 15.8377 27.5807 14.0342 18.5372 
13.0641 14.2777 6.656 25.9724 9.0555 14.6544 11.7608 34.2588 33.9795 18.1084 17.5061 25.8825 14.3796 5.0051 22.8043 
35.9419 28.9817 23.2349 6.5178 30.3361 20.2883 39.8295 10.4045 7.6188 12.7573 11.4849 13.3372 40.7162 29.4305 29.9218 
20.5926 26.2061 14.3489 15.4834 25.5283 12.4302 26.4113 11.0989 9.2644 13.7886 16.2947 7.3416 30.1289 22.688 17.5658 
18.7864 7.9352 8.0647 22.3583 15.3394 23.1323 14.7163 33.8278 34.534 18.2311 20.0062 33.7201 12.0375 8.9776 28.2511 
31.4953 24.3279 13.8513 4.0552 31.752 23.3275 28.2479 14.8894 11.4103 7.5839 7.1605 18.2245 38.5778 23.791 28.779 
21.3128 20.9136 13.5391 13.5702 19.2608 12.5379 26.9374 11.4128 10.5285 10.3799 11.5278 11.5471 34.7968 21.7592 19.7545 
19.4631 12.4047 0.5431 21.6867 15.252 16.552 18.6919 26.0869 26.2679 11.7861 12.3093 22.6878 17.0558 9.8519 23.4708 
16.4066 18.4188 14.2815 36.0366 9.406 21.3971 9.6026 39.7622 38.0725 23.7623 29.2447 32.4012 4.0197 7.7717 28.048 
13.4214 15.5772 4.3234 17.478 11.6196 10.8164 16.0535 20.3352 23.0669 16.9642 16.4697 19.2862 19.6215 8.5612 18.5514 
20.8349 20.398 13.9425 11.1354 19.1701 11.1047 21.2963 11.3594 13.3043 13.6305 14.6642 10.4317 34.5582 21.7102 18.8443 
36.065 31.9492 20.8364 8.9353 32.9684 20.8177 36.8673 9.9219 6.3059 15.8215 15.7308 15.1888 44.7983 33.816 26.2212 
27.5271 2.4884 11.0191 24.9922 19.3859 23.1646 21.0765 29.5202 32.0982 13.6237 13.074 32.7049 22.4126 15.8311 31.0901 
31.5391 32.6902 17.1062 11.4215 32.4814 18.0558 31.8374 5.9797 4.1924 17.0559 14.6058 7.6818 34.2539 23.5375 22.739 
28.4986 21.8046 13.237 7.7583 24.5575 17.033 27.8758 15.5223 12.3655 7.6846 8.1284 13.3944 30.2607 20.4972 24.5643 
18.3071 12.839 1.3172 15.782 14.2299 12.869 16.0036 23.4729 22.9156 10.3521 12.1193 19.8577 19.2882 11.8655 23.3396 
1.18 24.1282 18.3502 31.8408 4.1006 11.1611 4.8543 33.9383 33.5343 25.7863 25.7055 25.5223 18.2605 9.2625 13.9673 
17.0744 40.3148 22.8816 31.6838 22.3255 8.3301 23.4627 18.3177 21.9813 29.2438 31.7718 8.3985 36.8635 22.3292 8.0969 
13.5567 18.093 12.7029 35.227 8.5284 19.494 9.016 39.1882 40.3604 27.3327 26.6842 31.9649 6.7959 5.2666 25.9883 
1.0776 29.5097 17.9909 31.085 3.7019 11.6484 5.8474 31.6459 31.1602 26.1109 25.8586 24.0815 19.0058 8.7038 12.5113 
6.612 21.5859 14.3743 31.5261 7.7319 4.7324 11.9153 26.0093 27.0056 24.4273 21.8892 19.2593 20.2592 10.555 9.9317 
17.8931 17.9146 7.1643 16.4179 18.0086 10.4785 17.9294 18.0481 19.4253 10.9512 11.5322 13.379 27.4671 14.8998 19.6225 
28.5177 15.4496 11.8871 7.0818 26.4364 20.6298 24.157 18.3885 19.2625 2.762 2.469 22.2109 29.9442 21.1046 28.8271 
14.7484 29.7858 15.9715 22.0834 14.909 2.3122 20.1702 17.0452 19.9897 20.9108 18.9071 9.2889 30.8457 17.0383 9.0804 
14.4451 32.2358 28.7632 33.0418 20.9188 11.5605 20.0506 20.6947 26.2755 34.9551 31.2099 16.4261 33.8327 24.5089 2.8395 
20.6392 28.1363 17.7606 17.8256 19.26 7.0853 21.2159 10.8474 14.5412 22.9894 23.3723 5.3969 37.3845 19.9932 12.2853 
21.4693 17.2247 7.0967 12.4125 22.2143 15.7254 24.3347 20.9654 16.3917 7.7829 8.1328 16.6155 27.7114 15.4964 24.5163 
6.216 19.2437 11.5848 32.912 3.3999 10.503 5.868 26.8325 30.3949 21.3971 24.1307 20.5677 15.7558 4.9461 16.9577 
25.8529 32.0554 21.9324 20.9507 24.1085 12.6528 32.9937 6.5169 8.8511 20.4494 19.8074 1.7206 41.0924 24.9134 19.6349 
21.1272 18.8917 8.3361 10.5143 19.5782 14.3977 23.795 18.9709 15.4545 7.4494 8.5523 15.0515 24.0475 16.5861 24.8877 
34.8966 37.6064 25.7637 13.166 32.2849 21.74 42.0919 3.6923 1.6394 21.1379 18.5158 12.925 47.3116 34.379 27.7024 
28.7827 3.076 8.4762 24.4305 20.0566 25.8606 21.8818 33.1331 29.0458 11.677 14.6977 31.471 21.7892 17.1653 33.7058 
26.3604 12.5124 8.5 15.0371 26.7391 18.7566 22.7417 27.8871 23.7896 5.0859 5.5863 24.7416 27.0832 19.4347 26.2419 
18.5533 21.1306 11.303 20.5094 15.7046 6.5504 18.6644 16.7773 15.0733 18.3035 15.7022 10.5158 28.6301 16.6196 14.2698 
19.4987 14.2583 17.9375 31.6433 14.5136 24.3251 11.6112 41.7655 42.3457 32.3905 33.5497 39.8787 3.8844 11.5462 32.1968 
18.8885 13.4393 12.3629 29.594 13.1198 21.0327 10.2308 32.029 37.2089 25.4221 24.0199 36.4438 7.6215 6.8727 24.784 
18.2246 35.0482 23.0203 29.2553 21.1448 7.5289 23.1374 17.0935 19.2601 23.3804 27.847 8.6139 34.6201 20.1092 8.8034 
10.5662 26.6024 13.6891 22.4533 11.4499 2.6986 16.4277 19.8334 18.3698 22.9036 21.4589 12.2616 26.4707 13.1415 10.2772 
27.0848 29.3829 20.3199 11.158 35.7817 19.9139 32.4546 6.2428 3.1336 16.6731 15.4419 9.2722 44.3183 25.9938 24.6488 
5.7791 30.0212 23.0145 38.6398 8.2658 11.3665 10.8649 30.4402 34.3736 29.9607 31.3206 22.9451 24.0327 12.2303 9.1669 
14.3825 19.2194 8.9113 19.6189 12.4369 6.3563 15.6732 22.15 20.0528 15.0451 18.1293 14.7775 22.0731 9.2441 13.642 
32.8477 33.1765 23.5751 10.6306 38.3275 24.9879 34.3892 7.7355 4.9844 18.198 15.6414 12.0038 43.2904 33.803 30.2264 
11.1973 14.1528 6.447 23.9265 10.1883 10.397 11.3443 28.2927 25.0299 15.947 16.3741 23.9743 18.1712 6.0145 21.7167 
8.8975 19.1716 17.28 40.3936 5.2827 21.6724 4.168 33.568 33.4956 26.0792 34.0309 34.2207 6.9682 7.3655 21.3219 
11.5787 35.4802 17.8314 28.5885 17.4277 6.1781 19.042 23.1598 23.6185 24.6957 26.8793 12.5626 31.3596 19.0598 3.2678 
24.3611 4.4673 9.3595 21.7477 19.7862 21.2453 19.3034 36.8613 30.5795 17.4231 19.551 29.874 14.055 13.0168 29.3339 
34.2074 15.1495 15.5942 9.0281 28.1861 22.7402 35.9452 24.2712 19.3286 4.6764 3.9544 28.2788 34.9115 26.6546 36.2867 
15.0673 17.4504 5.8274 18.6289 13.4577 10.5124 16.6849 23.7372 19.8599 12.8038 14.9811 17.251 23.2751 11.6778 16.9016 
15.9281 39.1966 22.6983 32.8393 20.2717 9.038 18.4163 20.6523 26.8332 31.2359 27.7367 12.3394 34.8675 18.5505 1.9731 
7.9771 20.4942 11.4392 24.8944 6.2965 8.1913 7.1057 26.3463 25.1387 22.4453 22.6188 20.9227 17.5051 4.9133 13.2072 
9.011 35.3476 26.4818 32.5178 16.352 11.4349 17.8635 24.4658 25.4791 34.4598 29.5845 18.8526 23.6094 17.9302 4.1972 
23.1603 9.1534 2.3076 17.6831 18.6119 19.144 19.6959 28.8953 25.525 10.4155 10.059 26.1624 22.723 13.2838 29.6102 
22.0078 9.7661 1.8264 20.0176 18.64 19.023 19.3604 25.3449 27.2264 10.632 13.7175 22.5823 20.7688 11.1584 27.2612 
15.7051 27.9792 17.5028 19.9592 19.5925 5.031 22.0842 16.0708 16.2498 20.0869 23.5826 7.6197 31.6868 17.8357 9.1347 
16.0597 18.5429 7.1458 18.6295 12.7269 7.1214 16.1615 22.789 21.6827 16.2409 19.5021 15.8067 23.7925 13.2007 14.4621 
9.1509 30.0552 17.3904 25.5324 12.0612 3.6884 14.9964 26.441 23.4758 28.945 28.4853 13.4662 25.5156 13.4992 8.0855 
0.9354 25.0682 17.6361 29.6262 3.9489 11.3537 5.4131 31.0311 31.7842 29.5948 32.2245 26.2706 16.2225 8.0826 15.6665 
31.3862 31.784 22.3542 14.0707 37.9159 24.2276 32.6305 4.8899 2.5521 21.6 20.7548 12.2713 45.4483 34.2949 28.6618 
33.7538 14.6148 16.7367 10.7691 27.0515 25.9329 27.6892 26.0431 22.3601 4.575 5.3774 28.0931 31.4698 25.0768 36.1944 
34.9859 11.0225 12.127 12.3401 25.8663 27.2172 33.1424 27.0523 22.6331 6.4612 6.8419 28.647 32.5822 25.9988 37.67 
15.6233 15.275 4.1581 20.6949 11.1061 10.7915 15.6004 20.4209 22.3701 13.5458 13.8799 17.2051 22.1572 11.1793 17.3389 
9.741 17.8142 15.0196 31.2222 5.4486 16.6138 5.6776 31.3511 30.094 24.6176 22.9363 32.5032 7.5246 2.8482 25.1418 
14.9729 15.1986 5.7021 24.8216 10.5879 13.5411 12.7214 32.2369 24.4755 20.0516 17.169 23.202 13.2365 6.1812 19.2046 
10.7703 28.6158 17.4214 31.4903 15.5372 6.8163 16.6308 23.2494 24.9929 25.3469 26.1112 17.8677 26.5175 18.9814 3.3589 
24.5983 27.5242 17.2621 17.2248 19.3774 10.7663 21.9722 11.2753 9.9692 14.136 16.9025 6.3265 35.8735 21.9432 16.1651 
30.3863 17.6332 9.4957 8.3813 27.5788 21.7598 25.8947 21.3585 15.3111 3.6737 3.6605 21.0868 34.2017 24.7996 28.5551 
13.6711 31.5953 19.4492 25.1878 17.2612 4.0241 21.7031 15.998 16.3412 23.3531 24.1954 10.4489 25.4174 17.1747 8.9841 
16.3774 23.5442 12.88 14.9217 19.9641 6.2303 19.5684 15.1255 13.8053 16.8815 17.1457 10.5388 29.9409 19.251 16.6463 
7.2291 20.0742 15.4771 31.3704 3.8994 16.7025 3.0189 37.9889 30.8925 29.2422 27.5332 27.1982 10.376 3.4529 22.7291 
13.6298 19.7796 6.4788 19.1279 12.9087 8.4074 16.8401 21.0252 23.4779 14.6042 16.9363 14.5924 21.3144 10.7816 16.2311 
36.0441 11.9602 17.3577 14.3258 31.3089 27.5715 36.6589 35.8779 28.5755 10.621 10.0764 33.1145 31.7354 26.2264 35.6016 
12.3067 25.2729 16.8528 26.4046 11.8023 1.6882 13.1433 23.8027 21.5318 23.2692 24.692 14.9167 28.317 12.8011 8.3887 
25.1195 26.978 14.0938 13.2194 22.6567 11.3165 24.6996 10.1794 10.8989 14.1328 12.4716 9.2526 32.3209 23.5767 17.4329 
22.3593 26.9016 14.5268 13.4756 20.0746 12.0446 23.49 10.7913 12.2259 12.9167 13.6722 9.8211 32.7782 21.0892 20.5253 
26.8299 21.753 10.9231 10.5039 24.0282 14.5485 28.0707 15.0682 11.8538 9.4471 9.9732 14.3927 27.8649 22.8498 23.7579 
17.8571 19.9615 9.8806 17.2502 15.9654 8.2343 21.2971 15.6737 13.2595 14.6751 15.6944 12.3201 25.5955 17.9624 17.5191 
10.2344 30.0124 14.836 29.6661 11.8343 1.9006 17.5422 20.5074 19.4281 23.2451 22.7994 14.2001 22.6783 14.9836 8.1555 
11.94 16.0937 8.1687 27.3286 6.6239 12.2036 9.1518 31.3475 30.6531 21.5548 22.2563 25.7726 14.519 2.5094 18.8354 
13.5135 25.4725 9.9315 24.9206 14.2788 3.911 15.4769 19.7737 20.3505 19.9651 18.0485 13.6747 21.4736 12.7857 13.9974 
12.4322 13.8382 5.7551 24.5293 8.6456 13.9219 11.2672 26.4658 31.6578 20.5227 16.8585 26.4034 16.1318 5.4315 18.4037 
8.4895 29.0 15.5933 25.1037 12.4183 3.0059 15.3746 21.246 25.5099 24.5663 26.4467 15.0392 22.947 14.7247 8.8445 
27.1708 10.2861 11.0199 13.8214 24.1851 24.0192 29.5369 23.9306 23.7173 6.142 6.2721 25.994 28.1969 22.2867 30.9923 
24.5339 21.5444 12.8714 13.5632 24.1988 13.1426 28.7817 12.1717 10.6861 13.1931 11.9406 8.7643 30.0276 20.0628 23.592 
8.4705 27.7592 13.7472 25.6912 10.6801 3.9324 12.8467 21.1838 22.5387 22.7836 27.0286 19.1757 18.8488 11.3609 9.3797 
25.7632 13.4796 8.4391 11.7871 20.4078 18.8774 23.3028 20.7516 20.3595 5.4066 5.2902 22.0748 29.9733 17.1186 28.6903 
26.7749 5.1105 12.4309 16.3472 24.4851 28.6871 27.9335 29.6098 27.7936 10.0755 11.4208 31.6795 21.6949 18.7794 32.0249 
24.3756 12.8199 9.2161 12.4435 22.0858 19.77 26.1742 24.4795 24.0922 3.9991 5.5511 23.0217 25.9956 19.3151 32.2903 
19.002 31.8248 19.8919 26.6104 24.2462 8.9398 22.0272 16.2352 16.8322 27.052 26.4316 8.0622 31.8603 24.314 8.7854 
21.4865 26.271 13.9383 19.9669 22.1781 8.0376 22.6579 13.855 14.2212 15.0789 20.1559 7.6774 26.9117 19.8463 13.2798 
1.2653 28.8074 18.6702 37.349 6.1502 11.5525 7.2733 32.5331 28.5098 32.7308 33.0313 26.6981 18.9324 10.2387 10.9441 
5.5243 26.5046 15.5176 30.6162 5.3697 8.6279 8.4288 26.6221 29.0408 26.2951 21.7933 18.4248 19.0443 7.304 13.458 
20.86 13.7761 7.0489 12.2793 22.7262 16.2102 23.9278 21.1517 20.3722 6.6432 6.006 20.8878 23.0166 16.524 23.5204 
16.0824 18.9478 15.9296 34.2087 10.9557 21.8613 9.4565 43.184 38.3122 28.9407 26.5868 30.854 2.352 10.9959 32.9796 
13.0054 35.7777 25.0613 40.9156 15.8737 13.2051 17.8406 27.1916 28.1895 36.8633 35.079 21.4196 30.852 21.4905 3.5939 
14.4273 15.7051 12.7283 32.818 11.2823 19.7095 9.7442 31.9292 32.3579 21.261 24.8576 29.0102 6.825 5.0605 23.8721 
41.6877 38.9699 28.2418 16.0727 33.2691 24.4221 36.097 4.7863 3.7618 19.1763 22.3233 14.4491 40.7255 30.9978 28.5248 
38.9286 33.3659 22.4263 12.7607 30.5234 25.2589 41.1116 3.7725 1.8891 21.6985 19.9969 12.2139 43.5979 36.9168 26.9258 
26.1089 19.9588 11.6119 5.9722 24.838 20.3879 28.0814 19.3538 17.6868 3.8112 3.8975 18.4715 37.29 20.7243 26.2706 
34.276 18.2508 15.6263 12.1616 30.9326 29.1986 34.441 26.3281 22.8261 5.9379 6.2153 28.3161 35.3477 24.0497 38.89 
12.866 17.0037 5.9623 20.9753 12.5733 8.5948 14.9419 22.6812 19.5141 16.547 18.2297 18.9849 20.1154 9.0686 17.6298 
26.8689 26.2344 16.8925 11.3205 25.673 13.3699 28.0228 9.3071 9.5897 13.8312 15.3302 10.0302 36.9396 24.3744 22.5368 
9.2321 17.213 15.5132 31.2399 6.2055 16.1666 4.6424 37.94 35.5436 28.1287 29.0533 32.6969 8.4713 3.7101 23.2556 
9.7586 19.052 9.8335 32.0011 5.5899 15.5099 5.9575 36.62 35.1215 24.7893 22.5156 27.4926 10.9524 0.5653 22.1658 
25.6172 22.3423 16.3315 8.3834 26.3104 15.564 30.8244 10.9585 9.6803 8.6791 8.7772 12.4246 33.087 26.2669 26.868 
26.532 18.4276 13.2136 5.5395 28.7322 17.1724 29.8645 16.911 15.559 6.0408 4.9715 15.771 33.9077 26.4824 27.5982 
8.7754 28.8284 20.32 27.8993 13.9116 5.6875 16.3234 26.2521 26.4033 24.2999 30.0928 14.1373 22.493 16.5691 4.5762 
11.9293 25.7775 15.0515 26.2087 15.1706 2.9999 14.095 20.9238 19.6668 27.6805 23.2796 12.0091 25.3361 15.6647 5.7031 
22.9999 2.3112 9.9625 24.6921 24.6125 27.3419 23.6572 29.5774 27.0482 13.2998 16.1649 28.0962 22.8033 16.5289 31.2311 
26.0552 29.89 21.3222 19.1076 25.1533 10.7483 31.6925 7.0365 9.3648 17.5245 18.5732 2.6294 38.1873 22.67 15.8267 
27.2719 7.6085 11.0164 16.2041 22.6075 28.8327 24.6254 35.5956 25.6367 9.7729 12.3103 30.4816 28.8901 20.1519 34.1948 
32.1463 13.4267 16.45 9.9479 33.0861 29.0626 34.4342 27.3849 25.6338 5.0565 6.3834 26.9483 33.3175 23.4096 40.7933 
13.418 11.6377 4.5587 22.7929 13.4248 14.3108 11.9223 31.6521 30.7204 16.5209 19.7521 20.6138 16.5817 7.8525 19.9392 
22.7642 6.9161 10.2308 24.0694 14.6276 25.3322 15.3414 35.3576 39.1821 19.3225 19.1207 33.179 11.6001 10.721 29.3374 
7.1959 24.8271 10.904 24.7043 8.8865 4.9732 11.7317 26.2643 22.6981 24.1326 26.14 18.9228 20.7891 9.0767 12.7045 
5.4036 25.4291 13.8534 27.7456 6.6033 7.3607 8.5274 25.1378 28.2833 22.7322 26.549 22.9372 19.6536 7.7885 13.1668 
27.2734 19.281 14.4896 6.1998 30.8925 17.9615 28.3666 18.946 16.1985 2.6387 2.7413 19.9336 28.7224 25.0704 30.2891 
8.7673 16.6858 8.9577 24.6822 7.4409 12.1911 7.2995 27.8 27.5273 20.6745 20.1074 23.5902 14.5105 3.0149 18.2194 
9.0101 22.464 10.4587 22.8997 7.033 7.4421 11.1607 28.7466 24.6233 19.8174 25.2247 16.4509 17.5797 7.7424 15.0284 
33.1386 21.2992 15.6821 2.9838 28.375 26.0848 34.2252 20.7935 17.8541 5.2213 4.1151 19.1755 34.0359 27.0653 31.0819 
32.4551 17.005 15.1823 7.5095 28.2534 26.779 32.7493 23.6693 24.3426 4.7014 4.2501 26.4163 38.5252 28.7911 37.2518 
31.1934 33.5756 22.3986 16.0412 29.9697 13.7503 30.1437 4.4761 5.761 19.3325 21.8527 3.9398 41.7837 28.0916 19.835 
13.4783 24.7516 9.6089 19.6154 14.2947 4.5654 16.3927 20.7746 16.6894 19.7704 20.8572 12.0232 26.2 14.4922 14.2586 
17.6695 17.515 19.2445 37.1646 12.4758 26.3616 11.4724 42.8859 45.1656 34.6411 27.8663 32.4708 0.9226 10.773 31.7641 
22.483 10.5897 2.3964 15.3338 16.1782 15.6498 19.5318 26.4123 21.1105 10.9728 12.9302 23.2618 18.1297 11.6754 22.5502 
17.4391 12.381 16.7725 28.6898 15.6123 24.7841 16.4311 41.3965 37.4268 26.2566 29.1876 31.3479 8.5745 11.9291 31.7414 
2.6497 28.1796 15.4956 32.1281 2.3763 13.3784 3.0061 37.4114 33.8431 29.3048 33.0317 25.7486 15.9049 6.476 14.8479 
9.591 29.9134 15.8418 29.9125 11.3192 4.4608 12.6165 22.7009 24.1468 28.7645 28.0621 17.579 27.3989 16.2609 6.6683 
4.5339 22.1972 15.1096 29.5055 4.2217 9.1226 7.8791 28.4696 28.5774 28.0489 27.2668 19.9185 16.3387 7.7329 13.3596 
29.0989 13.2007 7.4829 11.3824 20.8837 20.4007 22.5983 24.2019 22.4673 5.2222 5.6913 25.0877 28.2654 16.6469 32.543 
26.0985 20.3151 15.1876 9.4252 22.8198 17.7327 25.5654 13.5174 10.2069 9.0604 8.8479 11.0234 28.7877 21.4874 27.0646 
38.2321 18.0673 16.5729 7.4714 29.9691 24.1085 33.6073 24.3129 23.3756 5.3851 4.4391 23.9474 39.5863 26.4375 35.6545 
14.1376 25.7744 14.8418 23.899 17.2784 3.2727 18.0328 16.88 14.7593 21.1062 23.173 9.2371 24.6773 15.5769 10.706 
10.992 28.4744 13.0365 25.0296 12.4128 1.4127 16.4302 23.9164 22.8641 26.2612 26.6757 12.6306 27.6785 15.3242 9.4831 
19.5339 28.5904 12.9049 22.6099 18.2372 4.9497 23.2844 13.2965 16.4992 18.7326 17.6811 8.3217 27.7689 16.7525 13.3298 
22.5652 4.5508 6.5195 20.7804 18.4018 22.7352 21.381 32.5609 25.3249 13.754 13.9117 32.0173 20.7688 16.6401 29.2648 
22.8243 5.3864 7.8755 24.0331 14.8985 18.4797 16.2872 32.7509 27.1625 16.8879 15.5322 31.5474 13.8138 10.5514 27.5396 
19.4144 10.3256 13.9851 31.4403 15.6576 22.1716 12.7223 41.1656 37.5361 22.4311 24.3322 31.3144 6.6507 9.5342 27.604 
30.3277 10.1226 15.5456 14.7513 32.4483 25.9263 29.2176 33.907 29.5107 8.9673 8.9766 31.7082 33.8127 23.7169 39.5059 
34.3209 9.4882 12.0971 15.3086 29.5257 29.8557 25.2635 32.556 23.6785 7.9933 6.4665 29.8577 32.5924 24.7559 33.5727 
17.3556 15.2604 4.7661 19.344 13.9332 8.5374 15.3831 23.1418 21.0112 14.6888 16.5046 19.4888 22.9593 9.8876 17.1209 
18.1689 23.0561 13.9238 18.4752 18.6357 3.4485 17.613 14.5549 19.0269 17.3176 22.9944 10.6567 25.5444 18.9172 11.8167 
19.5265 22.4346 13.7083 13.018 19.8723 11.783 20.9186 14.1244 12.5712 13.6204 12.7498 9.0504 31.3942 22.4187 18.9496 
17.8103 33.3726 20.9044 25.7005 20.7991 7.1536 20.8586 16.2066 17.9601 26.3563 24.3249 8.4567 30.2911 23.6794 6.8978 
10.1177 17.8565 7.763 24.3984 9.3486 8.9984 9.9159 27.6306 22.5444 17.5834 23.0981 19.8053 18.5517 6.4229 15.4643 
23.0762 15.907 7.6693 11.4659 20.9809 18.3676 21.2759 17.5135 17.3606 7.2517 7.1166 15.8334 26.425 17.8803 28.4085 
34.0469 20.5745 17.8786 6.7565 28.1083 23.0771 31.7468 25.0516 20.6324 4.3397 3.4487 21.3073 35.3109 28.3795 39.4132 
6.7176 25.1647 11.5468 30.6932 8.2367 5.7993 8.9225 28.9054 26.4658 22.1508 24.9192 16.3902 18.9913 8.9428 10.338 
15.4267 13.5662 1.6015 21.2336 15.0772 14.9084 14.4432 26.2066 26.3929 13.4743 16.5578 20.869 19.2969 10.6958 21.1278 
14.5978 41.6277 28.7246 36.2549 17.5341 11.335 18.5795 32.5677 33.7243 30.3144 33.3684 18.3966 33.5234 20.5504 4.7554 
14.4292 18.6277 5.568 18.5741 13.1475 7.7834 14.0348 23.142 23.8719 16.4639 14.633 14.5912 20.3953 12.1798 15.5933 
17.9189 18.6156 5.6656 12.2012 17.2713 13.858 18.3306 19.9973 16.9676 8.9165 9.9367 14.446 26.6903 15.2896 21.116 
12.6415 12.1971 6.9885 25.7177 9.014 15.2866 12.0914 28.8833 33.2813 18.1626 17.6586 25.8087 14.6126 5.3153 22.4341 
29.2537 31.8476 19.3017 7.3016 31.9887 20.6695 39.1218 9.4508 6.5244 12.7422 11.5613 13.7346 38.6494 34.4325 26.2736 
20.8447 22.2476 15.3157 13.3405 25.0468 12.3703 23.776 11.4776 9.1095 13.7516 14.6473 8.7796 29.7857 24.4536 17.1615 
17.8388 8.4803 7.322 23.0651 15.3179 22.8695 16.9032 29.9116 29.9881 16.9322 19.0242 28.5409 13.5008 10.0716 32.168 
33.4735 19.4352 15.2834 4.0451 24.9777 20.352 30.2453 15.5449 11.7658 6.1221 7.0755 19.1033 33.2473 25.0999 26.3471 
25.7466 24.051 10.9671 13.3339 19.1905 13.1176 21.4462 14.5097 13.0883 13.2907 12.054 11.2378 31.5244 21.9561 19.7191 
17.363 12.8459 0.5534 20.6629 16.289 13.6071 15.228 29.4225 24.5167 12.5065 12.1879 20.9275 18.1331 10.9909 21.0667 
15.6641 15.0226 14.3516 37.4664 9.8848 23.1571 8.0286 43.1902 36.6729 26.4975 28.0128 33.3929 4.092 6.5293 29.5379 
14.9094 16.4191 4.4466 18.1542 11.3833 11.0352 15.4129 24.8997 21.5508 16.5327 14.1293 16.4144 19.5051 9.5844 18.6809 
21.8879 23.6604 13.1871 13.2691 21.8861 10.6621 23.9288 14.4139 11.2889 11.2359 13.4759 9.6812 28.6673 19.9034 18.6975 
38.4986 30.1786 23.9007 7.9481 30.233 25.1016 34.7963 10.0027 6.7653 13.1042 15.3679 16.6302 36.7344 32.782 29.7313 
27.0178 2.5329 9.2888 24.8341 24.8384 27.0101 21.7236 37.3027 34.3209 15.1551 14.4033 32.2694 18.562 14.6451 29.1177 
31.9602 26.147 18.721 12.4548 31.52 15.9924 35.1804 6.2148 4.3856 15.9144 15.9639 6.9833 38.7842 23.9246 21.8048 
29.9126 22.3575 14.1487 7.6305 26.7887 15.2368 23.9013 13.4069 12.0167 8.8779 8.5311 13.0345 27.8509 24.8419 22.5167 
20.6258 13.582 1.5104 17.6211 16.8578 14.4156 15.6653 26.5001 22.483 12.082 11.029 19.788 22.5408 13.3738 21.1874 
1.2691 26.3311 14.8456 33.0651 3.7627 11.2176 5.3729 35.5967 34.8101 29.5949 27.5452 26.2871 16.6709 8.9751 14.5397 
17.528 32.9552 23.6382 31.7403 23.3121 9.3498 21.8726 17.0568 17.5476 28.3507 31.8876 8.0785 38.9828 26.6152 6.9341 
13.5643 16.7383 14.0928 31.5325 8.022 18.5617 8.7645 34.8246 37.2574 22.8371 24.9073 31.0636 6.7627 5.6483 25.8414 
1.1072 27.3511 18.82 31.6652 3.5314 12.3058 6.11 31.2096 34.6885 26.9452 33.6636 26.1713 17.8791 8.4074 12.0742 
6.929 25.2252 12.9482 28.93 9.17 4.8274 9.5167 27.831 22.2764 21.2563 27.9239 15.9766 23.0441 9.9767 10.3129 
20.185 15.8531 7.2756 17.4371 18.509 10.6316 19.9922 19.673 17.1696 11.1726 12.3584 15.2237 23.1134 14.8498 22.0853 
30.4399 14.8388 11.6028 7.7815 26.8918 19.2375 28.069 19.1227 15.7264 2.1654 2.5585 19.3591 30.1118 21.329 28.994 
16.4341 30.6422 16.1064 24.1637 17.8935 2.0796 17.1708 17.4311 18.5793 21.7079 19.222 11.3106 28.6816 16.4198 9.5199 
18.8408 42.7421 25.6793 33.7595 20.4048 11.104 22.5238 26.1733 28.7586 29.1653 33.5397 14.9847 36.8799 24.9451 2.8775 
21.3344 27.9418 15.2255 20.3573 22.813 8.6284 25.8747 13.1068 12.3046 21.0489 21.0741 5.2642 35.3169 18.9361 13.4897 
22.6942 16.3608 7.4706 12.9984 20.0338 12.4932 21.5077 16.715 19.8329 7.9833 7.7775 17.3812 25.6141 16.8968 22.6294 
5.3086 21.3058 10.9624 32.1704 3.2664 11.0931 6.6969 31.2253 29.5264 25.5768 28.1976 23.3114 17.1983 4.5934 15.3486 
22.6129 31.1344 23.7109 19.7558 29.6215 11.6245 31.7592 7.0772 9.3019 23.7504 21.5361 1.5912 42.6352 23.9059 16.9704 
25.4626 18.3975 6.3977 10.9666 21.5104 12.6058 22.4392 18.0528 19.2561 8.6493 8.2998 15.3489 23.5987 17.8601 21.9446 
39.2378 31.109 24.4107 12.4026 37.6592 22.4809 42.0604 3.8174 1.8261 18.508 16.2202 10.3962 38.6583 30.1772 24.3258 
21.7439 2.7896 9.4547 19.6924 21.5105 25.6561 24.4891 35.2629 32.4799 14.6506 14.4687 33.6242 21.0622 16.909 34.5738 
25.8104 9.8106 9.6889 12.3906 22.1694 22.849 22.217 25.395 22.5971 4.7642 5.3511 22.4343 27.3606 16.6394 34.6983 
17.5941 24.9485 12.1156 16.2628 19.0068 7.1413 17.1779 17.4473 16.7994 14.9846 16.293 12.0123 30.8152 15.8151 13.4782 
20.3525 15.7728 15.8298 36.4196 12.4276 29.2269 13.7557 47.3391 36.4041 28.2913 25.3949 36.4257 3.8683 11.4149 29.772 
15.8211 11.4827 13.4223 28.8001 12.8622 21.8123 13.2288 39.7093 32.4131 24.1169 25.4527 34.8656 7.4216 6.991 24.2756 
18.071 30.6852 23.3022 24.3121 19.8953 6.8034 25.334 18.1506 18.7899 29.2255 24.7207 8.9077 29.8896 19.6326 8.309 
12.2494 26.1718 11.4606 20.4133 13.0494 2.3807 13.2514 22.0761 20.5149 19.5595 18.2024 13.039 26.8522 12.995 10.2406 
29.2393 27.3847 22.7874 11.9243 27.5251 17.6795 38.3301 5.314 3.6936 15.7998 14.3323 11.6882 36.1478 27.6891 28.7349 
5.185 30.5789 20.778 37.8856 9.0696 11.6393 12.3106 26.0989 30.4279 33.9465 32.6057 23.3868 25.5355 15.0502 10.0213 
13.6755 19.7824 7.9696 21.5133 12.574 7.0227 13.1176 22.4088 22.7048 17.065 16.0291 15.898 25.0739 10.0032 14.9827 
33.7656 31.1216 21.1698 10.4613 32.1305 25.605 37.8281 8.3105 4.9684 17.7684 15.1738 12.5726 46.4461 27.7977 28.8107 
10.9127 16.0325 5.8226 23.7191 9.5586 10.4714 10.285 24.2955 28.4087 18.455 18.2089 18.2786 15.7755 6.9615 17.0532 
10.97 21.7756 19.6 35.5488 6.7077 18.8991 3.5067 39.4355 41.304 31.4985 31.2418 36.1375 6.568 6.7341 24.5192 
12.3889 29.5607 22.9312 31.6888 16.4618 5.2859 20.2156 22.3702 20.2158 31.539 24.9324 13.215 30.8306 16.613 3.2568 
22.6022 3.7325 9.3453 21.5541 17.1727 25.8556 19.6093 32.5932 36.8719 15.2868 19.7273 35.6754 16.8479 12.2254 33.0716 
33.1792 14.8211 13.8339 9.67 30.0477 29.8668 29.1207 23.4143 21.2808 3.8366 3.4507 25.0686 36.3068 24.0688 33.0258 
18.2596 19.3799 4.9473 19.5648 13.0186 10.6968 15.3511 23.7189 18.5844 12.2497 16.4234 16.6205 20.2941 13.1535 20.4422 
15.0689 34.2844 23.0679 27.4292 17.7258 9.5384 21.3967 23.1633 21.9951 32.7995 32.2038 16.0282 32.3435 23.0291 1.8397 
7.6929 18.4923 9.9934 27.9651 4.952 9.5986 7.744 25.0433 26.7847 20.8058 21.1774 21.7418 16.3413 5.3279 15.6717 
10.8074 33.1103 25.7745 38.0766 12.9892 10.4709 14.2349 26.0466 31.0014 28.4582 33.1688 20.6129 26.9264 18.6669 3.9335 
22.8751 9.4467 2.8457 18.4479 18.1491 15.1723 19.2035 28.693 24.2921 11.8682 11.7283 26.0624 17.6708 12.8293 24.3835 
17.1686 9.9055 2.2179 19.3518 15.1354 14.6968 19.138 29.9943 25.6672 10.6887 12.6239 24.117 19.0613 13.5372 26.6732 
15.2661 27.1231 17.1244 20.8857 17.8808 4.2269 18.0153 14.1577 15.3528 22.2958 23.9204 7.7679 31.0165 16.9519 11.0327 
15.9951 22.3044 8.0323 18.5543 13.9086 7.146 14.4226 19.398 21.2491 14.8708 15.4505 15.4021 23.1042 10.4039 13.9704 
8.8461 31.0867 17.511 27.561 10.3833 3.3165 13.3859 21.997 20.8069 27.4945 29.2186 14.8618 23.9118 12.1927 6.6963 
0.8896 26.8807 15.7035 29.8499 3.2719 12.3574 5.534 29.8269 30.8552 29.9073 34.325 23.3986 17.1228 8.8807 14.5223 
37.0845 35.0559 27.0918 14.6559 39.548 24.9617 35.1581 5.0192 2.7697 17.413 17.3924 11.1008 49.5974 36.3799 31.9164 
32.0105 15.9031 14.9281 12.3704 32.4978 28.4103 27.1872 29.9881 21.6743 5.6518 5.5774 24.8562 31.497 22.8489 35.2988 
34.5925 10.9679 15.3454 14.557 28.3549 23.7922 32.7557 26.4331 23.4651 6.7653 7.1762 27.7638 29.1077 21.1162 37.5776 
14.9925 17.5259 4.3903 19.6556 12.7775 11.1112 14.6222 25.8081 23.6203 14.7021 16.4149 20.0148 18.1339 11.021 16.9822 
10.0932 16.3544 12.2314 31.0848 6.4063 15.4431 4.7897 35.3066 37.6448 29.4112 25.2573 25.9123 8.2152 2.7649 25.436 
14.6208 13.0937 5.3528 22.9985 9.7754 15.2792 10.8902 32.049 26.8875 18.9182 17.905 20.7321 14.7207 6.0333 23.9363 
9.7029 34.1192 22.168 33.1472 15.6426 5.3815 15.5943 22.411 22.0446 32.4637 30.4255 13.928 28.4421 16.6196 3.5799 
20.3201 29.907 14.5118 17.2204 24.0187 11.2348 28.1008 12.3407 11.1598 17.1351 15.1367 7.0701 28.453 19.823 16.8171 
29.0689 17.2801 10.2078 6.8184 25.6063 17.9495 29.4521 17.9108 15.1769 3.0263 3.6729 19.9628 31.2326 19.7832 26.4171 
14.5014 28.9554 16.3167 21.6815 17.7493 3.2718 21.472 17.8233 15.9039 23.6111 23.5637 7.9101 30.4992 17.3518 8.3064 
15.9966 25.7868 10.4661 19.669 16.6186 6.4509 19.8485 13.9201 16.857 15.618 16.2956 9.0489 27.8303 14.576 16.1895 
9.5131 20.5429 13.134 31.5026 3.7647 18.5026 3.3294 38.8881 34.9862 30.7792 27.7967 32.6954 9.4562 3.8453 22.2535 
13.2749 20.191 7.0227 21.627 11.9267 8.5012 15.8732 24.2276 18.193 13.855 15.6574 17.9785 22.3888 12.1149 17.4424 
36.003 12.0104 17.1802 15.6692 33.9536 30.744 29.2655 31.0487 32.8796 11.4558 10.1141 35.6224 36.6171 31.6149 45.6293 
11.9291 30.1539 14.1236 23.1424 11.7842 1.7745 15.8968 19.905 22.8204 24.4446 24.699 12.9466 22.3027 12.8691 7.4311 
24.6431 26.8059 14.5711 13.1155 25.9617 11.6797 27.1184 10.3797 10.8571 12.3838 13.5899 8.7378 31.2248 21.2483 19.3038 
20.5654 21.3095 14.2006 13.2972 20.6511 10.8538 22.1252 14.1114 11.4976 13.6075 11.5523 9.7633 27.7958 21.6576 18.3176 
27.0374 22.0596 11.5791 10.2595 25.9662 15.3871 23.5503 13.4834 15.4847 7.5528 8.8939 14.6238 30.5265 22.9073 22.0937 
17.5803 22.4799 9.8927 14.855 18.316 7.0123 17.8877 17.4925 15.1098 13.1215 15.4701 9.9743 24.5932 14.9457 17.2443 
11.649 25.4533 16.4013 25.6112 12.3991 2.0437 16.7211 22.2153 19.3465 21.3474 22.3597 15.124 25.0892 15.9082 8.1728 
11.7056 16.2907 7.9458 28.8872 8.1022 12.4593 9.4731 26.247 31.4055 20.5375 22.2995 24.4787 13.354 3.0905 20.1137 
11.0905 23.9055 9.9881 20.4633 14.2824 4.4769 13.987 20.4559 18.3172 17.9892 21.9992 15.0124 20.8631 10.9194 12.6401 
13.2928 16.0049 5.6846 24.4661 9.7412 14.3549 10.2515 28.7952 23.8187 16.799 18.019 20.428 16.8426 4.9498 19.2111 
10.7178 24.6232 16.5631 28.3822 10.737 2.7006 12.0497 24.9287 20.2318 22.596 27.0865 13.4369 27.003 12.2145 7.1004 
30.3736 11.79 11.6647 13.2095 24.9189 21.2316 28.5277 29.1406 21.4144 6.3546 6.148 25.0877 27.5118 24.0503 33.738 
23.165 27.1132 14.3433 11.5673 24.5447 13.2406 29.25 11.517 10.7953 13.3509 11.43 8.9138 34.8002 22.3916 20.9865 
8.567 22.1717 14.2551 23.4005 8.1437 3.8724 12.9306 25.4095 21.1068 23.4627 25.783 16.3253 23.0402 12.0235 11.5519 
23.5405 12.8629 7.3513 11.6334 23.944 17.648 21.4937 22.2757 22.2835 5.5591 5.267 20.1606 24.003 16.065 25.1111 
26.944 5.6713 13.1064 17.8432 22.182 27.3298 23.9996 29.5456 33.2186 11.5543 12.1331 35.151 23.4798 22.1443 38.6099 
23.8154 10.8364 9.5627 12.2527 23.9506 23.1518 25.791 22.8518 24.9895 5.2131 5.7816 25.3047 27.1863 22.0049 26.6472 
22.0005 34.9692 23.5902 24.4907 23.8876 10.9381 24.1455 13.6266 19.4198 25.5787 26.2814 6.5515 34.3724 26.331 9.9116 
22.4195 27.9012 15.8324 16.5646 22.7953 7.6586 21.0317 12.7771 13.5582 17.0656 15.6948 7.3676 33.7884 16.6538 16.111 
1.2851 25.6265 19.7651 32.7152 6.3349 12.3672 6.5004 29.0685 28.9257 32.9929 34.1554 21.3733 19.7682 9.5018 11.1428 
4.9841 22.5039 15.1954 29.9092 5.3939 7.851 7.3158 23.9041 26.6647 28.0891 28.6663 19.7698 20.5146 7.5878 12.9048 
22.4505 15.1097 7.5461 11.6104 22.0739 15.0768 23.1761 20.0568 20.8068 5.7883 6.7652 17.6545 26.1742 17.8955 29.2897 
15.2245 16.4486 15.0254 38.3937 11.0429 23.5925 11.0496 39.9384 39.1677 31.673 32.084 31.3021 2.2259 9.6795 26.1314 
11.5486 34.3685 24.8105 36.4549 15.3958 12.2409 17.0972 30.4338 32.9077 33.1264 31.6214 19.1541 31.5603 22.837 4.41 
16.2504 11.9868 13.4459 32.2232 8.7362 21.9264 8.6421 31.7751 36.7244 24.1865 25.2584 30.7218 7.2664 5.9761 26.1563 
36.5296 40.4078 28.202 13.6352 39.9805 25.7973 40.1392 4.7863 3.6872 19.7171 23.7505 13.5455 48.6729 35.5859 29.0619 
32.7976 37.6877 25.2969 12.6387 37.7048 22.1829 35.9052 4.6149 1.727 19.8608 19.7307 13.2377 39.9249 36.7648 31.2244 
29.5333 21.4127 14.9232 5.4417 30.1699 20.9014 31.3527 19.1445 14.1592 3.315 3.9966 21.2082 34.8332 25.0043 26.6626 
35.3528 14.1091 17.4113 11.0827 32.4954 27.5574 33.0325 24.6783 27.5059 6.3307 5.2515 24.9315 29.7249 28.5256 37.3499 
11.5749 18.4559 6.3985 22.9245 12.4832 8.6445 15.0126 23.9676 24.2603 18.7181 18.9783 19.7425 21.4011 10.1344 18.1476 
26.9198 22.3081 17.2475 12.7456 25.0256 11.9963 26.3237 10.9183 9.5383 15.3778 14.7594 9.4025 33.8865 21.8153 21.2672 
10.412 17.9479 15.6436 27.8865 5.4374 15.707 5.3449 33.4126 36.5513 24.2981 25.3559 29.351 7.4951 3.2696 24.7879 
9.9952 18.6222 11.9712 33.4872 4.4737 14.2225 5.2573 37.1182 35.0846 25.2683 26.0822 29.6562 10.5164 0.6277 18.1444 
27.3847 26.2506 12.5646 8.0128 23.8018 16.5724 29.2828 11.6025 10.078 10.2171 9.8223 13.0378 36.0967 23.0673 24.8247 
29.8954 20.0305 11.4713 6.5654 26.0805 17.2842 25.8939 14.9768 12.1892 5.1259 6.1099 16.1147 35.514 26.0452 27.6527 
8.396 33.6822 20.2655 28.5133 11.3782 6.1834 15.2374 28.1177 26.3742 31.0139 28.9097 17.5933 28.6388 13.4953 5.2572 
11.8184 24.8264 19.1964 26.7345 13.9765 2.8849 15.2928 21.8548 24.1425 26.5557 28.6569 13.1652 23.0847 16.1578 7.4161 
22.8708 2.6623 10.5607 20.4847 19.4421 27.0321 24.1949 34.7908 28.7348 14.9182 14.7613 31.9478 21.3582 17.3081 35.5899 
25.2708 27.4864 22.3177 20.0966 25.2192 10.896 28.8339 7.6307 9.5315 17.706 22.5166 2.4727 37.6575 25.45 19.047 
25.7615 6.4259 11.7693 16.0311 24.2643 26.2749 25.8325 31.7392 28.6304 10.2262 10.1496 35.1024 24.5446 18.9127 31.7406 
37.8456 15.3715 15.5318 10.834 29.2779 23.8793 32.6646 29.495 21.025 5.8189 5.1396 25.3282 31.3306 29.7751 32.2113 
17.1899 13.5873 4.333 24.909 13.3508 15.9524 14.0035 28.2652 24.3278 18.4229 14.9445 23.5848 15.6513 6.1898 25.3146 
20.514 8.717 11.4849 27.0381 15.3036 25.0699 15.0917 36.8257 38.3364 22.7035 18.3384 28.3238 13.5181 11.5503 32.3989 
8.2163 24.7394 11.9018 26.3826 9.1317 4.7456 10.575 24.0637 27.2434 24.034 23.6171 15.4745 19.4185 8.3472 11.8401 
5.6264 24.4412 13.8493 26.8843 6.5714 7.6359 7.4191 24.7353 30.7796 24.7436 29.1089 21.0956 20.9473 9.5431 13.523 
32.8318 17.5474 11.2457 6.3559 30.5413 21.1695 31.2707 20.9678 15.3339 2.6624 2.7789 18.2382 30.7377 23.2729 28.0652 
9.6649 15.1328 9.84 27.508 6.1315 11.6907 8.433 26.3577 30.3873 20.1089 23.5209 24.4179 13.6386 3.4919 21.3767 
7.4759 19.5763 10.4778 29.3483 9.099 5.8203 11.4277 21.9687 27.0835 23.3268 21.5604 21.0027 20.5915 7.685 12.7828 
37.6749 21.4531 15.5653 2.6889 28.5372 24.534 34.9495 19.8464 13.8667 4.673 5.0887 20.8373 38.1877 28.7359 36.8621 
38.234 19.311 18.0772 8.6574 33.9598 29.6051 28.5178 26.1786 20.1722 4.4699 4.0384 27.7072 30.869 29.9599 37.7525 
24.0248 35.1127 23.527 15.9481 28.3196 15.3043 28.6053 4.7877 5.4426 18.0227 17.7175 4.3538 41.7726 27.7679 20.7246 
13.4867 24.7386 10.2963 21.7108 15.1602 4.5116 16.5281 20.796 20.3835 16.9176 18.5502 13.2772 24.5016 15.4445 14.6014 
15.2155 20.4147 18.7123 41.8048 12.8968 24.6643 9.9344 40.4374 44.1905 35.3016 32.709 32.4181 0.7711 10.3179 28.3405 
20.6877 10.6441 2.6249 19.5864 16.7725 16.4662 20.8541 23.0042 22.916 10.0608 10.1264 25.3493 17.8462 13.0797 29.8269 
18.8621 11.7603 13.8798 35.6955 15.9084 23.0199 14.1987 41.4534 43.2596 23.8911 22.2354 31.137 7.6284 10.8143 29.5716 
2.7339 27.9886 16.3262 32.8431 2.1605 12.5792 3.7886 32.0669 37.156 32.6945 33.1506 22.2721 13.7142 6.4984 14.5957 
9.5329 32.6171 19.5411 24.7371 10.6243 4.409 13.1114 20.2829 23.5431 23.1156 26.7547 17.0867 28.5967 13.8889 7.0746 
4.5351 27.48 14.5288 29.678 5.2178 9.9912 7.6223 30.4062 27.7811 23.4446 28.1187 19.8321 19.1122 7.232 13.0969 
28.2385 11.9687 7.3455 13.6802 21.705 20.9791 25.9969 24.2291 24.5962 5.4949 5.1887 25.4401 25.6019 20.103 31.8572 
24.9453 22.2663 15.4668 9.7934 23.6549 14.74 27.191 12.1678 9.0918 9.7086 8.7098 12.5723 29.7123 20.9843 22.5103 
30.2928 17.887 18.9433 7.7462 30.6256 30.19 29.7579 20.9559 21.6559 5.3138 4.4661 26.6488 31.3518 31.0792 36.874 
17.0298 30.0714 13.4197 18.5875 14.4684 3.2024 17.9677 15.9071 17.8884 19.2706 23.5037 9.6707 30.2065 18.8445 9.9808 
12.2798 24.4637 13.639 28.0839 11.9148 1.4239 13.4977 20.7507 23.9309 22.4088 21.2752 12.7429 24.447 15.2858 9.2841 
17.9726 26.2117 13.6635 20.5901 18.0974 5.3937 19.5381 15.262 15.8001 19.1536 19.2602 7.1613 30.0976 17.1403 13.4692 
23.1831 5.346 8.2531 17.4484 21.1224 20.4523 20.9038 33.6939 27.4831 10.8944 12.9428 26.4841 21.538 15.1924 30.298 
22.9484 6.7187 7.2393 20.9677 17.524 21.2018 16.6467 30.9846 33.1021 14.0595 16.2911 28.9219 15.5439 12.8468 28.7634 
17.1317 12.244 14.0899 28.6387 16.3003 20.7068 15.4553 38.6019 38.1229 23.0097 24.9731 36.1389 7.1445 8.8282 34.5358 
33.4651 11.7488 14.7457 14.5396 28.3269 26.5263 34.2166 26.8654 25.9059 9.0593 8.4159 33.7773 33.2484 25.0558 34.0973 
34.936 11.5446 13.538 15.7556 29.1426 27.8609 29.8402 29.6942 25.2665 6.699 8.4578 30.0051 29.2815 22.3541 37.0901 
16.7132 16.4606 4.9734 18.3265 14.8886 10.2649 14.0729 19.8358 22.7983 12.8979 16.6275 16.9387 20.5955 10.4455 17.8098 
16.2922 25.3181 13.6794 22.4187 14.8166 3.7586 19.7107 14.8989 15.1489 22.5822 20.768 8.2612 32.1501 18.1091 11.1561 
24.3707 22.1656 12.3086 13.9901 22.4448 9.9911 20.8167 11.7257 11.8255 13.1244 12.225 8.7124 35.1202 18.4832 16.9594 
16.9087 35.2168 20.6812 24.6528 22.7146 6.9431 19.7109 15.1948 15.6115 23.5469 27.7914 8.4406 30.4959 20.3018 7.617 
9.4131 18.9604 7.593 21.6667 8.8645 8.0739 11.4137 26.89 27.934 20.7972 19.314 21.5885 20.4397 5.8075 18.0896 
22.9533 17.5993 7.0038 9.9146 22.218 17.4405 24.3762 21.6239 19.2328 6.1563 6.866 19.4834 24.9085 18.4423 27.7516 
32.7378 20.2703 15.89 7.5388 31.8855 25.9581 32.4957 24.5174 21.4126 4.0624 3.6903 25.6211 33.8517 24.6885 38.534 
6.4679 22.6849 13.1035 30.6854 9.0745 5.7613 9.0051 23.0234 23.4019 25.6023 27.5275 16.849 19.7809 9.5991 10.8527 
15.4995 13.1356 1.7913 18.5678 15.6471 15.8881 16.2688 23.1651 27.4988 14.9996 12.9958 20.2713 19.7668 9.4529 25.315 
13.9126 41.0031 29.6197 33.8274 16.593 12.13 19.4473 26.358 33.7674 31.2658 31.8655 20.3855 33.7969 22.9632 4.3793 
13.5807 15.8531 6.1285 17.1406 12.9674 9.9075 15.1436 21.8577 23.4771 16.8678 15.6059 15.7817 22.6808 9.5705 17.2007 
17.9363 16.5139 7.0124 13.652 17.2606 13.4126 23.1659 16.9167 17.72 11.6049 10.1795 14.6177 27.0656 16.6709 22.95 
14.6273 13.3108 5.7619 24.4587 10.314 13.9449 11.8796 33.467 29.8161 17.4413 21.9688 28.9509 13.6617 5.9698 23.989 
36.1164 25.9336 23.3138 7.5515 32.3496 24.3008 31.5199 10.393 7.7674 12.429 11.4266 17.0448 44.2191 29.8268 33.57 
22.2384 26.4458 13.6177 15.1912 22.9821 11.0531 22.7624 11.2188 10.1795 15.8458 13.4814 8.9881 36.5201 21.8083 18.1941 
17.8776 7.3163 9.1873 26.8123 16.1463 22.744 13.2627 31.0691 32.4416 17.4423 20.7083 30.3949 15.006 10.3141 27.344 
31.8352 25.1876 16.7648 3.7812 31.0039 19.5934 28.6207 12.6905 10.9457 7.0242 5.8033 16.4816 40.3682 22.4821 28.169 
20.7066 23.1397 12.2688 11.9825 20.9484 13.2519 24.3496 11.3564 13.0134 12.4465 11.3662 11.8343 29.7956 17.6598 19.6543 
18.0699 10.2592 0.5101 20.1785 14.1206 15.9443 16.1915 29.2454 25.4974 12.8575 15.1134 20.6247 18.8861 9.6554 21.807 
14.6586 17.0743 14.8421 38.1473 8.9951 21.6988 9.3275 44.3961 35.3936 23.3271 29.5167 34.2892 4.4741 7.8058 27.378 
16.077 15.2823 5.2806 17.392 12.9026 9.4235 14.2823 22.9614 24.6914 16.8116 15.7548 16.2791 19.3305 10.3469 18.2979 
24.6272 26.6146 11.7626 13.3988 21.406 12.8185 26.1099 13.8732 12.7251 13.4334 14.6716 10.5103 26.7921 21.2888 19.3752 
34.4328 28.4338 20.6148 8.9881 33.8641 24.8492 33.5866 7.7128 5.9054 12.5257 15.4566 14.314 35.7458 34.3465 31.4068 
27.2761 2.2669 11.4632 20.8458 20.0589 26.3032 20.5897 29.5964 27.6708 15.8698 16.8731 34.1624 20.3458 18.3088 37.2373 
27.5148 30.6598 18.5359 13.7676 31.6911 17.8982 28.9343 6.2033 5.0199 16.9238 17.2236 7.9652 37.0351 26.1545 23.7495 
28.8011 24.1679 13.6354 7.5437 23.7082 18.1277 29.8591 12.7541 11.8779 6.9242 7.6148 13.34 31.4472 22.0626 26.6979 
20.9683 14.9474 1.3867 16.3646 17.6465 15.4348 17.6552 25.7348 23.8777 10.4232 12.7419 22.483 23.3794 12.8507 24.0679 
1.0678 23.8695 15.7511 31.651 4.5141 11.0281 6.2834 34.3824 33.4523 31.829 31.596 22.4767 16.4012 8.2094 15.3372 
20.3378 39.2955 25.6717 30.1255 24.0331 9.1612 22.8724 17.3443 16.9142 29.7846 31.9786 9.0306 29.8888 21.7705 7.6044 
13.0069 16.2291 12.0989 30.0824 7.6911 22.2797 8.1372 33.8103 40.2673 28.6821 23.5235 33.3838 6.5339 6.1037 26.3115 
0.9808 24.5938 16.9213 31.3609 3.5314 11.9905 4.9917 31.1823 32.7964 29.6793 31.2536 26.5312 18.2243 8.3158 13.7707 
7.1439 23.3877 14.3541 28.8665 9.0124 4.8093 11.0805 21.8816 25.2495 25.8491 24.1531 18.2888 19.7469 11.1273 9.8327 
17.6397 16.5181 5.7158 16.7724 19.262 10.6753 20.3793 17.3557 15.3906 10.8909 12.9104 15.9677 26.464 12.7326 19.6685 
24.5845 18.2834 12.1844 7.5216 28.9225 17.6257 30.0848 21.5439 16.8423 2.1758 2.6598 17.7262 34.479 19.9318 26.2239 
14.3502 26.0334 16.089 20.3705 17.659 2.5955 17.8864 19.6956 16.1177 21.1023 21.7098 8.9182 25.3162 17.2177 11.0059 
18.6712 34.857 26.9305 32.8887 20.8784 10.3179 24.0759 26.6707 23.4948 34.3817 36.6302 15.9972 28.8204 23.9603 2.5363 
22.5972 32.7792 15.1952 21.2416 21.9432 7.8995 24.8628 10.9819 11.6576 22.8529 19.0879 4.2146 33.9978 20.8853 12.1255 
24.9114 15.6025 7.8642 13.2154 19.0844 12.1064 19.5118 17.5163 16.2328 7.3967 10.1717 19.1279 26.3183 18.0316 21.3936 
5.481 18.853 13.7458 28.0793 3.6139 9.464 5.1356 28.3109 27.0561 22.1111 26.9205 20.9148 13.078 4.385 14.1637 
26.8538 32.4971 24.1847 21.2401 28.5622 13.77 27.8964 6.5308 7.3429 20.5841 22.9829 1.4622 35.2034 24.7836 16.0073 
22.2596 15.2529 8.0098 11.6723 22.2001 14.9323 20.1428 17.551 16.2625 6.9631 8.9035 15.5024 26.7323 17.9654 22.4668 
EOF