I 150
J 15
bounds (0, 100)
cv 0.5
D 1
k 5
t 3
FLR 0.4
FCR 10
λbounds (80, 120)

λ 
90.0698 90.1837 119.4294 
84.1971 103.4219 99.8187 
115.7827 96.4259 114.0629 
92.7022 106.7962 83.6854 
94.1975 109.3852 111.8512 
119.6462 89.5997 80.1269 
87.5146 102.0289 92.0592 
115.1707 87.5666 104.0872 
92.1927 113.7068 99.7243 
111.6567 100.2082 104.1964 
103.6817 93.0286 85.1547 
105.9226 106.7987 93.8555 
110.1593 108.9267 92.8856 
119.4424 90.294 98.088 
95.8856 100.2254 101.6532 
111.9244 82.7279 103.9121 
91.7842 95.0478 99.694 
92.926 83.1321 103.6485 
114.8002 113.326 107.5608 
86.8798 105.8739 97.8613 
97.7753 81.7432 98.694 
94.8174 114.8794 88.2139 
83.6209 89.4184 84.9989 
119.8725 93.0565 114.4226 
95.9086 113.4711 97.7549 
118.8517 114.3066 83.6878 
83.2892 112.8815 96.3534 
98.4835 109.04 92.835 
100.0395 117.0953 114.6011 
103.5065 115.0632 99.7999 
102.7583 92.7519 109.092 
96.362 83.6122 117.0829 
119.9799 87.6355 85.6164 
93.0718 80.9919 97.8947 
106.3139 107.6882 93.5014 
83.6874 98.3408 98.5744 
115.9355 82.6369 108.1836 
87.1393 89.6009 114.2208 
90.9865 102.0815 99.1015 
111.0283 114.7814 85.1104 
109.063 81.2168 113.4068 
96.5831 111.4947 109.3552 
102.0777 91.0268 118.5774 
98.7598 89.2049 103.9767 
110.8552 97.2731 86.0417 
113.8693 96.8278 85.0758 
108.511 87.6146 86.359 
80.9502 97.1382 112.851 
88.1223 93.8578 89.0522 
104.4244 98.2534 99.8998 
96.2228 80.2265 110.0448 
82.5974 110.7212 105.961 
108.2089 82.8328 80.8608 
93.1758 97.669 98.1846 
114.298 106.1365 86.5881 
116.7056 89.0305 109.3642 
113.8747 115.948 111.5783 
89.5479 113.7889 101.4085 
98.005 94.05 108.6908 
93.4111 115.4928 114.9973 
80.1455 100.3836 108.4108 
81.7772 82.5215 99.5672 
84.2361 108.7893 115.5604 
97.3923 92.8877 108.6863 
110.9866 115.6301 90.0509 
104.2968 118.335 114.4708 
98.5199 90.8691 84.7306 
119.2921 109.1184 81.1814 
114.4326 115.9249 95.1076 
85.5108 109.0155 88.0326 
115.7539 88.4201 114.4142 
105.4268 82.2334 86.4605 
103.2702 106.0797 87.9755 
115.2919 92.6714 89.203 
100.4189 111.1017 86.616 
87.5247 105.293 98.713 
92.4222 119.7742 83.942 
94.4215 102.7099 97.5664 
117.4129 80.8581 86.6405 
94.7512 84.335 107.5036 
109.6293 115.7982 94.2678 
118.6527 113.4126 93.9663 
100.6732 82.7407 97.5792 
119.7558 117.7493 87.2592 
90.1237 100.8669 107.2049 
92.4272 91.0751 90.7053 
119.0436 103.3613 95.0496 
97.9617 111.007 80.7407 
88.031 91.047 107.345 
119.486 103.3353 105.29 
98.8022 95.7576 83.119 
85.9867 83.0573 103.8751 
94.6215 101.4449 95.351 
110.0173 101.5451 82.925 
82.5093 118.2091 100.5578 
113.4596 99.4439 80.4426 
115.1476 114.6551 116.554 
105.9228 115.5417 86.3111 
110.6208 107.2285 97.8978 
84.7011 96.6164 103.4199 
118.9972 109.6166 108.3869 
104.3131 84.7679 117.5041 
94.2695 82.8768 114.317 
109.4228 85.353 90.4253 
111.2186 80.4105 89.3157 
112.4179 108.7457 108.8313 
111.3915 108.956 108.702 
87.5754 88.8364 85.318 
110.9347 90.9079 84.6619 
88.3692 112.2018 115.8194 
89.2207 82.9608 107.7221 
111.7408 109.6648 87.584 
94.1313 88.0637 91.6027 
93.58 99.2356 90.2439 
100.6099 115.1973 111.1579 
94.909 101.1825 113.5909 
88.3954 105.4622 108.0908 
82.7865 87.6812 95.3465 
89.7253 119.6086 117.3191 
103.789 95.1303 98.8263 
81.2163 115.944 98.0478 
107.847 119.9228 91.5294 
112.3708 104.3027 115.4885 
106.8327 92.7095 98.6332 
112.1463 100.4315 86.579 
105.1927 85.819 89.5991 
106.4035 115.9357 112.2197 
91.0927 81.8822 106.209 
114.3123 98.8582 119.8311 
107.8213 104.4842 100.9221 
112.938 118.0871 101.7338 
109.4906 104.6622 101.9668 
89.7362 113.4939 100.2195 
103.8032 94.1939 80.2 
96.8398 89.555 103.7522 
109.1813 108.7407 106.3545 
95.9775 101.3127 86.0767 
97.1486 90.4563 110.8361 
86.0095 119.3371 102.7718 
82.3987 97.1205 109.7182 
98.9134 80.4165 118.7502 
119.735 90.3301 95.2103 
89.9823 93.367 81.3877 
107.6225 91.8419 84.8266 
83.9276 84.7038 110.7825 
115.553 82.9647 118.2508 
92.3295 104.9906 115.0798 
117.6058 98.434 100.4122 
91.6113 118.8168 114.1237 
85.9911 95.075 85.5909 

Icoords
1.5201 58.6246
79.6435 37.4542
87.7651 23.2976
30.3236 60.1692
32.4868 80.7467
98.1727 30.8884
7.6736 4.6093
70.6056 59.4726
67.9304 32.7009
57.4971 94.3942
68.5586 94.6213
57.8147 65.2866
35.0794 27.1951
75.8648 41.2461
14.6788 66.0354
58.5154 88.1258
54.7952 82.1205
2.0773 48.2245
22.0852 11.0969
27.4502 55.9681
85.5837 71.919
3.2604 12.1785
44.7416 99.0893
31.3218 98.6708
33.0573 97.9817
12.2998 93.0601
64.7454 26.9948
87.7788 85.3728
30.8833 15.8656
21.3799 62.3257
17.08 31.9137
81.6361 25.5928
75.5466 86.1354
42.339 38.3319
75.5692 53.8817
12.414 93.0064
65.8991 31.8528
33.8745 66.8384
92.8205 61.9385
21.6841 59.616
56.3544 4.9411
4.3251 95.33
32.5364 1.0325
36.8965 45.6634
94.4496 87.8026
83.0123 13.1268
14.5759 26.7373
83.2905 80.2766
77.8134 57.6678
30.1448 2.0774
8.286 43.5161
67.2596 13.6302
62.893 9.3165
89.8557 88.4174
32.514 71.1738
65.3502 33.1319
40.8273 39.6567
87.8512 83.4995
48.1126 26.0512
42.1877 35.1105
89.7188 94.5132
54.5917 86.4305
66.8661 43.6597
94.676 68.8968
76.4816 78.2886
60.4407 47.4863
38.896 56.3442
28.723 16.9044
11.0702 89.9862
42.8936 13.0695
71.7343 29.7147
30.3826 25.9988
87.7363 42.1016
83.345 62.8047
74.8366 37.7417
21.1906 18.5265
64.2253 44.9987
81.401 23.2414
0.4563 16.9668
85.8424 87.9282
41.9598 42.986
93.629 66.6713
58.093 31.0385
73.663 24.6564
0.2469 53.0129
55.5781 81.8582
11.4337 23.4865
40.4437 97.1271
18.0882 5.6074
9.2992 95.4882
34.7984 70.1294
38.9 1.6861
88.5328 0.0399
49.6156 62.1488
89.2349 18.0082
39.5849 85.334
48.8159 67.3439
34.3528 76.7817
23.5056 30.3287
57.0386 73.4462
71.6057 94.4569
91.5796 20.037
38.749 61.7525
95.4175 46.8932
16.2517 49.8817
17.5023 76.838
87.7213 5.3611
7.283 53.9717
32.537 15.4235
58.8634 1.4333
71.419 19.8335
95.8418 24.1195
43.0477 56.3786
24.3081 90.1655
28.6598 76.8143
76.4922 51.898
32.6374 50.0913
71.1552 46.2291
23.6946 86.353
17.7949 42.8856
3.2591 17.4817
50.1851 45.0402
57.9989 9.4631
70.5015 20.2075
15.9369 30.6286
49.4492 74.2294
75.6112 55.7548
45.7646 42.3167
43.4459 46.0741
63.7638 0.8593
77.4274 98.3625
81.6891 99.272
60.7567 23.8049
69.4082 21.6646
22.3395 87.6006
33.4788 81.205
68.9591 76.095
36.6981 22.7712
8.0627 35.9442
64.9062 51.8864
63.2767 82.7313
41.2193 23.132
14.8693 48.2232
93.9032 54.789
32.9505 46.9386
37.3046 72.0444
61.9723 81.6478
15.1127 6.097
45.1947 40.0593
15.2029 10.7106

Jcoords
75.5925 60.1958
24.3929 83.9908
89.6426 83.8333
62.2876 71.4533
49.4505 35.8725
73.2921 40.7043
51.8199 47.0819
6.8049 27.1055
88.4104 83.3807
68.8827 80.8807
47.8409 75.3632
93.2243 15.5874
60.0815 84.6751
65.4529 10.5718
27.753 20.3102

C
22.3527 12.6069 33.9224 21.52 21.1854 25.8322 16.1169 10.4762 34.5853 28.1009 18.8341 37.0254 24.2789 28.968 17.3851 
7.1008 26.6268 16.7812 14.834 11.087 2.5093 9.8131 24.234 18.2815 17.0683 17.492 8.6181 18.5538 9.7608 21.3843 
12.9773 34.9149 21.3975 17.5807 15.9245 8.145 16.9907 29.9479 21.8054 22.4523 21.6318 3.0609 20.1996 8.0706 21.6191 
16.9487 8.0275 24.4667 10.3658 11.1752 15.1893 7.7438 14.9032 20.167 15.3237 8.7537 25.6658 13.8162 21.7403 13.5562 
16.6661 3.1749 21.4246 9.3961 16.3206 17.9344 14.457 20.6012 22.2487 10.9989 4.9511 32.6825 9.0671 30.3772 18.9442 
12.5236 30.2615 16.5173 17.5368 16.5247 8.8987 19.5418 35.0787 19.5096 19.949 23.7433 5.0093 24.083 11.8971 27.4371 
31.3236 25.4402 43.9003 27.3715 16.6974 29.6118 22.3477 8.5684 35.6554 38.2183 27.8741 28.515 31.215 21.2537 9.8516 
1.5188 17.1067 11.8906 4.5316 9.8188 6.6586 8.2207 25.2827 11.3634 7.8285 9.7473 15.621 10.5177 15.6808 18.4373 
10.8747 26.0092 20.3818 13.1973 7.1175 3.7079 7.6534 21.5877 21.3562 14.8278 15.0898 11.9043 18.7284 7.9539 16.4437 
14.3465 11.2846 10.6312 8.5212 18.8086 17.1981 16.1778 27.4222 11.0461 6.5681 7.0552 32.6813 3.7763 28.8635 24.1811 
11.6267 18.0527 7.6214 7.5101 23.5128 16.3239 18.139 35.6751 7.9596 4.6154 9.3825 30.0871 4.1467 28.344 25.6113 
6.0192 12.3708 13.5083 2.7783 9.3056 10.0044 6.4322 21.0328 11.3178 7.6414 4.7142 23.0607 7.2363 21.1369 21.1901 
19.5216 20.5509 28.2729 17.5028 5.7414 13.4155 10.1978 9.8113 30.0569 20.1871 17.0119 20.9183 19.7512 12.7247 3.364 
7.0595 22.9288 14.0637 11.4523 9.3697 0.8981 8.8926 23.0652 16.3497 15.8967 16.2653 11.0287 14.9114 10.9781 18.2332 
22.0907 7.7964 30.5186 15.4721 17.8509 20.0242 16.2871 12.7615 27.4725 20.4512 11.2648 33.5223 18.8958 27.1527 14.2863 
11.9228 11.7003 10.4823 5.7111 17.5012 15.7306 12.95 27.2346 10.57 4.0006 6.6104 25.7568 1.2236 26.0843 22.7347 
9.4859 12.0103 11.3426 4.9757 15.0189 15.4402 13.9147 26.2599 12.3152 4.6683 3.2978 25.7163 1.8271 25.2026 20.8743 
27.6036 15.1639 34.5691 20.6837 16.9734 25.4576 15.882 7.6915 34.2758 27.8552 19.9307 35.6566 23.2785 25.0122 11.7801 
28.4019 21.9666 31.0021 25.469 12.3775 18.5495 16.8843 7.3474 33.0505 29.223 25.0354 23.8363 30.739 16.6631 3.5058 
19.2247 8.5864 24.4998 13.0079 11.1827 18.0558 8.0282 11.6466 26.2615 17.0756 8.7886 29.2205 13.6382 22.817 11.4181 
5.3526 23.7755 4.3273 8.2858 17.3787 12.9695 12.6793 30.3711 4.3065 6.9957 14.1669 17.1622 10.2681 21.9136 27.5472 
28.6764 27.0908 36.9696 32.4906 19.026 25.6952 18.3113 6.0862 38.416 35.5135 28.7663 35.8043 28.2596 18.7386 9.5796 
16.2037 9.4234 16.2705 9.8501 21.0651 25.5418 20.1025 29.846 17.2824 9.1985 7.6401 34.992 7.0853 32.0997 30.6968 
22.5933 6.1036 20.0756 12.6526 23.3933 25.3628 21.2833 26.9459 19.2727 15.2238 9.2531 31.4556 12.1573 32.9072 30.8747 
22.7238 5.429 23.0918 14.1118 21.8018 23.4209 21.5906 24.6548 21.4674 15.7084 8.8684 39.4017 11.7448 29.6626 25.1775 
25.6882 5.4433 28.8509 19.229 27.2304 26.3491 22.2992 21.5161 29.5002 20.8943 15.25 40.7342 16.5571 30.6363 29.0947 
10.7124 25.9924 21.5384 13.9457 6.7785 6.3168 9.2631 20.6037 18.706 17.6671 15.4532 10.9584 22.6266 6.1134 15.0178 
11.1158 22.3235 0.768 9.0414 21.1478 17.4077 20.754 38.7663 0.8129 7.334 12.4425 27.488 10.6475 27.267 30.9121 
22.2567 26.566 29.2538 20.405 9.7989 19.1675 12.4639 9.5768 33.564 26.7184 18.6096 22.63 22.843 12.5202 1.6744 
17.79 7.4698 21.6931 13.3662 15.2163 17.7702 13.3791 15.1362 27.6612 17.2068 10.4926 32.3553 14.2252 21.4468 14.8609 
23.6496 16.5284 32.6739 22.8345 11.9978 20.0158 12.043 4.1146 32.7297 28.1141 19.016 29.8339 24.4083 18.5685 5.8364 
13.6749 32.4564 20.5171 17.0479 10.3694 5.6689 14.1499 22.5887 17.7693 18.5255 20.1355 5.778 20.5089 6.9199 20.9636 
7.9712 16.3272 5.6802 7.8954 21.8776 14.3557 17.1132 28.2518 4.0308 3.2885 11.4446 28.6116 5.2582 24.4409 24.9082 
14.1678 17.6613 24.9611 12.6048 3.0069 11.0051 5.0664 12.8118 19.4016 17.9636 11.4522 17.8414 17.3533 12.2349 8.6502 
2.3741 21.1737 13.2373 8.1255 12.1954 4.8917 7.9126 24.256 12.2096 10.781 12.0766 14.8769 12.8397 13.5962 19.2509 
23.564 5.4558 27.3289 21.5479 22.7823 26.8951 19.092 23.9159 25.7541 20.4571 13.2385 42.5932 18.2431 37.5332 27.4081 
11.1881 23.8644 22.7386 13.8143 6.2989 4.2856 7.8294 22.3266 22.2786 17.3683 15.659 10.4113 18.3817 7.6352 15.2084 
16.6862 6.4519 21.0755 10.072 11.6882 16.9077 8.3807 17.558 18.0315 11.3687 5.6025 30.6763 10.9051 19.9955 18.7388 
5.2952 22.0209 7.3585 10.6945 18.6412 10.3394 15.1281 32.3875 7.9399 10.4673 16.7436 15.2084 12.4721 22.5825 30.1021 
17.2139 7.7646 22.8987 14.4433 12.1987 20.6665 12.6442 12.9857 26.902 19.1178 11.9682 32.6688 16.511 24.8477 15.6859 
21.1097 30.8495 30.6718 23.8191 9.9578 12.7262 16.0551 19.8505 33.5304 24.4367 23.1602 12.242 25.7822 3.7086 11.8967 
24.2662 8.1158 32.2402 20.7057 24.0125 34.1361 20.9607 26.7071 33.3351 20.3559 16.47 41.5713 20.146 38.467 29.6452 
22.1125 30.6587 40.1128 27.1236 12.0795 17.3244 19.4853 12.7113 33.4568 29.7585 23.2982 23.4782 32.5915 12.1902 6.8763 
13.2313 12.1228 21.1537 12.2617 5.2888 12.4925 5.0609 12.8016 23.0802 15.3477 9.5874 22.8216 15.2209 16.6176 9.2848 
13.0152 22.0865 1.9724 12.2163 26.4206 19.5118 19.9674 42.3562 2.9177 8.272 16.556 23.43 12.2131 25.4414 34.5581 
15.7532 36.4558 23.052 22.6675 15.9214 9.5645 15.2017 28.0861 24.8164 22.646 22.6328 3.271 29.9481 6.2549 16.7618 
25.2256 20.7262 28.4448 21.0296 11.1434 23.0675 16.2751 2.9415 36.6932 26.0809 22.6589 23.9734 27.5975 18.2838 5.2266 
6.6711 18.0408 2.2758 8.5862 20.88 14.306 18.2143 31.6809 2.1632 4.6059 13.3956 20.5701 7.3158 23.2401 27.6995 
1.0576 20.7545 9.0051 6.3243 13.0274 6.1568 8.5153 26.9412 8.7271 9.8939 13.7694 14.1701 10.8652 16.8812 20.5941 
24.2804 29.1016 33.044 23.328 13.8713 22.3538 15.0456 11.3755 34.3688 29.7061 27.3824 25.7459 33.9562 12.7467 5.5774 
20.8998 15.7302 32.86 23.8276 16.1695 21.5957 17.2229 5.5347 29.4523 27.629 19.1957 31.938 21.0381 20.1372 9.6261 
18.0375 24.8407 24.9203 21.6882 10.8219 9.7333 14.5014 19.5601 28.8194 23.4302 20.107 9.9258 22.2432 1.1125 13.4386 
18.9519 30.8167 29.7451 23.3645 11.4831 13.0642 14.5693 19.6354 25.9686 23.7203 20.6472 11.9586 29.5385 1.0598 13.4686 
11.3394 20.2086 1.4933 11.9411 22.1123 19.6318 17.1776 36.2959 1.5856 7.9249 16.7493 26.903 10.0138 26.3751 27.9644 
16.1506 5.6854 19.5555 10.582 12.447 18.0049 9.6354 16.8568 20.1679 14.0065 4.7747 32.7692 9.2395 24.6931 15.9439 
9.3149 23.9326 19.9977 12.9017 4.95 3.9175 6.899 18.7452 20.1634 18.4862 14.7987 10.5329 16.5487 6.8606 12.2547 
12.2066 17.1067 25.5579 11.6963 2.8901 12.002 4.0234 12.1121 24.0586 15.6676 13.6385 20.7176 19.4481 13.3536 8.81 
8.4392 24.5781 0.6926 10.5776 19.6019 15.3738 18.0892 38.0331 0.2102 6.7115 12.8122 25.0221 9.1528 29.5776 30.949 
14.1524 20.629 26.3855 15.5199 3.3909 9.7857 7.329 13.3385 25.5846 19.9934 16.0118 17.6393 18.662 9.0444 7.831 
13.5309 19.8867 20.5674 13.1736 2.4669 10.0056 5.6928 13.9957 23.1307 17.9252 13.8202 21.0377 18.5225 11.4158 7.3682 
11.6084 21.2796 3.2532 13.2056 23.2471 19.3142 23.9755 39.2915 3.3986 8.1621 14.7862 29.8555 10.4987 28.8436 29.7756 
10.6931 10.9373 13.5949 5.7336 15.52 19.1829 13.9836 24.7577 10.6214 5.3704 4.5969 26.7898 1.8536 24.507 27.3879 
5.6335 22.3507 14.3623 9.5378 6.6103 2.3617 5.7602 23.8051 15.0972 13.5497 13.2514 11.6754 12.5799 10.8031 17.9887 
7.9091 25.9723 5.4394 10.7376 17.5783 13.2835 16.2636 34.2019 6.2161 10.7138 14.4864 18.6599 14.4753 23.8113 28.2918 
6.6336 16.9618 4.6557 5.0744 15.3205 11.942 12.4536 30.4323 4.7082 2.5363 11.0293 25.135 6.7354 23.4849 27.8028 
6.7636 19.8851 17.3817 9.4758 5.5388 5.7354 2.9205 22.6297 14.3933 10.8088 10.7256 17.423 12.801 11.854 13.6199 
11.2613 11.4545 19.0109 10.1307 8.4275 12.9187 5.6446 16.2454 16.9866 14.9947 6.3095 25.2175 13.6163 18.1775 13.2502 
20.8446 24.4232 27.6485 22.0005 9.6287 15.2587 12.3849 7.3011 28.839 28.4093 20.7151 24.5866 22.7233 13.4626 1.4076 
22.8056 5.1908 26.8988 16.9121 25.7542 30.9798 21.1658 20.6029 26.143 20.9579 14.1469 39.3687 15.5634 31.6663 25.4413 
17.7068 27.5881 25.876 20.4556 7.4337 15.3812 12.5009 12.0193 33.1096 24.8363 24.8584 19.5981 25.6487 8.5636 6.4799 
9.8809 26.5615 22.6251 13.3518 8.3991 3.3687 9.4755 21.0086 19.9388 19.4835 18.4506 9.6596 21.2537 7.7546 16.1102 
17.8109 17.5601 30.1326 17.9875 8.2949 16.9372 10.0035 7.3573 25.927 21.0973 18.2948 23.0269 25.6349 12.2296 1.971 
7.1847 27.7794 13.6229 13.1733 14.2162 5.7132 11.5742 26.1743 13.9005 16.4285 18.0966 8.3611 18.0934 11.5905 23.3322 
2.7688 19.3631 6.8554 8.5981 14.282 9.3451 11.3612 32.0173 6.5902 8.2019 12.2055 17.3181 11.5713 19.4458 21.3348 
8.8205 22.2966 14.7412 10.8058 8.6572 1.2251 7.9959 27.0475 18.0603 15.1808 16.3178 10.5346 16.2993 10.9259 18.687 
26.417 21.262 32.5451 24.5856 10.9192 19.7509 12.8642 5.8088 28.8903 29.6973 24.9717 24.0432 27.5322 17.4579 2.438 
7.037 19.1803 16.9872 9.9179 6.3143 3.701 4.6794 20.076 17.6021 11.4266 12.4486 16.2363 14.8319 13.3076 14.9525 
13.6988 32.3989 20.6931 18.7949 10.867 7.3203 14.5016 28.7655 18.6967 20.2548 19.1492 5.2972 25.1853 6.308 19.8794 
29.7935 22.3403 37.3198 30.74 17.3511 26.4139 19.1127 3.8017 38.0453 34.4476 25.4636 34.2074 31.0446 24.5045 10.9673 
9.3695 19.7473 2.1967 10.4688 22.6304 18.2064 16.3785 30.1388 1.7532 6.7843 15.8939 24.1928 8.3193 31.6154 34.6501 
11.5532 14.1858 23.0301 11.7463 3.3532 10.4833 3.7903 12.8687 21.0898 18.2128 10.629 18.7285 14.8691 13.2028 8.4183 
6.0366 28.0197 6.8908 11.6196 16.598 11.1251 15.0055 35.2555 6.4612 9.4282 14.0563 16.0051 13.2837 20.0387 24.2791 
10.6199 20.7444 20.7328 14.9647 3.5342 6.2664 6.1825 15.8894 21.5399 15.3398 17.6202 14.112 19.7411 7.9343 11.4274 
13.4964 30.4871 19.8539 19.1675 8.0373 5.2507 11.4828 26.3664 18.5458 18.1018 17.2872 7.0225 20.9285 5.8967 14.4387 
23.8415 14.2025 35.6583 20.0836 17.5329 23.2447 15.7608 10.4894 35.639 25.542 18.0562 34.0772 21.7641 23.9784 15.9135 
11.169 10.1745 10.4105 4.5053 18.2739 13.4727 10.7105 22.5477 12.9038 4.0675 3.1084 23.3911 2.1013 25.8074 22.1144 
23.5208 23.4512 31.6703 24.4254 14.4221 24.7465 17.6103 2.1052 36.848 29.3805 20.8575 29.9021 28.7355 19.8839 5.4631 
16.2996 7.0582 18.0563 12.7892 21.5458 21.5582 16.8592 28.0978 17.9532 10.376 7.6361 37.9298 9.0919 31.1642 23.6611 
29.7569 24.9828 36.4164 26.9557 14.0079 19.9192 16.3106 9.3305 32.3258 35.3335 29.7808 25.0354 35.2559 15.0302 5.3576 
23.5971 7.5535 29.957 22.18 22.8134 26.325 24.9987 22.0544 28.6436 20.2326 13.7874 40.418 17.5077 37.4129 26.8148 
14.1577 6.2743 17.4962 10.8406 14.4415 17.622 9.1714 18.8225 21.0243 12.7591 4.3945 27.0875 9.2144 26.2777 19.1096 
22.5906 30.5795 31.7378 24.0763 13.2162 18.6255 15.7501 13.302 37.7616 29.5111 29.4273 20.3944 32.5811 9.9989 7.243 
21.3331 35.2445 32.3219 28.3867 19.5919 16.9928 22.8903 31.4239 28.7359 29.7005 27.1818 6.2572 30.912 9.1811 22.2518 
9.5734 12.2051 14.6267 6.1328 8.7712 10.4682 5.5275 21.8199 16.3278 10.3135 4.4532 22.0919 9.3369 21.1067 17.3342 
15.9176 35.4593 21.6371 19.6382 15.9922 10.8975 18.7353 28.8349 21.3654 25.0592 25.3646 1.4569 24.812 8.6538 24.044 
17.1617 5.9983 17.4479 8.4566 15.8671 18.0089 12.5182 21.0287 17.6988 9.8327 4.2525 26.6953 7.0319 30.3628 23.132 
8.6275 9.5409 16.3707 5.0718 11.6027 14.2138 7.4417 20.1335 14.7508 9.4645 2.8686 24.0327 7.0798 20.3272 16.4447 
16.2731 4.2627 21.5705 9.4757 15.6372 17.6874 11.5977 20.3015 17.0293 12.1738 4.8106 27.9456 9.7288 22.2596 21.844 
23.0503 17.0991 30.9143 21.4632 8.6675 17.6268 12.1662 6.6148 30.0608 20.8683 16.4112 23.6869 21.4408 18.4587 3.5986 
7.6356 12.117 12.5651 1.7186 14.7924 11.6937 10.0892 21.7197 10.5007 4.7826 2.8853 22.3016 4.5151 22.8429 24.0685 
12.0102 18.4489 6.6965 7.9024 22.2725 20.2585 18.0617 34.3383 7.9721 5.2756 11.7581 31.861 5.1334 27.5377 32.6313 
13.8792 35.4616 19.7541 22.8651 14.8433 8.4142 17.3687 29.7316 24.9252 22.5988 23.6759 1.5128 22.2184 10.1011 19.7545 
11.3247 9.9605 17.2978 7.8516 9.309 16.1196 7.5039 15.4808 21.1467 14.1805 6.2166 22.2786 10.7217 22.7103 15.2983 
8.2343 30.0325 12.4355 16.055 17.8396 8.0021 14.6402 29.3722 13.7285 13.9404 19.0728 11.3259 19.6268 14.2813 24.5068 
18.4968 13.045 27.0732 17.2854 14.0459 21.0297 12.6444 9.3156 25.5134 18.8986 12.5856 32.7208 21.489 22.873 12.127 
20.9259 3.0282 23.0845 14.5337 19.3048 26.5079 15.1617 16.8074 21.7972 18.8788 10.8102 38.0613 13.5511 24.6122 20.8313 
18.2464 35.1243 25.2756 23.9432 18.7214 11.674 16.727 27.2895 30.1557 23.8716 26.377 3.571 29.8424 8.1005 19.5299 
23.1294 13.6725 26.3344 18.9596 17.9375 26.2449 13.7228 10.6192 27.9936 26.6396 13.8111 33.781 19.7217 25.8443 15.6051 
23.7157 26.1352 34.8071 23.0345 9.8639 17.0735 12.6033 10.6313 32.4813 23.8988 21.4787 19.2986 23.4466 11.5618 2.5412 
18.4697 33.6298 30.9007 26.7305 13.7169 16.7184 14.5818 17.5584 33.6947 28.2831 29.5251 14.6641 25.0085 3.7382 13.7188 
15.1557 28.1514 24.3351 20.4023 8.2581 7.2336 13.3756 22.283 23.5623 20.8351 19.7756 8.8415 23.9472 4.0598 15.6159 
14.637 34.1363 20.736 22.3611 17.8793 8.949 19.7461 34.156 21.9789 21.9305 26.3092 3.1004 21.3299 13.3021 24.2298 
11.6719 11.3366 17.0736 9.7109 8.1311 10.8224 4.126 17.7734 18.6088 10.7673 7.2075 25.3424 10.5821 19.5047 14.0842 
18.6514 1.8761 25.6983 16.1904 22.7302 26.1602 19.4403 24.0507 22.7481 15.6673 9.1493 31.5601 14.2272 27.5249 24.3112 
17.8092 2.6851 23.2712 10.8355 15.6535 18.2566 13.9334 20.1077 19.62 15.5041 6.7922 34.9066 12.7844 24.945 21.3048 
3.3327 21.6737 11.9567 8.3096 11.2721 4.5975 8.6776 28.5139 10.6779 10.5597 12.5286 15.7283 12.6536 15.2109 20.2235 
16.2522 13.5364 24.7351 11.2556 8.3167 12.5799 5.9805 11.9468 22.3047 17.154 11.6496 26.6063 17.4525 15.6723 9.6512 
4.8946 23.7356 12.6673 8.7565 9.319 1.9252 5.8159 26.6312 15.3202 11.7166 13.8249 13.2167 13.179 13.3464 15.5499 
20.184 0.8927 24.7221 15.1081 19.6593 22.6083 15.9789 24.5076 19.5972 14.0151 8.7548 38.8299 14.3553 29.7126 25.534 
22.3417 14.7833 27.7366 18.5695 9.996 21.5995 10.3568 5.8363 25.7721 25.4035 13.7733 24.9956 22.9543 20.1415 9.349 
26.9064 21.9198 40.8033 29.3298 19.1414 24.3926 21.7418 3.2594 35.4459 32.5202 26.4771 33.2945 28.6875 20.9631 8.0405 
10.9018 18.6537 18.8245 9.9509 3.4875 9.249 0.8767 18.678 16.8214 13.5139 10.8972 20.2089 13.2155 14.5931 11.4655 
20.7162 30.4289 24.675 20.2571 11.0312 13.4995 13.4269 20.7877 31.0365 26.0144 26.3846 12.4709 25.1079 2.3633 9.7071 
12.5488 29.9547 25.5804 19.3016 8.1764 7.2794 11.2263 21.2068 23.041 22.2689 23.2256 7.5847 23.7446 3.7356 13.7779 
22.4111 20.6495 34.0793 22.8164 10.9871 23.1536 15.7822 3.7429 28.0571 22.8407 20.8135 26.7786 27.8856 18.7251 5.9062 
11.8361 9.5166 14.4926 4.0916 15.1433 13.4483 9.0037 24.0936 13.023 6.9344 0.6653 28.1153 5.6892 20.768 17.6745 
1.6605 22.4235 9.806 6.5971 11.5432 5.3755 7.7386 26.3249 9.2315 10.2224 12.2417 13.4209 13.0976 18.3576 18.6822 
10.8327 18.0266 23.8182 13.1202 2.7053 8.6667 2.9527 12.7354 18.2817 13.736 12.0758 21.0632 14.3259 12.3158 8.7929 
13.3635 14.7248 21.8791 11.1389 4.3124 9.6465 3.1637 12.7947 21.1852 15.7785 9.5604 19.8583 14.7662 12.9821 12.0487 
23.6813 36.6737 28.0478 27.4388 11.5142 12.8477 18.8003 21.5615 27.8092 28.9628 27.3281 12.2459 28.701 3.9374 15.7696 
13.2095 20.7976 6.4158 10.3187 26.839 22.4231 17.8261 36.2173 5.7252 7.1996 12.2354 30.7498 8.0407 35.0339 33.6861 
12.9325 18.7563 6.0889 11.5213 23.8199 21.0337 21.5276 34.829 6.2254 7.4919 13.9655 25.782 8.6833 33.211 35.0464 
12.3123 26.6366 21.6971 17.7058 5.0436 6.3923 9.8862 19.0752 22.5746 18.4427 18.2522 10.9785 19.5953 4.8219 11.6026 
14.0605 26.8705 24.6216 19.419 8.1115 6.1638 11.6374 19.6813 23.2277 22.6037 18.3441 8.4897 20.6633 3.5743 16.2791 
23.01 1.3908 21.0382 14.5121 20.5575 21.8619 18.4449 23.4217 21.2387 16.887 10.0131 37.7109 14.9263 29.3774 23.4185 
16.8345 3.1732 18.8861 10.8975 16.7935 19.0312 13.8146 18.1798 16.5199 13.8293 6.1135 28.9832 9.1806 30.3077 23.3155 
6.2088 16.5788 8.383 2.7649 16.004 12.1049 11.5245 25.2773 8.2606 1.7671 6.8929 23.5212 3.9582 21.1877 22.9421 
19.0966 20.1569 25.4418 17.0603 5.5105 13.1466 11.4291 12.031 28.443 20.2071 19.5738 18.5815 23.4782 10.0829 3.6526 
28.1126 15.716 36.051 23.2433 14.8624 23.9702 15.5189 2.6855 28.337 28.6675 20.0205 32.7653 26.1949 20.7322 8.7872 
4.9125 20.1649 13.1596 6.7061 7.0662 5.405 5.5748 21.5899 12.4064 10.202 10.704 14.3087 10.6915 14.544 17.6458 
8.8472 12.9862 10.2336 3.5424 18.1647 16.4736 11.7016 29.3289 9.4484 1.8266 6.0446 27.9155 1.2768 25.3756 25.5828 
17.5002 25.1306 25.4846 20.4005 4.9903 12.3245 9.7483 13.1228 24.0229 20.0358 17.8428 17.2677 21.1644 8.699 5.0536 
22.9496 13.0252 28.8544 20.968 14.4569 17.9306 14.2512 8.3209 27.5839 23.5874 13.751 28.7149 21.1282 20.1092 11.7438 
7.1062 28.3712 11.1403 11.2255 18.8168 9.7834 16.0865 33.0748 9.5903 11.4197 16.3957 13.6011 16.5732 15.8895 25.3703 
14.7809 12.2069 23.8094 13.8856 6.2324 15.7894 7.1272 12.4507 20.718 15.1252 11.0706 21.2788 16.4808 19.2903 9.3656 
12.6811 5.6712 21.3632 8.0818 12.855 16.2443 10.5917 17.2276 17.9344 11.9753 3.9492 29.0676 9.8032 25.8205 18.6129 
9.0233 11.3597 9.6426 3.1649 17.8534 14.8933 13.4125 24.2353 8.4651 2.2854 5.2414 27.1199 1.3628 24.9064 24.0141 
30.1291 24.4747 34.0631 25.5755 17.5663 23.6524 19.6036 7.5072 41.253 33.9601 23.4347 28.0201 30.5196 19.5332 5.8736 
12.8822 19.2145 22.1464 12.9399 1.905 10.2526 3.66 13.4677 19.7647 15.4805 12.5291 21.4972 15.5212 13.2192 9.0691 
26.2097 28.3009 37.8778 25.4158 15.7537 21.5936 18.3322 6.998 37.114 27.6794 28.267 30.4643 31.8288 20.0096 5.655 
28.5021 10.5029 32.0159 19.7376 17.6678 29.0205 16.4266 10.1023 27.9537 27.3418 19.5089 32.8012 20.0935 27.0166 16.0431 
8.9626 27.5081 17.7253 14.2843 9.5843 2.8232 11.294 24.2193 15.0554 16.1869 15.1218 9.7198 19.1519 10.1013 18.2529 
11.7612 27.4739 20.8949 17.9947 12.3355 7.3391 16.7105 31.4635 23.2295 20.2646 25.7128 3.2139 23.5123 7.8009 22.1358 
14.6219 9.0266 24.2112 10.4743 9.6971 17.5526 9.3973 14.3636 20.2233 15.7001 7.374 30.415 12.9758 20.1722 14.3511 
17.3777 2.8069 18.4825 10.6292 18.3019 22.3937 12.1277 23.438 20.306 13.6485 6.256 27.997 10.7394 29.3383 22.7513 
13.9072 28.4798 19.6546 20.9922 17.1271 8.6901 19.2177 33.0303 17.1443 19.4623 23.394 6.1527 23.1866 13.8998 23.1503 
31.8151 25.0427 36.5133 32.0931 18.9829 28.436 22.0782 7.4563 38.7799 32.2822 26.6049 26.2207 29.837 19.8945 8.0979 
1.5223 18.8069 9.2781 5.4723 9.7205 6.7136 8.6078 28.0871 9.7149 7.3044 10.8578 18.9832 9.2067 16.9248 17.9439 
9.9243 23.9236 21.9928 14.0588 5.7244 3.1068 7.1848 21.9253 19.4267 16.7891 17.259 10.0047 17.9609 7.4618 16.0863 
13.4102 13.0231 10.4587 8.7275 21.2306 22.0782 17.8408 28.45 12.5622 6.1864 7.2281 28.1646 3.9684 27.4489 30.9429 
10.794 15.3044 7.3585 9.4591 22.7714 16.7299 16.4103 30.9996 8.2242 5.4469 10.3527 27.4129 4.2721 32.1372 33.7754 
6.6609 14.3126 12.5468 2.8553 10.8529 10.9601 6.4054 19.682 12.6329 6.4214 4.4051 19.32 6.1744 21.5015 18.0579 
17.1598 19.2622 31.0884 18.9731 6.151 13.2048 10.3485 11.1374 30.1731 23.4924 19.5184 20.4914 21.1615 13.1401 3.3942 
7.376 21.3967 15.8094 12.6147 10.0543 0.7906 8.9174 25.1659 15.6947 12.1459 15.1129 12.3143 17.9472 9.8475 18.7054 
23.0942 8.0434 24.1005 15.5536 16.3043 20.0817 15.7784 14.5885 27.2831 22.3227 12.5257 35.0159 17.2173 26.5888 15.4182 
9.9324 10.8547 10.8405 6.2222 16.048 16.0286 14.6301 24.4751 11.3267 4.1296 5.6819 26.0302 1.3506 26.4737 27.3888 
11.3444 9.604 13.7918 3.9537 16.4621 16.556 13.563 24.7779 11.5448 5.3428 3.58 24.4562 2.1201 25.8247 24.0655 
22.5834 14.3292 29.5308 20.8708 19.2352 22.9942 17.5638 7.0617 33.8936 27.595 17.478 38.6288 22.7578 22.7933 13.0886 
25.3954 25.9705 30.9624 23.0903 12.9866 23.246 14.7604 7.0663 30.8138 33.525 23.0761 23.266 28.7433 14.4382 3.8412 
18.7076 8.4652 21.4126 12.7525 10.0207 18.08 9.2136 12.6686 26.7093 15.8332 8.8365 23.5323 16.4284 21.1652 13.4293 
4.889 21.4741 3.9296 7.172 18.966 10.7822 15.9194 31.3137 4.2569 6.5522 13.731 22.5798 8.9251 25.1483 26.6481 
27.7301 24.0815 35.1739 28.057 20.3238 26.8748 20.2669 4.7438 43.4774 30.6302 27.2893 34.832 29.6781 22.6581 7.7628 
15.5831 8.6683 17.6884 12.613 21.4391 21.4733 16.2762 32.165 15.9923 11.1851 7.53 37.319 6.5632 29.0815 30.8418 
20.0829 5.503 22.567 16.1322 20.7657 22.4215 18.7686 24.8202 18.4276 15.0534 11.1558 32.5124 12.33 35.2597 30.608 
19.2248 5.9243 20.7937 13.8829 25.0971 21.062 19.5401 23.1583 21.267 15.621 8.7792 33.9842 10.4104 33.6524 30.4403 
22.7927 6.0086 30.4243 18.9512 24.3866 30.4003 19.286 22.6214 24.1449 22.677 14.7101 38.4264 15.223 30.7639 24.7513 
13.2831 22.9057 20.8806 14.2707 5.6697 5.3765 9.5378 22.8576 24.1178 17.2024 17.6461 10.5136 21.8164 5.9424 13.4878 
9.6892 24.0417 0.9532 9.3841 23.7021 17.7035 19.4145 34.1475 0.7051 6.2269 14.4353 25.1011 9.4284 29.4761 32.9127 
21.7971 25.5052 30.5925 20.82 10.7106 17.0984 14.2155 9.5688 29.7765 27.7501 24.3694 20.6725 24.323 10.6631 1.7951 
18.3922 7.122 24.9925 16.4427 13.2685 17.0785 12.031 13.8783 22.6727 18.5939 8.9911 33.1438 14.5291 25.172 15.1796 
21.1345 17.7905 35.6808 23.1108 12.2848 18.0984 14.488 3.9728 27.285 25.3839 17.5892 24.5695 24.7486 16.3902 4.7675 
13.0953 30.3057 19.2532 16.7841 13.0926 6.6338 11.8161 27.1768 21.2719 18.7298 19.3414 5.161 22.4585 6.6306 20.4871 
9.014 20.1262 4.5862 6.9003 21.719 15.9796 15.5093 35.3556 4.6439 3.3284 9.0041 27.8334 5.6373 23.6404 28.3084 
14.9479 16.6703 20.0385 15.2842 2.657 11.4428 4.3465 14.6863 19.5885 18.44 11.7218 19.3408 15.4379 11.1945 7.6371 
2.203 21.5596 11.1491 7.4956 10.552 5.3424 7.4975 28.2777 12.1356 9.2484 10.7718 15.3324 11.8952 17.2165 19.3385 
21.3927 5.6057 30.9608 18.8096 22.9593 28.3799 22.2387 23.1553 28.7876 19.0075 15.0472 37.9713 15.9929 34.8963 23.3218 
10.2805 21.4187 20.807 12.7367 5.7148 4.3859 7.4996 22.1547 21.7894 17.0982 14.3777 10.0519 20.7465 7.2371 14.0088 
12.7702 6.0834 17.5134 11.0421 11.5496 16.1888 9.208 16.7647 18.7211 12.4738 5.7089 30.6136 11.9354 19.6858 16.2093 
5.3091 25.5149 6.9072 12.2967 16.2478 9.6095 16.9989 32.898 7.7363 10.7451 18.2034 17.6465 15.7326 20.2952 25.7456 
17.3541 9.599 24.7889 13.3606 13.671 18.7042 12.6833 10.8262 24.6212 17.4302 9.3212 31.4592 17.8177 21.2191 12.4445 
17.9327 34.0981 32.3244 24.4001 11.8562 15.5159 15.0718 21.0284 28.0988 28.2543 27.8774 11.7546 26.5724 3.9868 11.3805 
24.7271 7.4405 30.5098 20.0663 23.5273 28.3206 23.0459 20.6311 29.7595 24.8809 16.8482 45.4167 18.5395 36.5755 24.8118 
26.9419 32.4592 36.0391 25.2659 11.9555 19.6677 19.9496 11.7626 38.2733 34.6714 29.8323 19.8772 29.6591 10.7234 7.067 
15.2112 15.1062 24.1942 12.3196 6.338 12.3676 5.0489 12.8016 20.7562 17.4743 10.5623 24.4371 17.4309 15.8621 10.4707 
12.5806 26.3171 1.9612 13.2013 25.4655 17.9371 21.5591 39.9895 2.6295 8.8653 15.3355 27.1135 12.4754 25.2434 35.431 
18.7361 31.7286 23.1017 22.5622 15.1186 10.8599 17.6546 23.5148 26.2185 22.2377 27.1651 3.6429 22.5625 6.5299 17.8039 
23.2981 17.5835 34.2828 21.3631 14.4025 21.8121 16.3091 2.7268 30.542 23.0211 19.5835 24.7757 27.568 19.6398 5.4011 
7.1485 19.9115 2.259 8.7639 18.8702 16.1549 16.1559 28.7093 1.9202 4.7674 11.6134 23.7574 9.4323 22.1249 30.879 
1.0694 22.4816 10.1996 7.3002 11.6252 5.7758 8.5995 28.441 10.5376 9.6626 13.0767 14.0356 11.5178 18.5902 20.0631 
27.3865 31.9428 39.1614 26.3941 12.1705 18.2189 15.9497 10.7458 32.3082 31.4623 26.1007 23.7461 30.9603 14.3882 6.4141 
26.8494 16.9063 28.6378 23.6026 12.6986 25.0963 17.0788 5.9747 33.1484 23.5142 18.6015 29.2914 20.145 23.2976 10.2592 
17.7489 27.7738 28.0887 20.1096 10.024 10.0994 14.1182 19.8264 28.5279 23.5984 19.8158 9.5014 27.4273 1.1111 14.7288 
16.1149 31.1107 24.116 24.657 9.2002 10.0552 15.014 19.8355 24.5664 24.7472 24.671 12.132 27.8493 1.0435 13.8552 
11.5734 21.1337 1.5433 12.6629 24.0411 16.6823 20.8906 33.4055 1.693 6.7973 13.806 23.1337 9.3897 32.0613 34.4163 
14.5902 5.4336 22.3759 11.6063 14.2638 16.1112 11.2069 19.4792 19.7674 12.1545 5.8837 31.8473 10.452 24.3138 17.6502 
9.1268 21.0006 18.0187 12.8363 5.2807 4.103 6.7921 21.8409 19.3672 17.9547 15.6856 11.9722 17.0875 7.4787 12.9538 
12.8365 17.0405 21.7986 13.2384 3.02 10.9203 4.8856 13.0332 21.2346 18.096 12.7979 20.0083 18.1261 13.6433 8.6558 
8.4129 25.3587 0.6024 11.0524 21.4985 16.3729 19.0011 30.6674 0.198 7.3109 12.902 22.7331 8.9082 26.4954 29.0218 
15.3315 23.7718 24.3646 15.2393 3.5079 9.6051 6.9703 15.5161 21.4501 21.9283 17.3088 16.0555 19.4996 7.0058 7.5645 
14.4876 20.771 23.492 13.0033 2.5676 12.2969 5.8019 14.3621 22.0279 16.1979 15.5477 19.535 18.9546 12.9848 7.2979 
11.998 25.2431 4.0243 11.1701 22.8274 17.1876 22.9313 37.4749 4.4119 8.9116 18.1202 30.7008 9.9303 34.4271 37.1614 
13.3513 9.8648 13.4226 6.1933 16.2772 19.094 14.8081 28.6961 10.7878 5.7 4.2223 27.5806 2.0686 28.285 27.5877 
7.2546 19.592 18.2138 10.2673 6.2459 2.4239 4.7603 20.0609 17.6141 12.6066 14.7822 12.0528 15.1782 10.5316 16.0891 
7.8609 24.9299 5.4236 10.9391 21.4366 12.3316 16.0665 38.6292 5.5944 10.529 18.8928 19.8705 12.3156 23.1981 27.3655 
5.4779 20.3364 4.5429 5.2508 16.7238 14.6842 15.7947 33.3978 4.0688 2.6648 10.5025 24.3368 6.496 20.8228 29.7416 
6.3324 18.4025 15.9083 9.6056 5.4252 5.4971 2.8972 22.4174 16.5912 11.2221 9.4683 16.5859 11.3022 11.9732 14.5041 
13.2686 10.29 19.4437 9.0057 8.8444 13.5308 6.0421 15.2686 18.9611 14.5685 8.2094 26.6505 14.1434 19.8656 13.3709 
19.8812 23.4215 34.4633 24.1269 9.255 19.0936 13.5287 7.7749 32.2608 23.016 20.426 20.5221 23.8136 12.1432 1.3531 
22.4005 4.9585 29.3263 17.8435 21.4419 30.3448 21.2131 19.4874 25.4677 22.3391 13.0191 38.9143 17.8952 34.6694 28.651 
22.4619 22.7287 27.9708 20.2465 8.4207 13.5407 11.8433 12.5421 31.4261 25.4101 23.3462 18.0913 29.2717 8.0348 5.3638 
10.6521 25.3804 19.6039 15.7055 7.8443 4.2555 9.1187 23.7898 22.4452 16.8905 16.0599 9.2738 16.8602 6.6002 16.3711 
20.0444 20.8541 29.5281 16.8546 6.7489 13.7575 9.8742 7.709 29.583 20.5476 16.0852 23.7722 19.9266 14.8809 2.3025 
6.9188 22.8811 15.7827 12.9519 12.9983 5.4752 10.9179 29.2526 14.7469 16.0447 15.6969 9.7149 19.5504 15.3395 19.4393 
3.0952 24.2743 6.9015 7.5555 14.9313 9.2723 10.801 25.6155 7.4569 7.6787 14.3258 15.5815 12.1077 19.0096 27.2826 
7.2545 25.8279 14.9736 13.4677 9.6779 1.2215 8.4405 25.5739 14.8749 15.8514 15.9243 9.4694 18.9413 9.6237 17.7782 
26.8076 23.0644 29.7447 20.4109 11.3204 18.5618 15.1338 6.4017 34.8402 24.3671 23.4777 26.2204 23.6955 14.3459 2.4937 
6.4905 19.2193 18.3146 9.7428 6.8926 3.6367 3.8215 18.2055 16.7946 12.4325 11.1375 15.4392 12.4264 11.1752 14.9304 
11.4357 27.1838 21.0783 16.0618 13.1998 6.1112 15.0677 26.4424 19.2053 19.4703 24.2139 4.7366 22.2135 7.6666 16.6073 
31.3364 27.2653 34.377 28.4737 20.5387 27.7774 19.1663 3.5887 38.0563 36.545 24.9899 34.4671 29.4567 21.5263 8.8525 
11.3652 21.4591 2.162 8.8821 24.3707 14.6931 21.2586 38.3367 2.0504 6.9165 14.9013 23.4365 8.2311 28.6634 33.6517 
11.6627 17.4244 20.2298 10.6444 4.0019 12.4405 3.9003 13.1928 20.942 18.0083 12.2973 22.0998 14.2964 13.9153 10.1522 
6.8472 21.5465 5.7455 11.4484 16.9857 12.5962 15.1671 36.7726 6.0464 10.4041 18.5398 18.7688 11.8332 19.1661 25.1893 
12.7793 24.6171 21.4462 12.9819 3.7491 6.0953 6.4478 17.3657 20.1184 16.8901 17.6748 11.7056 20.2349 7.5211 11.0895 
13.2543 28.3971 19.5719 16.4754 9.4195 5.9441 11.2543 21.2216 19.4298 19.4109 22.5621 8.079 22.8176 5.9848 17.925 
27.0355 11.9283 37.1902 24.0641 18.924 26.63 18.5848 8.7763 33.5596 28.4458 20.7378 39.2289 25.2369 30.5371 16.5075 
9.3906 11.2091 10.274 3.9804 17.6708 14.2433 11.8333 22.643 11.9704 5.032 3.9094 28.6119 1.7959 21.7844 20.5338 
24.0974 22.356 34.8314 27.2286 14.2342 22.9358 18.0547 2.2216 30.011 28.1137 21.5483 25.7442 29.7752 21.2057 5.1888 
18.2981 7.7945 18.8513 11.4408 18.9764 25.4363 18.6658 26.8083 17.4891 10.6838 8.2361 33.1315 7.1805 31.6417 23.6299 
30.859 28.6473 34.6883 29.5252 16.0215 21.9667 19.6893 7.9587 31.487 29.6126 28.3551 28.9313 33.8682 15.6636 6.8391 
27.3072 5.7946 27.148 20.1435 27.2841 30.4527 21.9254 26.8375 29.732 24.4042 16.831 37.5675 17.1702 32.058 24.6705 
13.5279 5.7474 17.2813 9.3709 14.4527 18.9835 9.7072 16.8771 17.28 12.0801 4.299 30.1887 10.6962 20.7113 19.814 
27.6115 33.3374 32.5199 26.9902 12.1929 18.5266 18.4074 15.1035 33.3292 30.2986 27.3492 19.3794 32.5811 9.9793 6.6418 
22.5269 35.2656 26.7576 24.6815 21.1401 15.0473 19.1071 32.6292 28.4442 32.5042 26.1459 5.1042 34.1889 7.6311 25.2503 
9.464 11.9849 15.2822 4.8735 9.1023 12.7394 4.7631 17.217 17.1548 8.5964 5.2785 20.1015 7.5013 18.9917 14.4499 
15.5983 29.7699 24.5269 23.3611 16.3629 8.9116 17.2427 29.5979 21.7119 24.9932 21.9199 1.6052 22.5491 9.7751 23.7117 
15.1109 5.4173 18.5647 9.372 15.4939 19.7707 15.6307 25.7128 16.7801 11.2492 4.6538 33.8135 7.7886 30.1413 21.949 
8.9822 9.5941 14.7944 5.5944 10.2649 11.6561 6.8374 23.0829 13.025 7.9008 3.0278 23.6439 7.3733 21.4099 19.9851 
14.2151 4.9156 17.1561 10.3857 17.0195 18.0696 10.7363 22.0794 16.3649 13.4604 4.496 29.4401 8.402 22.5596 22.2704 
22.672 17.2171 27.9539 17.3707 10.0233 16.9504 11.3437 6.0382 26.2969 26.6356 19.2112 26.7938 22.3579 14.4897 4.0197 
7.8248 11.0501 11.6309 2.2279 12.3315 13.5909 10.1752 27.03 12.0605 4.9797 3.5035 25.3726 3.8683 22.6019 19.4271 
13.3485 15.9875 6.3553 9.2427 20.6441 17.1931 16.0132 30.8896 7.7045 4.5085 10.4137 29.334 4.7041 29.4134 29.7111 
16.1312 28.2913 20.1689 21.6757 13.6911 9.9403 17.8159 32.8196 22.7752 24.1184 27.1741 1.4488 22.8296 9.3202 20.6098 
11.7119 8.457 19.6334 8.8063 8.8133 13.8462 7.272 17.0595 19.6679 14.0734 6.0611 25.1277 9.5224 21.0708 15.2683 
7.3724 28.9027 11.2578 15.4817 16.3411 8.9027 16.6283 28.0557 14.4121 13.1427 17.6535 10.2935 19.2647 16.386 25.7645 
20.9241 11.1338 24.3723 20.295 14.1324 20.7755 11.549 8.3614 27.0488 24.1761 15.6295 28.4821 21.5953 23.0431 9.7631 
19.7838 3.3749 25.8532 13.8346 16.0995 21.2169 15.2662 17.8757 27.3088 15.5442 9.4009 35.5096 13.3953 31.4667 22.0492 
19.1899 38.0623 29.8755 22.5269 14.7226 13.1475 18.6535 30.9426 29.2429 25.5762 30.647 4.1063 28.4901 8.9833 19.4681 
22.4297 13.2545 27.3331 18.798 14.1242 25.5918 15.7283 9.9179 32.7052 23.5609 16.7136 30.6373 22.4396 28.2103 14.6123 
22.8088 26.4321 32.9804 23.3453 8.5477 17.203 13.5152 10.2328 28.1528 27.1332 22.5675 22.333 22.4181 12.6265 2.6424 
24.1457 34.1129 30.3025 27.5648 11.946 16.551 18.3831 17.7384 29.2259 31.8065 24.7114 12.3972 29.8537 4.4311 12.2123 
13.7923 29.5196 21.9195 16.7905 10.1023 8.1975 11.6907 20.2348 23.0492 22.4053 18.8525 8.4772 22.5715 3.8504 17.319 
13.5861 35.0498 23.7978 22.4945 16.0608 10.984 19.5128 28.882 23.3406 23.3695 23.5357 3.0754 27.5116 12.477 22.5317 
12.8057 12.7894 20.8648 7.5624 7.0484 12.0351 4.429 16.385 20.8472 12.9785 7.7538 24.8056 9.9678 16.0627 14.7503 
20.5462 2.2071 22.8167 15.856 21.5036 21.2108 16.6186 23.6384 20.1052 14.3241 10.3976 37.5411 11.929 30.5982 23.7797 
18.5212 3.1109 24.0324 11.9286 14.0464 19.3531 12.0075 21.5195 23.4971 12.5407 6.1363 31.3563 9.879 23.0355 17.1795 
3.0648 22.9587 12.0223 7.7126 11.643 4.2424 8.1271 25.4665 11.9672 11.6114 13.6581 13.2495 12.5656 15.506 22.9881 
13.2427 13.8992 23.0989 11.8366 8.5325 15.4547 7.6639 11.0789 22.4021 15.1993 11.6555 22.1649 13.8189 15.5593 10.617 
5.6142 20.9828 13.74 9.8474 8.2632 2.1527 5.8295 25.9397 13.3704 11.0325 13.9667 12.0234 14.2992 10.9378 19.2049 
21.2476 0.7993 22.7423 12.6259 22.2945 26.8415 19.22 24.1749 22.655 15.2304 9.5878 34.554 13.1314 33.8225 22.5962 
20.5498 12.6143 27.4306 19.7433 10.0966 22.1327 12.0675 7.3112 28.1653 21.1632 14.959 26.0545 21.4859 18.322 9.7117 
28.2504 24.6205 37.0018 29.4898 17.7592 25.6469 20.485 3.3969 34.283 33.5969 22.8971 29.8391 26.6635 20.7879 8.3093 
11.0172 15.0145 16.9265 10.9881 2.8502 7.1119 0.9108 15.6221 18.6405 12.3173 11.183 18.9521 13.3422 12.9381 12.3102 
20.5874 29.873 31.9329 22.0716 11.1006 11.0681 12.8741 20.1704 31.3163 23.8327 20.4769 14.0119 24.3404 2.4703 10.6197 
12.8915 31.3714 23.5074 15.871 9.7272 6.5057 12.002 19.3681 24.0325 18.7365 20.745 6.9911 21.0737 3.505 15.2954 
25.0677 16.3111 32.4886 22.384 11.7063 18.1514 12.94 3.4542 31.9474 26.4467 21.6817 30.8887 23.1891 18.5648 5.7039 
11.0527 9.0702 13.6455 4.9572 12.8304 12.8436 10.3553 23.4771 12.2866 7.072 0.7358 24.1783 5.6475 21.0109 22.638 
1.6667 20.3414 10.3427 7.1181 10.748 5.5232 8.0324 28.382 11.5667 9.2028 13.1256 14.7718 12.3164 16.1347 18.8549 
13.0131 17.4459 20.4596 10.2831 2.7216 9.698 2.4765 13.6053 20.0281 15.7549 12.1321 20.8617 15.6941 14.2956 10.8319 
12.6507 16.3543 19.6476 12.1251 4.2532 11.7784 3.1131 12.6007 20.6127 14.8991 10.9761 22.2223 16.7292 13.6462 10.2417 
22.0961 29.0667 31.4462 23.3293 12.4371 15.1911 16.7618 22.7781 32.3479 25.3465 25.8577 11.0635 29.5148 3.1586 14.5868 
12.5331 21.8635 6.7898 11.3778 20.5674 18.0471 18.0096 30.4386 6.4831 6.4855 11.4072 27.1936 7.4308 32.6593 33.9174 
12.0426 20.4937 6.6811 13.2679 24.7232 22.2762 22.7724 38.9162 5.266 6.9518 13.5677 31.8052 8.8059 27.6022 31.2884 
11.8918 24.1121 25.6541 18.3493 5.5199 7.5096 8.7691 18.3347 24.4202 21.1119 20.6121 11.1124 21.0867 4.3347 12.263 
14.9307 24.1181 21.8365 17.548 7.962 6.8147 9.8013 23.6527 19.4436 18.5294 19.9586 9.1508 23.6507 3.5684 15.6581 
19.3627 1.4631 20.5663 15.5763 17.7718 27.6581 16.0347 24.6209 20.4972 16.9434 11.1191 34.4369 13.7528 29.4127 22.4126 
16.4392 2.8909 21.0901 11.0861 15.1882 19.832 12.8888 23.9402 18.51 11.2908 5.2003 30.412 10.2939 29.0982 22.5815 
6.1537 14.2298 6.8062 3.1705 14.7389 11.784 12.5152 26.2269 8.0965 1.5943 8.4101 21.7806 4.4373 20.8137 23.268 
18.5892 21.6244 30.0646 18.7653 5.7829 15.7099 11.2573 10.6626 30.2356 26.3516 19.3803 19.3279 23.2201 9.6174 3.5412 
27.9117 18.5933 31.3022 25.9008 14.6927 25.0886 17.0179 2.989 32.7877 24.153 19.4269 29.4029 22.5811 22.6272 8.4201 
5.2739 16.0037 12.5455 6.7851 7.0774 4.4252 4.3731 24.7355 14.8665 11.1327 10.289 14.7645 12.9949 16.3868 18.226 
9.3274 14.6163 9.2388 3.9489 19.2004 13.9462 11.3945 25.6509 8.2793 2.2924 6.8212 24.5115 1.1766 23.1737 25.7121 
17.3587 24.7706 28.8934 19.3199 5.9399 14.1165 10.1962 11.5015 23.4566 22.9877 19.8383 20.1737 21.1902 8.6034 4.5624 
21.6994 11.7778 31.2645 20.3291 11.3724 22.6253 14.3215 8.7685 29.043 25.1149 15.2884 33.3323 20.5939 22.7261 10.4864 
6.7453 28.1601 10.6853 12.3298 14.9037 9.5936 15.265 28.9256 10.1318 11.539 18.2875 14.1029 15.138 18.0452 27.4068 
17.7282 11.7543 23.5185 12.8342 7.1026 15.0015 6.161 10.6064 24.8191 18.3726 12.5724 21.5777 14.8588 19.3001 9.295 
14.6249 6.1303 20.3492 9.3837 12.5192 18.9548 10.5022 21.2792 16.1179 10.4702 3.8531 29.155 8.0191 20.9999 20.3332 
9.6128 11.4124 9.6037 3.8697 15.2195 13.8271 14.2627 30.1622 9.4851 2.6115 5.6203 25.7387 1.0836 23.8248 25.1309 
31.9548 26.1613 33.0508 26.0833 15.8256 23.0702 20.0382 8.9327 39.634 35.3785 26.8821 25.7461 32.5838 16.9355 5.7215 
13.8484 18.6653 23.263 11.4743 1.9092 8.4511 3.4689 16.1012 20.1869 16.9907 13.1132 18.2036 16.57 12.7648 10.2759 
28.8487 26.5949 40.5386 25.4005 13.4249 23.1365 16.2522 6.5762 34.1432 33.104 27.2313 30.1829 31.6558 19.07 5.7593 
23.9308 13.4164 31.8051 20.7561 20.692 27.6298 16.0756 9.8178 31.8387 25.5682 16.4651 36.8938 22.3112 27.5444 15.2909 
8.5838 27.667 15.4575 12.6085 11.1263 2.2917 10.3195 26.294 15.2985 13.5472 16.3143 9.6348 20.0105 11.3719 18.7229 
12.8141 27.351 20.1681 20.2393 15.5898 8.2944 14.2451 31.1474 21.0303 24.0582 20.2475 3.7751 20.4554 8.7076 23.3856 
16.7676 7.5635 19.7087 11.881 10.563 14.878 8.0181 14.1648 21.049 16.9432 8.1763 24.9179 13.1416 19.1572 14.3431 
17.7311 3.2054 21.167 10.7166 15.9272 20.5928 12.2287 23.4558 19.8357 12.0835 5.1333 35.1678 8.9946 30.4702 19.1322 
13.0119 34.4794 19.8583 20.0174 18.3172 8.214 19.0901 30.0309 16.7759 21.7799 22.0036 5.9131 21.7169 12.1243 25.016 
32.7015 30.7538 42.9769 32.68 17.5741 25.1334 19.3031 8.296 38.701 38.9616 25.5635 31.0594 35.5499 20.6612 8.7989 
1.6795 16.2173 12.2029 4.7868 9.7839 7.1098 7.6559 25.5832 9.1157 8.2151 9.256 15.7889 10.6761 19.5358 21.485 
8.814 23.9573 19.0708 14.4857 7.2807 3.8187 8.1263 23.466 17.7431 16.1048 15.6321 9.513 19.0017 7.5063 15.2706 
13.2438 11.0139 13.0201 9.0391 19.5352 19.5374 14.7005 27.3717 10.0025 5.5591 7.2793 27.8098 3.2504 26.0849 30.8391 
10.6851 14.0733 7.2543 7.6301 19.6331 16.2806 16.9849 30.0297 7.501 5.3644 8.5763 26.0965 3.9415 28.3945 28.5531 
5.7345 15.1705 14.6797 2.5841 11.1128 10.8527 6.6814 19.6502 12.5476 7.5573 5.1339 24.2995 7.6501 18.2476 19.2967 
20.4204 20.7301 26.4955 16.1105 5.2831 13.5695 7.9752 10.6256 25.4089 20.3139 17.8242 22.7267 19.1118 10.8203 3.8516 
6.7733 25.7857 15.3573 11.6046 10.2403 0.931 7.6035 22.8396 13.4394 13.4539 14.2078 10.4246 15.8632 10.3237 16.2813 
18.9515 8.0128 27.8219 15.2565 17.4688 23.434 14.0521 12.2848 26.8135 20.8278 12.2811 33.0275 19.4602 26.9121 16.0697 
10.3089 13.0717 9.7596 6.6153 18.9649 17.9708 16.6346 27.1626 12.0381 4.9365 6.3258 29.5604 1.3703 28.5059 29.66 
11.9246 12.0712 13.8965 3.9524 18.045 13.771 11.0874 23.2083 10.4583 4.3868 3.6896 25.3014 2.086 24.132 20.6719 
29.6444 14.658 28.7178 21.329 16.9685 22.7508 19.6286 7.7218 34.5275 24.7544 20.6011 35.279 23.5594 28.2631 14.2302 
23.3402 28.7346 30.0293 22.7277 12.1781 21.5011 17.6126 7.6904 30.9708 31.3404 22.2799 26.7445 26.052 14.4555 3.7038 
18.2533 9.1868 26.0059 11.9328 9.6303 17.3214 8.7908 13.8077 24.6573 18.6565 10.4208 28.935 17.1194 18.649 12.577 
5.1431 22.1539 4.4343 7.0695 16.5876 10.1079 13.9074 33.4617 4.1341 7.1227 14.508 18.8847 9.7634 25.6197 30.3143 
30.7167 23.8944 41.0549 29.0775 16.555 29.9827 18.6283 4.7514 42.9668 35.333 30.1118 35.8403 32.2204 24.145 7.977 
16.1888 8.6556 15.4785 12.1547 24.4946 25.0023 15.7933 30.676 18.1642 10.8737 8.8413 29.5076 6.999 30.327 25.128 
17.8893 6.2173 20.5931 16.4908 25.047 24.9692 21.9217 24.4949 20.5848 13.8398 10.0788 36.5946 10.299 35.0613 26.5682 
21.125 5.6528 19.9421 14.7237 21.0309 22.9589 19.5075 24.6095 17.712 12.0602 8.1658 36.3716 10.1814 29.3177 28.7198 
26.3585 4.7449 28.5705 20.133 22.3476 26.0758 22.1961 25.9769 30.4669 17.9656 13.5944 37.687 16.1302 36.4064 27.1461 
12.4239 24.072 21.9107 14.9252 6.6441 4.9694 8.4462 19.2015 23.7203 18.4778 17.8613 11.2468 21.3072 6.2202 11.3526 
10.6486 24.2255 0.7649 9.3986 23.5268 17.2339 17.9647 39.1654 0.7329 6.9009 15.8805 21.4962 9.88 25.1203 33.6031 
24.2588 21.6935 35.561 23.7696 10.5495 17.8454 13.6442 8.0754 29.2 29.9867 20.0573 24.7247 28.7257 13.3595 2.0022 
17.1824 7.3036 21.6359 12.9974 12.3698 18.8218 11.4761 13.7411 26.4949 18.6041 11.7375 33.4352 14.623 21.6235 14.8099 
24.9169 19.7258 28.8373 21.5973 10.439 18.7925 12.9414 4.0182 26.5814 23.0672 20.4214 27.4665 25.0072 20.2129 4.9961 
12.3014 32.1866 19.4001 15.7438 10.143 6.4767 13.6611 28.6363 20.3352 18.4575 19.173 4.8563 23.5717 6.8713 20.0323 
10.2435 16.4911 5.1918 7.8084 21.1187 14.2966 16.6014 31.5862 4.0795 3.2825 11.614 28.4298 5.4773 30.4482 32.3595 
15.2065 16.3269 24.8233 14.4568 2.4298 11.0361 4.0911 13.1658 19.8398 15.4912 13.0995 18.4936 19.3333 13.669 9.0119 
2.2137 22.8778 10.8413 7.315 10.8629 5.3009 8.8933 25.3776 10.3049 9.1538 10.7121 15.6781 13.112 14.7526 19.0289 
25.9916 5.3253 27.7178 21.4501 25.0768 31.815 18.6321 25.953 24.6051 22.6057 13.29 42.0001 16.3897 34.3572 29.533 
10.1397 23.5512 18.6298 14.0529 5.3253 4.5405 8.2628 23.0914 20.2374 16.4056 14.8864 10.3667 16.1019 7.9523 13.9171 
13.7249 7.4161 20.2477 11.2407 12.6657 17.2198 9.1787 18.1638 17.7067 13.7714 5.0102 27.477 12.1066 24.7572 15.8761 
5.6848 26.2195 8.3718 10.1124 19.9618 11.0346 15.5947 30.5965 8.3558 11.0046 18.593 17.285 13.5244 20.2603 26.2863 
16.3028 8.9663 22.5812 14.198 13.9413 19.831 9.9123 12.1705 22.0358 20.4068 9.4189 30.3251 16.1946 23.5198 13.3792 
18.8688 27.5241 26.9384 22.6372 10.9022 15.1321 15.5465 18.4555 25.8194 30.3016 24.1533 15.2776 28.999 3.6166 12.3415 
29.8362 9.0931 26.0504 24.467 23.3332 32.9132 23.0866 23.0478 30.0737 20.7131 15.2491 36.3047 17.9605 38.3939 24.4267 
22.8296 25.2072 35.0232 27.4447 12.641 18.0695 15.057 13.3964 36.0541 31.671 24.8539 21.9867 26.8147 11.6829 7.6966 
15.5667 15.9488 21.6485 11.5053 5.3079 11.071 4.8975 13.2153 24.0251 14.4342 12.645 24.3221 17.8575 14.6812 10.5489 
10.6582 26.4645 2.238 14.2259 24.2424 17.7615 18.7707 36.6526 2.3054 8.3779 18.3264 26.774 11.5264 31.2408 36.9303 
17.1636 33.5312 25.2251 21.6152 15.1429 9.9154 17.4886 27.7064 25.8099 24.8954 25.4923 3.5757 22.8931 6.3205 18.4001 
22.289 21.3303 33.5472 26.1105 12.8847 23.0433 13.9877 2.5984 37.0283 26.3186 22.4763 30.5189 25.5273 19.5116 5.2135 
6.9098 22.638 2.2605 9.0668 17.413 13.355 15.9729 29.4732 1.9525 4.7573 14.0005 24.8897 7.8945 28.3199 27.1192 
1.1825 18.42 11.3999 7.1901 13.1311 6.3815 9.5173 27.0495 8.5185 9.8467 11.9664 17.4818 11.996 16.7935 22.0745 
22.2663 24.8562 36.5628 29.2461 13.1474 23.1009 18.3224 10.8758 34.5188 29.6446 28.6113 23.572 29.4228 12.7286 6.6954 
26.6345 15.4209 27.7753 23.937 16.2071 22.1293 16.2008 6.4113 32.513 21.407 18.3628 30.0782 22.5862 25.2506 9.3505 
15.7243 27.5431 24.0508 20.3476 9.8189 9.8747 12.6187 22.1677 23.9287 22.1857 24.2746 9.5248 24.6638 1.082 12.1284 
19.2613 31.3628 26.1824 22.8736 9.8996 12.3335 15.325 22.5775 24.7309 22.7436 24.6236 10.6113 27.2309 1.0954 13.4612 
11.1939 20.0314 1.5594 11.203 26.4472 19.6823 19.6716 31.0828 2.0515 7.5104 13.6124 29.0611 10.1909 25.9264 32.0383 
13.8923 5.1726 18.9119 11.6211 14.5809 18.0303 11.5989 18.7088 18.5544 12.5385 6.219 26.2252 9.7491 23.4723 18.5033 
11.2392 20.5957 22.3083 12.6479 6.1826 3.3063 7.3207 19.3632 16.8793 15.2208 17.6377 12.5848 17.7818 7.4111 12.6559 
15.231 15.0783 23.4906 12.8663 3.3816 11.2614 4.8087 13.2363 23.0699 18.7692 12.2521 22.6492 17.1567 12.5876 7.5397 
10.0033 23.1376 0.6429 10.8009 18.4334 15.7536 19.7235 35.5252 0.2226 6.6081 14.9027 26.984 8.822 28.5858 26.737 
14.3541 21.1799 27.3675 15.2488 3.0242 9.7886 6.5496 13.0575 25.2132 22.3914 18.9607 15.8286 23.4367 8.0425 7.0378 
14.8259 17.6863 25.6344 14.4693 2.4939 12.5845 4.9507 10.9375 24.7413 16.2244 12.8243 21.7917 16.4463 12.464 6.8141 
14.6218 23.7477 4.1642 11.0626 27.8425 16.8894 21.0917 42.3583 3.9209 8.8443 15.1086 29.7054 9.7523 33.3873 37.6255 
12.2625 9.1588 10.7796 6.1377 20.048 17.3056 12.2677 26.6698 12.3939 5.1374 4.0952 30.0013 2.0541 29.2276 24.4906 
5.8093 22.2453 15.4753 9.6786 7.3333 2.6099 5.3914 23.9733 14.4826 13.9224 11.7355 14.9293 15.2572 9.9421 14.8911 
6.4368 27.8197 6.0037 12.0307 20.8039 11.5284 15.8933 36.1383 5.2472 10.108 16.1885 20.1051 13.1939 21.8216 25.2484 
5.4507 20.546 5.4226 4.8869 16.8848 13.6808 12.0717 32.6715 4.2062 3.1425 10.7846 21.014 6.0578 26.6546 28.4011 
7.434 20.157 14.8919 8.8725 5.2078 5.2893 2.8325 21.7575 15.6174 13.6471 9.765 16.4075 12.0609 14.0631 14.7039 
12.1321 11.005 19.1667 9.3371 8.4874 11.8834 4.9004 15.7027 21.9398 13.7587 6.6478 21.9643 11.9748 16.8228 14.5175 
25.3045 24.4501 35.323 21.5202 10.6879 17.0019 12.248 8.3648 28.4638 23.8922 20.5182 21.3608 27.5473 14.6478 1.0882 
27.1975 4.5334 26.9698 21.422 25.25 27.019 20.9824 22.3992 29.8766 20.8993 13.8857 37.5621 17.2938 30.5017 24.775 
22.3185 22.9266 31.4311 18.7331 8.1051 15.2333 13.6367 15.2526 26.3503 23.9358 18.9782 15.7934 28.447 7.3221 5.441 
10.4217 28.0884 22.1805 16.0949 8.8823 3.9659 8.1569 24.2187 21.7652 16.4037 18.0384 8.8289 22.029 7.0898 16.5465 
20.5262 17.9566 28.9485 22.1526 7.2105 17.4316 9.336 7.2038 31.3131 22.9945 19.7033 21.0013 26.2794 13.9959 2.2674 
6.9363 24.362 12.9169 13.0723 12.0402 5.4172 11.1137 25.5899 13.368 17.058 15.7592 10.1157 18.8447 13.7102 25.1383 
3.2711 22.1256 7.0749 6.8634 13.7062 8.7212 11.6782 29.2471 7.0479 8.6764 11.3959 15.2727 10.3676 18.8495 27.8353 
8.1914 23.4668 15.5739 11.554 7.835 1.0554 8.5498 20.9329 16.4509 17.3277 16.6512 10.5893 19.0249 11.2995 19.4602 
20.7499 24.5719 32.5735 26.6964 12.9949 18.9298 14.2503 5.1086 30.3007 31.236 22.172 26.7972 29.6271 16.3066 2.4421 
6.6385 21.5326 15.4602 9.8861 5.3488 3.7943 4.209 18.1514 13.9093 14.1801 13.4699 13.9027 13.8825 11.5403 14.5341 
12.2923 26.6756 20.5341 20.6775 11.5782 6.0072 11.7472 29.2286 19.06 19.4821 21.0461 5.3084 24.1968 7.3814 20.5456 
30.5996 24.6818 38.5014 29.1247 16.0802 30.1829 21.1073 4.5541 33.747 32.4813 27.7498 28.9376 31.4866 25.04 10.6593 
9.6503 23.1031 2.024 9.3765 24.123 15.6215 17.1174 37.6685 1.6373 6.8578 13.6525 21.8513 9.5787 29.3594 29.1054 
13.5215 15.9434 22.2327 11.6834 3.7447 11.7587 3.691 12.4135 19.5385 18.3011 12.4981 20.1352 14.7418 14.8841 8.5975 
6.6594 24.7581 6.7639 9.6856 16.2641 9.9773 17.4387 29.7311 6.2284 9.14 16.2142 17.6858 14.3917 23.887 24.3274 
13.167 22.4391 22.9162 15.4564 3.757 6.3133 5.7983 16.5375 21.7214 17.4409 14.9496 11.7824 19.0058 8.6347 11.0413 
11.1687 30.4563 23.3233 18.4885 9.577 5.5846 11.8271 24.4463 21.1614 18.3952 17.4579 7.1799 22.553 4.9658 14.8353 
26.71 13.7036 37.4172 24.556 15.6884 27.2966 18.0761 9.717 33.1586 26.5494 19.0447 33.977 24.4516 23.7917 15.9391 
8.8862 12.225 10.6255 4.748 16.8914 14.0193 11.3926 27.4532 12.6639 4.1822 3.865 30.2354 1.8395 24.4472 26.0861 
28.0742 20.8772 30.7714 23.1391 14.4501 22.3129 14.9676 2.0882 37.5893 26.2784 22.6637 29.8446 30.6742 19.3673 6.3825 
19.5829 6.4131 19.3355 11.2352 19.6327 22.1001 20.4723 28.1522 15.5331 11.257 8.7372 35.1033 9.25 31.4254 25.6465 
30.9859 27.7587 37.625 28.8432 17.3901 20.3771 19.9085 8.8571 34.9786 27.3515 29.1893 23.8303 29.3112 16.6875 6.5594 
29.1848 7.1076 32.084 21.2199 28.6641 26.4429 19.8379 22.7729 24.9061 19.0486 14.657 41.7854 20.5295 30.7855 23.997 
16.5803 5.822 21.035 10.8378 14.2291 18.3052 9.3261 16.0815 18.7048 13.381 4.9904 27.4951 10.6407 20.4635 19.5423 
20.7742 29.5683 35.8897 27.1668 13.4523 19.2652 16.4676 13.0072 34.3322 27.1908 23.0149 17.271 33.0864 8.6829 6.6743 
21.5731 35.7199 31.3331 26.5151 20.6205 16.2937 18.0688 30.9418 29.4777 31.3228 27.7726 6.3141 28.6976 7.6793 19.516 
8.224 10.4601 16.0288 5.1597 8.921 12.5286 4.8057 17.4991 13.9131 9.7841 4.7399 24.7521 8.0304 18.8244 17.7118 
13.3947 29.6589 24.9153 23.1277 13.9207 10.2318 15.39 27.3007 20.8882 20.0831 25.1736 1.6785 27.1987 8.8582 21.1338 
16.0902 5.7055 16.4964 10.4204 19.9928 19.368 13.446 22.3584 18.1972 11.7678 4.1696 30.5756 7.3231 27.3091 24.0771 
10.7781 10.5932 16.4896 4.6056 12.5156 13.635 8.0357 17.5914 15.4301 7.5813 2.5568 24.851 6.7842 20.1971 18.7483 
13.4639 3.7771 18.0479 9.7913 14.6997 19.6143 12.0732 20.3356 21.4187 12.5285 4.3698 25.7293 9.9925 27.2485 17.0909 
20.0361 16.5838 27.7582 17.6194 9.9331 15.3179 11.2944 6.5042 28.3087 21.9892 19.5644 28.0052 20.0062 16.3027 3.4027 
8.0163 12.3606 11.08 1.9146 15.0914 14.3512 8.4793 27.2966 12.2875 5.0776 3.3645 22.7589 3.539 22.8112 22.3151 
11.9964 15.3781 7.0984 9.4561 20.3434 16.1713 18.9396 28.2632 8.0265 4.8878 11.1819 30.6915 4.6753 25.2499 30.495 
13.5594 27.9945 20.6029 20.2792 15.6129 9.565 14.9211 30.3696 23.7963 22.1248 24.9595 1.8629 22.2472 10.9959 20.7694 
12.1323 8.952 20.7374 9.4963 9.449 12.7096 6.0872 15.4808 20.5671 11.8391 5.5308 23.2069 9.8762 17.7745 16.696 
7.6542 30.329 14.9069 16.3395 17.3763 7.9653 15.8653 28.664 11.4695 17.1398 20.8859 12.28 19.0215 18.1989 22.384 
21.7974 11.495 31.7956 17.0871 14.4098 19.7472 13.0404 7.5945 26.7386 22.3559 15.9542 33.0241 16.9114 19.0378 10.7023 
21.0588 3.7066 23.4831 14.1323 19.6789 23.7694 14.0807 17.7333 27.7004 17.1007 9.5224 32.4904 14.7634 31.8102 20.7796 
18.297 38.3854 30.8488 27.2362 18.0264 14.9838 19.402 32.6518 23.5706 27.2418 29.9863 3.8137 29.876 7.1811 24.4309 
25.0088 10.4349 27.8675 19.3521 17.5429 25.1071 18.0267 8.6469 30.2199 23.7491 17.8691 30.1949 20.8394 25.4307 14.9511 
24.3306 26.6876 29.5941 21.7086 9.6065 16.6323 13.2224 10.1057 33.0883 24.917 24.6708 24.0869 27.3892 11.3556 2.5316 
23.9685 27.6715 26.7137 25.8542 11.7639 12.702 15.8566 17.9241 32.7887 24.3193 25.8475 11.6986 32.0016 4.2328 13.2057 
12.299 28.6526 20.0363 16.5966 8.4757 7.6401 11.6101 19.8122 22.9571 23.8595 20.6322 6.9533 25.6192 3.4516 16.1967 
14.3225 31.9643 19.9856 22.7034 17.128 10.5194 15.1236 27.1804 19.2913 20.6235 21.2889 2.7193 26.3512 10.9165 26.8008 
12.75 12.4729 17.4792 8.7454 7.8411 11.4287 4.6463 17.0233 19.7966 11.686 6.5065 24.3465 10.7506 17.0214 15.5142 
20.9739 2.359 22.5147 13.6755 18.6137 22.7562 15.908 19.9343 21.1623 13.7459 10.7423 36.0687 12.9858 34.0299 26.7172 
16.5147 3.3305 21.669 11.5506 15.4882 20.6908 14.2726 17.4904 22.5534 15.7305 6.4787 31.1694 12.8492 24.3919 21.237 
2.5665 20.352 12.0776 7.5893 10.2914 4.5637 8.0391 26.9163 10.3312 9.2442 12.5619 14.0771 11.7225 16.1391 21.3328 
15.48 12.8212 23.8408 13.2326 7.7178 15.4213 7.6251 12.5243 19.5572 14.7475 11.6879 21.4607 16.5739 16.412 11.4891 
4.562 19.3299 15.018 9.1121 7.5273 2.3482 7.0062 25.6779 15.3653 12.7097 12.4555 13.7906 14.6313 14.26 19.5688 
19.2425 0.8198 26.0817 12.4894 18.7809 24.88 14.8775 21.0453 24.4236 17.438 9.0148 37.7386 13.1278 30.2231 20.7766 
22.5167 16.4486 29.6221 17.7658 10.2911 21.4385 11.0836 7.2651 25.5279 22.7549 14.2024 25.4368 21.4264 20.1473 8.4163 
28.1748 22.185 42.3718 29.9777 16.8295 24.0901 18.4035 3.7363 36.3503 32.4289 25.9364 33.4205 29.7699 22.5338 7.5154 
9.961 14.2998 21.3421 9.4773 3.1206 7.7443 0.9427 16.2558 18.1641 14.3709 10.6873 18.3732 15.1642 14.4197 12.0264 
19.798 29.595 25.4267 23.973 10.0819 13.4299 13.3659 16.8511 31.2523 25.0897 22.864 11.6057 23.4375 2.3128 10.2983 
12.9802 28.8214 26.4641 20.7548 9.9948 6.5905 11.4881 24.9036 23.5006 21.6559 23.5118 8.4681 21.8051 3.8226 16.9284 
22.4045 17.5213 35.861 22.5322 10.6852 20.1896 13.919 3.2643 29.5272 25.0963 21.8795 28.0148 21.9679 18.4847 5.3227 
11.4949 9.0299 15.2737 4.4961 12.209 15.1967 9.5487 19.2698 15.3202 7.7909 0.7336 28.2909 4.8486 24.7392 21.214 
1.5104 18.9143 12.3328 7.5113 13.035 4.675 9.2378 29.6788 11.7312 8.6903 11.1573 14.3201 12.0537 17.9038 23.4585 
13.034 16.4905 21.7704 10.8592 2.3311 8.6143 2.6614 16.6961 18.7553 14.5184 12.5262 19.3365 16.8566 12.1589 9.3788 
13.5987 14.0628 19.9877 10.7533 4.2237 11.1112 2.9461 16.1285 21.3547 14.9077 11.6632 23.2497 13.0975 14.7531 10.9687 
23.5482 34.7605 33.1758 28.1449 11.8016 15.5065 14.6087 20.4389 31.2197 27.6237 27.7395 10.4311 31.0501 3.8073 14.5295 
12.6363 21.7262 7.0631 12.1126 23.0528 21.4346 20.5373 37.361 6.6002 7.7172 12.2129 28.1796 7.5744 31.7024 28.0332 
14.8902 23.2096 6.6759 12.766 24.9508 19.4599 23.079 39.6962 6.2046 7.0191 14.4504 31.4588 9.6586 27.467 30.3226 
13.2987 23.3246 24.8081 16.5759 5.3446 7.7284 8.6171 20.8049 26.0754 20.374 17.0297 12.9277 18.6031 5.2755 12.5783 
12.2966 28.8387 24.0332 19.59 9.0203 7.4424 10.197 19.1346 25.7268 21.9227 18.049 9.6228 24.4405 4.1949 16.1207 
22.4051 1.5943 21.3415 16.1494 20.359 24.6042 16.616 20.9421 23.013 18.2272 8.9213 33.9721 14.4153 32.4934 26.3618 
18.2417 3.2977 19.0323 9.7083 16.2023 18.1282 14.1711 21.9195 21.3137 14.1586 5.208 28.3265 9.1859 29.6022 18.6426 
6.5792 14.1076 6.9012 2.8738 17.4792 12.9035 13.3711 31.4818 8.2523 1.6589 7.1148 19.6162 4.2237 26.2468 25.6191 
17.2075 21.487 28.3109 16.8239 6.1742 12.3845 8.6463 10.3606 29.4628 23.3624 16.8321 20.4049 23.7098 10.9356 3.6544 
24.8407 16.0459 37.7065 21.5257 14.3492 25.0166 14.4488 2.939 29.7179 29.5522 22.2438 32.8441 27.0717 24.3528 9.2171 
4.6864 18.1644 13.3334 6.8285 8.6442 4.7229 5.0785 22.6195 12.4771 10.9161 11.1045 14.7369 10.8274 15.9282 17.8067 
9.1811 12.7956 9.1543 3.9251 16.6062 14.2659 12.3906 29.21 7.5728 2.1188 5.9984 26.2392 1.3786 22.3507 28.5419 
19.3907 23.9498 28.9866 20.5745 4.7704 11.2566 9.3816 12.7902 29.0433 22.834 18.8379 16.1957 20.5787 8.5352 4.1772 
24.1503 12.3626 28.5314 16.9603 12.5878 17.748 11.5969 7.9886 31.0645 24.6478 13.4093 29.5552 19.0549 20.9353 10.5879 
7.5777 25.1066 8.921 13.1339 14.8506 7.8936 13.8532 28.7793 10.9354 13.8345 19.6143 14.5068 15.129 18.9443 23.1324 
16.5493 13.5797 22.761 14.8529 7.3509 14.8546 7.2951 10.5047 24.1887 18.3973 12.6654 20.5314 16.9688 17.0125 9.1431 
12.2482 5.7873 19.3084 8.0843 13.1259 17.9193 11.2212 19.5033 16.7409 10.7456 3.4852 28.4081 9.9334 21.4934 18.392 
7.7655 13.6189 8.6711 3.272 18.5747 14.9528 11.8021 24.7628 9.9382 2.567 5.8786 25.6218 1.361 22.1525 21.4996 
27.3783 29.9031 35.3554 28.453 14.8802 24.1194 17.975 7.1931 38.6967 31.7034 28.2687 26.1474 28.9352 15.3183 6.5983 
13.8703 15.6954 22.8762 12.175 2.2364 9.6259 3.6417 13.5608 19.728 15.8911 12.3698 16.2792 16.7441 13.5304 10.3576 
28.2319 22.7766 37.2934 30.4575 14.1049 23.0711 17.9657 6.2704 40.714 30.5949 26.5578 29.9093 27.1051 19.3262 6.3123 
EOF