I 150
J 15
bounds (0, 100)
cv 1.0
D 25
k 5
t 3
FLR 0.4
FCR 2
abounds (80, 120)

a 
98.0 122.0 127.0 
108.0 104.0 111.0 
106.0 120.0 114.0 
110.0 108.0 111.0 
108.0 113.0 130.0 
126.0 109.0 102.0 
105.0 118.0 116.0 
114.0 108.0 120.0 
100.0 114.0 115.0 
107.0 123.0 90.0 
97.0 116.0 109.0 
118.0 105.0 91.0 
121.0 111.0 120.0 
119.0 109.0 94.0 
120.0 99.0 112.0 
105.0 101.0 104.0 
131.0 125.0 101.0 
112.0 110.0 104.0 
129.0 113.0 108.0 
122.0 122.0 103.0 
98.0 108.0 108.0 
111.0 98.0 112.0 
109.0 105.0 110.0 
89.0 103.0 107.0 
118.0 124.0 114.0 
105.0 101.0 104.0 
112.0 114.0 120.0 
99.0 98.0 111.0 
90.0 112.0 108.0 
111.0 111.0 122.0 
110.0 120.0 102.0 
114.0 115.0 77.0 
120.0 102.0 118.0 
128.0 109.0 122.0 
99.0 110.0 105.0 
118.0 140.0 105.0 
133.0 107.0 125.0 
112.0 104.0 88.0 
105.0 103.0 115.0 
112.0 113.0 124.0 
121.0 101.0 102.0 
103.0 95.0 85.0 
111.0 125.0 115.0 
108.0 127.0 108.0 
104.0 101.0 114.0 
103.0 116.0 101.0 
104.0 104.0 107.0 
110.0 102.0 107.0 
115.0 86.0 110.0 
98.0 114.0 103.0 
101.0 113.0 119.0 
102.0 109.0 114.0 
119.0 106.0 108.0 
119.0 102.0 110.0 
117.0 119.0 120.0 
111.0 110.0 107.0 
120.0 120.0 109.0 
121.0 111.0 111.0 
125.0 106.0 114.0 
127.0 104.0 119.0 
127.0 90.0 113.0 
116.0 110.0 131.0 
108.0 114.0 143.0 
113.0 127.0 105.0 
92.0 111.0 133.0 
102.0 100.0 116.0 
148.0 109.0 115.0 
111.0 117.0 126.0 
109.0 109.0 107.0 
111.0 99.0 105.0 
138.0 118.0 106.0 
107.0 117.0 118.0 
116.0 126.0 135.0 
102.0 104.0 113.0 
107.0 131.0 102.0 
117.0 128.0 113.0 
120.0 106.0 85.0 
111.0 114.0 112.0 
134.0 128.0 86.0 
110.0 117.0 104.0 
111.0 94.0 113.0 
109.0 117.0 116.0 
108.0 120.0 110.0 
114.0 98.0 95.0 
97.0 104.0 111.0 
127.0 119.0 102.0 
101.0 117.0 120.0 
94.0 126.0 122.0 
112.0 117.0 109.0 
116.0 122.0 104.0 
109.0 102.0 122.0 
105.0 110.0 100.0 
112.0 121.0 102.0 
119.0 122.0 96.0 
108.0 138.0 124.0 
140.0 123.0 133.0 
115.0 116.0 109.0 
102.0 114.0 108.0 
104.0 101.0 120.0 
112.0 111.0 97.0 
115.0 105.0 106.0 
99.0 103.0 109.0 
96.0 113.0 119.0 
122.0 105.0 107.0 
123.0 101.0 93.0 
99.0 108.0 105.0 
101.0 109.0 115.0 
112.0 118.0 100.0 
127.0 109.0 110.0 
119.0 100.0 115.0 
97.0 122.0 112.0 
103.0 97.0 123.0 
115.0 100.0 111.0 
109.0 101.0 117.0 
112.0 119.0 115.0 
97.0 133.0 110.0 
110.0 100.0 115.0 
105.0 120.0 102.0 
123.0 110.0 109.0 
106.0 132.0 115.0 
121.0 107.0 123.0 
112.0 113.0 109.0 
91.0 115.0 121.0 
113.0 113.0 116.0 
114.0 127.0 116.0 
125.0 101.0 109.0 
110.0 106.0 106.0 
123.0 114.0 110.0 
124.0 112.0 103.0 
105.0 103.0 116.0 
96.0 107.0 95.0 
112.0 105.0 117.0 
114.0 113.0 125.0 
114.0 108.0 118.0 
110.0 113.0 107.0 
123.0 107.0 112.0 
112.0 83.0 121.0 
133.0 124.0 104.0 
105.0 105.0 146.0 
118.0 104.0 106.0 
93.0 118.0 108.0 
113.0 105.0 103.0 
119.0 98.0 108.0 
111.0 120.0 126.0 
133.0 123.0 102.0 
102.0 120.0 118.0 
114.0 101.0 107.0 
133.0 120.0 118.0 
92.0 114.0 108.0 
92.0 116.0 117.0 

Icoords
91.1632 76.7104
55.1547 69.2481
84.4803 48.1116
29.4538 12.6566
42.718 23.8081
68.7821 11.631
99.9238 4.9804
61.9752 57.2356
22.1893 26.1767
30.9668 52.1868
92.7547 44.8706
50.478 29.548
36.6962 58.6783
82.6205 5.6874
29.9678 36.1634
67.7504 90.8461
46.8334 80.834
44.9336 13.6159
16.9375 67.0265
91.7908 27.9973
20.8144 93.1005
15.0724 97.0105
33.3462 59.694
20.3045 44.6919
27.5363 65.8524
13.5128 13.2405
10.4056 9.1948
95.7478 54.7439
39.5587 62.6904
35.8076 34.572
98.6565 25.7207
50.7735 84.655
23.579 24.0583
52.5525 29.1658
0.9956 64.5625
91.6797 59.2434
75.7397 46.5049
70.6703 87.1452
50.2519 40.6132
70.3622 50.9373
56.4687 60.2066
38.3958 36.3461
36.1071 30.2252
2.1463 74.8758
65.2798 81.9588
95.9686 10.0433
60.8904 14.0196
5.6039 88.748
17.5554 7.4248
92.7108 14.2347
75.4461 86.2584
75.7835 26.7296
85.2855 53.5361
91.4509 91.2648
33.4894 49.5317
86.0489 1.6451
27.0912 51.5254
41.0637 13.532
54.1191 75.4611
5.7625 45.8631
18.8223 3.4848
66.4635 57.2871
58.9557 70.2546
85.6828 87.431
59.0897 87.48
66.6985 94.1085
94.1537 66.9249
56.9074 86.597
22.4849 84.7185
70.8406 62.9519
21.147 29.8098
26.8087 27.9814
52.9026 53.542
61.3618 30.6838
80.1951 55.0196
73.7394 68.0189
49.3975 18.666
93.0554 99.6519
16.424 45.5781
41.6368 37.9237
64.1214 21.7824
57.4017 3.9177
99.0268 76.5662
91.747 7.5015
93.7394 54.5783
6.8842 20.3347
84.0996 48.5745
28.8943 25.9173
30.3205 33.6905
34.3825 72.7766
25.331 35.1959
59.284 19.3563
28.1648 4.0302
42.5122 13.1104
44.8186 95.5524
79.5219 14.3969
53.4745 12.2649
76.2558 42.7772
8.9919 86.8516
92.6994 83.3655
66.2944 97.4976
87.6863 89.2555
58.7806 22.6466
51.9558 59.823
67.8793 62.1931
62.4981 29.6268
74.3066 92.1134
74.5376 28.7998
12.6795 39.6193
88.2365 81.9101
57.6804 85.7825
78.6276 72.6675
25.079 99.0658
91.2637 58.234
6.1379 87.8879
40.2644 23.9138
52.8764 53.6558
98.1926 45.9198
54.0226 12.8623
67.0777 6.1261
22.1961 92.7606
61.9229 58.5739
73.7605 95.4077
24.5172 84.5727
64.3524 49.9129
6.8171 36.7265
31.5686 42.6683
26.9179 85.9383
85.9831 31.7872
59.1879 70.4753
40.5354 79.151
44.4288 43.5393
42.9908 63.3765
60.2438 48.017
1.8918 41.1045
63.637 64.2577
2.9816 37.4575
7.6832 90.7365
70.6287 15.9395
46.0797 4.5121
11.1619 58.0006
43.0456 96.3578
57.7412 94.4554
4.7442 46.8386
80.1967 70.9131
42.3172 77.8717
78.614 39.5437
55.9302 41.4547
67.755 81.5872
37.6613 77.2896

Jcoords
55.6866 64.3708
24.5707 14.3424
91.7432 46.8384
30.9424 47.1548
81.5804 1.5886
80.2361 47.7419
90.5947 4.8643
64.8262 9.0062
84.9292 62.2514
19.4962 42.4107
60.2705 93.1951
42.3332 32.8883
67.6656 66.5999
61.311 46.4221
68.9583 94.9005

C
11.6478 31.9059 10.2898 24.3376 29.3228 9.3161 27.6544 25.1066 5.7204 25.5836 12.3396 20.3065 8.6973 13.5023 10.4369 
1.4866 19.9483 13.7299 11.4065 28.125 10.4041 26.8251 20.3479 11.494 17.7848 7.3609 13.4169 4.6958 8.0547 10.8424 
10.608 25.8581 2.4046 18.2165 14.3149 1.3446 15.4705 14.0272 5.6489 21.1814 17.1326 13.5736 9.8689 8.0053 16.6819 
19.2518 2.0627 23.9658 10.4212 19.7381 20.6713 21.7204 11.2122 29.5639 10.3886 29.483 8.6891 19.9905 17.4314 36.0031 
12.9715 6.6213 18.7845 8.2236 16.5187 14.7079 16.2497 10.6397 18.8865 11.0328 26.0811 3.0237 15.7168 10.6419 28.6905 
20.0791 14.0901 15.052 16.8629 5.3261 13.2253 8.5072 1.5596 16.3545 19.3498 31.8925 13.0878 20.81 12.2338 28.9529 
26.6524 27.3281 14.2493 24.66 7.1465 16.3401 3.3793 13.6047 20.4541 33.3021 34.0541 19.8133 21.0118 18.2955 29.4247 
3.3145 17.91 9.4658 10.1705 19.4699 8.2284 23.21 18.3592 7.3165 16.6109 10.9044 12.4473 3.5152 3.6109 12.6221 
17.8976 4.4616 23.4144 7.3103 22.1251 18.7937 22.2111 18.11 27.0381 5.2889 30.062 7.8497 18.7829 16.3821 29.5687 
10.1308 13.6291 19.066 1.5383 23.9966 19.392 28.3944 16.5003 18.4495 5.81 19.9896 8.3451 14.466 9.3155 20.8652 
13.3444 23.4428 0.8244 22.0202 14.4653 4.512 15.5731 15.496 6.4446 25.0465 18.2719 16.1333 12.6722 12.0922 17.5455 
12.6722 10.3217 17.4133 10.1961 15.1856 12.9507 15.1434 8.4115 15.685 13.0124 21.9268 2.8452 15.1369 7.3572 21.6785 
6.6851 17.5721 18.2938 4.3509 28.0826 14.5002 23.4586 19.1289 17.0971 9.4295 13.685 10.2613 11.5623 8.8651 18.7721 
21.2045 22.7958 13.7536 22.0044 1.3764 14.6332 3.0102 6.1164 20.6347 22.0548 30.0845 17.6941 20.7169 15.7407 32.3558 
12.8717 8.9644 23.2207 3.4141 20.8547 18.5859 21.1784 17.3263 20.0037 3.741 25.4971 4.6613 18.0432 12.4431 21.6577 
9.8746 28.0411 19.4177 20.8922 35.9845 17.5196 33.7266 25.5995 11.2817 23.2253 2.9487 23.0931 8.0183 17.2596 1.6749 
6.2265 21.9544 22.1079 11.9391 28.0612 15.1026 27.2837 22.8731 16.4163 18.3059 5.6599 15.6364 9.7517 14.1718 10.0939 
20.3324 7.1744 18.0067 13.5767 15.3894 17.5092 14.5149 7.202 21.4975 13.4552 25.5612 6.1511 20.7095 13.8748 26.3097 
15.1554 20.2822 27.3046 9.6077 28.5238 21.5321 35.459 23.3742 24.5032 7.479 17.181 15.7769 17.8468 16.7809 22.1967 
16.8509 25.7087 6.5247 25.4087 11.0679 8.7436 9.2447 13.1034 13.8166 23.7223 23.7022 18.2544 14.9037 13.6694 21.7519 
16.582 29.8832 33.7967 16.1848 36.5799 24.3104 35.8069 31.4359 22.6116 18.7108 12.0973 19.9051 18.5864 23.4642 17.7052 
18.4501 30.4057 34.901 19.1232 43.9197 27.5549 46.7389 40.1954 24.6486 19.4574 15.5264 23.7945 21.8769 26.5852 20.557 
7.1167 14.0842 23.6191 4.7406 29.4138 17.212 28.22 23.4733 19.8012 7.7075 14.5185 9.7256 10.7087 10.7226 17.0613 
15.5346 9.7675 27.7379 3.9168 27.0827 23.8237 30.0699 22.4639 26.5059 0.8819 21.7265 7.8724 20.44 16.4172 21.331 
10.5005 15.9378 24.1335 7.5793 32.2017 19.4926 30.8533 24.7467 21.3289 7.8287 15.2181 14.4495 13.9634 15.1145 15.7089 
23.2242 3.436 33.5707 11.7253 24.9229 27.2519 29.6574 19.9927 34.1961 10.9432 30.4915 10.7188 29.1175 20.9007 33.372 
25.7887 5.7754 33.3588 16.5904 24.3301 29.0259 32.0661 20.6527 35.1744 10.8616 30.0678 15.4502 26.3836 24.4567 39.3911 
15.3312 28.8992 3.473 24.3768 20.233 5.155 18.9699 18.197 4.3205 24.0842 17.4584 19.7898 12.1137 12.917 16.4175 
6.1731 15.322 17.5125 6.3616 28.9806 13.8895 26.0148 23.5553 16.8015 8.6236 14.4905 11.703 10.1364 9.3712 13.4275 
11.9463 9.0782 22.591 4.2549 20.2656 18.1233 19.0584 15.0326 17.8679 7.0217 22.2519 2.2091 14.4874 10.6301 25.9927 
17.5696 25.2822 7.7172 22.508 9.058 10.1862 6.9227 14.2031 15.0869 28.8168 28.257 18.0325 17.1183 13.4289 28.7438 
7.2672 27.9285 20.0662 13.8886 29.1566 17.6213 27.5107 30.6541 14.6235 18.4233 4.9019 18.6094 8.6612 15.6691 7.5767 
17.5069 2.9983 22.7828 8.5841 20.595 22.156 23.5342 15.337 23.5519 6.6462 24.1149 6.5006 21.5776 14.7594 27.0563 
13.0632 9.715 15.9583 10.606 14.1778 10.2183 17.7678 9.1151 13.9615 11.5344 23.8236 3.5522 12.119 6.5022 25.908 
19.2732 19.0734 33.5638 13.5957 37.718 26.5295 42.6786 33.6795 26.1132 10.9644 22.6449 18.1542 24.0524 20.9801 25.2306 
11.3469 24.4092 4.2116 19.5632 21.7625 5.4904 21.1359 18.1715 2.7278 25.6752 16.3501 21.6557 9.9006 12.7836 16.6334 
9.4377 20.4037 5.468 16.1556 15.5224 1.7143 15.7347 14.0909 6.3228 17.1207 19.64 13.4488 7.6685 4.3474 16.2145 
10.3621 34.2702 14.6774 20.31 29.963 13.993 26.6422 27.7541 9.3925 24.3266 4.7597 19.4039 6.4908 12.5814 2.4565 
8.6469 14.438 15.0705 7.5189 16.1492 12.1061 17.3028 11.4893 15.099 9.2609 18.2155 4.3553 12.4282 4.5708 19.006 
6.7406 19.1211 8.6102 13.5356 18.32 4.1274 19.3026 13.5302 5.6385 19.5111 14.0201 12.8683 6.3429 4.0389 14.1062 
1.2864 18.1285 14.6326 10.7138 23.5887 9.8655 25.3961 19.3453 10.6631 14.1521 11.888 10.6672 5.0594 5.3897 13.3519 
12.8162 9.68 18.4584 4.6255 21.9632 16.5782 19.3479 13.8227 17.98 6.3179 23.1771 1.8032 14.4387 9.7026 24.1943 
15.5594 7.222 21.9712 6.218 20.9475 17.2299 18.2225 11.205 19.1282 7.3567 24.2539 2.1304 15.3716 10.1833 22.2916 
17.0503 19.9276 28.7465 13.0025 38.7026 27.4463 39.7183 29.0782 30.9336 12.9278 20.4158 18.5926 23.9923 21.829 22.5915 
7.7893 29.155 13.2891 17.1609 29.1697 11.9497 24.5868 24.1915 8.5659 22.3122 4.2345 18.1526 5.3064 14.2852 4.7521 
20.6278 25.4565 13.137 28.5558 5.402 12.9289 2.4338 10.021 21.0568 30.866 34.287 20.3343 22.8308 19.3293 31.7649 
20.1668 12.4218 17.2294 15.6412 8.1029 14.9056 12.0168 2.2487 20.57 19.6413 27.3876 9.7444 20.6865 12.1455 27.6197 
20.4866 28.7022 33.5948 15.6728 44.1804 27.7266 41.6758 30.891 28.2263 14.9721 17.8747 22.5162 23.8409 21.7374 23.5132 
26.8172 3.2601 28.0753 15.1097 21.653 24.214 22.6488 15.4142 27.275 12.5757 32.5974 13.0179 27.2637 23.3685 39.2754 
21.6704 21.6822 12.1502 25.2886 5.2174 12.3637 3.489 10.0233 18.9368 28.2652 30.9959 20.3009 22.2027 15.4954 33.2492 
9.2826 34.215 14.7504 22.761 32.9889 13.2741 28.0995 27.7838 9.7131 23.6569 6.3489 20.3121 6.8902 13.1628 3.6882 
16.6414 19.9377 9.2857 15.9204 8.7697 7.2534 9.1826 6.397 12.7501 22.7179 22.9463 11.2003 16.1817 8.7319 23.7599 
9.5378 23.7323 2.8721 19.8676 19.3423 3.0596 18.5707 16.8725 2.9195 23.3999 15.9892 16.4942 7.2954 9.9556 17.3834 
13.6839 39.5698 16.1405 24.276 30.3402 15.0609 33.5164 34.3765 9.4208 30.1533 12.2024 29.006 11.8968 19.4239 8.8609 
8.125 12.5532 18.6261 1.3385 20.8744 14.605 21.9891 18.4318 16.0875 6.2348 17.5897 5.967 11.9646 8.9275 18.1459 
22.5928 21.0926 17.7146 24.6283 1.5529 17.5254 2.139 6.8041 18.8942 25.5521 32.4706 18.1348 20.5286 16.6769 36.141 
9.4859 14.4564 19.6799 1.941 23.474 16.8097 28.3455 20.3917 18.3061 4.232 17.1249 8.364 14.8984 12.656 23.9331 
16.0287 5.7911 20.7889 13.6239 13.0481 17.693 16.1511 7.6899 20.9718 14.0678 26.2718 6.6554 22.7416 11.722 31.078 
4.0938 21.2078 18.4841 11.9338 27.7653 12.507 26.9618 24.8785 10.8613 15.2546 6.9658 16.4902 6.2871 9.1125 9.6479 
16.8145 13.1993 32.1502 8.8296 33.1264 27.6012 37.1415 23.7753 31.6105 5.1858 26.3422 13.0537 25.4869 19.9318 25.2608 
26.9901 4.4571 32.2882 14.208 23.7773 27.4712 23.5098 18.1954 27.3315 13.8675 37.8688 13.8128 29.1137 19.7347 36.4811 
4.9664 20.6439 10.3288 12.3668 17.897 5.8113 19.6157 14.5602 6.5032 19.6822 12.327 13.6611 3.3213 4.5309 14.6072 
2.3437 25.2055 15.7214 13.9281 22.0001 11.3909 22.8896 19.5293 10.461 17.6274 7.7965 15.0091 3.5827 7.5606 8.1365 
13.3863 34.6597 13.3183 25.9475 34.0496 12.6473 28.2298 30.3423 8.0485 29.7054 9.4407 21.4309 9.1274 16.8397 6.7589 
7.4093 25.7423 16.9958 15.1662 34.4228 14.5756 34.2447 29.9311 13.5316 22.2146 1.99 19.2103 7.9095 15.8139 4.8512 
11.4287 32.5919 20.3388 19.2399 34.6724 18.8476 30.4326 32.6276 11.584 25.2508 2.1938 22.2842 10.713 18.8888 0.818 
12.8223 29.9589 7.6168 26.2804 21.9632 8.2025 22.3226 23.0923 3.2605 24.8075 15.1646 23.6711 9.1762 13.0554 13.4783 
7.9356 25.3868 16.2706 15.7673 31.8217 17.036 27.3165 24.0767 14.31 19.7949 2.5565 19.4945 6.9348 13.519 5.2494 
13.5592 24.9593 31.3947 14.7971 35.4431 23.3428 34.6983 29.9886 21.1765 14.4502 11.8033 19.5307 17.2467 19.5127 14.796 
4.764 22.9383 10.3934 16.212 22.9873 6.6202 23.6768 16.8376 4.9893 20.1738 12.6354 13.6845 1.8697 6.4204 12.5008 
17.854 5.8615 22.803 6.6831 26.5659 21.0012 27.2219 19.2215 28.0796 4.7772 27.9178 7.1655 20.3369 13.4738 27.9118 
15.6927 4.3593 26.0799 6.0823 21.8208 20.9345 25.7678 16.2864 22.7312 6.0209 24.562 6.2912 18.9349 11.8968 24.4458 
3.8541 15.6272 13.7597 7.9726 19.1143 10.4978 19.9962 17.6533 13.0004 13.8736 15.1083 7.8535 7.5901 4.0237 15.4437 
12.9541 12.3388 12.0777 13.747 10.6362 9.8658 12.6096 8.1598 14.056 13.0996 23.1264 5.8885 12.7117 5.905 24.5919 
10.4036 24.0223 4.6972 17.8708 16.3607 2.3187 19.8332 19.1672 3.1506 21.5866 13.2201 15.4942 5.8964 7.3888 15.0943 
6.1902 22.9514 9.015 15.093 21.9805 8.287 24.2374 22.4046 4.3406 21.8762 10.7044 14.2404 1.9567 9.1622 10.2443 
14.4173 7.86 17.9539 10.5295 13.1997 15.5974 14.5419 5.5556 20.5533 14.8491 24.147 4.8625 20.2931 11.7104 24.8311 
19.303 33.607 17.4814 27.6509 36.0373 20.8691 30.5034 37.748 12.3086 31.8581 10.4855 29.2957 12.7994 23.39 8.1813 
13.9073 11.5952 27.2016 4.7083 24.3158 23.9114 31.9319 19.7041 24.0493 1.6437 19.4641 10.9168 21.9661 15.7177 28.0023 
11.1883 9.8184 20.3064 5.6255 18.5913 12.3388 21.2373 14.1411 16.3926 7.8864 17.8075 1.5728 11.8003 7.0702 22.6658 
15.7816 15.2124 13.3211 15.1202 10.1146 9.6369 11.348 4.5795 14.5479 17.4772 22.8853 9.452 17.1468 7.6035 23.5735 
22.8423 10.4062 21.2893 15.709 8.2564 15.3981 10.6726 3.486 20.9053 16.9472 35.1756 10.4562 24.7462 16.8772 33.6223 
13.8312 31.468 10.5656 24.2373 29.3527 10.959 27.7594 27.7375 7.7512 32.2503 15.2498 23.6173 11.1356 17.285 11.7696 
23.3395 26.3072 13.4218 27.7737 4.1258 14.1342 1.1052 10.5505 17.7877 24.4899 28.912 18.616 23.561 15.7809 32.055 
15.0726 28.7993 2.7273 25.1673 20.7246 5.6258 19.5269 20.4116 4.1569 30.0634 20.0065 18.535 9.0097 11.6031 14.8659 
22.4808 6.4948 34.8583 13.6948 26.2151 30.1317 28.5179 20.6814 33.9562 7.7926 35.4528 12.3273 29.0955 21.1246 30.3096 
11.1928 25.4627 2.7215 17.0217 14.4313 1.5125 16.9955 14.3217 5.0081 24.2649 19.8444 15.468 8.3471 9.1308 17.0874 
16.6143 4.8287 25.4161 6.4563 17.4386 17.8187 21.8724 14.3005 21.5778 7.1338 27.7266 5.9982 19.6021 12.1286 29.596 
14.2713 7.1069 22.5251 5.1125 20.1285 20.5971 20.3778 14.289 22.8327 4.6092 23.6889 3.8262 16.6403 11.6761 22.5695 
7.102 20.7442 22.6189 9.2523 32.6107 18.87 29.4801 23.4818 16.2947 11.3258 10.3959 14.264 12.5453 14.7739 15.2576 
13.0013 8.0256 23.9628 4.6592 23.3136 21.5087 27.2326 16.6006 23.3991 3.165 23.6783 6.6316 20.3833 14.1076 27.5374 
16.1214 10.7676 16.519 15.6255 8.7982 12.0449 12.3724 4.6493 14.998 15.5336 27.9948 7.3398 16.7551 8.8536 28.172 
26.2298 4.2241 28.2291 13.2364 21.0891 23.2785 24.1063 11.8836 25.5894 13.6063 36.8462 12.1747 27.8666 18.8504 39.6734 
20.89 5.4778 22.9217 11.4846 15.8569 16.1976 18.3332 8.8734 22.7529 11.3454 25.8723 6.4538 18.3355 13.0662 34.0915 
10.58 30.8671 26.8863 16.519 35.9907 19.7599 36.8047 31.8096 16.3384 18.6195 4.9096 19.9115 14.3358 19.8022 9.4831 
17.8337 19.3648 11.0761 18.0581 4.7298 10.2226 5.8356 5.2454 16.8845 22.449 29.6478 15.0139 19.8873 12.5517 28.84 
17.8884 11.3914 16.194 15.604 10.12 16.0557 14.2167 4.6272 21.2792 16.5841 24.7625 8.3964 18.8858 10.8113 30.2161 
10.3066 21.915 6.0618 17.5815 14.0251 2.1762 13.595 10.7386 7.9411 19.7244 19.6227 10.7912 8.0683 5.764 19.3895 
20.1597 24.4889 35.903 14.3523 37.6803 24.7639 41.1344 29.0653 26.0541 17.8506 16.3327 23.0704 22.4757 19.9417 19.4824 
16.5577 35.4958 12.0508 22.1428 29.4795 12.1677 25.4749 31.3517 6.9025 33.2252 12.7275 27.2322 11.3196 18.2614 9.6289 
13.7779 35.3071 21.7528 24.1264 35.9731 16.2198 30.2434 29.4628 13.1967 24.1132 2.6531 23.4981 12.0156 17.4686 1.2188 
12.3718 30.8662 15.8299 25.9097 29.7296 13.4713 26.675 33.093 9.7557 32.6123 10.3893 27.0724 10.2645 19.9299 6.1987 
14.4637 11.3566 14.8667 14.6503 11.8218 10.9088 13.0005 4.6327 16.9379 14.4637 23.8436 5.8572 17.7217 8.0791 27.7859 
1.7847 20.2481 15.6529 8.632 23.6845 10.2283 22.3783 19.8729 10.5503 13.419 12.7699 9.267 6.6914 5.6417 13.0703 
4.605 21.0914 9.5858 15.0869 19.1497 7.1112 20.2385 20.1431 6.8183 16.1152 11.9357 15.4495 1.3712 6.5876 10.9335 
12.0874 12.8971 13.3293 12.7928 11.0056 9.1424 12.4825 7.9396 12.709 16.397 21.283 7.319 13.8504 6.7332 23.023 
11.2531 31.4424 16.714 19.6199 30.2056 14.7996 33.8606 30.1461 9.7462 23.2847 5.1412 23.4287 9.541 17.7426 2.1977 
14.7825 17.8468 9.0565 17.0665 9.2306 6.6226 9.0993 7.6263 11.703 18.552 23.8698 10.2323 12.0292 7.6766 20.8095 
16.0077 8.4948 26.2472 6.2786 25.365 25.3053 30.4746 20.8737 25.0075 2.5877 26.5575 12.1085 20.2305 15.0949 28.2656 
12.2423 29.058 11.1203 25.7793 24.9528 12.7596 29.5147 28.1779 7.3181 27.0664 10.3228 25.5471 9.1187 14.0455 8.7593 
7.9501 27.2124 17.4774 16.1654 28.6367 16.5003 31.4308 25.4842 13.1483 20.9934 3.0325 21.5621 7.6966 13.8465 5.3442 
9.7556 23.9604 9.3307 19.1718 27.1684 9.0443 23.4645 25.4307 4.7393 23.1949 10.2994 19.224 4.7887 10.4046 8.3814 
17.5951 33.4918 26.1428 15.8134 41.7212 27.3944 37.923 33.962 27.2704 22.0431 11.9628 21.3171 16.1026 24.6681 15.7045 
10.8885 29.5248 4.2897 21.0056 20.1422 4.9424 17.0636 21.8091 2.4941 25.2222 14.6891 20.2512 9.2612 10.065 14.8969 
20.3754 26.7342 31.8804 18.5805 35.1673 25.3499 39.2362 32.3175 26.3817 14.921 18.9665 20.1803 21.5567 26.8618 22.5535 
13.2835 6.5036 17.6383 9.5355 17.6342 18.2464 18.2593 11.2428 22.1732 9.4474 22.2898 3.6453 16.4143 9.8455 28.8426 
3.6877 18.6458 14.4109 7.3824 18.6748 9.7523 24.5141 14.0373 12.2155 12.772 14.4568 8.8667 6.7589 4.3269 16.5655 
17.8772 29.7762 2.1596 24.4361 16.1198 5.6583 13.2356 18.1072 7.4836 29.7059 21.7392 19.267 13.2556 12.1868 20.5179 
19.0939 10.3477 19.9359 14.5627 10.8558 17.0382 13.3947 4.2558 23.2758 16.1645 29.5228 8.3222 18.4845 13.3728 29.8358 
20.208 13.4341 19.0214 16.5385 6.0055 17.0701 9.2578 1.2839 22.245 18.9207 28.8816 12.8627 18.2035 13.7629 33.3067 
15.5861 25.0112 27.6607 15.7793 40.5413 24.2762 40.9856 34.4998 22.1762 16.4578 13.6886 24.964 17.8253 22.4611 17.409 
3.0652 17.8311 10.9567 12.1506 22.5268 7.7895 22.7217 17.2593 7.6698 15.618 13.3235 12.5305 3.5548 4.3425 12.7952 
13.9066 28.75 15.9207 24.0305 30.1733 15.2681 28.3192 32.3127 13.456 22.9448 5.2275 24.162 10.462 19.8279 1.5235 
14.2111 27.3126 26.9437 13.6904 36.6787 21.1996 36.4964 34.1297 25.4588 15.5998 12.0412 21.6872 14.2563 18.906 15.5446 
6.466 20.5243 9.9998 12.8664 15.4423 5.6511 19.1856 14.4124 8.5918 16.186 16.4507 10.212 6.0021 1.8168 13.8427 
20.5328 11.2194 28.8052 8.923 30.367 25.4126 32.626 21.4864 32.1147 4.3728 30.0371 12.6423 25.8604 21.6417 27.4178 
12.1539 11.2479 21.944 1.7132 24.5872 16.6464 27.9747 17.6362 21.2925 3.7252 22.8895 5.3013 16.1415 10.8012 25.3923 
12.926 25.0649 23.1958 13.2572 35.5414 20.3913 40.6178 26.4155 22.4952 15.7813 12.3459 20.363 15.4841 18.8122 15.883 
14.5089 24.477 5.0716 17.298 10.2357 5.9031 8.708 9.6503 10.1598 26.6695 25.3912 15.0378 13.3433 10.9122 24.5919 
2.7333 22.7722 15.316 13.0508 26.1345 10.4159 27.6923 24.5921 10.3742 19.0459 7.4424 15.781 3.0826 9.3737 9.3863 
7.3722 20.5778 20.9504 12.3225 34.2764 18.8165 31.0751 29.4254 14.6257 12.7437 8.1192 16.1532 11.4908 14.2698 11.4349 
9.0311 11.7547 16.9228 4.8534 21.0978 13.0656 19.3684 12.8503 15.4276 9.0748 18.3051 3.6745 12.7054 6.616 19.5343 
4.5514 17.7987 17.1587 6.353 29.052 12.9139 28.6486 22.9619 13.853 10.9362 11.6004 10.9631 8.6922 9.9297 15.4016 
6.5039 16.3702 12.2555 10.2775 18.1341 6.994 19.2459 12.0351 10.2526 14.5482 15.7355 7.5258 6.4693 0.6214 18.5357 
17.759 13.3722 32.4213 10.9734 29.4863 25.16 38.0886 27.1427 31.3103 5.8607 25.1385 12.3885 24.6898 21.8463 30.7967 
3.1097 22.8631 11.5931 14.7407 21.0294 7.8092 22.5287 19.0883 6.8779 19.7006 9.136 14.9517 1.823 6.4968 11.8185 
21.0144 12.1551 32.7391 9.2306 33.6687 26.7398 33.7834 24.65 31.1643 5.6897 25.6413 14.4638 24.0932 22.4785 29.8217 
21.436 28.0015 32.5559 15.0571 37.4708 25.4524 46.6723 37.1876 32.5371 16.8996 17.636 25.0913 25.3971 21.2739 20.6298 
16.0769 18.3836 13.7309 15.6675 6.6631 12.0728 6.8701 3.356 18.8401 17.4808 26.65 12.4083 18.0558 9.8621 31.3861 
22.7343 7.2437 19.289 17.1451 11.7691 18.4954 16.5824 7.634 25.3108 15.2071 27.4822 10.0494 22.7634 16.606 29.5101 
13.9657 15.9894 29.2944 8.8498 32.8339 27.0738 28.9568 23.4274 25.6841 6.9085 23.9134 12.4369 20.6213 19.4087 24.7748 
10.5831 33.5609 26.0168 19.9689 37.2694 18.8343 40.9146 28.3042 18.8508 23.5276 5.478 21.5175 14.0894 21.1569 7.9262 
10.138 32.1169 17.9453 18.0328 33.8832 19.251 33.5896 29.9584 15.8553 24.3036 0.9249 20.7851 10.5064 17.3156 4.0817 
20.591 11.9607 30.4149 8.9054 29.4619 24.4989 32.8448 22.202 28.8235 6.0561 27.53 13.0667 24.2042 19.5953 31.2974 
7.6688 24.4281 9.2544 19.1944 23.4918 8.5826 22.3253 19.9779 3.8898 24.8521 9.3204 21.4484 4.8809 11.2976 10.3495 
7.1385 25.6392 19.5567 11.7657 28.1835 18.8981 28.5947 27.9008 15.7939 13.916 8.4501 16.5809 10.7887 11.3858 11.6072 
12.4227 19.7138 4.5329 15.7861 12.1788 3.1799 14.0231 12.6317 8.6547 22.7871 21.4045 13.1536 9.2991 6.1949 21.0554 
8.9951 15.9684 13.4323 8.3322 17.1179 8.4833 19.4103 12.9402 11.3515 12.3699 16.5268 4.9128 10.367 2.8692 18.2856 
6.4883 26.9321 14.0946 19.3508 28.2847 10.8689 26.8489 24.0947 8.7025 24.0616 4.5192 21.8312 4.838 13.1455 4.8244 
6.7129 20.0469 21.8905 11.6428 28.3035 18.2989 35.515 25.5299 17.718 12.5213 8.5805 15.6887 11.2819 14.7416 13.3483 
14.878 28.2928 11.0756 23.9015 28.149 9.313 22.625 27.3368 5.2134 25.4008 12.6407 19.7619 7.8711 16.2793 11.4013 
1.8148 23.7884 15.5234 12.0686 22.0453 12.5417 26.5458 19.2863 9.6283 14.0627 9.2611 14.3884 4.1715 7.9128 10.7608 
12.9392 24.7027 2.3456 18.4735 18.636 1.2887 14.3917 15.1432 5.5244 20.2094 17.4806 17.2347 9.7515 8.1749 16.6474 
18.5269 1.8432 22.1824 12.6346 16.1571 23.8747 23.0517 12.9084 22.4278 10.3886 29.8107 8.4829 20.9755 17.4686 32.9101 
17.0256 7.2046 18.5895 8.1949 16.3709 13.9781 19.1125 10.3417 19.2862 10.6252 23.8051 3.1291 17.4257 9.4152 25.5911 
18.2587 17.2483 14.0432 18.3576 6.0891 13.2291 7.1323 1.4257 19.0324 19.0128 27.0541 11.3776 17.3188 11.3585 26.1717 
26.0896 25.2855 14.7014 29.6243 6.3052 16.7167 2.9249 13.693 18.4708 33.3553 30.3208 23.6722 24.4268 21.5921 37.4609 
3.3298 18.4336 10.3991 11.0156 20.3136 7.6707 23.0608 16.3397 8.9048 16.0845 11.286 11.3869 4.1628 4.2534 12.9707 
20.1176 4.324 28.7184 7.7899 22.62 22.1004 25.5857 14.2168 26.821 5.6806 23.2094 6.4292 21.3871 14.184 30.4166 
9.0615 13.4219 23.4283 1.8201 27.1742 18.5659 25.7757 17.4002 20.3653 5.2057 16.9805 7.0797 13.2122 10.9309 20.5279 
15.3129 25.9081 0.6989 21.9707 14.2418 4.2513 14.7999 15.5733 6.2311 24.2476 18.1496 20.1239 10.8434 10.4174 20.2379 
13.3587 9.6548 17.0777 8.1027 15.6498 13.9238 14.3144 9.7546 14.6257 13.1801 22.0234 3.3716 16.0191 6.3846 25.0879 
6.5324 18.3719 18.6598 4.87 23.5801 16.5204 29.4299 19.266 16.6957 8.7666 15.3862 8.0015 11.1148 8.9119 16.8172 
19.7905 18.6111 12.8263 22.0442 1.4407 12.8725 2.716 5.6765 17.7759 24.5598 29.0007 18.8948 18.9607 14.4305 33.2854 
12.8602 7.5213 23.622 3.5101 19.1153 17.9772 23.389 16.7695 18.7018 4.4763 22.4876 4.591 15.4704 11.2031 23.7093 
10.7212 35.1305 19.5982 18.23 34.9277 17.3581 28.7623 26.2628 10.291 22.0835 3.0474 24.0551 7.2909 17.1877 1.4261 
6.3761 23.476 17.7257 13.8458 33.4865 14.6983 26.591 25.9461 14.9327 14.4957 5.8389 18.2513 7.819 11.5136 9.2208 
18.1637 8.1218 22.3692 12.69 11.9413 16.704 18.1506 6.5302 23.4432 14.823 27.5548 6.3183 20.5827 12.5768 33.1499 
13.4037 21.2671 27.4906 9.2527 33.8496 24.5693 35.6711 27.7301 20.9998 7.9319 19.6867 15.7429 16.9032 17.8425 18.6438 
18.9727 23.5205 7.122 19.9544 9.2671 8.1237 8.2904 10.6331 11.9476 23.2431 24.803 17.8021 16.3558 13.6587 22.1195 
14.2596 26.8003 26.8781 15.8601 40.0402 24.9682 35.1882 29.5851 21.7934 18.8224 12.2235 25.4489 18.4518 21.9873 17.4836 
17.9239 25.4296 35.9364 17.7628 45.4666 29.7933 38.6969 30.8744 29.5721 20.9857 14.6328 26.8533 21.0872 24.1179 18.6534 
7.0916 18.3201 23.1527 4.9372 28.213 15.741 24.1138 22.7275 17.472 6.6887 16.6073 9.3411 11.6644 9.5216 18.8891 
13.5022 9.7736 27.9451 3.5313 26.4684 23.0735 25.2548 21.7278 25.6353 0.8265 20.1679 7.9699 20.4556 12.4648 22.4007 
10.1763 19.3018 20.8858 7.3208 33.3437 21.064 29.1164 22.0885 22.5998 8.2847 15.2991 14.4423 15.7013 15.547 18.5471 
23.7478 4.1906 28.1728 13.6967 27.4366 25.7646 25.8504 16.8314 32.0826 10.434 31.3066 13.4325 23.2331 22.6521 36.797 
27.9729 5.9532 32.2475 15.2137 23.7503 31.4906 27.9946 19.0092 34.836 13.4719 32.2071 14.3966 26.7809 19.6511 33.9417 
14.0003 28.8091 2.9909 24.964 19.0063 5.9498 19.3159 16.9382 4.2981 27.9541 19.5511 20.1476 12.193 13.6717 18.3822 
5.4418 19.5537 16.7107 5.7328 25.1392 14.9946 25.6369 19.7046 14.7007 10.281 11.3343 9.6468 9.4355 10.8515 15.7126 
13.5224 7.5856 20.8215 4.9254 17.1061 16.3115 24.6426 15.0558 20.033 6.3811 19.9905 2.2516 16.5022 10.107 22.5234 
22.7423 26.1366 7.8949 25.9527 10.4622 8.923 8.0005 14.9955 12.5074 28.8087 29.6543 22.2625 20.3502 16.1788 29.2031 
7.8975 28.2287 18.0534 15.7552 32.5941 14.6931 29.0623 24.3063 16.2247 19.0067 4.1956 20.6497 9.0024 13.9122 7.0236 
19.2901 3.4827 24.1483 8.2059 21.2232 20.5164 24.775 14.8145 22.9449 7.4979 29.6095 8.047 22.6926 17.5403 31.1282 
12.9112 9.525 12.9059 11.0502 15.6352 11.4884 16.8198 9.049 15.5493 12.1113 23.211 4.0905 13.758 6.3667 22.5137 
18.8247 20.8432 32.5837 12.6016 39.6305 29.308 38.0598 26.6389 26.785 10.1909 22.1051 17.1543 22.8318 19.248 26.7191 
11.7286 25.039 4.312 22.3624 22.8746 5.0848 20.3037 21.7488 2.8941 25.9272 15.3094 19.8879 9.24 11.4188 12.7943 
8.1834 20.2163 4.927 14.8967 14.5894 1.7628 16.2078 14.9852 6.6382 20.3858 15.3116 12.2908 7.6295 4.9405 16.5517 
8.2139 33.6497 16.483 19.3855 26.2974 12.3063 29.3766 25.8422 8.8503 23.341 4.5984 23.8417 7.3566 12.5981 2.9671 
8.5884 11.5137 12.6371 7.837 18.5012 10.0535 19.0385 12.9302 14.3142 12.0707 21.1328 3.6904 9.8412 4.9106 20.097 
7.4747 19.4435 8.116 12.8228 19.1854 3.7008 19.5492 16.1186 5.6164 18.5415 15.041 11.5881 5.9058 3.5665 15.4741 
1.6389 21.4749 12.5164 11.3646 22.562 8.6176 21.0789 19.5165 9.2222 14.6198 10.138 11.5376 4.2678 5.2772 11.3865 
10.3597 9.8021 19.9264 4.0911 17.4952 15.3076 18.5799 13.5528 17.98 7.0086 20.8564 2.0463 13.7525 7.7901 21.9684 
13.6307 6.9825 17.8429 6.0463 18.6689 18.4786 19.5447 11.3372 20.7515 6.51 20.315 2.0654 17.3171 9.0778 24.9829 
20.7223 22.187 35.8627 12.4949 32.8556 32.2825 43.2039 32.7607 30.4227 12.3241 19.2823 21.6729 22.513 25.3545 24.7816 
6.0443 26.5031 13.9619 17.112 25.7419 12.7227 29.8125 26.0446 8.9973 23.0624 3.8174 18.4939 4.9878 12.6189 4.3161 
22.7515 27.6524 11.8555 27.5151 6.5352 12.7369 2.9405 12.0837 19.2639 29.5457 31.7351 22.5146 23.2735 18.7414 28.7817 
17.8585 13.5078 17.7654 17.0079 7.7311 13.9414 11.3609 2.081 18.8616 15.0635 25.9228 9.4665 20.538 12.0126 26.3355 
19.1163 29.5469 28.8817 16.1355 45.7529 26.7644 42.0938 36.9599 29.439 16.0605 18.2257 22.6031 22.6416 23.8852 24.2961 
24.2403 3.0463 29.5706 15.2145 22.6495 27.5528 26.683 17.6371 32.3217 12.6318 37.0242 13.6468 30.9935 19.4533 34.243 
24.5561 20.5511 11.5207 26.9054 5.4331 12.0026 2.953 10.5936 18.8201 26.5942 27.0691 20.3922 19.9911 15.4594 29.4904 
11.4057 26.5862 16.8235 21.0548 33.0144 13.7205 32.769 26.0761 8.0869 28.3627 5.2894 19.684 6.8416 16.6078 3.8136 
13.5478 17.024 9.332 16.8615 8.5452 8.2114 10.5532 8.0222 14.2796 20.702 21.786 12.2173 15.49 8.314 26.5072 
12.4093 26.3989 3.2982 19.3642 16.3425 2.6584 16.6613 17.1812 3.4463 22.5125 14.3996 16.5848 6.7646 9.3179 14.8397 
14.0374 39.6309 15.2208 28.7763 35.5458 17.0879 33.7929 29.0852 11.3121 30.7708 12.3836 24.9167 13.0893 20.0669 8.4234 
9.2437 14.2558 22.7899 1.0455 26.5854 16.8224 25.3096 18.6931 20.1571 5.9381 18.6654 6.5155 12.2626 8.8576 19.0674 
21.2548 19.9815 17.3183 24.4997 1.498 14.1802 2.1245 7.9564 18.7184 30.6329 35.9041 18.5969 20.4341 16.9992 32.908 
11.975 14.7135 23.0182 1.7779 25.6469 20.1876 24.8782 18.4304 18.059 3.8986 16.9278 8.6987 16.3138 13.0297 18.9355 
17.2877 5.3948 21.08 12.6267 12.7693 19.7629 17.2373 9.3542 24.9052 11.0365 29.271 6.6341 18.2657 15.4491 30.7855 
3.4464 22.2872 18.2903 14.0739 28.0885 12.5223 25.8811 23.2428 12.4469 14.575 6.2431 16.3665 6.1819 10.9075 9.5036 
18.923 11.353 33.1993 8.0354 27.7268 25.7314 32.1573 24.2626 31.0931 5.4208 25.8586 13.1197 22.2553 21.2928 25.6367 
23.5309 4.0272 26.8673 16.4106 19.1688 25.0488 25.5844 15.471 31.586 13.2368 38.106 13.5606 25.0355 20.8099 37.3986 
4.2932 22.6357 8.6219 14.5129 21.1347 5.084 20.5737 16.1641 6.6447 15.0166 11.1792 12.4395 3.5851 3.8479 14.283 
2.2495 24.5359 14.8914 11.0488 26.0993 11.1771 28.9843 18.7233 10.3442 17.4246 7.438 12.6167 2.9036 7.5773 9.2589 
14.2641 32.2017 13.6425 24.1397 27.1056 13.2803 27.1298 30.3423 8.0863 28.5767 9.4642 26.1755 10.8157 17.0877 6.8944 
9.014 30.7323 16.9333 19.543 33.7747 16.5743 31.6098 25.9261 13.8602 22.4725 1.7595 21.5059 8.2616 16.0113 3.8634 
10.2427 33.8909 20.9967 23.3417 36.3685 14.7902 35.2738 29.5036 13.4376 26.5459 2.0257 20.7094 9.2293 17.7994 0.8633 
13.3312 26.1911 7.7605 24.9028 26.2947 9.416 24.0445 20.3331 3.6586 27.9585 17.1068 22.0778 8.8662 14.546 13.6666 
8.5477 26.4238 15.9376 15.8853 30.0691 16.9635 33.1422 30.246 14.2172 19.2622 2.4987 18.2257 8.1474 12.6218 4.4928 
14.116 22.1148 23.8243 13.2184 40.3796 23.8777 33.9636 28.0455 25.3043 13.0972 12.0589 21.7341 17.7043 19.3872 14.4583 
4.6118 26.5153 8.4298 15.5126 19.7229 5.6977 22.4497 20.0076 4.2487 18.1719 11.3475 13.4815 1.5384 7.5919 10.3885 
19.3638 5.505 28.6417 7.1393 21.3167 22.2177 22.9198 17.2234 25.1815 4.2027 28.6105 7.5252 19.7319 17.1118 25.7231 
18.4522 4.4063 26.7628 7.0983 21.1885 21.2991 26.3581 14.7355 20.8285 5.6989 27.9483 6.2977 19.6432 14.9834 27.3087 
3.4247 15.0129 15.1353 8.4574 23.298 8.676 24.275 16.2149 11.3044 13.1799 13.7652 8.6122 6.6243 4.2948 14.2902 
10.5184 15.1044 13.4919 12.3495 12.9924 7.6678 14.0878 7.6922 14.8596 15.7169 20.5944 7.1988 12.9415 4.8175 23.2663 
10.359 23.1541 4.9887 19.9257 20.9627 2.4672 17.8202 15.9508 2.9129 22.9752 15.5799 14.7793 5.2037 6.7082 14.1538 
7.251 27.1588 10.3188 18.0163 25.2983 8.2955 26.0153 17.9344 3.9654 21.4384 10.7358 15.8896 1.9386 8.026 9.5098 
15.1048 9.7602 15.4872 13.0821 11.542 16.0806 15.2631 6.3966 20.4858 13.7495 27.1446 5.6914 17.1896 10.9885 29.7108 
18.7891 42.8948 20.9206 27.3663 36.3631 18.2117 35.1496 36.3998 12.4196 32.408 13.279 28.5411 13.7205 23.0306 7.4715 
16.58 10.0102 26.742 5.7641 27.1932 19.4547 31.1874 18.509 22.4629 1.7046 24.0664 9.0531 17.7291 15.8659 26.6692 
9.9246 10.7819 18.5048 4.3654 20.2113 14.8958 21.5799 11.5612 15.7073 6.793 20.8989 1.6526 13.2216 7.5031 23.7274 
14.8742 14.6208 14.7233 12.8605 9.0201 10.0158 12.1931 3.9219 17.7925 19.4093 26.5326 8.1657 16.0858 9.5503 28.4025 
20.3144 12.442 19.2774 16.7076 8.2952 15.744 13.1 3.3141 22.0341 20.2858 28.6371 12.4383 21.4687 16.1857 29.431 
17.6671 36.669 10.5778 28.9987 24.1796 11.7195 22.4457 23.3228 6.0816 27.057 16.1987 22.8158 10.0662 15.1799 13.2311 
25.959 21.2497 13.6342 23.331 3.5495 12.9288 1.0476 9.8657 18.7753 26.2232 30.464 18.2272 19.5087 16.1861 35.1891 
14.5225 31.1119 2.8672 19.6469 18.5065 4.7706 16.8867 19.6182 4.0225 27.4979 20.354 17.62 10.4597 10.5799 16.1248 
22.5794 6.0784 27.355 11.987 30.135 24.7287 25.7938 20.3035 32.9374 8.9367 29.8617 12.4815 24.0998 23.2431 35.9272 
10.8839 27.2344 2.3656 18.2235 14.8406 1.4856 16.8232 16.9581 4.3723 20.1634 16.1821 14.0492 9.4374 7.3706 15.1525 
17.6454 3.9823 21.1503 6.9086 18.4019 19.4588 24.4344 14.9121 23.5012 6.6764 23.6214 5.544 19.8606 13.1374 30.8564 
14.2913 7.0585 21.8719 4.2067 24.0599 17.2368 26.4043 16.4782 24.1884 5.2083 23.1427 4.2343 17.9892 11.6392 25.769 
8.9274 20.922 19.4209 9.7021 30.8085 19.8417 30.2912 21.8424 19.439 10.7441 12.295 14.3494 10.9509 11.7069 14.4243 
13.4392 7.8044 24.455 4.7516 19.7032 20.4217 27.9235 14.4823 24.3088 3.2996 23.8678 6.4892 16.5038 13.0636 28.1807 
15.1957 11.3849 16.1234 14.3472 9.166 12.8316 12.8761 3.7981 15.1279 17.911 25.964 7.5393 16.5008 10.5201 28.7051 
20.188 3.286 29.9229 13.9884 19.9448 22.4491 24.9492 13.1526 28.0207 13.626 36.3913 12.149 27.689 19.5446 30.2207 
17.0317 5.4563 20.8151 10.9416 14.138 16.4742 14.7671 8.0475 22.9217 11.3119 31.8194 6.1116 20.552 12.4351 33.5328 
11.4419 26.6405 21.5834 17.4656 31.4704 22.3482 34.3159 32.3159 20.7749 20.2854 5.1003 21.4292 11.5438 17.9728 7.5271 
20.2256 19.4307 11.0588 17.6187 4.7675 11.5967 5.7435 5.8778 15.9069 20.4419 24.5862 15.8778 17.8745 12.8501 28.2798 
18.4308 11.1335 18.2725 16.2353 11.7886 17.34 11.7981 4.6024 23.0274 17.4699 27.8892 7.5502 19.4755 11.2949 32.0237 
9.6804 22.6052 5.4678 17.0034 15.1008 2.0223 15.1272 13.9901 6.8688 21.2399 20.9291 13.2929 9.028 5.7332 20.7053 
16.5683 28.0785 28.4025 13.6991 38.0722 28.2911 37.0742 29.4102 28.8399 17.394 16.9579 22.8991 18.9439 21.9716 18.7079 
14.5275 37.6876 14.5939 23.41 26.5579 14.2849 24.3363 25.6817 7.9262 26.3218 12.226 24.0234 11.0966 14.9649 8.7552 
10.5499 29.9947 20.6303 20.5093 29.4369 20.2399 35.5298 31.0648 15.4015 28.3055 2.4355 25.2553 9.8475 19.1262 1.2259 
13.7825 32.8352 14.0402 27.3865 33.5963 13.8298 25.8559 31.1822 8.1732 29.1873 10.8158 25.2782 10.975 19.0044 7.4505 
15.9741 13.7469 14.8258 11.4866 11.1577 11.9356 13.3722 4.852 17.8633 14.4461 25.3608 6.1033 14.798 9.5591 22.1966 
2.0782 16.0435 13.1668 8.7939 24.1353 11.5876 25.5762 19.7733 10.2428 13.6621 13.1413 8.592 5.3107 5.5812 12.7975 
4.4204 22.7372 10.7379 12.7739 20.8521 5.9989 20.923 20.6226 6.5233 17.3122 12.3347 15.3717 1.4436 5.4242 12.9068 
13.6842 12.8685 13.4243 12.2441 12.1418 9.6216 13.6735 7.0618 14.6965 15.5402 24.6478 7.9073 14.8845 6.4587 20.5305 
10.2441 31.2946 18.7856 22.6369 36.036 15.8203 31.3044 25.4201 10.1012 26.2591 4.9202 22.4192 10.4321 17.4765 2.191 
12.5885 16.4164 8.7324 15.1649 9.6269 7.6611 9.8832 6.6804 11.9307 17.5031 24.0544 11.4172 15.3602 7.8771 20.4314 
17.0746 8.8915 30.5662 7.7564 26.3645 25.0739 27.7616 23.4799 24.7047 2.3144 26.7581 9.241 23.2378 16.7104 26.5774 
13.7139 34.554 11.2542 21.2695 27.7414 11.233 25.6143 30.4138 7.7368 27.9464 9.2311 20.7318 7.975 16.353 7.2948 
6.6706 23.7321 18.3363 17.0486 28.3041 16.6419 26.6611 26.8413 11.9674 19.7857 2.6509 18.3072 6.5245 15.2695 4.3595 
9.2946 29.0897 10.9037 19.4097 25.7954 8.4773 27.21 20.8774 3.8872 23.0687 9.1455 18.3731 4.2035 10.6656 9.5669 
16.4847 26.1122 32.0369 17.7411 41.7888 23.4239 41.9849 38.3427 22.4712 18.5306 12.6157 24.8187 20.6866 21.3897 15.2549 
12.8669 27.6326 3.5415 21.9133 17.7516 5.5391 20.597 18.3726 2.5143 28.3382 15.8618 19.9647 9.459 11.1211 15.811 
21.2146 28.5236 28.7379 19.0145 42.2626 30.3642 46.0222 36.5649 26.1828 15.2244 17.6883 23.0971 21.6674 24.2046 19.7849 
15.5652 6.4779 21.4534 9.9838 14.6803 16.9202 17.0324 9.3752 23.2269 8.3628 24.9652 3.5099 18.8034 11.1613 29.1336 
4.329 18.9413 13.6059 6.9638 19.4478 10.2505 22.331 15.729 12.9655 12.7509 14.2959 9.1602 7.268 3.3913 14.5557 
17.2701 26.1713 2.4039 26.5885 16.1435 5.7666 13.4026 18.555 6.9008 29.9737 23.9332 19.5251 13.8087 12.5741 18.6926 
17.0067 10.8137 16.6158 12.6902 10.7367 13.1114 12.4476 3.8554 20.0655 13.9514 26.4529 8.4381 20.4416 12.3494 25.6414 
17.8519 15.7503 14.923 18.1732 4.6758 13.7661 8.5442 1.1654 18.1046 19.6508 27.2572 11.4121 21.8079 16.1808 32.4632 
15.7134 29.9067 31.2777 15.5935 42.4454 29.3004 40.2728 36.6332 26.871 18.6209 13.4754 19.2283 20.2279 20.1993 16.3652 
2.9153 21.5768 10.7291 11.4374 23.5697 6.749 22.2285 15.154 8.4154 14.8508 12.2941 12.0168 3.8676 4.4921 11.7702 
12.2365 37.5021 16.8374 22.121 34.0144 15.2393 33.0161 33.6765 10.8179 28.5729 4.1503 24.3299 9.9172 15.8704 1.4791 
13.5277 23.4148 25.7488 14.8293 34.8156 25.1069 33.8355 27.3637 23.2047 15.1327 14.3104 18.1829 16.3924 18.4766 16.27 
5.2355 18.9286 10.2037 12.4306 15.6886 5.6879 16.5163 14.9483 9.2611 14.3578 14.8552 9.6275 5.3403 1.5649 14.91 
22.0095 10.9566 28.5913 9.8455 29.5079 29.5033 27.8576 22.3479 32.7475 4.8216 28.7074 12.503 24.6131 18.3706 28.2605 
10.5349 10.7461 18.3249 1.7454 20.8917 18.3492 22.241 16.6189 20.0534 4.4762 20.4024 4.5362 14.4524 9.8389 21.3968 
10.9161 22.7726 24.7477 14.9377 32.6466 21.8671 40.1333 29.6917 21.5616 17.3974 12.2605 19.33 17.2522 16.4705 13.1878 
14.9539 23.6279 5.7114 21.7954 10.6752 6.2067 10.5026 10.2846 9.5867 22.2055 23.5272 15.3522 13.6856 10.5479 23.5787 
2.7868 20.7211 14.5597 12.8347 24.5554 11.2648 23.5971 20.0181 8.1961 18.9535 8.0451 15.7646 3.6997 7.9201 9.4757 
7.9628 26.2312 22.1554 12.0385 29.45 15.3843 29.9374 23.9471 16.3215 14.6108 8.393 17.1301 10.0799 12.2966 11.8378 
8.6262 11.9066 18.0374 4.4652 18.2791 12.2076 20.7114 12.6097 17.6003 9.6164 16.043 4.0892 11.2911 5.9207 17.3316 
3.8357 16.3163 17.0608 7.1147 25.7374 13.1603 25.4504 21.0694 15.913 10.3473 11.7693 9.423 8.2442 9.8973 12.2608 
5.8927 19.5736 9.7433 11.1335 16.2487 6.748 19.631 14.7061 8.996 12.3477 15.4554 8.82 7.2317 0.6317 14.5635 
20.1269 13.8177 27.6585 9.7746 29.9933 24.8298 30.4517 25.539 28.6454 5.7354 29.739 15.5084 26.0371 21.5062 34.1412 
3.1129 20.296 11.1599 12.0213 25.4361 8.1745 24.655 17.5796 8.1739 15.3369 9.4127 11.8157 1.7787 5.86 9.713 
23.5532 10.9816 34.2475 9.8225 32.5196 24.7836 34.0452 21.7773 31.4041 5.3138 30.7088 14.7332 24.1783 18.2826 28.8157 
17.0546 26.7888 33.9309 19.6315 37.8297 32.9077 39.8565 36.2302 30.4788 17.3175 20.3051 22.6705 24.7052 26.5193 21.6124 
18.9203 16.3604 11.7512 19.0252 5.6576 12.0529 7.6807 3.0034 18.6026 18.4135 25.4886 10.7822 19.8928 11.9881 26.5053 
23.971 7.1562 23.3486 15.3487 10.7219 16.9252 16.5022 7.5916 26.2642 16.1699 28.2007 10.6218 25.281 16.1111 28.0836 
13.7633 13.9433 26.1217 8.6129 35.9558 21.0264 31.5753 25.6292 23.2014 6.2774 23.4059 14.8586 18.1065 15.6979 25.7828 
13.2246 29.0548 21.308 18.8289 31.7143 19.5443 36.1509 33.4267 17.5653 20.7198 6.182 24.6912 12.2239 16.8022 9.4705 
11.694 29.9231 21.8479 20.1693 35.1296 19.8576 35.0687 34.0655 16.045 19.4726 0.984 21.0326 9.1373 15.861 3.6989 
16.8197 12.6154 29.397 10.3621 27.3218 29.1722 34.1731 21.6837 30.0973 6.1285 28.3908 14.1252 22.9907 22.3501 28.9633 
9.4091 29.5296 9.4306 17.6413 26.9934 8.7193 26.5644 25.4636 3.9264 25.6501 10.0767 17.236 4.3906 12.0151 9.2873 
6.0991 20.8768 23.0642 10.5571 26.7679 17.7406 29.9164 25.0245 17.6638 15.2865 7.4988 17.3501 8.4862 11.8561 10.8388 
10.5337 22.0632 5.0226 19.1315 12.7461 3.1832 11.8437 12.7993 8.3365 20.5321 20.9565 11.4827 11.2284 7.4275 22.404 
7.2419 15.1351 12.2806 8.0016 16.7434 7.946 16.7238 10.7431 13.953 11.5572 18.6504 6.1807 9.504 2.7257 21.1186 
8.3574 26.988 14.3353 16.5281 27.6514 13.8053 31.5398 25.4531 10.3085 21.1588 5.515 21.4576 5.6818 13.3207 4.7655 
7.0921 19.4296 18.9362 12.2233 29.3363 19.1695 34.609 25.912 18.3082 15.4314 9.8687 16.604 11.6004 15.4338 13.5961 
11.2721 31.7051 9.8925 20.9432 29.8075 9.7248 22.1724 22.7892 5.7597 27.8162 13.6246 23.4492 8.5413 13.8808 10.5488 
1.8933 23.7759 14.0216 9.8496 25.59 12.6342 24.951 19.3473 12.1241 14.7232 9.6407 13.5402 4.2124 7.7355 9.281 
10.9552 26.5114 2.4149 18.8376 14.1704 1.3659 16.9468 17.0208 5.1976 26.0282 16.0887 17.2168 7.6497 7.1923 16.2432 
19.1532 1.6469 25.7279 11.8646 19.2052 24.2142 20.0192 12.7661 24.0574 9.7266 34.2948 8.3966 20.8366 15.7231 30.3007 
15.582 7.3213 20.2524 8.0955 16.738 16.221 15.5495 8.003 20.9248 11.015 23.6476 3.409 16.762 9.9714 28.5314 
21.3127 16.4953 16.6283 20.1327 5.5327 14.4451 8.4912 1.6835 16.838 22.7549 30.4984 12.4702 21.8106 14.0202 30.56 
26.4154 27.1686 13.4646 25.1208 6.1279 18.3549 3.0508 14.0569 18.0919 34.1271 33.2804 25.5665 21.4291 22.4814 35.4352 
3.1034 21.8768 11.8369 11.4593 22.8269 6.5675 20.5064 17.3881 8.6135 16.8584 11.2464 11.3837 3.7563 4.2881 14.8439 
17.5877 4.3011 23.4725 8.7969 23.957 22.6329 24.8979 16.63 25.388 5.6213 29.5224 8.2404 20.736 13.6907 26.0191 
8.5792 15.3332 18.8769 1.9414 24.2471 15.568 26.674 19.9408 21.798 5.3609 16.2598 7.7426 14.1782 11.5888 21.3053 
15.493 25.9829 0.7131 21.7852 13.54 4.5325 14.4393 15.7096 7.4758 28.6089 18.4757 17.8384 12.3071 11.5507 16.7532 
13.7109 9.5797 14.4917 9.6307 16.2855 11.9636 14.1872 8.825 17.3951 11.5062 22.9121 3.0828 13.2213 6.4949 23.9062 
7.6248 17.6318 17.1451 4.1487 25.1705 15.2589 29.7117 21.1041 16.4635 9.0649 15.0393 10.3088 12.0929 8.6452 14.8285 
20.5911 21.035 14.6935 22.9453 1.3828 14.2709 2.4322 6.6341 18.1552 26.2248 33.3088 18.7149 23.9157 14.4535 33.4569 
12.5548 8.2631 24.2677 4.1048 20.9293 18.4311 20.926 13.2831 20.8555 4.1495 21.338 4.1126 18.1595 11.4933 23.103 
10.1626 28.7879 19.2022 17.653 28.28 14.2302 28.3887 31.3565 12.3025 25.8097 3.0835 20.4414 7.4097 15.8097 1.3487 
6.8584 23.3639 17.2751 13.8309 29.5322 18.4222 27.1521 26.9902 13.6399 15.8208 6.8668 16.4839 9.5902 12.4395 8.1092 
15.6734 6.828 20.8136 12.8027 14.2555 18.0444 18.3458 7.3409 23.3236 15.1073 27.0361 7.5338 20.6634 11.7701 29.395 
15.3379 20.3195 28.4049 8.9902 30.9338 25.0788 35.8831 24.3899 22.9697 9.3153 18.0213 13.4538 18.9933 15.8073 19.7592 
18.1117 21.8812 6.5907 23.7501 9.0887 7.6089 8.3668 10.3 13.0865 24.1203 22.3842 15.8639 16.8975 12.9998 24.3675 
18.0369 28.5113 25.4301 15.0274 38.6671 29.2442 34.9182 35.223 22.3839 18.9999 14.8276 23.7033 20.255 23.1491 15.7926 
16.6265 31.8036 33.9481 19.9917 36.464 27.7592 42.7358 33.4827 25.3431 18.2577 17.1593 24.5958 22.928 25.3035 21.0963 
7.9247 14.6985 23.1946 4.9168 26.6801 17.2411 27.8871 19.1772 17.9575 8.3564 14.2348 10.4974 12.5011 9.5959 15.5089 
12.9071 10.5276 28.4812 3.9801 25.4195 23.0675 25.6991 20.8206 24.0682 0.9243 21.8396 9.197 17.7734 12.5879 22.1211 
9.6887 17.7436 21.8701 6.038 29.9933 21.5934 33.8185 25.6237 20.5181 9.7369 16.2886 13.2463 15.8057 12.8467 17.429 
20.414 3.7272 28.1217 11.5117 26.8427 25.9674 25.8504 16.7232 29.2849 10.4281 29.5467 12.9162 27.8022 18.0262 37.3103 
23.5546 5.4317 28.7072 16.3099 24.5878 31.682 31.2149 16.7943 35.3574 11.4745 31.1228 15.4105 32.4079 23.2711 39.2977 
15.8379 28.3344 2.7179 19.8746 18.4892 5.7694 20.053 19.108 4.5931 26.0462 18.8762 21.1172 9.9037 13.8559 14.7907 
5.5878 19.3006 19.1759 5.3295 23.3965 13.2178 28.3518 22.9739 17.4458 11.1083 14.3873 11.721 8.7686 10.1018 13.5016 
11.9857 8.1456 18.4679 4.1011 19.9496 18.4755 20.2799 15.1989 18.4881 6.9602 21.1339 2.4032 15.4903 10.0986 27.4865 
21.4823 25.8893 7.0061 23.4313 11.2693 10.6599 8.1548 12.1843 11.9845 26.317 26.0601 18.0723 17.1491 15.7518 23.8352 
7.5635 23.8015 20.8579 13.265 34.7647 17.0546 31.3006 29.0152 13.5655 18.1289 4.202 18.5254 9.5563 14.8362 6.9192 
19.1149 3.5237 28.3096 9.338 23.8979 21.7814 23.3181 17.506 27.9819 5.834 28.3728 6.9442 18.7961 15.7244 29.3278 
12.837 11.0735 17.132 10.7522 13.1608 12.9753 17.1403 8.8531 15.304 12.9125 21.4826 3.9905 15.7039 6.5138 21.7413 
17.2223 21.5811 36.1158 13.8243 33.8214 30.2477 40.6868 26.4274 30.1016 8.7132 21.2625 18.852 20.097 20.6022 28.5873 
13.8264 26.2744 4.8901 20.7585 23.3721 5.9966 20.9782 17.1632 2.7751 22.7623 14.2179 19.3788 8.2103 12.777 14.8745 
10.2246 19.6301 5.1511 15.0176 16.5597 1.8542 15.5225 13.7042 6.9281 17.0305 17.5791 11.8182 7.2917 5.483 18.1448 
8.7155 29.436 17.5291 19.7914 25.9352 13.3118 29.7915 26.3594 10.9905 26.8891 4.6213 22.9603 7.9463 12.619 2.8853 
7.9012 12.377 16.7319 7.7371 19.7123 9.9949 16.6129 12.7388 14.5064 11.4668 21.0043 3.6595 9.9194 4.9443 18.7591 
7.1843 23.1599 8.4317 15.3216 15.7744 3.6303 16.7414 15.8226 6.4095 18.2062 16.7181 11.5181 6.0838 3.8892 13.6179 
1.6346 22.257 14.0593 11.0693 24.9342 8.6283 21.7421 16.0303 10.2408 13.2206 11.7984 11.0393 4.4831 4.4138 12.1203 
10.9853 8.3079 19.4425 4.8054 18.565 14.7092 18.7018 12.2066 19.1357 6.0082 23.9142 1.7471 16.1983 7.9804 23.7518 
12.0208 7.4811 22.9525 6.3631 20.4477 15.2359 19.4065 11.0265 20.2493 6.339 23.9436 2.5807 17.5675 11.6453 25.2513 
18.8072 24.2785 28.9342 15.8724 40.9074 30.4389 41.8051 28.1235 29.3425 11.5989 24.1455 21.3649 23.0545 23.0764 27.5645 
6.5372 27.0161 15.6549 16.5155 31.8268 13.9438 27.9705 23.2796 9.8656 18.9908 4.8225 17.2154 5.2007 12.7226 4.0497 
21.3988 22.6884 14.4259 27.7622 6.1497 15.4616 2.9062 9.6782 16.4517 29.9941 31.3008 20.0603 20.7817 19.6157 35.0064 
17.9699 11.7789 13.5403 14.529 8.8294 11.7643 12.0199 1.9886 17.6222 17.7891 29.7471 10.2472 18.2743 12.2459 25.1081 
18.8546 25.3621 28.9871 17.8742 35.7629 29.3957 47.3838 32.7484 32.7426 16.8538 21.6976 24.729 23.8541 25.9211 24.8308 
21.7525 3.0907 27.2604 14.485 20.3801 28.3949 28.861 16.9371 33.6681 11.7768 33.498 13.6219 27.3102 23.3392 37.5303 
21.9883 25.2119 10.901 22.8948 6.0227 11.7952 3.7311 10.6702 15.6388 28.8614 34.0861 19.9302 21.036 14.1374 30.2304 
9.3593 34.2414 15.996 21.0252 33.2011 15.2846 27.5531 25.1637 8.8458 21.5244 5.8334 21.989 7.8839 12.8627 3.5942 
16.3768 15.8174 10.1586 16.1126 9.3966 7.1847 8.1288 6.8158 14.5988 17.5877 24.598 12.7853 12.5645 8.1552 20.5809 
10.2407 24.8524 3.6145 19.4462 16.7384 3.002 15.922 19.3864 2.7895 20.3239 14.9389 15.2218 8.6246 8.0575 14.2349 
13.9121 33.2908 16.3671 28.2222 35.5999 17.8969 29.5936 31.5925 9.6141 27.3006 12.3929 29.8223 11.4857 18.3163 8.0429 
9.9059 12.2628 17.7164 1.0465 25.0099 17.5756 27.3686 16.9513 16.6492 6.0496 20.197 6.5475 13.1947 10.526 22.2059 
24.6486 20.3393 15.0271 26.2006 1.4256 17.084 2.0359 7.2668 23.5435 27.511 31.4814 21.3319 24.2279 16.3086 37.2313 
11.696 11.4451 23.6081 1.9439 24.8191 21.1146 30.8121 17.447 20.8414 3.914 20.4008 7.5262 15.0326 12.4692 23.8366 
20.504 6.5375 20.8738 11.5031 12.6721 18.2755 16.8752 8.9139 19.8639 12.3521 27.7796 7.2626 18.5388 11.7992 31.7575 
4.4578 24.7854 18.4652 13.8508 30.9414 14.7541 25.158 26.2988 13.285 15.111 6.9977 17.2412 5.9051 9.9831 8.2979 
17.5387 12.4616 30.5165 8.7514 28.5784 25.0907 28.5769 26.8734 25.1186 5.486 24.6313 14.5709 24.0768 18.743 30.3321 
22.8263 4.2286 28.4113 13.637 21.1152 25.8134 26.6469 14.9659 30.6661 13.6066 31.3663 13.5267 31.5797 22.906 31.5078 
4.7188 23.6736 9.1471 13.8332 21.7003 6.2436 20.4698 18.6617 7.4726 15.6965 13.6971 11.9659 2.9851 3.6122 14.0606 
2.6049 23.3282 13.8721 13.0785 25.6655 10.9138 22.9986 19.6216 8.1971 18.347 8.3388 14.1994 3.4448 8.3173 10.2617 
13.4317 36.9653 14.6604 21.3737 27.733 14.6984 26.8485 28.8166 8.9705 24.9826 8.1274 24.4407 10.2924 17.2928 5.8577 
7.6872 27.3355 15.9948 19.2283 27.2754 17.6096 27.6044 26.7444 14.3117 18.9031 2.0665 21.1176 7.8801 14.9587 4.65 
9.878 30.6795 20.205 21.9017 35.2534 17.6014 30.6451 28.4055 12.843 26.973 2.4932 21.3354 9.0449 14.6609 0.9542 
13.3351 28.6855 8.07 21.3661 23.6665 7.3707 23.4042 19.8203 3.8685 31.3767 14.6458 18.7112 8.2225 14.1123 12.8609 
7.546 27.9991 17.4388 14.8228 26.9179 16.9997 26.9629 27.5552 13.9647 20.8776 2.9083 20.5964 7.0574 12.4561 4.8148 
14.7235 24.3115 30.8974 14.928 34.6169 21.4296 34.8137 29.8238 24.2889 14.3272 15.4163 20.7906 19.1354 18.9237 17.9027 
5.5082 21.7773 8.7095 15.5812 19.3928 5.9962 22.0447 18.2598 4.3235 19.6429 10.8221 15.8679 1.8025 7.0462 11.8575 
16.9354 5.5304 26.1145 6.9958 21.5902 18.5374 24.5875 19.3425 24.5303 4.3298 25.2512 6.7973 22.982 13.1913 27.2576 
14.9215 4.8278 20.9275 6.6687 23.1948 19.0547 24.3431 16.5456 25.6123 6.2651 26.4384 5.8955 20.8688 12.8865 30.1163 
3.5723 16.5026 14.2682 8.6953 21.6126 9.3522 23.5977 17.1739 13.027 12.5109 12.7489 7.8048 7.2648 4.2254 17.4579 
10.9112 13.4177 10.777 13.3907 11.7806 8.6091 12.0557 6.6758 14.0402 14.9561 24.4144 6.8003 12.1939 5.4219 23.124 
9.2205 24.1464 4.7694 16.8084 18.5308 2.5007 18.2556 19.303 3.052 22.5661 14.6153 14.9065 6.7785 7.173 15.086 
5.575 25.0187 8.826 15.9167 21.7129 7.9356 26.035 19.4146 4.9423 18.6131 11.0613 18.5568 1.976 9.5733 10.8668 
16.415 7.9986 19.729 12.0298 13.2034 15.2117 16.5231 5.8942 21.9704 14.0397 28.1991 5.0816 20.4778 9.5598 28.3807 
17.0263 40.8053 21.0685 24.9021 35.9781 21.0884 29.9819 31.7478 15.0987 36.6862 10.3018 29.9246 13.262 21.9026 9.3701 
16.0794 10.6429 23.1262 4.3855 24.7089 20.0549 29.1736 18.6667 26.9541 1.6384 20.2344 10.0023 21.2406 15.5022 22.9509 
9.1729 10.8023 18.0468 5.4376 21.0806 13.7368 19.1815 14.7601 16.5167 7.1116 22.5612 2.0054 14.7513 7.038 22.0466 
13.9451 14.3069 11.5608 15.801 10.515 11.1616 10.4809 4.3467 17.2009 18.9422 25.6744 7.7475 17.5604 9.4709 27.6331 
18.4517 11.4431 17.3865 15.6178 9.398 18.6003 11.0412 2.8209 22.0018 20.4155 29.8698 11.2889 23.0313 12.8222 32.3933 
14.6506 29.8766 11.5848 23.2361 23.2712 11.3479 25.0159 27.5179 7.4016 32.458 13.508 27.3245 11.2311 15.8944 13.8052 
26.4775 22.5394 14.889 25.5669 4.4868 13.0418 0.8694 9.5772 18.4829 24.5702 33.3671 20.0216 20.7786 15.193 27.7466 
13.5952 29.2074 2.4163 22.4166 19.1045 5.8755 19.5119 19.575 4.5646 23.6234 19.5414 21.3192 10.029 12.73 14.9085 
20.2195 6.1624 35.2762 14.3757 26.4769 25.7545 31.7102 22.7655 30.5278 7.8994 30.1327 14.9522 25.8262 23.3336 31.7068 
12.2168 21.1365 3.0593 18.0108 17.2168 1.2244 14.68 14.4846 4.9588 22.7139 19.8748 15.5974 9.0179 8.3617 18.4131 
16.0378 4.1825 24.2635 7.3417 18.6573 21.5286 24.5844 14.924 24.5698 7.5496 22.5747 5.0747 22.0074 11.5302 30.274 
13.1368 7.339 24.5478 5.0828 23.6425 17.3509 20.2309 15.3667 20.8853 5.1735 24.515 3.9514 18.5965 11.2204 24.7194 
6.9967 18.7711 19.2635 8.3139 29.98 16.1691 29.3479 26.2731 16.0779 12.1104 11.1674 14.0973 12.586 15.0188 15.2043 
16.5253 7.3578 22.4323 4.5139 23.5429 19.836 24.4042 14.814 23.2027 3.2253 24.7278 5.3962 18.744 12.4794 27.8406 
15.4666 11.0306 15.6428 15.5024 10.4404 11.2475 12.3482 3.9613 17.147 16.2279 24.9376 8.6433 18.1081 9.581 27.8826 
24.8172 3.9642 29.6087 14.857 19.7416 24.4343 19.0491 13.5929 32.1433 11.8475 28.4402 10.1365 28.3327 17.3383 35.3305 
17.2593 6.1342 21.6804 12.1677 15.7673 19.1422 14.9622 8.5036 22.2141 11.3454 26.9304 6.436 18.1404 11.781 31.6674 
11.8018 32.4573 23.4367 15.215 39.3607 22.7885 35.86 27.9189 18.7417 18.7725 5.6317 23.2729 12.9785 19.6674 9.034 
19.2567 18.4196 11.9879 19.06 3.9087 13.1743 5.3739 4.6975 17.0579 22.2636 27.9363 12.4929 18.4901 13.6532 29.8793 
19.2444 9.87 19.9795 16.0484 9.7802 16.7801 13.9707 4.006 22.9683 14.4719 31.3165 7.2923 18.1726 13.1943 30.4851 
9.4507 22.7704 5.7127 15.5693 12.7501 2.3595 16.0919 13.8404 6.6812 21.6599 18.2845 11.1551 8.8533 5.4655 17.379 
17.2472 25.8535 36.6291 16.6023 40.1102 29.2908 36.5999 36.4897 28.1614 16.7638 20.5128 20.3809 20.3467 20.4905 21.0857 
12.6804 33.1682 13.4575 23.0019 25.0559 14.4283 29.9354 30.0176 8.3244 27.2445 12.714 23.0821 9.798 16.6568 10.0248 
12.0908 37.0003 20.9364 19.9187 35.7982 16.9019 38.058 26.7812 14.6041 26.643 2.2363 27.4673 11.7836 17.6483 1.4134 
16.0688 31.738 16.6608 25.9521 30.3271 13.1929 26.9283 26.8432 10.0272 25.0921 9.6415 27.644 9.8836 16.1924 7.7654 
13.4219 14.0602 14.8421 14.3758 12.3464 10.7965 11.8451 4.7491 18.2287 14.6616 26.4686 7.3898 16.1029 8.2824 27.6765 
1.9459 16.3142 12.9157 9.3852 21.5414 11.1202 26.0532 19.2491 11.7935 13.7689 12.4741 10.3968 6.4673 5.7414 15.3351 
4.2334 22.0402 10.0313 13.9424 19.4168 6.3145 21.8233 18.6674 5.5634 16.8365 11.8591 15.084 1.4921 6.6098 11.9971 
11.5669 12.3124 10.791 12.1105 13.027 9.7433 13.7446 7.0825 14.3204 15.8991 24.5397 6.602 12.4504 5.366 26.0862 
12.2455 36.5566 15.4768 20.2195 28.1895 15.9008 28.2778 25.2946 10.6242 28.3678 5.3298 24.6537 10.0129 18.5976 2.1753 
12.9025 17.4203 8.1965 18.1402 10.5882 7.3782 9.693 8.2436 13.2478 19.8448 24.2061 12.3067 14.3344 8.353 23.8477 
19.372 9.2602 26.5568 6.7942 29.1819 22.9782 31.1656 21.7021 28.3161 2.861 24.9881 10.5151 23.9606 15.8658 28.6285 
13.6769 35.8723 11.5151 26.6974 27.6769 13.6369 28.0655 28.7522 7.1447 26.8603 9.3879 23.8412 9.7264 15.6091 8.7151 
8.5372 23.9211 19.3917 16.4802 29.9495 14.7446 33.2565 29.8331 12.4822 23.0332 3.0293 19.6675 6.5245 13.052 5.2732 
7.7186 27.197 11.0978 16.6624 27.766 7.5282 27.4441 24.4992 4.5397 19.9867 8.8591 21.324 4.503 12.4736 9.676 
17.6691 33.1105 26.6847 15.7455 37.8003 22.8212 37.3722 33.7356 25.6683 18.2687 11.028 25.8719 19.2193 23.946 17.2957 
13.0547 27.8482 4.536 20.8891 18.8377 5.8846 21.0507 22.3287 2.5466 26.0967 14.8994 19.4742 9.1385 10.1261 15.6136 
20.1067 23.1934 30.0386 14.9369 37.7578 30.558 39.2717 32.7206 28.014 14.9542 18.3682 24.4863 22.5463 22.8174 19.4057 
14.7945 6.1176 22.1972 9.0222 15.0607 15.7009 19.6424 8.7603 22.4793 10.6905 27.7559 3.346 18.1795 10.6775 28.5057 
4.1939 17.5316 15.5552 7.5838 18.2408 10.0462 20.857 17.6056 11.7941 13.4765 14.5694 7.1781 7.1638 4.3736 13.5109 
17.9745 29.7201 2.1276 21.564 15.599 7.0047 12.8723 18.4903 8.3756 26.161 24.2119 21.1713 11.0728 11.5671 22.1607 
16.8572 10.445 15.3365 14.3932 9.2123 17.0426 13.1439 4.0069 19.6227 14.7512 28.9749 7.5477 17.9689 10.5739 31.5202 
19.5018 15.1658 17.3268 18.0858 4.9539 15.4858 9.2672 1.418 20.8845 19.7884 26.279 11.7073 19.0683 13.885 34.9317 
15.9505 29.3183 28.9942 15.2359 35.2968 28.4557 44.0929 31.1166 25.4898 15.7469 11.4269 22.8226 20.9518 18.8652 14.3851 
2.7399 20.9457 12.1456 13.0388 24.0158 6.7469 19.6592 17.9147 9.2005 14.3877 11.7569 10.2595 3.4788 4.0979 13.5759 
12.7861 36.8763 20.3178 25.4498 37.526 17.3943 31.6715 29.0554 13.5189 24.5073 4.6506 21.475 9.7288 15.1982 1.5409 
11.4217 21.2868 23.8215 12.6995 38.2901 25.9218 31.6716 33.8128 24.4155 13.5022 13.0158 18.0025 14.9387 19.1657 15.7225 
5.6569 17.1569 8.8229 13.0038 20.3521 5.8402 17.8405 15.3206 7.9176 15.0036 17.3636 9.2267 5.4883 1.4371 17.9489 
20.7462 11.2708 32.1663 10.5026 26.9801 23.1557 33.3162 22.1422 24.7106 4.7257 30.8068 13.7962 21.861 16.7931 33.2316 
10.603 8.94 23.5425 1.5511 19.9274 18.6966 23.8391 17.0873 20.6331 4.4907 22.8081 4.8504 17.2718 11.4757 19.5468 
12.2213 25.3586 29.0023 15.4992 33.9231 22.4705 37.9065 33.0537 23.9866 15.2647 11.0693 17.8163 14.104 17.0677 13.1405 
17.5567 21.9361 6.2352 21.7554 10.9376 6.2542 9.3909 11.4536 10.5896 26.4945 25.338 14.7278 15.0978 10.7229 23.1407 
2.7762 24.3549 12.6286 11.7761 28.1482 9.8923 28.1797 22.8637 9.2689 14.9722 8.8753 15.0684 3.0724 7.3116 8.4366 
7.8781 23.5146 20.799 10.806 29.6694 20.1429 29.2029 28.8241 15.1103 15.9826 7.7196 14.5513 11.0663 12.0058 11.7403 
7.9703 10.9073 14.4422 5.4301 19.3831 12.2076 19.3382 12.4773 15.7533 7.9541 16.387 3.618 11.6447 6.3488 20.1092 
4.9245 19.3858 16.1187 7.4461 28.6003 14.5983 29.1691 18.7667 12.8629 11.0716 10.6148 11.8444 9.8991 8.9163 16.1204 
5.7772 16.3211 11.1491 11.412 19.3706 7.8217 16.3811 12.2354 9.7768 12.8988 17.4884 7.8119 6.1591 0.7668 17.2959 
21.1995 11.3411 35.7616 9.4808 29.6109 25.8362 32.3106 23.5962 32.3043 5.7248 25.874 15.9994 22.2137 21.2259 33.3502 
2.7106 24.7964 12.8926 14.6743 21.0751 8.2353 23.357 19.2154 7.2372 19.3361 9.2758 14.5876 1.4549 6.0327 11.9927 
21.9554 9.8778 33.7477 10.731 31.9062 26.093 28.4925 26.9101 29.9657 5.1897 27.3278 12.59 26.5195 23.0333 33.2771 
21.1348 24.074 34.5853 14.8941 43.6078 33.0342 44.0701 32.6401 26.1235 16.5613 20.3051 22.4413 25.4682 22.2061 20.9921 
17.2072 15.941 11.8634 17.8791 5.8815 12.0928 8.8542 3.0685 18.0403 19.5709 27.3516 11.1681 20.0045 10.3625 30.9675 
19.4363 9.2562 23.0933 16.6474 13.8423 17.2999 16.1016 6.9188 23.5431 18.0216 29.2335 9.391 22.106 14.8134 30.4798 
14.5009 16.2908 30.6773 6.9459 28.9271 25.7679 28.995 25.2731 27.5387 5.8673 20.681 15.7792 20.2269 19.9852 25.4605 
12.5986 28.3318 27.7601 18.8694 31.8166 21.3255 32.6348 31.095 17.9271 20.2901 5.7862 23.3329 15.3987 17.3232 8.2013 
11.9382 26.975 17.7522 18.0273 32.4738 16.7623 29.5817 27.5576 13.394 22.0108 1.0563 25.1706 11.7277 14.9651 3.6327 
18.2905 14.0734 31.3718 7.9937 27.5804 29.4666 37.3553 24.6586 28.7663 4.8933 26.8718 13.1509 22.9512 18.5544 27.7682 
9.0311 24.206 8.464 18.3249 27.2292 8.1563 20.4465 22.102 3.4753 22.9611 11.7387 18.7761 4.6649 12.3646 8.8131 
7.4729 25.1379 17.6834 12.3357 28.9986 17.5711 32.1483 23.9377 13.7924 15.7926 7.2416 16.9407 9.1714 11.5217 12.5778 
12.7877 21.3894 5.3515 15.6509 14.2956 2.9701 14.0011 11.8879 8.254 22.3254 18.2916 13.2606 10.5688 6.5207 20.6452 
7.4115 14.903 12.5124 8.6628 14.6007 7.6673 15.373 12.8494 12.1081 11.9362 17.2018 4.9079 9.1127 2.5221 19.7874 
7.0623 31.6312 12.7645 15.6964 28.9991 10.8256 28.8181 25.9979 9.2585 20.7921 4.7871 18.3098 5.424 12.645 4.7682 
6.857 22.7022 24.3111 12.0905 33.826 17.7133 34.1156 26.4706 17.4799 12.4505 9.2661 16.8808 10.3964 14.8233 11.8149 
EOF