I 150
J 15
bounds (0, 100)
cv 1.0
D 10
k 5
t 3
FLR 0.6
FCR 2
λbounds (80, 120)

λ 
115.5539 111.5183 118.3643 
81.882 117.9531 83.8954 
108.0887 103.4338 90.3364 
106.9466 96.4899 92.4633 
108.9773 94.6873 117.4501 
119.5099 101.5575 93.8175 
82.1053 110.0538 106.7719 
108.5684 109.2639 116.203 
116.753 81.093 80.5848 
115.5777 91.3718 111.661 
83.7719 94.6048 106.0206 
94.3824 107.1002 117.942 
90.4458 90.1862 98.1394 
119.5057 106.8366 110.0021 
118.4024 106.8411 112.4387 
111.6073 97.434 90.5399 
116.5295 110.5622 114.9285 
117.148 112.5769 91.7296 
99.7604 117.5389 88.8648 
109.9544 93.2857 96.9385 
111.682 117.1695 82.9537 
104.2276 119.2774 96.0954 
112.4959 112.3179 112.9691 
96.7332 87.2596 116.4566 
108.9435 102.5156 108.2757 
81.8296 103.0068 94.6983 
109.7966 115.6156 102.3678 
119.2818 104.1578 86.2786 
104.3247 105.9452 94.2013 
110.3335 114.9312 101.1743 
89.3316 101.0977 97.1346 
105.0102 97.0578 118.9906 
86.3678 97.5347 94.9233 
87.9829 113.59 111.6482 
111.1563 98.9706 85.703 
118.7621 110.7427 107.221 
88.442 98.0599 92.3236 
101.9423 84.2455 108.9683 
93.7231 98.293 96.8672 
85.0431 98.3724 106.6266 
110.9176 92.701 113.555 
93.3551 101.1802 119.4788 
84.7439 96.3373 112.849 
90.3252 86.5377 103.0891 
84.7387 80.4309 98.971 
102.3217 84.4142 84.8435 
95.4059 85.4155 119.6159 
80.1777 86.5755 113.4243 
107.9274 86.1858 115.5787 
91.2668 108.5386 116.1588 
117.9217 94.9054 102.4223 
99.739 105.6857 86.4663 
81.7447 114.2061 109.5047 
104.0051 100.4941 96.6765 
88.605 92.7694 113.0739 
103.545 112.7857 97.1638 
100.7754 101.3316 83.7329 
117.7321 103.8868 102.9934 
94.5702 108.7068 82.3809 
81.9154 109.9724 97.8445 
119.0085 115.8784 84.8044 
95.065 93.487 96.7214 
97.0153 88.9019 116.6799 
86.4084 116.0448 113.576 
81.6667 118.4727 84.6609 
80.7318 84.3535 94.1318 
95.6001 93.3298 93.7328 
113.7036 97.0309 100.8796 
104.5729 97.6646 104.5792 
88.2188 115.1552 108.0405 
106.5339 91.7744 99.622 
86.2092 89.6418 80.8349 
102.1882 94.3254 80.4015 
103.2978 105.7763 119.2924 
107.576 88.6005 110.2651 
115.4794 100.2654 112.9676 
115.8886 92.6461 108.5913 
109.1798 83.55 81.6576 
111.0759 95.2395 80.8416 
88.0882 107.0989 115.0292 
111.0181 92.7922 109.0778 
101.3345 94.5414 118.2401 
85.5436 94.5837 118.1219 
99.8142 99.3458 108.3508 
97.9988 94.89 101.2209 
89.0863 80.3997 81.8875 
95.567 104.3691 110.8184 
93.854 95.8329 112.0087 
94.9618 83.8189 99.0208 
101.6361 107.6693 110.9229 
81.8604 108.214 112.2821 
112.579 114.6778 86.9569 
99.841 96.5579 81.6027 
110.9492 85.3149 84.1674 
83.8703 83.8631 93.3455 
119.0919 88.8409 86.4709 
100.6723 100.5325 80.3001 
83.8253 80.3811 95.8045 
89.8191 83.281 87.6278 
97.2723 103.6246 94.797 
101.982 109.3349 93.9553 
94.1728 84.3287 91.9476 
110.7254 109.8532 99.2572 
82.0104 117.5976 111.0397 
83.8618 117.3212 93.7555 
95.6691 93.3113 112.961 
101.7194 113.7056 107.1096 
119.1354 97.3791 100.2072 
91.2649 99.6863 100.9662 
97.7721 106.654 116.6008 
106.8527 93.3292 100.0395 
92.011 102.2178 112.9624 
108.6635 106.4711 109.7977 
82.3521 105.6649 92.1232 
105.0213 115.3093 116.6373 
117.4431 118.4368 111.1298 
103.6017 110.7007 88.0712 
105.5079 88.3832 97.1147 
86.4089 87.0893 114.8389 
85.8875 84.9285 107.0575 
92.3475 99.4765 118.5814 
114.2622 96.0942 85.0483 
102.1976 95.3035 119.1163 
105.8481 83.1301 94.0535 
114.8885 87.0467 98.2487 
109.911 107.7864 104.1914 
84.1376 116.4711 116.3687 
115.5442 88.7123 103.0866 
89.0006 100.1769 82.6181 
85.0727 84.4334 111.3142 
95.4593 91.1126 106.6602 
97.2534 95.4117 108.1162 
89.6752 112.294 104.166 
110.7852 81.1496 106.905 
104.0942 96.3603 110.5322 
106.9871 87.6484 86.9637 
92.768 111.7462 100.8885 
100.5663 116.7305 88.9693 
81.7918 92.5754 117.5138 
101.2155 111.4116 118.6493 
81.2284 116.1092 92.0091 
86.9571 102.8461 81.7685 
91.4907 87.2319 81.2259 
112.8971 99.7846 119.1694 
111.8986 84.9827 104.4886 
113.6101 101.4218 104.0103 
102.913 108.0189 81.5725 
88.6479 103.4344 115.6035 
87.9766 111.7587 84.7596 
80.4801 93.8204 89.179 

Icoords
49.9699 98.2223
31.9438 53.1335
56.0829 54.5995
3.2337 75.1975
24.9216 23.5148
51.2984 79.0487
38.3216 96.4464
53.729 96.6988
19.0301 9.5755
7.3986 2.6571
65.8941 98.0981
8.5392 97.63
53.535 67.5232
91.6398 6.006
11.918 92.7199
93.2941 1.4127
44.376 43.4143
63.2651 93.243
9.5758 14.2742
61.0164 49.4262
5.1742 2.7363
36.292 7.4779
17.3824 75.5918
34.6184 47.2588
93.6779 18.5003
13.984 15.1029
15.9098 83.4021
52.5099 37.6707
5.6703 14.8629
55.6106 81.666
19.9638 45.7123
44.9382 72.5421
29.4615 85.9645
19.3532 63.221
46.01 59.2293
58.4803 6.1782
80.1202 51.382
22.7078 1.0069
53.2177 49.3233
73.9991 50.7656
97.2272 88.2128
68.0986 72.8698
7.7091 78.1872
7.0403 46.3682
38.7695 84.1317
38.4484 78.6675
69.5062 61.9945
10.413 85.033
50.0192 1.5378
97.2309 48.4123
64.4841 61.1437
89.1096 52.1821
8.7183 34.6583
53.5058 36.2974
36.7376 50.25
90.3107 2.9066
52.7937 93.1071
72.7738 4.6033
50.3499 47.0138
39.8419 80.6961
71.456 38.8547
72.7346 83.18
22.6581 11.8386
54.2232 16.4709
59.0255 91.8884
20.649 54.433
59.6279 19.5381
74.3404 77.4881
24.0956 77.0161
66.455 15.2307
17.6061 18.8155
65.3133 77.3434
71.1854 14.6935
88.6683 75.7986
93.1069 97.4875
61.9549 81.7692
23.4976 99.1747
68.4035 63.3585
19.411 13.3598
47.6653 38.173
61.3791 36.888
55.6526 93.1075
17.9647 88.4582
77.0624 51.9856
56.7917 22.2398
73.4885 98.8757
86.0304 84.9863
97.2731 86.1425
46.6171 97.494
0.905 8.2669
59.059 37.2553
16.6109 69.0169
20.2307 29.1989
75.8097 79.5868
55.1478 12.1195
85.3163 30.1824
68.9872 92.0898
86.1975 99.0238
16.0112 27.3401
57.0254 42.2886
79.6749 67.1196
87.1645 26.5969
50.3056 99.7705
7.5455 42.7719
39.0648 27.9392
64.8091 20.6966
78.0779 88.6071
65.0347 13.5179
0.1352 26.1267
63.1568 13.1308
86.7243 23.0742
53.0989 44.1312
68.214 2.2373
74.225 59.9057
16.577 58.4372
86.0816 17.6665
86.8856 77.2508
87.6553 80.0387
52.2457 41.4475
6.5926 15.7609
84.194 80.2791
38.2126 89.0756
75.2653 93.9726
98.7125 63.3735
95.3216 4.0946
77.4117 74.6843
62.6038 74.2256
10.2882 20.9039
62.7937 5.1921
57.9742 52.0268
76.8175 41.0117
98.8112 81.9944
43.6189 29.2979
48.6882 1.6564
50.0037 19.7
25.4126 85.1235
31.1408 5.8961
41.0142 4.7455
92.6154 91.8259
52.7087 97.1055
65.8362 97.9172
85.3044 32.9023
62.8372 30.5272
59.0555 66.1245
26.865 24.0448
27.5261 30.4316
50.668 21.075
64.1353 13.2282
52.4689 3.1219
97.7606 36.9925

Jcoords
48.0908 79.3545
53.0849 96.3921
33.9116 20.2966
43.0501 43.1276
0.7929 23.0689
33.3409 59.3125
98.4979 52.7182
19.1987 53.4181
80.5989 2.3414
77.2198 94.3721
21.7604 52.1051
17.5599 13.8516
57.363 83.8404
55.8505 70.7734
27.4888 28.4784

C
6.443 1.2136 31.3081 20.7007 31.5155 16.4391 23.8559 19.4857 33.9708 9.302 17.5644 32.4831 4.9095 10.4371 23.7786 
9.9033 16.5822 10.6977 5.5116 14.1264 2.5118 20.8452 4.5792 24.8567 19.0339 3.8986 14.6958 12.8438 11.2928 8.8041 
8.5323 15.2767 13.1396 6.471 25.2113 9.0927 14.4438 14.3 21.2594 15.7731 12.3577 19.6655 10.7271 5.0452 12.2732 
16.0691 18.0439 24.7664 16.4215 20.3942 12.3909 30.4604 9.3137 38.3317 24.8857 11.111 19.8754 18.6097 20.0438 16.8238 
20.3735 26.6423 3.1492 9.54 8.6637 13.8603 27.9039 10.65 17.9596 29.3176 9.4319 4.8397 24.0556 19.6889 1.9799 
1.0372 6.7823 24.4532 12.918 22.6414 9.5339 17.4248 14.8534 30.0369 11.2558 13.4455 26.3981 2.5135 3.3519 19.1943 
6.1364 5.2071 25.7513 18.5582 30.9148 13.9 23.521 17.9493 39.6156 11.9626 18.512 30.6932 7.9059 10.6844 26.1951 
6.551 0.2712 26.9942 17.1195 33.68 15.952 22.8815 21.7428 31.9638 9.3785 17.7885 34.4779 5.2326 8.0742 28.784 
26.8188 35.5029 6.5551 15.7133 7.5931 18.9371 35.8168 16.7831 21.189 31.7165 14.3023 1.3615 31.1147 22.069 6.6663 
34.0349 41.3559 11.5501 18.4886 7.5948 24.0464 39.8329 16.8226 26.2499 42.0958 19.3556 5.618 31.6389 25.3782 11.2217 
9.7924 4.5629 28.2218 19.7812 30.3172 18.0468 19.3561 23.1497 30.827 3.9012 22.259 32.9261 6.5314 9.706 31.4383 
17.0009 16.8448 28.1851 19.5787 26.1544 15.3774 35.9253 15.0398 47.3809 23.4945 16.2792 25.7591 18.5483 16.4894 28.5011 
4.514 10.6626 16.9124 9.283 24.5905 7.7083 15.6403 14.0501 22.5988 12.8066 13.9752 21.5808 6.0186 1.3796 18.7459 
29.6682 29.9317 21.6354 20.3987 27.7399 27.3168 18.3139 32.1807 3.7913 35.2588 31.7365 23.3912 25.6844 28.0378 24.8918 
13.0999 12.9116 28.111 23.328 24.9972 15.3149 33.3046 15.7923 37.6752 21.2625 13.0094 25.927 14.3775 15.4694 22.6134 
35.2837 34.7169 19.6098 25.8864 28.9282 28.013 19.3744 28.4428 4.0708 32.4337 33.5793 27.9136 29.3944 27.17 26.8535 
13.0977 19.2474 9.79 0.4638 17.4211 5.9277 21.5599 9.6014 17.623 21.7705 8.9959 15.3506 13.4304 9.8349 7.3924 
7.7839 3.4973 29.7539 17.8545 36.0592 17.3454 19.0633 18.882 36.7567 4.7307 19.7344 34.9391 3.8889 9.3628 27.0061 
29.4779 35.5187 9.3937 16.2366 4.6199 19.4478 29.6055 13.294 28.7858 38.602 14.328 2.4897 33.6749 21.9385 7.0641 
9.9659 16.1421 14.6187 6.9719 19.8399 10.9824 14.5574 13.0854 16.6548 17.4531 11.8947 18.4825 13.6977 8.1133 13.7538 
30.0429 36.5251 10.878 17.8131 6.4686 20.3693 38.0904 19.8093 26.6856 37.0681 16.0304 5.4552 38.192 29.9386 10.6495 
24.3645 30.6386 4.8018 12.4238 13.2329 16.7178 25.6211 17.7589 14.2865 36.989 18.4824 6.8818 26.379 23.3393 8.1634 
11.1408 13.8462 19.4723 12.4901 21.9771 7.2243 26.6996 7.017 35.6163 24.1956 7.3991 22.3501 15.5044 13.0883 14.841 
12.8722 18.7176 8.7226 3.091 13.2573 4.4024 25.318 5.9942 19.4187 25.3183 4.2872 12.8061 13.4225 9.8404 6.2434 
28.1712 27.2726 21.4778 17.6782 28.9129 23.7689 11.3896 29.1194 7.1783 23.5781 27.585 23.8464 23.7791 23.6546 24.3718 
23.2705 32.6179 6.6269 15.7305 5.1885 19.0151 30.4995 14.7597 26.7032 38.0765 14.6402 1.1866 26.5301 23.2443 5.9208 
10.9564 15.6966 22.9024 16.7309 21.8067 11.54 28.8188 11.1184 33.6224 19.8187 11.72 21.6711 15.8028 13.1199 18.3941 
13.0573 19.2322 9.8343 4.3454 17.4705 10.0869 16.8242 12.966 15.8874 24.0912 11.5766 16.6853 15.3478 11.2089 9.6229 
24.8791 29.3223 10.8624 18.5577 3.7573 16.5768 34.3154 14.1538 29.3767 38.6671 15.3068 3.7695 30.3157 25.3778 9.2843 
2.6944 5.9495 25.9199 13.522 28.7343 12.593 18.4514 14.2631 27.8361 8.9844 14.7361 23.7791 0.8789 3.8515 23.1272 
13.5193 24.0295 10.924 8.4466 11.4908 6.7607 26.7761 2.8899 24.2212 29.3121 2.4709 10.1318 18.0627 15.2499 6.7303 
2.4937 7.6743 18.7475 10.9382 20.9392 5.3606 19.4005 12.8041 29.8893 14.3877 10.3303 24.8363 6.2489 3.7685 18.1325 
7.3277 10.2593 23.4182 17.6436 23.6395 8.8205 23.1177 11.811 35.5125 15.7553 12.3305 26.9769 10.7312 10.307 18.8608 
11.5315 14.6516 15.6466 9.3301 14.7964 4.8305 29.3167 3.3903 30.9241 25.2359 4.314 18.3183 16.2116 11.7663 11.1757 
6.5371 12.7791 15.9081 5.4173 21.318 4.9588 18.977 9.2918 23.4954 16.0084 8.2546 17.0799 8.1419 5.3228 13.0058 
24.4791 30.6372 8.9855 12.6292 22.1863 22.3075 22.8207 18.6649 7.4867 31.2594 21.2156 15.3003 25.6312 22.0646 13.3022 
16.7164 20.0781 18.5731 14.2569 25.8161 16.9006 5.6384 23.8275 16.5176 13.4563 19.3711 23.7028 14.5325 11.1027 20.5603 
28.3225 38.7909 8.2671 15.6699 9.5528 19.4219 35.6543 17.2556 22.2824 37.1371 19.252 5.0674 28.2482 28.4624 10.0077 
10.0811 17.5003 10.7964 4.4078 19.8995 6.7649 17.1049 12.7567 19.6796 18.3401 9.5846 15.8132 12.1956 6.6497 9.9903 
12.6163 17.6925 18.1319 11.817 24.9135 14.1758 8.4273 20.3712 19.539 15.0109 16.6696 25.2964 12.1213 9.9326 20.2224 
17.8944 16.2201 34.1509 25.7122 36.0648 24.5557 13.4326 27.2794 26.6686 7.599 26.1354 34.9387 14.7099 17.6733 28.0706 
6.5264 10.7966 20.6884 13.5786 26.441 13.1847 11.485 20.4244 22.3908 7.4111 16.1576 29.2075 5.8006 4.3106 20.6003 
14.7293 17.5374 24.7696 16.2535 20.1982 10.7813 28.4578 9.0595 36.6071 23.4308 11.7913 19.7664 15.4622 16.7997 19.5648 
19.0056 24.8635 12.2206 14.2705 7.5165 10.4297 34.9476 5.5754 33.7167 29.7508 5.9023 11.9479 20.2782 21.4903 9.7077 
3.5298 7.0454 21.0497 13.6626 21.5871 9.0268 20.5493 13.3658 30.0034 13.2702 14.1898 26.5674 6.8265 6.798 18.3075 
3.8213 7.7051 23.3661 13.1162 26.3967 6.4156 19.9389 9.5791 29.305 15.5822 11.3087 26.7696 7.0613 6.176 16.1102 
10.5833 12.4678 21.5624 11.2106 24.7027 13.8748 9.8259 15.6723 23.8516 10.0151 18.5139 24.5904 9.1478 6.2972 18.903 
13.1418 15.782 21.99 16.2746 19.8403 12.0769 29.5362 11.2089 38.8293 21.6535 13.3532 24.7741 16.5035 15.1773 23.1874 
25.7419 29.126 8.1445 15.8853 18.0852 21.3535 26.2173 18.2361 10.7953 31.517 21.0045 10.9565 25.7143 26.5069 13.6476 
19.8543 25.8776 25.9041 21.3016 33.1145 20.4421 1.4682 30.4404 16.247 19.0534 26.7561 32.3842 21.1419 15.5171 23.8713 
7.6007 13.3809 19.7503 9.5704 23.4634 12.3758 11.7215 17.2458 23.1993 11.8856 13.555 23.0977 7.1387 3.9485 15.4868 
16.4533 20.2681 20.8257 16.4622 30.0177 19.6105 3.7436 24.172 18.4602 17.0643 24.239 25.2277 17.167 12.6195 23.5899 
21.8543 28.5769 9.0014 12.2526 4.3005 11.3034 32.9864 7.2697 29.5306 30.4066 7.4235 7.7091 21.5273 19.096 6.3593 
14.3034 20.5529 9.9495 4.9593 16.6086 10.0978 17.2661 12.2962 17.1632 21.9931 12.7065 16.8581 14.8345 12.2672 10.7987 
9.519 15.4836 9.7811 3.1987 13.6727 3.036 24.6558 5.5126 23.6563 23.389 4.7101 14.7739 12.2351 10.9487 8.6718 
33.5703 34.7255 21.1466 19.8464 33.2723 28.6045 18.9552 32.3084 3.7726 34.3811 26.0306 28.258 27.3072 25.7571 20.9382 
5.5725 1.2215 25.5745 17.6337 34.2212 14.1624 22.9577 16.1663 30.4058 8.2377 17.1544 28.9259 3.5728 7.529 25.1389 
30.9688 28.285 14.5977 14.7872 22.7914 25.5999 19.3633 22.7366 2.8094 29.2106 21.734 17.6067 24.4022 22.7029 15.4092 
12.2481 18.0359 10.424 2.7216 21.6908 7.3275 18.1333 9.5949 18.4294 17.9522 10.3903 15.3852 11.9925 8.9894 10.6658 
2.5573 7.964 22.0183 14.0791 26.9117 7.2191 20.5033 13.68 32.299 12.0638 11.035 25.4855 6.3122 5.8744 21.4421 
15.2005 20.1914 12.8029 10.0108 24.0457 13.9119 10.7606 21.5259 13.3775 19.6974 16.2936 22.2443 17.664 11.2948 16.8322 
9.0803 7.2693 29.5092 18.4059 36.9654 18.3964 14.8811 22.6879 25.1214 4.6095 21.1276 29.3013 4.9481 6.5748 26.2092 
25.0712 30.0946 4.5062 12.8587 9.2792 16.3014 30.1976 16.0175 19.4872 35.3506 13.8753 1.959 30.0694 22.118 6.7956 
24.3124 25.0339 6.4176 10.3648 16.5761 17.5293 21.9782 18.1697 11.4362 24.5298 16.4038 14.1844 20.6037 19.0416 11.4444 
6.0046 2.2737 25.5982 18.6926 27.9197 13.4988 18.3399 18.8156 34.4211 5.8027 19.9018 28.6228 3.1483 8.4726 26.621 
13.4117 17.1408 11.2211 9.7885 13.5826 4.1146 30.166 0.5567 31.1167 22.6997 0.9888 12.3439 15.9417 15.4189 10.0143 
22.8933 29.1096 8.4643 10.4055 21.0301 16.31 17.4066 19.2847 9.0202 25.4991 16.1024 16.318 23.1761 16.5939 12.3563 
10.1843 8.8836 26.0962 17.2786 34.8308 17.1856 11.9645 20.5648 24.1377 5.1538 21.3518 29.5173 6.2067 6.9558 22.2185 
9.3133 13.7208 17.6257 12.4914 20.0976 7.1161 25.4297 9.4306 36.9326 18.8676 9.4451 21.743 11.4819 11.1813 16.5626 
24.6729 27.5391 10.8258 13.3059 24.1567 20.394 15.7663 19.7461 7.4879 25.9898 21.6126 16.4695 23.9396 20.1078 15.8453 
25.662 27.9031 6.0333 11.0221 6.5227 14.1548 26.9442 11.4171 20.3017 29.4598 13.1373 1.9117 24.9378 25.6256 4.3262 
6.4399 6.8044 24.6603 14.5242 28.3206 11.8157 14.0912 16.4687 27.1424 6.7841 16.4904 23.8655 4.1049 4.2417 20.0521 
21.5254 32.6769 12.3632 13.2684 26.4416 20.3253 16.8121 23.4989 4.9697 26.3133 18.8318 16.9102 25.2655 22.3834 17.7229 
14.9979 12.4367 27.4286 18.3426 35.0897 20.4427 8.5143 26.5449 26.4485 7.1783 21.677 28.6882 11.639 11.8425 27.3257 
18.136 12.3834 34.0464 24.4449 45.6869 25.3814 16.5084 25.8407 35.6509 5.9465 25.4009 40.4722 14.1143 14.7251 30.2819 
4.6032 5.8782 21.8039 15.8178 31.027 11.2287 16.8994 19.3818 30.7908 7.0788 19.9073 24.8451 1.8457 4.3477 19.1347 
11.0677 9.4622 31.642 20.0992 27.9083 13.02 31.4161 18.1994 38.8733 21.2563 14.87 28.5155 13.1898 13.8752 26.8578 
9.0104 14.0371 20.6125 10.3924 28.7036 12.7734 12.7297 17.4491 22.4442 10.8463 18.3625 23.1629 8.1764 5.5139 19.4628 
25.7391 34.0393 5.7787 13.194 6.3224 17.2431 32.7297 13.0272 19.4785 35.0719 12.6348 0.5939 30.6188 27.0849 6.716 
15.3903 22.634 7.0281 2.0909 18.9154 8.4344 18.0401 11.8253 15.4568 24.3573 9.2241 14.8269 14.5193 10.9475 7.3422 
14.7463 23.9597 11.9437 7.6712 19.1398 12.6234 14.0712 13.7859 15.576 20.2314 16.3736 17.5695 17.5395 12.6965 13.1257 
4.8591 1.4571 27.3023 15.4736 28.2112 13.4689 22.7989 16.4688 30.3104 6.6022 21.0446 31.1202 3.5584 8.6079 23.7159 
11.1598 12.3318 25.1658 17.8792 23.4459 12.5946 29.2253 12.9834 39.1334 20.3778 13.0486 27.6422 14.6097 13.1827 24.2075 
12.1278 18.5313 18.0633 10.9166 24.6741 16.039 7.6612 19.1182 17.8774 13.2501 21.2526 24.2975 14.5321 11.0425 18.7473 
20.2439 24.0108 8.3308 7.9333 19.9993 16.4326 16.2148 18.7691 10.2826 23.053 16.5861 14.2421 24.3949 18.7229 11.2438 
12.1758 8.1004 30.1606 21.1955 41.3504 21.2104 17.5289 27.9408 35.7951 2.1756 24.8544 33.238 7.6064 10.5376 31.0642 
13.7504 12.6277 28.1202 22.6783 38.9068 22.5714 12.3185 29.5206 31.4563 4.1632 26.3432 38.6839 10.4605 12.1127 25.1174 
19.5814 14.5973 28.9858 23.6708 45.7153 27.1511 12.5994 26.768 31.862 6.9212 32.8253 33.7576 15.315 17.3458 29.6111 
5.9239 2.419 26.256 18.5734 27.5051 13.166 26.494 19.1178 32.0393 10.9942 16.0372 28.5383 5.6434 10.2765 24.0921 
33.182 35.415 11.1223 17.7429 5.6382 22.9882 35.1209 18.5902 31.2783 35.495 14.8212 6.6207 31.3471 26.1986 13.1942 
16.2533 23.365 11.7048 5.2759 23.0038 12.1939 16.1695 15.6308 14.4321 22.2057 13.6978 14.4312 15.7795 11.3136 11.1016 
13.1574 13.9504 20.5149 14.5869 15.8758 6.2684 27.7448 5.5721 36.4198 21.7594 6.0 21.9535 15.364 12.1568 14.1783 
17.2294 24.5927 5.5202 8.9427 7.9223 13.0948 24.9342 9.6165 24.7377 32.6995 7.406 5.8947 26.3663 20.5355 2.3231 
8.851 10.6724 24.1105 15.1652 33.8504 16.4616 13.2331 24.7658 28.2332 4.5478 18.7604 34.9565 6.5387 6.5477 21.6983 
25.8113 29.8836 8.2195 12.049 20.9589 17.3275 21.5536 18.1945 9.5045 27.9759 16.6329 13.0042 27.963 19.8734 10.2445 
19.8342 24.8234 20.902 13.5707 33.1146 18.8517 7.8976 27.507 11.1313 24.7924 21.1709 24.1429 20.7766 15.1328 19.56 
7.8431 6.4051 24.0589 18.7833 31.8833 18.2321 17.797 22.645 32.8954 3.2592 23.236 28.9588 4.2961 9.1393 22.8004 
13.1267 12.9945 28.8344 23.0125 35.614 20.7195 14.7951 27.775 29.7893 3.2619 29.4046 35.1897 11.1678 12.7493 28.4331 
22.6418 25.8481 6.9828 12.0264 5.3757 13.3867 31.5608 9.0218 23.7205 32.1519 8.4 5.0045 26.8372 22.7086 3.9273 
14.8812 18.3354 9.6894 4.679 17.8754 10.4042 14.8091 13.3944 16.1278 20.4397 11.637 16.1107 15.3913 10.6253 10.1241 
12.7762 13.9717 25.2856 15.333 31.7484 18.4095 7.385 23.5076 20.2323 10.8111 18.5889 25.5057 9.4381 8.4047 24.9804 
20.7984 29.6004 20.3451 15.8807 30.5837 21.6925 9.7068 25.8071 8.0913 24.126 27.3789 23.2311 21.5423 20.0298 18.234 
7.8447 1.3999 27.8254 17.3087 35.4678 14.6748 26.308 18.1759 36.4247 8.559 20.7402 30.7197 5.8473 9.5801 27.1946 
18.9714 23.398 12.3823 12.8959 7.017 9.8395 33.3406 5.1504 31.7448 28.8541 6.7085 11.8748 20.034 21.0048 8.1584 
18.3071 21.7168 3.6059 5.912 11.96 11.7264 21.9898 10.1901 18.9983 26.8136 11.3808 10.1522 20.8928 17.3073 3.5461 
18.7922 29.3754 9.5481 11.3565 20.5313 15.806 15.696 20.82 9.1086 28.9515 17.2869 16.4902 19.7865 17.0878 13.4384 
11.1814 7.9396 30.8053 22.3076 33.8551 16.2938 16.4918 26.0037 34.2535 1.7853 26.4959 32.74 6.4322 9.0051 25.6326 
21.4075 29.105 9.9763 13.8923 20.1468 18.5456 17.1528 21.2573 7.4595 27.0649 22.6294 15.4724 27.9068 19.3156 13.4305 
28.579 29.5181 13.4601 17.4022 1.1857 16.3747 40.6658 10.0536 33.4448 35.5705 10.5223 8.0334 31.4703 21.7975 10.117 
26.1476 29.2868 9.4155 11.0395 20.0567 17.3486 20.3195 20.1837 7.0204 28.3049 20.7754 15.9335 23.6252 19.6042 15.4348 
22.1245 30.3871 20.4403 15.566 25.9341 25.3182 11.7092 26.8063 7.4325 23.7221 24.3708 21.1912 23.2496 21.4776 19.7241 
11.1464 15.8612 11.4498 3.6517 17.6436 8.9053 13.986 11.9226 15.3981 21.5234 11.3341 16.5746 14.8568 9.2163 9.1155 
29.0106 31.3457 14.2348 16.5981 24.6981 23.1692 19.2263 25.8235 4.8389 31.0863 20.8137 19.7792 32.1547 25.4543 15.8229 
12.3857 13.8059 21.5665 11.4635 28.7538 14.0002 8.7817 17.6805 18.6606 13.7071 19.5033 22.0082 9.3748 6.9338 17.1776 
12.0432 20.0067 12.9288 10.6667 12.3008 5.6756 30.5159 2.1076 32.048 28.0833 3.1006 16.7682 15.7172 15.0171 11.9247 
24.1324 25.8302 18.4969 17.3349 31.5688 25.5028 13.9558 30.0776 6.3543 26.3538 24.2448 26.2982 21.6627 23.979 20.9133 
12.8289 13.0206 23.6068 22.0261 36.7323 19.8604 8.3652 27.0392 29.5504 6.0753 27.5615 31.011 9.7765 11.4641 25.1701 
13.264 13.649 28.0693 22.9561 35.4743 21.3645 9.1707 26.332 25.0669 6.3207 23.1461 36.6535 11.3907 10.0971 26.9801 
14.6206 18.9471 9.5562 2.8408 17.1887 9.7514 15.348 10.9908 17.2587 18.6507 12.6078 16.8033 14.2449 11.7034 9.1838 
29.4479 31.2731 8.8036 14.5328 3.1796 16.3142 32.7881 14.4787 30.0251 35.043 13.5633 3.7471 26.2167 26.7605 7.9697 
13.1134 12.6824 30.1653 17.8168 31.6256 17.4368 10.1787 27.744 26.8079 5.6843 24.9189 37.0334 8.147 11.9311 30.4757 
5.5187 6.4757 23.2307 14.877 26.9131 11.7289 21.5847 13.7476 32.1469 11.9355 15.3406 27.4197 6.5873 9.1657 23.1878 
9.4484 8.3402 28.1853 22.9089 33.4498 17.2056 14.5259 26.8758 34.7778 0.6729 21.951 32.4553 7.5124 9.88 30.579 
18.1389 17.4709 31.0861 19.7829 40.503 23.6446 4.1564 24.5693 19.2072 14.3376 27.7882 34.4626 14.1273 15.589 26.9584 
32.5556 35.9217 24.8393 23.3353 30.1969 27.7917 16.5819 36.0283 5.4399 31.4618 31.711 30.8078 30.002 28.0886 26.8867 
9.7415 10.3322 24.8351 14.7285 36.9346 18.2918 11.7472 22.6026 28.8132 7.6215 20.7438 27.6756 7.0045 7.5052 26.1485 
4.8394 8.6267 18.9491 11.891 31.2434 10.6053 16.3528 16.6498 23.7128 9.6573 18.1801 25.7313 3.5622 2.5309 17.4684 
22.0106 29.8682 9.2587 14.3349 3.8469 14.5093 37.2273 10.7073 24.8992 32.976 10.4949 3.047 28.8833 22.0413 6.3243 
29.8492 34.6776 10.57 16.9524 22.3456 22.3541 23.7179 22.2399 6.7584 32.3053 24.5877 16.4509 28.1837 25.3108 15.2847 
8.7209 16.5235 15.4272 5.6211 21.3823 9.7589 15.0892 12.7731 16.4001 18.0612 11.9651 18.2681 10.6627 6.824 14.0757 
15.8631 23.733 16.0468 10.441 27.3162 18.5242 9.6881 21.1533 12.7521 18.6233 18.3599 24.3859 14.4884 11.4642 18.8366 
20.2801 15.2927 29.6488 25.5839 42.6475 26.662 9.9779 33.589 32.6589 8.2403 30.4795 38.515 13.1231 13.5781 30.8965 
16.4689 21.3643 5.2901 4.9704 13.5023 11.0881 18.9504 12.6072 16.0122 24.0071 10.0016 9.4847 20.5753 16.8296 5.6254 
29.9846 30.661 8.7773 13.4431 16.6258 20.1843 24.8736 19.5994 10.0223 35.9312 21.8963 11.3635 25.5359 23.7785 13.159 
21.0331 30.3025 6.0323 9.7727 17.9547 16.9448 19.331 16.2224 12.0866 28.9218 15.0106 10.1472 21.9895 20.2441 9.2772 
7.5537 10.2125 22.2101 16.457 24.1805 10.3361 26.4066 12.7877 32.6329 20.8926 10.0689 22.7299 10.9423 12.2052 20.746 
25.3758 31.1575 4.9273 15.4678 11.4722 20.9142 26.7671 16.4246 17.588 36.6703 16.9698 5.6694 27.2698 25.534 9.0725 
24.1319 36.208 6.194 14.3905 16.6407 21.0717 29.6641 16.9508 12.2383 35.3691 19.1101 9.44 29.3184 26.1019 10.5742 
14.8795 14.7394 34.6078 21.1028 42.8221 24.3517 15.5027 33.0928 33.0543 4.7157 29.6892 32.9555 11.9786 16.6413 28.6734 
6.4526 0.3097 29.9775 20.4919 27.67 16.0524 21.6634 19.6231 39.0588 8.0278 20.2677 27.4723 4.4999 9.8199 28.0321 
8.6979 4.7067 31.356 19.9794 30.4127 19.064 18.7036 23.9215 32.7941 4.2111 25.1555 33.3963 5.0178 8.7895 29.8257 
20.2547 25.7449 19.8277 16.0288 33.2159 20.04 7.6632 21.0348 10.8471 23.4047 25.0991 23.4902 20.2008 17.2476 17.4998 
16.8165 22.9711 11.6344 8.4216 20.622 15.4101 14.3561 17.0452 10.0712 25.9947 15.0334 17.6742 20.6228 12.8263 12.028 
5.4814 9.4373 17.6002 8.6689 22.7261 9.5181 13.7556 15.6414 23.9468 10.1826 13.4072 21.7375 6.1647 2.1632 18.846 
19.3368 28.2876 3.1192 7.6368 10.3657 11.8939 25.3697 9.3592 21.0711 32.6176 10.316 5.3371 21.4529 17.1179 1.3875 
21.2225 22.9266 3.9626 6.8546 10.0655 11.4955 29.0637 9.6596 21.7675 30.5135 6.8134 6.8055 21.3572 14.8764 0.6201 
18.516 29.9088 6.3961 7.6083 17.4602 13.1776 18.9713 14.287 11.3451 31.1053 14.2282 11.3216 22.6796 15.515 8.1929 
20.4407 30.135 9.7649 12.271 22.4038 20.7238 19.6512 18.279 6.9891 25.5289 21.8814 14.5654 24.2886 18.9822 15.2858 
27.3439 29.53 8.3618 14.8698 21.9962 20.4248 20.712 20.5336 10.4656 30.1417 22.0962 10.9745 31.8049 25.2113 10.6818 
20.3612 29.1057 25.8902 16.5876 31.3185 21.4621 4.8205 31.2856 12.8997 21.3187 28.0352 29.5242 19.4736 16.5848 27.6914 
7.2564 1.3783 24.9908 22.1389 26.9529 14.4461 22.9179 17.6322 30.5788 9.6047 17.8293 28.5877 5.5967 11.007 26.3286 
10.0111 14.4541 10.8359 5.5475 14.6892 1.9949 26.0964 5.0802 24.8708 19.1809 3.7092 15.6412 14.7373 9.7865 9.1373 
9.7679 15.6496 12.4984 5.5717 20.444 8.8836 14.3206 12.4917 18.8062 17.9305 12.4885 17.6468 11.368 4.9546 12.4901 
14.7221 19.3982 25.0242 19.6067 19.2617 13.2453 36.7346 10.375 39.6388 23.0514 9.2755 20.0833 21.3888 18.6023 16.8554 
23.8981 25.3375 3.4299 8.1432 7.4932 11.6023 25.3787 11.2163 23.1479 28.3665 9.8375 4.4656 23.7474 21.7899 1.9352 
1.1045 5.5148 22.707 14.7018 28.6203 8.5519 17.868 14.4961 29.8727 10.6807 15.8843 25.5906 2.716 3.5446 18.9428 
6.5911 5.8005 27.6429 18.039 25.5247 12.3639 26.9576 16.2306 39.1204 13.0845 15.4637 27.1078 8.6046 9.6057 27.3996 
5.681 0.2358 29.8752 20.0748 31.5399 13.9506 22.3355 17.1695 34.9758 7.4547 17.5855 36.0509 4.4335 9.4918 27.5268 
23.2208 34.2999 7.0155 12.3998 8.5527 17.2706 33.9721 13.8719 24.1584 36.8072 14.3407 1.6916 27.0948 25.1473 6.7263 
33.0104 34.5571 10.3719 17.2589 7.0348 21.2797 34.6043 15.8376 28.1897 41.0814 16.5545 4.6051 37.7112 25.1859 12.4747 
9.265 3.9607 31.7969 18.6323 36.178 15.4896 17.8753 22.7361 38.0929 3.7378 23.98 37.2774 5.4697 11.4702 27.2004 
16.8789 15.2182 26.6062 23.0171 23.4782 16.9749 39.354 14.3531 38.3372 24.3884 17.5639 31.3794 16.59 17.4578 22.3205 
4.3721 9.1641 17.1272 10.0743 25.9425 6.9061 16.2463 11.9194 26.3323 12.5345 13.5055 20.0494 6.0404 1.3373 17.9949 
29.2246 35.9652 23.146 23.9758 29.6348 25.2787 14.891 28.7436 4.2019 29.448 26.1694 25.2982 27.7085 25.6995 23.1449 
12.6795 13.1224 26.302 23.3222 24.4753 14.9419 37.7968 13.1343 35.1779 24.3458 15.9598 23.9977 13.9237 17.6253 21.4764 
34.6079 36.2847 21.3047 26.1085 34.6569 32.9222 19.6374 30.3257 3.9218 33.8865 27.3456 29.7095 30.3745 31.3318 24.8185 
12.4004 19.4837 8.5288 0.538 16.9161 7.2166 16.6615 8.7913 19.1674 23.3528 7.6124 13.8379 14.7934 10.7071 6.9978 
8.076 3.249 28.9047 16.6926 35.5612 13.8528 16.8723 22.5407 29.3073 4.2505 20.3889 33.4001 4.3918 8.1892 28.1973 
27.7159 36.2807 8.0424 17.2221 4.2632 18.3784 35.9218 13.6528 25.7034 36.2641 15.7548 2.66 31.0839 28.263 7.4619 
9.9202 16.466 14.1054 6.8367 19.7413 10.7385 11.728 12.6696 16.1653 14.6868 11.8711 18.3702 12.5902 7.3775 12.1131 
29.5072 35.5994 11.5212 18.3391 7.2049 21.3173 32.2572 20.5981 25.5165 37.4411 16.4262 5.2971 29.7628 33.595 10.7074 
22.8422 28.5031 4.7079 12.6996 15.2529 20.0873 24.3212 17.504 14.6969 32.7436 15.3566 7.7762 30.6013 21.8421 8.7873 
10.7634 14.652 20.4419 13.6903 20.4349 6.9234 25.8821 8.4965 30.8655 20.6459 9.4872 21.2264 15.0064 14.5111 18.7778 
12.7817 20.161 9.6612 3.2008 14.3676 4.5794 22.0931 6.5836 20.325 20.9165 5.0072 12.3597 16.5498 11.3136 6.2073 
28.0191 27.949 21.0293 20.4087 33.3581 25.6919 13.4353 30.3121 7.3301 29.8201 26.5531 25.6614 27.2925 25.4936 25.5164 
26.8567 28.3242 7.4754 15.8274 5.811 18.8799 28.5939 14.6824 21.4535 30.8566 14.1411 1.1422 25.5466 25.5918 6.4207 
12.1629 14.7003 22.2593 17.7265 23.4923 11.5727 28.1316 9.4232 34.9602 22.0484 10.3637 24.7739 15.7324 15.9809 16.9909 
15.849 21.5753 7.8695 4.139 20.3348 9.4335 17.3371 12.3802 15.8197 23.6397 10.4454 15.9028 17.9568 12.0108 10.2173 
25.2265 37.3012 9.4129 18.6187 3.6122 20.8335 34.0448 16.1437 28.3207 35.5651 13.611 4.6441 29.3503 22.5981 7.9752 
2.8085 5.4819 25.1127 15.0501 27.8436 12.5583 16.0764 16.4521 25.7486 9.0821 17.7157 25.0699 0.9772 4.2698 19.2045 
15.9048 18.7138 10.55 8.3769 11.2683 5.7649 29.0153 3.0154 28.1649 28.9064 2.4151 9.7579 17.801 14.8166 6.625 
2.8202 7.9289 17.6262 9.4467 24.5264 6.3811 19.6289 9.9983 28.3539 15.3541 10.0553 20.439 6.1196 3.9753 16.6918 
7.47 9.136 23.3063 17.9627 25.5679 9.6393 25.3858 12.0875 36.9338 18.0053 12.966 25.2009 10.2639 10.3405 19.3612 
11.7787 18.3417 15.4607 9.7526 16.318 5.5915 28.9654 3.9177 31.3127 20.4713 3.5304 14.8354 13.9673 11.1998 13.8341 
6.1669 11.8484 13.674 5.0228 19.0252 4.1606 19.0405 9.4619 25.293 15.6747 9.8292 18.1564 10.1773 4.7434 14.3448 
24.1465 31.6313 8.5689 15.1358 23.5027 18.9628 22.7839 18.6035 7.7381 33.775 18.105 13.9389 28.4584 25.0061 12.1224 
16.9205 19.1172 19.2191 13.5619 25.2854 17.7214 6.908 20.9443 17.0228 16.5112 23.3224 22.9003 12.6099 9.7296 18.0807 
31.0073 30.7824 6.7524 17.6017 9.3476 19.6352 35.168 20.2182 22.1666 41.3968 15.9812 5.1339 34.0756 25.4038 10.6016 
10.2669 18.3616 13.031 4.0363 18.4572 8.1886 18.1357 13.2193 20.6312 19.3202 10.8699 16.7487 12.7101 8.4499 13.2155 
14.7653 17.3361 15.3978 12.0944 31.0107 14.4957 8.968 20.8376 19.1138 14.7573 17.4796 22.41 14.0243 8.59 19.3095 
17.8644 16.7858 34.7359 27.9465 45.2003 25.9791 14.0577 32.2688 30.2197 7.4713 25.7673 41.7826 15.2794 16.0389 28.3093 
6.3518 8.4553 22.5509 12.9759 30.2338 12.5841 12.9512 19.1298 21.6315 8.5767 19.7019 26.9852 4.8842 4.456 23.7529 
15.9372 16.9116 24.5281 17.8615 18.3039 11.1092 29.231 10.0288 41.8246 23.2952 9.5219 22.3894 16.2518 15.7427 17.6334 
16.5884 24.8363 11.8088 13.0448 8.2305 11.696 36.1669 5.4391 28.6759 26.4858 5.2656 11.7155 23.5282 16.5625 8.1672 
3.8482 6.6458 23.5977 14.5284 23.5214 7.9826 23.1003 11.0896 36.6453 14.2251 14.3529 25.9214 7.2598 7.4832 21.919 
3.4829 7.4776 19.4376 10.7796 20.4405 6.2015 23.5041 12.2302 26.8462 12.6707 11.7228 26.6198 6.9554 5.7499 19.7268 
10.6798 11.7817 17.8562 11.9969 24.2842 13.7189 10.2277 15.9887 22.5532 10.065 18.7625 21.9132 8.7204 4.9806 18.3494 
13.2257 13.9981 23.1332 20.9168 19.0878 12.3215 34.3682 12.5182 36.1286 24.2641 12.2317 24.7741 15.94 15.6726 23.0693 
30.1944 29.6859 7.4325 13.3762 18.9932 22.3337 21.5505 22.3034 11.4071 35.7347 22.8119 10.5365 31.391 23.4984 14.0269 
18.3561 24.1498 26.7632 20.9804 34.2313 20.0273 1.7096 25.8896 17.1189 17.4694 26.809 28.3112 16.6405 17.1022 24.1832 
7.5517 14.359 20.2095 8.8424 24.5171 12.3634 10.7438 16.915 19.6569 13.9246 16.1664 25.8025 7.5335 4.4491 16.1679 
17.216 18.4261 22.1133 15.9693 28.753 21.4771 3.0581 24.2629 17.3024 17.1082 20.8783 27.8008 17.1446 12.2804 22.243 
21.7232 28.6758 11.5765 14.1338 4.813 12.2964 36.2283 6.5498 26.2835 33.0693 7.0924 7.6662 23.5541 22.8012 7.4798 
15.8744 21.8089 7.6575 3.9402 19.2988 9.9081 14.9385 14.5507 13.1537 24.6591 11.0468 15.0062 15.631 13.7911 9.6088 
11.4247 18.6998 10.6295 2.8685 16.336 3.0021 22.7274 6.2789 22.5066 21.2453 6.0246 14.0992 13.8788 9.7315 9.4335 
31.7974 31.737 23.1119 18.6611 28.2897 30.2079 16.2697 30.9738 3.0848 35.9334 33.4727 22.939 32.5852 26.1301 25.2045 
5.7993 1.3149 24.0626 19.584 33.1831 15.3712 20.3777 18.2359 31.8487 8.3331 15.6529 29.2035 3.9964 8.0655 21.5784 
24.0099 36.3491 16.3621 16.3638 23.9135 24.9188 19.0959 26.4258 3.1531 34.1899 22.6332 21.0105 29.5926 27.1697 15.4962 
12.5042 15.8698 11.6537 2.9697 21.3935 7.4996 19.1127 10.762 21.1916 16.8577 10.8055 17.6377 12.3562 7.6066 11.6488 
2.5908 7.237 22.7162 13.7586 21.3706 7.5454 20.8608 13.55 31.4599 12.5693 13.0004 28.0151 5.7337 7.1665 17.5841 
17.6459 19.2492 14.4153 9.0686 24.1977 16.0964 9.232 16.9798 12.0713 17.3755 17.5742 21.1333 15.321 12.8439 17.3924 
9.0603 7.9868 26.6344 15.0458 34.781 18.12 14.171 19.9316 28.9063 3.9488 21.9634 33.2088 5.9035 7.7062 23.2063 
25.6267 34.8752 5.3354 11.8578 8.3672 18.9535 30.2838 16.5766 21.3543 33.7082 13.0738 1.7216 29.1662 24.9656 5.8565 
22.8908 28.8305 6.9488 9.8128 18.8803 15.1654 18.5507 17.3348 11.8401 25.2446 16.3315 11.5563 25.1831 19.6881 11.0722 
5.4075 2.976 27.6239 17.728 34.9695 16.0998 17.895 19.4192 31.3539 5.7072 18.4954 29.4358 3.2699 7.8684 24.0149 
12.9594 17.7506 12.2721 8.3884 13.8981 4.3689 29.5197 0.5602 28.1544 24.6456 0.8704 12.9219 15.7676 12.2598 9.515 
19.0859 29.6727 10.1598 9.3964 20.258 15.8094 17.1102 19.7173 8.4154 23.731 16.6818 14.4502 22.79 16.0134 13.2437 
9.95 10.3116 26.0262 18.1151 32.6716 15.9657 10.9231 21.0943 28.3153 5.5083 21.2526 31.658 6.4187 7.4712 23.9949 
9.0264 12.9327 21.8047 14.4328 17.7235 7.5336 27.269 8.9269 29.4881 20.2089 9.0873 20.3142 11.0065 10.7347 18.2801 
24.186 25.5485 11.5735 12.0314 20.5262 18.0233 16.0129 21.4169 7.1779 27.6511 20.3552 17.7217 22.7907 19.2652 15.9564 
22.6254 32.2195 4.9969 12.0744 6.1741 15.9101 31.7243 11.2127 25.146 29.0556 10.1314 1.587 26.6069 22.7353 5.2923 
6.4694 7.1235 22.9738 15.2386 32.9915 13.0858 15.6161 19.6533 23.8434 7.9166 20.0291 31.1745 3.2937 3.918 20.0274 
24.8417 26.0579 13.984 14.9444 25.9666 20.612 14.9113 22.9544 5.4309 28.263 24.4417 18.2778 22.2051 23.1392 17.4847 
12.7291 14.8541 27.2883 19.9979 37.1291 22.2266 8.8329 23.9174 27.4092 8.7012 23.6432 34.6201 12.3146 11.2151 29.9554 
16.0298 15.3702 33.453 26.1889 42.3312 21.4455 15.5029 26.5205 34.864 5.3021 30.3221 41.0582 12.3926 17.4253 33.1863 
4.2824 5.6491 26.2498 13.9336 31.5357 11.0868 15.9191 16.6936 24.8758 7.4351 17.1247 30.5655 1.6528 4.4433 19.9915 
12.3753 10.0387 28.8653 21.9572 25.756 13.7508 27.9401 15.0375 41.0092 16.7526 15.3975 29.9011 14.1824 17.0695 27.1198 
10.3394 13.8514 20.9656 11.4206 30.3092 12.0781 12.602 15.6018 24.118 11.9845 18.3241 26.5266 8.4114 4.5502 21.3553 
25.811 28.7529 5.872 14.3686 6.4631 16.1963 32.4823 12.903 19.9945 33.6687 12.9259 0.6399 28.0813 24.5416 5.1938 
13.6483 18.1727 7.0304 2.3381 16.3743 9.0166 17.6912 11.1665 18.4158 23.9763 9.6536 13.6 17.6659 11.6904 8.8263 
15.9477 23.6352 9.9317 6.3991 20.8984 12.6341 12.7597 17.1611 12.0181 17.9954 13.1523 15.6536 14.7922 12.4356 12.1585 
5.9421 1.2507 24.7263 17.7673 34.7858 14.1614 22.0275 21.5237 35.2147 6.9911 20.4488 29.1416 3.1333 8.3689 23.3 
11.7421 14.0924 25.3058 17.5476 21.8774 10.2747 33.4368 11.2724 38.1857 22.5276 14.2328 29.3954 13.6775 13.4378 21.6932 
13.8336 16.0483 18.3578 13.5315 24.7475 15.5736 6.8269 20.4263 18.4497 15.0134 21.4849 23.8382 11.8467 9.3849 20.0037 
18.6667 22.7115 8.3836 8.3434 20.425 13.8313 15.8481 16.0438 9.932 23.038 17.7001 13.1187 18.8383 16.2133 8.9909 
12.6691 7.3707 30.4421 24.1553 38.6196 21.7966 18.0066 24.3155 33.8108 2.2406 24.5057 34.7748 6.7752 11.0618 28.0957 
12.4463 13.6493 29.3414 22.9423 37.8005 17.6773 13.4117 25.8176 27.605 4.7682 23.5926 32.7006 8.8424 12.1061 27.8675 
16.1953 15.6587 28.9219 20.7915 43.4099 25.1127 11.9338 30.1796 30.5035 8.5751 27.4828 38.4925 13.0843 14.2487 32.2092 
6.8793 2.608 29.2211 20.1697 28.755 15.8138 22.951 15.6191 33.9489 9.2869 18.6712 33.3375 5.7216 11.0652 25.4457 
28.5148 39.7369 13.2828 19.0227 4.6317 23.5023 42.4668 16.7779 24.0541 37.9112 16.7824 6.4767 32.7338 30.6261 10.2355 
16.4316 19.7809 9.3663 5.8812 18.5302 11.9804 13.865 14.9254 13.9809 23.6861 13.3325 15.5413 18.3854 12.226 11.1344 
11.3616 15.5739 20.4063 11.2048 14.9185 6.2142 29.1475 6.0165 34.2666 20.9776 7.013 20.9494 14.41 13.7437 16.5666 
18.8932 25.206 5.8238 10.5681 7.0255 11.1143 27.3859 8.2372 24.1893 29.3577 8.8753 6.2219 20.6253 16.5445 2.8738 
10.5973 10.7119 24.8365 19.4001 28.4309 15.3321 12.8357 20.7681 23.9766 5.8608 21.113 27.8334 7.0309 6.7637 22.4579 
21.4441 33.1628 9.0706 12.9011 19.7169 16.1162 19.166 19.2457 8.7902 33.7414 20.2064 12.4021 26.2911 21.727 10.0871 
22.7514 23.5642 19.3002 15.9798 25.6333 20.7464 9.0698 21.0876 9.9228 23.5114 26.6502 21.0275 21.2667 18.9549 18.131 
7.8064 5.6671 26.6797 18.9717 33.6686 18.2951 16.5324 23.7545 32.0629 3.2917 22.7038 36.6081 5.6346 9.0467 25.5119 
16.5231 10.48 35.2043 25.3427 38.1056 20.389 19.1598 26.2432 37.2851 3.5056 30.664 35.4631 12.9862 15.6723 28.9104 
22.6723 29.9236 6.5288 10.9493 6.2356 11.1901 31.9319 8.8695 21.1441 33.7313 9.9635 4.938 25.5839 18.8128 3.7278 
12.6583 21.5902 11.6356 4.6062 18.8797 11.4484 12.966 13.0316 17.5007 16.7864 12.6144 18.0419 13.5588 10.5569 10.8055 
12.4883 12.7062 24.2445 15.9722 36.049 15.4776 8.0581 22.0814 25.2272 10.0066 19.4804 25.8084 9.9762 9.5255 20.3181 
25.0395 24.9479 19.9375 16.5591 26.3134 23.8404 9.8492 24.9449 9.4081 21.1257 27.1051 24.2147 25.2725 17.7771 19.667 
6.2018 1.6891 26.6893 20.7351 30.9762 15.4513 21.7617 21.3913 32.8843 9.3798 18.1234 30.2599 5.7828 9.087 26.4685 
19.4847 21.984 13.2519 11.0212 7.8272 11.6229 32.4348 5.8717 27.2862 32.2615 6.1916 10.5649 22.9716 16.7838 7.383 
19.8627 25.6926 3.3718 6.2025 14.0626 11.6754 22.9106 11.5051 18.6324 28.8438 10.9617 8.6123 23.3868 14.6574 4.0039 
20.744 24.3276 9.3905 10.8721 25.0987 19.3776 16.119 17.7158 7.2951 23.7664 16.4182 16.8292 21.7639 17.1387 14.1703 
12.239 9.0338 29.9837 21.1021 32.4871 17.1067 15.0136 23.5137 31.1293 2.1012 25.7241 34.9137 6.6426 9.3585 23.896 
25.3369 28.1756 12.343 11.403 24.4334 17.8884 16.8126 23.3356 6.17 31.6603 18.8898 15.1401 24.8509 20.7073 14.5096 
22.131 32.3951 11.6744 16.6729 1.232 14.9804 33.4517 12.4572 25.6919 39.3283 10.5291 7.249 31.8523 26.3383 9.7134 
25.4209 31.4171 10.2556 14.3654 23.1258 16.9418 16.4509 20.2195 6.8481 28.5605 18.8593 14.5974 21.738 23.2067 13.672 
24.5001 27.0153 17.2883 19.2232 27.816 23.8471 10.0889 26.6879 8.1632 22.6719 22.8836 27.0175 24.3429 19.3014 18.1775 
12.6407 19.6292 11.3519 3.8396 21.4498 9.4061 18.038 12.3409 18.98 20.3307 10.9784 16.8127 13.0076 10.0975 11.4687 
28.0223 35.2651 13.8007 16.2476 27.8665 23.3431 21.3161 27.7086 4.0549 33.3636 23.5194 15.6425 27.5694 25.8512 18.5214 
12.3238 13.7637 19.2776 12.0902 29.8711 16.2123 9.2626 20.1794 21.4927 10.9774 19.6253 22.0447 10.8387 8.031 18.4223 
12.6181 18.6427 13.2556 10.1468 11.9871 6.2782 27.0258 2.0901 26.2853 22.1339 3.1038 14.146 17.9756 13.6793 11.5899 
22.6038 31.208 17.6872 16.8849 26.9369 22.0218 14.6586 24.1167 5.1449 28.9868 23.0409 25.0286 23.0622 21.8524 22.3432 
14.5461 14.5122 26.9981 17.2987 37.5766 18.1267 8.5878 21.6285 25.6264 6.152 24.1547 35.5485 10.2302 9.6031 25.1701 
14.7518 13.083 27.8282 22.325 32.4723 20.3122 9.6528 24.1285 26.284 5.3402 24.098 36.6053 10.1878 11.5414 28.6203 
12.8588 18.8042 10.144 3.7335 16.8281 9.447 14.3721 11.7254 16.6597 21.208 11.1771 15.6597 14.4926 9.6233 10.5253 
26.8813 31.0963 9.9473 15.6907 3.5742 17.1065 32.2631 14.5184 27.8815 32.475 15.5639 3.6436 27.5161 25.9926 8.9873 
13.07 13.1309 27.4259 17.1294 36.8241 18.2014 11.3494 24.1503 27.4867 5.5035 25.919 34.4459 8.5881 9.1808 26.7123 
5.4189 6.4425 25.7942 13.9576 25.2818 10.414 22.1479 13.1091 30.4092 14.5297 12.597 24.6582 6.0889 9.8672 23.994 
10.0315 6.8297 26.2674 23.2159 33.7994 18.8973 16.4434 22.641 31.0421 0.6206 27.0532 36.0494 6.7287 10.7573 26.1365 
17.141 19.2901 24.0363 21.0741 33.1436 20.0488 3.3369 27.6304 25.2425 14.8959 28.5582 34.4246 17.1217 15.7412 23.9365 
32.4668 39.0785 23.9565 22.4611 36.7435 25.0358 16.7865 31.9374 5.0085 33.3401 34.7767 30.0946 32.7487 28.4527 27.8814 
11.2171 10.6289 25.7474 16.9212 34.2463 17.6664 10.6784 22.9125 27.5966 7.3478 23.5845 27.5732 7.1499 6.6243 23.1826 
5.0688 7.821 21.5086 12.3832 24.5919 12.8978 15.6749 17.8532 23.2163 8.9629 16.1085 28.1191 4.2958 2.4506 18.2815 
25.8252 27.7162 7.1012 12.7118 2.9324 15.235 31.8917 11.2096 22.5795 33.3437 11.4856 3.8595 27.9088 23.0951 5.7586 
24.2468 32.4764 12.1214 15.5454 20.4356 22.3172 20.3831 20.6276 6.0515 28.5201 24.8183 16.5108 30.3517 23.3521 16.2109 
8.7616 17.7018 14.4117 6.5108 23.2411 8.5875 13.7598 12.4006 17.0334 17.8752 14.0691 19.9526 10.4432 7.2353 12.1573 
14.766 20.5156 15.8991 10.9621 28.7457 17.2128 7.5691 20.2692 14.7182 16.3661 17.1187 22.3716 18.5197 11.3659 18.2666 
15.7599 16.8795 27.3923 22.8651 39.571 23.8974 9.732 29.9772 32.6099 7.979 31.182 41.0494 16.5708 14.5993 35.4173 
19.5898 24.2712 5.1722 4.9012 17.1592 10.6947 18.9922 13.4653 14.1679 28.6357 11.7422 9.7301 22.4934 13.0935 5.0245 
28.3995 37.4704 7.1622 16.4021 16.8619 17.9111 25.2802 20.4632 12.6715 31.9345 19.1514 12.7743 25.3624 26.0577 12.2565 
18.5382 27.1786 5.0709 9.1397 16.5637 15.6427 23.4025 15.9164 13.3952 29.4622 15.9262 11.779 22.9967 15.5712 8.7311 
8.4406 9.0831 24.2827 16.2338 25.7961 10.4441 29.0209 12.623 39.5675 18.7665 11.1419 27.4408 10.1492 11.475 18.8698 
23.5288 31.2227 4.9361 12.8097 12.1382 17.8241 31.123 16.3217 19.2938 33.558 16.9604 5.5324 32.6481 23.5832 9.1045 
24.7765 36.4299 6.3291 13.6487 15.2529 19.8484 25.2018 16.4814 14.828 34.9534 19.3555 7.7417 29.3992 21.7843 10.2792 
16.1973 12.3041 35.3203 27.6344 37.8206 24.6154 14.4586 29.2814 34.6253 5.0637 29.5024 33.2368 12.6473 14.9255 33.2252 
7.0818 0.2881 26.1661 16.4725 32.1099 16.7913 24.9221 20.493 34.6729 9.6852 20.9559 28.7465 5.29 9.3479 28.0759 
8.4385 4.1955 25.3467 19.8251 38.2166 19.1599 20.8282 25.2429 33.8482 3.9786 20.9979 36.8377 4.9373 11.0859 29.7623 
22.707 27.3967 18.6106 13.7464 33.1223 19.1307 8.5512 21.1317 11.549 18.6742 25.4907 22.8991 22.9082 16.6719 17.4476 
17.9335 21.979 9.2259 9.1605 21.6969 12.4962 13.4783 15.764 12.1101 25.5693 14.1147 17.2013 18.7577 15.7224 11.2738 
6.7341 10.3258 16.5129 11.0869 26.8989 8.9142 16.2093 15.0976 25.7444 11.1733 13.7299 23.8732 5.702 2.0124 15.1957 
22.1923 30.1806 2.4471 9.9663 10.2979 13.4537 25.9716 11.5418 19.3268 28.3447 11.0404 4.2206 26.0777 21.1485 1.4999 
20.4954 22.014 4.6957 7.6668 10.3677 10.8091 26.4899 8.8259 19.1554 29.898 7.8002 6.436 22.6114 17.4445 0.6003 
18.9652 25.7717 5.1397 7.4124 17.1508 13.1776 20.3993 16.1778 11.384 26.8488 15.4623 11.491 19.858 18.0184 8.772 
22.1962 27.7608 10.3267 14.1077 21.6025 17.9193 17.7039 19.6656 6.77 25.0193 18.3907 16.0979 22.2669 21.5519 15.2381 
23.755 33.8018 7.9092 13.2464 18.4733 19.2792 21.6796 18.5918 10.9777 37.7244 21.0209 11.6976 30.8911 24.4256 10.8919 
23.9255 27.3368 21.31 20.8487 34.1202 23.4733 4.8929 29.552 13.0234 18.8809 30.6853 33.389 21.082 21.4995 26.757 
5.6883 1.1912 25.6909 19.9289 33.1501 15.6436 25.3926 16.3495 32.5818 10.2844 16.4291 30.7297 6.1757 10.5746 24.6506 
10.6947 16.9 11.2569 4.7657 15.2217 2.3097 24.3859 4.9196 26.0806 19.4442 3.7 14.5828 14.0955 10.7016 9.2275 
9.474 16.4122 15.8762 6.9155 21.5069 9.1159 13.9046 14.145 19.9722 17.5927 10.5476 17.6076 9.9192 6.0157 12.7147 
17.0962 18.6669 20.5464 17.2242 17.19 13.521 30.7051 8.3713 41.2116 29.6626 9.2251 21.0723 18.1712 18.935 16.2026 
23.3963 26.2282 3.5903 9.0139 8.6178 14.1545 27.1756 9.2008 18.1383 32.8668 9.9238 3.699 21.9802 21.0952 2.1626 
1.1332 6.8224 18.3996 13.773 24.5338 10.0996 16.3006 15.1492 26.1447 9.8707 15.3645 24.3059 2.3891 2.8665 19.7198 
6.0911 5.2499 28.154 17.038 27.3709 14.9828 23.03 16.8757 32.5281 15.3983 17.3807 28.8451 7.641 10.0316 25.9474 
5.5461 0.2219 28.9833 17.2343 31.7213 13.018 20.8732 16.6435 37.4285 8.1605 21.4702 29.6868 4.3761 7.84 25.2097 
22.8731 36.2676 5.8252 16.4519 6.9012 18.2229 29.2611 14.4155 24.0654 40.0879 14.4898 1.7477 27.5879 24.6545 6.2956 
30.1539 39.458 10.6171 19.605 6.5671 23.5167 35.3735 15.6552 25.3641 39.41 20.128 5.5757 37.8828 26.2392 11.2184 
10.0276 4.4349 29.6771 21.1147 30.794 15.4947 20.943 24.8688 38.1898 4.2577 23.0303 38.103 5.8851 9.179 28.1943 
16.0511 16.4303 29.8699 21.5463 27.4887 15.6604 33.5725 14.4895 43.9282 20.8336 15.1983 25.658 15.905 16.7614 23.1021 
4.9399 9.0977 17.3829 9.5804 26.646 8.4756 14.6368 13.6789 26.4594 12.9033 11.3617 19.8168 5.2577 1.5073 18.7553 
31.5107 30.5016 22.926 19.1146 30.4944 26.353 14.8013 34.5962 4.1123 33.2354 27.333 28.8814 29.1968 25.4109 22.941 
14.7426 15.4576 25.5148 21.0971 28.0161 14.2989 31.3876 14.4493 34.9962 22.6539 16.6911 25.413 14.9748 16.7462 24.9335 
32.1392 37.2026 19.6472 20.7797 36.5379 25.896 20.4831 27.266 4.8931 31.0186 31.3523 29.84 31.8222 27.4537 26.2843 
10.9082 18.3669 9.4119 0.5214 19.0853 6.9476 20.242 10.4737 19.014 18.6726 7.5301 13.4547 14.0248 11.8405 8.9682 
7.4856 3.3087 25.5 19.6053 32.8648 16.8975 16.4642 20.747 33.0551 4.4899 22.1128 35.8644 4.3462 8.5749 27.413 
23.6852 34.8682 9.0653 13.4392 3.8058 18.9233 30.7293 13.4754 27.4895 33.1713 12.9369 2.7488 31.7084 25.6265 8.3718 
13.027 17.1852 12.092 7.2365 24.744 11.3086 14.5236 13.1778 16.8639 15.3509 12.0363 19.7798 10.3927 8.3878 12.5954 
34.7324 35.1365 12.279 18.0623 8.2136 25.1978 32.6277 19.2466 23.4725 38.9681 16.5824 5.0292 38.5199 29.1835 11.9747 
22.1866 34.2942 4.9322 12.9645 11.81 18.0261 26.721 17.803 17.0743 34.5397 15.1924 7.8435 26.585 22.5642 9.0014 
9.7022 15.3751 20.2111 13.0074 19.4159 7.0624 25.5449 7.5309 31.2719 20.3887 7.9104 18.6765 15.0595 15.1353 15.3759 
12.8861 19.8408 9.85 3.6637 13.9185 4.023 22.9779 6.2017 21.527 21.7676 5.0416 12.5397 14.3184 12.3686 6.7918 
29.8136 30.4171 19.2116 19.4629 30.0381 25.6774 11.2271 29.07 7.987 30.4179 24.7908 28.3763 27.7485 25.7775 21.3864 
26.493 32.248 6.4807 14.0428 4.8757 16.9495 33.0064 12.7992 26.7914 40.2465 12.8253 1.3676 24.8151 27.1521 7.0366 
10.6418 11.8414 21.0846 16.0947 19.7728 9.2505 34.9508 10.9796 36.9411 21.681 11.4653 21.4345 14.2234 16.7224 19.382 
13.9627 23.3605 8.4294 3.3418 19.8672 10.3615 17.0952 13.3124 14.1137 23.2377 11.6547 16.6092 14.2011 11.3021 10.5585 
26.9247 31.0388 8.7572 16.552 3.4442 19.5874 32.531 14.1211 27.2876 42.6354 13.4325 4.0606 26.1179 26.1441 10.0044 
2.9918 5.9032 23.7783 14.5516 27.6992 11.6716 17.696 14.6779 33.2586 7.8012 14.3586 28.3591 0.8688 3.6913 22.4654 
13.3527 20.5907 10.6369 8.9832 11.5501 6.4345 25.5934 2.9782 24.8698 26.7198 2.204 10.4736 19.1042 16.4317 5.9387 
2.6393 8.5161 16.9213 9.4792 22.8289 6.1928 20.9254 12.57 26.2831 12.9731 9.4249 20.3418 5.8073 4.2793 18.0946 
6.9482 10.2025 24.7741 14.3855 21.2271 9.3349 26.129 12.2786 30.2881 15.1637 13.2785 27.1743 9.1222 9.1895 18.5042 
11.5019 18.7912 17.5911 12.2133 14.8273 5.3388 30.5941 3.2403 29.5338 20.1493 4.1775 19.5138 16.938 12.944 12.9884 
6.3995 12.0716 15.1131 5.4926 18.0931 4.4698 17.7235 10.7678 21.5313 14.1989 7.9892 19.0348 8.749 5.2258 13.4294 
25.8464 34.0895 10.7253 12.0926 21.7656 19.7623 18.7574 20.9996 7.1208 31.8996 21.0745 13.481 24.6137 25.2712 14.2643 
13.3952 20.3301 19.8763 12.1036 32.3691 15.8662 5.9406 19.6703 15.7084 13.1719 20.2699 24.1989 12.491 11.3605 19.9978 
30.4144 33.5554 6.9309 16.3294 10.8433 21.4014 29.3602 19.9923 22.0566 36.0344 16.7989 4.4074 34.2103 29.1885 10.1694 
11.9608 17.6038 11.9991 4.1137 19.7412 8.2732 17.0777 13.2535 20.9847 18.0186 10.7057 19.2635 13.8191 7.6503 12.2519 
12.7783 15.7199 16.43 10.255 29.3827 15.7255 8.415 21.3314 16.289 16.6156 19.7423 21.7963 13.0913 8.1254 18.4998 
15.2032 15.7532 32.5539 26.9245 43.7689 25.9371 13.4966 30.4405 32.1177 7.1804 28.4695 41.0852 12.6365 14.8265 29.3378 
7.13 10.5455 24.4197 14.644 28.7602 11.629 14.4721 19.2982 25.7286 8.3057 17.3559 25.7731 4.786 4.1516 19.9565 
14.0345 16.7062 23.6258 18.9218 19.6982 12.096 32.9273 8.224 31.8418 22.7885 11.5246 21.9793 15.3722 15.202 18.896 
16.6885 21.3349 11.9623 14.0789 7.6661 9.2367 32.1697 4.3822 32.6451 25.7801 5.2672 13.5405 23.9925 16.9063 8.1536 
3.5665 7.2697 21.4146 15.7363 28.4975 9.9642 21.5684 11.5776 32.5113 12.6057 13.4101 26.1342 6.7335 8.42 20.8515 
3.0334 8.9602 21.6975 13.6036 23.5898 7.6187 20.966 11.0332 27.3781 16.0507 12.0993 22.3091 7.4182 5.7441 18.2729 
9.2931 13.9124 20.6468 11.2041 26.4322 14.2085 10.1029 18.8058 20.296 10.3513 17.0121 27.0763 9.5252 4.9335 18.7041 
13.7248 15.5038 27.3549 17.4697 23.4334 12.6213 28.5698 10.3033 42.0073 20.6956 12.1795 22.4633 17.7387 17.587 21.8996 
31.1285 31.3847 7.6377 15.0715 17.5372 23.789 23.8768 23.2387 9.5075 34.69 21.3289 11.998 26.0448 23.3316 13.8267 
18.1296 20.5638 21.0198 20.0495 30.5619 25.5623 1.6037 29.6975 18.1132 17.8303 23.3558 34.6682 20.7952 18.7202 23.7407 
8.5024 12.314 15.9849 8.7836 27.092 10.2295 12.601 18.3667 21.9494 10.8927 14.3585 24.0703 8.9013 4.1193 14.8995 
17.9589 18.945 24.1022 18.3398 33.7466 19.1438 3.5894 23.0742 16.8625 17.2221 25.9025 25.4955 14.9029 14.5399 21.9657 
17.8753 27.5506 11.4808 11.4039 4.3356 13.2128 33.6549 6.4961 27.8598 31.9969 8.2469 8.7965 22.9661 23.2881 7.8889 
13.2532 23.1611 9.3777 4.6496 18.7227 11.1779 16.1646 11.5332 14.6828 24.22 13.8697 13.8196 18.2831 13.3108 8.427 
10.6499 19.3557 11.4599 3.7641 16.7506 3.7019 22.7645 7.1095 23.7992 20.3112 6.0337 16.362 12.1445 8.8425 7.728 
33.2646 32.3508 21.182 24.0478 32.6024 27.386 16.3757 31.3315 3.1607 35.4345 32.6796 27.824 33.6251 30.3316 21.5079 
4.6031 1.1955 27.3271 18.4637 34.4392 12.9809 19.1274 18.5791 34.0036 7.8586 17.7663 28.4142 3.3217 7.4095 21.1203 
31.3152 34.9972 13.5206 18.7772 23.0143 26.0046 18.905 22.3162 3.1205 35.5021 21.8455 20.4226 30.5855 25.3734 15.5474 
12.8641 17.299 10.8506 2.5066 19.5993 8.3329 18.9818 12.4603 21.5099 19.8035 9.0196 18.3792 11.5427 9.5918 10.1272 
2.7964 7.4465 23.1168 13.5776 25.6726 8.4215 19.639 10.331 29.9497 13.7235 11.1331 26.0703 6.5187 7.1213 19.4997 
15.7242 20.3666 14.7839 10.5652 22.4528 14.7468 11.5172 16.714 14.4126 21.8742 17.5845 22.4107 14.826 12.5952 15.1743 
7.963 9.4596 25.7993 17.4587 33.4685 17.8851 13.7999 21.9774 30.2383 4.3105 17.9098 29.957 6.142 6.4721 22.8798 
24.4651 32.1165 5.4593 14.5319 9.3185 15.2504 31.5244 16.5015 22.0471 30.7203 12.1071 1.8905 27.4877 25.9802 6.501 
22.2021 29.5898 7.5895 10.6943 21.1361 16.9193 18.8196 18.7043 10.0508 30.7354 18.1247 13.2067 22.3168 18.1615 9.1555 
5.5622 2.4295 24.3539 19.0056 29.867 13.6771 16.7773 16.717 28.5169 5.6944 21.7006 32.4227 3.237 8.0029 24.5602 
12.7148 19.3841 14.583 9.3996 13.1334 5.0814 25.4394 0.6949 25.4144 20.7815 1.0014 15.0219 15.5089 12.4888 10.3847 
19.6037 24.5743 10.0106 9.6242 17.7294 15.3088 16.2107 17.9397 10.5742 24.3383 18.7346 15.1464 21.9664 19.0085 11.7525 
8.5079 9.7142 27.1888 15.9077 32.7173 17.2349 10.9335 21.359 29.0015 5.5888 19.6353 29.2359 7.1039 6.8752 22.0626 
7.5871 11.1091 18.4028 14.7163 20.7793 6.5689 30.8929 7.5893 29.282 19.8457 8.6245 20.4602 13.3701 11.615 16.9761 
22.4317 30.1466 11.7381 11.1174 22.1993 21.1659 17.9115 18.6828 7.5874 24.5681 21.149 16.9684 24.1057 20.2265 15.1786 
23.0592 25.8644 5.0411 13.3659 5.9087 16.8615 27.2687 10.3952 20.1845 30.4607 11.1915 1.5106 30.372 20.2708 4.9026 
6.7676 7.3114 24.8687 13.0097 30.1839 12.6123 13.3102 17.409 25.6804 8.0496 20.1097 25.4464 3.7291 3.6265 24.2356 
26.8192 26.7691 11.9712 14.4564 28.0579 17.9324 15.459 22.332 4.7072 23.98 22.7309 21.4368 27.9733 17.5405 14.0207 
14.057 14.5704 28.5981 18.3314 34.977 19.1957 7.9699 23.9247 26.2711 6.899 24.2891 35.6575 11.9655 10.7569 30.9222 
19.1697 15.142 37.597 25.9302 40.1257 24.6368 16.4137 31.0123 38.1172 6.0792 25.5193 43.4589 15.0938 13.877 34.9384 
4.2655 5.4609 20.3309 13.4733 32.4004 11.1595 18.3093 17.222 26.483 6.7066 17.6892 25.4455 1.8638 4.1717 24.8022 
11.1845 10.2051 25.3884 20.4138 28.8058 14.9046 32.6336 15.4235 37.8953 20.5444 16.6787 28.8405 12.0708 16.4324 22.0641 
8.5373 12.4458 19.3545 12.0726 28.1684 11.4674 11.8264 16.3799 19.6441 10.2112 18.2665 26.8815 7.5458 4.8243 21.1725 
25.9621 30.8495 4.8705 11.6507 7.9329 15.8938 27.2968 15.5348 22.4814 30.8323 12.3669 0.5937 31.9476 24.018 6.6011 
14.2454 18.582 7.0507 2.4369 18.157 8.1024 16.4698 10.7984 15.8851 20.7888 11.5361 13.449 18.3195 11.4685 8.4905 
17.0646 21.5685 12.2839 6.8541 23.4525 14.0666 12.5539 14.0351 14.3703 21.9665 15.1598 19.3467 15.9137 13.3145 12.0956 
5.0019 1.3716 29.5667 17.4684 27.6151 14.8296 18.7949 19.5082 28.7384 7.9007 17.9485 28.8251 3.2662 8.4918 26.5711 
11.9372 11.7593 21.2387 15.5892 26.4071 11.8367 28.9169 11.0304 33.2341 23.266 14.1744 29.2238 15.0262 15.6621 20.9523 
14.826 18.0064 17.6779 10.8393 31.0526 14.5096 7.2945 17.8911 17.3548 16.2384 19.6765 26.0856 13.6445 8.5858 19.85 
21.8789 29.0075 7.9014 8.1708 17.8376 14.9192 16.7985 17.509 11.3934 26.5991 14.5283 13.3554 23.6618 15.6696 11.5105 
10.6414 6.637 28.9464 19.3471 40.9827 21.3682 20.3533 24.1101 29.3582 2.1487 27.5323 33.6655 7.1853 13.1952 28.4994 
13.9958 11.404 30.0973 23.9742 39.8233 23.0285 12.6472 24.6867 32.6323 3.9199 23.9319 30.0348 8.8739 10.6916 27.0945 
18.1465 13.8987 33.1436 25.941 43.4099 21.8401 11.4488 27.8431 26.6414 6.7587 32.4857 34.9736 13.1562 17.5491 32.0463 
7.2652 2.3567 29.4167 18.083 29.594 13.3318 23.6226 17.0155 40.1527 11.4617 16.8807 34.5683 6.8215 10.7769 27.3722 
33.711 33.4179 13.0861 17.989 5.5568 19.4441 35.507 16.8315 28.809 42.3869 19.0398 6.7015 29.4699 28.5288 11.9152 
14.7002 19.3351 11.5441 5.9375 21.5046 11.5637 14.276 14.835 14.2352 23.2786 12.9069 17.59 17.7234 11.4348 13.0415 
11.3185 13.996 20.2771 12.5258 19.3795 7.3843 28.4128 5.4883 29.0545 21.7923 5.4803 19.0955 15.0214 14.16 16.2182 
21.3833 26.7468 6.382 10.2687 7.3088 12.7959 30.4751 7.7742 20.4958 29.3491 7.5736 5.7234 20.7508 20.1194 2.4514 
9.5135 8.9342 22.6295 16.5768 31.6807 17.7087 13.9646 24.585 28.9452 5.2845 23.9386 29.4144 6.4138 7.1914 22.6126 
25.9871 29.2682 8.5222 10.2816 17.8261 17.2651 20.9478 17.4827 9.0192 31.7401 19.2167 12.071 25.3008 20.677 10.2991 
21.9558 27.1136 18.4156 16.2848 26.8717 22.8556 9.9836 27.9626 10.6202 23.9513 22.4954 23.9478 21.8777 19.6771 21.3592 
7.5886 5.7247 26.4081 21.7421 30.5152 18.5275 14.9825 20.6906 33.0131 2.6578 23.5082 31.4867 4.9204 7.965 25.4359 
16.1114 10.2242 34.0985 23.1255 43.7174 25.3011 14.9676 24.6061 37.3723 3.8777 27.8264 38.4494 11.8717 14.6109 32.9853 
22.489 27.251 6.9078 11.1904 6.2229 13.8085 28.6524 9.563 26.5184 34.5664 7.7186 4.8307 27.3903 18.1645 4.5916 
14.1262 19.5234 10.6402 5.582 23.5328 8.8904 14.3601 12.4599 16.8421 20.1157 11.6919 17.6235 15.2957 9.8983 12.2532 
11.2655 14.7982 24.4475 15.0966 35.9858 18.3297 8.4492 19.8056 23.5169 10.0367 23.3214 27.265 8.7326 8.4577 22.7012 
22.2296 23.713 17.7175 17.5249 34.1193 21.661 9.8321 26.8885 9.7548 24.5644 24.3602 23.6769 23.0782 18.8872 19.6729 
6.3168 1.3128 31.9558 20.5866 29.6798 13.9728 22.0109 22.1784 36.9043 9.6515 18.9345 29.6439 6.3386 10.9381 28.1677 
19.3209 26.5497 12.0462 11.7313 6.7295 10.4891 33.2491 5.4929 26.3093 32.01 5.5097 11.0515 21.1767 19.073 7.5916 
19.3093 21.5701 3.6511 5.8115 15.328 11.8029 19.3368 10.4873 19.3252 30.3147 10.8339 8.7846 23.028 16.5114 4.6134 
19.9206 23.7454 11.8316 9.9627 22.9912 16.2842 14.4271 19.2314 8.881 23.0865 18.0222 17.1873 24.8666 17.3727 11.5246 
11.602 9.5155 25.7375 20.6027 39.0231 20.9087 14.4851 22.7318 28.2037 2.2096 23.0128 34.6829 7.7819 9.9228 31.1489 
26.7509 31.9686 10.5815 14.1763 21.1795 22.0431 19.704 21.1844 6.3712 27.1549 20.2813 17.4284 22.8348 19.4432 15.8312 
28.5217 34.8938 13.0763 15.1819 1.059 16.8911 33.3091 12.2475 32.4379 39.2974 10.1539 6.8525 31.3565 23.6324 10.6057 
21.2305 27.2404 9.4305 13.4626 22.8669 18.2172 18.3667 23.8448 7.4244 29.6159 22.4526 14.1277 27.3996 17.7275 15.2523 
25.0735 28.2172 17.0239 16.4983 28.0996 23.2341 10.5801 22.9271 6.8402 25.1822 25.7014 27.2478 22.6962 20.1083 20.3903 
10.812 20.0525 11.7894 3.0458 19.2281 8.691 16.5133 10.8506 18.3747 17.8005 12.1813 14.7397 14.7649 8.1048 9.3916 
24.4279 29.1619 12.7385 16.7709 23.943 25.9249 19.3146 25.3842 4.0215 33.0859 21.3657 16.4324 29.2241 22.2646 15.3433 
12.161 13.9535 18.3733 11.6476 30.6598 12.6222 7.7488 20.7224 22.7842 13.1466 16.7557 27.2438 9.3279 6.8206 20.478 
13.3557 16.0201 14.592 9.3273 11.9871 6.3756 28.8406 1.8098 26.2513 22.3947 2.513 15.9655 17.5672 13.6216 9.7533 
27.5882 30.3714 16.047 15.4499 26.877 23.7152 13.9856 24.9737 5.6869 24.1068 24.6606 22.7021 26.5392 22.5124 18.2917 
15.0279 13.2692 30.5138 20.5484 33.172 20.538 9.3152 27.032 23.3562 7.6718 21.1528 34.6842 10.8988 9.6665 24.7243 
12.2154 11.7407 24.421 19.8934 38.6634 21.7307 9.6322 25.3551 27.0095 5.9218 24.7708 30.1172 10.9053 13.0884 31.4332 
14.8456 18.0679 9.6597 3.1025 18.7021 9.6811 18.3567 10.6886 16.1864 18.2878 10.5151 15.0658 14.9879 11.6768 9.7372 
26.8357 32.8647 10.2132 16.7665 3.2458 20.2855 38.4542 15.2729 28.423 39.6505 13.2009 3.7983 33.5034 26.8491 8.5274 
14.2979 11.0568 25.6413 19.9677 39.8481 18.5425 12.0108 26.1406 25.6376 5.3447 21.4119 32.009 9.9442 10.3048 29.1546 
4.2409 5.0437 24.7399 16.6927 26.4123 11.551 25.1188 12.9515 37.1475 12.9432 14.7741 28.2388 7.0975 9.3614 22.5232 
9.8032 6.8542 28.4641 21.368 34.149 17.7333 18.6071 24.8761 28.7842 0.6912 21.7404 31.9715 6.6032 9.8952 28.3496 
19.2006 17.2119 29.5609 22.3475 32.4341 20.2781 3.5735 24.7536 22.887 12.8628 27.4849 29.7947 15.5853 15.4368 31.0826 
31.4539 34.3992 24.4455 22.4089 30.6404 32.8138 17.2835 32.1189 4.7638 33.8189 32.7388 24.9926 31.7154 24.4622 27.7084 
11.033 9.8594 22.7527 18.4934 33.886 18.4925 11.257 23.3277 27.1332 6.8379 22.9419 31.3367 6.7576 7.4373 24.6043 
4.8148 8.0743 21.0566 14.062 28.9085 11.226 15.2774 16.8279 24.1796 8.6194 17.1164 24.978 3.4056 2.6993 19.7002 
26.0967 33.6256 7.217 15.6176 3.3989 16.3056 34.5079 12.1232 28.128 32.6182 11.828 3.6224 26.3369 23.8111 6.6157 
25.0633 33.4486 10.1072 14.5746 22.765 20.9185 22.0119 23.371 5.8766 31.2664 20.1376 15.4515 27.2062 22.6135 13.7071 
10.8394 15.0907 12.7949 5.4561 24.3307 8.549 13.6342 14.977 17.3991 14.9774 13.5947 17.7233 11.7 6.3071 12.6658 
17.1758 21.0337 15.1368 13.3913 27.5818 18.793 7.4484 22.8213 14.5744 19.4557 20.0785 19.6664 15.8948 14.3657 16.7702 
19.9296 18.9744 27.3744 21.6553 34.7561 27.6113 9.6178 32.3372 32.6753 9.2532 32.9175 32.5448 14.9403 17.0859 33.8301 
16.1724 22.7059 4.7592 4.623 16.1984 9.616 20.0841 12.8234 17.9067 29.2509 11.2462 11.5658 18.3086 13.033 5.3734 
27.4438 34.9098 8.8796 15.293 19.1755 18.2154 25.1875 20.1594 10.0542 30.0235 18.6196 12.1558 25.4202 27.0652 10.9129 
20.657 30.1183 5.9678 8.4579 17.9941 16.4764 19.5246 15.5784 11.9882 24.177 16.8977 10.5526 22.138 15.7922 8.7311 
9.0888 11.9276 22.8247 16.0971 24.9749 9.5287 31.0116 10.5068 36.0554 19.1875 12.8461 28.2439 12.7777 10.6472 19.2893 
28.806 34.9195 5.6283 13.7283 13.1843 19.5991 24.8722 18.0857 19.1202 36.6205 16.602 6.1793 25.0741 21.7018 8.6996 
25.4509 28.6743 5.4708 11.7807 15.3457 17.0271 26.7741 16.7161 14.0745 37.3023 18.6193 8.3053 28.0746 20.776 8.4927 
16.2528 15.213 30.379 21.5058 35.079 26.7585 13.2801 30.3005 29.199 5.4554 31.6631 35.2715 12.5172 13.8325 29.2458 
7.0396 0.3119 30.3729 19.8613 29.6413 16.8041 23.0664 16.5728 37.913 8.6518 21.442 28.8279 4.2961 9.2074 24.5591 
8.2639 3.8591 25.9342 21.3383 32.0092 16.5107 22.0216 20.3632 29.8735 4.3637 21.373 31.9519 5.394 10.091 29.5402 
22.2903 26.4569 16.9596 15.1072 32.28 19.1424 8.5893 21.2424 9.3412 22.8529 20.2598 23.3847 22.0076 14.7768 17.8419 
15.8678 25.8409 9.3333 8.0674 21.7031 15.3441 14.3519 15.1776 10.6576 23.6125 18.3556 17.486 18.6613 16.2821 13.9506 
6.7564 10.5171 20.0935 8.5316 24.6242 9.6245 15.3262 16.6747 26.1618 12.5301 15.8057 25.2948 6.268 2.2287 17.0675 
20.652 25.4096 2.7584 8.1522 8.3463 13.0521 27.9159 10.9013 21.3087 28.6993 9.0696 4.1585 23.5136 20.2907 1.3759 
20.851 25.459 3.7398 6.6862 9.0173 9.0768 29.0265 9.0117 23.1186 27.0475 8.4551 6.9022 23.113 19.2191 0.6531 
19.3677 22.9534 5.2521 7.2094 15.0843 15.2178 17.2967 16.4711 12.2773 28.2208 15.0976 10.9624 23.6264 19.0528 7.9495 
20.6856 32.8364 11.8818 11.3418 23.2114 21.1284 20.1642 24.1027 7.5753 26.7207 18.0744 17.8074 26.7784 20.1101 15.3771 
27.5577 36.8798 9.4617 12.5723 22.1458 18.2701 22.857 19.5326 9.9872 28.9788 21.68 11.4127 27.6241 23.7347 13.9245 
22.7178 29.1429 23.1777 18.9274 35.9717 21.8507 6.2689 24.7123 14.1951 21.1785 24.1221 26.8781 24.175 20.1376 27.7975 
EOF