I 150
J 15
bounds (0, 100)
cv 0.5
D 10
k 5
t 3
FLR 0.8
FCR 2
abounds (80, 120)

a 
87.0 76.0 77.0 
84.0 82.0 86.0 
99.0 87.0 84.0 
89.0 78.0 83.0 
95.0 55.0 73.0 
83.0 92.0 83.0 
65.0 86.0 86.0 
86.0 92.0 77.0 
74.0 80.0 99.0 
85.0 98.0 68.0 
81.0 86.0 85.0 
68.0 81.0 71.0 
84.0 84.0 72.0 
81.0 91.0 82.0 
67.0 93.0 88.0 
73.0 76.0 89.0 
94.0 89.0 82.0 
84.0 87.0 78.0 
79.0 75.0 69.0 
77.0 88.0 81.0 
86.0 76.0 109.0 
71.0 75.0 58.0 
73.0 78.0 73.0 
97.0 94.0 75.0 
84.0 82.0 67.0 
88.0 105.0 85.0 
73.0 71.0 72.0 
78.0 79.0 65.0 
92.0 71.0 86.0 
77.0 93.0 90.0 
90.0 94.0 94.0 
97.0 88.0 78.0 
101.0 86.0 65.0 
81.0 92.0 95.0 
76.0 94.0 73.0 
79.0 83.0 94.0 
94.0 91.0 98.0 
81.0 75.0 93.0 
77.0 84.0 75.0 
80.0 87.0 75.0 
67.0 81.0 84.0 
100.0 96.0 84.0 
79.0 76.0 93.0 
89.0 78.0 80.0 
96.0 92.0 96.0 
77.0 76.0 78.0 
92.0 91.0 76.0 
93.0 78.0 74.0 
86.0 85.0 73.0 
77.0 96.0 92.0 
88.0 81.0 82.0 
85.0 85.0 74.0 
92.0 76.0 88.0 
86.0 82.0 95.0 
76.0 79.0 91.0 
65.0 83.0 87.0 
78.0 94.0 68.0 
78.0 83.0 93.0 
66.0 73.0 86.0 
82.0 82.0 94.0 
103.0 67.0 92.0 
91.0 91.0 74.0 
83.0 76.0 83.0 
86.0 84.0 86.0 
88.0 88.0 85.0 
76.0 78.0 72.0 
81.0 81.0 98.0 
75.0 94.0 81.0 
74.0 88.0 94.0 
66.0 79.0 84.0 
77.0 76.0 68.0 
81.0 72.0 104.0 
82.0 73.0 91.0 
89.0 83.0 83.0 
78.0 82.0 84.0 
96.0 74.0 89.0 
79.0 82.0 79.0 
74.0 96.0 82.0 
83.0 93.0 86.0 
84.0 74.0 84.0 
84.0 97.0 91.0 
83.0 85.0 96.0 
79.0 83.0 84.0 
90.0 86.0 73.0 
87.0 78.0 71.0 
100.0 100.0 88.0 
77.0 85.0 71.0 
95.0 94.0 83.0 
82.0 88.0 71.0 
82.0 104.0 84.0 
89.0 97.0 100.0 
87.0 73.0 68.0 
93.0 86.0 87.0 
93.0 95.0 93.0 
83.0 85.0 82.0 
88.0 80.0 78.0 
80.0 92.0 82.0 
79.0 85.0 95.0 
88.0 69.0 82.0 
70.0 88.0 100.0 
78.0 75.0 87.0 
94.0 76.0 74.0 
79.0 83.0 99.0 
73.0 90.0 68.0 
74.0 84.0 62.0 
60.0 72.0 90.0 
79.0 92.0 85.0 
77.0 79.0 81.0 
84.0 61.0 77.0 
90.0 74.0 82.0 
97.0 71.0 66.0 
79.0 89.0 99.0 
84.0 83.0 82.0 
86.0 75.0 78.0 
96.0 93.0 99.0 
83.0 81.0 83.0 
85.0 72.0 77.0 
78.0 84.0 79.0 
83.0 79.0 82.0 
87.0 88.0 80.0 
73.0 97.0 95.0 
86.0 88.0 78.0 
66.0 75.0 76.0 
96.0 78.0 98.0 
77.0 83.0 91.0 
88.0 80.0 84.0 
86.0 84.0 92.0 
65.0 98.0 80.0 
89.0 86.0 77.0 
83.0 89.0 69.0 
84.0 81.0 79.0 
74.0 107.0 70.0 
75.0 77.0 90.0 
74.0 81.0 75.0 
85.0 89.0 95.0 
81.0 114.0 75.0 
76.0 88.0 81.0 
75.0 73.0 79.0 
76.0 72.0 90.0 
81.0 69.0 74.0 
77.0 81.0 90.0 
82.0 90.0 101.0 
71.0 79.0 87.0 
81.0 89.0 79.0 
103.0 89.0 93.0 
91.0 94.0 67.0 
96.0 87.0 63.0 
82.0 75.0 83.0 
75.0 83.0 80.0 
75.0 71.0 92.0 

Icoords
83.393 8.106
24.4424 25.9942
79.8851 43.9919
47.8258 93.0963
10.4489 93.7961
94.0823 83.4284
67.5462 50.6761
77.2799 7.7566
43.0139 19.4937
60.4705 98.8617
90.0162 44.5594
3.8149 51.293
33.0752 13.3038
83.5604 86.8845
49.8701 89.1287
20.5705 41.2622
14.4749 71.4463
58.0617 8.3939
17.6129 43.4581
95.4141 84.9107
10.8456 19.7112
44.5179 77.2955
81.5615 41.3534
77.7512 97.1545
89.1161 49.5644
84.4016 13.8746
93.7476 9.1661
7.1727 30.1604
82.6026 34.0544
74.2952 29.4731
60.9937 59.4663
53.7917 39.4913
54.0953 61.4639
81.0775 96.0687
79.1778 35.2371
77.2623 55.8753
83.07 98.8897
71.0264 49.5891
66.6713 52.7324
75.2494 39.1958
80.125 2.2493
82.7026 59.8555
5.1101 15.1203
51.4423 46.9833
91.6795 43.6826
62.2956 65.2375
34.5124 69.9335
84.5557 86.024
23.6954 84.4215
17.3786 14.6241
13.2077 61.0152
37.4039 53.1307
81.2935 16.2889
0.2719 89.5237
84.9225 55.0289
28.6846 2.1543
41.4798 54.7055
97.8322 49.9043
26.2191 19.2942
21.0353 80.4076
67.3614 74.3769
29.039 84.9888
10.9001 60.314
30.2388 87.1072
54.898 77.5353
63.9962 46.5724
55.7887 12.714
43.2847 49.7001
46.0303 7.6401
7.5103 62.2469
91.7568 63.4306
29.4743 54.0606
41.7928 74.2239
84.0206 38.1234
82.4595 10.1917
20.1635 21.0198
81.1374 87.1867
8.5772 59.7408
61.4456 53.748
29.729 40.4215
7.5716 78.8894
18.7562 93.209
59.5251 78.1211
7.3337 78.5208
84.5076 60.3229
64.6475 96.3816
5.6076 75.1905
72.836 64.7367
71.5642 3.9609
39.9851 25.6551
6.4217 84.8959
15.4292 19.0153
25.4856 32.8329
11.9358 20.941
34.7267 10.6339
29.223 54.7426
6.2809 26.2724
97.6858 0.2754
33.2788 55.6399
74.2536 59.4906
9.0546 43.6207
26.4833 57.0045
89.2995 49.4095
5.3236 24.1582
98.0701 13.3073
15.7934 65.0307
4.2556 63.5656
36.4081 5.8202
52.6338 53.8912
96.5214 93.4873
48.8206 62.927
37.5412 63.3256
7.5221 74.9371
11.8371 72.1314
20.2114 86.6331
88.3578 84.4697
67.8487 63.5456
81.9695 26.406
25.3225 88.1285
85.3877 81.4691
94.2869 89.0692
20.9972 6.7919
17.309 21.0412
39.4366 20.4555
62.2425 61.2729
87.1877 39.8106
13.2257 59.6194
0.036 13.5132
60.0765 99.9107
49.8615 77.632
19.1667 14.9786
40.5612 0.8048
59.0736 11.7412
84.4657 97.5126
61.7227 86.105
55.7386 2.6284
79.5426 40.021
30.7093 62.2164
37.9378 35.2198
2.5166 11.5915
27.3055 33.7025
56.4357 40.3804
67.1089 67.6672
55.2515 78.9389
10.1668 92.5748
30.086 98.4535
30.7809 53.2608
70.1315 53.7613
11.5765 17.4497
98.6468 70.1683

Jcoords
25.1982 62.3715
19.6523 30.3429
35.2343 30.754
5.7418 56.2272
35.833 71.1827
67.3385 14.1859
1.8154 61.1246
76.1465 64.8397
9.2998 12.2957
70.2085 93.4324
99.7112 49.5468
91.8835 79.8175
92.5803 89.7339
10.5378 87.0049
17.401 76.2658

C
23.8949 25.5519 16.1305 28.767 24.1654 5.1931 37.088 22.7635 29.4991 28.0688 15.9535 25.8881 31.5266 40.6047 36.5257 
11.3122 2.4837 4.4797 13.8677 15.3973 14.4865 16.2676 20.6041 6.8323 30.2288 25.4112 26.0325 28.019 20.4621 19.6755 
19.0617 18.7565 17.5669 28.6081 19.2577 12.2501 31.8751 8.1587 30.7103 18.5544 8.1535 11.9351 16.5199 25.2237 25.1841 
14.8625 24.9149 20.0407 19.3866 9.0905 31.011 18.1419 15.3384 35.3675 7.4341 26.0797 14.8307 15.017 15.0827 11.7 
12.5386 20.1007 23.7359 14.2439 10.4537 38.3857 10.5333 24.7624 29.7995 21.0417 36.703 30.1997 30.9192 2.6936 5.9744 
25.7077 30.2514 24.0965 30.3367 18.9222 28.2733 37.1724 7.9249 37.5615 10.354 12.8832 1.5156 2.4378 31.9349 27.3943 
13.5842 16.853 15.127 20.2231 12.576 13.0236 22.5559 6.121 26.8974 16.8143 12.6164 12.7646 15.3743 20.5639 21.8771 
23.2288 21.7254 15.4219 30.9356 26.4126 4.6694 32.2021 20.3085 24.575 30.3206 18.4075 26.2119 30.6469 39.2678 30.1902 
16.0932 9.4454 4.3003 16.1232 18.0248 9.6202 23.141 22.1217 11.0627 27.7389 24.2306 26.7918 27.4238 28.1011 22.0978 
17.1995 31.4636 28.2396 21.2635 12.3359 32.4439 22.3745 14.1373 33.104 4.2423 21.1503 14.4736 12.2846 18.4807 18.7009 
24.986 23.115 19.3042 28.9692 20.7011 14.533 32.2446 8.2627 27.6685 18.9686 4.312 14.1124 16.5831 34.6444 29.2537 
9.4862 8.3988 14.5568 1.8158 12.5065 27.1612 3.1885 22.0768 13.1139 24.6056 34.6147 35.6313 36.4872 10.9635 11.2608 
15.3908 6.9997 6.1155 16.5486 19.0406 12.1332 19.5504 21.4457 7.5198 34.1336 25.5023 33.5779 32.4297 25.6874 22.3719 
20.0854 30.4542 22.6203 29.0062 15.3244 25.7574 33.7003 7.096 39.0382 5.2019 13.8478 4.0672 3.4214 22.2573 21.4017 
12.9569 22.4599 18.2651 17.5535 9.0178 24.7323 17.5367 11.2107 29.1678 7.5858 23.4983 17.1098 13.1262 14.066 11.4028 
7.9592 3.7015 5.7855 8.4186 13.0256 17.2876 10.4983 22.2042 11.5127 21.8195 31.3438 31.5031 31.5272 15.3087 11.8023 
5.303 13.2612 13.7548 6.5133 8.3666 23.4574 6.0027 21.8512 21.5062 20.0471 35.1578 29.3298 31.9267 5.9991 2.0038 
21.4104 17.2088 10.0783 26.846 22.2402 3.5609 26.7917 21.4091 18.2219 33.158 22.8174 30.3305 29.5834 28.8715 29.3058 
7.0324 5.1644 7.8074 5.9488 11.6148 19.0993 8.4726 21.0568 10.3788 27.127 27.6855 30.8941 27.4519 17.0295 9.9705 
25.2354 32.7627 31.0725 34.9478 21.6688 29.3493 35.7323 9.6655 38.434 8.6739 13.3804 2.3624 1.7252 31.3883 24.3399 
14.3222 4.3294 9.3248 11.666 21.7078 21.74 13.9833 26.7978 2.5262 32.5504 33.5966 36.9681 36.8625 20.2287 18.7311 
8.21 18.6063 16.506 17.6167 3.1978 21.4748 15.7807 11.2754 23.2428 11.5862 18.7985 14.8607 16.5916 10.8459 10.4855 
19.845 23.1778 18.2018 25.6056 21.222 10.046 30.7362 9.1348 29.9391 19.5139 6.6192 15.4322 18.1508 28.3263 27.4354 
20.2046 34.0966 29.1257 25.9581 17.1754 32.2855 30.5017 10.6932 39.391 2.6344 16.9239 8.6762 6.3062 24.4575 22.4734 
19.7195 22.5592 19.5753 27.2165 18.2798 12.8288 34.4237 6.0537 32.1347 14.9565 3.525 10.5173 13.6277 33.3285 29.1712 
23.9542 25.6821 18.6103 31.1875 23.7382 5.3246 31.0752 15.7469 27.884 26.5554 11.6728 20.6996 26.5673 34.2592 30.8164 
34.3454 29.2297 18.8228 36.4165 29.2236 9.9436 38.7127 22.8946 31.7826 33.4833 15.3886 22.0085 30.6109 42.8194 40.4435 
11.2359 4.2685 9.4813 10.4189 18.6608 20.3123 12.2209 28.8501 5.5232 34.2606 34.4625 38.5209 40.9447 19.8051 15.2635 
24.5474 19.4665 18.2145 27.2783 21.5811 8.1078 30.8005 10.8834 23.0921 20.0595 8.8214 18.6312 18.3897 31.5765 24.9485 
17.8246 21.461 14.4838 23.703 21.157 5.5577 23.7822 12.8698 24.6656 25.168 10.8238 18.7716 20.8003 27.0857 22.5046 
11.1475 16.6071 13.9445 20.5115 10.0778 13.7763 18.1512 5.0901 25.9419 11.7548 13.3293 11.7262 15.2854 18.1758 18.2619 
12.8063 12.1194 8.1676 20.0675 11.7256 9.7706 21.523 12.4984 17.3487 21.3413 16.0954 19.9534 19.4673 24.5254 19.5615 
9.4338 16.8598 14.2896 17.6306 8.2419 17.0566 17.1377 8.2138 22.7346 12.154 16.3081 12.9138 18.0743 15.5722 14.9762 
22.7081 31.6662 24.1786 33.0832 18.1246 33.1528 33.7224 12.267 42.031 4.3753 16.8536 6.5417 4.8299 24.7212 24.8401 
18.1912 20.3249 14.1482 29.8405 17.0564 9.173 25.4363 10.5341 27.1464 20.3733 9.8334 16.4702 22.2182 26.9095 28.0029 
19.4078 22.3827 17.1617 21.6638 13.652 14.7247 24.3753 3.1663 28.4993 13.7531 9.2433 10.2873 14.7423 26.6831 20.1479 
21.0697 31.4889 25.7162 30.6898 20.246 30.2998 33.8696 13.3567 41.9307 4.577 17.0124 8.0595 5.1908 26.1143 22.9347 
18.3458 21.906 14.0629 21.9372 13.2664 13.8108 24.9088 5.4632 24.6571 16.1415 8.9439 14.2753 14.1343 28.1158 22.7538 
16.6482 18.3209 11.868 23.8931 11.611 11.7777 24.8245 5.7207 27.2758 16.3128 12.0026 14.7237 15.5297 24.0978 18.5428 
18.5546 16.9118 16.2766 22.9004 19.0663 8.7507 27.6128 7.8826 21.6238 20.1432 8.2766 16.0306 20.2596 27.9426 22.7007 
29.5934 26.2918 20.1059 28.6651 32.1191 6.068 36.0638 24.3905 21.4674 32.1389 18.158 27.1609 26.6779 36.5615 32.1037 
22.5806 22.7365 20.8852 30.5103 17.5035 16.1226 28.5729 2.5044 26.7551 12.5821 7.1937 7.3277 12.0211 30.5096 22.6976 
17.5442 6.6568 10.6434 13.7231 20.8664 24.6514 13.9796 27.0354 1.9868 37.9238 32.0736 33.0341 36.7216 24.4166 22.7458 
11.7037 13.3229 7.8787 16.4543 9.5635 13.6566 18.2776 9.4341 19.6387 16.8726 16.9421 17.1226 18.8489 18.3812 13.8885 
21.9536 28.4877 17.5805 26.1675 19.9699 12.8382 29.6959 8.7376 35.0951 18.2713 3.233 11.3755 15.1031 32.0099 30.7734 
12.2712 20.7013 14.0707 19.6827 10.1979 20.4328 18.6527 4.696 24.1283 11.6375 13.5025 10.0836 14.1161 17.6756 16.7211 
3.6148 15.0798 14.4048 11.989 0.6782 25.8648 12.2482 16.308 22.8367 13.697 24.7835 17.6861 19.7611 9.3504 6.136 
21.3989 33.539 27.5788 27.384 19.7213 26.8748 26.9672 8.1938 32.5331 5.314 14.5914 2.9961 2.8096 27.9146 26.4993 
6.8624 18.6766 21.233 12.4442 7.1753 30.9346 12.0555 17.8487 23.9621 14.5213 29.8406 23.6878 24.2366 5.3112 4.0209 
18.3954 6.1306 8.8646 15.1761 19.1449 19.565 15.054 30.7267 2.6534 32.505 30.0673 34.0761 41.6111 23.5413 22.4622 
3.824 11.2079 13.9834 3.2346 8.8033 22.3031 4.2438 21.7476 14.8388 23.4034 33.2986 24.8336 32.3115 9.3637 5.3729 
5.7501 10.9565 7.0165 10.9247 6.3964 16.9071 12.3323 13.8985 16.9634 16.5925 22.8047 20.0922 25.4657 13.3033 9.3861 
22.7155 24.8213 18.3164 26.0477 27.1269 5.4009 35.0227 14.9398 26.794 25.7968 13.4086 22.9476 29.5817 37.0432 27.245 
11.3341 24.7785 26.1429 11.3443 14.7485 39.7004 10.1165 28.1575 27.2527 22.9049 39.7938 28.7888 28.6341 3.466 8.3545 
23.9673 22.77 20.0908 25.6021 20.3409 16.0483 29.1406 4.5347 29.1507 14.5832 6.0249 9.1378 11.9805 24.8243 28.2139 
21.6964 11.1445 10.4275 21.6276 23.5674 14.497 25.2927 24.6808 8.7138 30.8258 31.6954 32.4115 39.7758 27.5927 26.9951 
6.4822 12.78 7.7846 12.5411 5.7218 16.1556 13.2194 13.8836 19.3622 16.9636 23.0214 16.9614 23.2884 16.071 11.9393 
22.3963 26.3368 25.9883 34.7998 24.0827 18.6919 29.3007 9.3476 29.5879 16.8941 0.719 9.5065 14.3141 30.0773 29.9121 
14.952 3.9638 5.478 15.9249 18.6759 13.3464 17.3955 24.6196 6.2472 30.3533 24.2479 28.2374 36.8813 26.0705 17.9003 
6.6878 15.8515 17.5899 9.5074 5.4423 27.8693 8.214 21.9507 23.4094 17.2039 31.9117 22.3038 24.1271 4.7585 2.1088 
16.5536 21.1913 20.7009 22.7913 12.0104 20.9043 26.6486 4.0495 26.6649 6.0075 12.5196 9.0225 10.3491 23.1908 16.5437 
7.0682 18.2917 17.8064 12.6549 5.9195 31.1204 13.8221 18.1528 27.539 14.579 25.1968 23.5644 19.4532 6.4188 5.2185 
4.7338 12.486 12.2176 2.3948 10.5994 28.289 3.3017 25.4549 18.1754 22.6542 32.2419 30.0709 27.3647 8.1789 6.0789 
8.2876 20.0541 19.156 13.6697 6.5522 25.4449 14.0483 17.057 26.7009 14.4144 28.4392 19.0382 24.8526 6.1685 6.3079 
11.6547 20.9748 18.3396 18.1354 7.1259 20.1167 21.4023 8.5296 24.0059 7.321 17.4621 14.0441 15.6608 13.8574 14.6885 
15.4161 16.8483 11.1112 20.7498 11.9047 12.9746 23.1623 7.4922 21.3593 15.8307 11.5902 17.3441 19.408 22.9701 21.3218 
18.9493 14.5309 10.1544 26.0564 23.8534 3.8958 23.8173 19.5916 14.1983 27.3376 17.9763 26.4016 26.7506 34.3948 27.0032 
8.3829 10.53 6.2251 14.0993 7.4786 14.9312 15.5066 11.6794 18.4867 17.2761 22.187 17.7012 23.3885 17.3289 14.2539 
18.8453 10.6878 7.7247 19.434 25.221 8.0292 27.605 23.1036 14.7579 30.0561 24.0875 26.0979 28.9537 32.6806 26.0402 
5.3489 13.419 13.1453 2.029 9.5185 24.9103 1.9137 21.5465 19.1935 23.5006 30.0621 26.0101 28.9568 7.9292 5.95 
21.175 24.768 20.2002 27.5348 19.9863 19.535 29.0246 4.8291 33.27 11.5765 5.4563 5.9945 9.2475 33.2534 29.5408 
3.1824 10.2504 8.1554 7.2209 6.778 20.714 10.077 18.8585 16.1178 21.0631 24.1621 22.6514 23.4436 12.798 9.5667 
7.48 15.0842 16.2395 15.8675 2.2461 22.3275 15.5655 13.9779 22.4841 12.0527 23.2057 15.6649 19.202 12.5783 8.8485 
24.4126 25.7661 19.5287 25.9755 19.4539 9.465 28.0416 9.6787 26.9669 20.8077 6.0496 15.2999 20.0054 30.3865 28.6644 
25.7742 25.0123 16.8017 35.6091 29.6801 4.9859 31.1134 19.419 22.1473 30.8868 13.4196 22.104 25.9474 33.7888 28.6621 
14.355 3.5957 6.1215 13.0766 19.1504 16.4739 16.9619 24.058 5.0103 32.2253 25.5975 30.9941 32.9236 20.4585 21.9766 
22.661 31.2585 26.1589 28.7222 15.2937 24.866 31.8779 8.4538 36.0827 4.7254 14.4598 4.2139 4.6646 24.364 21.2296 
6.0446 9.6067 12.0938 1.7965 9.7134 24.7665 2.3322 21.3652 14.5531 26.4732 30.4177 30.9603 30.4608 9.824 7.0269 
11.8447 16.3629 12.4652 20.0007 11.9968 13.2915 22.6099 5.917 24.4741 14.9719 12.2801 12.107 18.6772 21.7936 14.9044 
7.4948 5.4799 4.0095 9.3016 12.3562 15.1921 11.0515 15.787 10.5469 24.2451 27.8558 28.9202 31.4597 15.4319 12.9181 
8.7519 18.2899 20.7581 8.2463 10.4021 32.9078 6.8795 21.3638 23.7686 24.8981 38.4475 31.0371 29.2572 3.4122 3.4804 
11.8547 22.7724 19.9073 15.1841 10.1644 32.1886 12.5174 19.4426 30.492 19.1199 35.3291 28.8898 26.85 3.8769 5.7791 
13.3433 21.8428 20.223 23.0707 9.4577 19.5874 19.7868 7.3977 31.3723 5.7728 16.78 11.3345 13.762 17.7737 13.5265 
9.3703 15.53 20.3627 7.3466 10.2913 32.4627 6.9553 24.6541 22.0693 20.5682 34.5532 28.8771 27.746 2.8277 3.353 
18.391 25.0573 17.86 26.0042 18.0734 16.5455 28.7452 3.4107 34.8551 12.0458 6.459 6.6511 11.2297 29.1736 21.8649 
17.7613 30.2141 28.7238 27.7247 12.0616 31.1195 26.1102 10.1557 34.3777 2.4945 21.2787 10.4143 9.1881 17.2601 18.3527 
9.1283 17.5198 20.0438 6.2448 11.8667 34.403 4.8308 26.8067 25.1004 22.8769 33.6106 29.5142 29.9196 4.3052 3.6723 
16.5984 21.1985 16.4414 25.8827 13.3226 19.5311 22.308 1.191 31.8656 9.9731 10.0547 7.6261 11.7288 21.7595 18.9171 
26.6908 22.2617 15.2397 27.9129 27.3909 3.9763 27.0723 21.1725 23.4129 31.8376 16.6405 27.0225 26.8021 35.4512 29.5328 
14.7206 8.263 2.2921 15.3965 14.7893 11.71 20.7068 16.8493 10.6359 23.1982 22.2637 24.6944 31.2449 20.81 19.2145 
9.9321 21.1683 18.6263 10.8828 10.5012 29.6981 8.3464 28.2663 28.1692 24.8155 37.1215 30.0843 26.4319 1.8116 5.4213 
16.7017 3.6896 7.6988 13.6544 20.8098 17.4699 15.5513 28.3432 3.3907 34.3285 28.3268 33.8084 31.4499 27.1911 22.8393 
11.1513 2.0975 3.5496 10.6255 15.5667 14.2176 12.693 21.9384 8.1401 23.0842 29.0261 26.1427 27.6502 20.1352 14.9634 
13.2288 3.7085 9.6901 12.9474 20.4182 21.4824 13.2147 24.7737 3.2474 31.2139 29.459 37.9677 41.8382 24.2245 19.2356 
18.3443 8.228 6.0782 19.7845 23.6059 11.5669 21.7635 26.2167 8.7986 32.6183 26.2378 27.8104 35.5737 31.1628 24.4437 
3.1216 7.8629 9.4865 7.7431 5.7658 17.2813 10.9637 18.7335 14.2874 19.7381 25.9959 24.3846 22.9727 12.6835 9.0907 
12.8461 5.4204 10.5356 10.0305 21.4937 23.5339 11.0401 25.2499 4.3583 31.9702 37.8402 32.2699 35.3179 23.6098 16.0099 
31.3548 28.1986 24.1624 37.7998 36.3201 10.6927 45.1818 22.5831 33.7888 31.0411 19.6216 24.8033 33.8255 45.4301 38.3481 
3.6137 8.6632 9.4284 8.8111 5.9997 16.9539 11.504 14.2098 17.1936 19.3712 21.3876 25.0795 21.9507 11.9983 8.09 
18.2112 22.2262 18.5453 20.8786 14.7951 15.1466 23.389 2.1357 25.8451 11.0169 9.1831 10.3431 12.7377 21.3344 21.9083 
9.5878 6.6357 9.7897 4.0238 14.4799 20.4047 5.8814 21.1384 10.9359 30.311 35.4406 29.1878 35.3588 15.4929 12.292 
1.7947 9.9385 10.6947 8.2838 6.4266 18.0448 9.4086 19.0501 14.6374 19.8336 26.1819 25.7942 25.8517 13.4302 8.369 
22.5233 24.3131 20.1092 27.4561 20.5518 13.8391 29.5953 6.5307 33.9265 14.6112 3.61 9.9426 14.055 26.2434 27.73 
13.2449 6.1318 10.6743 10.6061 22.2257 22.5556 13.9507 29.4767 4.6867 36.0489 33.6625 35.8231 37.9299 20.3755 17.2288 
32.8998 25.1012 23.1441 33.7013 32.984 10.2009 34.2316 22.1992 27.6715 26.2637 11.9495 25.1024 29.7836 44.9807 32.6328 
3.3064 11.3396 15.7349 5.318 6.9638 22.1117 5.1915 23.5378 19.7071 20.2497 32.299 25.3624 29.9904 8.9269 3.8906 
6.9537 14.1159 15.9518 2.4072 10.9436 30.234 1.2149 24.8278 16.7586 23.9066 34.5011 31.2641 28.7598 8.1657 5.9843 
21.5905 9.7804 9.7175 22.238 25.1263 10.3078 20.1959 23.7288 8.994 30.388 25.0276 36.3366 33.9795 33.3671 24.144 
10.7801 14.4189 11.3974 18.4561 7.7705 16.0429 17.0674 9.0779 19.798 16.668 17.3603 18.4536 19.3479 17.2407 13.9318 
27.2275 31.2464 30.4588 31.1657 20.1149 26.6346 39.9731 10.8662 46.5925 8.7964 14.7191 5.416 2.0137 29.1363 25.3607 
8.152 16.4346 13.1454 15.5815 5.948 20.6006 16.8167 10.2613 23.2767 11.3184 16.87 17.5776 18.2178 17.5609 11.2915 
4.4443 14.4008 12.405 10.7097 3.1133 18.6082 13.1899 14.2872 22.2504 13.905 19.5557 17.673 24.321 11.8304 7.6126 
8.2282 16.8452 17.8995 5.6421 9.4872 33.864 5.6642 21.0448 19.4204 24.1432 31.383 29.804 34.3357 4.9059 3.0133 
5.3725 14.059 16.176 6.0652 9.0367 31.2686 4.7485 23.3062 22.1112 19.6724 28.217 30.8712 26.643 5.669 2.5828 
7.5768 17.9349 23.0296 10.7249 8.6304 30.0332 12.039 20.9147 26.6049 19.2596 28.8965 24.4712 27.9021 3.2062 3.4448 
21.4526 27.6128 24.1527 26.6819 16.9635 22.2133 32.1613 7.3932 39.2438 6.6534 13.3044 1.8236 2.4767 27.4305 24.9075 
14.3915 21.5201 15.2391 23.9077 9.996 18.8317 20.1801 2.7823 30.3696 9.5516 12.4626 9.8946 14.1416 21.0674 16.4612 
24.6306 20.231 16.7988 30.4331 20.49 7.6023 34.4771 15.0319 22.3635 26.0497 9.5555 20.5887 21.0804 32.3267 24.8162 
9.592 17.8486 21.6711 14.7254 7.394 30.8633 11.4173 20.0031 26.4454 17.0714 30.6452 20.7405 25.6325 5.3304 4.8214 
19.2218 28.5223 28.2237 30.8467 19.8091 24.3748 27.4812 6.5464 35.6106 6.4629 12.5504 2.6059 3.4348 27.6875 22.3648 
24.3831 31.6152 32.5748 32.9783 18.6078 30.847 30.6614 10.4697 37.5656 8.1291 14.162 3.3121 0.6571 31.34 24.7319 
17.1395 7.1806 9.9282 18.4593 22.5854 16.8751 18.4497 28.5525 4.4367 34.9042 35.7498 37.5133 41.6659 24.8096 22.2823 
12.8628 3.1511 6.2549 13.508 17.6825 18.8859 16.4933 26.0464 3.6513 28.6911 33.9357 36.6897 31.7431 26.4777 21.742 
13.763 7.5973 3.8708 16.9983 19.6707 10.318 20.1661 22.6822 10.1502 30.9194 21.2362 28.9519 31.6776 23.1154 20.281 
11.6963 20.9598 14.2841 19.6611 8.7838 17.145 20.7084 5.423 23.8149 11.8213 11.9941 10.8494 13.586 19.0819 17.2483 
24.342 25.3552 16.2008 31.0983 19.6725 12.5731 26.4066 10.8741 30.2913 19.1854 5.3791 15.887 17.2836 30.4337 25.9667 
4.6792 9.4417 12.6319 2.4913 7.8032 22.3488 3.5598 21.7381 16.4777 21.0905 33.9748 25.1019 33.3905 10.3767 6.1526 
20.8562 10.261 13.8746 12.928 25.5486 22.1773 16.89 32.4145 3.5776 40.1275 37.7213 35.9889 43.2809 23.9047 25.4714 
15.7209 30.261 29.1214 23.1531 12.356 33.6901 26.8835 12.013 38.4302 4.4532 19.528 13.6418 10.6334 17.2415 18.9444 
11.024 21.6939 15.562 17.786 6.0571 23.5663 20.0417 10.1846 23.7477 7.9783 17.4569 13.3769 16.9608 12.2408 10.8189 
15.0874 5.0282 6.8408 15.6205 23.2206 17.7393 18.0735 24.2062 3.7526 36.7272 33.4031 37.4311 32.0194 25.1428 20.4294 
24.3475 12.5071 9.506 21.2393 27.9466 11.1836 21.6438 24.4902 10.5082 34.137 29.1635 29.9424 35.7501 32.1211 30.5084 
18.6713 15.2041 9.9833 21.6961 23.27 3.339 24.3547 21.2952 15.3512 27.2898 17.7946 24.0389 29.7694 28.3715 26.1467 
24.8668 36.5897 29.8946 29.0768 18.8195 29.9612 32.4379 10.3001 36.0549 5.3134 17.671 6.159 3.6656 24.7459 25.2415 
17.175 26.5508 19.7649 24.7856 9.8432 22.2185 19.9134 9.9262 35.9139 4.0855 18.574 11.4579 10.9554 16.2588 16.603 
21.9808 17.3767 13.6858 24.6426 26.6411 5.0762 24.6312 19.7074 18.7129 32.5502 21.3552 32.0134 37.1969 33.7799 26.6991 
20.2608 20.4024 15.1011 29.5512 20.3932 9.2375 28.8015 9.1407 23.546 16.738 7.7934 15.8664 19.6582 27.8244 21.6537 
2.0173 12.7627 9.5835 8.5963 4.0833 21.0387 9.296 17.5907 17.1699 17.6057 22.3094 24.654 24.4314 12.5821 5.881 
10.4492 6.811 2.0568 12.5441 13.8082 12.8369 14.9266 16.8434 12.1238 20.0675 21.3385 26.3875 23.2946 22.433 15.6187 
17.8803 9.7441 11.8792 16.7597 25.3563 24.691 17.2838 35.3744 2.1496 32.2235 39.932 37.8 41.3398 30.0246 25.6899 
10.1244 2.8509 2.8601 9.5294 13.1612 16.826 13.1562 18.9521 11.0435 28.6296 25.4302 24.536 32.1562 19.4231 15.1859 
14.6925 12.8149 7.8515 17.6973 12.5847 8.8268 22.9676 11.2647 18.0298 17.9888 16.4866 17.3556 19.0188 21.4987 18.3991 
15.6852 23.3171 17.3331 20.4814 10.4679 20.6814 23.7809 2.9706 27.7851 8.3251 12.7639 10.6898 11.165 18.8621 16.7128 
13.1813 22.5659 16.1645 16.5917 6.3943 22.4095 20.8524 8.5703 27.6525 7.2666 19.2402 12.1397 13.4333 14.1304 12.8519 
12.3747 22.5237 20.0263 11.5853 10.8757 36.3447 10.0744 26.453 27.1118 18.5067 37.4435 32.5119 25.1181 1.9655 6.4497 
13.6107 27.2106 21.6721 16.1528 9.852 36.4208 16.2439 18.4921 29.7442 14.4355 27.4741 23.979 21.2898 6.991 7.7236 
3.7195 8.9042 8.466 8.8073 5.6569 20.0127 10.2708 18.714 14.7972 21.5019 24.4229 22.6189 26.1708 13.7608 9.7723 
14.9834 18.8086 14.3203 22.0503 15.1223 12.0331 24.3515 4.2255 23.5363 12.0561 11.6346 13.4174 16.5243 26.8998 18.6042 
15.2514 4.7269 10.01 15.2621 20.4925 17.2208 17.7309 30.8443 1.98 36.5183 29.8651 36.8898 39.8329 26.6426 19.1733 
23.2368 34.8024 26.9759 36.0092 23.8912 20.455 37.1506 7.9126 32.8512 12.6759 8.1708 4.6038 7.1798 32.0061 28.5893 
30.8095 23.5874 19.744 29.4339 24.6552 6.6145 34.8405 17.9934 26.5603 33.5427 14.8578 25.2599 31.1405 40.2718 32.968 
12.9713 2.0101 4.0669 12.3853 15.7328 16.9647 14.9095 20.1255 7.9942 28.6558 27.9192 30.3036 32.087 22.283 17.0104 
21.5945 22.0545 15.5969 28.811 20.6813 10.8821 30.9479 6.8794 27.6771 16.0204 7.8714 14.304 14.7967 27.5331 21.3091 
12.863 21.5305 19.6146 20.1196 9.9648 25.2315 18.3884 15.1744 33.3176 7.0491 22.2796 16.8876 16.7046 11.5614 10.497 
10.8758 23.9093 25.5716 11.8093 13.1122 37.28 10.3846 23.9224 27.1423 20.9401 37.7092 29.5139 30.1462 2.2583 6.3289 
22.8841 30.4616 26.7107 32.8416 19.2377 25.1187 35.3783 8.5965 35.0936 7.9623 12.1413 1.6336 2.2019 29.744 27.3943 
17.0988 20.1882 14.4399 23.1645 11.696 12.6879 21.0717 6.1558 21.5193 12.9845 12.2238 13.3531 18.3898 22.9637 18.3754 
26.6777 24.4302 17.9427 34.1156 26.208 4.5841 32.8583 17.4709 21.2434 34.0688 18.7727 24.0135 27.2862 38.2006 32.3739 
16.3115 7.9334 5.3856 16.4948 18.9224 8.8832 17.7409 18.8195 11.7935 28.9757 21.452 28.2824 26.8736 28.9402 19.3138 
16.8595 30.1955 24.8985 24.4062 13.5995 27.9159 22.235 14.3471 35.266 4.171 24.0745 11.3989 11.0862 16.0738 14.6592 
23.9508 24.7804 22.1403 33.121 18.2923 13.9075 34.2279 8.9875 29.8416 18.3938 4.0558 13.4168 16.3795 33.1307 30.9256 
8.4097 10.4499 12.2408 1.9832 11.4624 26.9625 3.362 28.273 13.5353 24.5585 31.9771 28.9938 36.1099 13.609 8.6141 
19.6696 6.8175 5.6231 18.1312 21.0571 10.8856 18.1792 22.6345 7.6197 35.1051 27.2469 32.0331 36.6432 28.9706 20.4254 
22.3833 28.0821 25.3312 27.5007 17.9371 23.5005 30.2891 8.1822 34.2913 4.4777 15.6704 3.768 3.0686 28.3766 23.5191 
14.3363 25.9961 18.7947 20.68 8.692 29.788 21.0351 10.8636 32.2349 7.8104 25.0321 15.9867 14.0659 11.8799 13.341 
7.514 3.9854 7.2089 8.1447 11.3126 16.3364 8.7609 23.4358 10.428 21.6971 29.0919 29.4359 27.5516 15.7677 13.159 
5.1373 12.9339 14.8968 6.3045 7.0038 28.3593 5.3625 18.719 21.3103 18.1478 28.0207 24.5337 28.7741 5.2609 1.8459 
22.6554 17.1778 10.7302 24.6485 20.182 3.9426 29.3514 18.896 19.2638 30.6926 20.774 26.3792 33.9573 35.4762 25.0967 
7.7619 4.2407 8.0854 5.8441 12.2717 22.2498 7.8825 24.6151 9.8982 22.6506 31.2995 31.7045 26.4916 17.1927 12.3327 
26.5038 36.9268 26.1744 35.9834 18.4588 29.4254 31.0292 9.3595 35.7081 8.9799 13.2699 2.2669 1.8505 29.6563 24.0731 
16.1541 5.5056 8.0531 12.5325 21.9252 20.7524 13.0042 29.4014 2.38 34.415 36.9618 36.726 40.3174 24.0914 20.9116 
8.437 18.3725 17.4505 16.2531 4.1048 22.8237 16.662 10.6908 26.2369 9.687 19.1629 16.758 16.1101 12.8921 9.2182 
23.0453 23.901 15.184 27.0659 18.1045 10.5152 25.897 8.742 30.6478 18.0588 7.0016 12.4413 15.9378 27.9885 27.2089 
20.6079 34.5393 27.06 31.7478 15.7059 25.9053 32.2248 11.7447 37.5048 2.5528 18.0721 7.5355 5.4986 21.0452 20.615 
21.7924 28.2315 21.0934 25.4182 19.9933 13.9172 33.6576 7.6988 34.9007 18.7781 4.2158 9.9189 15.4743 27.2616 23.9216 
29.4797 25.2344 19.2185 29.2668 24.6997 5.997 34.1199 15.8708 27.2454 29.885 12.356 22.2923 29.9397 34.2072 32.9678 
27.577 29.3992 23.1699 35.0692 28.129 10.0216 33.5806 18.9825 33.4474 26.9214 13.3804 23.7259 27.8713 41.3153 39.4068 
14.2295 3.8591 8.7796 8.6515 15.8785 21.0406 12.0606 29.2747 5.6833 31.992 34.6138 30.0763 40.1116 17.6128 18.1302 
21.7054 21.743 14.2592 31.2781 21.175 9.1325 31.7462 11.6478 24.5067 24.0386 7.9213 15.2131 18.452 33.6333 27.9777 
19.243 18.8269 14.6674 25.2043 21.4748 5.1512 31.2719 13.6666 22.158 19.4961 11.6691 20.782 25.0762 27.4464 22.7698 
12.1961 15.6058 13.4121 19.9027 10.9382 16.8489 19.4359 5.4341 27.5165 11.702 14.1407 12.4586 14.721 20.6935 15.1599 
13.5973 10.7834 7.2098 18.2154 13.7618 10.2672 18.5729 13.4041 17.4322 22.2266 17.2236 18.5389 23.9104 24.3904 18.6044 
10.914 15.9871 11.374 18.2288 7.5344 15.8242 18.0735 8.1648 20.3201 12.1325 15.1247 13.5859 18.5709 18.8391 14.086 
23.0931 31.6392 25.6947 27.2711 15.9507 30.6288 32.553 12.0899 39.2841 3.3855 19.6901 7.3477 5.1345 21.4497 25.5002 
23.1815 18.4973 15.968 24.4101 17.6702 8.8735 30.4207 9.9479 23.7412 19.3488 9.7858 15.1722 21.3652 32.2313 23.138 
17.2724 22.1181 17.8619 23.6235 13.8595 16.9317 24.4207 3.4572 31.3089 12.1711 8.6182 9.1595 13.4639 25.9689 19.1867 
21.5898 33.6647 31.0776 32.6151 20.0324 30.5496 30.16 13.1934 41.0889 4.4471 19.5484 8.3894 4.6191 29.1866 25.9908 
14.8156 16.6393 15.0336 20.8085 14.6786 11.2302 26.1016 6.2724 23.8277 15.1856 8.9353 13.3865 17.8251 27.8384 21.1487 
15.1835 18.1595 13.245 21.4458 12.3872 12.1864 22.7122 5.9283 27.0582 12.5542 12.5503 14.3167 17.3455 23.5585 19.1544 
21.9082 16.9793 12.9354 24.4176 17.2287 8.0399 27.4902 9.5017 23.6822 19.3098 9.8092 13.7964 16.4021 26.0036 23.9031 
27.9973 20.2707 19.5688 31.8082 32.5042 5.8529 30.0973 23.2742 26.5106 34.3677 19.9241 24.5641 34.7547 33.5239 32.7537 
21.061 24.7692 18.4965 24.3697 16.028 17.9295 26.4291 2.8569 34.7143 10.97 6.7502 8.356 11.1368 30.3785 22.0714 
16.8973 8.2189 13.1685 15.8198 22.1513 24.2594 14.0211 28.0239 1.7054 34.0438 37.0467 42.5265 44.85 22.0016 19.6648 
11.8953 12.8242 9.0485 14.3375 8.6736 12.6288 19.1755 9.4311 17.2207 15.0691 15.6902 19.0969 18.7658 20.5501 15.4421 
20.7865 23.1696 21.0318 26.6364 20.2002 14.3297 34.6208 9.5092 33.9138 18.6993 3.588 11.838 15.9644 30.8142 24.6333 
12.5205 19.0428 14.8159 20.221 10.0949 17.9704 18.3678 4.4785 23.3867 8.8555 14.2531 10.5882 13.8863 18.9614 17.4839 
3.688 13.8576 13.5467 11.1094 0.5517 21.5497 10.9343 13.007 18.9551 16.804 21.2176 23.1934 22.1109 8.8648 6.8913 
22.2807 30.221 27.4825 32.3974 16.2527 27.8056 32.117 8.3534 40.2344 6.2101 13.6474 3.6271 3.1906 22.3702 26.6079 
7.8548 16.8654 17.2093 12.9055 6.3347 27.0233 11.4259 20.1386 29.0075 16.8192 27.3985 26.5787 25.2314 5.2053 3.5759 
16.8375 6.1878 7.7529 15.4267 23.1964 18.1311 16.6673 26.1428 3.2344 37.8656 35.5854 34.2246 35.6803 25.0317 18.511 
4.6048 9.6972 11.9024 3.2355 9.2994 26.0608 3.6822 24.8941 15.611 25.6657 34.6337 31.7579 26.7743 9.4395 4.8367 
5.5327 10.63 7.2481 11.8631 5.5611 15.3549 14.2436 12.6074 19.556 18.5827 19.9276 20.6624 25.3531 16.7535 11.2975 
24.3562 20.8193 15.5404 27.697 21.9453 4.4342 27.5491 19.3729 27.1906 29.5455 13.0513 22.5483 25.9035 31.7613 29.5059 
13.4497 21.4843 22.7647 10.3624 12.6679 39.1456 11.3138 30.8224 25.7987 25.2655 32.6131 30.3089 30.4803 3.2916 7.0678 
20.3388 24.6751 17.8898 29.3715 19.9895 14.8121 32.5405 4.9217 27.066 13.1479 5.4619 9.7892 11.0778 30.2814 27.2583 
19.718 10.0049 11.4485 21.7627 25.7742 12.7846 25.04 31.081 8.2237 31.5478 29.3643 38.7597 43.2992 30.6817 25.2409 
6.4498 11.6711 8.5421 13.2708 6.9654 15.6172 15.59 13.8186 16.365 17.1565 22.8986 20.6499 21.566 15.0065 10.4332 
24.7546 30.0037 23.3567 36.6275 24.9217 14.1598 34.6273 9.7979 30.8383 15.9455 0.7102 12.1874 13.8521 33.2169 29.9206 
14.0601 4.1129 4.5973 13.4544 16.2537 15.9029 16.1896 23.1531 6.2747 30.8878 28.8098 30.4788 34.607 25.0558 22.6622 
6.7748 16.1821 16.1077 11.3042 6.4641 29.0329 9.4419 22.1569 27.3214 15.4489 33.6865 23.5508 26.4575 4.8168 1.7054 
14.616 22.1002 20.5871 21.4873 9.7351 22.2165 21.1584 4.6447 29.2489 6.4429 14.787 7.5531 10.5795 19.867 19.2135 
8.8369 16.7448 17.8992 12.6364 4.6669 26.3791 11.1359 16.0829 29.1283 15.0833 24.6197 25.0273 23.6649 7.2433 5.1123 
4.5792 11.0154 14.8173 1.9776 9.865 26.5833 2.9506 25.0429 15.2303 22.5252 31.562 31.0455 29.5872 10.4825 6.0462 
10.0017 17.7098 21.3681 15.5657 5.1226 28.4721 13.4206 17.6591 25.0928 14.3294 23.9771 18.7899 24.2412 6.9132 5.8576 
12.285 21.6934 15.4826 19.3784 7.2726 19.8262 18.9075 8.8539 26.4017 6.6941 20.6111 12.3878 12.9398 16.461 14.6847 
16.5848 18.3404 11.3475 19.6633 12.4022 11.4508 22.479 7.0381 21.4497 15.3155 13.504 15.2699 17.6013 21.4151 17.8409 
18.127 13.6664 10.7971 20.5851 22.9205 3.9575 22.5485 21.9308 16.7041 25.8288 21.1978 29.0685 25.8203 26.218 28.6886 
8.3609 9.9221 7.876 12.3731 8.6246 13.0739 16.7196 10.9486 16.7634 18.7705 21.5437 21.509 19.337 15.4526 13.4601 
19.3957 12.4245 8.5104 23.2211 25.4462 7.7595 21.4012 21.3776 11.3813 27.8455 23.1954 29.2447 31.8321 30.6027 27.282 
5.3507 12.7192 14.6935 1.8898 8.9602 24.9794 2.1714 27.0963 16.5894 21.792 36.2607 30.3107 30.3336 8.2235 5.2037 
24.1505 27.2274 26.0173 30.4092 18.078 16.6988 33.5232 5.2303 32.4356 13.1611 6.1268 5.847 10.1186 32.3823 28.99 
3.5713 9.2339 9.2358 8.7508 7.1725 19.6912 9.4404 15.2229 16.206 21.5107 22.121 20.734 26.046 11.6277 9.9256 
7.1231 16.539 14.802 15.9844 2.3686 24.7807 15.9609 11.0541 23.3303 11.6857 21.594 19.5106 18.8144 10.532 8.6306 
22.5739 23.3477 18.1077 26.6022 18.7527 10.9034 27.905 10.052 24.0417 18.2652 7.3791 16.3691 19.5817 30.8984 24.4807 
25.2784 23.0533 20.0519 30.1782 27.0391 4.7967 29.6732 17.5211 24.665 25.5105 14.0169 23.439 26.4124 35.8408 35.8021 
14.1967 3.1643 6.8571 14.7316 17.9259 15.225 14.5627 25.0676 4.7331 26.8559 27.237 33.9433 30.5676 22.3256 19.1777 
23.3953 29.567 22.398 25.1441 15.361 27.3994 29.7989 7.6455 32.2326 4.8123 15.6476 4.1253 4.1546 21.6812 21.7728 
5.5145 12.0036 14.0392 1.7478 11.7294 22.8259 2.5537 20.9112 14.667 21.3176 31.4539 30.0605 33.208 8.9466 5.9272 
13.3872 15.1941 13.6681 17.3076 10.0107 14.8515 21.7026 6.4197 22.5423 12.9927 11.9798 15.5375 14.8466 22.3287 18.5451 
7.5127 5.1777 3.9761 10.2927 10.3742 13.8715 11.9238 16.6524 13.1888 26.5395 25.2939 23.4158 29.0391 19.9814 14.5139 
9.6046 15.4133 20.1641 7.1095 9.6023 32.6964 6.5695 22.4628 21.517 24.0365 29.4835 31.7791 32.7708 2.7883 3.6767 
12.0185 24.5769 22.2585 14.447 10.5909 35.6208 13.3011 22.4707 29.156 16.6861 30.8773 23.381 25.7783 3.1767 5.8267 
13.3282 20.6791 18.5249 20.7422 8.685 23.9286 18.6317 7.1998 28.6234 6.6802 15.3007 10.0611 13.0683 16.4793 13.5181 
7.2438 16.6141 17.1487 7.3108 10.8858 26.7795 5.9059 24.4366 23.0764 22.2354 36.3442 30.5007 34.272 3.5904 3.1755 
20.4205 22.2351 17.6704 23.7642 18.7866 17.2446 33.0536 3.3727 34.4 14.3504 6.2577 7.464 10.8606 29.5589 26.2999 
19.5478 25.4435 25.2646 27.133 11.92 29.5405 27.6016 11.371 34.9515 2.1263 17.9731 10.5705 9.7767 17.9905 15.8776 
7.7423 17.924 16.6577 6.734 10.2599 26.3664 4.4287 23.1849 24.2814 21.8096 33.7179 32.1667 32.6884 4.7111 4.0666 
17.2327 23.7826 17.8605 25.8556 12.5038 16.2055 23.1329 1.1768 31.808 10.4543 12.2372 8.2991 10.9228 23.0562 21.2952 
25.7288 19.3094 14.0705 32.3171 27.8629 3.7031 29.0923 21.1908 24.9834 32.4908 16.5227 27.745 26.7492 34.4413 29.072 
13.1373 7.4221 2.3653 16.6956 17.9117 11.5617 18.6018 20.8003 11.2852 29.5655 21.1187 29.2702 30.4324 26.0635 20.2176 
11.0581 21.8588 21.5334 9.383 11.809 31.7514 8.7919 26.6483 28.7505 24.4615 34.4978 34.0995 31.1781 1.7108 5.188 
13.6974 4.8224 8.3043 15.1117 19.9191 19.5396 13.5067 28.8529 3.3252 31.8982 34.9513 36.0259 41.4448 22.8354 21.1952 
11.2547 2.3391 3.7479 11.3266 13.0206 17.3837 11.2286 22.5916 10.1169 24.4023 23.5024 32.0887 31.8378 17.6626 14.8618 
16.9873 4.1926 8.0822 13.2089 21.0413 21.4545 15.8005 25.5516 2.782 36.0225 35.9306 37.8386 32.9554 21.6011 20.8089 
17.2711 8.8855 6.4405 20.73 20.6082 12.62 19.2683 25.6232 7.8635 27.2765 28.3965 30.3949 31.3891 24.1532 25.136 
2.6075 9.0213 8.0918 8.3525 5.7446 17.3537 10.3896 15.6616 16.9742 17.0609 23.4726 25.5252 23.3925 13.1943 8.8722 
12.3815 4.8766 11.3238 9.2426 19.7519 22.8243 11.7217 26.2315 4.7072 34.1214 34.8072 31.028 33.229 19.4273 16.9266 
30.2762 27.1951 23.0644 41.0179 33.4503 13.2966 40.9577 25.0265 32.2813 29.6716 16.9587 29.4689 33.8435 44.1392 40.4484 
3.5275 9.9476 7.4913 9.4336 5.8752 17.807 9.8848 13.6354 16.3812 17.9445 26.6178 19.526 23.784 14.5514 10.3259 
19.4791 19.6638 18.933 23.6222 14.5139 17.296 24.3599 1.7698 28.7516 13.4096 8.6174 10.2194 10.9413 27.5182 18.8616 
8.1923 6.5644 10.0785 4.3275 14.5183 22.7553 6.0917 21.842 10.8733 26.88 29.4809 27.2986 28.9091 13.114 11.1127 
2.0888 8.4523 9.9033 8.0741 6.6745 21.5365 7.833 15.767 14.6183 18.7579 24.9306 24.2288 27.3932 12.0746 6.6675 
20.4044 28.7756 17.1751 32.2515 18.7449 14.1462 29.71 7.1613 29.2525 14.9615 3.483 9.7076 15.9403 30.7555 27.8605 
17.1688 6.1911 9.8136 12.5689 16.9005 21.2617 13.7539 30.3669 4.4703 32.8977 36.6339 36.9655 38.4102 23.5728 20.5076 
34.3757 27.1716 22.5702 32.9072 30.3833 9.6568 36.6606 19.7575 35.0932 28.9613 11.7972 20.607 27.301 41.9828 34.4543 
3.3083 11.9992 14.1468 5.2351 6.6682 25.4349 4.4818 24.1112 16.5988 19.6236 26.283 30.8194 30.7648 8.9337 4.3571 
8.0382 13.5593 15.3922 2.3271 10.3524 28.111 1.0627 26.3953 17.2892 28.0552 31.6935 30.1144 35.3371 9.6169 6.7959 
22.046 9.0052 8.1399 22.2793 22.8124 11.8138 21.2852 26.0697 9.2086 33.5808 23.8736 31.9344 32.5961 29.9673 24.2316 
8.9164 14.6418 10.9255 18.1697 9.4195 13.6718 17.2625 9.7574 23.0416 16.5295 18.5044 15.8758 18.7844 16.3516 13.3391 
30.1611 32.1516 35.028 36.1801 23.6969 26.6853 38.9222 11.4181 41.9928 9.6306 15.6531 4.8401 1.8592 31.4472 28.9802 
8.3528 13.3558 13.0162 15.9869 5.1247 19.2919 14.6199 10.3901 22.1013 14.8652 17.7172 15.7088 15.4313 16.4258 11.7727 
4.0915 13.0087 9.8515 10.6217 2.9211 19.6081 11.7438 14.3606 18.4477 13.6695 20.2434 17.6048 19.4861 12.1896 8.2326 
8.1089 13.9845 19.4172 5.9409 10.8066 31.2722 4.6554 20.8992 23.03 25.6334 30.1208 29.3393 26.0388 3.8809 3.3761 
5.1889 14.6415 14.9828 6.106 8.578 28.1875 4.9167 20.2255 22.231 23.121 30.7574 31.8683 25.5274 4.5895 2.23 
7.879 17.6085 19.9628 10.4152 8.5953 27.1985 10.0514 23.1598 29.0092 16.767 29.4053 27.3439 23.23 3.1607 3.7993 
21.1515 34.4525 28.882 33.0119 18.5293 27.8253 28.2173 6.9886 42.3374 6.9733 11.7364 2.3303 2.229 30.2647 22.686 
14.7072 17.8388 14.7997 21.6752 10.2758 16.0181 22.4069 2.957 29.1168 10.5769 11.6552 9.7901 11.4401 24.591 20.3528 
26.8349 21.867 17.5873 30.5804 21.6473 7.0609 34.2151 12.0465 28.0858 26.2062 9.6896 18.6005 22.0692 29.5727 26.3254 
9.3654 22.8769 22.8822 14.673 6.6642 26.8491 12.0224 18.6501 30.8013 13.6408 27.5614 25.4561 22.8338 5.8019 4.2865 
21.6088 27.0233 23.0525 27.9224 16.2056 23.0582 29.7691 6.8698 38.3356 5.9566 10.549 2.3358 3.8424 26.4266 20.9807 
23.5165 33.8564 30.0767 32.2322 22.3428 30.7834 36.8149 9.4285 37.5771 8.3371 12.2352 3.5654 0.6538 30.829 25.7763 
21.8661 8.9121 10.2515 17.7557 20.6295 15.3734 21.3825 28.9128 4.4264 31.9748 34.1106 39.2332 41.6549 25.6671 20.9883 
13.8221 3.3861 7.7575 12.6265 19.3449 19.6686 16.8542 29.1711 3.9763 33.5686 33.1248 30.7742 31.6208 23.8452 17.1473 
13.8294 7.5465 3.3936 18.2563 18.1501 9.9033 19.2853 19.6756 12.4825 25.526 21.2161 25.4429 30.298 25.3356 22.3691 
13.0713 18.9123 15.6575 18.5039 9.52 15.1985 18.5149 5.0599 23.7068 12.411 14.126 13.6745 13.6816 21.0282 16.3831 
21.5911 26.1599 17.9358 27.75 19.498 12.317 28.624 8.661 30.9439 20.9234 6.0247 14.5537 17.5798 33.0531 26.384 
4.5994 10.7006 13.6701 2.9096 9.7255 25.5919 4.0581 22.6662 14.9059 22.9723 28.1672 27.2377 25.8279 9.9557 6.6125 
21.741 8.1416 12.2638 13.5701 24.1979 23.8196 15.2749 30.6979 3.5094 38.5003 32.8246 43.9298 40.8951 25.9389 19.657 
19.9739 27.7023 24.6169 23.3553 13.5852 32.976 22.81 15.0684 30.3998 3.7028 23.2067 12.5131 12.2308 17.006 18.9054 
11.3865 21.5256 15.4589 18.6148 5.4611 21.0721 17.8572 11.2429 27.1083 7.9629 19.345 13.1118 14.0836 14.8401 12.3524 
18.7565 5.2757 8.4913 16.0847 17.5928 15.6772 17.3734 29.37 3.8958 32.3562 30.686 37.7915 35.1207 24.3231 19.8898 
19.5884 12.764 11.8209 20.0285 25.7176 11.6835 24.6907 25.8162 11.7139 38.4552 28.2438 28.9531 33.7204 35.6079 26.7827 
19.9749 16.5554 10.7029 21.3906 22.1786 2.758 29.7308 21.7916 16.7051 25.3853 21.3801 25.8375 33.5383 30.6552 28.62 
20.8223 35.983 25.9546 31.0947 18.803 25.7928 29.5932 12.5624 42.8386 4.6713 16.604 6.2492 3.6016 25.9183 25.4666 
15.4152 22.3527 20.489 22.7042 9.4637 26.0562 23.4249 7.7241 36.0497 3.979 18.69 11.9571 10.7876 19.4789 14.6145 
25.1948 14.4829 10.877 23.7484 21.7013 5.5691 27.6545 21.2657 18.6607 33.6076 22.3904 33.2919 29.8956 31.2242 29.8953 
22.1646 19.0252 14.757 29.3245 16.4047 8.8718 27.972 7.6979 23.2893 19.5358 7.3629 14.6956 17.0885 29.7945 24.5457 
2.0625 12.8504 11.0488 9.8955 3.7219 19.0574 11.5542 15.1103 17.1156 16.0752 25.5155 20.5545 23.1583 10.6199 6.5816 
10.0833 7.568 2.0203 12.7094 11.1532 11.8319 14.3176 17.0755 12.2008 26.1777 21.5795 23.2098 24.2208 20.2653 16.4678 
19.5488 7.8313 12.6337 14.5086 25.0969 21.0386 16.9371 31.0219 2.4135 33.7422 37.1877 42.7471 37.3096 22.8578 22.3451 
9.9491 2.6244 3.1291 10.3745 13.0459 17.4362 12.5984 19.1838 8.7386 24.6437 28.8916 26.9483 26.5646 18.082 14.325 
15.0592 11.8884 8.9785 16.3163 14.0818 11.1193 20.204 12.0092 18.8144 16.9146 17.2121 16.2739 19.6183 22.5128 18.5157 
16.3442 22.2968 16.4454 19.1018 10.1406 20.7295 20.1127 3.0663 25.4157 8.9038 12.2566 10.6843 11.1549 23.2264 19.447 
10.5354 23.8912 16.8063 18.2857 6.6411 22.9891 20.8805 7.8116 24.633 7.7269 17.7425 12.8908 15.1431 17.7198 13.8043 
12.9685 20.7737 24.796 13.2733 11.4504 32.3959 11.4671 23.3182 31.4472 20.5844 30.8767 33.0412 27.0312 2.0559 6.9153 
12.8861 24.6956 25.0329 16.7085 10.9612 35.0664 17.8594 19.5356 33.2096 12.4824 27.5166 21.9006 22.9367 7.2629 8.4392 
3.7505 7.9794 6.9128 8.4291 7.2601 21.1899 9.0492 15.5723 15.9906 17.8375 24.2503 22.3458 26.831 14.9059 9.8308 
16.667 19.0924 14.1364 23.8481 13.9529 13.1995 21.7061 4.3213 26.5841 15.7653 10.6128 12.7691 14.7858 22.8054 21.1096 
18.5514 4.8364 10.7971 12.7132 19.0894 22.1028 15.0189 31.5491 1.98 29.2146 32.6134 31.8057 33.7424 24.7436 21.5079 
26.073 31.5646 28.2228 29.8558 21.46 24.2586 29.4773 7.3276 35.0335 13.3189 7.1218 3.6187 7.3068 31.8357 29.5263 
25.4942 20.2862 20.7392 31.6264 25.1923 5.2085 38.849 21.591 26.8943 30.305 16.0381 28.3 30.7134 39.8637 29.3344 
13.1023 2.1951 4.1884 12.6342 16.2455 16.235 16.489 24.1609 7.404 31.2883 23.6682 30.9939 29.6052 22.0077 18.9851 
21.4618 24.4631 18.2142 23.4155 17.7823 9.8505 29.0137 8.4086 30.393 15.431 7.9764 13.8355 14.5499 30.4627 25.4443 
14.7747 22.2253 22.4321 19.9629 9.3053 25.9956 17.055 14.9143 29.1551 8.6944 20.6132 17.1131 17.5932 11.4254 11.0915 
10.4141 20.5111 24.8536 11.9494 10.4095 36.6049 13.2536 26.4999 29.123 21.7409 35.5075 31.5051 31.503 2.5592 6.3723 
26.6153 33.2226 29.2459 30.3367 18.7853 24.0424 32.8249 8.4932 33.8541 9.0106 12.1516 1.4285 1.9971 26.7169 27.0708 
13.6457 16.6344 13.434 19.5033 12.5118 14.0636 23.4211 6.4259 24.6094 15.1779 11.9309 12.8216 14.7016 25.8637 17.3958 
27.7417 22.8024 18.2447 30.8233 25.761 4.0798 35.3631 18.5956 25.6651 29.0827 18.4692 25.4399 28.904 32.7301 29.0619 
15.7868 9.6644 4.3003 19.9958 16.835 8.8061 20.5464 18.0837 11.2385 26.9038 19.5269 30.169 32.1521 26.8425 20.6217 
17.5091 30.1396 28.9151 21.7769 13.6032 29.4365 23.5044 14.7554 38.0314 3.8833 22.3036 13.0262 13.1992 19.7484 19.0462 
21.067 22.591 21.3211 27.9057 23.7378 14.1122 30.1267 7.5846 34.6486 19.9442 3.3264 13.6252 14.8682 31.1664 29.0636 
9.267 8.0915 12.2371 1.9181 12.6837 23.549 3.1122 24.255 15.0948 28.8914 36.744 36.9365 29.7159 13.2965 11.0448 
15.4902 7.8891 5.6776 17.6885 19.9329 13.6825 19.6247 23.239 8.1123 31.9699 24.501 34.661 35.3453 28.8935 20.8471 
20.5792 32.7496 28.4198 31.3314 18.4144 28.6401 29.1235 7.8845 39.6276 4.6338 15.1822 3.7058 3.1916 26.5145 20.3632 
12.6402 24.5552 19.4386 19.7717 7.3158 30.2882 17.6146 13.5581 29.7065 7.2532 20.1568 15.8146 14.493 15.2359 10.6519 
6.7447 4.13 7.0122 7.4158 12.7199 20.6165 8.8155 22.7898 9.825 24.1311 28.7577 28.9089 27.1436 16.7277 10.8076 
5.3522 13.1949 16.8246 6.6063 6.9462 29.3178 4.9492 19.6432 22.474 18.8787 32.6497 24.3624 31.3812 5.4021 2.0968 
19.78 17.4742 9.7332 25.0454 26.19 3.9196 29.6598 20.7156 16.9989 31.0191 22.0094 25.0989 27.7013 33.1522 28.1823 
6.2438 5.2985 6.8168 6.1737 11.439 22.5614 9.0319 20.8013 11.556 25.2044 32.7649 32.2833 28.8879 17.3118 12.9462 
28.0672 28.4678 28.4251 33.2908 22.4392 23.7869 29.1267 10.7088 42.0386 10.148 10.7834 2.306 2.1515 31.5326 26.8673 
16.9913 4.531 8.6876 13.2772 22.526 22.4155 14.2631 24.1466 2.7338 30.6101 28.9658 35.8885 34.8284 21.8707 18.1446 
9.7577 20.9387 14.3989 14.5585 3.2626 25.4477 15.0045 12.0879 24.9801 11.2039 21.5599 17.0094 18.1257 13.3833 8.9035 
20.23 22.8886 18.0735 30.2105 17.9844 10.8249 26.316 8.8794 28.8643 21.113 7.5551 15.1972 16.8458 28.1152 25.2294 
24.761 30.5551 26.3188 31.7146 19.4092 29.1999 26.4926 10.9812 41.1245 3.3459 16.8767 8.9245 5.2018 23.5467 21.9242 
20.5669 23.0926 18.6964 27.6514 19.1365 16.5428 30.0911 6.8953 28.849 18.2622 4.0484 11.2222 14.1881 29.0895 29.5538 
26.3649 21.3995 20.5441 28.034 26.2622 5.8434 31.9315 17.2958 24.3008 27.2747 11.8125 23.6263 29.5506 39.9968 28.1156 
27.1691 28.3974 20.5006 32.7938 31.3111 9.6775 40.3812 18.2818 30.5742 34.5857 15.8621 23.1111 27.4926 40.9051 37.9228 
12.6164 3.9802 9.4252 7.9623 17.3747 22.6716 10.5145 26.3488 6.0323 29.4198 35.5309 32.0795 32.5933 18.3018 17.4832 
20.7773 20.2106 17.0987 29.8862 20.2375 9.11 27.7247 9.9712 26.0819 21.9217 8.7522 18.4117 18.6217 30.2262 25.6708 
20.2536 21.3954 12.983 28.4643 20.1131 5.897 26.9141 10.9397 20.8135 23.7645 11.8148 19.2515 22.8028 30.7612 25.267 
13.1658 18.463 15.067 19.8086 11.0631 14.3341 18.1571 5.7428 24.9482 12.4762 15.4117 11.3045 17.3415 17.371 15.7112 
11.4111 11.7801 7.6261 17.1011 13.1644 8.9239 21.2021 13.4582 16.6552 18.8717 16.4527 18.7996 25.3132 24.3198 15.9658 
11.3679 14.0375 11.1506 17.6306 7.8488 16.3299 20.4785 6.795 21.7036 13.5108 14.2997 16.0393 16.1355 17.0618 15.815 
25.2335 33.4564 26.1416 32.0606 18.7752 30.031 29.7811 11.4481 33.1394 4.3596 18.9134 7.3009 4.6132 26.4494 22.2127 
23.1574 20.8803 15.1199 23.5164 18.3685 8.6658 27.9815 11.6351 26.0138 18.8424 7.5934 16.2152 18.402 34.0281 23.4717 
19.8118 22.2441 17.2597 27.8361 17.3664 15.0719 27.8996 3.4671 31.6318 12.3813 8.8631 10.6828 11.7396 22.6703 20.755 
24.6418 29.1636 26.2157 35.0703 17.6173 32.445 34.3803 13.2837 43.3981 5.2323 18.3663 7.404 4.1597 27.2536 23.5251 
15.0297 20.112 14.8961 21.3269 13.2912 11.9385 24.1791 4.9516 27.9529 17.2027 9.3828 11.9726 16.3715 24.396 19.256 
13.5102 17.6856 13.9815 23.8015 12.8904 14.9082 23.7651 6.0113 21.1342 12.5502 11.8566 14.2278 14.4998 23.7163 18.2589 
18.2733 21.3368 15.5364 28.282 16.7617 8.491 25.9651 8.306 24.074 18.8631 8.3271 14.0597 19.9283 31.9977 24.5146 
28.3963 25.7384 19.0583 33.2511 27.5716 5.608 29.9209 23.9452 26.1529 36.138 17.8815 24.7994 32.139 33.8857 29.717 
20.6005 21.0518 21.3918 30.3331 15.4445 14.8843 29.4547 2.7276 32.5715 13.3631 6.7244 6.7564 10.2085 29.7771 25.4717 
17.267 6.4484 12.4795 15.9843 21.3778 19.9464 17.7155 31.5008 1.9989 37.3229 31.228 36.3029 43.2634 22.4918 19.091 
9.212 11.3961 7.9888 15.0695 10.891 14.0174 18.1744 12.1836 19.1856 19.3975 15.9753 17.0653 22.6341 19.0622 15.743 
22.3334 27.4549 19.283 26.1675 20.2251 14.3794 27.9383 9.4882 30.0525 17.4748 3.7511 11.0213 14.3339 33.0677 25.3958 
12.8442 20.4368 14.8247 21.6641 8.4865 15.6824 21.8292 4.7611 24.0683 9.9566 15.5555 12.8576 14.1044 18.1698 15.0523 
4.3575 13.3587 15.5295 10.9915 0.611 22.0284 12.3193 15.6872 21.2954 15.398 21.7095 19.7877 23.3563 10.7896 5.6889 
23.9867 31.1189 22.8157 25.8168 19.0744 25.4639 33.6291 8.5334 34.3346 6.1359 15.3459 3.0413 3.3312 22.3184 24.0292 
8.1664 16.6268 17.4508 11.7624 6.2952 27.8172 10.4735 19.6347 28.4117 17.5962 29.5228 27.2143 26.4543 4.1943 3.1504 
15.6811 5.9368 7.6663 15.8846 19.0319 18.346 15.7209 25.594 2.9553 28.8238 31.8292 38.4915 32.4173 27.9544 20.5144 
4.1691 10.5215 14.7844 3.4005 8.2724 24.071 4.3919 19.7866 16.3686 26.1444 34.6249 28.4252 25.4154 9.5701 5.7667 
4.6188 10.6618 8.0327 11.5609 7.0959 18.7295 12.3614 12.4213 18.4059 17.3408 23.4788 21.9485 21.5194 16.1482 11.4749 
27.7828 19.8078 14.937 26.6117 27.7969 4.4878 28.051 19.0702 23.8666 27.0749 13.8458 23.392 26.2899 32.6416 33.8437 
14.1279 19.0619 21.821 11.7594 12.8199 34.8084 10.0624 24.567 29.0566 24.3479 36.9751 30.6313 36.5727 4.1922 8.2158 
22.3306 26.4615 18.6309 24.9844 17.0541 17.1867 26.9824 4.2504 28.8814 16.3681 5.7016 8.3499 11.4865 29.1803 27.8458 
18.4754 10.3039 10.2837 18.1738 22.9914 13.9221 25.0788 24.9009 6.9811 31.8587 29.9535 30.7194 39.8734 27.7141 24.4988 
6.6244 11.0463 8.4579 13.1564 6.7843 14.752 15.353 11.359 19.3462 16.4235 22.7057 18.0427 23.0096 13.687 10.8275 
26.2874 28.4886 21.2751 30.5814 25.256 16.8509 34.3373 9.1212 34.6667 15.8218 0.6932 10.7692 12.9482 29.5841 33.1877 
15.1502 3.9407 4.6338 13.919 19.9318 15.2068 16.519 23.1396 7.2305 31.6895 29.3581 33.0507 32.7296 27.3077 18.5806 
5.7715 15.6011 19.573 10.0596 5.4126 27.8693 8.6469 21.1433 22.5386 15.6269 31.5652 23.0832 24.026 4.5614 1.9671 
16.5624 21.7561 16.7243 19.5987 9.64 22.6679 20.4161 5.0116 27.9314 5.9689 14.9909 9.2536 10.1956 17.527 17.5936 
8.8461 17.399 18.123 12.2884 5.7425 26.4757 14.3977 16.9744 23.7953 14.0494 28.3672 21.66 25.0795 7.3643 5.2519 
4.4232 10.6158 12.7307 2.5876 9.3945 23.5073 3.2625 20.9813 14.8651 21.7847 32.1524 28.7714 33.6763 8.7421 5.7654 
9.6559 17.5885 22.3977 12.8341 5.6796 31.9411 12.4963 16.1182 24.0595 13.3015 27.0413 22.7936 21.296 6.661 5.8626 
12.9719 18.8131 17.2282 20.7445 7.6684 24.2679 21.6356 8.5544 31.7744 7.7646 19.3536 14.159 12.7497 15.5448 11.3981 
14.9343 15.6725 11.0751 17.9686 12.1778 10.4252 25.1037 7.9617 22.9214 17.8681 12.1242 14.5192 19.9153 25.5908 20.587 
23.2828 12.2029 9.8043 25.884 20.3875 4.0926 25.5066 19.0208 15.0863 26.4684 21.043 24.0015 29.3199 26.2441 23.8849 
8.4404 9.2744 7.1432 14.2555 7.3308 16.5869 13.8334 13.5102 15.4494 17.1888 19.1456 17.158 19.2671 16.3262 13.3192 
20.5494 10.9558 10.1278 23.9027 20.7997 6.7965 25.9118 21.1643 14.5617 27.5425 25.7287 33.4176 32.9174 33.4978 26.5458 
6.8241 13.6375 15.1676 2.3898 9.468 28.7704 1.8533 24.0055 16.1896 21.1198 32.2586 29.8711 28.6707 9.1564 6.4527 
24.3369 30.6625 22.9684 31.0824 19.4725 21.7282 34.6478 5.0078 34.7448 13.1168 6.0916 6.0158 8.6738 27.9677 25.5341 
3.3236 7.8733 8.9501 7.8238 6.9406 19.3173 9.0236 18.3939 14.142 18.0832 28.0753 25.6356 28.4165 14.413 8.8337 
7.7941 16.3474 15.6329 12.1001 2.3512 23.0778 14.2613 13.3012 24.2185 11.84 23.6275 15.4079 19.8605 11.0993 8.2831 
22.2621 25.643 16.1637 29.3581 22.9251 9.7801 30.7134 9.1161 24.1287 22.2044 6.0225 14.7144 16.2178 34.7464 29.1173 
29.0745 22.0045 18.6972 32.236 27.3078 4.9796 35.6345 18.8689 26.9924 32.0563 13.2778 26.2072 28.4812 40.8812 32.5103 
13.9468 2.859 6.3511 13.4761 19.4763 15.4633 15.7491 26.5676 4.4823 31.4419 26.8651 36.3546 31.8854 22.9125 19.0284 
23.2301 29.3744 28.7122 28.9504 15.1928 26.924 26.3089 7.6157 37.3487 3.9387 13.1502 5.2094 3.6927 25.5501 19.5548 
6.0345 12.3649 13.6729 1.718 11.7324 29.2796 2.4219 25.8578 18.9328 27.1194 35.1404 30.0605 32.209 8.43 6.8021 
12.6979 17.9915 11.0077 20.7702 11.3678 14.4035 21.4923 7.2116 20.9502 15.8091 13.5389 12.676 14.9275 19.8417 17.6498 
8.9135 5.6537 3.342 9.5084 9.7188 15.6461 12.6258 16.5947 12.1563 21.4237 24.0518 25.3364 31.0922 15.4773 13.407 
7.9137 17.2193 18.6263 8.501 9.1717 31.8949 6.1718 22.2248 22.6162 23.5928 36.8907 26.5936 27.2775 3.3327 3.6859 
10.5473 19.5596 25.6948 13.3924 10.6828 34.8416 12.3976 24.8266 31.5673 17.1132 33.7562 28.0721 28.838 3.5062 6.2346 
14.0382 18.8682 16.2838 19.9292 8.0604 20.8756 22.7467 6.6317 29.9067 6.0958 18.0226 11.7169 11.7685 19.5411 12.7507 
8.7586 16.8378 21.2035 7.7489 9.6291 29.0932 5.9862 24.2331 25.1303 23.9413 30.4966 33.1812 26.0522 3.1624 3.843 
23.7142 23.907 22.0434 29.3405 18.2829 14.8718 31.3666 3.3479 29.0905 13.1278 6.4814 6.3551 11.1565 29.7948 21.2648 
17.6519 30.334 23.6752 28.3877 12.6741 25.9055 23.7543 11.4751 32.6764 2.4901 18.5406 11.7373 9.5356 21.593 17.2794 
8.3651 14.1033 17.6618 7.2878 12.0771 33.7608 5.4193 27.4198 23.5884 24.8639 34.4592 26.4643 33.8171 4.7546 4.6777 
16.15 23.599 18.7272 25.1658 14.5283 18.5649 22.0591 1.0036 27.3263 10.9125 11.9254 9.4337 10.3176 19.9137 20.0722 
22.4624 22.7625 15.664 25.5259 25.3354 4.3403 33.2046 24.0602 21.3839 34.8979 17.8942 28.4203 28.5065 40.975 32.5231 
15.3341 7.2406 2.6594 14.9053 17.0705 9.441 19.3469 16.9719 12.0047 26.0999 23.5374 25.5196 25.5662 24.4847 18.9706 
10.7326 18.2325 19.5585 11.2614 10.5174 37.1553 9.3319 25.2336 22.7126 20.819 32.9215 26.1718 28.5979 1.7265 4.7425 
16.4173 4.2433 7.609 12.9392 19.7007 18.3979 17.5074 27.3163 3.3807 31.1774 27.4304 38.6829 37.4992 24.3214 18.606 
9.4971 2.3467 3.6652 9.949 15.7137 15.2027 13.9288 18.7384 9.0579 22.9788 27.6946 25.0365 34.5298 19.0619 14.5614 
13.3158 4.5526 9.5586 12.4709 20.1456 19.7355 15.7383 29.8607 3.5846 32.9625 31.5731 31.3849 34.9694 20.6298 22.0208 
17.5131 9.2627 7.5736 18.261 23.8965 12.9185 21.8659 21.5027 8.0113 31.4922 29.0479 34.6755 35.3875 27.0051 26.4325 
2.9171 10.4681 7.4339 8.8089 6.1982 20.8266 10.3586 16.2232 14.2827 17.4723 25.8121 24.7019 27.9016 13.8579 7.6198 
15.2711 4.27 10.3423 11.9629 20.1658 24.3119 11.3704 30.1419 4.6329 33.1571 34.0273 35.6524 37.7281 18.8976 16.3633 
36.5758 25.7149 25.4341 42.5032 33.8361 11.8845 44.58 20.4664 32.3884 34.4599 17.3582 30.2265 35.1338 41.6556 39.9841 
3.6673 9.9217 8.3575 9.9762 6.2974 20.3554 12.1875 17.235 15.445 20.6182 26.2709 19.9761 26.5133 13.9586 10.3077 
16.7813 20.846 17.8039 27.2026 12.0601 14.5692 23.7585 2.1119 24.9218 12.808 9.2678 9.1189 12.1825 25.679 20.5154 
9.4616 5.6895 11.114 4.9349 13.3539 24.8186 7.2377 21.2298 12.2453 26.1386 28.1999 31.8182 29.5102 16.5955 10.6881 
1.6987 10.4697 10.8912 8.2464 6.0512 19.4296 7.7605 17.391 15.6672 18.7522 22.3764 24.1388 29.0379 12.4415 6.7059 
23.5108 27.743 22.6371 31.279 20.6904 13.15 31.3164 7.1734 33.5649 17.2071 3.4133 9.2896 15.3456 29.8042 24.5986 
12.9735 5.7744 11.6177 10.3143 18.5877 20.7404 13.9098 28.178 4.0236 36.1818 33.77 37.0375 32.9745 21.7314 17.8974 
31.0286 25.4142 22.9028 31.0745 33.7319 12.0763 38.7457 16.8622 32.5453 33.0586 12.675 24.8553 23.5541 39.2595 34.3212 
3.8449 11.0464 13.008 4.7634 7.2384 24.7688 4.9317 20.2184 16.8698 21.6246 29.9779 27.029 28.2561 8.5112 3.5308 
7.9564 12.296 14.1783 2.5944 10.57 31.6519 1.1901 27.33 19.7466 22.4369 37.1928 33.9734 27.6543 8.6389 5.7833 
18.2352 11.307 7.6706 19.872 22.4071 11.157 25.2905 22.4837 9.5848 35.0551 27.905 36.3921 35.3327 27.8371 28.4854 
8.9738 14.3379 10.4102 16.2353 8.3563 14.8235 19.6802 9.511 22.2427 13.9592 14.2636 14.4599 20.7004 20.1329 15.6513 
29.8343 37.8916 27.8102 30.9498 24.9642 26.6853 39.4326 13.5485 39.3117 7.9071 15.3447 4.8257 1.9087 32.1198 27.2231 
7.7975 16.6533 10.809 15.2065 6.1096 17.6547 16.1205 9.1875 21.549 12.3355 16.0492 15.2509 20.3013 16.1951 12.1653 
4.0346 14.4233 10.3543 10.1688 2.8094 20.4529 11.7868 13.3716 19.0776 15.6242 22.0901 20.5011 22.5445 12.1968 7.7227 
6.9703 15.0336 16.5956 5.9428 8.659 32.7727 5.9302 25.7962 19.671 20.9799 36.8239 26.0775 30.5628 3.9046 3.404 
6.223 16.9754 16.927 5.1761 8.6813 24.4565 5.8456 21.9212 21.9375 23.8977 27.8813 25.99 28.3537 4.5462 2.1294 
8.6716 20.9804 19.2685 11.4994 7.0089 32.8853 12.5391 20.8727 26.6125 15.9546 34.5459 23.1249 27.5834 3.5596 3.8691 
26.3708 28.4 27.5523 28.2972 18.9465 26.9449 34.1154 8.2856 37.6702 6.8761 13.084 2.304 2.1008 25.4606 24.2717 
15.1808 21.4323 16.2381 24.8208 12.6159 19.276 21.6404 3.2257 24.7516 9.0929 11.4777 10.388 13.8643 24.2566 18.5579 
21.9424 21.6797 14.4097 28.4031 20.7922 6.0277 27.987 15.5411 22.7707 21.2521 9.1327 17.0196 23.9634 31.8771 27.0597 
9.9603 20.8795 20.5881 14.3886 7.9125 30.1999 13.8196 19.8689 26.4221 14.6217 27.2094 26.1671 26.8032 5.7693 5.0653 
22.3855 25.033 26.2408 29.7104 19.4852 25.8168 27.1371 6.9554 37.6775 6.6349 12.5784 2.0369 3.3406 28.393 26.0128 
24.2942 35.3 26.8898 36.1893 23.2842 28.6107 36.4671 10.6573 37.4969 9.0051 15.4186 3.2414 0.6802 27.3691 31.0999 
20.3723 9.3886 10.6501 20.3838 24.1713 15.1341 21.6994 24.3969 4.4251 32.9712 27.3834 31.5596 42.4766 26.6216 25.7606 
14.8109 3.4446 6.942 13.8413 16.143 18.1183 12.9995 28.621 4.0676 32.672 30.6921 35.123 32.9354 20.3241 17.7327 
13.9268 8.7541 4.2478 15.5289 18.0332 8.7337 18.3767 18.9844 9.8099 28.2425 20.3394 26.2429 34.6288 22.847 18.6969 
11.3702 19.1754 13.0207 21.5444 9.4749 14.4265 20.8958 4.7125 21.6729 12.2288 13.5803 12.4822 13.3489 20.4795 18.4824 
21.5779 25.6757 20.1771 29.5363 18.4148 10.745 34.0532 8.4503 25.6158 17.0312 5.3886 13.2002 16.0583 29.3895 29.1397 
4.8991 9.6095 11.1654 3.2087 7.7931 25.4082 4.446 20.3996 16.3923 24.8872 27.9843 29.1705 31.328 9.598 5.8042 
16.8443 8.3096 11.8483 13.6089 21.7747 21.1946 15.9514 34.1679 3.6374 39.0427 34.3615 39.7611 47.2134 25.2336 21.6103 
15.9259 27.123 27.6664 26.1161 14.0288 28.3647 22.1311 14.1464 33.8125 4.2103 25.546 11.8923 12.3398 17.1699 16.2269 
8.8459 16.9017 16.5491 17.2564 4.7293 20.7233 15.4999 10.1613 30.4075 10.2093 18.3037 16.7936 17.0362 13.4414 12.1185 
15.5413 5.1066 6.9286 14.805 23.0037 18.2355 18.8278 27.1743 3.2148 29.5203 27.9426 29.7052 39.3327 21.8785 18.6881 
22.0187 12.3334 9.938 21.4619 21.8028 10.4921 25.9668 22.5489 12.2434 33.8064 23.3921 33.1081 33.9368 32.258 31.5346 
20.7181 13.4474 9.3277 22.2517 22.9445 2.7236 23.0391 17.3072 17.1382 29.9693 17.6502 26.4496 29.6166 30.5925 30.4328 
22.6757 29.9065 26.079 27.6368 21.0206 33.2448 35.2825 11.2643 38.6115 5.917 15.7333 5.7657 3.6667 29.5846 23.0185 
15.5895 23.3097 24.4407 22.4187 11.4808 25.8687 21.2635 8.4153 31.4778 3.6853 18.8218 12.1357 10.6198 19.0232 14.9641 
24.5842 18.1957 13.3169 25.2656 25.4347 6.378 27.6624 23.0007 16.3744 30.7756 24.2488 32.7975 35.6742 36.3453 25.8689 
21.3714 23.8119 15.4406 27.3449 17.43 10.9262 27.674 8.3667 27.0274 17.3453 7.5971 13.1665 15.5827 26.4636 25.0637 
1.8525 11.7168 12.6477 9.3332 3.1931 21.987 10.2184 18.105 20.3638 19.4433 22.2884 19.5997 23.8761 12.1667 6.3397 
10.3082 6.8091 1.8261 13.3322 11.4738 14.3009 17.0958 17.3462 12.3732 21.3455 20.121 26.6745 30.2721 20.7516 14.3015 
19.6155 9.8254 14.7494 15.8825 23.0009 23.5816 18.1557 33.9023 2.2348 33.1475 37.7721 39.4416 47.2779 25.2619 20.1949 
8.8711 3.2755 3.1435 9.9441 14.4796 16.2693 12.1603 19.9252 9.0323 25.9748 26.3493 30.6303 33.6874 18.7246 14.3032 
14.7307 13.0704 8.9086 20.2467 11.1209 9.3347 18.6616 10.828 20.7732 20.3895 17.4908 18.2571 24.4266 20.7136 16.4955 
15.6852 20.6908 19.2888 22.5976 12.3437 16.8361 20.9986 3.6685 26.3602 10.0171 13.2824 8.3499 12.4423 18.9638 20.0372 
11.2321 20.1262 19.843 16.4392 7.3855 21.9154 21.9339 8.3258 28.7777 6.294 16.7192 12.092 13.8025 16.2613 12.5863 
13.3632 24.0345 25.303 13.2623 13.1076 37.9359 11.4216 26.8323 31.2304 21.8874 36.6189 29.8653 27.8311 1.97 6.4818 
14.1459 25.7705 22.8127 18.083 8.3777 36.2642 14.1695 18.9027 30.5773 13.5055 33.1323 24.3469 22.6465 7.068 9.4538 
4.2527 9.2431 8.0324 8.008 6.6326 17.3907 10.5559 15.9048 17.1238 19.1322 24.8716 22.4457 24.183 13.5286 9.0617 
15.1115 20.0607 14.6004 21.8699 14.3991 13.3542 24.3308 4.5268 23.1387 12.4925 11.2522 11.7236 16.8466 25.3917 19.8655 
16.7253 4.6234 8.1589 15.3444 17.8101 19.6674 13.8688 25.4299 2.1028 29.3298 29.8463 40.1537 34.4915 21.3489 19.0314 
23.5322 29.8926 24.6688 36.6104 19.2926 20.4678 33.3188 8.6132 34.0009 12.3085 8.0552 3.8084 6.9545 29.7097 29.5507 
EOF