I 150
J 15
bounds (0, 100)
cv 0.5
D 100
k 5
t 3
FLR 0.6
FCR 2
λbounds (80, 120)

λ 
102.7664 101.5541 95.6322 
101.5711 92.3592 116.8494 
104.4125 96.8609 102.7313 
93.6133 118.5406 96.0996 
110.2573 86.4546 101.835 
97.5992 95.6981 99.6644 
116.383 104.5477 89.8884 
89.8502 105.6147 96.2387 
114.3305 87.4334 99.1214 
93.2434 86.2042 88.3673 
83.9808 106.5759 94.7765 
113.3944 85.1592 97.1024 
84.6111 113.3062 110.7001 
108.3218 119.924 113.3419 
108.4606 91.5092 102.0929 
92.8454 92.1903 83.4859 
89.5435 80.8251 111.5325 
88.3073 84.7324 102.2501 
99.9308 80.0175 111.919 
83.8099 115.0179 108.0302 
96.1671 82.3847 95.6082 
102.2137 84.4689 96.2594 
90.8041 83.9831 93.8629 
100.1676 111.2017 114.7911 
85.2903 107.0571 94.1586 
81.5519 88.7905 89.7221 
114.9024 112.4623 99.9209 
107.5031 87.8435 98.5795 
119.2068 85.0969 98.9002 
84.0891 80.8156 99.2498 
95.9821 89.2251 108.8331 
117.3304 114.7535 96.5219 
111.378 117.143 101.1298 
109.6139 88.6008 95.0482 
91.0736 97.7916 95.3287 
99.0082 98.4283 95.814 
107.1677 95.236 90.8937 
104.6585 83.6342 105.7754 
114.2548 112.0589 93.6049 
97.2029 104.5851 80.7173 
107.3152 112.7343 98.6033 
89.944 99.0663 83.285 
112.8723 87.3845 92.2824 
114.7361 93.7256 119.7033 
101.1615 111.5488 88.5935 
84.9228 107.4227 98.241 
85.601 103.5068 82.3164 
96.0369 117.91 89.1767 
114.0112 82.5078 103.2061 
97.0147 96.4864 103.3082 
116.5571 118.8638 80.5918 
112.9054 116.027 82.4743 
93.873 83.2851 112.6289 
84.7933 82.9737 82.4775 
85.2617 99.2931 103.1338 
93.7321 106.3284 107.2333 
95.0919 101.0188 91.0724 
111.3424 111.1198 88.5681 
97.851 90.3384 89.9752 
85.2591 93.5442 98.4723 
112.0029 86.3317 92.4666 
98.3569 103.6375 87.2982 
94.415 93.8526 85.274 
117.8235 97.1922 96.7271 
91.2074 82.5406 111.442 
118.5574 82.1016 116.8532 
108.7201 115.0779 115.7257 
85.6872 83.986 101.1468 
119.8089 94.3505 115.0814 
83.4951 95.6575 95.2056 
118.4026 85.3274 90.0173 
108.941 113.8101 110.9327 
86.906 113.6918 94.1409 
101.378 96.8842 109.7402 
103.6685 113.8434 116.8456 
84.2424 114.0502 104.4935 
108.2854 89.0924 103.0265 
87.8899 117.2814 93.2841 
117.9574 101.3535 87.4865 
116.6814 88.8979 83.3979 
86.6085 92.7087 115.9037 
93.7453 87.6052 96.7972 
113.7808 97.7159 98.189 
112.9221 100.2358 93.5268 
81.2986 104.3047 99.913 
110.6875 91.0319 94.8107 
81.2786 92.4392 109.4707 
80.9137 103.5473 87.0643 
113.9578 112.5463 117.5964 
118.4117 95.1078 116.2655 
119.0402 81.992 101.3565 
97.7509 107.7298 97.046 
97.4576 108.3032 119.9589 
92.5577 117.9131 113.5337 
98.9682 102.1332 101.5653 
83.2127 102.8276 112.5937 
89.3316 117.0067 97.5154 
106.9723 104.9013 88.8362 
103.55 117.9439 117.3437 
91.7594 117.4363 91.7389 
90.1916 118.688 105.0914 
80.1982 107.9563 92.3864 
116.172 80.4731 83.4105 
92.5813 107.833 112.1678 
105.2033 80.3773 80.8477 
97.4072 81.4609 114.6984 
119.7086 102.2886 110.2803 
104.2421 95.2658 82.5371 
94.7185 103.1411 94.9384 
118.9401 90.7797 105.4924 
87.6736 107.888 102.9369 
101.1786 89.1479 115.6924 
112.5291 116.638 115.6385 
92.0894 119.1186 81.2438 
116.2161 107.7075 97.7201 
107.4336 88.6687 80.2471 
92.437 83.232 105.2102 
90.1834 108.0763 91.2311 
118.3533 107.0988 95.9626 
100.3583 92.6144 91.2055 
84.2221 111.4662 105.0823 
82.5722 86.0881 109.5213 
100.2938 83.6084 117.0067 
97.5931 85.0187 92.482 
96.1731 84.3678 108.659 
93.0235 90.3865 110.8122 
90.4973 116.4527 95.9604 
113.7389 85.8778 112.1981 
116.8907 115.5145 97.4423 
84.5594 101.9827 101.4994 
103.6569 107.3219 105.0093 
83.6241 107.5439 83.521 
118.9562 87.5641 117.1309 
103.7996 98.6307 112.4637 
88.4404 89.5443 99.4182 
84.4972 109.2569 112.7875 
81.7003 85.2305 98.7735 
106.2596 101.8495 114.5905 
110.2212 91.9749 84.0225 
114.1704 116.3932 108.1348 
111.1553 108.1745 96.1359 
107.9362 83.0747 95.0626 
104.7007 94.1466 81.6714 
86.3183 81.8443 108.9049 
81.3691 104.3296 109.1454 
114.8003 114.8568 106.3545 
83.851 86.8571 110.4191 
81.0062 110.3024 107.4448 
93.2571 80.0739 83.0827 
111.5982 82.617 110.6768 

Icoords
75.0241 7.471
34.7831 89.0036
24.79 77.9645
92.4467 2.3222
89.2627 56.2347
74.3347 9.5062
12.9316 57.9804
34.6975 93.8141
53.4883 72.3572
0.3913 30.8783
26.8606 89.2393
28.1307 20.1284
18.1022 24.4472
91.922 97.6738
76.6406 10.4107
30.9027 11.026
30.2762 92.6206
1.982 0.8776
4.314 96.5926
89.914 82.6681
31.6076 14.9258
58.4748 8.0281
44.9885 76.0376
10.7819 25.7208
84.4159 40.0985
46.6155 90.1372
21.5214 58.3047
72.5254 95.5271
53.1545 34.7811
85.6364 1.5827
16.6374 60.4846
56.4141 12.6389
12.6381 80.4663
73.0918 3.0348
72.5472 17.7875
49.893 26.9357
13.729 30.2072
95.6223 9.5947
28.6911 7.4086
76.9456 87.1929
19.5974 58.3078
86.7926 85.6768
3.3009 55.4263
4.53 72.1621
39.2317 14.2156
21.3713 57.9868
99.8385 98.1692
0.0763 60.2813
35.0187 64.0887
4.1365 86.2756
99.069 62.3173
44.0818 84.0904
41.2953 38.5686
78.9452 98.8048
2.1739 57.4557
65.747 11.9474
87.2443 23.9141
39.551 89.2851
4.8511 93.5784
40.2451 87.8087
38.3361 25.7449
24.6471 87.3592
39.3022 73.7328
80.9455 8.7515
68.771 46.7951
67.2278 63.3351
49.5922 88.0659
15.6801 23.1291
74.4041 84.9795
61.5915 62.2058
73.6692 24.1511
42.3892 94.825
5.718 87.9904
48.1948 46.3391
10.1747 63.4614
44.2237 15.9821
68.6187 95.3498
75.1079 73.6161
58.3086 20.4576
89.0006 23.8047
63.6258 9.6612
22.4534 0.9792
77.0754 37.8689
60.5707 23.5371
51.2256 95.4794
9.7884 2.3066
98.2559 20.6556
40.579 41.8256
48.4414 61.8669
16.3159 99.9911
8.3132 76.3384
29.4908 74.3674
92.8379 72.826
89.2389 12.9668
42.203 65.9329
90.995 98.5598
72.4311 12.1039
14.2582 33.8846
46.9078 55.3378
24.9086 64.9273
6.8626 87.3331
18.2502 59.1511
56.4957 60.237
81.6668 98.8188
56.5566 16.0818
45.2364 90.2262
17.8478 55.6765
61.6146 59.342
29.8875 59.7026
45.1987 77.8043
76.3755 29.8609
94.9195 23.7007
37.4047 50.5066
0.0737 76.0815
63.9079 13.9563
66.1965 16.5813
63.636 79.3694
97.1537 83.2358
54.2104 78.8895
57.672 26.9957
39.7761 97.9222
72.657 96.4334
55.0888 58.4362
16.9935 78.229
59.376 14.3654
28.8675 80.2543
34.2366 28.3426
75.2133 53.5834
65.4075 58.4753
95.4319 25.921
53.066 91.8913
78.2599 9.5166
2.9235 84.5035
89.7559 52.9248
2.5108 99.9706
35.9923 77.2023
64.0657 28.7924
70.9538 76.9255
35.9818 32.7903
0.5183 76.5113
42.5148 81.2733
9.646 36.6088
18.5406 95.223
48.3723 4.5675
29.902 72.349
66.1447 21.5832
61.1318 94.2924
97.4093 92.7216
5.2343 18.3547
66.4071 6.1202

Jcoords
74.9324 85.1537
73.9377 14.9889
21.1886 90.2295
53.5081 54.6694
54.9831 39.4473
83.0283 33.2517
88.5825 24.5743
40.3428 90.5321
43.7085 91.4574
2.5821 21.3436
83.1395 88.8786
98.5612 74.284
42.0616 46.4245
70.3914 34.121
61.0867 64.5319

C
26.1791 2.3965 32.0274 17.6933 12.91 9.378 8.3483 32.0258 29.1134 22.7544 30.2374 25.5157 16.7322 9.3457 20.4527 
13.3343 25.6475 4.8811 12.0845 18.0239 25.4289 25.3575 2.2436 3.6175 26.346 18.3658 20.2451 15.4644 22.4856 11.4858 
16.2553 24.061 4.7936 13.0644 18.4947 26.2047 29.7558 7.3585 8.7 22.3211 18.2002 22.6242 11.9997 22.824 14.018 
27.3292 8.6573 36.8 21.3209 17.6846 12.0888 8.8918 40.7542 38.6041 33.2609 34.1867 23.7174 22.0433 12.3101 20.9628 
11.1897 13.5522 24.8663 10.7474 15.0388 9.485 12.0306 23.659 21.1273 34.9557 11.8206 6.5967 18.151 11.6285 10.3009 
29.1328 1.9949 36.2428 17.0985 11.426 8.4736 6.6008 31.3071 26.2461 22.7549 27.5115 26.1217 19.2171 8.7973 18.4509 
22.6572 27.3453 10.616 12.7915 16.2449 29.1525 31.9464 13.3029 14.3472 14.4402 25.7733 27.0743 11.8741 24.7249 14.8372 
16.4255 33.2838 4.3047 13.1115 21.07 29.1028 28.1811 2.1484 2.9107 28.0211 15.942 23.2072 14.8191 24.4402 12.9175 
8.4655 22.029 13.4406 6.663 11.9652 18.7556 21.3962 7.6668 8.5705 24.8851 12.3791 13.5658 9.604 15.1713 4.2233 
31.1937 24.755 23.6402 21.5695 22.0267 32.0351 32.1658 24.8558 25.0154 3.5337 31.922 33.5752 16.4605 23.4331 27.6147 
15.313 27.4564 2.0688 17.3109 22.0276 30.3583 30.7424 5.205 5.2985 21.9346 18.927 27.9937 17.4872 23.4374 16.4628 
29.0663 15.3725 25.7825 14.8172 12.1271 22.4705 19.0392 24.752 23.8305 8.4866 26.8284 34.1251 10.5315 15.1803 17.2693 
31.9902 20.0757 24.1226 18.029 14.5084 19.8134 26.12 22.1871 23.099 5.4146 33.9739 33.1157 10.2934 17.7344 19.2428 
8.1569 31.9518 25.2419 18.3137 27.2717 24.1468 28.0117 17.8657 17.2137 41.5035 4.9481 9.3487 21.6151 24.1765 16.0385 
26.5482 1.7023 33.7445 19.5513 14.0549 7.5303 6.9269 27.5755 29.9888 27.0623 26.1799 23.021 16.1214 7.4467 21.3647 
30.7625 13.9418 28.7987 17.4778 13.7717 19.1135 19.4042 30.0002 26.5265 11.8848 32.6825 28.8339 12.2705 16.9124 23.9095 
17.6396 27.2368 3.4919 13.6474 18.6277 26.4467 31.9638 3.8276 4.5463 30.4878 19.248 22.0667 18.3837 22.514 13.992 
41.9105 25.7155 32.3165 28.2161 23.919 28.739 30.9396 33.3117 32.7309 7.4549 44.4248 37.0237 21.1679 26.0502 32.3218 
25.568 37.9625 7.1218 22.3054 28.8616 33.4021 37.146 13.7773 12.3553 25.6968 24.6081 31.7189 19.5758 35.2731 21.855 
5.0161 23.24 22.7678 15.3351 16.9549 19.4137 21.7386 19.4792 14.5429 42.3542 2.9648 4.5046 18.0266 17.4087 11.3753 
25.0768 12.8895 28.7968 14.8705 11.5829 18.8768 19.5201 25.116 28.2811 11.2634 32.7014 31.1023 11.8714 15.3536 20.9293 
26.0008 5.7469 31.5919 15.9618 10.5049 10.8841 10.7702 33.181 32.2298 20.2708 30.6587 29.9224 14.0013 10.3439 20.8326 
9.8441 22.8166 8.6511 8.3551 12.1644 19.9863 25.5956 5.1431 5.0735 27.4202 14.1453 17.399 10.186 19.576 6.977 
26.821 19.5322 24.791 17.5782 17.1434 28.2343 25.8015 25.6444 25.4753 3.1138 35.5941 36.6861 14.4829 22.5203 21.9518 
18.196 10.399 31.2672 11.7272 9.7299 2.7455 6.2285 24.9759 22.9962 27.932 16.1664 11.998 15.9691 5.2398 12.2866 
9.5773 31.0489 8.7317 12.823 17.4524 21.3836 25.1437 2.1332 1.1781 27.8363 13.1601 19.3184 17.0172 22.6313 10.7647 
18.7529 22.6229 12.3556 12.3909 12.7788 23.7827 28.7053 13.0474 12.3585 13.3065 24.3985 26.3812 9.2849 21.527 15.9088 
3.2213 27.1456 19.111 16.1113 17.9804 20.3232 24.5594 10.4054 9.342 36.6638 4.6879 10.2186 17.584 22.9675 10.5823 
21.6881 10.3376 25.2683 6.228 1.8107 11.34 11.4257 18.1966 21.5468 16.9645 21.1533 21.6606 4.8985 6.2633 12.1067 
26.0597 5.6902 39.817 23.9396 15.7356 10.966 8.3957 35.8444 34.8 31.7245 31.5616 23.9319 21.434 12.253 25.8376 
22.6487 23.4349 9.238 14.7029 15.2644 26.1347 29.3976 12.1592 14.1014 16.602 22.756 30.4813 9.9536 19.051 14.2558 
28.7618 6.0008 29.884 12.6856 8.8111 12.1827 11.5663 25.1327 27.0005 18.5188 31.4912 23.7544 11.8162 8.1193 15.8289 
19.5595 33.079 4.8979 16.6837 23.0631 26.3514 35.5396 9.2026 12.5435 20.3844 25.4398 26.6275 14.1781 29.5309 20.1916 
24.9129 4.0254 37.1088 19.8198 14.087 10.7482 8.5378 36.1742 32.4442 28.4544 26.4562 27.7235 18.1048 9.8977 23.9854 
20.7888 1.1559 32.6609 12.9001 9.7435 6.2844 6.8971 26.8894 30.8305 24.2322 27.9741 19.157 16.6009 6.3479 18.828 
24.5068 9.5234 21.9337 8.4548 4.8019 10.8887 13.0665 23.8524 24.7278 18.9989 24.9077 26.5354 7.6956 7.8957 12.9764 
24.9298 19.3386 24.0122 18.1285 16.1749 25.4088 22.6471 21.7782 26.4864 4.7168 33.1096 33.5363 12.3923 19.5383 21.1437 
25.492 8.2231 36.389 23.0958 18.7179 10.0716 6.2846 32.9228 33.3459 35.8986 28.0912 22.3084 20.1569 13.6737 19.5581 
30.2128 15.7175 27.21 18.3095 16.0229 21.6912 24.566 28.4796 27.0569 10.2251 34.9725 32.1971 13.7588 18.2341 22.5248 
1.0012 28.6103 21.7495 13.6021 20.8169 21.3713 24.5591 13.9154 12.6063 35.917 1.9733 8.9454 18.3235 17.8821 10.6322 
19.0538 25.2541 9.8409 11.5446 12.5989 24.3952 27.9827 14.3947 12.8055 13.5221 27.049 28.2376 9.0193 19.1054 15.2459 
3.5651 27.5894 24.8908 13.8516 22.0143 19.1634 18.9193 14.5433 16.4839 32.9045 1.4893 6.3881 19.6626 21.1484 10.1653 
25.1977 26.6805 15.0772 19.0357 18.7226 31.3802 30.3905 16.7495 19.0135 10.8441 34.0541 35.3962 15.1688 22.617 20.3517 
21.6277 31.7429 9.6925 19.165 22.2125 28.2113 37.322 16.0877 15.7307 15.7653 26.4087 35.2236 18.1534 25.8065 20.7446 
30.6066 12.1397 28.5629 13.067 10.1459 17.1487 17.987 26.4694 24.813 13.7211 28.0638 28.959 10.4597 11.3217 17.2637 
19.8608 22.3634 12.1686 10.4224 13.4696 25.8293 25.2045 12.0359 15.0456 16.3154 22.8044 25.9317 8.2245 21.7158 13.4358 
10.8501 29.2373 24.4105 19.3958 22.5745 21.4655 29.0358 20.8744 19.4519 43.9489 7.2922 8.0943 24.8039 28.1339 18.5091 
25.4467 34.5876 14.0375 17.4985 18.54 32.0101 30.206 19.8886 17.2514 15.0103 33.8216 36.03 15.5408 29.2368 23.5582 
13.6793 20.5692 10.2681 7.6776 11.2014 17.3634 25.5398 9.9588 8.8931 17.3265 19.1136 20.51 6.3477 15.8692 8.8618 
24.2294 36.9048 6.9108 20.2069 23.9795 34.0487 32.0974 12.2126 13.9964 19.9333 24.2276 34.1327 16.988 29.0313 20.2143 
10.0513 20.0469 26.1182 15.5041 15.8431 11.6426 14.4547 20.4644 22.3157 35.924 11.921 3.8484 21.1692 13.2999 11.6537 
11.4308 25.9248 8.9546 9.5772 14.7193 25.2134 22.5467 2.7141 2.6622 24.6149 11.868 19.8614 13.4472 17.8566 8.2624 
22.7541 15.2778 18.9092 8.0006 4.7745 16.7061 15.8645 16.5531 17.2544 13.0041 20.3837 25.3157 2.529 10.1224 9.8886 
5.1138 30.9832 21.359 19.8058 22.5385 24.0126 23.6911 15.6889 12.9797 33.861 4.0421 12.4852 24.0365 22.2883 12.765 
27.2639 33.3383 14.2885 20.1681 18.9592 25.9782 32.7747 15.3944 20.0109 12.6292 28.9643 37.2301 15.6932 25.393 19.2606 
24.9673 2.788 33.8052 14.8653 10.776 8.7371 7.9065 30.7396 25.4784 24.6563 23.7407 22.4159 12.7202 7.7208 20.8681 
21.9877 5.6576 37.1688 14.7955 11.6942 3.299 0.5809 32.1082 31.0585 29.061 24.7943 18.5542 18.1626 7.2132 16.4792 
13.5185 28.7684 6.61 13.4924 19.6481 27.0073 28.4241 0.5641 1.6474 29.315 16.8738 22.9118 13.3954 25.1156 11.208 
26.0815 32.4694 6.0388 24.2662 28.4641 31.8361 33.2448 12.3217 13.9744 27.0508 26.4307 29.2577 19.3298 29.6003 22.8618 
11.2298 24.1031 6.952 11.1047 19.2825 27.7049 30.0942 0.9576 1.5947 23.094 14.447 19.0966 15.2689 21.0516 12.3038 
26.7103 11.2651 20.8317 10.3898 8.0121 14.026 15.3293 25.3051 24.0189 11.398 24.0686 23.7853 8.1276 10.8208 15.5675 
15.8299 27.4593 1.4054 16.719 20.3582 30.2794 33.4688 5.7551 6.783 26.471 17.6882 27.2099 16.1614 23.4159 15.8065 
11.5914 22.5996 9.2904 9.4907 13.5498 23.0545 27.1954 5.1168 6.4764 24.7845 14.2804 20.8127 9.387 17.4581 8.1798 
24.9918 3.4477 37.1229 20.8828 14.9354 9.3486 6.7519 28.2133 36.1538 29.9141 30.6681 26.8042 18.3483 9.5758 17.8933 
15.0895 10.566 22.8581 5.6366 5.1261 7.1677 9.9908 18.0957 16.9415 21.9762 16.0933 16.1208 10.4204 5.1033 6.2358 
7.9806 19.2749 20.949 5.3144 8.4476 12.4538 16.9803 13.7787 14.5727 23.7735 9.8468 10.1765 11.2275 9.268 2.2668 
9.7156 26.8281 10.9642 11.974 15.2815 19.9299 25.2433 3.315 2.1515 28.1752 13.3457 17.2149 16.1185 20.4147 10.0076 
30.1682 19.0883 20.6354 16.9574 15.4351 21.6709 24.325 23.1038 27.924 4.1283 29.5131 38.871 11.1637 18.1867 24.4751 
0.2219 24.3013 20.689 12.8263 18.7708 20.3999 19.2407 11.4059 12.0279 36.6559 2.998 8.2427 19.6516 19.1261 7.3938 
9.6965 15.7589 16.8064 3.8294 7.9366 13.1783 16.7134 11.4836 13.33 26.9376 12.3133 12.0256 8.8535 11.6342 0.754 
21.7948 3.0789 32.167 12.2568 9.1788 5.0951 5.4843 25.2245 25.6752 26.5006 23.2491 18.2135 15.115 3.9524 14.2367 
11.8689 31.2642 8.098 16.2208 21.2571 28.0273 25.7613 1.8766 1.4106 29.9185 13.7753 19.6236 18.896 24.5879 12.9793 
24.5502 36.3393 5.3711 18.7188 26.0121 31.1841 37.1472 11.2868 13.3329 23.6257 30.7384 32.3499 20.6887 30.621 18.3286 
16.7368 14.855 16.4959 3.5016 2.903 13.5522 15.6447 17.7027 15.7514 20.4357 21.2116 23.0052 2.0646 9.3165 7.162 
27.2631 24.4852 10.2235 17.6158 17.4729 28.8581 33.4769 16.1727 14.2191 15.3298 27.4291 32.2705 13.015 26.0569 15.8728 
23.3554 11.3957 30.4502 13.0338 9.3732 16.9386 16.9483 28.5241 28.9304 15.8369 31.5744 25.1286 12.0184 10.4753 15.5162 
4.5344 29.2429 15.6666 16.8767 19.357 21.1707 28.3192 11.1578 9.6791 34.2586 5.5896 14.4977 18.8883 18.946 12.0301 
4.3756 21.2859 21.9364 9.246 15.4852 14.5779 18.7874 14.8115 13.272 32.8993 6.7314 7.3603 15.2565 12.6725 6.1347 
24.8755 5.6944 26.9972 11.5767 6.1808 9.653 10.892 22.1001 23.3838 21.6748 27.7757 25.1039 12.1512 5.7473 14.6264 
19.2538 6.6269 34.4102 16.3025 14.1455 4.4114 0.2937 25.5515 25.1895 33.0598 25.7756 15.7367 20.769 6.679 15.5531 
30.2285 3.8407 35.7871 15.514 12.2446 10.6142 11.1437 26.6016 25.2559 24.4318 25.6749 27.9594 16.0596 9.56 19.1484 
32.724 20.5475 32.7403 23.7367 19.9246 24.2215 26.5684 33.9079 35.2805 8.6981 32.6101 34.5539 18.9813 18.4045 28.0018 
14.5503 8.1869 24.7287 9.716 6.6822 2.4944 6.1435 22.5371 22.6375 27.7061 15.6727 13.6568 12.2838 2.3955 9.703 
24.0166 5.0043 23.9404 10.7326 5.128 9.2125 10.7387 24.9136 22.5342 22.0688 26.5595 24.222 11.2147 5.7103 13.5867 
9.8208 32.8261 9.6447 14.1587 18.768 24.3334 27.9142 4.6993 2.9592 34.0492 11.1912 20.4345 16.4781 22.4216 10.2476 
40.2596 22.089 32.7949 20.8601 18.0466 27.1126 30.9343 31.9967 31.6585 7.8388 36.8092 39.4745 18.4977 24.7091 24.4917 
24.732 7.7856 38.9349 18.5542 15.6014 6.8436 3.9911 30.9024 27.135 37.5242 22.4237 19.387 21.6312 10.7543 21.2361 
20.0166 14.9634 16.6702 5.7115 4.4732 13.6935 17.5013 17.6904 16.4707 14.931 19.148 21.9016 1.9198 9.6317 11.3482 
11.971 19.8884 13.6331 3.512 7.4291 16.6092 16.4482 10.0115 11.2944 21.352 14.7088 17.463 5.9231 12.2091 4.9327 
18.9679 36.8972 3.7858 18.8432 25.9263 28.7435 31.3982 9.9905 9.2586 24.6139 23.4927 32.1411 23.6185 31.5667 20.2862 
23.2377 35.907 6.0212 16.2192 18.888 28.9277 28.6538 13.8803 14.7567 21.7853 23.33 27.6862 15.7075 24.8193 16.2505 
15.8701 24.0907 6.789 9.8746 16.3083 21.5202 30.693 7.4646 8.4878 18.0464 17.0954 21.8677 10.9754 22.8551 11.0095 
8.263 24.2597 27.2221 14.2778 16.4529 14.209 17.0747 16.9194 20.4027 33.8631 7.3744 2.1244 21.5757 13.5034 10.754 
27.5966 5.351 31.7832 20.0884 16.3924 7.6435 3.6355 34.4482 32.0948 30.5931 29.5944 21.1556 21.2667 9.854 19.2346 
11.6563 18.4081 10.7068 5.0492 11.075 16.6612 23.2907 8.0694 7.9596 21.9151 15.5099 22.1001 6.2194 14.2643 7.2277 
6.5528 25.8952 23.6636 22.7533 27.4104 20.5732 24.7317 19.2316 14.5842 44.7588 3.7601 9.3192 23.6529 21.7638 17.0658 
26.3353 1.1782 29.87 15.782 10.8855 8.0898 6.8644 33.5481 26.364 25.7311 28.2553 24.6588 17.795 6.8833 17.3422 
27.6274 22.0475 21.1466 14.5943 15.5246 27.3441 26.3367 21.0792 21.7996 6.0401 27.4297 30.2138 10.0194 18.1312 20.3044 
14.1743 17.2118 16.463 2.1362 6.0729 16.6684 17.5445 14.3062 11.0197 20.9364 16.0513 20.4009 3.9274 12.5677 6.4757 
19.6893 26.6637 8.6645 11.9924 13.6974 24.6495 28.0654 11.5222 12.6422 16.9532 22.7301 22.5481 8.4144 21.0506 13.3288 
23.394 37.4987 4.8306 17.8978 24.2628 32.844 40.6691 11.2838 11.5455 25.6974 24.261 34.2147 17.248 26.7007 19.8292 
19.9122 24.6269 11.7126 12.0628 14.8645 27.0544 25.8393 13.9695 14.7499 15.3389 25.1239 25.3836 10.0086 17.6984 15.8316 
10.5634 17.1182 18.0998 2.1249 7.8605 14.5889 17.4669 11.6352 13.1037 23.2143 12.3379 13.4909 7.4858 11.8035 2.2192 
4.9344 32.2936 22.5893 18.511 25.7375 25.7144 24.823 14.2582 13.1115 35.7373 3.8728 11.0249 24.38 22.4602 12.9485 
24.4157 5.4806 30.0837 13.9309 8.4213 10.2924 11.0929 29.7162 25.2098 17.0609 27.388 22.4445 10.5286 7.368 17.5522 
9.9717 26.3078 7.4308 13.7629 19.1984 23.7651 29.9735 1.9049 0.7384 29.0861 15.0987 19.4577 17.4393 20.2659 11.9129 
20.5009 23.0677 11.716 12.6751 15.5501 21.3546 27.0293 15.1293 15.9948 11.7343 22.9049 32.5607 10.3089 22.013 15.8317 
9.6807 15.8815 18.1269 3.5518 8.0989 10.9123 16.6235 11.9602 12.6047 25.8143 13.4386 15.1763 7.096 10.3747 1.8525 
18.9619 21.3974 11.4176 7.4506 12.426 21.3814 24.8649 10.528 13.0771 18.721 21.2401 26.1091 7.0598 18.7648 11.9716 
9.3049 25.531 8.5862 8.3259 15.1928 20.0297 22.2148 5.2761 4.7342 28.0975 13.0785 16.9313 10.9273 19.3489 7.2272 
18.0205 5.1797 27.7194 10.4729 8.9197 2.7397 4.902 23.2087 26.1739 26.2294 20.5657 17.2899 12.8519 2.3117 12.027 
20.4721 6.9155 32.3152 17.4988 15.1367 5.6493 2.0828 33.0816 27.9088 36.3558 20.3934 18.7947 20.5632 8.9517 17.3928 
15.333 19.1072 17.1536 5.6269 6.8804 15.2088 19.7707 12.7985 12.8318 18.0731 21.1756 24.1796 1.9588 14.453 10.3764 
28.2699 35.8402 8.4917 19.0022 26.1261 36.4379 40.491 15.5603 15.2211 21.54 30.475 34.5453 18.6859 26.8667 20.9762 
24.7694 4.0109 32.2411 15.4971 8.8452 9.8552 10.5461 29.2597 26.7501 18.9508 24.8297 21.1847 12.7654 7.6486 19.2638 
23.2058 3.0736 31.8664 12.7584 8.2515 7.3533 9.1967 23.9798 30.9203 23.7308 25.9748 20.5293 12.6351 5.8882 18.2617 
4.664 20.3618 15.5279 10.2432 15.3511 19.5413 21.1566 9.7533 8.7146 31.7881 6.7373 12.8962 15.7128 16.4334 5.3309 
8.2703 26.2543 27.9285 17.1668 20.6879 17.681 21.2712 19.3197 20.4291 38.982 5.0187 2.7231 20.2553 16.97 15.8776 
8.0509 22.7179 12.1678 8.3449 12.3596 17.504 21.9893 7.1377 5.4998 27.3449 11.1617 15.147 13.0994 16.7134 4.8665 
24.1448 8.0303 23.8722 10.5308 3.8751 10.3292 12.3928 25.5263 22.267 20.9721 21.5544 21.3426 9.6727 5.0284 11.884 
14.288 31.8502 7.4632 15.8831 22.5789 28.7631 33.981 2.9417 2.3541 26.7063 13.723 23.6965 15.9027 22.8859 13.4916 
3.8514 26.318 20.3165 17.1512 20.5602 24.817 24.7747 13.031 10.4098 35.9684 4.3997 10.8383 21.1053 24.3304 13.0174 
11.3054 17.31 14.2961 1.4012 7.3412 13.4849 14.46 13.2102 10.6179 22.0633 14.5339 14.2468 5.4275 9.1475 3.153 
22.3719 33.9973 4.7443 16.5087 17.2854 31.7831 33.4238 10.198 10.8154 17.8101 20.4879 32.1507 12.6591 26.4709 18.1685 
22.5188 5.4234 25.9216 14.8823 9.419 11.5228 10.5874 25.0522 30.9637 19.272 31.2217 23.0748 13.9513 6.9373 18.6778 
18.3307 29.3784 4.5923 12.1411 18.8948 25.8451 31.6135 5.0898 6.0136 22.591 18.2993 26.5736 12.887 24.2502 11.7268 
25.3326 12.9137 19.4739 11.8597 7.8501 16.2169 20.287 22.8083 23.4353 10.802 27.7043 28.504 7.8061 11.6981 13.5367 
11.7193 11.7276 22.3196 8.4995 9.7757 7.1053 12.4987 17.0197 15.6218 31.3569 12.5597 10.7277 10.6225 7.5531 6.2125 
8.9685 17.3804 19.1899 4.2065 6.7671 10.2153 13.0711 15.4591 13.1429 24.6374 13.2022 11.9042 10.4014 9.4937 2.7617 
20.5401 7.7408 30.8026 16.6989 15.9385 4.684 2.2735 26.8819 30.8573 33.3271 20.4691 16.7395 17.2435 9.2933 19.2699 
8.9075 24.3197 9.8731 12.7271 20.9759 20.2162 27.4383 4.1714 2.9171 29.816 11.1194 14.9521 18.3657 22.6412 9.3629 
25.9232 2.5913 37.8603 20.1694 13.6196 7.701 6.481 34.7959 31.4359 27.7432 28.6561 24.014 20.1667 8.863 20.6788 
27.9478 33.9463 7.5112 22.1871 26.8238 30.9923 32.8365 14.6642 14.307 24.3169 25.4181 33.5964 21.34 26.1538 19.9987 
12.1607 16.1941 28.4211 12.3748 14.6563 7.275 8.6061 22.5534 20.3545 30.3652 14.0271 8.9755 14.8353 10.732 11.6512 
23.7215 43.5278 6.3365 21.7734 27.4031 33.8696 35.689 12.1654 15.2118 25.5774 26.1663 33.9241 20.8295 34.0082 27.1178 
13.3062 24.6891 7.1523 9.8692 14.4537 23.4451 26.1369 4.7786 5.093 21.6482 18.9817 24.5036 10.1735 17.8786 11.0451 
21.6625 6.1382 23.1352 10.472 5.4631 5.9414 9.5453 25.5567 23.6013 21.8129 22.0769 19.8849 11.0842 3.1438 13.3304 
2.8187 22.7261 16.1544 9.4592 15.2365 14.2144 17.9032 12.619 12.2835 32.2937 5.8309 8.5031 15.3262 14.7988 4.7652 
25.6935 16.4506 22.7408 10.5882 6.3985 15.2862 17.968 17.4298 20.8232 11.0687 29.1576 22.8937 5.7593 12.2073 15.6536 
29.3065 37.5682 7.8394 18.7419 19.8166 32.8864 31.418 16.0818 15.8956 20.7024 31.6122 33.7845 15.7831 27.223 20.1772 
12.9551 28.0951 7.7302 10.4608 16.5327 21.8266 24.3857 2.9444 3.311 25.2701 14.8624 22.1121 13.0485 20.8095 8.6013 
28.5725 26.0397 18.9668 18.3953 16.9757 23.191 24.4257 21.4067 20.9965 6.0234 29.3824 32.4661 10.6247 23.5282 19.9941 
19.213 30.4202 1.9212 19.0896 24.0785 33.557 31.6758 6.8821 9.9247 28.7368 20.1025 29.9345 18.8245 25.3394 17.0812 
31.5134 10.6428 29.2892 17.6729 12.9471 16.6227 13.613 31.6 26.3133 15.3712 34.7465 32.54 15.4124 11.0637 23.0785 
17.0783 26.0042 7.0512 10.9123 13.8801 20.7451 22.7462 6.3594 8.7508 18.0412 19.7726 21.5813 10.9441 19.1444 11.4131 
24.0977 3.4138 24.6582 11.6593 7.8149 6.2391 8.2351 28.9247 24.262 21.8657 27.0137 19.496 13.4901 4.1804 13.0688 
6.351 30.8069 15.8469 13.1863 19.4099 20.8944 26.9665 7.9667 5.6099 29.7081 8.9046 14.409 15.6538 22.3489 11.0203 
7.8692 27.559 23.0233 17.4931 24.3948 20.5823 22.2023 17.4866 17.9786 43.1196 4.7039 5.6104 27.2613 20.7461 15.9223 
38.3939 24.8936 26.7182 19.9588 20.6794 30.3286 31.5347 30.0907 30.4745 1.5688 38.955 41.6823 17.4107 22.9268 28.8284 
28.1004 4.0465 37.405 18.1845 11.5451 9.9559 11.335 28.491 33.7588 20.6164 30.9447 29.265 14.1354 9.0137 20.1592 
24.136 2.8029 34.6239 18.2639 13.1251 10.2256 7.2679 29.2715 35.5222 23.9936 32.1927 22.498 20.2685 9.7649 22.4733 
13.9312 31.0148 4.4853 12.4169 20.2715 24.6916 30.9562 1.9097 3.1056 26.7731 14.5505 23.6881 15.2052 20.4706 10.8715 
15.3941 30.8751 4.0905 14.5139 17.0657 22.2619 31.5693 6.6386 7.7287 23.3733 19.7852 29.4418 13.0676 19.3194 13.9058 
32.9339 7.7019 41.9035 24.6091 17.9061 11.4487 6.8523 38.7667 40.0873 32.3148 26.5519 28.6429 22.8669 14.2566 21.3042 
10.6055 16.8171 28.2067 10.8225 14.8594 8.6015 12.5657 18.4911 18.4612 37.0954 10.0237 6.6292 16.9891 10.7215 11.1292 
26.886 2.14 31.5071 19.7891 11.6256 9.121 6.2337 32.01 30.253 25.8383 29.4601 22.5115 15.8974 7.88 21.1507 
25.1145 25.1138 11.9709 13.8378 16.277 28.0598 27.8776 16.9201 16.048 13.2981 29.3861 34.8061 12.0653 23.9347 16.3923 
16.372 26.4245 5.4368 15.2829 21.0468 28.4054 34.2086 2.3501 3.2357 25.8492 15.9907 23.501 15.7304 23.682 11.9951 
8.6029 22.1873 12.7946 6.9035 10.5848 14.7026 20.3884 7.4514 7.7679 26.8886 10.8347 17.3419 10.0205 16.0074 4.0019 
34.5132 22.7009 22.1748 21.1097 18.1364 33.0519 34.668 27.7492 25.7304 3.8282 31.7098 37.3321 13.6674 23.265 24.5818 
18.9073 30.261 1.7486 13.5702 18.4822 27.876 32.0386 5.0736 6.1669 25.7491 21.8817 26.8585 16.3923 26.5769 15.3357 
24.0671 14.6258 23.2958 14.5857 12.2726 19.4056 18.227 24.0518 23.8159 8.8396 31.2837 35.3689 9.7399 17.5575 20.2 
31.5744 21.095 21.8967 14.2119 15.3724 23.0697 24.9078 21.0576 22.1593 5.9685 32.6098 31.2796 11.919 20.8399 20.1068 
7.1185 31.0802 26.9774 23.0075 25.4789 24.2053 22.0113 16.5066 19.2457 44.7937 4.5802 8.1159 24.2321 22.2372 15.7669 
29.2994 2.1117 31.9173 19.4764 11.3888 7.6512 6.9955 31.1378 27.3906 25.0036 26.7941 25.317 17.764 9.3421 18.4759 
33.9785 13.648 27.1948 18.0873 14.8929 17.4589 23.4984 29.5038 28.6848 10.3355 31.1355 34.3821 14.0149 15.8603 23.2399 
15.9644 30.176 3.0888 16.1125 23.1131 31.3231 33.7739 3.9767 4.1675 26.4733 19.2109 25.3545 15.0035 26.0606 15.2678 
36.5268 26.6468 32.2251 28.4694 23.6896 29.7601 27.7792 33.77 33.6584 7.5798 40.9531 39.3529 21.1861 28.7351 33.6074 
27.1633 33.0817 5.5131 19.4938 29.7476 38.5043 41.5689 11.0665 12.121 22.8667 26.3268 29.9659 22.9598 34.6366 21.2421 
5.0647 25.6878 26.854 16.3869 19.8168 19.0744 21.0529 18.912 17.0498 37.3494 2.8646 4.6648 20.1096 17.4349 10.3842 
28.493 12.8345 26.3793 16.1365 11.5829 21.4588 21.3924 25.1921 29.3813 11.2188 31.8001 31.2634 12.263 16.1152 19.8214 
27.9645 6.142 27.6474 16.4074 10.1951 13.9501 11.5329 32.6488 31.6367 19.4836 32.3408 27.9399 13.0617 9.5579 18.9999 
12.3075 21.087 10.9676 7.658 11.4551 17.3298 23.5722 5.2725 5.9276 21.1015 12.8169 18.187 10.546 15.204 7.1056 
34.8402 25.1312 24.6407 15.5293 14.3803 26.7234 30.0965 27.5108 22.755 3.4261 34.3167 39.0034 13.2826 22.4119 19.7916 
13.9325 10.4017 29.4194 12.1646 8.9203 2.6358 5.3188 21.9016 22.4654 26.4376 19.3284 12.5455 15.1255 5.5675 12.8947 
8.8901 31.9205 7.6866 11.2838 18.4439 23.0384 29.1215 2.2048 0.9987 29.3392 12.9664 20.334 17.4435 20.0998 10.0912 
22.6326 26.1588 12.5631 10.0698 12.8057 21.3519 22.7976 13.2041 13.9702 13.1736 23.0434 29.4419 9.2707 17.3067 13.3815 
3.281 28.5552 15.648 15.6472 22.4873 25.262 24.5157 10.0114 9.5807 35.9603 4.7843 12.3859 17.5493 20.3623 13.1527 
16.6557 9.7579 23.4442 7.6801 1.9285 11.8844 11.5547 18.1051 21.4204 20.2035 19.038 19.494 6.3812 5.2007 12.1344 
30.9632 6.6581 33.3617 21.079 16.9389 12.469 8.5904 35.4452 32.3603 28.6596 29.2124 22.492 21.1652 13.0795 24.0268 
25.263 21.9496 10.8117 13.7138 14.8095 26.881 29.9926 12.2779 16.0471 13.1003 25.4387 30.2819 11.2958 21.7451 15.6975 
25.319 5.7232 26.893 14.7416 10.54 12.5732 12.2045 24.6237 26.6892 18.7424 29.6735 24.2025 14.1766 9.6468 16.7146 
23.9387 27.4193 4.031 17.225 17.822 33.8271 36.7938 10.529 11.2285 19.239 24.886 27.3942 15.7844 28.2129 17.3508 
27.8946 4.7409 38.4077 19.8032 13.0866 12.3227 8.8747 35.296 34.1027 21.9272 28.7638 23.5468 20.6226 10.6715 24.0606 
25.7635 1.2159 32.5809 14.4898 8.3994 5.709 6.4704 25.179 30.7909 26.4739 27.4063 20.5937 16.5047 5.2243 15.6467 
19.0693 9.4509 22.6148 8.6925 4.9248 12.9497 14.5666 23.1707 23.8528 17.8317 26.5387 23.6972 7.452 7.1724 14.2905 
28.3679 19.705 22.1916 16.3446 13.5242 22.9463 26.1151 26.2486 20.9422 5.0059 32.9187 31.1463 12.9015 22.4123 22.0035 
30.733 7.0612 39.6701 21.1773 17.0539 10.0153 6.3938 38.2547 34.6642 30.1312 28.3079 23.3769 24.7005 13.5611 20.168 
32.7908 17.9563 27.7588 17.9999 14.0957 21.3482 23.2203 33.3311 33.1103 8.9702 39.0979 32.5936 15.5693 17.8825 21.1589 
1.078 26.7531 19.9236 14.039 19.3296 17.3 21.0116 13.4486 10.6795 36.6123 2.2364 9.6654 17.8567 21.3205 9.5977 
18.8508 22.9608 11.4645 12.6087 14.311 21.5172 26.2396 14.6783 15.7937 13.7418 25.4131 27.8992 9.3522 21.367 13.3538 
4.3154 27.7474 24.3779 16.0306 18.1479 16.5459 21.2728 18.415 14.8364 41.3717 1.5515 5.7427 20.2041 19.9744 11.6298 
30.293 30.4164 12.2324 15.2497 20.616 30.3292 29.4019 16.2647 21.0438 11.6998 26.073 37.989 13.8119 22.6099 22.3524 
26.3455 30.9696 9.7072 20.5588 21.8998 26.9409 34.9072 15.0613 13.4772 16.4976 31.1423 33.8692 16.7563 29.3661 19.0268 
25.4287 11.2371 30.0551 14.4226 11.0829 18.7819 16.9735 26.3549 26.2908 11.7609 27.3536 26.1729 12.7133 11.2552 18.136 
23.0018 26.3023 11.9558 10.5129 12.1683 21.1391 22.9828 12.6952 13.7861 15.9283 24.3652 28.1722 9.4546 18.7444 12.7596 
9.254 29.1502 30.774 25.2044 29.2249 25.3683 28.8794 22.6259 19.3784 47.8158 7.1833 7.7929 24.7419 26.9425 17.3391 
29.0358 29.7963 14.0924 16.3272 19.6734 30.9544 34.577 17.864 17.2192 15.1547 28.7527 38.5865 17.2077 27.9389 20.1578 
13.8192 24.3221 8.9461 7.1402 10.2436 22.3276 20.3746 10.6656 9.341 20.9753 18.6914 21.7714 7.2035 18.164 9.9255 
25.2278 37.2041 5.7572 18.9524 21.1868 31.8149 40.7884 13.7 13.9405 20.2321 28.8834 33.6472 19.6616 25.6585 22.8112 
11.9785 17.1907 28.8401 17.4953 18.0135 12.2933 12.3355 24.8687 19.7944 31.8253 9.3504 4.2412 19.2872 12.6202 14.8611 
11.8197 26.5722 7.7482 11.9591 15.882 20.026 26.0171 2.2851 2.8591 25.8487 12.5999 19.485 14.3487 18.2519 8.1795 
22.576 13.2321 18.316 7.6772 5.1531 13.2269 18.9121 19.4376 17.8632 16.6735 20.1154 21.7724 2.9797 10.8229 10.8093 
4.8406 31.4786 17.5461 19.6275 25.3998 22.2853 24.9337 14.5835 13.9911 40.9857 3.3783 10.9654 19.3727 20.1287 12.3167 
28.0502 26.9592 14.8114 18.7903 20.3262 25.6321 33.2925 18.3693 19.458 12.1669 33.5065 34.6079 13.9095 26.4888 23.5506 
27.2913 2.7382 35.8499 13.661 11.4227 10.0374 10.1427 25.9907 28.8612 20.6523 30.1136 22.8949 12.6575 8.3506 17.0566 
19.1393 5.1961 37.3186 17.9181 13.9213 4.0899 0.5279 27.1791 24.3807 28.2055 20.0295 17.4082 20.1464 6.1512 17.7208 
13.4508 27.5486 5.7697 14.8025 18.2395 24.213 30.5918 0.5095 1.4621 23.4056 14.4894 18.4123 12.8931 19.7941 12.7632 
21.9663 32.3438 5.3567 18.7401 23.4987 31.0658 39.5378 13.8642 15.3248 25.2296 26.5483 36.9022 21.6844 31.4056 21.6846 
13.5468 26.5904 6.1605 12.0042 19.2673 24.9802 27.8975 0.8721 1.9695 26.5394 15.1164 19.9347 14.2706 19.6909 11.8258 
25.538 11.373 26.6635 10.9288 7.2014 17.7648 16.4652 24.268 24.7903 12.4751 28.3729 28.1478 8.0814 12.8352 17.9508 
17.2594 29.4469 1.3528 15.8119 21.9914 25.9811 27.0438 5.4333 7.4167 23.7146 21.7431 24.4926 16.2014 23.7879 16.1548 
12.22 24.2567 9.5795 7.6696 13.7798 22.399 23.019 6.3573 6.1751 19.4489 14.0253 18.377 9.9744 18.6616 8.4518 
24.4017 3.4487 32.768 16.4217 14.26 8.6208 5.8225 36.1934 34.3761 30.8982 24.2395 26.7092 17.0056 9.073 20.7353 
14.767 10.5821 20.8674 5.6212 4.7261 7.0674 9.6187 19.405 18.0375 24.8978 15.0927 13.0928 9.8006 4.2702 6.9703 
7.2865 16.9125 19.3601 6.2832 9.5186 10.9655 15.4181 15.1822 13.5425 30.4647 10.3614 13.0873 10.7636 10.6021 2.4138 
9.2922 26.2504 9.7593 10.7433 15.2864 23.4099 24.8037 3.5878 2.1324 27.3182 10.7685 19.3769 12.9913 20.5535 7.8626 
30.4426 20.5824 24.372 14.943 15.984 25.7231 28.6636 24.0297 28.6404 4.9056 34.5151 34.2252 12.9692 18.8564 23.6639 
0.1801 27.9479 16.4485 13.2644 18.9589 20.0223 23.5406 10.6604 11.6013 37.8266 3.8064 8.7499 19.6315 19.3812 8.0331 
8.4543 14.8902 15.41 4.0117 8.8632 12.0039 16.681 13.6082 12.4934 23.3632 12.1933 12.3134 8.2835 10.1508 0.8021 
22.3989 3.2347 27.0027 13.7674 9.2199 4.6891 5.4455 25.6107 25.992 22.3103 22.9612 18.9523 13.897 3.6575 16.5418 
12.1812 26.1651 6.8398 13.2083 21.632 26.3673 29.1243 1.6264 1.4366 28.4894 15.402 22.1416 17.0228 26.4129 11.4201 
26.2889 30.9539 4.799 22.5698 27.5475 36.9625 40.7055 10.4223 14.2713 24.7333 26.8515 31.8901 20.9482 26.6061 19.3328 
16.93 13.8936 19.9898 3.803 3.5531 11.9335 16.7871 17.384 15.6652 20.4149 19.9619 20.2692 1.9487 8.6019 7.7239 
23.343 28.9626 9.5636 17.4831 19.1302 29.765 31.604 13.6232 16.8882 16.5752 25.8993 27.364 12.8451 20.4838 19.7022 
27.9569 11.3065 25.0862 14.6014 8.4593 16.5521 15.8187 28.9869 27.2472 16.4792 27.4509 29.8148 9.5983 12.4748 18.6307 
3.7477 24.5154 14.6981 16.3517 22.9073 22.3883 23.7452 11.0689 8.1915 31.0549 5.3416 11.9496 18.9439 22.364 10.3487 
4.2244 18.524 19.5216 11.0733 15.7747 15.2978 17.0124 15.171 13.1239 27.4191 5.4776 7.7169 14.8243 14.3073 5.3478 
26.0578 6.4279 28.2222 13.4837 7.4763 9.1965 10.5895 27.041 25.2612 19.8801 27.994 21.6559 11.848 6.2562 16.6622 
24.3772 6.7037 32.3599 18.0193 14.591 4.3801 0.3144 26.4434 30.0418 30.008 20.137 16.3275 17.0331 7.0066 16.4172 
24.0072 4.2156 33.8293 15.8415 11.5281 11.0785 9.8703 33.1406 32.1339 20.4416 32.4302 25.043 16.0341 7.9307 18.2036 
35.0848 20.3181 34.6683 23.6499 18.3175 21.5172 21.9975 30.9126 29.639 9.492 42.1699 36.7941 18.6844 18.218 22.7659 
17.5985 8.0044 28.9408 9.661 8.7 2.8485 6.2982 22.5307 19.6327 29.6976 16.5819 15.9612 12.9362 2.7763 10.8409 
23.4219 5.3518 26.1943 12.0192 5.4417 7.8642 8.6392 25.4175 26.8731 19.8057 21.6997 25.2109 9.3574 5.1877 14.8905 
10.1415 29.5226 11.5657 14.0524 18.5096 23.7814 30.6551 4.0167 3.0146 35.2285 10.8555 19.9678 18.9933 23.3858 10.2704 
34.9689 24.4954 32.1832 23.2681 20.7726 26.7945 26.1198 32.3795 34.2912 7.0898 44.5591 41.1202 17.3607 21.5195 27.7255 
27.0776 8.8268 33.2452 21.3758 17.9508 6.6994 3.1802 28.9784 30.8263 32.9605 25.4704 17.644 21.4704 11.9736 21.0234 
19.1817 13.7603 15.6743 6.9526 4.5973 16.686 19.7661 19.1662 18.3704 16.321 21.6224 22.1342 1.6656 11.6178 11.0484 
11.8123 17.7592 11.8867 2.8712 7.4174 14.6251 21.3685 11.6319 11.4832 21.9762 15.0298 16.5594 5.8596 11.1442 4.5127 
23.6056 31.6805 3.5709 21.7805 23.8287 28.8095 32.1293 8.6658 9.2701 29.1088 23.2014 34.192 21.3779 28.3538 17.2421 
26.4499 32.7988 5.8564 15.2468 21.9577 34.4735 33.525 12.1426 13.2864 18.7884 23.899 28.1376 17.8271 26.2982 17.0508 
14.8052 23.4232 6.7424 10.5859 17.1514 24.0854 27.3702 5.9772 7.972 20.3 16.8342 25.9222 10.5219 20.7032 12.2339 
7.0673 20.9678 22.9972 15.2221 17.9872 14.4496 18.2373 17.2075 17.3026 31.4525 5.6696 2.1675 19.8359 14.0895 10.498 
28.568 5.3294 39.5977 19.7754 15.2061 8.0615 4.4458 31.7892 34.2726 27.5982 23.6694 22.6007 20.8445 8.9077 21.2849 
11.5652 19.0563 12.6343 5.7291 9.4105 16.0755 21.7931 9.4582 9.4707 19.4098 15.6273 20.5333 6.4438 15.4034 6.44 
6.808 26.2535 22.5598 18.3781 22.7658 21.0074 24.5984 19.2675 16.143 35.5559 3.7464 10.0617 24.99 26.8039 17.4011 
28.5719 1.0477 30.2904 14.2495 11.3137 8.6268 8.1132 27.3452 29.7059 27.0275 23.3329 23.4447 17.7996 8.4598 18.9837 
28.2788 18.9864 19.7331 16.9926 14.0614 20.7213 29.2655 22.7943 23.7138 6.1498 33.6702 34.916 9.9249 22.3637 17.8643 
13.9084 16.527 15.7131 2.44 5.6914 14.6404 18.9016 13.6547 11.8392 19.6572 17.7398 19.9277 3.5804 10.9346 5.9822 
21.1948 21.03 9.9202 9.3308 12.0143 22.5182 24.9596 10.44 11.6049 19.4801 20.1801 27.3294 9.7314 21.924 10.912 
25.7095 30.948 5.5745 17.9832 22.4095 29.7801 33.1576 10.6414 13.314 24.7121 25.9471 35.8171 17.3505 29.0874 18.2292 
21.0035 27.5906 11.6002 14.0994 15.9274 23.8453 28.6764 14.0462 14.6511 15.9077 27.8147 25.735 9.3039 19.4046 13.198 
10.861 15.0572 16.4413 1.9688 8.1607 13.4423 14.8908 11.7897 12.1084 25.1089 13.2924 16.2406 7.5997 9.641 2.2387 
4.776 30.5593 18.9914 17.9245 19.6513 24.3634 23.6672 16.2138 14.1593 33.4567 3.6577 10.6346 24.6559 23.3599 15.0799 
23.2721 5.2507 27.3727 11.7246 8.4751 11.3462 12.4513 26.4931 28.9412 18.4438 23.451 26.1339 11.9881 8.907 19.265 
11.1406 28.2324 7.4428 14.4382 19.7516 26.2742 28.2742 1.5862 0.6134 25.3673 12.3642 17.2592 13.2409 18.4459 10.6299 
23.7389 23.2895 11.0634 12.5753 16.004 24.5943 29.0151 14.6564 17.3148 12.6812 27.9151 30.0758 8.8547 20.4967 14.9578 
11.3188 14.9516 20.05 2.9427 6.7211 10.8076 17.5915 12.9871 13.8034 25.9828 10.9826 14.9292 8.2677 9.0341 1.5848 
17.7512 23.4122 10.0591 9.0638 11.6294 21.6723 23.4626 12.2501 13.6278 14.9542 21.6166 21.623 6.7229 16.3743 11.9811 
9.6755 26.3254 8.5132 8.4021 12.5485 20.6609 20.9238 4.9968 5.1943 22.6577 13.8018 17.4286 10.4952 16.1165 7.9435 
19.3203 4.5558 25.74 12.2375 7.4405 2.7621 4.7743 21.7339 25.2745 22.3964 19.7043 16.2124 13.252 2.6437 14.6567 
21.0279 6.861 31.9478 16.0716 16.3258 4.78 2.4692 32.6501 32.9708 36.3004 25.1755 16.7053 22.6517 9.6606 16.7247 
18.4486 17.8793 14.9182 5.7416 6.976 19.3647 18.5028 13.8179 15.699 13.7717 18.1607 24.5208 2.1365 12.8765 9.1791 
28.5639 30.6449 10.0218 17.7933 24.9314 32.853 35.7803 15.5047 16.6321 21.7866 28.0209 39.0272 19.4159 27.5054 23.7084 
27.7449 3.0783 29.2163 13.4549 10.2253 8.7958 10.1459 28.3383 26.7661 22.7434 23.5302 26.4026 14.8434 6.4286 17.7087 
22.1067 2.5844 31.2449 14.0792 7.765 8.3862 7.7705 30.0904 23.7981 21.8298 22.5367 23.6586 14.8842 6.3265 17.4853 
3.853 19.8337 15.3614 9.8321 13.8356 17.6402 21.9634 8.9423 8.5561 28.4442 7.0367 13.7398 14.8386 16.5432 4.5571 
7.6926 22.3327 25.8306 19.1647 20.6635 16.0708 17.8387 17.3207 16.7737 34.3367 4.9674 2.8699 23.6146 19.0619 16.2107 
8.2739 22.2498 12.1573 7.8991 15.1211 16.5379 20.1124 5.4973 5.9534 29.0612 10.9107 15.963 13.81 16.5801 6.156 
21.245 6.1238 27.1939 10.223 4.3031 9.8669 12.368 25.4341 25.7033 17.461 25.9911 23.6744 8.905 4.5968 13.9307 
13.1435 32.8189 7.248 17.9479 18.1622 26.6936 34.9589 2.812 2.3457 27.2937 14.1483 23.234 16.0419 24.0393 13.7847 
3.7029 27.8901 19.8707 17.9276 21.0614 25.0347 29.0657 12.2657 10.5596 35.1776 4.1025 10.9848 22.6999 22.3039 13.3262 
12.9727 17.3953 14.245 1.4812 7.2482 14.6434 18.9037 12.3024 11.3059 24.7569 13.1637 17.1712 5.4577 11.0063 3.3326 
22.3135 29.6232 4.2244 13.6754 17.0791 31.6952 33.4059 9.0552 9.289 19.7584 24.1393 24.6296 12.9142 21.969 17.8638 
23.5189 4.4221 30.2617 15.3304 8.6042 11.9103 10.2409 26.9442 26.6055 19.0145 27.233 26.7547 12.8692 7.5254 17.5183 
14.2587 27.4748 5.014 11.7895 15.673 23.7224 24.5674 5.6491 6.0545 24.365 18.7005 27.5669 11.3184 21.7923 12.8596 
26.7652 14.3253 20.4858 12.0751 7.4077 19.169 16.7079 22.8208 22.746 11.9659 28.9805 26.9468 7.6918 11.9983 15.3121 
11.1447 14.2955 24.2584 7.3781 9.3536 8.1747 10.5918 16.1967 17.2229 31.1344 10.8595 10.3345 10.6428 6.9095 6.082 
10.5067 14.7436 16.604 4.1278 6.8712 10.5383 15.0504 13.868 15.5827 24.8417 11.8541 13.2705 8.4651 8.9567 2.8859 
20.1453 8.8042 37.413 19.6574 15.1708 4.6393 2.2617 30.0066 26.1319 29.4413 24.5809 14.8446 17.8724 8.1629 19.3991 
7.2784 30.041 12.6055 13.412 16.6463 23.5944 28.0472 5.1054 2.8515 34.1275 11.5728 17.0157 18.4312 18.1721 9.5597 
22.8721 2.4351 33.3625 19.0469 13.7295 8.9744 5.7963 32.7206 27.4341 27.8811 26.072 26.9259 17.9955 8.4961 19.5031 
26.3491 30.2198 7.1972 20.1904 23.4915 32.0574 40.0081 14.3648 15.842 21.5315 25.9563 36.8474 17.5886 27.9389 19.8142 
12.1323 16.2681 26.5711 10.9377 12.2919 7.2812 10.9044 19.9081 20.2884 31.4407 11.2305 8.0329 16.3756 9.8521 11.4502 
22.4353 40.0976 6.8441 21.8007 29.2695 38.5856 42.6116 13.0037 13.9624 30.4601 32.4576 36.3103 23.4523 36.1361 26.8097 
15.5715 23.1515 7.807 11.4046 13.6972 24.018 25.0432 5.0521 5.2616 21.44 17.816 23.8145 11.1773 22.0299 8.7174 
19.7052 5.4288 25.6975 8.6163 4.8064 7.3478 9.8563 20.4705 24.0362 23.9434 22.5308 18.5262 9.367 3.0726 11.7202 
3.5507 19.3838 17.9007 10.8109 14.6172 14.6449 19.9084 11.0982 10.9804 34.4613 6.3072 9.3101 16.7295 13.1935 5.1977 
24.199 13.625 22.379 10.7396 7.1575 18.796 19.6077 21.5932 18.551 13.8332 24.3725 27.6467 5.8385 13.6502 12.5456 
29.1492 29.3591 8.8913 20.9199 23.7233 35.29 38.8507 16.1789 15.434 21.0226 33.3833 35.3732 19.7789 25.0655 24.5855 
11.1398 25.1756 7.8389 10.5759 17.052 21.3366 28.0603 3.4455 3.918 22.8216 14.974 18.695 12.1319 20.6014 9.659 
25.066 24.5271 17.3816 17.0339 16.5532 28.8327 27.1086 22.2506 20.8867 5.3893 30.0769 30.0422 13.0125 19.3758 22.9557 
17.6033 30.9954 2.1235 18.0133 24.4117 35.1669 30.1437 7.3081 9.09 25.4111 20.3557 26.4605 19.2687 25.3794 20.7114 
33.6177 8.7324 34.9781 19.4961 11.2289 14.2518 14.8481 28.0515 29.472 16.132 32.3389 31.4748 13.4483 13.7209 21.8526 
17.3826 28.6508 7.9503 10.8592 16.11 21.253 28.5349 6.936 7.1831 20.9169 18.3233 23.1336 11.4137 17.3123 12.0303 
20.5039 3.2484 26.1106 13.3275 7.7749 7.1565 8.0359 27.0106 22.9264 21.2873 24.1541 20.585 13.2237 4.3856 15.1057 
6.5033 29.8991 14.3855 13.2186 18.1185 21.4197 23.28 6.5154 6.5773 37.1351 7.368 13.8912 20.2243 21.868 11.1245 
7.1767 29.7351 29.5284 18.9048 21.2007 23.1643 23.3774 18.1262 20.0789 40.912 4.6965 6.608 26.648 24.0241 14.2992 
35.2081 24.8729 27.5281 23.4081 21.2198 30.3998 27.0882 30.4679 25.5593 1.584 36.1807 37.9177 16.4939 25.0251 27.937 
28.6966 3.6975 36.7365 16.3912 11.4077 10.3504 9.6848 28.1995 29.2376 19.9077 32.8613 23.4467 14.465 10.4844 22.7928 
25.9305 2.4262 34.0118 16.5366 13.6723 8.8219 6.6961 33.304 35.1458 24.1485 27.5049 23.3481 15.9413 8.3502 23.0959 
14.637 28.0088 5.4339 13.0856 16.5897 28.002 29.3613 2.1697 2.8168 26.7357 17.0796 25.1084 16.7258 20.5622 13.0019 
18.1447 28.4067 4.8562 14.1737 16.9776 26.7407 25.3469 7.1025 7.9611 23.3854 19.4231 25.7856 11.5933 21.0337 15.183 
27.9726 6.7733 44.0649 25.5224 20.8228 12.1503 8.6659 36.9329 35.8815 31.6534 31.131 26.3896 24.5409 14.1328 23.0807 
12.5033 13.5434 27.0044 14.0686 11.489 8.5038 11.5872 19.9011 18.3057 29.6857 13.2056 6.8403 14.6702 11.1808 9.217 
29.4278 1.7976 30.1734 18.0236 13.4794 7.5962 6.5863 33.2753 34.3649 28.6672 31.4965 20.9554 18.5208 7.9772 17.6416 
22.2849 25.9423 11.8843 14.8474 15.142 29.2714 30.1601 14.3796 15.7342 12.4377 25.827 28.9833 11.1471 20.5501 14.7108 
16.3391 34.3756 4.3173 13.524 20.7566 25.1899 33.998 2.136 3.0811 30.5894 16.5117 24.5896 18.7086 25.6782 15.4245 
7.986 19.4527 12.5842 5.6831 10.8154 17.9029 21.9061 7.2047 7.6628 24.8059 11.5204 14.2425 10.8594 13.3779 4.135 
27.8005 25.7633 24.4955 18.0308 17.0146 29.0176 35.2427 28.2662 24.6803 3.7587 32.6092 32.738 16.0335 25.2901 20.9591 
17.2959 32.1864 1.7521 16.6212 20.1634 30.4773 29.768 4.7783 6.7616 26.4845 20.9531 27.21 16.0152 24.2592 16.7203 
31.8624 13.8882 22.8591 17.1231 13.1856 17.0067 22.9428 25.2451 24.3927 9.8525 34.4358 30.6957 9.8559 17.7222 16.8822 
25.6537 21.5084 23.9316 14.8822 14.1979 23.2335 27.4733 25.1436 23.9096 4.7609 28.2338 35.8887 10.5893 20.7282 21.0766 
7.509 30.3948 22.7455 20.5165 26.8304 22.69 28.7068 20.5838 15.6192 43.9359 4.5305 9.6234 27.2566 23.6128 17.9488 
25.4267 1.6385 32.2575 18.0781 11.1135 9.4372 6.8158 27.338 30.365 24.3299 29.6601 22.3119 19.2469 9.5211 19.3206 
27.5466 13.7992 31.0969 15.3496 13.876 18.9945 18.871 25.3244 28.8639 10.4501 28.5948 29.9361 13.1575 16.4184 22.3799 
18.0109 28.2076 3.0653 13.4783 20.0173 26.137 32.2237 3.841 4.5989 25.7545 19.6985 23.7071 15.6329 27.8127 15.3428 
42.7576 27.4534 33.1482 26.9945 22.2213 29.9346 28.0486 33.3019 34.2967 7.158 41.8031 43.7807 24.1226 25.784 33.8506 
23.0283 38.3915 5.578 20.2047 23.8286 36.8777 35.2172 13.6276 13.6664 24.1162 30.9363 31.0796 19.9713 33.9364 25.5453 
5.1649 22.3221 27.5869 15.2616 21.3895 16.1955 18.7111 16.9646 18.6678 40.1559 2.9501 3.9614 19.4673 20.8308 12.5094 
25.5636 16.0219 23.673 14.2669 12.4197 18.8331 21.0168 24.0733 28.0409 11.2812 28.9878 30.6728 11.3836 14.9988 17.7037 
28.2168 5.3501 35.8343 15.3942 11.1687 10.6694 10.6637 28.2224 28.9763 18.4149 26.8718 28.8382 13.0868 8.8064 20.8269 
9.5718 26.9448 10.5326 8.2653 14.1899 17.6676 21.6365 5.2938 5.6986 21.579 14.9544 19.602 9.3885 17.14 7.1016 
27.8792 23.8179 24.2029 16.4119 15.3985 23.2296 28.836 22.332 27.0634 3.6167 31.5026 30.7573 11.2945 19.7451 22.206 
16.8331 9.9827 30.0972 12.6532 11.4257 2.1922 5.7785 25.9672 23.9268 28.0075 17.9767 13.1634 14.269 5.1087 11.8441 
9.5169 31.9045 8.0782 13.7696 17.699 24.2609 25.7197 2.179 1.0015 26.9296 14.4173 18.6178 16.8414 22.9843 9.0735 
22.507 21.229 10.6156 11.6924 12.9709 23.9686 26.108 12.7339 15.0034 16.5958 24.1646 24.0602 9.1212 21.3253 14.9676 
3.4237 28.3296 18.5381 16.9541 22.8222 23.8726 27.2074 10.6562 10.6109 31.9228 4.7067 10.4941 22.253 19.5205 11.96 
20.9198 9.9674 22.0617 7.1112 1.9947 11.4058 13.2397 17.842 18.4038 16.2895 22.6192 23.424 6.2574 5.8114 11.3492 
31.8226 5.3912 42.9954 20.6384 15.2338 9.768 7.2158 31.8917 31.9637 28.3523 30.0159 25.3571 19.602 11.7931 22.2498 
23.3767 22.3813 10.2821 14.7477 14.9888 25.209 31.3274 13.5485 12.7604 14.8345 26.5812 29.9994 9.0006 18.8773 15.0057 
24.7428 6.0131 26.1943 13.7557 8.3439 13.4349 11.3982 26.4371 29.2838 16.8992 27.4034 29.2655 14.6134 9.7775 19.5282 
24.2323 34.3257 4.6695 15.4899 21.4536 26.6142 28.9673 10.0338 11.7394 23.0652 24.957 26.3604 16.0994 26.7097 16.1981 
29.9398 4.7037 31.5582 21.4434 14.4733 10.1788 8.0125 28.8217 34.4661 25.4094 30.7431 25.5973 21.2201 11.748 19.7623 
25.5815 0.9756 32.3856 12.9914 9.4925 6.0341 6.81 25.7836 30.2371 22.761 28.3335 18.9019 16.6636 6.1947 16.2723 
19.4369 8.6776 21.6488 10.2476 4.3602 11.9107 12.1052 21.4344 23.2046 16.8742 22.9885 25.904 6.3325 8.152 12.2193 
32.8587 20.5869 23.6372 16.3306 15.2871 20.8792 29.2303 25.8596 20.99 4.3094 32.1189 33.3738 12.278 20.4584 17.57 
30.5841 6.8064 34.6222 22.2753 19.2827 9.8625 5.4702 34.5596 32.2893 33.4041 28.332 20.7154 20.3324 11.8792 25.9563 
35.0885 15.1074 27.8503 19.676 12.8647 18.8873 19.9307 27.2877 28.0131 9.503 37.7946 37.3037 16.1344 16.9713 24.1272 
1.0723 26.1822 17.0311 15.1896 20.8379 20.3236 19.1199 11.0816 13.1827 31.3082 2.1915 9.4715 19.7024 17.711 9.5369 
21.5016 22.0713 12.6759 13.1817 14.2589 24.2316 23.9205 11.5587 13.4368 13.1965 27.8106 30.0825 9.9825 17.6483 14.5076 
4.2631 24.6724 20.807 14.6158 17.0593 15.8994 18.9743 17.3034 15.9536 41.8485 1.7283 5.7722 17.8832 20.2124 11.1072 
29.2073 31.6617 15.2963 19.4324 19.1283 26.1998 34.0453 17.219 19.2572 12.6236 28.7997 30.1912 14.2337 23.2435 20.1704 
26.5889 34.4676 7.8198 20.6577 19.3503 29.1926 32.2897 15.2062 13.5384 15.3941 27.7347 36.2582 15.209 28.7348 20.7674 
27.1679 11.8793 26.3519 16.4861 11.4547 17.4209 15.264 29.5987 30.3373 14.1467 29.3198 32.7077 9.9327 12.2757 16.962 
19.0921 24.5841 12.1525 11.214 15.1509 26.0486 22.6376 11.4859 13.1825 16.4101 26.4026 31.2805 7.8903 17.4849 15.7865 
9.9874 27.7998 25.1931 22.6178 25.3455 23.826 27.1894 22.284 20.6617 48.1133 6.2775 7.7833 24.7419 23.7492 17.3237 
26.2513 28.5227 12.766 16.8699 19.7439 29.3927 29.5093 19.7375 16.8438 14.6943 29.2447 34.5975 16.938 29.2443 20.8244 
17.2627 19.7484 11.0666 6.6962 12.0291 19.446 23.0104 9.948 9.6942 20.3743 19.5088 24.056 6.8041 14.0379 9.2972 
28.1307 38.9601 5.8378 23.3783 22.6108 30.3511 36.8665 12.559 13.4975 20.9076 28.4249 35.846 20.3548 32.5052 19.2207 
11.0714 16.9656 24.9931 14.2245 19.1309 11.6426 14.9914 20.0865 20.5827 35.7039 12.3608 3.6352 18.1746 15.1941 12.7 
12.0543 30.0274 9.4571 12.2959 15.7074 22.2034 25.2517 2.5413 2.6902 28.271 12.7534 21.9372 14.4166 21.7814 10.1466 
17.9217 15.2496 18.7872 7.1377 4.8006 14.4806 15.6327 20.5342 16.8944 15.8472 26.1552 22.7173 3.0318 10.2077 10.7701 
5.387 33.4938 21.9428 19.0723 22.0648 24.9913 26.3185 13.7979 11.7414 41.4425 3.3589 9.5743 21.5124 20.755 12.7147 
28.8131 26.1753 14.3264 20.1835 18.0944 32.8314 30.1306 18.6672 18.5777 12.4125 33.7323 32.9739 15.0931 22.4874 20.922 
24.9673 3.1602 30.2202 15.6253 10.6047 10.9207 8.0239 25.2887 31.2952 19.7774 28.7728 24.6702 14.1424 8.235 20.8153 
22.5998 6.212 31.6932 13.7455 13.8855 3.466 0.4938 26.5843 29.4674 29.6708 21.9823 16.9435 18.9652 6.5551 16.1458 
13.8498 30.3485 6.4868 13.6417 16.7734 24.6811 30.5512 0.5179 1.4621 23.6531 15.2305 20.5981 13.3482 22.2716 12.1168 
22.6863 36.3933 5.9771 24.5964 26.3835 36.2303 38.5179 11.3029 13.418 23.8276 27.9757 37.4475 20.3389 30.6799 22.1529 
11.4038 25.3788 6.2739 11.7936 19.6364 22.7962 27.6985 0.8974 2.0007 27.693 16.2062 19.4797 14.7511 23.1759 11.2291 
25.8729 12.8904 21.0853 11.5298 6.8284 16.2285 16.8622 24.8384 26.0628 11.6465 30.8115 30.3601 7.2871 11.9141 17.4966 
18.1855 32.2927 1.7614 16.6797 21.6002 25.0975 28.8987 5.6559 6.7713 25.9002 18.0568 25.7387 15.1027 23.1141 15.957 
12.6054 24.9523 8.5137 8.9439 14.8581 18.5318 25.2812 5.1706 6.8563 22.9036 16.8081 21.9861 9.8866 15.882 8.2484 
23.3134 2.837 31.8384 16.5073 12.3021 8.5765 6.014 27.7659 34.104 28.4934 24.1193 22.0134 17.3954 9.9193 17.7985 
13.9589 10.6046 22.4007 6.7667 5.1308 6.5719 9.4818 17.3915 19.999 26.5997 14.5324 12.8131 10.0384 4.3162 7.1656 
8.0778 18.9186 17.3287 6.1274 8.9442 11.6655 15.1349 13.2701 13.2346 28.7996 9.2991 12.0584 9.7964 9.3679 2.1053 
9.5065 25.2875 9.6624 10.9618 15.5555 19.3071 28.1565 3.6481 2.2377 27.4733 13.2215 19.2243 15.3907 18.1599 9.2612 
27.4919 20.4471 22.4061 17.9326 16.4351 22.1272 25.8563 22.1708 27.4662 5.2004 29.0044 30.9332 13.3352 19.8832 18.6128 
0.1835 21.0607 20.2773 13.0399 15.0978 19.3196 19.3214 13.6939 11.4883 36.0322 3.6763 8.9851 18.1519 16.9018 7.9526 
9.3913 17.5647 17.1555 4.3919 8.2542 12.148 17.8017 12.0714 13.5802 25.8107 13.3831 13.7447 7.8642 9.4592 0.9447 
21.9351 3.2063 30.0321 11.5655 8.8552 4.9149 4.7593 25.3433 25.8226 26.3868 23.7855 20.9953 14.1096 3.4098 16.3727 
11.8825 29.7104 7.3409 12.7208 19.4057 25.482 30.5537 1.6621 1.2011 28.1718 14.2448 22.7038 16.6598 26.667 11.0036 
22.0356 37.9879 5.2273 18.2993 24.7672 33.5807 36.6151 11.634 12.3792 20.303 27.3084 30.3885 18.6402 31.5468 19.0862 
16.4964 13.4839 17.5369 3.0985 3.6876 13.5113 17.8928 13.6047 17.234 20.0976 18.5746 19.3592 1.9923 7.7937 8.1364 
23.4523 31.0611 10.8256 17.0498 16.085 28.7476 26.5015 12.6423 14.6953 14.7049 23.674 33.9713 12.8234 23.3508 18.0421 
26.0799 11.693 30.8855 15.5005 8.0205 15.7196 15.2042 27.0759 29.7984 14.8712 27.3353 28.444 10.6878 11.9049 19.5507 
4.2922 28.6791 18.2808 16.2518 23.0166 25.0211 27.4882 8.9578 8.2016 32.6419 5.7199 14.5966 21.5269 19.3442 9.6698 
4.4494 18.395 18.0998 10.447 12.0868 14.4298 20.3386 12.3448 11.0834 34.133 6.1381 9.0496 16.9641 15.1744 5.8825 
20.2931 5.34 31.3519 12.1467 7.2102 10.0287 9.401 22.0423 22.9489 17.0879 25.1626 24.3579 10.7943 5.7765 13.2706 
21.9288 5.9864 31.7713 14.5105 14.5835 4.104 0.3043 28.6319 25.963 30.2674 21.411 17.6839 18.8151 7.7131 17.4639 
27.885 3.5889 28.0924 16.8287 10.8582 9.9453 8.8963 32.7534 28.2276 19.3788 28.0572 23.8162 16.0426 9.2478 21.7575 
37.4258 19.8166 28.6522 19.3888 16.8918 26.6649 26.7369 29.0587 29.6576 11.0711 36.3379 33.0639 17.0164 19.2845 24.112 
16.8033 7.9028 24.476 11.5163 8.0709 2.7573 5.8832 21.9656 23.3382 25.0201 19.3353 16.7264 13.5273 2.9955 11.4658 
25.2693 6.3054 30.0979 9.7462 5.7873 7.9597 10.3098 22.3873 22.3733 17.9893 22.2942 23.7022 9.6046 4.6477 15.4111 
9.7381 31.3291 10.8583 15.1519 16.9428 21.6429 26.8883 4.5068 3.0333 26.7428 11.4324 19.5891 15.021 21.3416 11.0369 
38.3204 20.6243 29.9046 22.0675 20.2285 28.5914 31.1554 28.5608 33.5376 6.4119 44.4002 43.0516 17.1202 21.3689 30.8545 
22.6881 9.7107 35.4152 21.4039 17.8187 7.3574 4.1508 36.0937 29.6912 34.3861 27.7344 18.1482 19.9929 10.9709 18.8325 
19.0158 15.7041 16.6441 7.235 4.6411 16.5821 20.2098 15.9224 16.0629 13.2519 23.2593 22.6392 1.6071 12.2151 12.208 
10.9376 16.5319 12.7048 3.1009 7.9148 17.4666 20.3713 10.9915 10.1677 19.1183 17.0482 19.2392 6.2055 12.4179 4.3202 
21.3986 33.8062 3.5545 23.1407 23.57 35.6604 31.5026 9.2597 9.3045 31.2963 22.5714 31.7103 21.9603 32.4701 22.702 
21.262 32.6999 6.8072 19.7928 23.6412 32.6623 34.9194 12.4439 11.616 21.2711 24.6349 34.4205 17.7188 29.0609 20.9985 
18.1166 23.2304 5.7076 10.6542 16.0662 25.4894 29.9975 7.2894 7.5652 23.0352 21.3414 21.6191 11.9283 18.1096 12.9056 
8.0825 21.8684 28.6157 14.672 16.6951 14.6412 14.7497 18.2767 19.0523 38.5285 6.1685 2.1091 18.8115 17.8076 13.0905 
27.6996 5.8943 34.9543 18.2157 16.5093 6.5722 4.0493 29.3227 34.572 28.3644 30.4549 19.2826 21.3592 9.2591 22.8183 
14.1689 19.1343 12.4479 6.2605 10.7074 18.9412 20.4135 8.4838 9.3966 18.4555 14.6981 18.7671 7.2417 16.4235 7.1008 
8.1805 30.339 23.1714 17.5239 26.026 24.7247 25.6792 20.1753 17.8166 36.0723 4.9807 8.8641 22.7162 22.9207 17.6231 
28.7327 1.2902 29.2907 16.7975 12.037 8.4848 7.1868 27.3028 30.0097 24.0683 24.9608 21.8192 17.8592 6.8169 17.4495 
28.5091 23.5436 19.296 13.9325 13.9627 26.0581 22.8611 20.2685 23.3516 6.7426 34.437 30.0175 11.2943 18.6701 18.0993 
14.8495 19.1787 13.8839 2.0924 6.1067 15.9402 15.918 12.2047 10.8819 19.1433 18.4064 21.8809 3.6311 9.8364 5.0866 
18.103 26.1598 8.2016 10.4094 14.1507 23.6236 25.0576 11.298 12.226 18.5154 19.9849 23.4984 7.7357 18.9027 13.8896 
21.1806 31.9543 4.7209 22.1231 22.8372 33.0963 31.035 11.6672 12.6726 24.2161 28.892 35.2243 16.6759 25.582 20.241 
18.9954 27.0505 10.3797 11.9988 14.0266 26.873 24.7342 13.7008 12.393 12.5723 27.3722 25.3018 8.151 17.9124 16.6648 
12.3519 18.6603 16.5108 2.5053 7.7626 14.7176 19.1268 12.0335 12.4019 23.8591 12.5296 14.2449 7.5278 9.857 2.3047 
5.6946 29.3386 20.7628 16.0394 22.1509 25.2422 25.7774 13.0823 13.1463 34.3867 3.5984 11.4568 26.2191 22.0924 14.0082 
28.2896 6.7206 28.9911 12.1155 9.0629 12.4727 12.6435 23.491 23.8029 16.8006 23.6293 28.0216 11.8872 7.2861 14.7785 
11.5323 31.8077 9.1598 13.3613 17.4972 24.3735 24.1833 1.4925 0.6738 31.7355 15.1367 20.081 13.2892 18.9747 10.9559 
23.7004 25.59 10.7822 13.8203 15.5379 22.809 28.5051 16.2037 16.3303 12.9442 27.3365 25.7189 9.4172 22.6151 14.0839 
9.3699 14.2104 18.6661 3.3647 7.5809 13.4809 14.0318 13.4364 13.9726 24.8525 13.2997 12.3507 7.3608 9.2691 1.6208 
17.1149 21.592 9.602 8.4866 12.5808 19.7431 26.4929 10.3164 12.2875 15.0955 22.6367 24.354 5.5952 17.8641 10.4499 
11.0477 22.1601 8.2456 8.0432 14.5238 19.8719 22.2766 4.5922 4.1216 28.1187 12.8058 20.017 12.4253 15.6324 6.9643 
16.6156 4.7502 25.7236 13.4825 7.6187 2.6389 4.2489 24.2954 21.9975 28.1534 23.4586 16.8281 12.9662 2.5379 14.4862 
24.0263 9.067 32.1464 16.5525 16.6993 5.4053 2.2824 30.6138 31.7902 35.349 25.7584 19.4692 17.6116 10.484 17.6473 
17.4118 18.562 12.966 5.9462 7.6759 16.0088 22.2722 13.1918 15.786 15.1026 18.7995 23.5431 2.2567 11.5358 8.8488 
30.0796 34.1723 8.2248 22.4273 20.6606 32.0221 33.0256 15.4448 16.6738 20.2523 26.0038 31.9645 16.5886 32.1647 20.6347 
22.68 3.8446 27.9312 13.4885 8.2888 9.915 9.9336 31.9517 30.3221 18.9631 25.2088 24.5937 12.1823 8.1294 20.0084 
22.2242 2.8175 32.8935 12.3971 8.091 7.9574 9.0517 28.0927 26.6673 20.9303 28.7668 20.2779 13.1148 5.6303 18.7246 
4.3861 21.1768 14.2178 8.7829 13.2719 15.0787 19.5732 9.229 8.323 30.5331 6.861 10.7469 12.9089 15.372 4.8642 
8.422 27.797 27.8903 17.8919 23.4053 16.9122 21.4135 19.2223 20.9428 42.384 4.6139 3.5404 25.6024 21.7467 13.6999 
7.9319 24.1089 12.6182 7.2861 13.6536 20.613 24.9718 5.4466 6.299 25.0952 10.3751 16.498 12.7978 16.2469 5.0034 
18.2178 6.3361 28.1065 10.9926 4.5413 8.3417 11.8192 21.8382 24.9052 18.3692 24.452 24.9622 8.7729 5.4759 12.0122 
13.899 32.5588 6.3005 14.7758 23.0321 25.7989 33.4524 2.6282 2.569 26.7319 16.4384 21.2255 18.0471 24.9239 15.1434 
4.0527 28.2322 19.5752 16.2185 22.1472 24.3752 24.598 11.727 8.8178 37.242 4.1606 12.1641 19.5927 23.2454 11.3207 
12.7564 14.3358 18.5719 1.6283 6.1677 14.5118 16.7032 12.0975 11.5714 24.8276 15.3287 18.4482 6.1913 9.0901 2.7254 
22.0276 33.0527 4.8791 16.5131 17.5243 28.6032 31.384 9.1608 10.4785 22.6104 26.2765 29.3333 16.0203 25.432 17.9608 
21.9534 4.4731 31.111 15.367 9.223 9.5554 12.0106 31.011 23.9308 21.5323 24.7771 23.8838 11.9838 8.3012 17.3225 
14.1615 29.3387 3.808 11.4058 17.6255 22.6969 31.4339 5.4811 6.5305 20.6428 20.2502 23.2091 13.232 19.3468 12.2968 
24.7805 15.9211 21.8014 12.5612 7.9819 16.619 18.1352 19.9964 23.5629 11.4763 27.1517 30.2588 7.5657 11.7676 17.2588 
11.8014 12.5655 24.6762 7.891 9.3783 7.872 11.9877 19.1078 18.9077 28.9889 12.3969 10.1005 11.9825 7.2383 5.4905 
10.3113 15.785 17.5676 4.4313 6.9754 11.3537 15.6993 13.103 14.6589 23.477 12.5158 12.9473 9.0956 8.549 2.8034 
20.4336 8.0494 38.1987 17.3038 14.1131 5.207 2.5535 31.1443 30.1894 33.8849 19.6545 16.1773 17.4436 8.2999 19.1873 
7.1709 26.6465 10.8882 13.6018 16.3525 21.6386 23.6175 3.8809 3.6983 27.5432 11.8992 15.7376 16.4337 19.0888 11.0679 
24.9768 2.5139 33.9853 16.8636 14.4348 7.9237 6.0008 28.7491 32.7698 23.293 31.3118 26.4236 20.5648 9.0774 17.4975 
22.4317 35.5959 7.5686 17.7356 24.6137 34.644 36.9973 13.1178 15.6806 24.3043 29.7642 37.5591 19.8711 29.7745 18.5719 
13.4626 14.9733 23.761 11.6418 13.034 6.9756 10.8931 18.7469 20.0603 31.1996 13.3983 8.3633 16.2504 8.4188 12.1028 
26.1018 35.7015 7.3434 21.8279 28.933 31.4018 45.4379 12.0289 15.948 30.6567 25.6128 37.2449 23.5721 37.2994 21.4491 
15.6272 25.0899 7.3771 9.2556 14.61 23.2069 26.7172 4.7296 5.542 21.2382 15.6546 19.4863 12.5451 17.4651 9.9234 
22.7014 6.688 22.6707 10.841 5.3119 7.1959 8.901 20.9004 23.061 23.002 21.4591 20.1533 11.0673 2.7823 13.0615 
3.0864 22.9183 20.3321 10.4292 12.7066 15.3971 19.2345 11.9323 12.092 26.5839 6.4284 8.7582 15.9396 13.6772 4.8983 
22.8872 14.1364 22.2663 10.3667 6.0462 18.4337 17.9361 21.2168 18.3083 10.758 25.9333 23.5244 5.3055 11.4979 15.0264 
26.9841 29.886 7.7824 17.951 25.6075 30.8182 33.473 16.1662 14.8673 21.006 26.1987 33.0784 18.5684 27.1168 23.6039 
10.7774 24.2073 8.3455 10.7573 14.5032 23.0455 25.9564 2.9158 3.6073 25.4646 13.6225 21.6998 11.1665 17.7092 7.7962 
29.1013 25.6396 18.9448 14.4771 14.6907 23.3453 27.0048 21.3943 21.7067 5.6802 29.3824 33.7794 10.9702 23.4674 22.5929 
17.4372 37.0404 1.7539 20.9531 23.6921 35.3637 31.5564 6.8108 9.1002 24.95 23.2117 30.4639 16.3164 28.2403 19.2425 
33.7365 9.0692 27.1862 19.1234 13.2595 14.0764 16.9904 34.2592 29.8984 18.6971 35.0019 30.633 14.2271 13.6988 21.4296 
17.3592 22.9091 6.3869 9.0011 13.9711 19.8546 24.6909 7.0325 7.8126 18.2205 17.8048 27.0693 8.9311 20.982 9.9246 
23.1287 3.9732 25.7577 12.3925 8.3478 7.6306 6.9675 27.4523 26.0967 23.067 24.1749 21.9771 10.9748 5.1216 14.3921 
5.6343 25.9067 15.9353 13.3679 18.3778 25.7192 27.0039 7.6034 7.0151 29.2965 8.0298 15.4573 19.946 18.3552 10.0055 
9.3634 30.6039 28.6057 19.6136 24.0202 23.3784 27.3355 22.8206 17.5489 43.8199 5.6763 5.8302 26.3377 23.0691 17.1729 
34.8123 23.3459 22.7131 18.6177 21.1603 28.4434 28.9688 30.4519 32.8949 1.2747 41.5085 36.6774 14.5583 24.4687 28.1327 
29.7539 4.5584 34.521 15.6929 12.9085 11.2349 9.9964 32.4665 26.6414 20.1111 28.8676 27.2753 15.854 9.7745 19.0272 
EOF