I 150
J 15
bounds (0, 100)
cv 1.5
D 25
k 5
t 3
FLR 0.6
FCR 2
λbounds (80, 120)

λ 
93.5701 95.4173 85.5272 
92.6087 108.2781 103.9863 
117.0252 112.648 95.4666 
108.8197 117.7557 117.8884 
116.1804 88.8075 117.6826 
118.5378 84.7725 116.8485 
96.9692 81.4596 90.4357 
80.5021 85.559 103.4357 
87.611 115.0159 86.7753 
92.6044 96.0122 108.8724 
105.2362 106.957 119.9774 
119.0051 109.0663 90.0319 
111.2678 111.5705 104.5204 
117.6877 115.4739 119.9138 
83.0689 117.9815 96.3443 
104.0698 86.463 112.9973 
90.6318 98.573 108.4382 
115.1226 107.0024 82.6685 
108.4369 113.1495 115.4053 
111.7477 103.0144 110.7055 
100.4952 105.3476 88.904 
84.9604 84.8538 88.0254 
109.3783 108.8107 102.2675 
94.7116 112.8793 108.0602 
88.0026 110.6702 80.153 
94.271 82.766 99.8405 
119.7446 85.3251 110.3961 
87.2911 95.2247 99.5236 
119.9407 95.7419 93.1038 
104.3564 107.722 96.9175 
112.3181 104.3996 97.2486 
82.3789 96.4498 108.3263 
89.5304 86.0139 90.5774 
80.4473 80.6835 113.035 
85.5899 106.6836 103.2217 
105.336 86.6879 91.0664 
82.0676 98.1322 99.3802 
93.3916 102.561 111.347 
92.04 84.3004 80.8951 
114.2759 88.166 89.2103 
100.0247 103.9384 83.514 
118.462 101.0899 91.8663 
107.4129 103.5006 99.9431 
112.4828 88.2382 86.9703 
88.6675 87.3797 81.2828 
111.2888 114.172 109.2451 
103.4546 98.6646 97.4171 
81.3248 113.2095 93.7082 
86.0689 112.4324 108.4441 
94.1799 99.7436 115.6893 
108.9257 119.8298 108.1163 
98.3387 114.9723 82.8623 
113.5319 103.3237 83.1003 
111.2099 118.7781 107.9254 
113.9459 114.1189 85.0171 
119.2264 81.3272 80.4596 
84.8773 84.8741 82.5865 
94.1493 118.4173 113.5377 
95.3679 90.0088 106.3111 
117.4671 119.8685 117.6349 
86.9973 88.6639 107.1393 
82.9717 104.6757 92.4876 
95.2499 113.0477 86.8391 
101.1744 108.4864 83.2271 
90.5422 89.2841 105.6149 
116.333 108.3472 104.958 
119.8855 113.4393 96.2202 
99.6253 111.3057 113.5388 
117.026 98.5291 117.5244 
95.5501 92.5773 81.8532 
82.2366 80.1706 84.9497 
109.2307 93.3532 119.0719 
106.5096 109.8336 108.9954 
110.8236 111.7139 81.5418 
114.2434 97.1143 102.3861 
104.592 110.9775 102.092 
108.4268 110.8413 119.8459 
117.8066 80.2723 110.4618 
89.5115 101.8205 100.6252 
91.3915 119.2768 85.7921 
88.0715 103.6457 86.726 
91.7199 93.3327 104.4988 
85.8888 98.9047 100.6337 
84.7995 105.0375 103.7961 
112.8276 85.8531 119.688 
91.8517 115.3154 93.8554 
97.1139 99.9152 92.322 
97.5321 90.8949 85.2558 
93.2683 96.6066 108.8509 
110.7427 110.6493 105.1175 
104.4354 101.8215 117.4175 
109.8675 91.6848 107.9254 
104.303 103.9858 99.2124 
114.8341 84.9018 93.8558 
109.327 101.9216 95.0534 
97.0113 83.0814 113.2931 
106.2649 94.6953 95.5973 
105.0893 104.571 111.9257 
96.9479 89.8939 98.6776 
80.078 98.0881 102.1358 
113.7256 93.2947 106.4352 
113.006 84.5553 94.6185 
94.2846 100.5224 84.0492 
107.9557 80.0612 99.2704 
115.3148 95.5679 91.4228 
95.4666 103.9066 112.7813 
106.3665 86.4478 80.9377 
105.2592 112.3252 92.0337 
89.887 81.2899 119.9675 
110.4998 96.19 101.5929 
95.3269 89.3284 93.3553 
95.4059 117.3707 83.9399 
111.8076 113.471 115.6006 
101.8949 102.4716 100.428 
101.4133 83.6797 111.2234 
112.0233 105.0761 100.8449 
89.3883 98.1915 108.623 
91.753 113.1666 111.8642 
101.7592 96.1764 94.5875 
80.6548 102.1941 109.7529 
98.5998 104.5461 95.2548 
92.6443 93.1433 94.3481 
119.5146 114.3085 99.4702 
112.459 89.2753 97.5604 
97.3721 110.0299 119.5444 
80.3226 94.8364 95.6591 
113.329 100.5017 92.6977 
90.4087 91.9064 118.5786 
118.2519 95.2527 115.2882 
95.6299 111.2236 90.8794 
87.8386 92.6372 102.7125 
92.3085 110.1853 116.6867 
110.102 106.135 109.8124 
95.6112 116.1273 81.8503 
86.6959 90.8313 86.0344 
108.1564 113.481 96.9535 
84.096 119.5116 108.8767 
108.3627 106.4151 104.287 
85.9703 88.4106 91.7018 
81.4738 92.4988 111.4565 
101.8001 114.5873 110.2436 
90.6073 90.9916 100.3157 
84.9709 101.5655 112.4464 
89.0849 81.9791 103.0317 
109.5116 109.7404 90.9235 
87.8339 105.1219 118.871 
87.0599 110.3429 102.7863 
103.8043 91.742 95.5433 
115.3177 82.3668 84.458 
118.6035 83.3907 96.2987 

Icoords
87.9293 40.9416
46.1576 13.4719
77.9844 46.7545
53.7271 7.1074
39.2789 92.9644
98.6897 91.7972
14.5496 79.2614
97.9888 32.0128
44.318 14.2473
82.0473 44.3754
17.4766 67.9328
87.2574 27.4961
47.3637 96.5374
6.7764 90.0868
83.5696 67.4179
70.5228 62.8363
69.2793 35.8066
86.4046 72.04
12.2827 36.078
44.4266 6.8673
79.8943 15.4982
23.3262 77.881
76.4563 82.4012
29.8982 91.5136
96.816 92.4711
90.415 26.1069
4.2029 86.1288
94.2544 99.8089
84.3573 10.5572
27.5156 70.5526
39.4529 62.081
91.1834 52.104
95.144 34.1495
62.8197 96.2383
14.0408 33.0784
8.6818 81.8154
88.5611 54.0375
47.7164 87.9122
19.6006 25.8528
79.9019 23.6574
25.997 94.4138
80.3502 47.779
59.2009 87.2721
52.9001 72.8823
7.933 68.9934
84.8521 61.5754
99.5978 39.2525
17.5914 17.9583
62.2391 65.5171
58.6522 44.0419
38.5253 5.2478
6.5771 18.7125
70.3842 8.3562
45.3351 61.2083
85.6313 37.1393
13.3049 71.9863
74.5866 53.7712
97.0623 43.5461
75.5559 21.179
28.2757 93.4533
19.5429 30.8084
43.2924 68.3957
18.5352 9.5125
31.0463 92.2046
28.5969 17.7451
61.8137 65.6502
26.9588 87.0562
12.8948 35.8323
27.2928 4.4977
75.7243 86.9619
45.9488 23.2262
17.9048 45.8206
21.8636 4.1135
53.4376 77.578
51.2098 60.8883
39.5943 67.4862
86.3805 49.3365
80.7436 43.345
54.7285 34.6306
67.6194 83.8153
54.5758 87.1226
17.6974 33.3661
87.2668 38.7493
87.8692 41.1545
91.442 1.8626
67.8071 77.9804
7.5156 76.399
48.0558 88.9501
18.1513 85.4133
9.6823 61.1927
49.3745 96.6398
6.7965 57.5225
87.8006 53.6496
51.2457 92.113
43.4637 63.2883
67.4864 35.9548
86.3426 19.9924
39.0372 38.1431
80.9357 23.5188
66.7715 62.6811
46.1157 71.1965
19.8562 8.4944
8.4671 4.187
32.92 95.1847
53.0887 87.2407
8.3175 73.2578
1.5069 9.6971
37.151 19.3075
94.0467 70.5638
98.1787 66.915
65.2462 11.504
30.8109 41.9864
33.6831 39.1705
7.5034 36.374
66.5647 17.3428
97.7979 5.6817
98.9725 27.522
25.3234 40.6945
27.3903 98.9504
60.4281 31.1768
64.716 1.6068
51.5251 40.6676
92.0044 24.4374
98.7602 67.8714
56.9753 35.3166
81.3509 54.9787
65.4099 62.2091
91.4022 54.8486
12.5028 36.6662
72.587 63.2931
40.5411 92.427
27.4053 73.6078
75.1956 83.9931
83.786 36.1178
75.0425 38.9186
12.1667 58.0692
12.708 61.7346
76.3182 83.1579
38.1453 44.9619
75.5162 66.3307
95.9192 33.4076
15.1653 18.1152
79.117 82.3914
87.5093 41.9184
25.3521 83.9846
18.7454 79.7391
71.5881 58.6947
31.5992 72.682
91.306 18.7887
25.4267 41.4382

Jcoords
50.1336 51.6924
11.7565 77.7232
71.6694 78.4853
14.5456 33.3453
74.2268 19.6208
4.7413 77.0159
78.9809 28.9783
20.9765 57.1104
39.8511 81.8738
3.5529 10.3351
99.02 92.6654
40.141 82.1277
63.9068 96.958
40.9569 76.4378
56.6507 23.478

C
12.8141 30.6548 16.0913 29.4144 9.3546 31.7809 5.0108 24.2931 22.7818 28.5604 18.1392 20.8315 18.7422 22.0196 14.2542 
12.6539 26.3466 27.0001 12.1915 8.8963 27.6244 13.0323 15.2307 26.9822 15.251 37.5626 24.5007 30.5219 22.1068 4.7731 
9.7386 26.1152 10.2624 25.4045 10.6037 31.636 7.0771 22.1972 20.4099 32.8887 18.6802 16.1983 19.7402 16.458 11.9508 
17.5877 25.6956 28.2691 17.0938 8.5909 25.7454 12.5113 19.0977 25.9383 18.9246 29.2357 27.6982 35.6186 25.1462 5.6191 
16.6819 12.3735 12.1623 24.8824 29.6948 12.3028 22.7037 15.2849 4.0601 29.7882 20.2345 3.6526 9.8576 5.8041 26.5442 
23.0307 27.5292 10.7564 33.9841 23.1143 36.7102 22.8722 30.4839 21.3736 49.2977 0.3143 22.0692 12.6976 20.2283 29.199 
13.8508 1.211 22.3359 15.763 28.6016 3.8135 31.1963 7.4198 7.8368 22.4819 27.1891 8.3692 16.0605 8.5808 22.3151 
20.594 37.1948 16.7754 29.0503 9.1707 38.558 5.9228 24.4778 30.0082 33.3308 19.0962 25.2112 27.1156 27.811 12.7474 
12.937 27.516 25.386 13.3527 11.4987 25.4223 11.5814 18.7563 25.6863 12.9 32.6325 22.5449 28.0156 20.721 5.9493 
13.0312 29.8208 12.5858 22.824 9.2653 33.0958 4.9595 21.086 21.6882 28.0544 15.8113 19.0137 19.752 15.8391 10.6462 
12.4918 3.9652 21.7695 11.7568 28.3212 4.9212 25.6338 3.8889 8.9816 22.4583 32.9684 10.3334 18.6116 8.0638 21.4493 
14.3441 30.0791 21.0556 27.5811 5.6943 30.9395 2.6906 26.7588 27.969 29.9572 23.0785 24.5069 24.2489 26.0529 11.5822 
15.0607 14.6108 11.617 23.4409 28.2058 15.1986 27.0021 16.4198 5.6958 30.2273 17.9491 6.3265 5.3484 6.8815 22.5361 
17.7563 5.1423 22.6837 18.0346 38.7546 4.2516 33.8641 11.3851 13.3079 30.0111 31.4212 13.319 20.2145 12.2744 32.6522 
11.1661 23.8468 5.6408 28.8582 16.3735 28.8578 12.7442 24.4039 16.6504 29.507 9.2795 16.4518 12.6117 16.2772 16.7576 
8.8901 19.278 4.8344 21.0058 16.4604 21.621 12.6716 18.2447 11.7973 31.9451 15.3505 11.5021 12.3353 10.2873 13.0077 
9.4561 24.3276 15.8116 20.2007 6.5314 25.5982 4.3409 18.1236 17.345 24.9673 24.8905 20.2149 22.265 16.7505 6.0006 
14.2524 24.7875 5.3107 25.4557 20.2937 28.9297 16.7359 20.9114 16.6771 35.1443 9.0763 18.0548 12.4081 16.1956 20.6794 
16.2061 16.3429 22.5635 1.4188 22.3108 15.7599 25.6629 7.0983 17.0677 10.7019 37.2623 19.7845 30.6434 15.6695 18.3706 
16.3305 29.8758 24.1061 12.2847 12.4342 29.7481 13.0577 16.7669 29.6225 12.5687 34.3015 28.9167 33.4956 23.9899 6.6615 
15.1025 28.5592 23.7317 25.41 2.3814 35.4296 5.1517 26.3134 25.3719 30.5987 25.8461 27.2332 26.5312 24.0888 8.6701 
14.331 3.9757 16.4622 15.6243 27.4099 5.615 25.1082 6.8792 5.5795 22.184 25.4201 6.7307 15.4926 5.6996 24.3964 
12.413 20.1482 2.454 28.7761 24.2422 25.1781 19.2697 22.0232 13.8528 35.6839 8.6388 13.023 7.2976 13.2324 18.885 
17.0095 7.9371 14.2031 20.1777 30.1947 11.469 26.9972 14.1667 5.365 25.6722 24.8389 4.5749 12.1751 6.7926 23.7596 
22.637 33.1933 9.32 37.2426 28.0376 33.5172 21.17 32.7348 19.0282 47.063 0.8618 20.8783 12.9666 22.194 29.4663 
15.7906 31.0188 22.1804 26.0956 5.6119 30.1964 4.6968 23.7414 23.4488 33.3178 20.3955 25.4568 23.9046 22.9193 11.3013 
19.7765 4.3757 26.7858 17.4755 37.751 3.1047 36.5925 10.4876 12.4039 30.1897 31.9722 13.7372 24.0225 11.6805 26.3175 
24.6377 31.9749 12.1697 34.6116 29.9859 30.4819 23.549 29.4462 19.6826 41.5854 3.3327 19.1736 9.2206 21.9226 27.4248 
17.6905 34.6661 20.8829 29.1324 4.2044 35.4061 7.4839 25.7862 28.2541 25.9949 31.1192 26.6263 32.0703 29.6789 10.8559 
10.8964 6.4321 16.7106 15.7061 24.5473 9.1854 26.2522 5.4576 5.4449 23.2669 26.2633 5.6404 15.2241 5.4731 16.7246 
4.9914 12.5706 11.8761 14.268 19.5876 14.5825 16.4058 6.4479 6.8259 21.9106 22.0164 7.9973 14.6913 4.7175 16.0463 
13.5266 25.1287 12.2725 27.0943 12.0884 35.2374 10.412 26.5211 19.6831 33.6271 14.0583 23.6753 19.5917 19.6844 16.7936 
15.7195 35.8937 19.3343 29.6214 10.0522 38.7597 6.3706 30.0856 24.527 33.3215 21.1412 24.3853 27.9468 22.6895 12.2552 
15.9979 19.7114 7.1273 30.2309 26.1202 24.3667 21.4925 18.3721 8.5552 35.3586 11.7131 9.0975 0.4912 10.8223 22.4541 
13.7749 15.1097 27.9091 0.2166 20.0311 17.2233 22.8654 8.5219 21.4843 7.779 35.9109 16.6739 31.5564 15.8513 14.2085 
17.4271 2.0131 21.5719 19.3146 34.4801 1.9865 28.0622 9.3161 10.2204 28.2715 32.6372 10.7564 17.7746 11.5403 26.2153 
14.8606 31.5307 9.4466 26.9756 12.1355 28.429 10.1329 22.1568 19.6135 33.1007 12.8941 20.5608 16.3441 18.5928 15.0753 
13.7506 12.5769 10.1318 21.0795 23.5813 16.4616 24.3904 15.5 3.6659 35.1712 17.6725 3.5142 6.135 4.2736 19.8209 
12.4398 16.8135 26.616 3.1743 18.6769 17.8745 22.5482 9.5804 22.1655 8.8378 37.5702 23.3096 28.2923 18.2241 14.0671 
15.5429 30.872 21.2622 24.6244 2.3567 28.2609 1.6281 26.1076 23.5307 24.5993 22.6279 21.5096 28.5322 24.932 8.6637 
16.7274 7.633 14.5208 18.7703 30.2405 9.7566 28.9974 13.2831 6.0021 28.9264 25.8137 6.6191 13.7542 8.4098 24.4887 
11.7092 28.8302 10.1409 25.3307 10.7687 30.9019 5.8908 18.1329 17.4755 27.5542 15.9455 19.2494 17.9886 17.6738 11.5342 
11.6576 18.8211 5.1359 24.1414 24.1995 18.016 19.8341 15.401 7.708 32.7681 15.7717 7.3401 3.2629 8.2519 23.1247 
6.5626 12.7845 7.3885 18.4366 18.0379 15.279 17.4851 12.1064 5.109 25.1837 17.469 4.8877 9.951 3.858 18.025 
14.335 3.7626 20.1179 12.6099 26.4344 3.2257 30.0644 6.2004 11.4099 19.2053 31.2737 12.5497 21.0237 11.7672 20.0547 
13.4717 26.1329 8.1863 25.4865 17.2294 29.7133 11.1653 22.8977 18.0141 31.1747 11.8761 18.9896 15.8754 14.4081 16.3055 
15.3983 30.3224 14.8857 29.0897 9.8644 34.8254 8.113 27.4444 22.1934 31.2948 21.3557 24.1095 20.8031 24.4418 17.3265 
16.0818 23.4372 28.3351 5.1653 20.4712 22.3807 19.4036 13.998 22.5986 5.6167 36.5778 21.5407 33.9837 23.055 12.2563 
6.9956 18.0015 5.6281 19.5544 15.9527 18.2124 15.715 16.1198 9.5823 24.1907 17.6551 8.8906 11.1489 7.3556 15.9415 
4.5661 17.4195 13.9442 16.7607 11.0443 23.7741 8.4937 14.7748 14.0173 19.694 20.4251 14.5967 20.2762 14.7064 7.9421 
17.2392 27.1108 30.4912 14.3804 14.3245 25.859 18.5403 17.2466 26.1334 11.051 35.6983 26.4756 32.4488 25.1732 8.8022 
21.7333 18.8079 28.2352 5.865 24.1193 20.4921 27.6789 15.9402 26.7926 3.0202 43.1272 25.5429 31.302 20.2638 16.2267 
18.8467 33.6684 27.7337 22.6471 3.6373 36.8277 7.9203 26.6683 30.0353 21.6829 30.8522 25.2665 30.436 22.6439 6.3958 
3.6182 12.0568 11.7385 15.5138 17.9766 16.7892 18.3386 8.9936 7.7035 25.7534 23.5138 6.6431 12.8471 5.6429 12.2268 
14.2258 31.035 15.8849 28.0832 6.8167 33.125 3.3404 23.5691 19.2343 34.2268 17.7121 24.4912 20.9189 20.5987 12.476 
13.1238 2.1113 21.7401 12.4256 29.2739 3.2625 27.1627 5.6623 10.6682 22.3081 33.4269 9.6881 17.8426 8.8589 21.3309 
8.5526 25.881 9.3247 23.5924 10.9014 28.8705 9.5077 19.4928 16.831 30.7235 14.2251 13.6391 16.5583 12.3775 13.9657 
17.7328 34.241 14.2015 31.0463 12.0025 34.056 7.4327 30.5741 25.383 31.2481 15.5242 23.3043 23.7004 25.6762 17.9082 
13.567 32.864 17.846 21.9109 0.6365 32.4378 2.5699 19.891 21.6254 25.6527 26.9656 22.7333 23.1847 25.4594 6.7018 
15.1399 7.7624 15.1249 18.6448 30.8809 10.2223 27.4864 11.7582 5.7404 29.1109 27.9599 5.5753 14.1386 7.8073 23.3324 
13.0491 18.9275 26.9075 2.0725 17.4259 19.214 17.8755 9.4432 18.6958 7.866 38.8849 21.8209 31.6923 17.6163 12.0737 
6.2092 10.8986 9.6375 16.5323 18.4304 15.6274 20.4132 8.6975 4.3762 27.5663 24.216 4.3098 11.7685 3.0508 16.3642 
21.0074 26.2945 32.9109 8.6654 21.0614 24.5622 20.8099 17.2388 26.1083 5.6914 38.3164 28.6453 35.4065 26.3692 13.9641 
16.7177 7.6704 13.6221 19.3166 31.2575 9.9904 30.3011 13.695 5.1947 34.4414 26.4696 5.2708 10.1566 6.7825 25.9261 
14.2438 21.2995 24.0885 6.3175 15.1254 22.6368 16.3587 12.097 20.0795 10.0395 36.9853 24.3323 34.6212 20.1473 9.89 
6.7832 19.7268 4.947 21.0232 16.5333 23.0968 13.1839 14.7566 8.7895 31.428 17.0861 9.0197 9.4698 7.5469 15.9709 
13.4622 6.5004 16.8214 18.2469 29.8607 9.6621 29.2934 11.8882 4.7979 25.363 22.9848 5.4309 12.0111 5.5608 24.6857 
12.9036 13.7118 24.8798 1.1358 24.2462 13.9006 21.4802 7.0514 20.1084 8.2062 33.0095 17.1199 26.1854 18.6083 16.7363 
15.8028 23.819 33.1643 11.48 18.3089 25.3728 20.3376 21.0955 25.4214 8.8987 40.8717 23.653 35.9696 26.3395 12.8789 
14.0967 25.4648 2.8866 25.877 25.926 25.0509 20.0417 19.4991 12.3298 32.6001 7.9482 10.9706 5.4855 13.4731 25.8786 
10.3896 19.4293 18.6817 10.4457 11.2659 25.8165 10.4108 14.6902 20.4368 17.6851 32.5556 22.0768 26.8413 16.0603 3.2757 
11.7508 9.7989 19.1056 4.872 20.269 13.1203 21.0341 4.2846 13.8525 11.7207 30.9861 16.8172 21.7013 13.5249 17.8279 
19.7744 24.742 32.5811 9.1155 18.5897 24.4204 22.9868 18.9119 31.7419 6.8865 43.4331 28.9658 40.5235 24.4378 13.9029 
7.9983 14.3801 5.9509 18.7712 21.4889 19.0123 19.7817 13.7728 5.2053 28.7432 15.5615 4.5463 7.2711 4.3175 17.5539 
3.5285 14.061 8.4655 18.3108 14.5254 18.8093 16.646 10.3318 9.4757 25.7128 21.39 8.5432 14.1179 7.2751 14.8229 
7.3405 10.304 10.7728 13.4062 20.6191 12.2995 21.488 6.8204 5.6351 23.0672 24.0153 5.2101 14.1323 3.3955 14.5228 
12.2737 31.8245 11.6792 24.3741 10.6043 28.2663 6.7388 21.9987 20.6556 32.6744 13.8022 21.1951 16.7979 20.2161 14.2242 
10.9461 29.6366 12.7025 21.9124 9.2089 30.9814 4.6159 18.8718 18.8779 27.1671 19.356 18.6638 19.05 19.3236 10.7517 
6.0554 24.0385 18.7347 15.9769 9.5203 21.2212 8.153 14.5707 17.2514 18.9721 24.2889 16.7544 21.4829 17.4351 3.6452 
13.8761 19.6511 2.5926 25.2091 23.2321 21.2755 17.3661 16.4841 8.8324 32.2879 11.663 9.7457 4.8851 9.0629 19.3545 
13.3118 13.3358 5.939 24.2351 24.9439 19.048 24.7252 17.6963 5.4853 28.3219 15.5147 5.5966 5.2372 5.3696 25.0383 
12.6035 14.8894 23.0668 1.2198 20.6119 16.988 20.1279 9.4848 19.1658 8.7137 35.6793 17.7408 30.6886 17.4118 16.0715 
13.1107 31.2708 15.2395 25.3111 8.0054 31.2377 4.1393 23.2291 21.5611 34.7872 16.9134 25.2937 19.6003 22.5039 12.1526 
13.3798 29.1071 12.8187 29.3847 8.1751 32.6554 5.3668 22.2813 20.6064 29.2388 18.5149 22.903 24.1891 20.8796 12.7717 
22.7898 33.8315 26.0347 27.2291 9.1339 42.5452 10.8028 28.2862 33.5206 30.4888 28.3196 32.3023 36.3237 28.0347 13.2831 
11.6285 18.8668 1.5106 21.2227 17.9657 22.9397 16.0982 16.0528 11.231 33.9698 12.9011 9.2066 7.616 9.4669 19.6438 
17.5371 1.3635 20.5272 16.2106 26.5697 1.1229 31.4079 9.1262 12.8756 20.3842 30.8465 10.4044 23.5706 10.8718 22.0614 
13.2135 14.921 8.7972 23.6834 25.0844 14.2289 23.3871 15.1601 4.0717 34.4546 17.4198 3.3166 6.1073 4.6682 22.1081 
14.0542 3.9606 19.1467 19.3791 29.8762 5.9951 26.8845 8.6184 7.5172 29.0028 32.4123 7.0437 18.2151 9.6636 23.3217 
16.5169 5.8394 20.9794 8.8284 27.8382 5.4885 27.0069 4.1612 14.0748 18.0468 28.5863 11.9971 25.5802 12.8836 22.3838 
17.6893 13.7941 9.1689 26.7882 30.8179 15.6265 25.8198 15.5655 5.6683 39.0174 15.3845 5.7501 4.996 7.2397 24.6375 
13.3238 7.5569 25.2864 9.3456 26.4932 6.8879 30.5525 4.3579 15.589 15.1167 38.3716 16.203 21.9035 11.9642 18.1893 
11.5454 27.7418 10.1697 27.5409 14.4566 26.8945 8.5806 24.6376 20.837 32.0473 14.4363 21.3806 17.4652 18.3679 16.0282 
12.7616 16.3452 9.2294 27.5411 25.4227 15.8415 23.9768 14.4981 4.9803 35.9269 18.7383 4.7893 5.3819 7.292 25.0398 
4.6673 11.5071 10.2846 15.3855 16.3345 15.5625 16.7605 7.761 6.9769 24.5676 19.3186 7.4818 15.693 4.2461 16.6198 
8.2929 22.4257 15.8678 19.4423 6.8949 28.3374 4.69 16.3301 17.9217 21.3446 20.4138 19.5601 18.748 17.7778 6.0548 
14.5144 37.2746 23.6758 24.3987 4.5953 36.8439 4.2237 29.0455 28.8238 32.7737 28.8148 23.3296 28.3558 25.5239 11.9314 
5.972 16.9643 16.2617 8.7075 14.6023 17.1536 15.5361 9.8555 16.1832 15.9547 27.4305 15.7338 22.5415 14.2674 8.2556 
13.3704 28.6243 19.8888 25.1273 2.4953 34.7168 2.1096 27.1818 21.9525 27.8118 27.1595 22.2367 28.9413 22.9345 8.6867 
7.1462 17.8745 5.1275 20.9114 14.7578 25.1477 10.8686 17.9871 11.6311 29.8105 17.5609 11.4225 11.7498 10.5568 15.1265 
7.2884 11.6007 9.4228 16.3442 20.5704 14.0763 16.9602 9.8293 4.1904 28.0064 21.8329 3.9067 10.9045 2.2474 15.3542 
18.094 26.0473 30.2959 9.0772 18.5861 27.8781 19.8918 16.3101 25.1665 5.662 44.0821 27.0983 32.5824 22.0619 15.6371 
19.0515 27.1546 35.6132 11.3124 26.5053 29.0967 24.8377 18.7182 32.9868 2.8476 50.6031 32.6932 32.9842 25.3424 17.8957 
14.5236 10.7225 15.3757 20.076 30.3046 10.367 30.1561 13.0365 5.0274 29.8545 21.6899 4.518 9.7334 7.3654 28.9965 
13.8011 15.023 7.8854 21.7131 25.5332 15.9122 24.8396 17.5389 4.7795 27.7179 17.2283 4.4491 5.5636 5.3477 19.3694 
17.9494 2.1322 21.4412 12.3691 28.5011 1.935 25.234 7.9815 10.7614 23.6131 34.3103 10.6675 20.8848 11.5959 21.176 
22.4171 23.5894 33.1227 10.448 23.6035 25.5298 26.8413 20.4508 28.6299 0.8086 38.7429 30.9315 34.3391 26.1735 18.8139 
12.7943 23.8353 22.4779 10.2367 12.4653 19.8758 13.8031 14.1322 21.0919 12.933 33.7602 19.251 27.7931 20.7556 6.5984 
16.4515 30.3889 8.4578 33.0498 20.1924 32.9501 16.3741 27.2006 17.4616 34.481 7.3762 16.6775 12.7401 16.3019 18.2072 
17.2113 33.2617 11.4945 29.3517 17.2559 35.0364 13.0657 23.5335 20.997 33.9904 9.8908 21.1374 15.6826 19.0269 19.4406 
13.3316 31.7598 23.3693 20.7571 4.2465 29.1343 8.257 21.0698 23.3862 18.7581 31.0404 28.9769 31.8441 24.0984 5.722 
7.5855 13.6644 18.0796 5.5494 15.7161 13.5844 17.1291 6.1319 15.3167 13.9974 30.6847 15.1699 25.2812 11.9487 12.7011 
6.5434 14.0994 21.1347 6.9415 14.4125 15.8462 16.4085 7.2283 13.0604 13.0161 29.783 13.5055 25.4987 11.6418 9.0237 
16.3212 13.2434 29.9941 2.578 26.7679 12.2614 28.6574 7.6462 21.4932 8.7886 32.3296 17.9564 32.7625 16.5978 17.0065 
11.9753 28.8428 22.0081 18.4228 2.506 26.9545 5.7565 18.4936 26.9449 20.1993 27.9187 25.9435 26.0089 22.5224 4.0561 
20.5172 41.9138 24.4814 28.3011 9.4256 41.7653 10.9396 31.2656 34.3649 34.6489 32.9092 33.2257 29.8035 28.4622 15.1483 
16.7674 31.4878 17.8999 29.7804 8.0189 37.3919 6.0455 33.0509 26.2127 30.5699 22.3898 32.0911 28.2526 26.5522 13.0987 
8.3152 12.2803 21.4684 4.2161 21.2897 15.2797 21.057 6.7214 13.8031 12.2013 29.8491 14.4946 23.0113 15.1057 14.1985 
20.6375 9.7385 17.907 22.8362 28.5216 12.0568 33.9655 14.4933 6.8365 32.3014 28.6757 7.0841 13.1691 9.4834 26.1779 
8.7017 22.5273 18.7452 18.3597 5.8513 24.0109 7.3759 16.5998 17.0105 22.7938 23.0129 20.9219 23.0029 18.1763 2.8445 
18.1222 34.3092 29.032 19.0864 6.924 35.1199 10.6733 25.6803 33.2423 23.8111 32.3153 28.4638 28.9783 25.0689 8.1518 
4.0215 17.0735 13.9385 11.6448 11.5439 20.1313 11.1813 10.5535 15.2938 18.8661 26.1343 12.907 19.4579 13.7893 5.3902 
16.7666 30.1314 20.2749 30.7979 6.9401 31.7863 4.2356 27.8173 28.1932 30.2831 26.2965 29.8434 26.233 27.4789 11.1228 
15.4204 26.4781 11.6092 29.9356 21.4353 35.858 14.3598 28.0725 23.7418 34.0846 8.9859 19.4376 13.8276 20.3119 24.0102 
6.8257 22.2429 16.7173 13.4945 8.2891 20.7998 7.9693 16.7907 17.4714 18.8071 22.0228 15.9685 22.5603 16.7124 4.4613 
11.1371 22.1627 9.724 24.2683 12.5627 31.751 10.1143 21.3013 16.1859 35.242 12.7783 17.9482 14.8561 14.2618 14.1626 
6.7657 21.7485 6.5219 20.0773 17.0356 24.2178 12.0895 13.6143 9.9357 26.4307 15.7932 9.6913 13.4013 9.2654 12.2344 
15.1277 28.6466 9.8592 28.7229 12.9568 27.5062 10.0385 22.7804 18.7014 32.8442 14.5896 22.4141 16.415 20.5766 15.529 
16.1674 13.6701 23.9532 1.2313 24.0833 13.7608 26.474 7.4957 16.8389 9.2999 37.2764 17.8924 26.9621 18.6513 15.2971 
8.3174 20.6561 4.7851 20.2337 15.8249 21.0981 11.8853 19.4767 14.5221 30.67 14.1266 12.3692 13.0685 12.6495 16.2238 
15.053 12.6252 13.5647 20.1583 27.0988 12.2424 29.0507 13.9814 3.2742 28.5787 19.9883 4.0476 8.8921 5.3966 27.6851 
10.0529 4.9206 13.4798 13.838 22.2105 8.8237 21.1979 6.7105 5.0903 21.6855 24.8259 5.2772 14.7803 5.053 21.1603 
15.3271 19.8703 2.3328 24.8112 25.6295 26.6841 19.99 21.9558 13.2851 37.4329 7.8977 11.9776 6.7045 11.7179 19.3803 
14.4619 25.7116 15.1764 25.1683 6.4292 31.4965 2.8047 25.0793 21.2377 32.6224 22.8516 24.828 23.4773 20.8936 10.8962 
8.4008 24.6388 12.5445 20.9963 6.994 26.8987 3.399 19.5434 18.5359 26.801 21.2105 19.9292 17.9362 18.6237 9.5792 
14.1213 6.1845 24.8612 8.7505 27.9828 7.9303 24.4488 3.0821 11.4281 15.7642 30.8237 12.4896 25.6248 11.1605 17.3165 
13.6553 6.0944 19.9759 9.9656 23.2829 5.5405 25.2827 2.9454 13.4518 18.5288 31.4302 10.2616 21.7508 11.8213 19.5238 
15.4367 22.6376 2.4546 24.5999 19.7962 28.3983 18.3348 20.105 12.6145 33.8384 9.7145 12.6382 7.2775 14.1277 18.9894 
4.2689 14.2104 15.6926 10.1769 15.5907 18.046 17.5278 7.029 12.3972 16.8862 26.2644 14.2624 22.8804 9.5025 9.9753 
9.5463 22.067 4.3244 21.2193 16.3734 25.2381 11.779 20.7979 12.076 36.3453 11.1824 14.6251 11.3983 13.4522 15.2685 
14.9384 35.6974 17.1474 30.7674 7.9859 38.4469 5.9404 24.1229 27.3992 33.7214 22.6378 26.1875 22.9627 26.6508 12.3215 
15.8042 23.8344 31.843 4.8365 19.6502 22.7839 23.8025 12.2378 23.1982 4.6756 34.0534 27.2307 30.4217 23.1807 14.9252 
13.4046 25.5098 3.0452 30.8452 23.5347 25.555 20.03 22.4496 12.6329 34.3101 8.8608 13.4626 8.0872 15.4216 21.0719 
12.656 25.8235 14.2464 25.3971 9.1384 30.4768 4.8136 23.6128 24.2545 33.3327 16.0583 19.4912 18.014 20.5506 12.0679 
15.6918 4.6506 15.9191 19.8782 31.5592 8.5636 26.2734 10.668 5.3508 29.5403 23.7813 4.7517 14.5427 6.3667 20.4776 
13.9876 2.5327 17.5227 18.2235 28.7061 4.3156 29.6103 7.8266 7.2741 21.3568 25.8968 8.4865 15.1861 8.1064 24.205 
8.3841 23.5379 6.1312 22.8088 13.8128 20.8907 10.5463 18.8013 15.2563 30.5588 14.1427 13.734 14.315 12.818 11.6712 
9.2965 7.7634 15.4017 14.7616 25.3399 9.1219 20.511 5.966 4.0726 27.2707 28.0155 4.6432 13.5218 3.6149 20.1697 
15.9485 35.4328 22.5168 26.7434 5.8155 40.1863 5.4836 25.4614 27.1172 34.5232 22.4692 24.9643 29.248 23.2836 11.8237 
10.1892 15.4207 21.7516 5.3497 17.6616 12.7331 19.7615 5.8357 14.5537 13.1375 33.401 15.5376 21.8461 15.2396 12.1679 
15.1954 26.1462 14.4506 23.4533 9.902 28.1902 5.8474 23.7834 21.7336 34.7625 16.7797 24.4905 21.5946 21.2307 12.7711 
12.1621 24.1528 21.1545 14.4207 9.7957 24.4615 13.5987 19.4578 20.7519 16.2208 33.097 27.2781 27.9357 23.4904 5.0486 
8.8137 28.038 10.4403 25.9167 9.8066 26.6195 6.0837 17.7009 19.653 30.8005 19.7356 15.6544 17.665 17.7725 9.4943 
13.5575 26.8621 23.5809 16.9146 9.2226 27.7941 11.5023 23.7541 23.3376 15.6716 30.8137 28.1175 34.0452 27.8885 5.98 
15.1455 10.1807 11.4563 20.3707 28.9392 13.9767 23.6299 13.3084 3.3316 28.1498 22.3255 4.2266 8.2858 5.6363 27.5326 
20.4864 31.7651 11.4552 40.4797 23.1753 35.0744 24.8934 30.8839 23.7723 42.3213 0.3031 21.1316 11.8502 20.754 30.8515 
13.8733 1.1731 18.5885 16.2405 25.4883 3.1585 26.129 9.2189 9.2969 25.2599 33.9458 8.5495 16.459 8.7163 24.9569 
18.8502 36.0333 17.5178 27.5231 10.3177 34.2197 6.2077 29.038 24.6315 34.9296 22.4508 29.8264 24.1084 24.8253 13.313 
14.6801 23.5352 24.3876 11.8246 11.0399 28.3236 12.2481 15.6474 24.175 16.037 30.5864 22.919 31.118 24.3956 5.2653 
11.6921 24.2114 13.8729 25.9977 9.1329 27.3477 5.3692 20.799 18.8488 33.0253 18.299 18.3312 19.079 18.9037 11.5736 
13.8923 4.1988 19.5998 12.4961 27.4045 5.4812 25.8959 3.8855 9.5089 19.3296 31.5795 9.6247 16.7992 9.4549 19.974 
14.4371 28.9093 18.6349 28.4127 5.4157 31.3821 2.9647 27.7171 23.994 30.9826 23.6811 26.6351 27.4806 24.0182 11.0142 
17.7251 15.5692 11.7714 22.3301 27.2118 18.5458 26.0622 15.7556 6.0945 35.768 19.6327 5.0531 5.4031 8.0713 22.2857 
18.318 5.2649 20.1523 19.4664 30.5511 5.0281 28.8413 14.3256 10.861 24.5596 28.8466 10.9454 20.9741 13.6767 31.8201 
11.458 24.6085 5.059 25.2865 19.203 30.8589 14.8424 20.2678 14.5461 37.2916 10.0965 17.0937 12.4413 16.1945 18.5714 
7.9839 19.3568 5.054 22.3725 13.9751 21.547 12.2668 15.8955 13.2197 33.6215 15.2804 12.7617 11.4768 11.69 14.8981 
8.772 25.5803 13.5076 21.0225 5.5142 25.5523 4.0242 16.7826 21.0896 27.1807 21.4447 20.9701 22.8052 18.8455 6.6959 
14.5519 29.5638 5.4426 27.0553 20.7673 26.4589 16.0411 21.6228 15.6731 39.6484 8.762 15.067 11.2969 16.6065 19.1132 
14.8999 12.7653 24.5702 1.2837 22.4133 16.2178 21.5713 8.589 18.5858 10.2751 38.3601 18.1052 23.9464 17.9766 16.521 
16.1317 24.3126 29.2859 15.6144 10.7227 28.5875 15.5519 19.1844 23.7085 15.8257 39.2032 24.2806 33.1453 22.4017 6.3295 
16.8784 27.9686 23.8842 27.0832 2.5545 33.2638 4.4505 28.4917 24.8526 27.8288 28.6366 23.4237 25.369 27.09 9.3189 
14.5333 4.6179 18.9037 16.8862 25.793 7.2894 27.6345 6.6555 6.2459 22.9793 29.6388 6.5209 16.3445 5.666 22.3485 
12.7123 23.236 2.3693 29.7792 20.9316 28.3137 16.1731 19.8343 13.743 35.6429 9.1891 11.3452 6.6346 10.9682 21.3342 
17.1077 7.9508 14.225 23.0053 28.4294 9.3465 26.552 11.8352 5.0241 32.4231 20.8293 5.1237 12.1234 7.3329 26.8666 
20.1762 29.274 8.897 32.0351 29.6088 33.3492 25.9184 28.2748 17.7883 38.5129 0.781 18.9656 12.8105 17.4518 31.3504 
15.4565 28.7702 17.3905 27.4675 5.5544 31.7809 4.5447 29.2471 24.9168 32.5056 24.1336 27.045 23.9879 26.9485 12.131 
17.7156 3.979 23.873 16.3298 29.3973 3.3767 35.482 10.8965 12.2782 23.55 33.968 12.5765 24.1135 13.8091 27.1183 
20.7273 29.4299 11.7006 38.7941 26.9609 33.6872 24.933 32.3043 20.6679 48.7074 3.2193 17.3576 9.6808 19.8683 27.8757 
20.9493 34.9035 25.6855 22.9564 5.2456 33.8505 7.4053 31.4012 29.5823 31.8613 30.5103 28.4855 32.4787 25.8922 11.2655 
11.2085 5.3794 17.3162 13.0267 22.3981 8.6882 21.1513 5.5712 6.2318 25.1852 29.5265 5.6764 15.7231 5.0182 18.3467 
5.5993 11.1297 11.2796 11.8343 18.5174 11.3591 17.7463 6.2815 6.921 20.6133 21.6147 7.4798 14.4996 4.3566 13.3882 
14.2943 25.3958 9.9099 24.317 13.3526 28.2295 8.7647 26.859 21.1429 31.0546 14.9135 20.7677 16.7254 21.9392 16.7847 
17.2267 31.9045 15.6822 29.2506 9.0309 37.0088 6.6031 25.5437 23.3218 33.0754 17.951 28.042 26.158 27.336 12.7625 
16.4472 20.6891 7.5399 27.8683 26.2596 21.1305 24.0174 19.8157 8.3764 37.519 11.986 8.5873 0.4399 11.5213 24.5498 
14.4044 15.7713 25.7301 0.2118 24.5332 15.8311 23.7568 9.71 16.8639 8.4251 37.5507 18.013 29.8059 16.6627 13.182 
18.908 1.791 19.6544 16.9125 27.5678 2.0747 30.973 10.2351 11.1493 27.7555 34.6935 11.1466 22.2297 10.1399 28.2998 
14.8183 31.4101 10.0231 25.792 14.2829 29.2026 10.0471 26.0672 20.4439 32.6324 15.7354 19.0494 18.4329 16.6567 17.2182 
13.58 11.2463 9.967 22.8037 23.3175 15.0163 20.7012 15.6835 3.0025 32.1272 18.2908 3.641 5.6287 5.259 20.0746 
15.0358 17.7106 29.0666 2.8055 19.2487 19.3503 22.7266 10.6754 19.0918 6.9626 33.9481 22.0635 28.619 17.373 11.3049 
15.8046 29.2367 21.5727 20.9972 2.2188 32.8143 1.951 24.0545 26.4914 28.4125 23.9312 21.7853 28.6747 23.5611 7.5359 
15.1523 7.9643 16.4266 21.5974 30.5787 9.9572 32.3568 11.7699 6.8057 30.6059 23.8781 6.6547 14.4647 7.4767 26.2506 
11.6392 26.2331 10.2367 25.836 8.8927 28.6078 6.7089 19.3831 20.7366 30.3053 17.1025 18.8052 16.7389 16.6703 12.7324 
14.2388 14.722 6.0313 26.3469 21.3166 17.6891 23.7676 15.9951 7.4509 34.012 14.6747 6.1654 3.9133 7.6981 20.341 
7.9752 14.5452 6.4385 19.8302 19.4206 17.8021 19.1652 11.2376 5.7905 26.546 17.5894 5.1729 9.1092 3.8156 18.5998 
17.8789 3.3747 21.8643 13.0414 25.9302 2.6921 32.5514 7.0332 10.6183 21.0523 29.429 11.7915 23.5766 10.6839 26.3085 
11.2553 26.6345 7.6395 25.5698 14.386 29.3299 10.1617 20.8487 19.653 34.4325 12.6995 17.1738 12.4668 16.9338 18.0735 
19.2185 31.5307 15.6225 32.2698 11.4588 40.0834 8.6451 24.4694 27.6978 31.8665 16.4842 22.4822 24.9896 22.9073 16.5716 
17.0145 20.819 25.5917 5.3974 18.3861 23.795 21.9483 13.0902 21.4819 5.834 37.2077 22.5609 35.0459 21.2413 12.2247 
5.9335 19.3882 5.0894 20.8201 14.3589 21.2615 13.7295 14.9828 8.4289 31.0137 14.3454 9.1339 11.7251 7.4369 13.8762 
3.8883 19.8675 11.4771 17.6503 9.8567 24.7031 8.0332 13.387 15.1621 21.3475 22.2515 16.9003 21.1483 13.6212 8.0909 
15.487 23.6187 25.258 13.8817 13.424 31.2054 15.2009 18.3964 30.3025 12.1501 33.519 26.0142 35.6366 22.9152 9.1493 
16.8927 18.4881 33.8203 5.5734 22.049 21.2388 24.8927 12.5365 25.836 2.7245 43.1627 25.4783 29.6821 26.4988 18.3494 
16.7563 35.2306 23.5042 23.6503 4.1728 29.7984 7.9762 26.2449 31.0384 25.4137 32.0097 25.4419 35.3399 28.3623 7.3559 
3.5904 13.6022 12.1007 15.0321 17.8247 16.7021 16.9036 8.1883 8.3129 21.7114 20.4836 6.6647 14.5754 5.8061 13.9088 
13.7616 30.6388 16.7576 24.9724 7.0738 35.5329 4.1131 26.5939 21.545 32.759 18.1805 21.9384 23.4709 20.9676 10.0379 
16.1724 1.9199 21.2409 13.2568 27.0647 3.5137 28.9919 5.1736 10.2745 20.1547 34.3703 9.6565 20.6358 9.0746 24.8308 
8.2827 26.3382 9.2202 19.8252 12.2231 29.1208 9.548 18.209 13.623 30.0324 14.1471 17.1147 17.0343 14.4985 12.4801 
17.4185 33.5426 15.3936 27.0387 13.1998 34.714 7.3189 25.3573 21.6644 36.8349 18.7736 26.5981 21.4184 22.8927 16.0989 
15.4297 30.4344 19.6265 24.0385 0.7318 29.2905 2.9269 25.1187 25.6603 22.8566 27.0032 23.2267 28.9809 20.5566 6.3285 
14.5978 8.5836 16.3092 23.8178 34.6725 11.2012 30.628 12.1622 6.2856 27.0731 23.6018 6.4283 12.3664 6.5616 27.7799 
14.1862 16.5117 25.7277 2.0753 21.6736 18.7677 18.0599 8.6846 20.1027 10.3884 40.1841 17.5518 29.247 15.827 12.6638 
5.8013 11.849 10.6977 17.5205 22.6756 13.2849 20.0676 9.1701 4.4792 25.5611 19.9247 4.4211 11.2577 2.6882 17.5311 
20.0113 24.4026 33.0067 8.8563 17.8804 25.7611 20.3653 16.6097 23.0984 5.3102 40.7235 24.0921 33.909 21.5344 15.2834 
13.444 8.3795 14.7326 23.4061 30.4889 12.065 29.6584 11.7746 5.0223 32.6105 22.0988 4.6939 9.994 6.1921 22.1784 
13.2307 19.1004 28.9211 7.8502 15.066 23.2309 16.0438 12.2614 25.1645 8.193 36.3786 19.7144 34.2136 23.1943 11.4019 
6.0843 20.3962 6.4552 19.3171 14.3164 18.8429 14.6902 15.4909 10.6981 30.6808 15.6975 9.5043 9.5482 8.5519 13.7106 
15.9948 6.2364 14.5998 20.452 32.1007 9.2086 28.9737 9.9094 4.8382 30.2399 27.654 4.8412 12.1908 6.5325 24.6857 
14.3243 13.5064 22.1275 0.9259 24.6712 16.6798 21.7261 7.8094 20.9354 9.9033 36.5488 19.1129 26.3606 17.8136 14.2674 
19.2213 25.2488 30.2999 10.0482 19.2359 25.3197 17.5008 17.7094 28.9489 8.1115 36.2686 28.3112 32.3696 25.9441 13.1062 
14.3102 23.8555 3.0379 30.5708 22.8208 23.9614 21.813 24.3381 10.9711 34.6211 8.013 11.0029 6.0427 12.3942 25.852 
10.2688 22.215 23.0337 11.9337 8.9854 21.1343 10.2365 13.5874 23.4617 13.4001 27.6701 18.2178 23.3429 19.7106 3.8602 
13.0611 11.2089 20.9489 4.2841 21.2566 10.74 22.9285 4.6344 15.7223 12.8078 35.5291 14.5906 21.66 13.9542 16.7634 
16.8854 25.5593 28.4637 9.1095 17.5302 27.1462 24.8556 16.1716 27.847 6.1207 39.7804 30.376 37.7105 28.9709 13.4411 
9.8354 14.1508 7.0097 21.0977 18.7736 15.0676 19.9574 15.185 4.6881 32.0588 16.6466 4.3003 7.4429 4.6797 19.2664 
2.7943 14.55 9.7582 17.6642 15.2011 15.1793 15.0342 9.494 8.4974 25.8795 21.6196 8.2989 11.988 6.9268 13.4771 
7.126 9.8799 11.3967 13.5459 18.0904 14.0158 20.1274 8.3486 5.7315 23.4456 25.7902 5.6849 12.1724 2.9672 15.4573 
14.2279 25.3894 12.0873 24.5949 11.8468 31.9644 7.1786 22.2226 19.7244 30.8159 15.1924 18.6102 18.325 17.3704 12.2856 
11.3808 23.9714 13.7115 22.6488 7.8484 26.3762 4.8127 21.3312 19.8836 25.8406 18.3514 18.3269 16.9651 19.2719 12.26 
6.0006 22.8518 16.7179 15.3618 8.7378 26.012 8.3871 13.9421 16.7958 20.6999 27.3989 15.5619 22.3523 14.1999 4.0243 
12.4387 17.5944 2.2974 26.088 23.6258 24.6148 20.8662 20.112 10.6306 32.4634 11.3238 10.5688 5.0667 9.7683 23.0403 
13.9188 15.9091 6.9847 26.1525 22.905 20.065 24.637 17.5611 5.0351 30.0828 17.1674 4.6282 5.3199 5.7158 24.5417 
13.7472 14.1062 21.9131 1.0735 22.8634 17.762 23.2613 9.0534 16.2808 8.4894 39.1113 17.8858 26.7346 16.0558 14.9823 
15.0966 27.5319 14.9279 26.3174 7.547 32.0109 4.844 22.8576 24.5029 34.9729 19.4518 21.3802 20.2087 19.7633 10.4248 
13.6501 28.3302 12.5623 25.012 9.9442 34.3936 4.8045 23.7667 19.5676 34.4007 16.607 24.0478 22.3429 19.3181 12.9977 
24.1814 40.1907 30.8381 31.525 8.978 34.9495 9.7732 29.4413 37.2716 33.3849 29.3402 37.4273 34.2942 33.6812 15.4867 
10.3234 21.434 1.188 23.0156 18.6351 21.735 16.8421 19.1803 9.9891 32.6449 11.849 8.5157 7.0949 9.1388 20.9846 
17.9903 1.4492 25.1295 13.9291 33.4115 0.9126 27.5227 7.9172 11.7671 26.2149 32.6681 10.7092 21.2298 10.6845 24.2495 
12.9075 13.6595 9.5824 23.2485 27.3668 15.1858 20.8163 16.414 3.9059 31.2657 16.7606 3.6197 5.5337 4.3287 23.8118 
15.5925 3.6196 18.2239 19.8176 32.3053 5.1233 29.6891 10.9849 6.7631 26.7619 27.3053 6.808 14.8694 9.3279 24.2333 
14.1235 6.1892 21.3398 10.1938 28.2911 5.6875 28.3519 4.4795 12.5532 16.5305 35.103 12.6291 21.8646 11.2623 22.1851 
14.8707 16.1646 10.5662 25.0543 30.3162 17.4646 27.3117 17.2058 6.9791 32.0992 19.1647 6.4244 5.2242 6.7057 27.0931 
16.2273 6.5065 22.348 9.5055 26.7484 6.7742 28.8525 4.5424 14.1315 18.2715 34.3153 13.5177 23.7913 14.1236 18.3161 
14.6571 25.7158 11.3987 27.1152 12.5625 33.0379 9.7334 24.9053 20.2083 35.6944 15.8815 18.5991 15.7439 15.9716 16.991 
13.4328 16.2737 9.0919 26.5711 29.8563 15.8317 22.7562 15.7891 5.5057 35.2263 15.9147 5.7615 4.4167 7.1176 24.4546 
4.6392 11.6813 12.4056 12.9794 18.5031 16.3143 16.6568 7.1011 6.0908 22.4854 19.8088 7.4856 12.5733 4.3787 15.0178 
8.8247 22.7043 14.9789 17.8256 6.8242 27.9399 4.6913 15.8702 21.0622 26.834 21.4131 19.4689 19.744 18.1698 5.0088 
14.7261 29.6253 18.8273 24.9245 4.4668 32.7026 3.8079 23.9791 30.3331 32.682 26.8746 24.522 30.8731 21.8663 9.0465 
6.8827 16.2288 16.464 8.6352 15.0715 17.7135 13.1715 8.5277 16.2532 15.5489 30.2675 16.1034 24.7573 13.3778 9.1357 
15.132 27.3764 16.8118 25.9528 2.8476 34.0279 2.123 27.01 24.7715 28.4947 26.2089 24.0648 27.8407 20.2815 9.0049 
6.903 20.0989 5.0448 19.3121 13.9799 25.0522 12.5354 17.881 11.3798 28.6204 17.2967 10.6048 12.7645 10.9722 12.7579 
6.7567 12.1848 10.5946 18.9811 22.8025 12.8521 21.1602 11.397 4.8205 27.0335 22.7978 4.41 10.8356 2.2327 19.1708 
15.9628 22.3461 26.4382 9.837 18.1976 23.0364 22.8765 18.6735 26.026 5.5226 41.3667 27.7857 36.7923 26.3164 14.5326 
24.6627 24.5856 37.8372 9.3108 23.8575 25.837 27.4538 20.5073 26.5185 2.5194 45.9315 25.6262 32.5411 31.062 15.7055 
15.8801 10.7472 14.92 23.7015 27.9794 12.0367 31.9627 12.43 4.7828 33.2305 23.2312 5.6788 12.2381 6.4618 24.4042 
13.7832 14.7939 7.491 25.5761 28.0057 16.6189 19.1334 14.0734 4.4295 33.7829 16.2663 5.5488 4.8438 5.5134 24.7593 
15.1688 2.2088 20.2207 12.9306 31.3308 1.9153 30.6627 8.1744 11.8205 23.8276 32.381 11.315 18.5764 12.3699 26.7614 
23.2074 26.0729 32.9655 10.5885 25.0493 25.6241 28.2863 19.6 28.2376 0.6582 48.3838 26.0061 33.8242 25.4215 22.1277 
12.0058 23.5296 20.6967 9.8615 14.0633 24.4294 16.2331 16.3896 22.4446 12.5957 31.2748 23.8106 30.8894 18.0646 6.3671 
16.2412 30.7689 8.249 29.8985 19.6895 32.5919 15.5558 23.8944 20.7612 32.7743 6.9866 21.711 15.3803 18.9939 18.7423 
16.7728 31.1105 10.0252 28.0901 16.3812 33.138 14.609 26.7942 20.1661 39.7125 9.1231 18.2095 18.0343 19.0849 18.2086 
15.6459 29.0955 24.7689 21.6514 4.5225 29.6337 8.2014 21.0952 24.9198 19.8195 28.324 24.1124 31.4766 22.2682 5.834 
7.179 14.6364 20.3478 6.3819 18.1531 15.2262 19.3295 6.6082 13.6562 12.6148 26.3594 15.9817 19.9811 14.1395 12.6439 
6.3738 17.5145 21.3807 6.8635 17.6218 15.8891 17.5042 8.2 13.3711 16.1065 27.1991 15.3126 21.4945 11.9949 11.0098 
18.106 14.5029 27.7069 2.7896 21.4501 13.6628 25.819 9.2091 18.0152 9.3101 42.4615 18.4285 30.8669 15.9923 20.0399 
12.7901 30.9304 20.1 17.0731 2.6267 27.6505 6.706 24.1378 21.3576 21.8351 27.7218 21.3677 28.088 24.0294 4.6274 
24.9889 35.7305 25.8118 28.4151 10.8222 39.3264 10.137 36.1098 29.4734 33.2901 29.3077 29.2807 35.3143 31.7659 17.9234 
20.5601 38.9848 19.5823 28.9088 8.4813 40.3934 7.1619 28.8465 27.4494 36.0091 20.0902 24.578 23.4997 28.6694 16.9506 
8.7684 14.3467 23.4059 4.3962 20.1448 14.6952 19.6235 5.6787 13.5105 12.0443 35.7287 16.6904 23.4479 15.1915 12.1359 
19.3263 10.0364 18.1558 22.5153 28.5677 10.329 31.314 13.3886 6.8894 32.4574 25.4759 7.2636 11.1834 8.6844 28.4282 
8.9198 25.834 18.2055 16.8623 5.7631 23.1743 5.687 16.241 20.1839 23.0785 25.365 20.9109 26.1187 18.7331 2.8385 
15.6913 32.2136 23.6903 18.3918 8.0403 29.4545 9.5899 24.4719 28.024 21.2718 35.6626 33.3635 32.5445 24.7392 7.0749 
3.6126 16.3831 13.0858 12.8134 11.3922 23.4668 11.4767 11.799 14.0604 18.7696 25.9512 15.6672 21.4118 13.1217 7.0405 
17.0464 30.4397 21.7763 30.0338 6.8959 32.4179 4.4963 27.1449 28.4259 33.4987 26.1251 27.1437 23.7287 27.4133 12.2829 
15.6407 29.1136 9.5551 32.0654 16.477 31.3805 15.7255 30.8994 23.3422 43.0953 8.5941 23.5701 17.6635 23.1693 22.6518 
6.3057 24.642 14.3598 16.0303 7.7969 20.4388 9.1097 16.2394 18.5181 19.7212 22.6272 18.5105 21.6298 15.8342 3.9792 
9.8878 25.2452 8.9639 25.2443 12.0541 25.27 9.5895 22.1229 18.8168 32.1834 16.0082 17.7952 13.9197 14.8701 14.5469 
6.4244 21.3352 6.004 18.0772 16.2266 24.6487 11.7018 17.729 12.7381 30.1443 14.5459 12.3458 11.2622 8.892 14.5177 
12.6858 31.6463 11.4234 26.1132 14.6146 35.682 8.7413 27.4731 21.2974 36.7441 12.2673 19.0752 16.7168 21.3338 15.1358 
14.6034 15.9122 26.8223 1.3939 22.5849 12.7418 20.6318 7.9648 18.2496 8.7603 38.07 16.3175 28.0872 17.7075 17.4857 
8.6636 20.2248 5.534 19.9333 13.1677 23.2578 13.4316 19.2532 12.3502 34.481 14.8339 11.6076 11.744 10.5087 13.5606 
14.3834 11.4746 10.7576 22.6563 31.6554 13.4779 23.2865 12.4755 3.7544 35.7639 21.8596 3.7404 8.5469 6.3259 24.2723 
11.6 6.2038 13.5422 16.5261 22.1461 8.1958 24.6559 6.9 5.4937 20.9011 27.0787 5.34 15.8419 4.2072 17.8754 
15.0 19.8958 2.4982 26.3994 24.8698 25.8912 18.1482 23.965 12.3786 36.7239 9.0842 11.3457 6.4999 11.4128 19.3297 
14.1986 31.8005 13.7971 25.9998 7.1461 29.2004 2.8442 22.8409 21.8404 31.7965 18.0142 22.4942 22.4532 22.3818 9.3426 
9.1398 28.447 15.4076 22.2053 5.837 25.4594 4.048 17.6039 17.0866 26.2235 17.9795 21.1123 21.1925 19.5868 9.4303 
12.9125 6.4342 18.8975 9.1454 28.7494 7.5925 26.0957 2.6665 14.1372 15.3955 35.8628 14.6554 20.8351 11.4884 18.7873 
13.3376 5.0117 20.3682 10.3525 23.5438 6.4728 26.1624 3.4456 12.3297 15.6887 30.4859 13.2252 19.0039 12.3627 20.5143 
14.3642 24.1602 2.6048 29.9722 24.5704 27.0477 16.9678 24.0196 11.3118 38.5328 9.1927 13.8253 5.698 13.9945 19.8879 
4.6648 15.8931 17.7644 9.13 16.5739 15.4812 14.0678 6.5473 11.5288 16.8715 26.3727 11.4933 22.8282 11.7304 10.7012 
8.9075 23.0515 4.5398 22.8137 16.0743 23.42 12.8218 17.2966 15.0639 33.3636 11.5212 14.5244 11.9453 12.6528 17.0477 
17.7733 36.7341 15.4634 29.3921 7.9704 32.3524 6.5882 30.1595 22.5894 37.0155 20.0743 26.2024 24.3004 26.8602 14.9543 
16.5944 22.2164 30.4704 5.7953 19.1421 17.9687 25.8611 14.556 24.0186 4.6518 38.9117 21.5344 37.0307 22.7726 14.5194 
12.7502 22.4714 2.528 27.9667 19.713 25.0927 16.9908 21.3148 13.4576 40.8046 6.8987 11.81 6.8488 12.8996 24.8109 
15.4453 32.2166 13.0031 24.824 9.5615 35.9608 5.4071 22.7666 22.5567 33.4673 18.8111 23.7598 23.7092 20.0696 12.8948 
12.932 5.7657 15.4807 17.4238 27.1465 8.2307 28.0711 9.2358 4.8146 27.4435 26.4295 5.6877 12.2321 5.5122 20.6887 
15.3177 2.4905 20.4344 17.1288 24.5667 5.6381 25.27 7.7515 6.7246 22.3941 27.9295 7.8148 18.0667 7.0578 22.0952 
8.7768 24.1595 6.1747 22.3781 12.4146 21.1818 11.8416 15.6315 12.4817 25.6674 15.9896 12.0791 14.4087 11.8941 14.0927 
9.3357 7.1861 12.5554 14.4186 20.9294 8.7193 24.8621 6.1582 3.912 23.7704 22.1227 4.7578 14.8958 3.9516 20.9538 
20.0806 36.304 24.8168 23.4541 6.703 39.6959 5.2325 25.3733 28.2406 28.784 27.7949 30.1509 28.1546 24.1179 12.733 
9.9672 13.3114 18.469 4.9754 17.0629 14.013 19.0357 5.4545 15.5841 13.6128 28.9804 14.179 26.7368 13.8267 12.9675 
14.995 32.6088 15.453 26.5593 7.8998 28.4351 5.2931 22.2543 19.0437 35.6242 20.0542 21.1217 19.8149 20.4476 13.158 
11.9085 25.8291 24.3601 14.2414 9.9422 24.4084 11.4133 18.4803 23.0599 16.8616 30.8309 20.717 27.3553 24.8425 4.4716 
9.7273 23.5563 12.4624 20.334 9.1601 31.2635 6.3756 20.175 17.2061 27.486 19.0741 19.6068 16.6326 18.4322 12.5949 
17.5072 25.1863 26.8413 15.1227 7.5702 27.9222 12.7284 18.488 22.9954 19.2665 37.1933 29.6957 32.5351 22.6788 5.0803 
16.4173 12.0148 13.6383 23.385 32.4896 14.2772 22.7263 14.7093 4.3678 29.3111 19.9299 4.3081 8.433 5.0483 23.8296 
19.3591 30.7259 9.8678 32.478 27.6488 32.7634 23.4318 28.3904 21.0872 49.0221 0.3338 18.6571 13.1231 20.0371 28.838 
14.3415 1.182 20.0566 16.3324 27.142 3.1233 31.4251 7.519 9.8743 22.8868 30.8668 9.9478 18.1526 7.9939 26.4315 
16.7546 35.0866 16.7701 31.8376 9.9317 37.4915 6.9391 27.9932 29.5256 34.261 18.2894 25.9383 26.6828 24.753 14.1361 
12.7703 24.0845 22.1534 10.9722 9.1589 29.4441 12.798 14.8128 22.3383 12.4495 34.4682 21.722 33.5915 22.359 4.8263 
11.4465 28.2882 12.272 26.6748 9.229 32.7434 6.2704 24.6793 18.2504 32.8713 19.0821 17.6487 20.3416 17.2619 13.0471 
12.8784 3.8133 16.9607 11.8956 29.6403 5.963 22.3868 4.5054 10.334 19.1162 27.4467 8.3544 17.9326 8.431 22.8418 
14.3529 33.1532 16.0009 28.8869 4.8173 34.5868 2.5561 26.6863 23.5107 28.3594 22.7937 25.5674 27.8544 23.2771 10.7672 
17.8419 15.6095 10.4725 22.9639 26.7067 14.9595 26.0548 17.5963 6.0088 37.4119 17.8662 5.9945 5.8648 6.7992 25.4525 
19.1983 5.1503 25.0965 21.4021 36.7452 4.2595 29.5791 10.9399 12.5718 28.2871 32.0948 13.1235 20.4735 13.0105 31.4789 
13.4126 23.3824 5.3694 26.7337 17.6933 25.2446 12.6009 25.0763 18.2713 38.3531 9.4423 16.9607 10.7309 13.777 18.8857 
8.8018 22.4728 5.1215 21.6955 16.699 24.7771 13.5267 18.2347 12.5735 31.5451 14.2202 13.989 13.1278 10.1116 13.6545 
9.1974 23.0109 15.0165 21.1814 6.7463 24.8325 4.3955 19.475 17.4489 23.1558 22.4393 20.0125 23.4068 15.5618 5.3723 
14.2982 27.1008 5.1997 28.1163 20.2076 26.5816 15.6828 24.7031 15.7968 33.9047 9.6348 15.4552 12.8848 18.1498 21.0439 
13.2294 13.869 26.5989 1.2847 21.5865 16.0346 22.3829 8.0496 21.189 9.7287 37.2416 18.4874 30.4678 19.5312 15.1881 
13.8001 29.47 23.3935 14.9836 10.6385 25.42 16.3928 18.9681 23.949 12.5728 30.9253 25.1098 35.4496 23.2376 8.1959 
14.3434 36.0242 23.0584 25.5522 2.1789 31.8944 4.7234 23.0819 26.8525 23.7582 30.7911 28.9246 32.0682 22.5195 8.9626 
12.0824 3.9838 19.3291 18.0619 27.7658 6.4131 28.0568 7.9139 5.5455 21.9799 27.3019 5.7734 16.6764 6.3241 23.4905 
14.2695 21.6986 2.3922 30.1584 22.0247 27.9829 20.6603 19.4868 14.5777 40.5224 9.2437 13.0557 6.9017 12.1165 24.6848 
13.436 7.985 16.4653 21.9886 28.2014 10.2321 26.6792 11.5473 5.2874 27.0804 24.9841 5.4126 12.4024 7.3647 24.6588 
24.1122 31.3286 9.9674 31.2753 25.2384 29.6427 22.8517 33.1532 19.4454 40.4764 0.7708 18.28 12.0998 22.9146 24.2213 
18.5631 32.8158 20.8619 28.6717 5.6887 37.1226 4.4386 23.6806 26.9191 27.7825 24.2477 24.5159 24.4796 21.1693 11.8363 
22.8994 3.6875 26.7994 20.6597 31.435 3.0499 28.6962 10.987 11.395 30.2807 32.9891 10.8914 20.8247 12.855 27.0447 
25.382 26.7653 11.5919 31.934 31.3662 35.0819 22.2375 32.2874 22.2202 46.6179 3.3559 20.4374 9.4736 22.8654 31.5517 
16.9467 33.7067 25.7132 23.5218 4.3376 36.3291 6.7183 25.9278 29.9774 25.1383 33.2878 31.6319 27.9949 23.7226 9.6575 
10.2131 6.3126 15.9121 14.3112 27.519 9.2114 22.0973 5.2125 5.6508 25.2889 29.4517 6.4266 15.4624 4.4841 20.1626 
4.8543 10.9262 12.3533 14.3517 17.0191 13.1541 18.4063 6.3733 6.4854 20.777 24.186 7.4196 12.9832 4.3941 14.9138 
14.1177 27.5072 11.1207 23.9936 12.3486 33.2583 9.5413 27.6825 19.9917 32.1127 15.3142 18.6062 17.3869 20.4323 14.2997 
17.3427 36.2795 15.5869 25.9298 7.755 34.4075 5.3185 30.0934 22.0874 29.1764 20.9008 27.5164 24.9515 25.8239 13.3936 
15.9701 19.744 7.5101 28.3598 29.0483 22.3968 24.5638 17.6674 10.14 35.9431 12.5571 8.4912 0.4562 10.2471 25.6524 
13.6044 15.7176 27.4689 0.2048 19.1924 17.5781 23.3534 8.0966 18.8015 9.2591 37.7064 19.1242 26.532 20.4087 14.2521 
20.2812 1.6287 24.3724 19.2218 29.0316 2.0195 29.8738 10.133 10.0116 26.0929 30.872 11.2441 20.34 12.306 28.0506 
13.2976 27.303 9.1614 25.7613 12.3852 33.8524 9.4381 20.939 21.7511 33.3493 12.0577 20.9639 15.3591 19.4819 13.6128 
14.3568 12.3489 9.393 21.6798 25.149 15.9517 21.6485 12.8691 3.1047 33.2788 19.0069 3.5829 6.0182 4.428 24.6282 
14.7918 19.3421 25.92 2.8516 20.7826 16.0631 21.2757 11.3137 19.0024 7.8556 32.8169 23.6151 28.1834 17.7629 14.5349 
12.8767 31.6984 17.3369 23.4087 2.5183 33.1277 1.6303 25.0438 24.1101 28.2187 27.2967 21.4459 27.3018 22.5641 8.3753 
18.273 7.8392 16.8474 24.4555 29.4751 10.3115 29.1742 11.8753 7.3083 29.9184 26.0767 5.9146 13.682 7.9935 23.6232 
9.3479 23.9578 9.8059 25.068 11.149 30.0102 6.8314 18.8962 20.6942 25.8625 15.8872 15.9865 16.4744 15.5693 10.4548 
11.8412 16.9434 6.0831 25.5837 27.2002 17.8498 24.1739 15.1235 7.6156 36.9271 14.2247 6.0016 4.0425 7.0361 23.9036 
7.0114 12.9295 7.4375 20.0946 19.8624 15.9943 19.6758 11.8536 6.2247 28.1075 17.4539 5.3037 9.0589 4.7701 17.8566 
14.8595 3.3452 25.1893 11.6999 24.8804 2.6731 25.9139 5.6746 13.21 20.6523 37.1839 12.1115 21.8309 11.1747 22.9416 
12.4574 25.9982 7.7832 27.1987 15.8315 27.4616 10.2677 21.7387 18.0585 32.6739 10.7042 17.3903 14.461 15.2469 18.6992 
17.4843 36.6707 15.3962 28.4332 11.4716 36.4487 8.1245 25.1627 25.863 31.5355 17.7608 23.1052 20.4503 22.3032 14.9062 
14.2866 23.0048 27.3368 4.8594 21.4401 20.2714 19.2975 13.4871 22.7137 5.7541 41.9263 23.8532 34.1393 24.9883 12.1419 
5.7204 18.1573 6.0562 19.8191 18.9365 22.0648 14.8629 14.5575 8.3928 29.1448 15.6985 9.2997 11.9675 7.4728 14.8177 
3.4544 19.8906 11.3225 16.679 9.8683 23.8942 7.8384 14.8545 16.1972 21.1408 19.1549 16.8834 18.5213 12.1446 6.9463 
18.4982 30.0545 25.6036 14.421 13.932 30.777 14.7225 18.0898 23.658 13.5601 41.3539 27.8444 35.9601 21.576 8.0953 
19.9249 18.6006 31.2929 6.3148 25.2627 21.8863 25.3827 16.0796 26.9853 2.7254 47.3417 25.8371 34.3575 23.9994 15.1252 
15.9766 33.2052 26.6044 24.3233 4.2419 37.1507 8.5459 21.5387 24.9724 24.7785 31.2974 27.77 35.0911 22.4955 6.3366 
4.2278 11.6002 10.2173 15.6052 18.0222 14.4194 15.2635 9.3295 7.5816 25.8456 21.8338 8.5421 15.0991 5.4163 14.7715 
11.5632 33.1506 14.1436 27.0012 7.3622 33.657 4.1489 22.7165 19.9448 33.726 21.3448 23.6595 22.8536 19.8966 12.4728 
12.7537 2.3668 18.9976 14.4051 24.7269 3.3181 26.5268 6.3335 9.3142 19.2996 32.8537 8.8647 20.1562 8.4304 19.9388 
7.4433 21.739 8.6129 19.3622 11.7825 29.4005 8.3872 21.4856 13.8017 28.3505 17.693 16.4945 16.7274 13.0304 11.0261 
17.1565 34.2778 16.6419 29.9072 12.8327 36.4227 8.3452 28.0005 20.9069 32.2702 15.5783 26.1237 22.4997 20.857 14.3121 
15.5925 25.6944 19.0349 19.298 0.8094 31.509 2.8383 21.969 26.4842 27.2619 26.5066 21.2882 30.361 24.7683 6.477 
16.7472 6.9025 14.7164 22.8868 26.5762 8.7325 24.8206 13.7525 5.6978 33.4988 25.5049 5.8296 11.9081 8.0895 26.1716 
14.3047 16.7589 24.0747 2.0871 21.5061 17.6274 18.3988 9.1061 21.6964 10.1702 32.7616 18.2707 26.2761 15.1314 13.3106 
6.3789 11.1189 10.273 15.3854 21.4569 14.5766 18.9563 9.1276 5.5016 22.9367 21.5233 4.2549 11.7509 3.132 14.6209 
16.4697 25.9175 27.5825 8.4962 19.3634 27.2355 21.5211 16.8099 23.4228 5.2397 36.4417 25.0315 37.3078 25.7269 13.8586 
16.3325 7.3062 12.9361 22.6481 25.6833 10.1878 25.0565 13.1145 4.6762 33.5605 21.0248 5.3265 12.3713 7.1754 26.9089 
15.9805 21.4116 23.463 7.0461 16.8973 21.9403 15.5121 15.0641 21.1017 8.9922 32.9855 23.0372 27.9606 21.7607 10.1134 
6.6394 16.9822 6.2772 18.6129 16.5428 19.9311 13.4026 15.7495 10.5725 27.5316 17.7574 10.6287 9.9875 8.5261 15.8519 
16.6248 5.8118 16.3661 19.3495 25.9573 9.4061 26.7437 9.3933 5.3079 30.0073 22.2186 4.5176 12.2215 6.9243 22.2719 
14.5469 13.5274 25.8602 0.9086 25.0835 12.851 24.603 7.584 21.2288 8.4234 41.151 17.4906 27.1806 15.6665 14.2083 
19.9763 25.2937 33.2247 10.8587 18.6639 30.1801 19.3825 16.7821 29.4898 7.8646 35.6662 26.3283 32.7774 24.2086 12.1378 
13.5302 20.9665 3.6458 27.8944 24.0198 24.4632 18.3169 20.8523 12.4023 40.6633 8.0921 12.6224 5.244 13.4513 25.9979 
10.545 19.5322 19.5229 12.8014 8.6804 26.2773 11.2155 16.6938 21.2682 15.2435 27.7662 19.6797 24.8455 20.0099 3.6439 
10.3126 12.6222 18.9232 4.7299 23.791 12.2027 21.5726 4.418 15.8489 12.4288 28.3165 16.1446 26.014 14.6977 14.6478 
17.0016 25.7302 30.7999 9.0492 16.9185 26.1502 20.0465 16.3306 30.1456 5.9892 44.6428 28.7013 33.7356 27.5571 14.2772 
8.6272 14.3467 6.117 21.2037 22.0554 16.3484 18.9472 13.8496 4.3347 26.3487 18.6632 4.9299 7.15 4.0794 16.6759 
2.9498 16.2529 9.7609 15.486 16.028 15.4351 14.2474 10.1307 8.6262 23.7188 21.4588 7.7576 14.9515 6.9119 11.9952 
7.519 11.7277 12.1732 14.8163 18.6813 11.6672 18.6897 7.3788 5.6423 26.7901 24.2025 5.0519 12.4131 2.8631 17.8738 
10.9188 26.9622 10.8302 28.1789 9.8338 26.4301 7.2717 23.0328 17.5328 29.2687 14.1272 19.2564 20.0785 20.1103 14.7521 
11.5902 30.0837 13.9147 23.5058 8.2272 29.7262 5.3816 20.7792 19.9117 31.7509 17.4677 19.1972 21.1236 15.9961 9.5931 
5.5076 20.9774 18.2035 14.9195 7.783 23.9345 9.5252 14.4287 16.7017 22.4787 23.0624 18.0263 21.3002 15.8857 4.3865 
14.3808 20.7188 2.5284 28.417 24.2066 23.3816 19.427 20.4614 10.9479 29.5485 11.8262 8.2756 5.1774 9.6493 23.7332 
14.0259 17.0621 6.1937 22.2373 25.0563 18.8955 22.3416 17.2773 5.7589 30.977 16.9972 5.0467 4.6095 5.3142 21.9563 
12.5066 17.7133 25.6274 1.0218 17.8893 15.6448 22.4135 7.7446 19.699 10.6273 31.4521 21.289 26.2394 15.1356 13.1739 
15.6393 27.6084 13.3783 27.4842 8.4059 35.2675 4.5762 25.9874 24.2145 26.7159 16.6761 19.2986 21.344 20.4261 10.9825 
14.8882 25.6788 15.59 22.8441 9.8652 34.5294 5.0396 26.5863 19.3724 35.5768 19.4741 25.1109 23.3024 18.6372 10.777 
22.0002 38.2983 24.7448 31.7908 9.5123 44.2663 10.0388 35.4495 36.548 33.1377 34.8893 35.3506 36.0663 35.6895 13.6763 
10.4026 17.2021 1.5277 20.8544 18.3415 21.18 17.1989 15.4068 10.9544 30.6857 11.9283 10.6474 6.6279 9.717 17.4297 
16.4632 1.3351 19.5066 16.42 30.7484 0.9422 29.8298 8.0889 10.3667 22.7205 35.4934 10.6396 23.6307 12.9752 23.6718 
11.3439 14.921 10.2746 25.9362 24.5286 14.8983 21.68 13.2081 3.8268 29.2964 17.5629 3.9948 5.9191 4.9804 21.045 
16.5081 3.6486 20.5012 19.9272 29.6773 4.7957 25.5486 8.6895 7.161 25.8823 32.3393 7.664 18.1208 9.4872 26.4721 
16.4961 6.2142 21.018 10.6093 29.2662 6.5942 28.6805 4.2609 14.4186 20.0036 33.9095 12.9802 21.1111 13.7326 19.7515 
16.9026 16.5057 10.1234 21.9334 31.9266 16.0458 29.099 15.2929 5.4504 33.5063 16.5599 6.5155 5.6326 7.1806 25.4756 
14.1896 7.1866 26.6499 9.9651 30.0204 6.6978 27.3078 5.6304 16.0201 15.7457 38.3617 15.3784 26.7409 13.5613 23.5682 
12.4393 27.335 8.8963 25.8229 13.0901 32.7187 10.4382 20.8436 21.6605 35.1734 12.5729 20.0037 15.546 18.4356 16.9172 
15.9358 15.3701 8.5517 21.4994 24.4569 19.3619 24.9146 16.7655 5.1166 34.6867 16.1822 4.8968 5.1474 5.9851 23.2567 
4.159 13.364 11.6014 15.4646 16.7832 13.0276 15.6346 7.3086 6.2007 25.2108 22.3603 5.873 12.0376 5.0118 16.7666 
8.7193 22.8784 16.2994 17.0093 6.5326 24.2131 4.2973 18.8797 20.9336 24.6851 23.4506 16.4101 22.9766 16.7711 6.506 
16.8003 30.578 19.1167 25.6329 3.6716 33.8375 3.8915 25.1968 23.8082 28.6061 22.6549 27.0463 27.6503 26.9943 10.5024 
5.6848 14.9212 16.0593 9.7907 13.7274 19.8181 14.6673 8.6403 15.5796 16.2342 31.4672 14.5503 23.6845 13.6999 8.4871 
13.646 33.5547 20.6636 25.2145 2.8088 31.5608 2.0511 21.3262 21.8098 23.62 21.556 27.6066 29.4917 23.5048 7.4895 
6.6278 19.4658 5.1176 19.977 13.4162 21.9326 10.9797 14.2596 10.9037 30.1881 16.3456 12.0095 13.3183 11.0511 15.9565 
6.1533 11.3594 8.8594 14.9197 23.2137 16.04 21.2618 9.5383 4.0827 28.4 18.9554 4.3626 12.1506 2.3783 19.3369 
16.3373 23.9493 29.2771 8.1141 17.6204 23.6188 19.8605 16.3442 27.5547 5.2633 37.7153 29.0306 36.1796 21.9196 12.6575 
23.0577 23.4079 32.6284 11.783 22.1958 28.9071 24.0529 21.4046 27.0715 2.8988 40.5762 29.5888 36.4858 30.3887 17.2418 
17.3862 10.5386 15.0213 21.7726 29.142 13.3946 30.0432 11.9711 5.3711 32.2339 25.0304 5.8802 10.0313 7.2001 25.7864 
14.1613 14.9127 8.1031 23.1576 26.0645 17.9828 22.8759 15.3108 5.2809 32.118 14.3469 4.2472 5.2379 5.3704 24.5039 
14.1478 1.7568 20.5767 13.3265 32.6479 1.9578 30.2291 6.9905 10.0357 21.2846 30.0899 12.8016 24.0031 11.386 25.9218 
24.9165 25.2336 31.413 8.6954 26.5833 25.3748 25.1966 18.1033 29.4472 0.6803 45.311 32.1054 36.4954 26.1037 18.1489 
12.2325 24.8099 21.4845 8.6747 12.4023 23.8669 15.8209 12.4628 19.9146 12.3975 35.2093 22.2384 27.366 21.7061 7.1986 
15.247 25.912 7.9641 30.8904 18.2027 27.918 15.2772 27.327 20.8941 35.6115 8.1623 18.7229 12.035 18.9672 23.5526 
19.4389 31.8421 9.2558 33.344 18.014 32.4613 14.4645 29.4557 19.4194 38.8635 8.9066 20.8434 14.1604 20.0014 22.872 
15.4655 33.5474 23.7058 21.127 4.3724 29.1076 8.3081 20.9808 26.5881 19.8812 32.6666 24.5472 25.7932 24.4035 5.0926 
6.6016 13.3485 18.0084 6.0927 16.9615 14.6673 18.0472 6.02 14.5846 12.7025 32.1377 14.5229 24.3636 13.9958 11.6872 
7.422 13.8378 18.4997 7.8277 14.309 18.276 18.4282 7.0217 13.3883 15.6936 31.4804 16.6505 22.8445 14.4706 9.0154 
14.7312 13.0937 26.0645 2.7306 21.4845 15.1537 28.6215 7.6512 21.4095 8.1355 35.6389 17.1752 25.768 16.0132 16.4882 
13.9286 27.2363 24.266 19.8977 2.956 31.0789 6.6516 19.1227 25.7786 23.4137 31.9047 26.2444 27.0444 25.3433 4.4035 
24.5583 42.2056 28.1014 29.81 10.6388 37.8256 11.7421 29.8049 33.848 30.5726 32.3698 32.565 37.6024 29.1339 13.9872 
20.7671 33.1482 20.2761 26.3869 9.1385 41.0321 7.7753 29.2386 29.9872 34.2833 21.7514 25.9185 28.7426 26.2866 16.1215 
9.6016 14.2797 21.6956 4.9167 16.3959 14.9415 21.046 6.5057 16.5454 12.9933 31.6436 16.642 23.216 15.531 13.1797 
19.2844 9.1005 16.1217 24.7548 32.0776 10.7042 31.8529 16.5717 7.494 34.5497 26.2956 6.4319 12.5877 9.1338 28.5254 
7.7767 22.6889 15.0691 14.8917 6.2041 28.5477 5.7038 16.6848 17.4701 23.4602 21.9458 19.0902 21.8238 15.9689 3.1575 
19.5516 32.2136 25.597 22.0785 7.9425 33.6361 11.5406 27.8215 33.2927 23.9717 34.1836 25.6267 37.6174 29.128 8.7439 
4.276 20.8132 15.691 14.8566 10.2313 18.0696 10.7963 11.5388 13.2381 21.8856 23.4934 14.6741 23.0083 11.2232 5.6557 
15.3927 35.863 22.7407 28.8954 6.7191 38.4288 4.3267 24.088 24.8959 27.5782 24.0674 23.4589 23.7676 25.7738 12.3253 
16.3531 27.1873 8.9615 31.5375 19.8493 36.0469 15.0492 28.4023 20.0301 34.8522 8.5941 19.878 15.9748 18.2608 18.6746 
5.3509 21.437 17.3284 13.1037 7.2279 20.8466 8.4456 14.0764 16.1966 23.0474 22.2432 19.5502 23.6086 13.6453 4.254 
9.5551 27.9761 8.9054 21.9791 12.4581 24.162 9.9394 23.8748 15.5974 29.2772 13.1487 15.4364 16.9154 15.3916 14.2386 
5.8421 18.8834 5.6483 18.5918 13.4649 20.9517 14.2575 14.8979 11.2127 32.2917 16.7457 12.6386 13.1787 10.9177 15.5144 
16.3114 25.6634 10.8107 29.928 12.2043 35.682 8.6466 25.5354 19.8539 36.0843 13.5172 20.0217 15.5852 18.4586 17.2425 
12.1924 13.8056 24.1415 1.3549 22.5593 15.6222 25.8717 8.2437 17.8797 11.0686 31.6082 19.7598 26.5898 15.2086 14.3987 
8.2795 21.6252 5.6877 21.1546 15.2043 27.6048 10.8381 17.6626 12.7868 32.6712 15.7981 14.669 10.9861 11.2178 14.8428 
16.388 12.1566 10.6792 24.9542 29.6338 13.8755 27.1664 13.1295 4.1499 33.9991 19.0233 3.6673 9.1872 5.0383 23.6988 
11.9851 5.7572 17.0379 14.9454 23.9684 9.0438 21.4912 5.5986 5.1755 23.2881 25.0111 4.7761 16.1539 5.514 19.158 
12.6452 19.3986 2.1248 28.5645 23.0994 25.969 19.6592 21.98 11.713 31.6685 9.4797 11.4264 5.5784 13.9654 20.9183 
12.9081 26.793 15.9651 21.8074 6.6885 34.1665 2.8597 24.1257 23.6292 27.1193 21.6041 21.5874 20.7698 21.0818 11.468 
10.9986 28.0239 15.4671 23.5054 6.2793 24.4439 4.0127 20.034 17.6252 27.0319 22.5229 21.901 18.3027 18.2131 8.7315 
11.6343 5.9584 24.0748 8.4673 24.5443 6.693 27.8228 3.4756 11.9356 14.7213 37.3773 13.2865 24.2526 11.0546 19.6832 
15.2518 6.1729 20.9076 9.4478 27.1894 6.3712 23.1241 3.4219 13.2862 16.3413 28.5696 12.6407 20.0977 11.6016 21.0153 
16.2104 21.1669 2.4928 28.1709 19.6563 26.3509 16.3711 23.2978 12.7823 36.1547 8.474 11.0421 5.646 13.6778 20.3152 
5.3564 13.6761 14.3367 10.0638 14.7794 17.7034 16.0324 7.9754 11.3699 17.0428 28.02 11.4598 20.6696 11.822 10.8373 
10.2642 24.0424 4.5322 27.4929 18.5462 23.8566 13.8872 17.6561 11.8543 29.7437 11.5212 12.3665 10.0063 11.5582 16.4718 
19.0748 33.386 19.502 28.5459 10.1963 39.1342 6.7317 23.9185 22.4782 36.8536 19.4632 25.8839 25.7236 22.8954 13.5609 
16.4198 18.5326 32.3888 5.4188 23.2423 21.1749 23.3624 12.841 23.4033 4.526 34.0197 26.0007 34.1665 23.1488 14.9001 
13.3455 25.4018 2.5406 24.6989 22.6281 24.168 18.1125 19.7742 15.1069 40.3243 7.7565 11.732 7.1415 12.6254 19.0669 
14.2516 27.0468 15.3463 22.8845 9.3953 30.1891 5.7109 23.1215 24.7645 32.1845 18.3635 22.9583 23.2301 18.0528 13.3261 
12.7529 5.0772 17.9901 20.2147 31.5672 8.433 28.2785 9.2984 5.8168 30.6387 22.4091 5.4925 13.4037 6.2315 23.4068 
14.4211 2.2898 18.5021 17.5573 26.4973 5.5297 30.3586 8.702 8.4154 26.5362 31.4827 8.2626 17.9072 7.9178 21.8984 
7.7793 22.4329 7.287 24.6752 14.9798 23.9127 10.2646 19.7229 15.5039 33.3634 13.6405 14.6988 14.3462 12.9242 12.4018 
9.2825 6.9998 15.2924 16.125 23.509 9.8048 21.9549 6.2958 4.0393 24.8437 25.4629 3.995 12.2043 3.4434 18.3311 
18.7788 31.8687 20.9834 24.6495 5.8959 38.6214 5.9201 24.1719 28.1999 31.5787 27.5944 28.84 33.0997 26.1233 12.135 
8.8891 15.3936 20.0511 4.376 19.6073 12.4779 19.7615 5.3584 13.4075 12.7382 28.4514 16.1391 21.38 15.0903 12.3588 
EOF