I 150
J 15
bounds (0, 100)
cv 1.0
D 50
k 5
t 3
FLR 0.4
FCR 8
abounds (80, 120)

a 
103.0 137.0 111.0 
100.0 106.0 111.0 
91.0 111.0 85.0 
103.0 117.0 88.0 
91.0 93.0 105.0 
113.0 105.0 111.0 
115.0 97.0 123.0 
102.0 111.0 124.0 
104.0 110.0 110.0 
120.0 107.0 102.0 
115.0 97.0 108.0 
114.0 129.0 105.0 
103.0 110.0 109.0 
113.0 91.0 103.0 
119.0 99.0 100.0 
93.0 105.0 106.0 
103.0 114.0 109.0 
114.0 114.0 105.0 
111.0 109.0 110.0 
103.0 103.0 108.0 
116.0 97.0 96.0 
129.0 114.0 108.0 
110.0 113.0 107.0 
104.0 109.0 113.0 
133.0 105.0 95.0 
115.0 93.0 94.0 
112.0 107.0 104.0 
89.0 90.0 102.0 
111.0 107.0 83.0 
126.0 105.0 120.0 
109.0 108.0 101.0 
103.0 116.0 110.0 
94.0 122.0 96.0 
97.0 113.0 96.0 
100.0 99.0 107.0 
94.0 92.0 96.0 
101.0 106.0 95.0 
106.0 116.0 94.0 
100.0 92.0 103.0 
90.0 100.0 110.0 
108.0 100.0 89.0 
112.0 119.0 106.0 
106.0 111.0 94.0 
111.0 100.0 96.0 
111.0 121.0 115.0 
98.0 111.0 106.0 
110.0 112.0 114.0 
104.0 96.0 125.0 
96.0 112.0 120.0 
112.0 93.0 96.0 
107.0 115.0 107.0 
102.0 114.0 113.0 
97.0 105.0 122.0 
102.0 110.0 116.0 
91.0 102.0 113.0 
114.0 87.0 99.0 
112.0 122.0 109.0 
82.0 96.0 111.0 
119.0 109.0 103.0 
99.0 108.0 109.0 
106.0 109.0 118.0 
115.0 115.0 111.0 
110.0 127.0 88.0 
96.0 86.0 94.0 
121.0 111.0 110.0 
118.0 112.0 119.0 
99.0 103.0 104.0 
93.0 88.0 104.0 
110.0 99.0 113.0 
100.0 104.0 115.0 
109.0 107.0 108.0 
84.0 104.0 119.0 
124.0 101.0 96.0 
102.0 108.0 118.0 
97.0 117.0 101.0 
85.0 86.0 116.0 
94.0 109.0 114.0 
101.0 102.0 101.0 
120.0 106.0 108.0 
102.0 111.0 97.0 
121.0 90.0 102.0 
113.0 103.0 109.0 
108.0 110.0 97.0 
131.0 105.0 92.0 
117.0 117.0 93.0 
95.0 102.0 99.0 
101.0 94.0 100.0 
99.0 122.0 95.0 
113.0 102.0 111.0 
99.0 103.0 105.0 
103.0 84.0 107.0 
95.0 106.0 108.0 
105.0 110.0 90.0 
96.0 95.0 111.0 
106.0 86.0 124.0 
111.0 103.0 88.0 
88.0 92.0 105.0 
96.0 87.0 97.0 
114.0 102.0 84.0 
112.0 95.0 118.0 
107.0 105.0 114.0 
112.0 103.0 120.0 
106.0 90.0 105.0 
93.0 103.0 109.0 
103.0 87.0 120.0 
93.0 95.0 118.0 
103.0 112.0 102.0 
92.0 109.0 135.0 
105.0 118.0 119.0 
96.0 122.0 116.0 
97.0 121.0 97.0 
104.0 107.0 129.0 
125.0 106.0 117.0 
99.0 107.0 96.0 
99.0 109.0 118.0 
104.0 97.0 94.0 
109.0 110.0 115.0 
109.0 111.0 99.0 
108.0 112.0 90.0 
95.0 108.0 103.0 
106.0 105.0 104.0 
106.0 91.0 101.0 
112.0 115.0 113.0 
107.0 112.0 121.0 
107.0 108.0 117.0 
107.0 104.0 92.0 
97.0 104.0 108.0 
109.0 106.0 93.0 
118.0 118.0 106.0 
126.0 114.0 106.0 
120.0 101.0 82.0 
116.0 87.0 112.0 
94.0 100.0 99.0 
92.0 122.0 93.0 
94.0 113.0 108.0 
103.0 103.0 108.0 
90.0 107.0 97.0 
101.0 111.0 101.0 
116.0 115.0 115.0 
90.0 112.0 95.0 
111.0 113.0 101.0 
112.0 88.0 97.0 
119.0 115.0 116.0 
108.0 96.0 102.0 
130.0 112.0 109.0 
107.0 102.0 100.0 
118.0 98.0 101.0 
84.0 104.0 129.0 
109.0 91.0 111.0 
119.0 90.0 93.0 

Icoords
69.454 51.2164
89.2477 42.0232
58.2371 48.1345
19.2726 8.577
26.5955 33.8428
11.0565 21.5815
98.818 54.3288
1.0461 20.4238
74.4618 35.7202
14.1688 53.4863
34.6625 30.3157
23.184 50.3064
30.7675 92.4264
56.4741 59.7993
91.1208 32.0783
6.0353 35.4951
55.9689 49.1387
75.797 80.4007
80.9754 15.417
23.3417 24.5022
81.582 35.2799
42.7985 71.0645
96.626 40.1929
37.2879 43.4894
73.8365 21.4478
64.7587 29.0868
67.0302 6.1001
2.8066 65.8461
2.4211 10.7282
67.5281 72.4795
69.2165 56.2679
11.0499 53.337
42.8594 73.1871
87.6529 59.3741
10.0562 47.2
61.2772 36.67
27.864 8.7653
88.6885 20.1711
6.1614 48.3673
13.2788 17.4514
58.8283 99.1413
68.3356 49.6933
43.39 53.5443
90.4516 98.9003
41.9672 61.9671
47.5317 35.9307
41.0084 56.8762
15.5534 15.7329
16.5306 86.3957
66.3205 17.3657
1.3717 39.0277
59.3029 3.246
52.9149 47.1759
85.7259 25.5475
22.1503 8.2641
83.0504 81.5619
38.7043 49.4566
51.4139 88.7593
97.0135 65.6334
87.4427 34.3413
28.1324 95.3964
44.398 77.1642
38.0054 25.5074
59.2535 57.3171
6.8431 57.0023
67.212 43.4612
12.4241 36.3727
66.6301 18.8963
71.4725 24.9106
69.0833 10.7365
24.0676 94.5378
98.3443 37.3669
28.5402 88.1324
33.3032 92.7774
35.169 71.6049
25.6813 44.451
5.1289 96.8513
34.3062 41.1766
17.7604 55.1735
2.8227 90.9075
29.9347 69.2571
80.527 31.202
81.0242 16.3248
44.5892 28.0977
17.5558 11.9209
76.8177 1.9405
94.1407 18.2381
95.0699 38.5111
68.1948 29.7229
94.5566 27.8334
95.3146 86.12
24.927 38.0716
37.5998 6.2867
41.7152 29.5864
64.1989 34.4257
40.5145 67.9595
41.1482 66.8588
86.3319 59.8433
14.4011 68.8929
39.6548 19.8506
66.0388 46.0547
13.7384 10.9023
1.8246 87.0084
24.6864 96.1636
92.5929 41.8476
16.7915 86.6124
46.1259 76.748
75.4959 65.5236
28.201 57.3432
11.7731 54.6102
5.8616 99.2856
1.8175 4.3391
94.3988 40.1075
41.4066 37.5905
2.1001 93.6532
26.7695 63.5956
73.5019 86.2067
85.3176 8.8008
26.3055 64.0375
64.8499 35.9221
36.3146 88.5431
31.7052 90.8395
90.7709 59.5802
20.5571 75.9647
49.9096 98.4679
96.3121 23.5564
73.8679 7.7781
63.2846 36.5222
71.3348 93.1935
25.7414 66.0784
89.2977 32.7453
4.0667 33.5853
15.6882 80.7992
95.3366 2.3849
63.932 6.3743
97.5102 30.8715
1.5269 19.3848
77.7632 82.7277
58.3022 45.3013
76.8994 80.9301
80.3003 31.7298
58.236 3.9543
31.4407 55.723
3.1964 10.8386
51.239 3.0494
45.7719 14.6328
16.2937 16.4203
21.9188 58.5355
98.0593 20.6664
87.4112 21.4413

Jcoords
16.4067 43.109
27.2709 29.4914
77.5991 36.9405
51.6952 66.5167
98.8838 64.1131
94.7943 6.5769
81.075 38.1055
38.6085 85.2539
88.9888 44.6954
89.0633 82.0596
45.5113 19.8174
10.4986 0.0152
31.4647 64.0138
91.3671 25.1729
6.1073 6.6192

C
21.1755 18.0305 5.0278 7.6699 12.014 19.9368 5.8744 16.0634 7.3872 14.3236 15.1311 24.6593 13.826 10.9528 24.9998 
27.0052 22.0107 4.0021 17.2837 9.5919 12.3491 3.4513 26.0137 0.8586 12.4394 17.5896 27.4988 19.5432 5.4838 31.5282 
15.5759 11.805 6.743 7.0964 15.3866 16.837 9.2488 15.9561 10.5919 17.1115 10.1176 22.9443 12.4105 14.7774 20.1656 
13.1014 7.2549 23.193 25.2565 35.0124 28.1341 22.1648 28.0092 29.2397 40.3245 10.3761 4.6524 20.6102 26.6994 4.1102 
4.2446 1.6698 15.7432 13.2051 24.7571 27.741 16.4375 20.7066 24.4454 28.7713 9.1814 11.396 10.2809 20.2256 10.3749 
7.6618 6.8844 22.5705 22.5865 29.6167 30.6172 22.1006 24.2406 29.5318 30.7762 12.3199 6.7115 14.6858 29.616 5.155 
29.3512 23.5916 9.4426 16.0087 3.7651 16.8778 9.0902 25.2134 4.9642 10.2094 25.2679 31.7894 22.3191 9.9427 33.9804 
10.7586 9.809 29.8378 26.7836 36.8808 35.8023 32.0377 24.8904 27.725 37.5116 14.7371 7.033 18.2638 32.2982 4.5683 
21.9755 17.6121 1.1193 12.9294 11.2953 11.6413 2.6279 22.2211 5.6111 17.4859 12.01 22.9578 15.7913 7.9125 24.0184 
3.7347 9.6233 21.3505 13.4149 33.3917 33.5338 27.2683 13.1465 28.695 29.6191 16.8174 18.2444 7.2508 32.4384 18.228 
7.265 2.9445 13.4114 13.5947 26.358 24.0943 17.5352 17.2179 18.8598 25.7521 5.5314 12.9871 10.8555 21.4027 13.6442 
3.1586 8.0586 17.4205 10.1147 23.9541 29.2834 18.8078 12.0559 22.8379 21.947 12.021 16.7062 5.2175 23.2973 17.5992 
20.2329 22.9311 26.981 10.1816 27.0058 37.2587 22.974 4.2454 23.2031 20.5579 24.287 28.6757 9.3278 34.0386 32.3553 
16.6977 13.8722 9.9228 3.1805 14.3701 21.4717 10.9879 10.8098 12.7667 12.5897 15.4139 28.0706 9.4042 19.1175 27.1156 
25.3685 20.0845 4.3122 19.301 11.4279 9.9065 4.4166 29.6097 4.3494 18.4537 16.6056 29.9162 20.6518 2.4537 27.4396 
4.8003 7.5274 25.6465 21.6278 29.7112 29.1816 23.8395 18.2342 30.7057 35.4407 12.8997 13.1452 13.8089 28.2186 9.249 
13.2743 11.7032 7.9812 6.7252 15.6629 22.4967 9.5708 15.6598 10.1285 17.9111 10.5532 25.2824 8.7545 15.4876 24.9405 
24.9374 27.1128 15.5634 10.2581 9.6205 28.9899 13.665 13.3626 12.2301 4.4842 20.8681 40.2039 16.2872 20.3242 39.6524 
24.6951 19.1038 7.5012 19.5705 20.069 5.717 8.5741 30.0104 10.5636 23.731 12.3432 26.6702 23.1645 5.0957 22.6451 
6.9341 2.022 18.1356 16.8483 27.4316 22.7336 22.8063 20.4772 27.3151 27.6851 8.9141 9.0694 15.1711 26.1706 7.6445 
24.8659 19.1111 1.6933 16.5274 11.0058 10.6011 0.9445 24.591 4.3642 16.3915 12.3583 23.9241 21.7158 4.7563 30.4445 
13.0867 15.843 18.3211 3.0585 17.1182 32.6798 17.9365 5.5171 16.3391 16.287 19.2908 26.4422 4.8159 21.3357 28.855 
30.078 24.1826 6.5475 19.5643 8.3396 10.1671 5.0115 28.8775 3.47 13.1972 16.5463 33.7954 21.6393 5.1514 30.0157 
6.6998 6.1054 13.9713 9.507 24.7875 21.6003 13.2792 12.778 19.3776 25.4636 9.7582 19.9768 8.1306 18.4823 17.9145 
24.1404 18.009 6.1285 15.717 19.5423 7.8481 6.1371 26.2678 8.7328 21.0046 8.5967 20.0798 19.8019 5.8103 26.3467 
17.1019 12.0868 5.6535 12.9478 19.145 13.5086 7.4143 22.6326 10.1022 19.0408 7.7805 18.9166 17.6125 9.9726 23.7978 
24.4627 15.0983 11.1691 24.0042 20.4902 9.9882 11.2544 25.6342 16.8294 31.3831 9.6718 17.9615 24.6772 11.9383 21.275 
9.9909 13.4965 29.3553 18.2274 30.4518 38.6392 28.5488 15.9841 28.3789 31.3768 24.1671 22.7469 10.4615 38.6307 23.4784 
11.1001 10.0513 31.1062 24.5183 37.2975 32.0026 29.1905 25.0115 28.4652 44.0942 15.9243 4.5792 18.5762 31.8003 2.0099 
17.8819 22.8513 12.862 6.2412 11.5012 25.2189 11.8046 9.5067 13.3513 8.5536 18.1341 34.6541 14.0322 19.9181 32.8525 
17.7642 19.6865 6.6972 7.7277 9.9518 19.3818 7.5723 14.7669 7.251 11.654 14.0443 25.6143 12.5018 14.8092 30.9388 
4.4856 9.1191 20.7194 15.8096 29.3884 30.568 26.7946 12.8318 26.6302 31.2413 15.3982 17.7784 7.7247 26.1379 15.0096 
14.9447 14.9247 15.5489 4.352 22.5032 30.2465 17.1347 4.4842 18.12 14.599 16.3032 25.7787 5.1038 26.5911 25.9903 
24.4304 24.0315 8.7984 11.6066 3.9995 16.676 8.0368 17.9171 5.315 6.9961 19.6745 35.726 17.4156 12.636 35.7702 
2.545 9.7528 25.3595 18.2596 33.954 36.3203 22.9975 17.3552 29.5277 28.7046 17.4533 17.294 8.8525 33.3849 12.7903 
16.9625 10.4962 5.733 11.0875 15.0978 16.6889 7.3583 21.2572 10.3428 18.0679 7.7864 19.483 12.6821 10.0532 19.5569 
13.6599 8.1632 22.2644 18.8987 27.6242 25.3935 23.6311 24.9638 24.426 33.8304 8.1707 7.7334 19.677 20.844 7.5775 
29.636 22.9102 7.9935 19.9127 17.9084 5.9312 6.5991 29.7358 9.2169 19.3343 14.4044 30.0214 27.0981 1.97 29.767 
3.5849 11.1346 26.5509 15.8229 31.77 32.7682 23.2662 19.631 31.1405 28.1704 17.2927 19.1612 11.7096 28.7348 13.6725 
10.1607 6.9351 23.3481 20.0531 30.3701 27.2865 23.31 25.6585 32.1609 38.1716 10.6815 5.5812 16.466 27.3072 5.173 
23.8458 24.3848 23.2793 12.8605 17.9002 31.4801 23.0621 7.7244 21.797 10.4701 28.1599 38.1018 17.2455 24.7599 42.5209 
17.6663 15.885 5.7958 8.0974 12.8129 16.2082 5.3678 17.2651 7.4181 14.0402 14.4635 26.0599 15.5053 11.6565 24.5587 
8.7429 11.1215 12.5789 6.1197 17.8117 23.4792 13.3903 11.692 17.0516 19.0015 10.9559 19.1936 5.1399 19.2296 22.8884 
31.4383 36.5015 21.9388 15.4495 10.8923 33.9941 21.3698 19.0259 16.3921 6.5107 33.5552 40.4255 22.2932 23.3881 38.8559 
10.3964 12.2552 15.8844 3.5429 21.6949 29.2546 16.6575 7.7359 17.743 17.153 14.5506 27.6415 3.561 23.4437 21.5193 
12.5213 8.3486 9.4646 10.5662 19.3422 18.4657 11.7379 17.2226 12.979 20.8805 5.4695 18.0663 11.1558 13.7981 15.2694 
10.9582 12.2457 13.7133 4.7308 20.3441 22.9832 13.9329 9.1475 17.9694 18.4463 11.8303 24.3727 3.9113 23.3625 19.745 
10.0273 7.0625 22.3397 24.2221 30.9786 27.9188 24.7588 22.4127 30.8894 30.0198 10.7939 5.1232 18.8904 24.9061 4.01 
16.172 21.1078 25.1542 15.9761 33.3153 39.7849 24.8842 7.3131 27.9896 25.2864 28.297 27.7784 9.0299 36.1616 28.8027 
18.0727 14.2089 8.996 20.1123 18.2421 10.1913 7.8979 26.2875 11.6961 20.6342 7.7359 18.4546 18.3082 8.1985 22.5575 
5.2424 8.8372 28.4359 19.0662 30.6189 33.8232 28.2966 23.5179 30.0803 35.1944 16.4009 14.3797 12.9741 32.179 10.6315 
18.815 16.0095 12.8521 19.2135 24.6929 11.4393 15.2522 27.5811 17.574 32.1227 7.1837 18.6938 26.5024 11.7621 17.0514 
12.8238 9.9962 8.4308 7.6393 15.2114 19.9599 10.6565 13.0329 14.1527 16.1305 10.4471 19.0542 9.2471 14.6109 23.6401 
26.5227 21.7771 4.2977 17.5703 12.6809 7.3004 4.1889 23.4032 6.5245 17.6625 15.1272 30.6408 25.062 2.2405 29.527 
11.7387 7.2671 23.8964 23.4879 37.4404 25.9772 20.5482 27.5395 24.9301 37.3954 9.0904 5.6419 17.1715 22.5798 5.8364 
23.1363 27.7374 17.7026 12.1027 9.2692 26.5191 13.2505 16.5492 14.6716 2.3416 26.7074 38.6608 17.3438 19.9838 38.592 
7.5601 8.6461 15.5836 8.1548 19.0275 22.6847 15.5325 11.67 18.3501 21.6689 10.5617 17.4634 5.8106 22.4255 19.933 
21.665 19.6534 21.1509 7.7277 19.5226 31.9118 20.756 5.0132 20.4304 13.0975 26.2107 29.5609 10.7053 24.5265 31.8849 
27.8285 27.9485 11.7027 15.2117 0.7339 18.9351 9.8799 20.9729 7.6597 5.9674 27.5106 40.0351 25.5063 13.2689 36.6656 
27.1842 19.8486 3.3037 16.2273 11.6893 9.0012 2.5446 26.6385 3.3082 17.0834 14.8747 28.2502 23.9423 3.1854 32.3097 
18.8301 22.7919 29.4209 11.2227 28.12 36.5585 24.5724 4.9679 25.9806 21.575 25.4601 37.538 11.8472 30.0411 34.1178 
14.1637 18.8998 19.8297 4.0196 20.5563 30.729 20.1888 3.2848 21.6501 15.686 20.3505 29.3338 5.5444 23.7242 30.3008 
8.4396 3.8529 13.8924 14.1245 22.794 18.2815 15.5669 18.612 18.1509 30.1259 3.6912 13.9961 12.0181 20.2351 13.2306 
15.7362 16.4188 9.9227 3.8434 15.219 19.9105 10.4228 11.1889 11.2997 14.7407 12.8721 28.1912 8.6382 17.407 23.0925 
6.5713 10.4545 22.3577 16.772 28.6823 38.2105 26.9936 15.8694 29.944 31.0464 17.5746 22.4534 9.828 27.9626 19.198 
20.2515 13.9508 4.2459 10.4132 14.0502 17.3036 5.1748 16.1756 8.3146 13.7055 11.1747 22.4542 13.2321 9.8557 24.909 
2.8203 6.2281 25.0803 15.7579 28.0847 33.0753 23.7127 20.4287 23.4205 27.3203 11.4841 13.5476 10.5325 29.5652 9.8307 
17.6632 13.7118 6.9558 19.8432 21.4612 11.7706 7.6165 24.6996 12.082 26.597 7.4641 22.5162 18.1849 9.7643 21.8553 
21.348 17.362 4.5927 15.2345 14.8624 9.0449 6.4591 25.1005 9.645 22.5068 9.884 26.1795 17.6222 7.3318 20.614 
20.15 15.1226 8.3899 21.811 19.5745 9.7566 11.3607 29.2566 13.2968 23.9613 7.8813 20.1722 22.4878 8.5336 19.5958 
17.0236 24.422 26.5856 12.7417 30.158 39.6057 27.6742 6.8438 31.1348 21.8006 31.0635 33.6799 9.8431 31.4684 31.6672 
30.5638 22.4107 7.9616 21.7665 10.6124 11.6909 6.1414 28.2279 4.0786 13.8354 20.9937 30.8039 28.7466 4.3622 33.9808 
18.4281 22.7228 27.759 10.1681 27.6587 35.1478 26.3914 3.5845 29.0005 20.4379 26.8403 35.9601 7.3275 29.5652 28.6265 
19.4483 21.0744 25.6085 12.7922 23.7116 39.2834 27.8722 3.374 28.5531 17.3749 23.657 29.1826 9.2491 33.4188 34.8745 
12.477 15.6266 18.2396 5.8585 25.1739 33.7023 18.9185 4.7618 18.8158 18.0014 21.0712 23.0193 3.2579 24.8948 22.8869 
3.0869 5.3857 19.5984 10.4621 24.8918 31.0276 19.2637 13.367 22.1895 24.8295 12.0992 15.9141 6.1689 23.0698 12.8383 
18.2311 27.8234 35.3074 21.0408 34.1813 41.0722 29.6302 10.9802 39.4234 29.753 31.8683 36.6118 13.5878 42.3095 35.4904 
7.1942 5.2308 17.2172 12.1056 24.2322 24.4523 14.1405 13.7821 17.1017 24.7853 8.2176 16.3479 7.53 23.4858 15.1515 
3.7622 8.3145 19.7236 12.3764 31.2665 32.4706 24.8463 11.8141 27.3869 24.8271 16.4189 18.504 6.202 23.9093 18.4353 
18.7535 25.9522 30.6621 21.5315 30.806 45.1709 35.3153 13.3216 32.8723 27.6205 30.1589 31.0407 15.2088 40.4829 29.0088 
10.4513 13.0764 18.7446 6.6806 23.2451 27.429 18.4195 6.9767 22.4813 19.0571 20.7342 24.8045 1.655 26.2529 25.2921 
21.0258 20.2478 2.5737 15.2269 13.9319 9.8613 2.1447 23.79 5.2289 20.5348 14.0063 29.0154 22.4878 3.7534 27.3136 
27.238 20.2 6.8588 22.2125 16.0294 5.2301 7.1615 30.9087 10.4933 25.6687 11.6366 26.7687 24.9939 4.6714 29.5902 
11.6804 6.875 11.4687 15.1125 21.5333 18.916 14.7702 18.953 18.0691 22.5096 3.0727 15.6752 13.4563 16.3995 13.6177 
11.0262 6.9026 24.1131 24.9515 37.1754 25.8439 23.71 30.3883 24.6939 35.1074 9.1592 5.2828 17.6473 29.7341 4.4069 
26.8734 19.9271 12.8412 21.0644 21.4542 7.0435 11.3395 27.7905 16.7234 28.3997 12.9135 22.2461 23.6241 8.6814 26.3689 
28.3697 20.4244 9.5128 25.5272 17.2118 4.0131 8.3867 30.3575 10.7008 23.3877 15.9491 28.7801 26.7375 2.4095 30.3241 
25.885 21.9005 5.3115 20.1564 9.4401 11.8991 4.3402 27.0254 3.334 14.0762 20.0428 34.2784 20.7295 4.6345 29.8734 
16.9992 15.4859 3.6038 12.5367 15.0584 10.9729 4.6318 23.3122 8.5352 17.0384 7.9157 25.108 15.5772 8.1636 24.1138 
28.1169 21.8476 5.7822 20.2828 12.2837 7.6932 5.3 25.5183 6.9201 20.041 15.8183 29.3515 22.9535 1.3466 29.0519 
28.5873 28.514 16.8476 18.1006 7.083 24.9612 18.8907 20.184 14.8133 2.3429 27.9703 40.4165 24.0611 19.6966 39.2053 
3.0892 2.7707 19.9357 14.7802 30.0537 25.9036 21.4598 17.6706 22.7988 24.9491 8.328 14.0495 9.2058 24.1349 14.5952 
13.2173 9.2633 15.6374 24.1058 25.9097 20.0526 20.979 25.3426 20.1644 27.873 5.1222 10.2285 20.8988 18.048 9.9963 
10.9355 4.4822 11.553 15.0304 26.2669 21.8564 13.9499 19.7481 17.4199 22.3694 3.5718 17.1266 12.7304 17.347 15.1862 
16.8797 12.4473 4.097 12.3849 18.1114 14.7822 6.7864 19.0922 9.37 18.6453 8.0718 19.5356 16.0128 10.8833 21.4013 
11.7406 14.0238 18.5314 4.4958 19.2919 30.0063 15.1793 5.8583 18.6789 16.577 18.9876 28.4489 3.719 20.1435 23.8353 
13.6943 15.5896 15.5571 4.0036 20.2072 32.0766 16.8814 7.3944 19.0179 19.2729 16.0391 25.1638 3.8121 23.2934 22.9698 
28.0481 25.8708 8.3093 12.3211 4.1286 17.0918 7.3624 17.0473 5.9256 8.6625 19.6436 35.4784 16.6892 12.2759 37.4797 
9.9801 16.464 26.9598 13.9314 33.3733 36.7809 24.345 10.7668 26.9354 27.0809 22.6321 24.3045 6.6713 32.0076 19.9025 
11.4933 6.1882 16.2591 16.1933 26.6557 21.1376 17.11 21.7232 17.3223 31.4673 2.2753 10.7977 17.8542 16.1987 12.099 
17.8294 14.0723 5.2142 8.9959 13.7671 18.5593 5.3354 18.6016 9.0145 13.4665 11.7996 23.7922 13.0828 11.9751 21.8455 
10.7551 7.8843 26.0205 23.6809 35.2421 25.2199 26.9144 26.178 32.6578 39.5519 12.2562 4.355 18.0125 27.6332 2.6454 
17.0969 19.881 29.1265 18.1213 34.7136 38.0233 30.3864 11.2723 36.8188 32.4263 28.4994 29.5408 14.7392 37.1507 30.2451 
16.3185 20.5838 25.9536 15.7733 26.2273 42.6707 29.1203 6.3268 32.1136 22.2096 25.8219 35.9018 12.2522 35.608 30.4442 
27.5527 23.3413 4.8086 18.2211 7.5566 11.5524 4.2847 26.7869 1.6091 14.7742 20.1945 36.0076 23.1222 5.7399 34.7113 
16.88 21.6327 23.9554 14.8012 27.2298 34.2877 29.1604 7.642 27.8501 25.7218 23.7681 32.1515 9.9856 30.3691 30.3768 
15.2435 18.9016 19.0857 3.8698 19.6059 30.3073 20.4763 4.4385 17.0253 15.1037 22.1758 29.3648 6.6899 22.8663 29.8348 
22.7322 18.2043 11.1202 7.418 8.5896 20.5552 10.7135 16.1014 8.0952 7.1976 20.9472 32.2895 14.1644 13.5629 27.8883 
6.9894 9.7842 18.1983 7.9196 22.7575 30.832 19.6309 9.3028 22.6441 20.2258 14.0177 22.7936 2.8309 24.0092 17.3892 
3.9158 9.3031 23.9365 14.056 27.4274 36.3423 25.7889 14.9042 29.6373 29.9864 16.7736 17.3441 6.7058 27.5211 16.9812 
17.7818 28.1138 30.0526 21.5793 32.8184 40.0177 32.082 13.6058 35.0261 30.8172 34.1831 38.5887 13.5853 35.5078 30.4132 
16.0725 11.1933 32.1572 28.9749 40.7987 29.8542 34.3999 33.439 30.9889 43.1151 15.5565 3.3372 24.0147 32.9241 1.7858 
23.5554 20.4634 6.2604 15.2689 9.2336 11.9277 5.0916 22.0904 2.6841 15.161 19.0816 36.0512 24.0473 5.6964 36.2419 
9.1116 5.9464 14.3128 9.5328 24.8965 21.4554 14.3294 18.6064 16.492 22.7876 5.8061 15.2044 11.1826 16.6591 15.6565 
20.1872 25.5358 30.8964 17.5933 38.6855 38.2809 29.6999 14.1682 33.1909 33.1892 34.0981 30.9776 14.5153 39.963 31.1041 
8.8551 12.2891 17.8899 9.5968 26.3008 28.8384 19.1249 8.4934 24.359 24.5921 17.9818 23.8103 1.8718 27.6066 23.6732 
27.82 22.2146 18.6325 11.3615 11.135 29.4431 19.1415 10.8803 17.1775 5.8121 25.3972 42.3103 15.1877 24.6175 35.8441 
30.1527 23.6883 10.2506 26.6846 20.0584 3.3193 10.2333 33.5972 11.7735 27.3466 16.1906 22.728 27.249 6.149 29.3031 
7.6446 12.9426 21.6729 7.7322 25.3226 32.0322 23.2516 8.3509 24.508 22.4416 16.8497 24.116 1.9982 29.6928 22.8435 
18.8548 13.1609 4.2309 10.3239 15.092 14.4687 5.4124 20.7807 8.6221 20.8317 8.4534 24.7601 16.231 8.644 20.4749 
16.2851 18.0356 23.4338 8.7203 23.0861 31.3647 21.6465 1.2255 26.4412 20.6949 26.092 36.7017 9.8917 30.119 30.2199 
16.0792 18.4893 24.5857 11.2301 24.994 32.9265 28.6711 3.1879 28.5623 18.9978 22.6171 34.4156 9.3706 26.9095 35.069 
28.0826 22.5701 9.8563 15.4143 2.8651 15.9733 7.0945 20.8949 5.6322 7.7732 20.8268 34.1557 23.6341 10.4201 39.3564 
11.3558 16.6458 22.0818 12.3001 26.8312 36.6936 28.4681 7.7693 28.6278 25.9976 20.0181 23.5967 6.4332 30.8834 24.8418 
24.9771 24.8571 21.476 11.2836 18.3296 30.7109 25.5293 6.0543 24.7745 14.7906 29.3588 39.9801 14.7647 33.3967 34.4555 
26.8424 22.9369 8.2594 22.985 12.6263 5.1159 6.7753 26.1877 6.9106 19.1766 17.6399 27.1223 26.9044 1.9182 29.4893 
26.9007 18.0338 9.1464 25.0886 23.836 7.7827 9.7475 29.5288 15.5826 29.9109 11.6295 22.8558 26.989 9.1836 26.173 
16.256 11.4154 4.627 10.711 15.6062 15.0621 5.8762 19.4076 9.8746 18.9793 9.2931 20.6918 16.7069 9.1837 23.9903 
24.0842 25.7932 21.6045 12.767 15.8308 30.7799 21.3365 11.1028 16.9595 6.7661 24.752 36.8671 16.9566 26.4065 42.6539 
8.3257 12.6921 21.8422 8.6179 29.2456 35.6952 21.3722 7.3804 22.8401 21.0878 20.078 24.0618 2.1441 28.7746 21.3712 
22.7498 23.3914 4.0255 18.7762 11.0273 9.6315 3.2509 23.1868 4.1792 14.9769 16.5956 26.2975 22.9581 2.9085 30.2048 
5.6817 7.4693 26.9335 19.5139 31.6462 37.8176 29.3444 20.541 28.0918 30.685 14.0972 10.4866 14.0484 27.1359 9.046 
13.3598 19.6667 27.3063 14.8166 31.3275 39.1918 29.9088 8.8003 26.1634 23.9091 25.9316 30.8664 8.0764 31.6615 28.1159 
30.5351 28.4999 14.3755 26.871 21.5292 1.5103 11.9272 32.3974 16.0012 30.1783 16.0103 32.9215 31.7926 8.2115 29.4341 
18.9092 15.438 12.3417 21.0208 24.9389 11.2218 13.3804 28.946 16.2723 28.3905 8.8299 19.7861 26.2898 13.2765 18.6891 
31.3076 25.1857 6.8608 19.9279 10.154 7.368 6.6153 29.2933 5.8023 19.6004 20.972 27.8624 27.947 2.523 33.2682 
8.4181 9.6826 31.1584 22.2819 42.031 28.5817 30.9969 26.0028 29.6825 38.8977 14.0889 8.4063 18.7177 32.6976 4.5814 
25.9205 28.4834 15.3525 10.8792 10.7488 24.268 14.9582 12.5281 15.4057 4.2268 27.7269 38.4226 18.0874 19.8299 40.0883 
15.4009 11.5938 7.123 6.8017 13.9109 17.1494 8.0437 13.3895 11.3102 18.5686 10.1737 23.7054 10.8948 12.2129 23.9271 
26.9105 24.4308 15.3851 8.7742 8.9957 26.5067 16.2731 11.7683 13.4229 4.812 21.0915 35.4316 15.0051 22.7592 38.1797 
23.792 20.7264 1.8576 16.9746 13.7436 10.535 2.4599 27.0908 5.9746 15.7246 14.3006 27.5087 19.3716 5.1196 30.6729 
17.5496 12.1695 11.842 23.2302 28.5116 11.1386 14.0303 30.3931 18.4527 25.2914 7.1095 16.5685 25.1977 14.0298 16.5046 
7.3868 8.8554 18.0846 8.8499 23.0395 30.8457 18.4918 11.4169 18.6743 24.8292 13.2198 17.8899 2.5486 20.7712 17.0457 
10.9107 11.3628 28.6929 24.4259 37.1377 36.1011 27.1141 28.2095 33.729 44.3003 15.9878 4.1323 18.6869 33.516 1.8141 
18.5427 13.1939 13.5805 21.6683 29.4085 16.8805 14.8643 30.8225 19.0942 26.7873 6.6217 15.6631 23.9957 17.4767 14.3469 
13.3145 8.1889 14.5322 17.165 26.2845 17.4227 13.9138 21.65 20.821 26.7468 1.8948 14.998 17.4081 15.7895 14.3938 
10.2058 5.7335 20.2608 18.5377 37.9579 26.6698 23.5822 28.2567 26.6917 36.0933 9.6332 6.3609 15.3755 29.681 5.5695 
6.2807 10.4902 20.7592 10.4536 27.9035 31.5314 24.577 10.6133 24.8662 27.7399 17.1747 20.9698 3.5594 23.4606 18.3923 
30.9254 21.9359 9.9606 22.3397 13.8924 4.6889 8.9802 30.3994 7.9287 21.8846 17.7951 30.9473 31.5455 2.4826 30.6683 
23.8449 21.2126 6.7726 22.8776 15.3506 5.2148 5.8191 31.3709 8.5539 21.8974 15.5356 28.8626 25.5549 1.8283 29.4295 
19.7642 15.7103 5.1642 8.1785 10.9247 18.7408 6.7697 15.8658 7.8959 11.0451 14.0057 30.625 15.0085 13.2026 24.4498 
24.7396 24.0088 3.9093 16.8846 7.7723 11.7463 3.6217 22.2585 1.0441 15.8105 17.9869 35.2728 19.2279 6.5045 30.001 
16.5744 13.3954 8.0313 6.6105 16.6968 21.9734 9.8924 16.6111 10.4558 17.5745 10.4219 23.9203 11.8844 13.4915 25.217 
13.2643 8.4887 25.5862 20.9939 38.2642 26.117 24.6716 26.2458 31.0377 37.6895 10.3047 4.3863 17.3748 28.3491 4.174 
4.2267 1.7165 19.7748 14.4206 30.149 28.8501 19.3501 19.5715 20.7976 30.531 9.2332 13.3852 10.3573 24.9112 10.8144 
8.0988 6.4009 24.7217 20.4478 30.9243 28.8052 22.6617 21.8818 29.0604 38.1889 11.8783 7.2724 15.5333 28.177 6.0737 
25.9079 27.0452 9.1655 18.968 3.3424 16.0823 9.4701 23.3927 5.4143 10.1418 19.7431 34.5266 25.3063 10.3821 41.081 
9.1806 8.8323 30.1981 25.0989 32.2198 31.7938 30.5543 27.5277 35.6894 40.3054 14.3325 6.8464 19.7309 35.8346 4.6933 
19.5351 16.1127 1.0678 14.0592 11.8795 10.689 2.4662 24.1778 6.1559 17.3693 13.0901 25.7707 16.5377 7.6475 22.488 
3.257 9.6315 22.3207 13.0057 27.7908 31.0526 20.7876 12.3008 28.5745 29.2504 16.3988 19.6165 6.3214 29.799 17.819 
7.9137 2.4938 13.1464 14.5508 22.9617 23.6288 18.8153 21.8721 21.473 23.3196 5.9828 15.4558 12.6766 17.3146 12.2861 
3.1883 6.9874 18.3451 10.1376 23.7463 27.6052 22.2984 12.224 24.6805 24.9967 12.3347 18.9364 5.6627 28.355 17.4397 
16.1905 22.4016 24.113 12.7728 28.4 38.651 27.6828 3.3623 27.645 22.3401 23.6424 30.2934 11.0814 28.462 26.9895 
13.0778 16.0692 9.5057 2.9892 16.3352 24.6131 11.5324 12.0289 13.9785 13.0396 15.5756 26.698 9.8024 17.0234 24.3395 
27.0451 23.5416 4.808 20.0024 12.8651 9.8627 4.3709 22.5398 3.9924 17.3132 16.6104 27.2612 25.0704 2.1241 27.4928 
4.6575 7.0198 26.0617 16.9743 36.5317 30.2831 27.6839 22.5162 33.2263 30.1099 14.1867 11.8757 14.1681 26.1128 9.7601 
15.7075 13.3517 7.7751 7.1207 14.6448 17.4674 10.5059 12.7025 10.4017 15.6191 11.9447 20.9917 10.6751 15.3252 26.1396 
26.4101 25.3967 14.3542 9.4765 11.2564 24.0197 17.0408 12.7063 12.8124 4.4828 26.5778 35.5953 17.4262 21.1964 40.2918 
21.2455 20.7305 8.6798 23.5223 20.069 5.8007 6.9019 31.105 9.5558 25.8658 12.479 27.5792 22.8454 4.3787 30.0176 
6.2808 2.2627 17.3007 17.4616 28.7622 26.3874 21.887 20.07 20.7353 27.9123 7.1852 9.7441 13.1179 23.6128 9.0502 
24.577 20.4329 1.5457 13.4018 11.6682 10.9834 0.8707 24.2681 3.8012 17.6043 14.0341 25.9634 21.5771 4.8815 30.4122 
13.2713 16.988 18.1554 3.7419 22.5719 29.5319 15.7039 4.5317 17.8337 18.3699 19.183 24.4911 4.6344 26.2737 26.0518 
28.304 21.951 5.9221 16.7002 7.3857 10.524 6.2621 28.2678 3.2315 16.839 17.0416 34.2326 24.7266 5.6224 36.6 
7.5519 6.7096 13.714 8.3255 20.2081 22.393 17.1306 15.6277 15.9075 22.9004 8.6481 16.7597 7.5652 20.8975 16.1569 
18.8741 14.7294 5.4525 16.3798 18.0581 8.5316 5.8066 22.157 8.3943 18.7923 9.1273 24.5532 22.3845 5.6705 25.5147 
16.8401 14.3474 4.7925 12.4284 14.6754 11.493 6.732 20.7058 9.6468 22.7418 7.1823 23.2502 15.6437 9.2437 22.7489 
22.7508 15.8133 12.1537 18.9179 24.4148 10.0049 11.6283 29.7636 15.0665 24.787 8.6791 21.6516 22.448 11.3013 21.0923 
10.3618 15.3194 27.6634 16.0908 29.8849 41.6156 28.225 13.0561 28.0683 27.8135 19.8661 23.9333 9.3903 35.6097 20.4887 
12.5639 10.7301 30.5649 25.0914 38.4 35.4239 27.758 25.4837 28.7535 36.1934 13.947 4.8153 21.1554 34.1792 2.075 
18.3123 22.5391 11.3549 6.5204 12.8513 24.5913 11.9782 11.3752 12.1787 7.8394 20.0348 31.2975 11.3465 17.0416 30.2408 
20.85 19.3033 6.4317 6.6458 11.2744 17.3028 6.5767 14.8596 8.495 9.9454 16.6314 31.1193 13.0067 14.0494 30.0716 
4.5826 9.644 20.7468 13.5706 33.6891 29.3691 22.7958 14.9908 25.1403 31.4409 16.7107 18.1037 9.1346 26.2741 17.4666 
13.1221 15.4396 19.4549 3.6091 20.6757 31.0574 19.5937 4.3563 17.9248 17.3749 21.0055 29.1631 5.4915 27.1917 23.96 
27.9601 23.1557 9.617 11.8706 4.0799 21.2313 8.3529 17.9337 5.2531 8.8121 21.8304 37.0013 20.866 11.6624 38.004 
2.5065 9.859 23.8838 15.8911 32.6428 37.3915 22.6109 16.1801 28.201 27.4266 15.9392 17.8178 9.1329 28.4315 13.3041 
17.5473 12.6789 6.1591 12.3288 17.4628 15.4907 7.1519 18.3836 10.3428 20.7502 8.0587 24.2677 12.8601 11.7894 22.8677 
11.4442 7.8024 22.4358 19.8734 30.0013 21.014 23.0964 29.2661 21.7884 37.201 7.7564 6.4286 19.7988 20.6145 7.3589 
24.502 19.9905 6.4354 19.4739 17.7414 5.5974 7.4505 25.5066 8.616 22.0018 15.717 29.8841 24.1785 2.1067 27.8841 
3.7288 10.7042 27.3684 18.3326 37.6105 34.7182 26.3134 15.8139 30.9996 35.0162 18.897 16.4717 11.1087 27.1806 14.9583 
10.003 5.7187 23.4892 19.8475 37.1851 32.7224 25.2093 25.6223 29.8436 35.5923 10.3874 6.4164 17.6607 27.2052 4.9236 
27.5917 24.8666 22.0968 12.9908 19.4167 31.4106 21.8473 8.4848 20.2098 11.0292 31.4417 38.2783 14.9034 31.8064 35.5672 
16.0332 16.7179 5.3481 8.1116 12.4346 16.0413 5.9241 17.3068 7.5945 13.6942 13.7304 23.4143 13.0727 11.3739 24.5739 
8.9078 8.8022 12.2975 4.7596 21.9921 21.0909 13.2763 11.7658 17.976 21.1984 13.3822 24.8543 6.3333 18.7559 23.0083 
29.6119 29.1336 22.078 19.8939 13.0185 28.3561 18.9892 17.23 19.0925 5.4191 30.7809 39.955 22.9717 26.1458 47.7448 
9.8914 12.2053 17.2473 4.2828 19.9976 25.3892 17.0423 9.0535 15.594 18.5764 16.8178 24.327 3.8563 24.5402 20.1937 
11.1254 7.5514 11.754 12.02 21.3397 18.8273 11.664 16.0797 14.0214 20.3405 5.7553 16.7611 11.0684 13.6311 18.5273 
10.8679 10.1134 14.655 5.0072 22.8288 24.3529 16.5257 9.4522 17.1971 17.269 12.8233 24.192 4.2259 22.7079 18.5703 
9.6082 6.5204 25.2772 24.4091 36.3072 31.0537 24.5718 25.2326 26.9581 38.2376 10.7183 6.5827 17.7872 23.4698 4.6479 
14.7522 20.6619 25.4921 13.8553 28.8704 35.3916 29.4306 6.997 32.713 26.3037 27.9412 30.6792 9.1833 34.0248 24.426 
19.7913 15.7872 7.6156 18.9842 19.279 9.5184 7.8012 28.2087 12.9743 26.71 7.562 20.8864 22.3669 8.3061 22.3985 
6.0603 9.6128 24.7298 18.8942 34.9485 30.7177 24.9169 20.8883 28.5614 36.8452 17.6044 15.834 13.4982 31.3687 10.1271 
23.0839 12.444 14.0752 25.2866 22.1009 13.407 15.8276 32.5036 18.3081 33.159 8.4837 18.5471 21.4358 13.0129 17.7817 
14.6863 10.8404 9.7375 6.0172 19.0963 22.4796 10.3251 13.0776 11.4046 19.1798 10.7985 23.0629 8.5735 16.1881 22.9836 
25.4358 21.2967 4.6728 18.0283 14.4983 8.0805 4.4353 25.3351 6.4526 17.5493 15.9396 29.1155 23.4923 1.8346 25.6152 
13.3915 8.0532 19.8762 22.3057 37.3835 23.7174 25.6605 25.9728 29.9161 37.5847 9.6168 5.4992 21.4389 22.8007 5.5703 
27.7682 25.5398 17.6127 12.0228 7.7707 29.9953 13.8334 17.6061 12.6476 1.909 24.3518 36.5542 20.9182 19.3341 39.3546 
8.3855 8.4528 14.1576 8.5172 22.9235 27.4151 15.0588 12.0458 18.5774 19.8092 12.0031 21.2999 5.8805 20.1232 17.6991 
19.0187 22.2644 18.486 7.6632 19.5654 35.9356 18.4022 5.2774 20.1467 12.5354 26.2799 29.9909 9.6914 29.5955 31.913 
26.6484 30.6821 11.9383 16.9341 0.9012 20.4184 10.9932 21.2563 8.68 5.7393 24.9119 40.0134 24.3457 13.9593 40.8599 
26.3969 19.9271 3.3149 16.6986 10.4742 10.7331 2.7347 21.4533 3.6044 18.0193 17.0269 30.028 21.9909 3.2412 28.9326 
17.6995 21.21 25.661 11.9682 24.6001 36.2032 24.1901 4.7069 27.4143 21.5188 30.974 32.048 11.8725 29.4457 32.9744 
14.221 17.1369 18.6719 4.532 18.0912 26.7306 17.6545 3.6151 18.0151 17.2138 19.1632 30.5219 7.0643 25.1325 24.3289 
8.7739 4.2434 13.9501 15.0281 28.4745 20.7778 17.7253 19.5441 17.8077 30.2021 3.095 14.6074 12.5532 18.725 14.7913 
13.6146 14.3373 9.6348 3.7755 13.8801 23.9682 9.318 11.5502 11.0412 15.163 14.0703 29.2896 10.6677 15.6349 23.0925 
6.5966 10.6053 24.5788 16.1026 34.295 37.511 24.305 16.6261 28.1582 32.8858 18.2988 21.5683 8.5019 28.5587 17.248 
16.7966 12.728 4.1661 11.0191 11.7136 14.3744 5.75 19.4118 7.368 15.5551 9.7209 23.2829 14.5228 9.165 28.3767 
2.3563 5.1645 22.043 15.045 32.2434 34.5206 23.9668 18.0221 28.9887 31.1123 13.0713 13.5258 12.0262 28.0423 9.2497 
19.7373 16.1533 7.583 18.9 21.6723 11.6169 7.5035 28.7046 12.8808 24.0432 8.1406 23.5822 20.5359 8.1641 22.1888 
22.85 14.1003 4.3146 15.6491 18.1583 10.1544 5.01 26.4748 8.2022 22.8596 10.3734 22.8272 18.2656 7.097 26.078 
21.2691 17.2947 10.6933 22.1732 20.9011 7.9855 11.4712 27.0749 12.6591 26.5463 8.1567 22.8582 22.7487 10.3046 20.6371 
17.6267 20.3842 25.359 12.4387 30.3761 39.5041 30.4336 6.2504 26.0603 24.0773 26.3294 37.0316 11.7401 33.3144 30.7519 
25.1673 22.4536 7.4138 21.5355 9.0955 9.8344 5.9997 27.5006 3.5795 14.2507 19.6019 33.8967 27.5228 4.3201 32.8822 
18.2462 22.3122 25.802 11.9198 24.6929 34.0971 28.2123 4.174 26.8865 19.2213 25.5943 30.2576 7.7891 33.9768 29.9031 
18.6771 20.3052 25.2379 12.7954 27.8913 41.5811 26.6017 2.9054 25.934 19.067 23.0356 29.6316 11.5059 35.6289 34.8565 
13.2275 16.6635 17.7793 5.8636 22.8002 28.3999 21.8054 5.46 19.6823 19.1378 16.7038 29.5237 2.7376 27.4243 23.8337 
3.576 5.4413 18.4233 10.6088 22.7694 28.7106 19.7599 13.6281 24.1014 28.3745 10.967 14.665 8.111 26.2667 16.033 
21.9432 26.6464 33.4269 17.1894 36.8526 39.5708 34.0373 12.6774 30.1601 31.2871 33.6339 34.323 13.9078 42.2758 32.5306 
5.9826 4.7016 14.2157 11.0853 21.4841 27.7066 17.6136 15.4871 17.2771 23.1863 9.6455 15.8343 8.0155 22.4961 13.7554 
4.2042 8.9636 21.2999 11.6429 31.7562 28.5085 23.3905 11.6494 28.1716 28.4772 14.7514 17.5637 5.0539 27.8995 16.7625 
15.285 25.7142 34.9041 21.6244 32.1523 42.9997 33.9276 11.0174 32.4127 26.6235 31.27 28.2313 14.7845 44.1 29.8523 
8.9175 12.5742 18.0478 8.0558 23.5839 27.1855 23.3716 5.7703 20.0573 22.929 16.3334 25.1641 1.8074 22.9108 26.4984 
21.1236 19.2567 2.0454 14.9306 12.1231 9.5567 2.4771 23.0718 4.9454 16.7599 14.6285 30.012 18.911 4.3314 29.2025 
24.0064 20.3549 7.7052 20.9336 18.0649 6.0635 7.4316 25.8989 10.0336 21.47 12.3396 22.1142 21.5825 5.3193 26.6893 
11.7187 6.7795 12.8459 13.1277 22.1784 18.5446 11.9743 20.3265 17.9221 27.3556 2.7077 14.3325 13.3836 16.6433 14.3889 
12.0093 6.995 19.6508 20.1801 31.7735 25.3329 26.1215 28.7327 26.3286 35.3378 9.3539 5.3049 20.3809 27.7169 4.3426 
27.7433 20.8228 12.7117 21.0852 26.257 6.015 14.1544 31.1818 15.8477 31.6741 13.9914 24.0176 29.6897 10.2878 25.1216 
28.9165 24.2557 8.9186 22.5509 16.1833 3.7888 8.7791 30.4532 8.2049 21.1981 16.7276 32.2985 28.4062 2.5208 32.8371 
27.4137 22.0373 6.7569 18.9534 9.5074 9.5998 4.8891 28.572 3.2638 15.0654 19.0152 28.8611 21.8123 4.3064 36.3566 
19.8127 14.5896 4.5498 13.94 15.5792 11.8192 5.1912 23.6142 8.6018 19.4837 9.2795 21.7529 18.0545 8.8933 24.8293 
24.5496 23.8129 7.4991 20.0692 14.5015 7.1618 5.7508 25.0693 6.4762 20.4552 19.6101 30.9541 25.3245 1.3545 31.8443 
32.3528 34.879 16.6855 16.6612 7.89 29.3043 17.2982 19.3447 15.8861 2.8766 28.6586 47.8133 21.7773 21.3456 44.8692 
3.0793 2.8738 18.313 14.8974 27.4819 26.0875 18.0684 18.437 23.1594 26.0223 8.3885 13.6059 9.8211 22.118 13.5982 
16.6374 9.4258 16.5747 20.1037 32.6252 17.9135 20.7958 29.4887 22.3521 32.4254 5.3934 11.0602 18.2168 21.0912 10.6923 
10.4879 4.6136 11.6116 12.8652 23.2682 19.2299 14.4896 16.8433 15.5787 28.1154 3.3674 15.5743 11.6097 18.6281 13.843 
14.6452 12.9242 5.3487 12.0991 18.1707 13.359 6.1318 20.9644 9.7806 16.2166 8.513 25.2438 13.4404 9.7352 22.522 
13.1705 15.9156 17.4146 3.479 22.3162 25.9831 18.5033 6.9405 19.2758 18.7306 15.4108 23.3088 3.1454 22.3565 25.5865 
11.8423 15.8647 16.7077 3.6406 22.4961 27.259 15.12 6.0834 16.1444 15.7541 18.4107 22.7592 3.2973 23.3261 20.9557 
27.0487 25.7845 8.1769 13.6721 4.3554 18.6613 8.4381 18.2205 5.6549 7.9842 21.6674 37.8063 17.9383 11.4176 35.8912 
8.0508 13.5998 27.2359 12.2311 27.5092 37.676 26.5849 10.7083 23.6263 23.3356 20.2091 26.9606 6.886 26.9445 22.0071 
10.9902 6.1081 14.2532 15.8511 23.8681 18.4153 14.6385 21.2261 21.3601 29.6878 2.0451 12.7901 17.0322 19.0267 13.9814 
18.6647 16.332 5.0743 7.8864 14.3781 18.6472 6.0175 14.975 7.8994 16.8043 13.1588 25.7544 12.4127 10.9378 22.771 
10.991 7.9349 21.3654 22.5497 34.6497 25.6257 27.096 23.5673 26.603 32.5058 10.8999 4.1301 19.4123 30.8535 3.3035 
14.6776 23.6546 34.2034 20.2079 31.8316 47.7473 35.7411 14.3362 34.5322 32.4963 29.2768 30.9833 13.4975 34.5826 29.762 
18.3965 24.2002 23.849 15.8615 29.8401 42.8982 31.3055 5.9872 28.5143 23.4288 29.6125 32.4419 10.547 36.1632 36.0136 
24.6877 20.1303 5.7884 14.7823 8.1998 10.9234 3.7179 22.9355 1.4203 12.2069 20.3557 29.8435 24.2276 6.3401 30.8265 
14.274 17.7824 30.6529 15.8282 30.7623 34.1201 29.0235 6.8441 26.2221 27.6698 23.9208 28.227 9.7269 32.3693 27.7701 
17.5327 16.0982 19.7048 3.9804 20.8211 29.8888 18.3141 3.7472 18.1011 16.8819 20.2969 28.3581 7.3502 21.0483 26.1044 
21.9106 19.1193 10.7964 9.3547 8.0483 19.048 9.169 14.382 8.1151 6.7976 17.159 29.5857 16.68 13.151 31.4381 
6.5439 8.9426 20.3735 9.6624 22.3173 28.1942 21.3019 9.6066 19.9246 24.3774 14.6707 23.8976 2.3437 25.0087 18.6949 
4.3745 9.5097 23.6979 13.327 26.8491 34.9227 27.0427 15.5193 28.493 31.0445 15.0288 21.4562 7.5503 30.8817 16.5559 
17.8447 28.1722 31.8204 21.4723 38.4771 51.3228 31.8203 14.0012 32.7189 29.7807 30.009 37.4657 17.2159 40.2263 36.9462 
13.8895 14.1813 28.3624 27.6757 45.3015 33.9743 26.8962 32.5946 34.4854 42.0168 18.5325 3.1064 26.3602 33.1724 1.8004 
28.8472 20.7149 5.2928 18.9241 8.8966 13.0242 4.9461 28.3989 2.2287 15.918 15.8899 29.105 22.1623 4.9146 37.6772 
10.1434 5.4837 11.8911 11.2797 24.9851 23.0854 12.2467 17.8091 17.0934 23.2764 5.8243 15.0973 8.4808 17.1276 14.4872 
19.7723 23.9092 29.2157 18.9671 35.6902 41.1678 32.8475 14.7376 39.4042 27.3375 29.8155 33.5442 14.3526 44.2946 33.9792 
7.4821 12.0708 20.2259 9.913 27.2816 27.2141 21.3565 9.7103 24.6841 23.6435 17.0389 24.4338 1.7253 28.3883 21.6731 
25.9887 29.0707 17.1445 10.8121 13.1709 28.4787 18.9759 12.5209 16.4287 5.3612 28.0558 41.1252 18.2015 24.6747 36.7202 
26.1344 22.9673 8.8909 25.9232 21.3512 3.2609 10.6922 32.1727 11.6112 28.2415 13.287 29.4326 27.4727 5.491 26.1255 
8.0914 11.9576 17.6527 9.0613 26.8032 32.6401 24.203 8.0076 20.9394 25.5235 17.6114 21.1023 1.7346 27.4647 18.6558 
17.2239 12.833 4.9701 11.979 14.354 12.8588 5.5253 18.7635 9.0407 19.5291 8.0104 20.2198 16.5015 9.5711 26.1861 
19.5491 21.7873 24.848 10.394 23.4891 37.6377 24.6811 1.495 22.2742 16.6824 23.1729 31.7589 7.6388 28.1548 32.4465 
16.4902 24.2588 27.6651 10.7799 21.9647 40.7581 26.2294 3.2368 23.6119 17.6051 24.8094 30.2186 10.6905 33.2531 34.1359 
27.5723 23.5538 8.9788 14.1205 3.3707 19.4497 9.2552 20.3484 4.7162 8.1633 20.6702 33.386 19.4829 13.4037 33.5643 
10.2463 17.3549 24.5906 11.1775 25.3657 33.4012 22.9786 7.1278 27.6798 25.1723 22.0273 28.6761 6.3151 28.2081 24.9764 
20.6481 22.6211 26.732 12.6404 22.5351 33.2778 26.9762 6.8037 20.9589 13.5425 27.7913 36.279 14.1199 32.0157 38.9634 
31.6959 24.2951 8.1628 21.0092 14.2518 6.0313 8.0268 31.6787 7.3893 21.7999 19.3769 28.0389 23.4343 1.5925 32.3528 
21.3627 16.0084 9.3698 21.4282 21.3088 7.3677 12.3005 26.1324 14.0866 26.3701 9.8458 20.417 25.4325 7.5403 24.6549 
18.3342 11.8374 5.5206 11.3091 15.0072 15.8533 7.1175 18.9761 10.1335 17.7391 9.3761 19.421 13.1788 10.8738 23.1579 
28.0686 23.6321 19.4254 11.8924 12.8786 30.1966 20.5309 10.4159 18.8794 8.3634 25.3199 40.9733 18.2165 27.6687 42.8057 
9.0051 11.4617 22.8594 9.0825 23.8384 28.2845 21.7876 7.191 23.1939 25.7964 16.5514 22.2516 2.1532 25.7665 24.8903 
28.8386 21.9318 3.8142 16.1531 11.3028 8.6689 3.1253 26.1207 3.805 19.3166 17.8648 32.5605 23.0238 2.6266 32.6551 
4.8135 8.6239 24.6663 19.4154 39.4457 29.866 27.6935 20.771 31.0466 34.3348 16.9096 10.4798 15.1458 27.1885 9.3434 
13.3975 18.1571 24.2714 12.7055 26.2364 41.2312 29.5886 9.1085 31.8422 28.5398 25.6804 26.0499 8.0533 32.4129 24.032 
34.9049 28.4853 12.9189 25.0403 20.2122 1.3733 13.7349 38.7041 16.6259 29.6348 20.8033 30.7149 35.2364 8.85 26.9776 
23.8347 14.6102 13.0549 19.9345 26.9232 11.2804 11.0722 31.3485 18.1129 26.1894 8.7523 17.1494 26.3097 12.8109 20.2099 
29.1668 22.8041 8.2575 22.8652 12.6226 8.5878 5.6277 31.554 5.7032 15.7613 16.9477 36.0328 24.3705 3.1707 34.403 
9.0314 10.8276 24.9985 26.9283 40.8418 32.5922 27.4747 23.8107 35.3367 33.7085 13.2619 8.3145 19.0241 33.4358 4.4892 
28.5498 26.7518 13.9972 10.2775 10.9712 30.4325 16.2156 14.3212 15.5247 3.5793 26.32 34.0835 17.9975 21.7697 32.8128 
13.3074 13.1819 7.0073 8.3127 14.6177 18.0061 8.0102 13.8127 9.9168 18.2858 9.5664 20.1628 12.8055 14.0284 25.5967 
25.0271 27.4757 14.7296 9.2039 10.6869 24.4724 15.3437 15.2287 13.0333 4.3306 24.616 34.1964 19.0339 22.2292 32.9761 
21.2025 20.737 1.9198 17.2719 14.3522 8.8745 2.0334 23.1761 6.0995 19.7605 13.8005 28.1067 18.3588 5.0798 28.7852 
18.7357 15.3002 13.8616 24.3499 23.5963 14.1038 14.2645 26.7466 17.9014 28.3563 7.445 14.6525 20.0359 12.4758 19.245 
6.537 9.5168 15.1394 7.3145 27.0833 27.1814 17.0118 10.6815 22.3892 22.0796 12.973 22.2404 3.2284 21.1613 19.0846 
13.8816 12.0967 30.2778 22.351 36.5353 34.8082 27.4194 30.9785 31.0358 34.762 15.499 4.7368 21.5414 33.0783 1.9315 
20.0132 13.715 13.4732 23.6041 24.3354 15.9628 15.2787 28.5686 19.482 34.7148 6.9406 12.6767 19.5414 15.0848 13.7629 
14.5499 7.9089 13.4595 17.2956 24.0778 19.8223 14.2996 21.8274 15.8303 31.6025 2.0354 11.9052 18.39 15.0501 13.3862 
8.3963 6.7816 20.7586 23.9972 30.8145 29.9451 22.2295 22.164 30.5138 32.0851 9.3773 6.641 16.3996 23.6723 4.8203 
6.0186 9.1523 19.6125 11.81 28.3202 29.1149 18.9319 11.1646 22.0926 21.9628 15.2523 23.4025 3.4835 24.6779 20.243 
32.2633 22.4496 9.422 20.2727 16.1868 5.7794 7.8093 30.0658 8.4192 21.7915 20.3966 34.3479 27.5805 3.2143 35.0402 
26.4729 22.9783 5.9104 17.7016 17.3213 5.4787 6.7943 32.0457 8.5306 22.2006 16.4119 25.653 21.7234 1.9746 29.6113 
16.6839 15.9428 4.9473 7.7824 12.0911 20.3269 5.3488 17.1934 7.4099 13.6584 12.8922 31.2185 16.0348 13.4953 29.0515 
28.9138 19.6396 4.1089 14.1722 8.9894 11.1328 3.0824 21.0467 0.9657 12.5836 17.673 30.2925 21.5835 5.8371 27.9498 
14.8007 14.158 7.1546 6.6535 13.395 22.0564 8.6577 15.6916 9.6358 18.3125 9.4843 22.8833 11.1436 13.6527 25.6168 
13.642 7.8415 22.6482 22.6604 36.4976 28.1493 25.6443 27.4082 30.967 39.311 9.6825 3.8886 22.6877 28.29 5.1191 
4.3878 1.6623 15.8198 15.4836 30.3685 24.3992 19.9021 15.9127 25.0471 24.8178 9.0095 14.3705 12.1176 20.5197 12.3442 
6.9875 5.4321 24.2505 21.8898 38.7115 32.8121 24.7768 21.077 28.215 31.9606 12.6684 7.8981 15.5663 31.6017 6.1273 
25.9162 28.1206 8.4331 18.9534 3.7729 17.4433 7.9843 23.4603 5.4294 9.7802 19.8384 37.3883 21.8836 10.5145 31.4572 
8.4162 9.673 31.0125 24.0443 39.2166 29.69 24.8499 24.778 32.9434 36.2222 17.7744 6.9813 20.6558 30.8239 4.6653 
20.53 18.4165 1.1893 12.9065 11.5911 10.7458 2.7376 23.1444 5.5275 18.5305 10.8308 27.4409 19.9914 7.498 26.6929 
4.0181 8.7676 20.3804 15.6951 26.937 33.0301 21.0622 13.868 24.0167 30.2283 17.5442 18.4052 8.0607 31.7724 16.2972 
7.595 2.3934 14.6887 12.3584 26.5685 21.0752 16.2975 19.6965 20.5794 23.2069 5.2401 14.3629 10.2699 21.4426 12.2675 
3.3979 6.701 19.4489 12.604 26.8628 29.3757 17.7843 11.8726 20.3943 23.7388 12.9204 16.6387 6.1047 25.0777 14.949 
19.4984 24.0657 26.6979 10.3448 22.3364 42.4957 24.1141 3.5057 28.1419 19.9421 22.7236 29.2433 11.0587 34.6813 35.3729 
16.9538 15.602 9.764 3.0008 14.9839 23.3015 10.9683 10.1288 12.8133 12.0095 16.297 22.8819 9.8202 18.5277 23.7463 
28.6236 23.8356 4.624 17.0604 10.6237 7.8324 4.5994 29.8787 4.8446 16.3077 15.4627 34.4539 23.5411 2.5767 31.1579 
4.3037 8.58 28.0015 18.1391 32.3053 30.7965 24.1248 21.4992 32.425 35.2408 14.518 11.2392 14.8712 26.0354 10.6986 
14.2748 11.4667 8.0905 6.0953 18.0355 17.6114 9.2417 15.1789 13.1138 15.5958 9.9617 26.4605 9.7205 14.6797 22.0637 
27.6443 23.9057 17.1206 10.3026 11.084 25.1174 13.4988 14.529 12.7135 4.1392 25.4941 37.1073 17.672 17.4839 37.6429 
22.5383 19.2037 7.8628 19.011 18.1441 6.2666 8.3268 32.3302 12.0389 25.6443 11.75 27.3627 22.3805 4.4343 27.5073 
6.3881 2.238 18.6477 18.4905 27.7472 29.231 18.1205 24.5301 27.4387 30.0265 7.9783 10.1754 13.9367 23.2658 9.8698 
22.3517 18.0624 1.6911 14.4609 12.6602 10.3294 1.0903 23.1608 4.6385 17.8269 13.987 25.4714 18.9139 4.5833 24.5187 
12.5178 14.2632 16.4837 3.0115 21.3059 25.1166 16.795 5.0377 16.8444 16.0778 19.8707 30.3446 4.5049 22.5051 25.9999 
30.7523 27.0739 5.9858 19.8507 9.1973 10.194 5.6533 28.8041 3.228 15.2947 16.7224 29.7753 22.0556 5.2166 38.2895 
6.4889 5.8472 14.151 9.45 22.3321 21.7917 13.5439 14.6291 16.616 21.112 9.1117 18.8482 6.475 21.6797 18.0401 
21.6177 15.8069 6.0775 18.2277 14.8818 9.9656 5.5396 23.9573 8.4359 18.886 9.8281 20.6816 20.1142 6.9215 24.4123 
16.7596 12.2592 5.1567 14.5216 17.7806 12.5553 5.8669 23.8717 10.0446 19.9384 7.945 23.1764 15.803 9.3513 22.73 
19.3519 15.3151 11.606 23.7424 23.614 8.6609 10.7371 32.3203 16.3143 24.613 8.4341 19.8037 22.8014 11.4683 18.966 
9.8002 15.2098 30.6302 14.7511 30.8458 38.9675 28.6734 13.6018 29.8609 29.1212 18.8992 21.0435 10.875 31.2047 18.6617 
13.3187 10.945 27.2289 24.0717 43.6589 35.7475 26.8669 25.144 29.0046 39.5378 16.9548 4.0479 20.5061 27.0965 1.9569 
18.1708 21.6204 11.6208 5.6931 10.8944 21.6529 14.269 10.0663 14.0148 7.8205 19.1101 35.2073 13.0357 19.6426 28.0165 
18.9016 19.3282 7.4956 7.5308 11.8483 20.3431 8.5354 15.3655 7.8169 10.6028 13.3921 25.2972 15.003 13.0148 27.0122 
4.0896 10.3939 25.0374 16.8479 34.4501 36.0543 25.5047 14.0969 26.1205 26.8935 15.8501 20.1834 9.1992 26.8188 15.0002 
14.9006 15.6669 17.6023 3.5294 20.2273 32.924 18.11 5.0932 21.5954 16.0905 16.2123 29.1391 5.0965 25.4103 26.2945 
26.9005 23.8294 7.3996 12.1052 4.1921 17.2834 8.718 17.7175 5.1986 7.562 22.6569 35.8526 19.8117 12.5912 32.9731 
2.659 7.5351 21.9778 16.7999 27.8775 30.3154 22.346 14.4531 26.0846 27.867 13.8023 16.3503 8.613 28.044 13.3081 
14.9544 12.4599 5.2139 10.5232 17.0299 14.5628 7.8645 17.8529 8.8224 19.7656 8.8526 24.7186 13.9685 12.0053 23.8289 
11.8968 6.7201 17.4971 19.3861 29.398 23.7395 23.8013 24.0215 25.5321 28.6551 6.3384 7.3425 20.7787 24.3005 7.1599 
24.5399 19.419 6.3932 22.7295 16.1807 5.6764 6.3847 29.3088 9.3861 22.4226 16.1963 25.2251 23.6811 1.8548 31.1981 
3.6874 8.5435 26.9995 18.3375 30.4909 34.1695 24.8314 18.4569 25.254 34.7298 15.0904 18.0835 11.8941 28.0372 13.9773 
9.0079 6.8225 22.2593 19.4175 31.4426 30.7322 25.2802 24.884 30.1333 30.7524 9.8509 6.6883 16.1261 30.2341 4.1753 
27.1701 27.6193 21.5315 10.2958 16.6657 39.4941 20.2557 8.7546 22.463 13.0121 26.5352 35.5213 14.6229 28.0973 37.6118 
20.226 15.496 5.5704 8.1045 12.6204 17.0884 6.6164 14.5537 7.1674 15.1471 12.6927 26.8834 15.4657 13.1232 24.4679 
9.1363 9.3958 14.6627 5.9194 17.4332 22.4348 15.7565 11.7626 14.0974 19.26 11.7872 24.5213 6.2047 16.8998 23.2061 
32.3932 34.1457 22.8247 19.8333 11.6476 35.5006 24.2794 19.8139 20.9524 5.4005 31.5813 47.2924 27.1521 26.7135 42.8315 
9.7611 11.4389 17.256 4.0433 19.9748 25.7566 14.9578 7.8748 15.9497 15.8985 13.6624 25.2929 3.8606 23.1604 21.4204 
9.605 8.1551 10.2798 11.804 20.7246 17.7925 13.2135 17.5083 15.9112 19.7943 5.7358 15.6416 10.9681 17.5128 15.6145 
10.5888 9.4148 13.3758 5.3339 22.998 22.7844 15.5435 8.9937 17.3258 20.0848 12.0058 24.5146 4.3523 22.0712 20.3202 
9.3398 6.224 20.4972 21.2177 32.5396 31.7716 25.188 28.3089 29.2869 36.8217 10.8574 6.3549 17.6246 30.5138 4.1478 
16.4144 20.0539 26.9066 12.2719 30.5938 35.4699 28.7374 7.7155 29.9124 27.0158 24.9423 32.1166 9.4201 34.7693 25.6811 
17.7751 15.6972 7.5253 18.3175 20.8969 10.0482 9.812 26.8008 13.4075 21.4983 7.7191 20.711 19.7582 10.0586 20.3923 
6.1958 8.2852 27.5437 22.5698 30.8203 39.4603 24.2952 20.2532 34.9445 38.3007 17.9028 14.2715 13.7759 30.8587 10.2843 
23.283 12.5268 13.2048 23.8528 22.9286 11.974 15.8728 33.0618 18.5325 31.8868 6.6684 16.2923 24.1696 14.0656 17.0621 
11.3582 9.7034 8.5698 6.1703 16.1912 21.0623 9.9553 16.2097 13.4548 19.1396 9.6847 21.6865 10.0734 16.0951 18.7597 
24.6492 22.9196 4.3775 19.3971 14.156 7.3173 4.4232 29.5107 5.9204 17.0964 12.8402 31.618 21.8295 1.7436 26.319 
14.0766 6.8566 21.674 21.3978 36.8045 25.1416 24.6697 29.4448 27.2594 33.4606 9.94 5.3321 21.5181 27.4535 5.3155 
29.2609 27.272 17.2081 12.614 7.6458 27.5514 14.9427 16.8658 13.4131 2.3724 27.972 39.7632 21.3432 19.9041 37.969 
6.9945 8.5518 12.654 7.5673 23.6172 27.874 14.7693 14.1436 15.6428 23.8706 10.6529 19.5922 6.1358 22.0254 18.9856 
19.5135 19.5894 17.8473 8.7398 19.5013 33.3429 18.7896 4.8087 21.1948 15.086 22.5988 30.4111 9.7263 27.7707 32.5978 
33.1766 29.1582 12.548 15.7556 0.8853 23.0719 12.3006 19.4942 7.4781 7.2047 21.5205 42.5217 22.418 15.3565 43.0384 
28.2149 18.6836 3.5562 14.4526 9.8618 8.9984 2.8457 24.12 3.7353 14.467 13.5745 30.306 23.296 3.5564 28.8811 
17.7423 22.0405 28.211 13.6268 29.8141 38.1355 27.6771 5.522 30.1312 22.8723 23.9478 37.8387 12.0208 34.4636 32.4439 
13.5598 16.1339 18.6615 4.6043 20.3939 31.0499 16.6526 3.5206 17.833 15.7669 18.2455 28.8197 6.415 26.7651 26.0306 
9.6293 3.7774 12.6478 15.2313 28.4384 21.2926 16.258 21.0677 18.6902 29.2116 3.5584 12.2935 11.9361 18.6343 11.9813 
16.6796 16.1814 9.8597 4.5601 15.3718 21.1867 10.8967 13.2627 12.2235 14.8066 12.7883 23.0901 10.3332 16.1347 23.7976 
5.1072 13.3362 28.2413 15.0434 36.566 32.4724 23.7918 14.7343 29.3626 28.6311 17.2795 20.0778 9.6642 32.2798 19.8178 
15.2674 15.1906 3.7676 10.6411 14.0351 14.0704 5.0039 19.3409 7.6537 17.3426 11.9128 27.9981 15.5371 10.8101 24.1598 
2.9901 5.6194 22.408 16.0896 35.2671 29.5453 27.0846 16.9075 25.1456 26.8385 11.8467 12.2915 12.9928 30.219 11.0321 
18.4104 16.1696 7.3063 15.097 17.7733 10.4826 8.4312 22.5387 10.6754 26.3758 6.6926 23.5052 22.824 9.1084 24.3255 
19.6545 14.718 4.9761 14.7646 18.4596 11.1482 5.932 21.1496 8.2392 22.1301 8.5718 21.3519 21.1802 6.2673 25.9559 
21.8503 14.9851 8.8087 21.2092 24.0188 9.7644 10.9244 27.8397 13.7416 26.8499 8.1339 18.6713 21.34 10.2037 23.9378 
17.5436 22.4487 25.0759 14.2095 30.2388 38.714 31.7331 6.6627 32.3625 25.0899 25.6841 31.4931 9.8274 35.0733 35.6873 
25.3644 24.5417 7.2209 20.9139 9.7991 9.7631 5.3428 25.5636 3.6484 16.3413 18.5831 34.8131 27.4364 4.4971 30.2279 
16.437 18.3003 23.9372 9.864 27.1532 33.95 28.6113 3.2933 25.2638 21.3381 25.4676 34.6649 8.5422 33.9234 30.0215 
20.3979 24.0369 25.1595 11.4136 26.553 33.6609 23.3926 2.9109 28.8915 18.9705 22.7915 34.3027 11.0389 34.8268 32.7784 
13.0672 15.1809 19.2532 6.6522 24.6029 29.2557 21.6747 5.208 22.1253 17.4798 18.2512 26.6842 3.2739 22.008 27.7277 
3.0269 5.4624 20.039 12.577 23.1257 29.8612 19.732 12.9775 25.1269 25.537 12.2288 18.0225 7.8621 20.8929 14.8786 
18.6924 25.1148 29.5247 17.9619 37.7067 39.7744 33.0484 12.8722 34.772 32.0201 31.1551 30.0265 15.7557 41.0535 34.6873 
5.6459 4.6225 14.3941 11.6815 26.8911 23.0447 15.9591 16.2045 18.6415 22.3457 8.4323 15.0022 7.8867 21.9272 17.395 
4.5951 10.678 21.5564 11.2637 28.7283 30.23 22.6954 11.869 27.2501 25.7949 17.4302 18.3538 6.4254 28.8136 18.9296 
18.6541 26.2827 35.9553 16.6539 34.2965 43.2368 34.8716 12.5898 30.4963 29.6664 31.212 34.7259 13.0636 34.958 31.4887 
8.9675 14.6985 20.023 8.6019 22.0075 35.7362 23.5992 5.6702 24.496 22.6326 20.5269 23.7401 1.7642 29.9201 24.4075 
24.6323 17.0508 2.1157 17.5337 13.589 8.905 2.2064 25.0691 5.0728 16.2494 11.4179 27.2446 21.4844 4.3773 31.2167 
21.7121 17.1008 7.4523 19.6024 20.0036 6.077 8.3682 24.8791 9.5268 24.6157 13.8812 22.259 26.5826 5.3478 24.4835 
10.4702 5.3652 13.3551 14.8078 21.1098 16.529 14.3805 21.9127 18.6142 27.3066 2.7719 15.6663 12.7756 15.0356 15.4775 
11.8564 7.4227 19.5403 20.4957 33.7255 25.2709 21.8687 28.4047 25.5113 34.1458 10.6669 4.7859 16.2346 26.742 4.9974 
29.1177 20.5564 12.099 22.963 23.7302 6.4959 12.432 30.751 16.5323 29.0806 11.6445 25.0991 29.0439 8.7143 22.0886 
32.5647 21.15 9.3281 24.0873 14.1679 3.602 8.2488 28.6951 9.3989 20.8716 15.1268 30.7062 24.7739 2.8561 27.5714 
30.5183 20.9498 6.2903 17.4045 7.9388 11.0369 4.3528 26.3364 3.3479 15.2588 21.118 32.4107 26.2666 4.2566 36.8575 
16.1915 13.0099 3.9559 12.8149 17.3445 11.2268 5.0867 20.4745 7.7665 20.8416 8.6186 25.5103 19.3609 8.5061 23.8488 
30.2828 20.9053 7.4549 20.1269 13.4236 7.1724 5.122 29.1981 6.6893 20.4443 17.1203 33.2827 24.0226 1.531 34.2456 
27.6616 30.3288 16.1889 17.1968 8.4496 29.1134 16.1112 22.6794 16.5314 2.4353 27.2074 40.8274 22.7908 23.471 45.2396 
3.201 3.1852 15.9422 14.2568 30.1556 30.6015 19.9943 15.0178 24.2607 27.9589 10.6142 13.0972 9.7543 25.6713 13.0118 
14.8572 8.3184 19.7445 22.2872 33.4256 20.024 17.7734 26.8115 25.3739 29.8332 5.0877 9.2966 19.6971 19.6494 10.4341 
9.7763 4.9819 11.0329 12.2416 23.4619 18.5299 13.4707 21.3371 17.7822 25.5145 4.1053 15.3894 11.527 17.3121 13.6057 
17.6909 14.5299 5.2409 11.1416 15.0251 13.0321 5.8174 18.1134 10.0167 21.16 8.449 25.3012 14.2434 11.397 25.4073 
11.0966 15.0449 15.5678 3.8036 18.5023 24.6393 17.0579 6.382 17.496 16.0815 16.7079 27.097 2.9953 23.0809 24.8129 
11.9486 15.203 17.415 3.4148 21.0395 26.2503 16.0007 5.816 18.6805 18.3681 14.9997 29.0833 3.8666 26.0933 23.4855 
22.0373 24.0381 8.5667 13.6403 4.9228 19.8101 8.4314 18.7828 4.8475 8.4341 19.4835 37.1011 21.504 12.29 29.0846 
9.4318 16.4681 25.8834 14.0473 29.5401 32.2951 27.7672 11.4125 28.8487 30.1362 22.0452 23.1662 6.4885 34.9995 22.6856 
11.7466 5.9465 13.0506 19.0657 23.942 19.4475 17.1869 20.7944 17.499 28.7265 2.1142 10.8471 13.8522 16.2299 12.8238 
15.4627 14.0049 5.7117 7.5116 12.2191 19.3701 6.7114 15.9175 6.9706 15.8256 11.9295 25.2638 14.8633 9.93 22.2544 
12.3031 8.8018 26.4688 26.0644 39.0775 30.8451 28.8317 27.9812 32.5423 33.3969 11.4939 3.544 20.2465 28.3436 2.7583 
14.8442 25.0131 36.2197 16.3583 35.1723 47.5383 32.5469 11.0588 32.6331 30.2506 28.4513 30.0741 12.5371 43.1792 28.5545 
20.1793 24.3536 30.2501 14.9792 30.1554 35.7428 25.3973 5.5875 27.9542 24.4635 23.7564 34.3759 10.8591 31.0791 31.5691 
24.2229 24.3119 5.8089 17.7722 8.2183 13.5986 4.8418 24.0715 1.5944 14.5764 18.6299 32.6169 25.6386 6.3468 36.9058 
15.6792 19.0832 26.5151 13.9957 27.3149 38.2887 29.9496 7.1108 27.1321 23.4408 24.9823 28.4354 10.7751 32.6785 25.1795 
16.9492 16.9631 15.7212 3.5459 16.9422 33.8513 20.0699 3.9129 16.2492 17.2626 22.4718 26.7506 6.3676 24.3619 30.6018 
24.6281 18.0598 10.9368 8.1922 7.7063 22.2423 8.8193 13.3153 9.1053 8.0981 19.1651 30.6008 14.6049 16.1212 33.0673 
6.0466 9.9458 19.358 8.651 27.025 27.5997 22.1459 9.6334 21.2657 24.4103 16.0138 23.8256 2.2487 22.5135 21.3727 
3.891 11.564 22.4507 14.1102 28.9609 33.6662 24.5066 13.617 27.8546 29.5763 15.5813 18.4254 8.7069 27.5805 18.4116 
19.2336 23.1131 35.3465 22.5203 36.6969 45.4261 34.6222 13.1747 36.6571 33.1793 33.3572 36.4322 16.2963 38.7666 30.6449 
14.7055 14.1026 29.1296 30.0909 39.1458 32.8861 29.2912 34.2834 33.2271 42.823 15.7141 3.0947 20.6964 29.3752 1.8111 
27.255 22.8897 5.4022 15.55 7.5583 11.8405 4.4031 28.1908 2.3344 15.3809 17.6683 36.4324 26.0266 5.8381 37.4317 
7.829 4.9363 12.8033 9.2289 19.231 24.1041 12.0404 16.8207 18.6521 22.0771 6.8184 17.5106 9.4435 19.1817 14.614 
16.7308 21.8622 32.53 19.4702 34.7694 48.4298 33.7261 14.6889 30.7674 27.1181 31.1945 28.3264 13.4222 35.9014 30.0847 
7.1355 10.362 17.5226 8.8665 26.9354 27.2496 20.3907 9.2339 20.3663 21.6814 18.6961 20.6798 1.8671 23.7584 22.8186 
26.4251 24.9878 17.9899 9.205 11.7138 31.8417 18.4257 11.8717 14.2045 4.9376 27.8036 41.3494 18.0826 19.6253 41.2359 
23.1091 19.2082 10.8225 21.9555 18.9478 3.0692 10.4583 35.2726 12.073 26.2389 14.394 25.8845 26.794 5.5539 27.639 
8.9526 10.8517 21.4757 9.7833 25.4822 29.3144 22.3669 9.6851 26.207 20.8093 16.2085 24.848 1.8646 29.761 18.6132 
17.5619 13.1418 4.7514 11.7725 15.8212 12.8294 5.0293 18.0986 9.1229 20.0553 7.945 20.995 14.5991 9.4852 21.2233 
18.0609 20.4252 21.8213 9.8594 24.9803 36.5502 21.9702 1.6012 22.8088 16.321 22.0218 30.9106 8.699 25.2587 29.4341 
16.8611 19.3935 22.4549 10.8271 27.792 33.2844 28.1726 2.7892 26.694 20.6399 28.8683 36.9152 9.3786 33.333 32.5867 
27.3133 24.0106 9.2538 13.2275 3.3335 19.7846 7.2501 21.6449 4.7537 8.1948 21.851 36.9545 22.5398 10.7608 32.5656 
10.9186 15.7631 23.5401 10.6633 24.6686 36.2668 25.3772 7.3795 28.3269 21.9673 19.6249 24.5697 5.4463 34.2035 24.8631 
20.8811 21.8951 20.8553 11.6164 22.8342 40.8251 22.2753 5.75 24.4222 14.2387 27.681 39.2059 13.1819 32.7146 39.0143 
25.5673 25.0712 7.8476 18.9343 14.8248 5.2335 7.8034 26.5763 7.7473 21.1868 19.5654 30.7529 26.7515 1.9046 34.7942 
20.8028 15.6382 11.1191 22.9979 24.286 8.1517 9.9844 28.3626 14.7727 27.4695 9.9135 25.1286 22.2279 9.0652 25.7121 
15.5128 12.5382 4.6026 11.4603 15.1468 15.1664 5.5654 18.113 8.1483 17.3519 9.4541 24.7801 14.9912 9.6986 21.2673 
29.637 25.4601 20.5121 10.9781 14.7012 32.1439 19.7309 11.7427 16.0408 6.3244 30.4616 37.1008 16.0475 25.2578 38.8384 
7.8026 11.4654 17.8985 9.3577 23.1287 36.0051 20.9382 8.4103 21.5782 23.9156 18.5889 21.8516 2.4173 25.2793 22.229 
25.7758 20.0436 4.5972 19.9437 12.0474 8.7251 3.3716 27.865 4.2628 16.1457 17.2302 29.6082 21.0975 2.9799 34.2595 
5.7752 9.1682 25.211 18.4716 30.2616 31.7213 26.467 22.679 30.7211 30.9786 13.5775 11.6043 13.5243 33.1875 10.5766 
15.0373 18.6989 24.2866 13.6855 30.0887 34.2779 29.1591 7.5021 30.4777 22.6983 25.0695 29.0612 8.2468 35.9914 27.712 
32.2582 22.6681 14.5774 24.9705 19.6743 1.6206 13.9349 39.5376 13.7807 28.7637 20.3652 28.7628 30.5855 8.4868 29.2644 
19.2035 13.7694 10.0883 19.7994 21.7802 12.339 10.8522 29.7248 16.8446 29.0444 8.4445 18.9628 23.1872 13.057 21.8695 
30.2905 25.1435 6.5881 19.2894 12.7657 8.2896 6.8631 29.7823 5.0537 20.1867 20.0363 30.8536 23.2621 3.1623 28.7385 
8.4069 9.1738 24.8268 23.5347 37.7776 29.3255 27.2622 24.5213 33.971 34.742 15.0126 6.9141 18.4867 32.5806 4.6628 
22.8091 26.0621 18.0861 10.5937 8.4656 30.253 15.2535 11.9356 14.8585 4.383 27.8683 33.8276 16.789 23.4611 38.238 
14.8471 12.4749 8.2165 8.006 15.7046 19.0384 9.1184 16.4585 10.4447 17.1738 9.1643 23.1589 11.5557 11.6903 23.7192 
26.0972 26.6966 15.0508 9.8456 10.9996 26.935 14.7628 12.2539 15.0349 4.8572 24.1694 40.2046 15.9941 17.8859 39.6063 
20.7547 19.6914 1.8482 14.0472 12.7616 9.1793 2.2948 26.0595 5.1006 16.9353 14.1793 25.8757 18.0837 4.9794 28.2213 
17.8991 13.8232 12.542 19.997 28.9472 11.3768 16.1708 30.828 17.3144 29.4982 6.7984 15.2177 22.2518 12.3617 20.5133 
6.0896 9.9126 19.3553 7.1951 24.1608 29.0416 17.3436 10.1041 20.7075 21.1419 13.8368 20.0205 3.0494 24.908 18.7752 
12.0265 10.7841 24.0488 22.4839 41.6608 30.6451 26.4045 32.7338 35.0756 35.6768 17.2466 4.0696 18.9579 29.2372 1.6685 
17.1891 11.4773 13.031 20.2466 26.5273 16.3343 16.1441 26.5559 18.4197 33.7337 6.1132 15.7081 21.0091 17.3347 13.5909 
13.4086 8.7513 14.6604 20.1782 28.3896 16.8812 16.3345 26.8034 18.831 27.2596 2.0302 13.8983 16.6883 14.657 13.6047 
10.5875 6.2797 20.1509 21.4515 37.3189 28.529 22.3593 24.6893 26.9335 38.3669 10.9245 5.3396 17.1688 24.6473 5.2897 
5.6091 9.805 18.2091 9.8371 30.6584 35.3979 23.3504 12.1128 20.9147 27.5051 16.6805 20.1172 4.058 24.5855 19.0653 
28.3257 26.3017 10.0259 20.9639 16.2824 4.874 9.5717 28.3453 9.2308 20.7863 17.2538 31.649 26.5236 3.0707 30.1474 
28.3734 23.8884 6.358 22.2449 14.7143 6.6089 5.8387 24.8637 8.5376 23.8622 15.4014 29.4455 24.2332 2.0872 25.3551 
EOF