I 150
J 15
bounds (0, 100)
cv 1.5
D 50
k 5
t 3
FLR 0.8
FCR 8
λbounds (80, 120)

λ 
109.0086 85.6633 83.8094 
98.8141 103.1711 82.5661 
89.3722 102.999 114.4202 
82.2406 105.7071 83.9946 
95.9112 84.8986 91.259 
82.0739 111.5167 94.9272 
88.0968 102.1819 92.201 
112.9876 93.2652 112.139 
80.9839 107.5465 85.9443 
93.0449 103.5438 103.5183 
108.2916 97.8388 108.1823 
112.8618 93.4339 102.0253 
82.4472 90.4818 93.736 
90.9167 118.9017 89.5741 
105.0909 106.4855 84.8562 
93.5812 103.0101 113.727 
109.9788 91.3327 110.5121 
104.7708 106.1695 100.8441 
86.097 108.0115 117.7056 
96.4188 84.0999 83.8904 
90.6896 106.2082 105.0569 
114.4425 107.0829 113.6649 
108.5117 90.6811 96.6037 
93.7506 91.0027 82.2969 
102.5752 93.2954 94.1509 
97.2151 81.0076 94.8782 
81.5652 117.7453 88.7746 
111.5173 98.7716 80.3719 
110.7308 115.907 99.3113 
94.8389 94.9288 81.2554 
104.8399 118.846 100.2795 
105.098 106.0442 82.0346 
115.6503 119.9845 110.3982 
112.8257 117.5357 100.0516 
117.3402 95.7672 90.2639 
106.9492 115.2391 89.2511 
111.3919 105.9096 104.0614 
100.1788 107.691 95.2402 
98.3986 90.1529 116.4108 
84.1651 91.3363 106.1132 
93.9683 102.5064 119.1275 
117.3347 90.4051 88.1575 
89.6732 107.5887 94.7175 
81.5171 82.6976 86.6441 
100.1338 89.1762 86.3763 
80.2861 101.1662 105.4309 
92.656 113.4254 90.1301 
98.9621 114.0968 108.8459 
91.9414 94.3031 105.8779 
87.3512 101.8 115.642 
101.6957 104.7999 80.1223 
113.294 107.0653 81.2221 
94.8829 100.5585 95.1134 
117.3166 96.514 98.416 
85.6411 104.4843 108.9694 
84.3637 100.321 108.4025 
112.1903 97.3282 117.9511 
111.616 96.2007 88.6045 
114.4378 98.5895 119.0498 
118.1918 91.1117 115.3315 
119.0435 112.9264 111.9022 
100.5063 94.3716 85.3896 
84.0183 109.0182 115.2507 
83.6784 98.3886 114.74 
111.2883 85.8509 102.1876 
115.2041 98.7665 105.9743 
100.6862 83.6377 89.971 
108.5825 114.0031 113.0224 
89.4056 104.8531 101.0118 
109.2113 107.9747 93.6142 
107.8434 119.8838 86.887 
115.4251 81.2571 108.2842 
101.3723 118.1522 103.3544 
100.0819 93.2591 115.071 
106.033 102.3688 95.9139 
95.8961 97.0305 80.2804 
115.1348 86.2606 89.0156 
89.7521 112.5577 95.8457 
86.0355 80.9777 88.7403 
105.5239 95.7866 104.3098 
85.6377 117.6288 106.728 
89.3389 98.794 100.3879 
86.8685 106.7347 104.4489 
106.6627 109.9752 113.6444 
117.8738 80.5921 89.1841 
97.048 116.2095 86.8692 
80.4751 113.4192 112.0273 
108.1204 102.4684 96.0507 
119.1124 111.7562 100.0739 
111.6964 98.1163 82.014 
90.7252 86.0683 114.2882 
117.0649 106.1196 99.5179 
115.9595 114.8998 95.1847 
86.2751 80.693 91.8174 
118.4655 94.1435 89.6345 
98.0433 108.1365 98.1479 
91.5747 103.2707 88.7081 
118.0093 82.2047 111.4816 
104.4582 97.4878 98.2279 
107.0393 111.5682 99.402 
88.9803 95.4223 82.029 
96.6877 94.8344 93.7297 
112.1655 93.9665 81.534 
96.0212 93.8908 87.208 
116.8623 80.77 98.248 
115.0858 83.7217 110.5749 
98.6649 101.7439 80.847 
107.9246 96.9323 87.5534 
100.5354 97.5436 113.3016 
80.0062 97.3967 91.2875 
96.5792 99.1952 87.1426 
101.9492 117.7623 80.7259 
93.4692 96.3498 88.8814 
97.4722 116.8103 87.4114 
85.2988 109.9677 96.0921 
83.1324 91.552 83.5277 
104.5783 105.0355 91.9751 
87.9363 106.4766 94.336 
84.2858 118.881 81.0983 
80.2736 119.1856 98.3231 
116.5378 110.8927 112.7908 
104.1483 104.2231 114.9246 
110.6308 118.9634 103.6527 
99.7794 114.9107 92.4718 
95.661 112.6813 102.1385 
119.5311 98.966 119.1226 
88.6634 100.0021 96.2354 
82.2929 84.7386 94.7927 
100.678 85.2266 84.5745 
81.4048 116.0404 115.7663 
93.1646 111.1611 85.7926 
86.1862 115.7515 115.3289 
97.2897 113.2844 99.6148 
91.3487 90.4636 86.5561 
95.214 104.6445 113.7998 
113.9006 114.9331 81.2761 
109.3777 85.001 83.529 
95.4488 105.2626 88.4863 
84.5286 113.5412 117.2633 
111.0194 104.4526 100.2893 
112.6535 112.4919 110.6432 
103.7662 91.59 83.1744 
98.0893 82.452 114.4939 
108.6548 112.9105 111.362 
85.2104 115.2943 81.5747 
108.9413 113.632 107.6198 
89.8735 85.4483 86.5223 
86.7392 83.9184 105.4316 
118.9888 85.9261 85.1023 
117.7983 81.7858 87.1786 

Icoords
99.7253 64.3279
68.6903 37.512
27.1032 41.6675
3.8957 8.3744
8.5954 33.8264
59.6225 75.1419
50.2221 81.7318
15.1081 4.6321
13.7942 57.741
17.9146 20.2575
81.4402 8.9033
5.2364 99.121
26.0978 51.0516
2.5961 0.2058
93.2728 5.388
90.7166 32.8793
4.7808 44.5002
28.8124 46.9869
81.504 27.8833
28.6849 93.939
53.3187 66.9449
66.0172 96.4442
64.786 13.2675
30.8709 51.0318
38.4906 77.7552
87.9555 49.5597
25.0497 26.627
11.6431 71.8134
59.3821 11.3696
9.4826 66.6983
25.9214 90.0819
47.3706 45.5171
31.5414 19.1926
12.1866 95.0349
47.5902 31.3559
19.3646 30.391
74.5498 87.7004
67.0836 87.727
13.0854 63.5652
48.7582 15.0095
36.6942 53.9791
24.7787 90.9833
25.8342 28.4631
4.9304 34.3081
0.2941 91.1575
67.1482 67.68
84.7556 53.5331
16.2374 95.803
94.9345 66.6558
8.27 43.9965
44.1393 47.6043
77.7809 81.9244
58.4897 55.0651
5.3291 1.2225
23.2398 85.773
33.5505 40.3992
77.2824 47.7195
25.4473 83.099
2.5779 59.1643
19.0035 46.624
27.7244 79.1327
21.5318 69.0188
95.9401 78.3125
34.6127 95.9369
0.6515 69.1247
9.8816 25.1181
3.4173 34.6842
45.2001 51.3914
62.9354 62.7505
43.8159 47.2424
38.1236 69.8863
49.5024 72.8671
71.6219 80.7914
70.4306 20.7117
39.1249 29.789
47.9274 19.4926
58.2304 71.2923
80.211 2.7519
39.6812 51.207
50.672 20.6223
11.3062 87.3759
91.1639 39.7926
32.4708 68.6487
11.6589 73.4822
48.7946 11.015
98.4543 86.2767
23.3442 48.697
92.6609 28.4609
66.8836 28.3976
72.283 78.3279
51.0686 41.6933
13.0297 1.2813
99.271 23.3784
8.0002 96.3193
18.9516 90.3692
22.0663 95.3846
61.5664 27.9187
35.6408 46.7715
30.3085 3.07
50.5178 98.8252
46.1794 95.9588
17.2614 97.1236
28.0488 27.584
34.9626 85.2921
82.7232 9.1104
96.0527 79.1882
24.5544 75.9221
50.7204 19.3485
16.0663 16.5333
59.702 30.3142
16.3368 22.0122
4.2328 5.1834
11.8643 69.6282
61.2125 39.9024
14.9013 49.0459
94.2209 45.0482
78.0501 69.3603
87.906 57.425
94.0432 88.8207
68.5093 54.4295
26.1072 88.833
60.2974 57.5852
39.627 56.0079
11.3395 11.0128
8.823 33.6306
83.7556 33.5502
51.0521 39.4733
51.8025 79.3115
53.1524 32.5888
32.9563 74.1628
98.0415 71.6629
42.3172 84.3087
50.057 6.2604
18.2751 4.7371
12.8025 96.7869
71.7404 14.1678
53.9549 33.9604
86.1858 76.7783
4.5953 41.595
49.6181 52.9472
88.0988 22.2289
95.1096 94.5083
11.833 47.3698
0.7146 23.3348
18.6991 65.0081
77.3058 12.0548
46.808 43.8005
61.4363 59.7671
72.0464 2.1307
76.1244 66.905

Jcoords
16.8601 66.7729
47.7829 65.315
57.1356 73.1907
95.7098 42.3728
74.9363 15.4128
82.6849 6.5711
24.4374 80.1391
29.4784 75.0338
62.9274 86.0753
3.5365 94.452
58.2387 4.7591
47.8122 35.403
4.29 40.7288
94.4721 81.1882
47.7647 40.0179

C
26.1554 16.4843 17.2225 8.7492 19.7252 22.8769 23.2945 25.993 15.4134 35.9236 26.6703 20.1815 35.4112 5.9549 20.7608 
21.0997 10.6796 11.4422 9.0513 7.1145 12.653 24.3688 17.6927 18.1972 30.2331 12.7241 7.1158 23.4 18.9381 7.4353 
10.3198 10.373 13.3752 25.8043 21.1329 26.2479 13.4125 10.179 19.3991 19.6195 15.4084 8.267 7.4754 23.8534 7.1861 
20.626 27.3258 25.4656 37.4591 27.7915 30.5782 25.9696 28.2529 33.0021 26.9683 18.9695 15.8622 9.9885 43.5922 18.0122 
12.7208 18.7512 20.0861 34.0152 21.6805 24.5436 17.1707 17.0236 26.6765 18.4395 19.9159 14.5573 3.2264 29.4802 12.3607 
13.7039 4.6636 0.9815 16.9487 23.2894 27.5346 13.2309 10.5867 4.0925 19.112 25.0118 14.2653 22.272 11.8243 13.5274 
12.3178 5.6679 3.5976 21.4622 21.4305 31.8644 8.3702 8.2659 4.576 15.3292 26.0259 17.7725 20.4354 15.8648 12.8994 
19.8432 26.1003 27.3813 27.1183 18.3956 20.5112 26.4154 22.8997 29.8538 33.3541 15.1173 14.3739 13.6751 41.2189 17.2239 
3.531 13.727 18.3177 28.4789 25.2541 34.0773 7.7693 7.1439 22.4716 11.4923 22.1503 13.3281 6.8887 31.3044 11.7208 
14.363 20.6016 25.1136 29.213 18.6274 23.5277 18.2695 18.4186 31.1695 28.1214 16.9646 12.6251 8.7838 35.6938 11.3122 
32.6742 23.4248 26.9071 14.0408 3.6274 0.9073 32.1969 31.1853 28.5305 45.6339 9.2036 15.5202 28.1333 25.9059 15.9785 
12.7455 21.5629 23.0267 40.7114 33.1901 47.3067 10.1654 10.9836 19.2762 1.5617 41.1593 29.2586 21.1583 28.9261 26.0746 
6.8744 9.8553 13.0501 21.3329 20.7134 27.423 10.6401 7.5976 17.0972 14.7477 22.458 10.2565 9.0503 28.1624 8.2645 
26.4007 30.0052 35.6065 37.9837 25.0741 28.2882 31.3307 25.7295 38.7037 28.5203 18.2615 21.757 15.8705 46.723 22.6328 
30.5514 23.5642 23.3338 12.0054 7.3352 3.2622 31.4505 34.8038 29.7579 45.0097 12.6213 19.3769 35.588 23.5162 19.2659 
28.7912 21.0231 20.1942 3.3134 8.8061 8.4886 24.836 23.255 19.7336 42.3083 13.2532 14.2861 33.3331 17.8313 15.3265 
8.8352 14.3372 22.6564 35.0991 23.1561 32.094 15.1242 13.0382 27.1056 19.892 23.1142 14.2723 1.2338 29.9533 13.0861 
7.9889 10.116 14.0335 25.1729 18.2053 23.5918 11.7875 10.341 19.1963 19.8647 15.5952 7.2254 8.7972 22.6024 6.4194 
25.6422 18.1976 18.978 7.9259 4.3396 7.5924 30.7034 25.0519 18.6249 34.0059 12.5142 12.7796 25.142 16.8419 13.5676 
10.8913 12.5701 10.6483 30.4691 29.6644 35.0752 4.7966 6.2139 11.8682 9.8879 30.2047 21.8 23.0573 25.7525 20.9342 
13.6101 2.0775 2.7925 16.7132 20.291 20.1478 12.4469 7.7288 6.842 17.5862 20.8661 10.2204 21.7498 16.8533 10.2414 
18.4426 13.0344 9.2075 21.6277 27.5785 32.7141 13.6891 15.1823 3.9232 22.592 35.3796 19.4407 29.5111 11.2293 22.1445 
28.4452 18.5508 18.2799 14.2263 3.8759 7.434 25.7344 25.4844 28.0547 33.0314 4.0292 9.2525 20.4759 26.3662 10.2127 
7.3103 8.5646 10.8726 23.981 22.6531 22.2644 9.4318 7.9051 15.4878 17.4703 16.7839 8.3069 9.0968 27.719 7.9881 
7.7119 5.8896 7.3193 21.7837 23.9678 25.9657 5.2469 3.4286 8.0747 13.2675 23.8355 13.2526 17.4047 17.7907 14.9456 
25.3536 15.6856 15.0958 3.6 11.2777 14.9335 27.5074 25.0292 15.4368 33.8949 21.1923 12.8934 29.2269 12.1776 13.5573 
16.0039 13.8163 21.477 23.1441 19.3482 18.9849 20.4269 15.759 21.4571 22.5633 14.1971 9.4485 9.4387 33.9768 9.4425 
2.4722 14.2581 16.3029 27.1939 29.3242 38.2057 5.4831 6.829 16.8421 9.5488 25.8518 18.7376 10.359 25.7576 18.219 
25.4497 18.1095 22.6662 14.5521 5.9592 7.8846 25.1549 25.5817 27.1861 35.3578 2.2166 10.0985 23.4974 27.9587 11.1415 
2.6339 12.3101 17.8522 28.2665 26.3095 36.3102 6.8123 8.3881 18.9478 8.9067 25.5713 19.1994 9.5897 28.7616 14.4093 
8.7454 10.3202 13.075 26.5109 27.6175 38.3911 3.798 5.497 13.4708 8.6828 32.8913 21.7098 21.441 24.6777 17.3096 
14.093 7.107 11.5564 19.0084 15.7967 16.3291 16.2086 12.7848 16.8979 22.0018 13.2958 3.7427 16.2634 23.5629 2.1419 
15.8145 16.9336 19.6898 22.0919 16.8966 20.7182 19.3404 19.8427 22.8809 26.0416 11.302 8.436 13.2162 33.5775 9.3821 
9.7739 16.0262 16.8968 32.1396 31.2138 38.302 6.0598 9.7298 20.4609 2.8558 37.6897 24.1663 18.2192 25.5501 20.4876 
17.823 10.412 15.3789 15.7917 11.4462 13.7872 16.529 16.8615 19.2136 25.0484 11.3165 1.5297 13.6896 25.4109 2.9015 
14.383 16.826 18.2209 25.3168 21.5715 21.5135 15.992 15.522 27.0497 20.5287 16.6233 8.761 5.798 32.37 10.2557 
22.246 12.2372 7.6206 15.7274 27.4697 31.3588 16.0958 15.8384 4.0417 27.9057 26.6354 22.8718 26.0982 6.487 21.1598 
17.806 10.4023 6.734 20.477 22.4546 27.7346 13.7009 13.1809 1.5788 20.5956 30.9138 21.2279 30.3539 10.7818 17.552 
1.5658 12.0797 15.4928 31.4924 28.6262 33.5903 7.8086 6.4541 16.7787 12.2948 28.2257 16.6772 9.495 29.3786 16.4026 
20.1013 19.3411 19.2626 21.3515 10.0379 12.6312 21.2599 22.0089 25.8554 33.2922 5.4482 7.9763 19.0019 28.8109 8.9425 
8.0036 4.8096 9.2489 19.1385 19.0582 20.3436 9.8425 7.7409 15.4951 20.0285 21.3948 8.5557 13.0477 25.3988 6.0847 
9.1242 13.2978 13.4374 33.5187 29.6774 36.1041 3.8397 5.9294 13.4505 8.476 36.1261 23.5963 18.6257 21.6484 17.4492 
14.3026 16.5052 17.7153 26.8315 20.1195 20.7128 16.806 16.9615 22.5981 24.8457 14.0963 8.878 8.4414 29.5312 9.2907 
13.5686 21.0412 24.1759 32.6999 28.7434 28.5801 15.2069 14.7744 23.905 21.6035 24.1423 15.7256 2.2965 31.6961 14.3295 
11.4115 16.9115 20.7276 40.015 34.5613 42.0132 7.9802 10.1827 20.9317 1.4154 36.8787 27.2075 16.7645 29.0647 27.2476 
19.6005 6.7716 3.7178 14.3025 18.4585 24.4267 16.0701 13.1071 6.0621 25.3771 21.8035 13.8876 20.6066 11.1894 13.4096 
22.3779 11.9014 10.8043 5.5781 14.5571 17.5338 23.8057 20.8361 13.8911 35.6502 18.8644 12.7243 32.0697 9.55 14.5834 
10.6275 14.6923 15.8799 33.4693 34.172 38.0602 6.6001 9.643 17.632 4.4653 39.5446 22.8115 17.5603 28.8427 23.241 
30.7379 17.3871 14.289 7.4757 17.2447 22.983 24.303 23.5123 13.4888 37.9546 28.4373 18.3373 29.7924 4.9726 19.6318 
7.6459 15.8711 18.0558 28.5628 22.914 26.2799 15.5564 12.86 23.2044 18.9735 21.652 15.8866 1.5917 31.1222 12.9127 
11.7725 6.4352 8.7988 19.0546 15.3655 17.4468 11.8175 11.0069 16.1022 24.308 15.805 3.9832 12.2527 19.1509 3.1598 
22.2355 10.4479 8.2829 15.9415 22.3151 26.8448 20.2872 17.7845 5.9793 26.6089 29.349 16.8285 26.3196 5.3614 19.9437 
14.3961 5.5939 5.5401 14.731 14.5182 18.6539 14.5428 11.9323 9.639 24.786 18.7845 8.5425 20.6539 16.75 6.4507 
26.0104 27.1148 33.0316 35.1847 23.5281 30.3416 30.2784 29.9618 30.9204 33.6434 18.687 19.2096 11.9034 37.5189 18.3989 
6.2353 10.8667 11.7253 33.4001 32.9247 39.3837 2.1329 4.2848 14.026 6.9305 28.7079 21.9637 19.4641 27.8024 18.0762 
10.9583 9.7417 13.0709 21.6921 18.1675 23.235 15.167 11.6023 18.6112 19.7598 16.4492 5.83 9.2645 26.6282 5.146 
23.8469 12.5784 10.4377 6.7444 11.742 14.5255 21.2154 20.4593 14.465 33.9622 16.6916 10.4477 26.5808 13.8723 10.3018 
5.9177 9.2961 10.1695 29.9998 29.4057 35.5215 0.957 2.9502 14.2121 7.7586 32.0086 17.3894 16.5377 24.9827 17.8257 
5.4308 16.9894 17.4066 29.573 32.4277 34.2588 11.4939 11.0001 26.0941 12.8565 27.5764 16.0235 6.0636 30.3239 19.3555 
6.1416 13.3113 14.156 29.946 22.6167 23.231 10.9531 11.7121 19.8256 16.2864 21.3613 11.8072 5.6254 26.5955 9.3281 
5.6888 9.2874 11.8821 23.704 26.2101 32.7969 1.2155 1.5105 13.1684 10.6421 30.5241 18.2915 17.2444 24.2476 16.2307 
1.8458 9.7614 11.6898 27.8703 28.5193 33.633 4.2526 3.8769 16.3104 9.705 25.3984 14.9514 12.0196 26.5179 14.4924 
28.7543 15.2534 14.5057 13.3339 26.499 27.7086 24.934 24.3346 12.4495 30.6171 27.0688 23.8507 34.0657 0.9757 24.3889 
12.3185 11.9469 11.6198 30.2178 29.1962 30.5338 5.7971 8.0953 11.9302 10.1051 35.1796 19.4543 20.9559 20.3444 20.2895 
6.0813 18.758 19.0051 37.1106 29.4899 37.0043 8.3827 11.1908 21.473 10.0511 27.0501 23.1559 8.6314 36.8629 20.0362 
15.0442 19.1654 22.4875 32.4706 24.3169 23.2824 17.7059 18.1466 31.2074 25.0158 17.2568 13.3621 5.2681 30.6488 16.2628 
11.4253 20.2657 21.6656 28.5616 26.243 30.3704 19.9769 15.9377 26.9776 20.0462 22.241 15.3094 2.4258 34.875 16.1963 
11.7146 4.5287 8.5892 17.255 14.3764 20.906 13.0179 10.7125 13.3682 21.3006 17.1942 4.8617 13.1988 18.5641 4.35 
17.4457 5.8245 4.7151 12.7627 18.2546 22.3728 16.3142 12.018 9.141 20.8384 21.1664 11.6502 21.9128 13.363 9.437 
12.7258 6.9497 10.6752 16.3402 16.6264 18.8633 12.3169 12.3242 13.0838 19.4055 13.9036 3.8274 14.3612 18.9216 2.717 
7.7838 3.5821 6.368 19.5357 22.4391 29.7387 6.7906 3.3576 9.7389 15.1239 23.3321 12.0493 13.9441 21.3159 10.6932 
12.4059 2.6853 2.3608 21.7908 21.5075 27.7048 8.7926 7.6938 6.5671 18.5962 27.1505 14.7721 17.3402 16.8161 11.0791 
19.1402 9.547 6.3343 15.0366 21.8187 24.6207 14.8976 14.53 4.0636 24.5965 27.5763 17.8519 26.96 7.6377 18.0647 
26.9389 18.8039 17.0423 10.35 2.3057 5.8605 28.8713 27.1437 20.6787 37.0268 7.7862 9.607 26.4527 22.5437 9.5484 
14.9234 13.5476 17.5368 17.4192 14.5636 18.3871 16.7731 15.1507 18.7859 22.3274 11.473 3.5188 14.4187 25.3941 4.7104 
17.5832 16.8169 20.9102 19.6919 8.5224 13.494 24.1091 19.3952 22.6526 26.4837 6.1665 6.1177 19.0433 29.4992 7.0527 
13.9082 4.6605 0.6682 14.6753 19.0601 25.9521 11.5345 8.7708 5.5856 19.345 26.4603 14.4289 22.1021 13.8064 12.8124 
29.5329 23.6984 25.6092 14.3885 4.1819 1.771 35.7812 28.1794 30.4052 39.4456 8.2563 14.8572 28.2682 24.2355 15.535 
10.4917 6.449 9.5074 19.1489 18.0264 24.7925 11.7696 8.7348 16.218 20.7916 17.1461 5.5452 12.948 24.833 4.5262 
20.5217 13.4895 18.3098 17.8503 8.1673 13.3201 25.2754 18.5632 21.4155 33.522 5.6487 5.4769 17.3699 27.1919 6.5505 
7.1697 14.1869 15.2895 29.3842 34.9754 36.5281 5.1022 7.2755 17.7272 3.3944 35.2702 20.9402 18.5857 32.5744 22.3167 
25.9128 19.3778 16.8262 1.9894 11.0323 12.7134 27.549 26.7475 18.2871 40.8875 16.0097 15.5426 29.8168 16.3951 16.084 
5.8663 5.8797 8.3239 20.7085 25.3326 29.5743 4.7066 2.786 10.6041 12.2509 21.2113 11.0027 13.4599 19.249 10.9811 
2.6053 13.8291 16.8085 32.121 31.863 31.528 4.7966 6.9974 20.0348 7.8483 25.0475 19.1759 12.7876 26.5232 16.1618 
20.7224 16.8305 20.4822 18.5937 8.064 13.1765 22.4927 22.8426 23.2957 31.0108 3.7134 7.4297 20.4417 31.583 8.7557 
32.1729 21.5834 14.1206 16.6105 27.7453 25.9596 27.9704 21.7835 11.7809 29.9812 28.9782 22.4608 39.006 2.5135 22.9617 
6.6118 10.4885 14.144 27.1316 24.0983 27.1734 10.4199 9.6431 16.6376 16.558 22.3873 9.0417 6.6379 26.0007 10.0402 
32.2829 18.0892 19.0155 5.0275 8.0312 8.5134 30.8626 24.7801 25.8884 33.9343 12.7385 14.35 32.1365 16.4448 17.8763 
22.5206 14.3818 13.8075 11.5903 4.7885 10.3768 21.6902 21.4623 22.8478 33.5149 9.6475 6.8652 19.3687 23.0397 6.8239 
21.4456 10.9551 5.7341 13.8182 23.3119 28.952 14.996 14.7039 4.4956 26.3524 24.5364 17.2293 28.7632 7.3852 15.8967 
13.4802 8.6501 12.4104 15.0146 11.8858 17.1021 18.1649 12.9132 15.2288 26.4522 12.4045 2.6874 17.265 17.8162 1.1995 
20.8094 26.0827 31.8114 30.9392 23.0565 21.2152 24.788 23.3041 36.1962 34.4175 15.1626 18.3352 13.6566 37.0471 20.7649 
35.532 21.3826 20.9561 7.3939 7.8378 8.5551 29.9338 32.9777 28.3861 37.1531 16.4781 18.7441 29.1686 20.0362 19.356 
12.0269 18.2583 19.0508 36.9257 40.5009 36.1835 8.2918 9.2198 17.8295 1.5362 37.5035 27.3551 19.9011 34.7193 21.6503 
9.2197 13.6132 13.7251 32.7534 32.9505 33.4161 3.8307 6.8581 16.7858 6.023 28.7858 23.3616 15.8594 30.2784 18.9759 
10.9085 12.5347 12.6747 27.7753 28.9522 35.8178 5.4417 8.6504 16.6752 6.6013 33.274 24.7779 22.524 25.0793 24.4099 
23.3725 13.6784 14.8974 13.2401 6.5851 11.7892 25.0979 22.4653 19.2435 30.0167 7.3632 5.9268 21.7569 20.7438 7.0297 
9.1803 8.1523 11.3722 23.1764 18.9434 21.9738 13.8047 10.8329 14.4498 22.8086 14.6262 5.4262 9.9455 23.9238 4.3868 
20.2939 25.3562 27.0579 25.4087 17.0257 20.1049 24.2003 26.2613 29.2168 34.5278 8.9008 11.9456 13.9287 36.3625 13.8447 
16.653 11.5961 10.1214 28.5058 29.3419 31.0592 10.9533 10.1028 5.4444 15.7171 31.0518 21.234 27.5594 18.4518 19.1039 
14.1856 11.4918 8.0602 22.0882 27.8386 30.4823 10.2363 10.6903 6.6547 13.8079 29.9991 22.2563 24.4903 17.039 17.2815 
9.8193 15.1382 17.6813 30.2588 37.9958 39.5467 6.5972 9.865 14.3394 4.9624 37.8216 23.9385 23.0544 27.0257 21.3066 
14.1867 13.2424 19.9331 25.9442 19.3136 21.0091 18.701 16.596 24.4006 25.0692 13.5303 7.5409 8.2218 30.8985 7.6361 
9.1365 7.3964 9.7783 27.6766 29.8028 36.169 4.152 3.8119 8.8124 10.704 29.9689 16.3413 19.2592 22.5957 15.2628 
30.0693 20.2047 24.0396 11.8514 4.0031 0.7967 27.9413 28.71 31.78 39.1871 9.1191 15.9652 33.3107 22.2155 14.3673 
24.1842 16.3881 13.1714 14.0715 24.0573 28.2428 26.0273 25.0339 11.155 30.0523 29.4281 23.8768 33.5999 0.9746 20.5497 
4.581 8.6643 9.9067 31.302 28.7158 29.9798 1.5491 1.6467 12.0748 8.7702 24.3756 15.9828 13.6939 28.0393 14.2111 
20.5583 15.3381 20.1872 18.7852 7.971 12.334 26.3592 18.1957 22.3378 33.2253 4.9698 5.9797 16.7202 27.1798 7.9969 
18.802 20.1265 26.5002 27.0951 18.7771 21.097 23.6537 23.6232 25.3752 24.5993 14.5323 11.9507 8.9069 37.2559 13.8983 
21.9452 14.2241 14.0844 12.216 7.4416 10.2504 18.3431 19.1072 20.3086 27.2301 10.1697 4.6623 19.7563 23.915 5.8705 
13.5813 20.6519 23.0582 28.1801 21.2292 27.2076 23.4578 16.7975 27.0593 26.5706 13.599 12.7689 8.4159 30.4336 12.9597 
19.6093 24.954 29.6652 39.0942 27.9186 31.0562 29.3057 24.8665 39.9671 31.0753 16.3211 20.6613 13.2833 35.6307 20.3501 
1.9374 11.638 13.8641 26.7578 27.5711 31.1595 5.036 5.6049 17.9555 7.9703 30.2217 15.5754 11.4244 33.0648 16.2178 
20.1776 10.6176 10.8559 10.4725 9.8395 15.142 17.7813 17.5686 17.6872 29.3253 11.7093 4.7679 21.1774 17.3257 5.2811 
6.8004 11.9634 19.4352 26.0116 22.0962 25.1255 10.7943 10.5511 18.2053 17.8568 21.8607 13.9514 5.0519 33.2886 13.3802 
31.9324 17.7591 18.3611 1.1898 12.856 14.7823 30.6658 22.6534 16.9711 37.7137 17.7341 18.671 28.0458 13.7733 16.9435 
20.0638 9.9365 8.0266 12.5138 16.9515 23.7863 17.2095 18.5436 9.0141 28.0534 25.1431 14.5819 30.2563 7.8605 14.8391 
26.1409 15.3711 12.6749 5.7392 15.8595 16.6297 24.3217 21.5291 13.7178 35.5096 19.476 14.7752 31.3866 9.6667 14.1541 
25.5501 17.4038 12.7417 15.1192 23.5526 29.5172 25.5749 23.5561 10.0863 34.6223 29.43 21.8788 31.2707 2.6221 23.4321 
21.0344 8.0581 7.8324 10.1546 12.8474 16.167 18.2304 15.8712 10.4501 25.0908 16.0431 8.9317 21.6759 12.8891 7.6611 
9.19 11.3061 12.6449 29.6745 28.6304 35.3035 2.9604 5.084 12.6942 9.0224 29.7466 22.0013 18.5241 25.7691 17.5218 
17.342 5.2762 5.0236 13.4934 17.4278 19.5153 14.2551 11.9846 9.8451 22.3556 19.1904 7.6847 21.4713 13.0041 7.5291 
9.4237 4.1592 8.6891 18.1634 17.8248 26.0466 9.9314 7.6636 12.4653 20.6597 18.4781 7.5071 14.0752 20.1567 5.5996 
20.9562 24.1121 30.3563 35.1669 25.372 27.1351 21.7119 25.3588 33.3446 29.2976 17.7097 17.0767 9.5867 33.2902 16.4367 
12.4817 15.5674 24.2278 26.3985 21.9653 27.4454 15.2036 17.5269 24.5643 19.1272 19.1097 14.1638 2.6226 30.9379 12.2056 
28.5843 18.7593 17.1659 5.9162 7.1798 8.7778 24.755 26.6837 21.8896 33.6801 14.5652 14.1769 24.8464 18.8039 11.1055 
13.8961 9.6455 11.0631 16.858 12.2659 18.2431 14.9156 14.1125 16.3559 25.3024 11.571 1.8791 17.355 20.225 1.1476 
12.8635 5.1594 3.2043 21.9244 26.5238 24.3633 9.3933 6.8463 3.9892 18.1398 29.4156 13.6501 20.9872 16.3882 12.3795 
18.2326 11.1198 13.4303 16.1614 8.5525 13.0355 17.6476 16.6409 18.454 27.1371 10.725 1.8888 17.3573 24.4062 2.7788 
5.6907 5.2367 9.3819 23.5238 24.1389 30.4105 3.1478 1.1208 9.8787 14.2343 24.7079 14.9683 15.335 21.33 14.0721 
25.7161 18.4445 14.4908 10.0989 24.1783 25.2601 24.7166 27.3073 13.2166 30.7099 25.3864 19.2044 35.2837 3.9814 21.2973 
9.487 6.1942 6.5673 24.6586 29.1647 31.6564 6.8206 5.7383 6.6753 14.5229 25.8309 18.391 17.4383 18.7205 13.5301 
21.5205 23.5566 23.9466 18.1379 8.6712 11.4268 23.9902 27.2644 24.4316 32.7545 3.2649 9.9992 22.3163 33.491 10.3739 
21.0666 23.065 24.4331 29.6688 18.7216 23.2871 27.5757 25.6475 30.9636 30.0391 15.9695 15.66 13.866 33.2235 14.5856 
10.5974 16.949 18.4464 31.03 33.848 39.0733 6.8508 10.4951 19.3699 3.2327 36.8043 25.3337 19.2499 28.1033 22.7216 
25.7026 21.3608 23.6159 13.2992 1.268 4.976 29.6541 23.3414 26.3991 31.7085 6.0083 11.6771 27.0322 25.6826 13.6128 
15.8627 11.4244 14.4251 16.1261 9.4206 11.9438 21.654 16.9403 20.3541 29.6092 9.6215 2.0494 17.5634 24.0442 2.626 
24.0811 13.7265 10.5492 13.1052 23.3643 23.5486 23.1837 22.5178 9.8162 28.9135 28.0114 22.5724 35.6574 3.5313 17.0264 
9.3737 18.7729 19.2755 34.5519 25.1136 26.9505 14.6311 16.1681 24.5817 20.4756 20.934 13.8135 0.3479 36.5935 15.979 
11.9646 3.8985 7.2881 14.5981 16.0772 22.7147 13.1712 11.3433 11.9815 22.3077 16.8448 6.5239 17.5625 20.3854 5.0104 
28.0706 22.2809 18.1456 8.2776 5.8949 5.994 31.214 26.7381 22.3868 38.1551 13.5751 16.3694 30.1422 20.1867 17.5493 
32.3527 20.869 16.2261 16.1214 30.0879 30.2489 21.9816 26.2816 12.2795 33.1311 37.802 27.8651 38.4935 4.4927 27.25 
7.8492 13.6813 20.6962 29.7954 24.1768 32.5073 13.8192 11.2875 25.0117 15.3845 21.622 13.7601 3.3898 34.5824 11.773 
18.5274 21.677 28.8069 36.7869 22.49 30.7811 20.9977 21.4344 28.1061 25.5441 19.1442 15.704 6.7763 37.1715 16.7033 
0.8008 10.209 12.3906 30.221 29.9853 31.1264 5.3386 5.5057 18.2535 12.9726 24.992 12.7471 8.5716 28.8385 14.5622 
26.6942 23.7675 22.6866 11.7182 1.4705 2.9528 32.558 30.3751 27.1983 43.5301 7.5985 14.6479 27.6124 23.692 15.6118 
12.4895 7.9212 10.5916 19.5201 13.4077 18.2666 15.9637 13.0802 14.8852 20.9181 14.0225 2.6632 15.2142 23.6921 1.3535 
13.8664 4.8192 5.4029 13.3215 16.7418 22.7413 16.2442 13.3629 8.3056 26.0256 19.0649 10.736 23.9612 11.9261 8.4669 
31.3122 22.0714 28.8179 17.7119 4.3443 3.7397 32.4522 29.0155 29.9419 37.5474 5.1458 12.4846 26.7546 29.863 17.7032 
23.3739 11.0025 6.1686 11.4076 16.7343 23.0377 17.7403 14.8108 7.3964 27.2669 24.3348 16.9039 23.0053 8.18 14.6782 
25.716 18.2714 14.8299 6.9904 19.2042 19.9322 28.9181 25.0835 13.3232 39.8344 23.0624 22.1486 34.1921 6.0484 22.1434 
19.07 10.7561 13.7111 10.2922 8.0768 12.7107 24.0247 20.6885 16.7301 31.0118 12.81 7.0046 23.6644 16.8384 8.4005 
8.9614 10.9133 16.1878 22.0856 20.3745 25.9982 14.6581 11.6843 21.6186 18.7987 19.1024 7.2502 8.4594 25.3296 7.9903 
20.0158 25.169 27.8897 30.0867 27.8914 29.8926 23.4689 27.1819 39.0326 29.6712 19.3507 18.7706 12.8554 43.2785 20.5923 
10.7065 18.7612 23.7358 31.2929 22.5411 26.7067 18.4825 15.3235 29.9177 24.0303 17.517 14.0196 2.6122 36.9532 14.7757 
14.253 5.7176 1.2151 17.2558 20.9709 24.9085 12.0439 10.65 4.3404 20.8322 21.2104 15.4592 20.467 13.4654 13.5756 
11.3708 6.5459 3.9339 23.6277 23.2281 31.1767 9.9538 6.8926 4.0564 17.8308 27.1094 18.3153 19.087 14.5062 14.387 
23.7845 23.7639 27.1401 29.8684 21.7939 20.9642 24.5438 24.3296 37.1921 33.9699 13.556 13.7946 11.8023 43.7 18.6396 
3.4261 13.337 16.4265 26.1452 28.6897 27.4009 8.2181 8.2178 21.0933 14.7742 24.0106 15.8269 5.8461 26.7423 15.039 
17.6897 16.4499 25.3639 26.0345 20.2012 22.8326 20.5946 17.7412 27.1587 24.6298 13.5518 11.5191 8.1936 35.2731 14.3085 
29.7779 23.5168 22.3848 12.2106 3.5372 0.971 34.8062 25.8616 28.4987 44.7083 7.6221 14.7025 27.716 25.2375 17.84 
12.5531 17.9383 19.714 36.119 39.9654 44.4587 8.5481 13.5603 21.3641 1.6566 36.96 26.9213 18.7464 27.7064 27.7275 
6.672 8.4926 12.9547 21.1715 18.6094 28.2436 11.4325 8.0578 18.3576 17.8782 21.2012 8.9664 8.4374 26.2944 8.8651 
20.8319 24.5685 33.7569 38.8934 27.4839 27.0992 26.7401 30.2616 37.7487 34.5053 19.3558 19.74 14.9012 37.5254 23.1205 
36.9518 24.3391 27.2829 14.4331 7.1095 3.6383 38.5332 36.806 34.0165 38.9663 13.3256 20.9022 30.1402 25.7071 22.2739 
28.4662 20.5065 18.0274 3.8766 7.8456 10.2821 26.4233 25.4853 20.3638 40.5472 15.5472 13.8864 29.4626 15.0452 15.4353 
7.738 15.5651 23.7848 27.9956 29.8318 28.8707 13.4067 11.9268 24.8682 16.3693 25.2658 15.2707 1.4117 30.8351 15.9471 
6.9856 8.7232 13.2194 21.3172 22.1515 26.2184 10.5234 10.9975 18.885 19.585 20.4385 7.5859 7.8051 25.8524 6.591 
26.6002 15.9305 15.8245 7.0757 5.2008 6.9243 27.7553 26.3438 23.2918 33.7906 10.1065 10.3908 25.5255 18.8717 11.7569 
10.8409 10.3437 12.1484 30.8412 31.6238 32.9799 5.2153 7.2395 13.927 8.8465 37.1382 21.6091 18.7724 22.7504 20.2707 
11.8018 2.2662 2.8511 16.7916 18.4525 22.84 12.3199 9.5892 7.7604 19.8214 23.5048 11.0049 21.7331 13.1691 8.8915 
22.9097 10.9384 8.7047 19.9066 24.5867 32.9517 16.0964 16.0928 3.38 18.9288 29.0858 22.5682 27.1828 11.5005 23.4018 
25.6509 21.6937 19.0713 16.4515 3.8054 6.2109 24.7503 26.7507 23.2114 40.1401 3.9369 9.8913 22.768 22.6007 9.7054 
8.0795 7.9669 13.6698 20.6841 17.8029 23.1725 10.8537 7.3377 14.5759 20.4205 20.7622 7.272 8.7861 26.635 6.6793 
8.265 5.5558 6.0946 24.1383 22.3936 27.2895 5.331 3.2968 7.8992 14.2127 29.1062 14.0245 19.1992 17.9477 14.013 
26.0924 14.404 13.255 3.7163 13.8321 15.6048 26.7743 22.8222 16.0566 32.9387 17.2947 16.0646 32.7435 10.986 16.3662 
15.668 13.556 17.3037 28.6532 16.8069 22.7501 16.4668 14.8403 21.2739 24.1785 12.7941 7.4602 7.9329 26.7187 9.9303 
2.7167 12.6094 14.2366 27.6927 28.9003 31.0005 5.6647 5.8956 20.5629 7.4616 29.1179 15.4222 10.8541 26.7912 16.8668 
26.8675 19.2627 24.3055 15.5741 6.1938 8.0511 23.6353 21.1294 25.3986 31.1933 2.2347 9.6637 23.4725 23.7625 9.4412 
2.4325 15.1232 17.2895 29.0191 32.3548 32.1894 6.6877 8.2603 22.6885 10.3827 26.8247 17.1805 9.3063 28.8133 17.783 
8.3028 11.6978 12.9899 27.1027 27.3585 36.0585 3.1295 4.9388 13.8765 7.1935 36.3128 18.924 18.3642 24.1593 21.5537 
12.0181 7.2813 10.2094 16.2666 15.964 19.1365 12.6537 11.7838 13.7659 23.4143 15.3712 3.2781 14.3822 20.6087 1.6782 
15.5257 15.716 23.078 25.4009 15.9514 18.9166 21.4021 18.3787 25.9691 30.5947 10.0699 8.0731 11.0627 31.5899 10.0473 
10.7909 14.686 16.3871 35.5659 32.8967 36.5147 6.7599 10.4912 20.3012 3.3586 36.9296 24.4511 17.6046 32.5425 22.0011 
18.592 11.458 13.9629 16.3693 10.4459 13.2029 18.0625 17.6701 22.0323 26.9029 11.093 1.567 16.237 24.5967 3.1129 
13.7338 14.3271 20.1388 24.1499 18.596 22.623 18.8973 14.5333 22.8148 20.9246 17.671 9.4832 7.0849 29.1784 9.0502 
21.5709 11.644 7.3078 16.0675 27.6432 31.3588 19.9931 17.7017 4.5698 28.1482 30.9379 20.0701 27.5857 6.4954 18.9886 
17.1584 11.544 6.7516 18.5462 28.7466 29.4784 16.9192 15.5623 1.4397 23.9505 27.5179 19.0086 29.9147 8.8726 16.2394 
1.9393 11.8226 13.8966 32.7036 27.6385 28.0039 7.1637 6.3301 16.8225 10.9499 26.5798 17.634 8.4598 26.3642 14.4282 
18.9765 19.1549 17.9694 16.6617 10.3285 11.7467 25.4035 19.3295 23.051 36.0345 5.2304 7.7946 18.7142 29.6394 9.9387 
8.3836 4.7969 10.0624 22.5788 18.9224 25.5615 9.048 7.0087 15.035 17.6845 16.5431 7.3412 10.9332 19.9511 5.5609 
8.3652 12.7739 14.2535 27.3275 29.9495 40.7105 4.3388 5.1046 13.7236 8.2306 33.2312 21.1717 21.4423 23.985 17.589 
13.0474 14.0046 20.303 26.4539 17.005 23.0826 20.3626 17.0082 21.0906 23.9889 14.2769 7.3061 8.2282 26.1471 8.8271 
13.7969 19.3539 25.224 36.1813 23.4211 25.9218 18.9426 16.4958 26.3461 22.3555 19.0896 15.3095 2.099 38.6296 16.7365 
10.3031 19.9716 20.7455 38.2039 32.8705 39.2973 10.1378 10.6228 24.4382 1.4732 31.5627 25.7643 16.3699 34.889 23.3332 
16.1652 6.3249 4.0195 12.9707 19.4942 21.5578 14.5708 13.6943 7.3568 23.3619 24.9937 15.0314 26.9329 9.9519 11.0418 
24.9235 13.4419 11.3467 5.711 12.9392 15.6159 20.8984 20.1896 13.6834 33.0947 18.7478 15.3375 32.5097 9.4591 13.1065 
11.2953 13.3279 16.0855 30.8071 32.4699 33.5099 5.8027 7.7588 18.8815 3.9927 37.4491 26.5396 18.2309 29.957 22.1324 
29.2857 14.9201 11.7112 8.3139 19.962 21.2538 22.1282 20.9519 11.5832 35.5567 26.2642 19.2081 28.595 4.6382 17.3566 
9.143 14.4434 18.7616 34.7546 27.9915 31.1278 12.1949 11.7699 25.5359 15.8113 21.5123 13.4547 1.7885 32.0986 13.8098 
10.5823 7.0681 9.1058 16.2555 15.6729 18.4771 12.7152 9.6291 16.5518 23.1673 16.9912 4.8458 15.7951 19.8286 2.5494 
21.2625 11.9292 7.1554 15.1164 26.5358 26.2029 18.147 16.2085 5.0972 27.6103 28.4097 19.5733 32.3518 6.0949 19.7478 
16.8005 5.7554 6.687 14.499 15.4283 20.4694 15.545 12.4395 11.8601 20.3913 17.5872 8.773 21.1921 15.216 7.1936 
23.8473 26.4306 31.4443 36.2771 21.7379 27.806 24.895 27.5543 35.2482 34.3241 16.4386 19.8966 14.3458 43.8299 22.7112 
6.0168 9.9401 11.7326 28.7458 32.5842 32.5606 1.9203 4.8487 15.8279 7.7659 33.5705 17.4129 16.3805 23.9265 16.9549 
9.3696 10.0688 15.7045 19.3662 17.5391 22.4237 14.8 10.7758 18.1496 18.851 15.4954 4.5879 9.3084 23.8276 5.5313 
22.7128 10.916 11.6198 7.297 12.9308 15.4178 19.746 19.6774 13.7401 34.6606 15.5826 10.502 29.2059 12.104 11.6838 
6.8898 10.421 10.973 30.5033 32.2062 30.9535 1.2119 3.5128 12.8247 7.5661 26.1657 20.5291 18.6784 21.7235 17.1222 
5.6671 14.8863 19.6429 33.0839 30.7873 33.7701 10.8304 11.15 23.8276 13.3119 27.2806 17.5973 7.3985 31.8075 17.79 
7.6755 10.94 15.5967 23.6311 23.334 26.7367 13.0616 11.4638 22.1459 17.2415 22.308 11.7948 5.5953 28.2058 11.6152 
5.386 8.016 9.2507 27.5529 30.3815 36.0647 1.1004 1.465 11.8479 9.892 26.3036 17.6033 17.9732 22.0305 16.6789 
2.0563 8.3855 12.9051 31.3304 26.4914 34.6556 3.9998 3.0378 14.4031 11.9139 28.0404 13.8036 10.1444 22.6652 11.7433 
28.4187 19.0194 14.901 10.8109 22.0626 22.7549 21.844 22.7509 11.4491 29.4258 32.8876 23.6508 39.5534 1.1656 24.4627 
13.2028 11.2669 10.9124 31.7697 34.0412 31.3355 7.445 8.0652 9.4476 11.4958 34.8405 21.3377 21.6361 18.8648 22.0645 
6.4645 16.5592 20.9136 34.4739 32.57 35.3537 9.8558 10.0844 20.6533 9.7707 28.5874 20.0657 10.8128 29.2482 17.2174 
13.131 19.9996 22.2448 30.6059 21.0347 26.5504 20.3751 20.2862 27.8862 23.9923 17.4824 12.6468 6.0275 38.2095 12.3467 
12.389 17.7156 25.9352 31.7567 23.5987 29.5798 16.0957 17.4652 27.5752 20.2135 23.5464 15.185 1.9317 33.5868 16.0846 
11.6727 5.4435 9.4391 20.1848 18.638 22.2498 12.564 9.1225 12.0555 23.5834 19.2812 6.3457 15.9214 22.209 4.6123 
15.7945 5.7691 4.727 15.2133 15.9447 19.1512 16.4536 13.2298 7.2703 24.8714 18.6238 12.1252 22.1696 11.7155 8.9751 
11.0182 7.0811 10.0219 17.3774 16.9647 18.3907 11.6449 11.8145 14.7631 20.808 17.919 4.8408 12.1499 22.0315 2.9895 
7.1433 4.1559 7.4621 21.5525 21.9329 26.092 5.7851 3.8526 11.2317 13.847 22.9845 13.1203 13.5243 19.3906 10.1439 
10.5264 2.7651 2.8948 20.4676 18.8936 26.4742 10.1941 6.2417 7.1057 19.5814 24.8434 14.1871 20.4799 17.2002 9.9376 
20.7569 10.07 6.0382 14.8189 23.1476 26.932 16.7615 15.7762 3.27 25.8673 27.723 19.0718 30.4073 7.8365 18.5229 
23.5759 18.6688 20.8752 11.7015 2.6813 6.4761 27.7215 20.8237 21.909 33.9305 6.5635 9.1647 21.1318 23.8583 10.8763 
16.7235 13.7743 18.345 19.4306 13.4252 17.3505 18.2102 15.1229 22.5871 23.0728 10.1125 3.2375 11.8994 28.068 5.005 
20.9833 16.7069 19.1286 21.0534 10.0247 11.2728 20.7792 20.5248 24.3521 31.9808 6.5711 5.3906 14.6659 29.6151 7.0486 
13.2174 3.9901 0.6596 18.8791 17.6486 25.4816 11.9048 9.2608 5.7609 22.3682 22.8941 13.5395 19.709 11.8979 10.8534 
32.7393 23.9027 23.8673 13.376 5.0515 1.7788 30.1436 33.3366 26.5163 47.7052 7.9474 14.1397 32.0119 25.1763 18.2626 
8.6934 5.9235 9.9874 21.8091 16.3283 21.9166 12.8258 10.2537 13.4647 19.3713 18.4216 7.047 12.5383 20.2736 4.9472 
22.587 14.3629 18.1879 16.1548 7.9762 12.6978 20.6639 21.0157 21.4288 35.0373 5.9229 5.4634 20.0643 28.7466 6.5387 
6.5317 14.8093 16.273 32.3111 33.3039 39.3529 5.1322 7.1306 16.5034 3.2778 30.0823 23.0234 14.661 27.2704 18.5514 
31.4621 15.5375 15.4339 1.9654 8.8563 12.8026 25.6463 26.6409 20.3961 33.307 15.7597 15.1156 30.7986 13.8868 16.4485 
5.327 5.7151 9.1741 22.1192 25.6594 24.7437 5.2856 2.5442 11.1726 15.3407 21.232 13.4815 15.5465 19.0213 12.6008 
3.0994 12.4699 14.8302 27.4068 32.8593 36.4265 4.5718 6.7917 18.0181 8.9704 31.3571 16.6765 11.2433 31.0893 15.2117 
22.4765 20.404 22.2701 20.0101 10.304 12.6775 23.9805 22.5818 25.6099 35.2632 4.2345 7.9081 19.35 27.8653 10.7814 
33.0286 19.6258 14.9398 16.3289 23.6014 29.884 24.1975 25.8789 14.0085 30.6576 32.6414 22.8843 32.6985 1.985 26.7635 
7.284 10.9052 13.6306 28.0977 20.4759 29.0801 10.7282 10.2218 17.4052 18.1335 20.2271 9.8436 7.3174 26.8139 9.8769 
32.5037 18.9602 19.2212 4.9121 7.3665 9.389 28.7058 26.4519 22.8282 36.1966 13.0353 14.6042 35.5268 17.0251 17.626 
24.8282 15.288 15.4119 11.805 5.2041 8.1376 25.4982 22.3411 17.9394 32.2977 9.0133 6.9485 20.6638 18.6498 8.0947 
20.5907 9.7789 5.451 14.8825 24.1053 27.5308 15.9057 14.7984 4.4324 22.2287 24.0271 16.3202 29.447 6.9266 17.0747 
16.8693 9.1223 12.1666 16.3406 11.0231 15.6891 16.1819 13.8069 17.3649 22.5323 14.282 2.3297 17.1901 21.343 1.4777 
21.2162 24.611 31.4487 30.0713 21.0436 26.3706 29.2979 29.9991 33.3725 29.8191 15.9334 19.334 15.5111 43.1741 18.1166 
35.9605 20.6986 21.2823 6.9282 9.9195 9.1761 28.5343 32.7867 23.6466 44.8913 14.6713 20.8474 37.0376 17.5998 17.9703 
10.935 20.0035 18.8607 37.2861 38.3063 42.9671 7.6483 10.9464 22.048 1.843 38.5583 27.6607 19.7841 28.1529 23.4424 
8.6109 13.9226 15.1822 27.9734 28.5907 38.3117 3.7808 6.3838 16.6003 6.2814 32.6948 20.8597 17.0188 28.1027 21.3428 
10.8387 12.7523 12.82 28.3288 34.6468 42.3986 5.2319 8.2519 14.1105 6.4621 35.733 21.4554 21.6332 23.7069 20.8696 
22.8572 14.898 13.7784 11.238 6.0249 11.549 20.0681 22.0378 17.5216 31.4646 7.1666 5.1031 22.1091 24.3315 6.8663 
8.6261 7.7268 10.4084 19.8517 16.6961 20.9281 12.1645 9.08 16.201 22.8259 17.1593 5.1447 10.6735 22.4924 4.205 
20.4762 25.033 27.8912 23.0967 17.7295 16.5196 30.9015 26.9091 33.2301 31.3855 9.7291 12.1147 15.3339 40.1736 15.7735 
16.9644 13.3814 10.0552 27.4139 34.0526 33.023 12.6474 10.7253 6.7681 18.5529 34.3929 20.631 24.8867 18.0113 19.5101 
13.3748 9.7581 8.6085 23.5987 30.4129 35.2328 9.9217 8.0586 7.0456 17.055 28.426 21.6202 27.0204 15.6351 18.093 
10.7208 17.5143 15.7281 30.7467 36.7156 36.0166 7.1596 9.3854 16.4724 5.3511 31.102 21.1493 19.0499 24.0692 23.5855 
12.7766 15.3629 17.4503 23.3539 16.475 23.2687 18.8854 14.7256 26.43 22.2275 12.9551 7.2603 8.5775 29.5584 8.347 
8.3933 7.5579 8.9119 26.5609 30.5435 31.824 3.9024 3.5385 11.0588 11.4012 32.2156 17.4541 20.7199 21.3908 14.2089 
28.2748 20.6614 25.8888 12.6798 3.9781 0.7974 27.8035 29.8963 26.6542 41.2129 8.3656 14.8813 25.8182 24.3771 14.26 
28.2403 19.7581 13.8527 12.3116 21.8941 24.3072 25.4758 22.4925 11.7606 34.0936 27.5247 22.6716 39.102 0.7933 18.79 
4.257 9.8747 10.2337 28.5408 26.3852 28.3419 1.6199 1.9083 12.9361 9.0476 25.3912 15.7585 14.2746 27.6116 13.1936 
18.4954 14.7439 17.5086 15.7782 7.6668 12.3306 22.7961 19.2387 22.6091 33.0213 5.8774 6.0499 17.0576 27.6722 7.0887 
15.933 19.5097 24.03 30.5448 18.2942 21.3731 22.5053 21.0364 29.6855 26.9353 15.7058 13.6459 8.6217 35.5994 12.6477 
20.7357 13.4772 16.6658 14.802 7.7592 12.1571 23.1471 17.4124 19.3032 31.0495 9.8753 4.6727 19.6548 23.4097 5.9258 
13.6664 19.6458 21.1013 32.6788 18.4045 22.6571 22.9355 19.414 26.7504 26.0483 17.2423 12.249 7.2607 37.7749 12.7061 
23.5953 26.1345 32.431 39.2324 23.9823 24.269 27.5047 27.0278 31.2221 29.0132 21.5544 16.249 10.9586 36.728 19.8037 
2.1642 14.0076 15.1674 29.0148 31.4635 31.0077 5.5506 7.2023 16.4909 9.015 24.2571 16.4291 9.9784 29.3863 18.4376 
20.1983 9.4679 12.9922 12.3574 9.5195 15.7803 19.1386 14.4582 16.9294 28.4124 11.2226 5.0124 18.7693 16.0109 5.3323 
6.804 14.5204 17.9465 24.9008 25.4475 25.2855 11.6074 9.3622 21.9895 15.8067 23.2672 13.6592 5.2015 33.8035 13.2132 
32.0449 17.7996 17.2438 1.0236 13.9273 12.1954 30.0019 25.7642 16.5944 39.9546 16.3944 18.6521 32.6105 11.6338 14.5931 
18.5449 11.6007 6.4 9.7498 20.6044 19.5428 17.6579 18.8077 7.2965 24.8848 26.1229 15.6914 25.6277 6.8931 16.7662 
25.9116 13.9481 12.9065 6.0512 14.5448 19.7379 25.3262 22.2369 15.0368 31.8794 23.9854 14.9856 27.4217 7.8867 14.6223 
31.5142 15.6966 15.9722 15.2308 30.1215 29.9573 26.1571 25.0217 11.2952 28.4378 28.0595 23.7156 38.8872 2.9714 21.8112 
17.9809 8.9571 8.0079 11.4459 15.4651 17.0355 19.21 14.1146 10.042 24.8772 19.34 9.3675 23.4948 12.5945 8.722 
8.4413 10.4937 11.4878 31.2561 27.8015 35.3434 3.5022 5.111 12.613 8.3409 28.1895 22.849 17.135 22.0544 20.2774 
14.3273 4.4349 5.9789 11.8631 17.5707 17.3036 13.7891 12.0944 10.1226 24.623 19.1217 7.9113 23.2786 14.6114 7.2896 
7.7037 4.4587 9.1356 21.9092 18.5834 25.4828 11.32 6.9219 11.4916 16.1934 16.3953 6.8597 13.6748 22.5525 6.5989 
21.3485 19.6978 27.7616 29.7303 24.5624 26.8635 26.0951 23.9415 28.6722 30.5044 16.9291 16.5195 9.3088 39.0344 14.5742 
10.2479 19.7856 24.846 31.9 20.7927 31.0009 18.2846 15.6067 26.1241 18.4739 21.0613 11.7713 3.3242 36.5024 12.983 
25.0215 15.5968 17.1181 5.105 7.7969 8.7643 28.3906 21.0683 22.1835 40.1059 13.111 11.0313 27.1124 14.9122 14.0382 
15.9962 9.9659 11.8512 16.3702 10.3436 14.3316 18.7648 14.8737 14.538 27.9402 12.3651 2.0351 15.4838 19.6831 1.0287 
11.3637 5.4026 3.1978 19.6924 21.3387 30.2743 10.0421 7.9374 3.9658 16.9864 26.8115 15.6253 19.2857 15.598 15.5395 
15.0068 12.6122 14.7072 16.2487 8.7578 15.1609 19.5862 17.0006 19.5741 26.5979 10.7476 1.8725 18.1053 21.6186 3.0697 
5.882 5.6908 7.3806 24.5157 23.8067 26.0302 3.2498 1.3965 11.3719 12.8048 29.0069 14.495 16.3568 23.1565 12.3414 
26.3992 18.8295 12.9107 8.9294 18.6689 24.9926 25.8872 27.1563 14.5033 36.8732 24.1797 22.5373 31.9764 3.3832 21.9746 
9.5395 6.5262 5.5651 21.23 24.8654 28.1877 6.3873 5.0747 6.756 13.3203 27.348 15.9304 20.4574 18.1249 15.806 
24.9439 22.0733 22.6342 17.55 8.1304 10.7351 28.4785 26.5035 26.3315 35.2671 2.9131 10.423 20.4027 31.1044 13.189 
20.7564 26.8856 26.0231 29.135 22.8614 21.1156 23.1272 24.8859 28.0314 32.903 15.3141 14.7446 14.7812 33.8712 15.8271 
9.8675 18.5488 17.3616 38.4776 35.2711 42.5424 6.4913 8.3489 16.6686 2.9871 36.8453 27.7505 19.2896 32.5516 25.3085 
28.0668 18.9943 19.8096 14.702 1.2303 5.2358 28.9722 28.5061 27.7611 40.9471 5.903 10.9189 22.4724 28.2162 11.307 
16.4719 9.8298 12.0832 16.2155 10.9916 15.3297 21.5444 16.4813 17.636 28.3729 9.8015 2.4741 15.6086 21.0574 2.9508 
24.9287 12.3839 10.8683 12.5233 23.8447 24.8912 21.9717 18.3932 8.8068 32.8183 27.432 20.2756 28.5617 3.597 17.3242 
10.5948 15.2499 21.7646 34.5154 28.5287 28.5338 15.4115 12.7961 28.8363 20.0791 25.3199 13.1717 0.3015 30.5241 17.0978 
13.2909 4.74 7.5753 15.3879 15.4434 22.39 11.1922 10.4197 12.6527 23.1325 19.2679 6.7232 16.4029 17.4649 4.3273 
27.0792 21.2365 23.25 8.2259 5.6815 5.6859 28.1159 30.6435 26.1203 35.4194 11.361 13.945 26.6062 20.2282 15.4863 
31.5391 21.5308 15.6861 20.0631 27.3616 28.6681 26.0419 26.6102 11.0119 30.9792 37.4818 29.6744 39.1268 5.0581 28.4916 
6.2456 13.5647 16.6341 33.543 23.0875 28.5012 11.3686 12.0192 25.4283 18.8219 24.0917 14.4919 3.6391 34.0913 11.828 
14.5188 19.129 27.3914 33.6769 25.9684 30.8229 20.8315 19.5235 30.5889 22.7683 21.0907 15.2373 5.6398 34.4392 15.1458 
0.953 8.9496 13.6599 29.009 26.8436 32.9029 5.2496 5.6735 18.3907 12.5851 28.761 15.9733 10.7568 28.4279 13.4161 
30.6322 18.36 23.8454 13.6476 1.249 3.0595 30.2306 26.4368 26.678 39.1616 6.439 12.6317 24.9453 26.6268 15.4694 
12.2857 7.9341 11.168 17.3088 12.2088 19.6316 13.3906 12.2265 14.7766 23.0966 15.9101 2.6818 16.8469 19.9847 1.2134 
13.6408 5.8287 5.2929 14.8896 15.082 18.6226 16.675 11.7231 9.5678 20.7544 21.3351 9.6054 18.7509 12.7883 7.631 
29.4593 25.7127 27.4674 14.6821 4.695 4.5536 35.6782 32.8566 31.3182 41.8586 5.4184 16.0492 27.7216 26.6252 16.7717 
23.0183 8.5641 6.4787 10.8206 19.3559 24.0452 17.1108 17.1403 7.3475 27.3678 25.2466 15.5782 25.4136 8.3544 13.8653 
30.0269 20.256 16.322 8.2247 17.3342 20.9017 25.0485 28.2527 14.5885 38.0604 27.5559 21.2631 35.9126 6.0502 22.1147 
23.3197 13.379 14.7537 10.7617 8.6899 11.5357 21.7635 18.5122 17.7766 31.107 10.9501 8.2594 25.1345 19.7242 7.9875 
10.6777 11.1646 15.931 26.559 17.679 23.2899 13.586 10.2995 18.6289 23.0185 15.7368 7.4059 6.8749 30.0003 7.754 
23.4495 25.8448 30.3138 31.8882 23.7723 31.4057 29.0002 27.0748 31.4408 30.9796 18.3922 16.5635 12.2147 45.812 20.7005 
10.4178 15.3327 20.786 26.6799 21.4809 28.8381 16.4267 17.467 29.5107 20.9764 17.4019 14.3493 2.866 32.1869 15.2119 
15.4425 5.2253 1.1421 15.0672 20.4591 26.8979 13.2842 10.6922 4.1588 21.1465 23.4209 13.8258 22.6434 11.7854 14.4876 
10.9979 5.5268 3.7141 21.9976 21.7065 24.8972 8.1196 6.7095 4.0617 16.5195 29.7793 15.4994 23.8526 14.9753 12.5902 
22.9515 21.0622 26.4083 30.9542 22.8395 26.8863 27.5642 27.5701 30.0804 34.8302 16.2387 15.8423 11.8211 33.9742 18.2881 
2.9883 10.6069 17.9956 30.9042 24.0196 28.0273 7.6081 7.0738 22.4035 13.3258 27.5997 12.9944 7.4479 26.423 12.1499 
17.5455 17.9257 23.2426 25.1206 19.6976 22.3096 21.5042 18.2619 24.3201 26.6855 14.5454 11.9682 9.1748 37.9638 11.774 
29.908 25.7897 23.4295 13.1639 2.8112 0.952 35.3263 30.6386 26.7845 44.9513 8.2514 15.4945 32.7985 25.4285 15.3366 
12.0031 17.4981 18.0199 33.1073 37.2095 46.6912 8.3969 12.2446 18.0104 1.8782 37.0033 29.1513 21.4269 30.9467 29.0017 
6.9965 8.2746 12.9662 24.0337 23.2889 25.1702 8.7842 9.276 20.294 16.9195 18.9752 8.0591 9.4218 26.2271 8.6827 
24.0588 27.9288 32.6271 30.8285 23.507 24.4158 30.9164 26.795 38.5882 29.4817 19.7298 19.1784 13.7939 46.674 22.386 
29.434 29.5304 28.3663 13.2989 7.1868 3.3613 32.6191 36.0221 28.3528 44.0109 10.6416 18.843 29.8913 24.6761 22.1137 
25.8333 21.2168 16.6685 4.1672 7.1136 9.8832 28.2631 26.9722 18.7914 37.452 14.1768 15.0984 26.2516 18.3886 13.7459 
7.8723 15.6749 20.9311 32.4342 30.1204 34.4334 12.6212 12.9636 26.2549 16.7291 24.7795 13.2871 1.195 38.4228 16.9454 
7.3439 9.1426 14.7512 25.8167 19.9492 21.2953 12.6803 8.7419 16.5503 18.3858 17.6849 8.2379 9.0275 28.5102 7.3927 
24.5634 19.9206 17.4141 6.3553 5.4418 7.4387 25.0006 21.8853 21.3737 33.6368 11.9368 11.3297 27.5372 21.2088 11.3195 
10.3165 12.9073 13.3843 26.8074 36.3537 32.4458 5.4882 7.1278 10.8915 8.9597 30.3081 20.9317 19.5334 22.6901 19.9046 
13.0268 2.2327 2.5334 16.8553 22.096 25.8611 11.5007 7.8698 8.0751 20.0318 24.4031 11.6133 21.3439 16.6094 8.3829 
17.966 12.3165 8.6226 19.3761 28.6627 35.1546 15.8418 13.4629 4.0422 20.3353 27.6688 23.9823 30.775 10.7288 22.0852 
28.4164 18.6055 19.911 16.7488 3.9838 5.9835 29.4286 26.3879 23.9907 32.1365 4.0528 10.2623 22.8211 25.7658 11.6205 
8.3998 8.1861 10.5255 26.0808 22.4548 24.9203 10.6391 8.0446 14.9273 17.1676 17.9344 7.1268 8.9828 26.8602 6.0683 
8.4178 4.666 7.2214 22.2008 28.8423 30.7332 5.13 3.439 9.3009 12.0821 27.6694 15.1174 19.4512 20.3314 15.1088 
22.7129 15.9791 15.3832 3.8601 12.7358 15.3536 23.3341 23.6259 15.8131 32.2695 21.4719 16.5881 25.2727 10.7503 14.7758 
15.3115 16.217 21.0868 23.4192 19.0772 22.0239 18.1578 14.7966 22.8951 28.4549 15.7512 7.9506 8.0333 34.586 8.1557 
2.7501 13.1345 16.8354 28.0579 26.4503 34.7719 6.0769 5.9428 17.6672 8.4186 26.0722 17.6547 11.5472 30.2422 18.1083 
25.9665 21.1664 21.4228 14.6428 5.3533 7.2327 30.4466 23.971 23.7383 34.9173 2.4641 8.0313 23.1853 27.3414 12.2297 
2.2842 13.6323 17.7031 32.9701 28.1639 28.4286 7.4658 6.5684 21.614 8.9351 23.845 15.409 8.578 33.3655 18.2309 
7.66 10.4424 12.7876 30.4335 27.5193 34.6954 3.1848 5.3733 14.1966 6.9038 33.165 18.759 21.5111 23.0602 17.4189 
11.4938 6.408 10.7876 17.6084 13.3231 19.9093 14.5765 11.9633 14.4219 21.4303 16.3835 3.357 15.7302 17.9381 1.864 
19.081 18.332 18.3513 23.8112 14.3963 17.9316 22.4145 20.0271 24.6762 31.213 10.7831 8.3809 10.7779 33.3302 10.0235 
8.9919 17.6817 18.0762 31.6657 32.3797 40.1911 7.6297 8.7251 19.8168 3.1393 31.1125 24.2427 21.221 28.3954 21.7652 
16.1256 11.5463 13.92 15.4215 11.0537 14.1653 20.0119 17.6228 19.4466 28.1881 10.5659 1.5479 16.3124 23.7688 3.4447 
13.5697 16.2587 21.3775 24.9536 18.2564 21.6623 18.3322 16.2178 22.1644 25.8671 14.6117 9.9453 6.2879 34.9542 9.3471 
23.1665 13.0258 8.389 18.8238 25.1853 28.6681 18.4879 15.6839 3.7026 28.3265 27.0411 18.0672 30.2563 6.575 20.3504 
17.1203 9.8552 6.2232 16.6422 27.6337 28.9743 14.7231 12.8436 1.5269 21.7906 26.0327 18.1889 29.1695 10.1426 17.7527 
1.5465 12.5626 14.1807 33.8893 29.3787 28.7056 6.8584 6.6702 17.6045 12.3207 28.2035 17.245 8.22 26.5141 13.1874 
23.3117 18.7524 22.4074 16.7052 8.2052 11.453 23.0745 21.4289 26.109 33.6852 4.2614 7.6578 16.382 26.7197 7.9414 
7.0854 5.8816 11.1088 20.9188 19.384 24.7161 10.01 7.9635 14.4588 16.3503 18.4075 7.6919 11.6474 19.4594 6.0277 
9.7432 11.3814 13.2122 28.8581 34.6388 31.3543 3.5836 6.1256 12.2197 6.7455 35.34 22.2968 21.3446 25.6389 19.3949 
15.0305 15.0168 18.0374 26.461 18.9052 22.8085 19.6647 14.3549 24.133 27.0259 13.49 8.6544 8.0869 28.4147 7.9967 
10.8362 19.4755 20.4461 34.9419 25.0236 30.842 16.7759 15.4306 28.1729 19.9371 18.5471 14.1084 2.5475 37.4773 15.2499 
10.4564 19.7554 20.2447 35.0962 41.2184 41.9305 9.8167 10.6495 24.9597 1.7339 34.59 24.8413 20.1487 30.1443 22.4121 
15.6774 6.3815 3.8218 14.375 20.4243 21.3182 14.7309 11.568 6.1791 25.5566 22.9283 12.0929 26.5089 9.1808 11.8288 
26.4108 11.8354 11.8518 4.8056 13.2226 16.7535 24.0166 23.4399 14.3221 34.0678 17.643 15.9753 30.5217 11.5286 14.8039 
11.6031 16.7805 18.3194 33.6704 39.149 39.2173 5.7267 9.8007 17.9372 4.7105 37.6195 27.2212 18.9523 24.6803 23.273 
28.1849 16.7031 13.4565 7.8158 16.6836 21.6401 25.193 25.0828 13.5973 38.1074 26.3938 21.9278 31.0651 5.435 19.296 
9.5885 14.1112 20.566 29.7609 28.2962 31.6192 15.3188 13.0705 26.2119 15.2082 19.8032 16.0404 2.0073 32.5398 11.952 
10.4389 7.2001 11.4447 19.687 17.3613 20.8247 11.7072 11.657 13.268 22.7457 15.16 4.5923 13.1707 20.1311 3.2834 
25.073 10.7257 8.9128 13.6834 20.1115 23.3259 17.3143 16.5403 6.0595 30.0573 26.9132 17.2435 27.7939 5.5352 16.423 
13.7864 5.5894 7.125 14.7586 15.6257 17.6296 12.6906 12.5029 12.3926 24.9618 18.3166 7.8556 18.2824 16.5632 6.0775 
25.2517 26.7842 31.6749 36.6048 26.0287 28.8528 28.4677 24.044 37.2686 31.6759 20.3945 21.7396 14.2312 44.2491 19.1521 
7.3637 11.1351 11.1107 27.6307 26.813 35.2146 2.0056 4.9282 14.5618 6.6916 27.2606 18.5842 17.7097 25.197 20.1476 
9.4508 8.8149 15.9792 22.656 18.3319 21.9226 12.6636 10.5422 19.1054 18.9252 15.4043 5.4311 9.4108 22.0827 4.5914 
22.5798 12.1834 10.4377 6.4028 10.3168 13.986 22.9575 20.5694 15.3168 33.1065 17.6972 11.473 27.886 14.4442 10.6527 
6.4305 10.718 10.5347 30.8932 32.2146 30.0074 1.1368 3.4209 11.4336 7.7833 29.0277 17.1998 18.4605 26.9714 19.0193 
5.3095 17.2267 17.3277 36.1595 31.3116 34.3834 10.685 11.1313 22.0898 11.4833 28.2536 19.7535 6.2006 35.3795 17.9176 
7.6734 12.323 17.7996 29.3852 23.0074 27.7599 12.6338 11.3487 21.8802 18.9355 22.2965 11.3125 6.0914 29.8577 10.3817 
5.8089 9.5992 10.2108 29.5469 27.4076 34.5719 1.1894 1.4575 14.0833 10.3072 25.7087 15.1539 17.2264 25.4095 14.5781 
1.9801 9.772 12.1738 25.0722 26.3325 32.8813 4.2423 3.277 16.4358 11.9233 22.9045 13.2745 10.0285 25.1647 14.8326 
29.2978 16.6501 13.077 14.2863 25.5441 25.9358 25.3059 20.8677 11.3439 32.1086 25.3827 25.6948 34.1449 1.2789 22.5795 
11.9122 12.7769 10.9284 30.3641 31.8349 31.9951 7.1331 8.6055 9.7654 9.3957 33.1357 23.0477 19.715 22.3295 18.681 
5.2247 14.7104 18.4671 31.9854 34.2659 31.0002 8.8938 9.6371 22.3185 9.2099 26.1346 22.9761 10.4807 30.6576 21.7529 
15.4835 18.7952 23.2357 28.0233 22.6133 28.6015 17.5636 19.2888 31.5467 23.5885 16.4435 13.3228 5.7042 36.9409 14.7729 
13.7597 20.8102 22.9478 28.8672 22.4506 30.2947 18.2792 16.8408 30.8776 19.3947 20.3173 14.7144 2.1247 36.4496 17.4112 
12.3692 5.1915 8.2114 17.2294 15.4593 18.7733 12.5498 10.8545 13.0254 22.3072 19.3683 5.9666 13.6977 22.0939 3.9384 
17.0248 4.8271 4.3437 14.2138 18.3523 21.1163 15.7819 12.6774 9.0197 25.5985 22.4405 10.419 23.5666 12.4644 10.7379 
13.1053 6.8165 9.9315 15.819 15.1485 17.7944 13.7105 9.6317 15.408 20.1316 14.7067 4.2373 12.7468 22.7023 2.6165 
8.2329 3.3673 7.5181 23.3203 25.9631 29.0651 5.3234 3.5306 9.8663 14.3306 26.8561 12.3001 14.422 22.3848 10.5614 
12.8376 2.9742 2.3776 21.5416 22.6196 25.2583 7.8531 6.7875 5.9136 20.1247 24.4039 13.2683 18.4996 17.5844 12.1547 
20.6834 9.3253 5.9678 16.2654 23.3112 26.9245 15.931 13.7601 3.1764 27.3255 26.3719 17.9852 28.2762 8.5061 15.235 
24.8335 15.4223 18.753 12.8201 2.3551 6.4911 28.4655 21.8442 22.6459 38.4406 6.8566 8.8195 25.043 19.6216 10.7543 
14.9968 12.915 14.8395 18.3582 12.9081 17.5825 17.6227 16.5201 21.5543 28.2026 11.7785 3.8146 12.228 26.6026 4.7854 
19.5915 17.1926 17.0419 18.1873 9.4784 12.4483 19.8297 18.8509 24.748 29.4109 6.9667 5.4542 16.874 27.6289 6.3405 
13.105 4.7376 0.8461 18.4435 22.0754 22.1814 10.6402 9.0173 5.4941 22.8731 20.113 12.3249 24.551 13.3068 11.8362 
27.2182 22.3665 26.2393 13.142 5.105 1.6714 37.1835 29.2567 27.2141 46.3545 8.8101 13.9235 27.9626 31.554 18.3812 
8.326 4.9343 10.9558 22.5465 16.5544 23.9682 11.7826 8.924 13.8167 21.6539 16.3559 5.5985 11.7189 21.9475 4.551 
21.1739 13.6732 17.2664 15.7347 7.5618 12.4461 24.56 19.4742 21.2091 29.2824 6.4642 5.075 18.5023 26.0035 6.9526 
8.5311 15.2058 18.072 31.5842 31.5268 41.1211 5.4171 7.236 19.1627 3.4165 28.6286 22.4518 18.4772 26.4365 23.7033 
26.8456 16.076 16.1873 1.8284 8.8212 12.7374 24.7886 27.7137 19.5937 35.5894 14.9328 13.9653 33.2746 14.9832 15.8322 
5.6414 5.9345 9.5979 21.5029 25.9659 26.9953 4.7879 2.6422 11.3656 13.1503 25.7167 13.8404 12.4087 21.2985 10.8415 
2.7675 11.4514 17.4179 28.2583 31.9231 34.065 5.177 5.9349 18.1923 8.3835 29.6552 20.0055 12.0826 27.5462 18.7611 
23.2348 18.8128 23.2801 20.7775 10.0124 11.7888 26.9487 25.611 27.7791 34.7696 3.9887 9.1773 16.5567 25.8809 9.4435 
28.7082 18.4413 14.8054 14.7233 25.4233 24.5214 25.928 22.7759 12.5732 37.8981 32.0324 27.3205 34.2362 2.1252 22.6529 
7.2436 8.9843 14.0271 27.8289 21.2495 22.7197 12.5781 8.6723 19.425 19.0659 20.7938 10.072 6.8589 24.4289 8.2442 
25.7686 20.4991 18.7414 5.0901 6.6402 8.0226 28.3121 23.6969 23.7229 41.2978 13.7959 15.7705 30.8696 19.3623 17.5425 
24.576 16.5225 18.2953 10.6805 5.7511 8.8894 24.9628 20.1052 17.5174 31.9407 8.822 6.7758 21.6781 21.2111 7.4324 
21.6098 9.0493 5.1007 16.5561 24.3446 21.9913 15.5179 15.0431 3.7036 21.6426 25.4351 18.9982 30.1152 7.8304 15.037 
14.5363 7.7796 11.092 15.2557 12.5284 18.085 14.3159 13.5805 14.6454 25.671 14.3233 2.2093 16.0578 20.3513 1.4362 
23.965 25.5436 32.8997 35.9619 25.1964 25.3577 28.3656 24.3393 39.0002 28.2926 15.8382 18.0574 14.7879 41.4284 20.3851 
29.832 21.1369 22.0913 5.9058 9.2332 9.1997 35.5035 33.1079 28.1542 45.7975 14.1261 18.9396 37.1824 17.594 19.4588 
9.5006 19.4285 18.5675 32.0036 34.8516 40.5736 8.7046 10.8164 17.6283 1.827 32.95 24.5097 18.2241 31.5151 25.1174 
7.4241 11.4933 13.7 27.5117 29.2643 34.2373 4.4865 6.2443 15.2438 5.7105 36.3967 18.8358 16.289 25.1205 20.0955 
10.1204 13.3221 16.439 33.8276 30.5724 38.4738 4.7413 7.3293 13.8674 6.0465 38.4261 20.868 21.1217 27.5363 18.6111 
19.096 14.4237 13.742 11.568 5.7173 10.2727 21.0484 17.563 19.3656 31.65 9.3005 4.7461 22.6784 24.5006 7.1196 
9.4492 8.1102 11.4642 23.2728 16.4648 23.1434 12.6186 10.0114 15.8135 22.9696 18.8671 6.2556 9.6582 20.6794 5.3555 
23.8552 22.7249 24.0097 28.8652 16.8081 17.4855 27.8948 26.4988 30.6438 33.9374 8.954 12.8611 15.6726 35.1292 14.0245 
17.4757 10.9707 10.5661 26.7269 31.1757 38.4064 12.1372 10.2012 6.7646 18.4916 31.6275 20.2247 22.5702 14.2556 21.6824 
14.4876 10.9487 8.9092 23.8322 29.9168 33.7652 10.2417 9.9059 6.68 14.1321 29.9899 18.6883 23.4228 16.534 17.6844 
9.1637 17.4218 18.2347 37.8068 39.516 34.0504 5.8744 8.0425 14.5931 5.1637 32.1125 22.5198 19.918 28.8626 20.7433 
15.5724 15.0989 18.927 25.6602 16.8576 21.056 17.0996 14.6354 25.0748 26.5577 12.2398 7.6599 9.3731 30.1644 7.3004 
8.2948 7.3893 8.4168 23.0204 29.5452 30.2682 4.2669 4.5645 10.4406 10.285 25.7607 20.0093 18.4099 22.8761 14.8112 
29.7542 21.8658 22.2801 13.2011 3.946 0.7809 29.6044 27.6338 31.5098 40.654 8.1468 15.0037 29.9027 23.7418 16.2618 
29.9237 18.3418 15.0694 14.204 26.4489 27.3567 24.3442 24.1801 12.9245 32.8372 29.2111 21.0298 39.6393 0.9842 23.5839 
4.7794 8.9349 12.5158 31.1761 23.9049 28.2876 1.3251 1.7102 15.7742 10.174 27.7138 14.698 14.437 21.8971 14.489 
18.2682 17.2219 17.3785 16.9507 9.2394 12.1929 23.1802 22.3795 26.9709 27.1053 6.1433 6.3012 15.7337 29.1721 6.3955 
19.0733 17.7583 24.1 27.5724 22.8928 23.3198 23.0506 20.5023 26.9517 24.11 16.2925 13.3283 8.4011 30.6197 15.3382 
19.4419 11.9687 14.6728 13.6362 8.0191 10.9708 22.3413 18.1896 18.6162 32.7545 7.9863 4.7917 21.3407 23.8719 5.1982 
17.5564 19.5923 24.1709 27.8524 20.4095 25.1912 21.1514 16.4916 25.7444 26.909 14.3784 10.8979 8.2223 34.6385 13.3146 
19.3013 23.0087 31.3712 37.2673 22.775 28.9063 30.1907 27.0798 36.1793 32.584 17.034 17.8134 12.2561 47.0042 20.1661 
2.136 10.9941 16.6523 34.0843 26.3485 35.3981 6.2225 7.2133 17.7355 8.4704 27.7258 15.5555 11.6783 30.6041 14.1702 
17.7559 9.5053 11.6642 12.0358 10.1231 14.6265 21.1065 14.3257 14.2079 26.65 13.2153 5.3885 21.1774 16.4191 4.9234 
6.2725 11.5012 17.3628 27.9982 26.1562 25.4215 12.3456 10.122 22.7233 14.6505 23.4903 14.2364 4.4654 29.7186 11.6148 
25.8577 16.69 14.3295 0.9948 13.6197 15.8307 24.0031 21.9684 18.6687 33.4797 20.3756 15.007 32.0343 12.9168 14.5931 
18.9369 10.5381 8.1818 10.8754 19.5561 21.7338 19.9985 17.4775 7.5399 28.9969 27.0216 17.883 28.7451 7.909 13.8524 
28.3265 12.9462 13.2177 5.629 15.5209 18.787 24.4835 24.3056 15.0406 31.216 22.0208 16.0606 26.7567 8.7693 13.3884 
25.4618 20.704 12.1365 18.4796 28.1873 27.2754 25.5328 23.9192 10.7798 32.4278 36.036 27.8413 39.376 2.7879 26.4654 
18.0393 7.7584 7.3037 9.8303 12.1158 15.593 18.3069 17.5483 12.0568 30.2494 17.6763 10.9672 22.7002 14.3991 9.9143 
8.0705 10.3466 11.5052 26.9045 34.1942 37.2104 2.7771 4.7644 12.0776 7.8385 35.9929 18.7371 18.9045 27.31 19.2414 
16.2986 5.6131 5.3643 14.773 17.6867 20.7075 16.1911 12.6186 11.2385 22.0511 19.7931 8.2218 22.3019 15.1721 7.2982 
7.88 3.8721 9.3294 19.4389 20.8054 25.1025 10.4902 8.4572 13.7853 16.0353 17.3876 8.4383 12.6392 19.873 6.3101 
17.0115 22.3267 30.2868 35.3289 21.6427 22.6889 26.5735 21.8787 33.4084 29.1803 17.9842 14.5626 10.2647 36.7498 17.2189 
12.6044 16.0193 23.441 33.7688 22.1574 29.6794 19.1578 16.0046 24.813 22.9734 18.8979 14.074 3.3646 30.9771 13.9972 
25.8879 15.9135 15.6809 4.7128 7.7707 10.765 26.0825 24.1971 20.4657 36.5506 11.8607 12.9424 29.7933 16.7189 13.7384 
16.8144 8.0175 10.861 17.5337 10.5538 17.0929 16.0334 14.7572 16.5146 27.5841 13.815 1.7126 18.0567 19.4001 1.1063 
13.4055 4.4138 2.4939 19.8358 25.8171 30.4008 9.845 6.9145 4.4488 20.0468 23.4666 15.8722 23.9924 13.1379 14.8601 
15.8245 12.4895 13.312 13.7378 9.6039 12.8899 20.7194 19.1098 16.4368 30.8246 8.8493 2.059 19.4279 20.1195 3.1477 
6.4399 6.2606 9.2488 27.3436 22.1676 27.0791 3.2581 1.3696 12.6362 12.3795 24.5085 13.3411 14.3837 24.209 14.5968 
25.0329 18.0089 14.765 11.0567 21.4601 26.3569 22.9903 24.0123 12.8825 36.0469 30.8514 21.7443 31.6704 3.2734 19.331 
12.1671 7.3069 6.9322 22.5878 23.7601 32.4623 6.0256 6.3085 7.9496 15.0039 27.9889 17.6528 20.5905 18.5115 16.3326 
24.5988 17.9009 25.8917 18.7084 8.5201 11.7172 23.8885 27.8028 24.5933 36.9821 2.5895 11.4314 19.0734 33.1164 10.5261 
21.743 22.3844 29.1954 29.1866 19.2059 23.6609 29.0358 22.3304 30.1563 28.7027 13.5996 14.1783 15.0399 36.7855 15.6892 
11.5999 17.1701 16.081 37.3173 40.5848 40.2373 7.6266 9.6893 15.541 3.7611 36.8966 25.4609 22.0963 29.1426 23.5683 
24.1594 19.5647 21.2446 14.4281 1.0519 4.8214 31.0585 29.1508 27.9495 33.8575 5.9672 10.0775 27.8586 24.9537 13.8666 
19.5176 11.3317 15.3539 14.4564 8.8409 15.0241 16.8585 16.9355 18.4187 27.3098 10.1557 2.2785 16.6211 20.2422 2.9525 
26.1404 14.0992 9.4311 12.9946 24.4998 24.3992 19.2074 17.9394 7.9276 26.9189 30.074 18.831 35.5142 3.6054 20.5625 
9.7546 18.3837 23.4016 35.0712 25.9317 27.6266 13.3739 15.3345 26.9144 18.583 24.6627 14.966 0.2933 36.9176 15.4347 
10.6882 4.6987 7.8258 14.2246 16.127 22.0938 11.3775 10.4496 10.9569 22.2642 19.2728 6.7743 16.1776 20.0515 4.4879 
28.7512 20.4812 22.3377 8.5855 4.7996 6.2807 29.9403 30.3989 24.48 34.6298 12.3124 14.9029 32.7942 18.455 14.1417 
26.6327 22.237 13.9921 16.9452 27.884 34.8937 25.2486 25.1178 12.2229 31.8583 36.8705 28.4405 37.1213 5.2674 23.9584 
6.6084 14.6817 16.4255 25.6446 23.7666 32.1312 14.0158 12.1898 25.236 17.0052 24.0791 13.4113 3.7808 31.9484 12.3635 
16.6644 19.0911 25.3133 30.7898 29.3647 32.4962 24.5066 20.0618 30.7391 26.8038 23.2245 15.2956 6.494 34.6375 18.181 
0.8941 11.003 15.6877 26.0872 24.2567 33.7434 6.2772 4.6106 17.2296 11.6478 25.3884 14.8356 10.9431 29.3499 11.8215 
27.803 18.8349 24.3153 12.4311 1.4553 2.9574 32.5149 24.2304 28.7893 42.2251 8.0783 13.7639 25.8552 24.1764 12.2478 
11.4968 7.1437 12.2271 17.4703 14.8384 19.4196 14.4105 12.0158 16.1339 24.9352 12.497 3.0108 14.4298 21.8142 1.515 
14.7779 5.3114 4.6107 13.9518 16.0602 20.2724 16.6286 14.0996 10.0553 25.3102 19.5829 9.3291 21.0579 12.9734 9.4829 
28.0229 22.0917 24.8318 14.4067 5.1884 4.2596 36.4733 33.093 32.1795 39.5708 4.547 14.2504 27.1523 25.5898 17.9102 
21.2226 9.1119 6.8047 12.2238 15.6784 23.8085 19.9385 16.0608 8.0108 25.7529 22.1296 14.9852 30.1539 7.0709 13.0212 
EOF