I 150
J 15
bounds (0, 100)
cv 1.0
D 100
k 5
t 3
FLR 0.4
FCR 4
λbounds (80, 120)

λ 
84.5529 90.6951 82.4012 
90.4728 94.5458 88.5159 
111.4062 83.7109 116.2311 
115.8045 111.9166 95.0429 
99.7959 85.5728 102.1756 
107.7019 101.238 92.5985 
116.2962 82.8898 115.7463 
90.5524 87.6952 103.0662 
99.2076 102.7131 89.3568 
80.4381 92.2934 94.3093 
111.6961 103.3928 93.8686 
104.7642 115.109 108.5486 
114.1143 86.0953 104.2701 
100.7201 110.1041 81.2861 
92.7314 94.982 113.0684 
99.6389 97.3727 103.3174 
91.3334 115.8645 117.0012 
97.9637 114.1787 103.3198 
97.9956 91.8308 117.6099 
105.848 108.4772 102.3116 
89.2209 117.4228 104.7055 
116.5881 86.956 101.5164 
84.4264 108.5577 115.0632 
81.5021 115.2246 102.7364 
93.6301 81.3264 95.0617 
97.605 117.1818 80.3719 
114.1717 107.9219 85.1084 
103.7397 91.121 93.6064 
88.8598 119.5232 91.841 
105.1774 115.2036 92.1966 
107.2533 107.6913 90.4386 
110.0576 99.7151 80.8749 
113.049 107.4618 118.8461 
110.4432 86.4199 87.7381 
92.8351 109.1798 98.634 
115.416 97.1308 103.4319 
97.6938 107.4247 92.7059 
100.1358 86.823 82.0821 
84.6857 98.9178 90.8081 
118.1307 107.1277 109.963 
80.1815 106.5885 85.7003 
95.0357 115.8869 98.375 
118.6487 98.9955 95.6925 
115.9545 119.298 96.6129 
108.8858 91.4209 83.41 
82.9922 80.8273 112.0532 
98.592 117.983 81.1571 
101.074 101.2201 83.3236 
108.9804 102.8146 104.8916 
95.9468 103.2062 110.8504 
100.4894 88.8748 82.1666 
86.1129 101.1011 83.9233 
88.7618 112.9504 90.5515 
86.6723 104.0771 116.744 
117.6509 98.285 102.2517 
89.5326 84.9337 109.607 
81.8127 98.2502 84.7074 
118.166 100.8545 100.8883 
87.4776 91.4994 106.3391 
110.0541 98.2032 100.5427 
111.3759 117.8786 110.7133 
119.889 117.2479 82.1338 
82.5775 101.0115 108.7971 
114.1024 116.474 95.9202 
98.233 118.0595 110.9752 
104.8305 83.0388 93.7509 
116.129 114.7266 112.8315 
99.4265 101.2507 117.8874 
99.5299 88.6073 106.0556 
91.8306 110.0378 98.1993 
86.0086 108.1363 105.4343 
103.2094 106.3696 86.1214 
119.3678 103.9257 112.1913 
111.9097 103.5291 81.1161 
87.3058 85.0873 93.1074 
84.6815 116.5446 97.2206 
117.7933 84.2166 119.86 
104.4144 95.0812 106.6214 
110.5148 112.8845 111.6548 
102.4472 101.4548 85.2792 
99.8849 113.209 118.5577 
81.4245 89.8519 118.9851 
104.3728 113.4392 98.6455 
105.9753 105.5469 109.3881 
108.3128 118.7899 81.9068 
92.7186 90.9759 82.6755 
101.4806 96.7438 97.7152 
114.9854 86.0554 97.8942 
99.2118 87.4866 90.7665 
104.5316 113.3966 82.0474 
117.2897 118.2217 116.5994 
104.0423 90.3527 118.658 
102.4715 103.873 112.8478 
93.4398 113.8195 110.2826 
117.3371 90.6387 85.2757 
92.051 93.7157 109.7465 
105.6539 85.9645 117.0164 
118.0018 99.1689 97.0333 
95.3752 113.3432 107.6341 
99.5294 91.9558 97.8036 
90.4722 117.9207 116.4267 
96.5106 81.5916 90.3576 
88.8843 107.9307 95.2441 
95.7268 80.7106 102.2718 
94.7841 108.1545 90.1759 
87.3163 111.1531 82.263 
91.3418 85.2762 103.5037 
104.7537 87.1122 108.0421 
107.5934 89.1993 94.2063 
118.7443 106.7139 90.3044 
118.2707 112.0691 99.3164 
103.4847 84.2727 105.6153 
90.7309 99.5284 91.0711 
108.1179 86.4374 112.2674 
108.008 110.0453 111.7408 
90.59 94.5174 105.9439 
96.4169 111.51 107.1111 
116.5319 97.5695 114.1566 
99.2871 102.8991 104.2287 
85.1078 89.1213 107.5623 
115.2833 87.325 89.339 
97.9369 97.7704 94.4609 
81.7862 97.5136 87.541 
87.3553 87.8117 87.3099 
115.6349 113.2227 113.6333 
89.5884 109.094 84.3146 
92.0826 83.7757 111.1597 
109.6171 95.5553 117.3723 
117.7034 106.4874 92.399 
113.5425 93.4948 98.6286 
96.7986 97.9494 113.8118 
108.2208 94.4568 118.3816 
115.0555 94.4965 113.1459 
83.2247 86.5762 118.9785 
119.9038 119.8704 108.8591 
97.8001 111.6792 106.2403 
97.9055 109.8426 108.3357 
85.2719 85.8168 93.8097 
93.1657 83.5345 106.9053 
103.1204 90.965 95.7184 
107.8899 115.5054 106.6309 
103.3186 96.21 117.7839 
119.4845 109.8846 96.6304 
116.8886 109.6817 105.3518 
82.5968 89.728 107.689 
81.3804 118.4582 118.5561 
116.4974 92.2459 97.228 
100.0251 83.2653 99.4447 
115.3982 119.0611 107.8393 
83.6026 100.9181 103.8455 

Icoords
69.3514 87.1488
66.1952 22.3372
4.6376 69.7209
4.0797 50.8605
38.5073 39.6418
69.6015 56.9305
5.8989 43.4394
40.9003 82.0247
59.3918 1.6789
75.1275 58.2512
44.096 0.3688
24.4176 1.3009
8.498 15.1888
33.7054 98.0158
22.484 8.4053
42.4407 13.8617
9.4616 92.4514
68.0235 9.3748
38.7191 36.1278
82.2926 49.0337
85.9712 42.4366
31.5964 45.6534
78.4624 31.3542
16.3516 85.5234
75.7334 85.674
92.3946 28.7815
78.1305 6.2057
85.1822 80.2822
93.2447 1.6601
48.8671 17.8169
28.9186 4.4983
0.2265 54.8517
32.5233 57.2865
78.4974 22.1319
29.3005 71.8809
50.7631 15.8267
3.8471 56.1066
41.8121 35.7968
11.9444 39.8126
52.4808 83.5914
52.7511 67.2469
64.4262 10.5646
32.6164 16.5598
1.1242 3.0883
35.5831 28.0634
43.8058 9.8863
46.3505 94.3604
62.6779 56.9478
25.2353 70.7131
13.1455 62.1234
86.6443 96.925
59.8032 60.7439
39.1362 30.8187
81.4168 39.7112
74.3949 37.2526
19.3367 54.7775
72.0505 26.9936
80.1766 91.9048
7.6983 49.3201
10.6285 68.309
64.364 90.0033
33.1996 23.0441
58.5945 90.4024
83.4752 20.3333
3.4777 1.665
58.704 28.4375
46.8687 41.4805
37.4991 35.8133
59.7254 25.2873
37.741 30.7815
46.3132 41.4708
23.4595 7.085
39.0976 48.7016
20.006 17.6827
60.4417 15.969
51.8653 47.8035
79.983 21.8257
58.2554 44.6448
89.7496 47.6987
57.6481 3.1891
56.7971 2.8469
94.4786 6.9882
69.753 38.0074
27.9818 66.3373
13.2065 95.5445
80.3866 3.1288
34.7342 72.5045
42.1623 58.9471
93.2151 37.42
30.33 72.1805
24.7161 77.6014
1.7531 61.6737
7.7855 74.6117
3.2227 7.2907
43.7551 74.9204
36.8698 72.8729
87.0999 88.9975
35.0891 50.9933
50.8722 12.2422
50.0123 42.7315
73.4516 87.542
87.2578 32.6012
12.8366 15.0114
68.3303 71.5402
31.0214 84.9291
28.6511 55.2865
28.1758 73.2119
72.3111 18.4347
91.6887 58.4575
1.4461 84.9183
61.1448 15.505
68.1288 34.7475
72.0498 19.5097
55.0904 18.6112
13.5498 10.6711
47.9941 58.561
81.6455 95.06
14.3113 82.0955
24.8907 69.271
43.1866 40.4164
34.9571 18.3011
66.4178 23.2471
62.4244 6.4117
73.7595 13.3383
15.7745 75.6505
90.7207 58.8713
96.9355 6.9928
46.6143 74.1749
68.7313 58.7129
74.3752 88.0774
49.5176 17.7261
50.3894 44.8404
75.4908 23.2356
59.4341 41.9064
67.6776 50.8133
43.6456 20.274
45.2095 81.1365
50.2837 71.424
44.8598 66.8844
29.6617 10.3877
58.9617 96.2379
99.1941 69.2728
37.0536 70.2726
12.888 68.5252
74.3983 88.9862
20.5924 95.2536
92.4492 88.3404
51.4888 26.9981
96.4379 37.3228
91.2993 67.2855

Jcoords
32.4027 71.1342
34.2576 17.7389
65.2329 75.3686
85.3176 9.661
80.5205 28.3955
2.2484 3.9201
13.3414 49.0049
12.8724 8.0549
31.0964 69.9218
19.7382 53.9723
95.2617 96.8301
82.9229 11.094
98.5682 67.7552
89.2213 48.8043
70.9849 80.0106

C
12.4394 27.9843 4.1494 29.6763 21.2429 32.1907 26.3605 38.3022 15.6911 23.2229 8.6658 27.5882 12.7541 16.0569 2.5498 
18.786 10.9482 15.9598 8.7961 5.0907 21.887 21.7976 19.7569 19.0336 18.0026 27.2513 8.0277 17.8981 13.5625 18.0792 
8.3931 20.5871 18.3791 34.6701 32.3158 26.015 8.6555 23.5229 10.5309 7.0648 28.6897 31.4246 31.981 26.1917 23.1568 
13.8593 17.8828 26.2208 34.3765 25.137 14.4968 3.0415 16.9116 12.8685 5.586 31.247 26.4913 32.7508 32.0481 22.6456 
11.606 6.9701 14.0052 17.5937 13.8306 15.4632 9.6128 13.1804 9.4487 7.1764 26.5801 16.7742 21.4264 16.4036 20.2687 
13.8886 17.764 6.3952 15.5618 10.8157 28.9107 20.5104 29.1358 15.5073 18.0073 18.373 17.3939 9.3079 7.5431 8.3746 
12.7535 13.3722 21.5412 29.7402 24.7476 15.7559 3.0129 12.9438 13.6933 5.8279 36.0489 28.9132 29.5275 27.7621 22.9495 
4.2338 24.7267 8.6325 29.115 21.7834 33.9605 15.9177 30.3435 4.7708 13.4267 19.6181 31.4113 18.238 18.1018 9.1209 
22.4886 10.2873 29.3539 9.7819 12.9911 20.4216 22.5701 18.0351 26.8541 22.5366 32.896 7.8746 29.8742 19.2026 23.803 
17.6848 18.8695 7.7385 15.8672 9.1745 28.3797 22.878 24.5591 17.2185 17.2718 15.0394 17.9813 9.2779 5.7569 8.1579 
27.1049 7.0888 28.4413 13.3022 16.3844 15.1529 17.8962 10.4024 25.9184 19.159 34.963 14.2232 33.2908 21.1174 28.3025 
22.2814 5.7934 31.9248 23.4574 21.183 8.8356 18.5706 4.4889 27.0058 16.8578 46.419 20.1508 30.0507 31.3364 36.4533 
24.1346 7.8951 31.346 23.5984 23.49 3.9971 10.9248 2.6419 22.7385 12.7397 46.2364 27.6161 41.0267 32.144 28.5054 
8.5261 30.9796 14.6229 33.5114 25.8066 34.3977 17.3284 35.8839 10.1771 16.047 21.8504 33.233 26.9191 25.6985 15.8189 
21.9738 4.5584 25.4702 23.3033 22.5398 6.9683 13.259 3.2374 23.1756 17.4336 39.7281 19.3898 36.2144 24.691 28.7044 
20.5312 2.9357 22.7546 14.6953 12.6639 13.9033 15.3489 11.3994 21.2427 17.0301 36.0768 14.5995 24.651 20.8278 23.0183 
10.6632 27.0088 18.3211 43.1295 32.2691 35.4766 17.3213 33.1865 10.2733 14.3021 29.3045 36.9843 34.2862 34.4319 18.8682 
23.3921 12.7631 23.0788 6.4948 8.4617 24.2949 21.8874 20.7428 26.5025 26.1079 35.925 5.5794 20.4122 17.4455 23.9171 
12.5959 5.777 14.8611 20.8144 15.5971 17.8423 9.3171 12.7872 13.3791 8.9384 27.1186 18.2424 23.7667 18.6459 18.3994 
20.0803 21.0344 10.1852 14.3857 7.6062 30.0362 23.0366 29.3834 19.69 23.0916 18.2697 13.0796 9.1191 2.2579 9.9753 
19.7446 18.4648 13.2359 10.6968 5.2642 33.3242 29.1121 30.939 22.5424 24.3911 20.6157 9.8975 10.633 2.2613 12.3703 
8.8947 9.5003 16.2383 19.9423 20.1445 17.9537 6.329 13.0335 7.9666 5.6883 27.642 21.2424 27.7232 22.1033 16.6785 
18.5258 16.8457 14.7622 8.1993 1.1238 27.7267 22.0764 22.8236 21.3359 19.4955 21.9554 6.597 13.0368 7.1525 16.7915 
8.586 24.0476 15.8512 31.629 28.8586 31.2702 11.3518 27.7539 7.7323 11.7854 30.7704 38.1655 29.0616 31.3093 17.0992 
14.4428 29.1797 5.6305 30.2628 18.3413 38.4631 23.7373 35.4778 16.2169 19.5291 7.0822 25.4073 9.9733 14.9068 2.6111 
22.06 23.1261 17.413 7.2908 3.8564 28.839 25.1325 24.6701 23.0405 26.5918 21.1478 7.9533 14.2055 8.0138 18.3614 
27.152 14.7341 24.962 2.8398 7.269 27.0339 26.1988 25.6306 27.37 24.4805 27.678 2.6048 25.8184 15.1953 23.8466 
18.2822 28.6562 6.6259 22.7683 20.1767 39.8518 29.5082 37.0895 18.3436 21.4073 6.2953 23.6404 6.7412 11.8407 4.5752 
30.6507 22.4931 24.4362 3.8181 11.6718 31.722 32.0424 31.0411 28.7469 28.1489 34.8115 4.3027 22.0544 18.4815 24.8426 
18.0127 5.2785 18.8116 13.7865 11.3139 16.8315 15.2693 11.9568 17.2478 18.0611 33.5172 13.3124 25.5121 18.9779 24.9516 
24.2552 4.8155 28.7553 17.1264 18.3737 8.6672 17.1216 5.3991 22.3479 16.6252 41.7829 17.5784 35.9603 29.6773 30.6599 
12.4484 18.4092 23.0474 36.2938 26.9176 18.4874 4.9309 14.6686 13.1293 5.9708 36.6121 31.6513 38.6423 26.8403 26.1191 
5.2651 13.4631 12.2403 22.8307 21.2434 22.1863 7.6804 17.9964 4.3793 4.5593 27.7213 26.2388 25.7848 19.0791 16.8149 
24.4747 14.6487 17.8254 5.2478 2.4058 24.5451 23.5474 23.008 23.6059 20.7645 27.7823 4.1253 15.1573 9.4464 19.8788 
1.1506 19.4748 11.6138 31.4038 20.7952 23.0998 8.8866 21.9732 0.9034 6.9675 24.4711 31.3614 26.6113 23.8029 13.4884 
17.6749 6.1711 22.445 11.3198 11.1219 19.3224 16.1238 14.4893 22.851 15.1294 34.8982 10.1159 25.2192 16.6473 26.9109 
11.0906 17.2675 22.6788 32.3915 29.2194 19.7723 4.5588 16.6477 11.6095 6.1057 35.3665 29.9447 29.9474 26.2627 23.6604 
12.5028 6.3676 16.9081 19.6666 13.3126 19.317 11.3175 13.5661 12.8764 9.6761 28.2005 14.5276 24.7774 15.5939 17.5387 
12.0688 12.3507 21.3005 28.518 23.3657 11.8564 3.4895 9.5568 11.7008 5.1204 36.9713 23.2308 28.1522 24.9577 23.3991 
8.1944 23.1083 5.9859 31.2658 20.6902 37.4385 16.9282 31.8563 8.9186 16.5569 15.244 27.135 17.568 18.4272 5.7485 
7.9447 18.566 5.8419 20.3432 15.3486 30.0506 15.1082 27.0572 8.5728 10.9521 20.473 25.256 14.7448 14.2344 7.4072 
21.5408 10.5372 24.0117 7.6325 9.5192 22.8304 23.6868 18.5246 26.1883 19.6618 31.56 7.2407 21.1942 18.1206 22.1891 
18.4299 0.7394 23.3822 17.3644 15.3412 10.7397 11.699 7.7908 20.0188 14.1254 38.8146 17.463 29.7559 21.4977 26.501 
26.0993 13.2123 29.68 29.8445 31.7495 0.5514 18.0411 5.0892 25.021 17.7445 43.4954 29.7362 37.6343 31.0164 40.1929 
13.2803 3.9774 16.8771 19.0642 16.6498 16.3239 10.24 9.7915 14.747 10.1071 34.809 18.26 28.8041 21.6865 20.8769 
23.1633 4.2144 21.3587 13.8361 13.9549 15.0595 15.4794 10.4211 24.528 19.8349 38.9468 13.8384 29.7179 19.8867 28.1952 
9.3062 23.4106 9.6037 35.6337 26.5883 31.6853 19.123 29.6783 9.1899 18.341 18.752 32.0851 21.5255 21.6382 11.3894 
13.3101 19.0265 5.7205 16.5093 10.2724 31.1699 19.8038 21.0566 13.5683 14.9444 20.353 17.3129 12.4253 10.4894 8.0256 
2.4002 19.9418 14.4118 32.5328 23.024 27.5064 9.4754 20.1689 2.0126 5.7125 25.4409 26.5388 22.759 23.3604 17.2734 
6.9354 17.7971 17.6929 33.5308 27.0717 22.4009 4.7534 20.6977 7.7563 3.4962 32.9497 27.6368 30.485 25.5255 19.7367 
20.1624 33.9433 9.1271 32.9896 22.1888 42.2607 27.4202 43.0121 22.5128 27.3822 3.2498 29.8199 12.4066 16.0568 7.058 
9.9635 19.4328 5.329 21.9094 14.9353 25.3881 17.0074 21.944 10.9914 12.385 16.503 20.5329 11.8418 9.8262 8.1576 
14.4367 5.0884 18.2411 17.7638 13.8875 15.5085 10.1248 13.2386 14.2758 12.0369 32.3537 19.1761 26.4435 17.7264 19.5144 
22.1069 18.5371 13.2982 10.1028 3.6834 30.6436 23.6695 28.615 17.8836 19.6628 19.5831 9.7032 9.977 3.6752 12.967 
17.7247 15.5221 13.4383 8.9262 4.2925 27.8319 20.5797 27.0287 19.2228 21.228 24.1331 10.4662 14.3186 6.8791 14.3308 
8.0682 15.2417 17.898 25.2422 24.2464 18.8692 3.0719 18.4379 6.6342 0.3528 27.2356 24.3395 25.154 21.6941 21.0731 
19.9298 14.844 17.7288 7.5566 2.9447 24.2164 22.7161 21.9957 17.9533 20.0063 22.1588 6.5797 19.3151 8.7717 17.7166 
18.436 31.9699 7.8744 25.4217 21.5363 44.8625 27.8283 35.1915 18.7149 27.6433 5.3446 25.4297 10.6578 13.2778 5.5603 
13.163 13.77 20.2354 30.4988 25.9432 17.5176 2.0251 14.2398 10.7524 3.8813 31.9787 32.7478 29.8098 31.175 26.8823 
8.3611 22.1877 19.9533 30.4453 25.0875 19.8172 6.3803 19.9941 7.8573 5.7855 28.1504 35.9655 33.3386 28.7549 23.5715 
14.5048 28.5662 5.1429 25.3656 23.3492 39.5848 26.1094 29.9543 15.1044 20.5621 10.7301 24.5133 14.8565 17.7167 4.2494 
18.4403 1.8285 21.3993 16.9982 15.7916 13.2579 12.3942 7.7031 17.1604 10.5341 31.2485 18.2822 24.8757 22.4259 22.6814 
10.8765 23.6712 5.6205 31.9443 24.8345 41.2874 23.6802 33.8799 11.4724 18.999 14.2316 28.1636 15.5794 19.6037 6.247 
22.2518 15.4117 19.2319 3.4093 2.6902 32.2193 29.1253 25.1679 25.6706 23.8838 29.3035 3.0664 16.5571 10.433 22.5712 
29.7841 12.7611 29.1448 25.2363 28.3788 0.9349 19.1686 3.6233 23.7245 18.4432 44.2126 28.529 39.2106 31.7025 40.3226 
16.0672 9.5025 14.5466 11.9143 6.7849 24.5029 18.7127 17.0543 18.1285 18.5323 27.2356 9.8332 21.9094 12.3497 20.538 
13.0953 10.4226 13.6523 15.5413 12.027 20.3728 11.4148 14.7033 10.6802 11.1408 24.4607 18.2476 21.1617 13.5477 17.6865 
12.6902 7.2698 19.3141 17.1956 13.8128 15.6635 9.1795 13.7151 10.9284 8.9614 28.5588 19.5583 24.1903 20.5369 17.3725 
19.7206 9.6848 17.2613 11.7424 8.0635 23.6083 20.4477 18.2813 16.3641 19.4141 26.3372 9.0995 18.4398 13.1504 18.5152 
16.2125 4.9031 16.5211 20.6914 16.2601 15.2229 11.8343 10.575 13.9308 8.8163 30.7422 16.5499 25.213 20.8794 18.9316 
11.0477 9.7024 12.8534 16.3374 11.4075 19.4409 10.576 15.7661 11.2991 10.2497 26.8907 15.2561 17.8404 15.1834 17.604 
22.1497 5.2091 25.1831 24.0217 23.2374 6.8691 16.3784 3.4786 19.1164 14.7642 44.9046 18.8689 36.3999 28.7606 34.5394 
7.8401 11.7457 11.9223 22.0468 17.7102 21.9621 9.6129 15.16 7.7583 6.2841 27.6184 21.9274 20.0584 18.3654 15.985 
20.8342 5.3544 23.9037 23.5967 23.3715 6.886 10.9392 4.0166 20.8914 14.4872 42.0256 25.1715 29.5884 27.7834 27.8361 
21.5349 9.9674 18.6167 7.8273 8.8218 21.2097 21.8848 17.3507 21.5881 20.8659 31.7206 7.7476 21.3243 17.286 22.6449 
10.6036 12.5324 11.5771 17.3408 12.5493 25.9392 12.9811 16.9661 9.7485 12.2285 24.2516 15.5555 20.0961 12.87 13.877 
21.228 15.5948 18.7661 4.6065 1.9835 28.7332 27.8168 22.19 21.4928 21.1342 28.6124 3.7866 15.2407 10.9617 21.5135 
11.4041 11.2557 12.0133 16.2498 9.7549 22.2563 14.4355 20.8583 11.368 12.4598 20.1265 16.6364 14.8509 12.407 13.8019 
23.2315 21.1766 13.8818 14.0734 6.483 37.0233 27.0678 30.6632 23.3514 21.4531 18.6288 11.8708 6.6737 0.4548 12.5735 
23.4122 8.3604 28.5953 8.8147 11.8857 18.7156 25.2583 17.4482 28.0173 24.4175 37.691 9.3005 26.1429 19.4222 24.5607 
28.7154 10.425 28.3647 10.9405 13.4298 18.6156 22.8984 13.3493 25.4925 23.4769 34.5879 10.8326 26.3518 21.834 28.6369 
28.2165 23.7229 24.87 3.7103 9.9719 33.5534 35.9362 25.8632 30.6544 29.4772 32.7756 4.4847 22.9549 14.6792 29.4408 
18.8514 13.6521 13.4841 9.8082 4.4051 23.1708 20.2077 21.214 16.8532 19.6511 24.9474 10.535 13.1246 8.7422 14.2158 
2.4887 16.2441 11.9897 31.3935 25.119 26.2764 8.2131 20.0858 1.586 5.8077 25.6689 28.7185 24.4843 21.2248 15.8974 
10.9776 28.9526 22.2146 35.3698 36.2729 34.9824 16.4053 32.0127 9.6844 15.5536 27.9022 34.8239 28.4844 33.7041 19.4926 
26.9914 16.0501 23.3541 3.029 8.0274 25.4509 28.1735 22.0411 33.0218 23.7502 32.0487 2.6716 25.9948 18.0924 26.6134 
1.0101 17.4545 11.227 27.6544 22.6333 24.1934 12.4668 23.2821 1.6712 7.7645 20.3461 26.6654 23.9911 19.4833 12.7089 
6.1485 14.8117 9.8802 23.3083 19.2917 20.4412 9.4024 19.0778 5.3785 8.2437 20.9903 21.2969 21.5456 15.5683 11.1523 
26.339 20.9216 15.9508 9.6394 5.3595 31.922 24.689 27.1336 26.8653 25.7965 20.1044 9.913 11.0463 4.2865 16.9592 
0.9208 19.4207 13.3078 28.8248 24.9902 28.838 9.8074 22.1908 0.8234 8.2026 26.5797 27.1002 26.9833 19.5596 13.1866 
3.333 23.1197 15.4684 34.7958 27.7884 23.9643 10.593 26.914 3.6922 8.302 22.7913 33.7087 24.7955 24.1028 15.8778 
9.9052 17.8001 22.6836 37.2949 32.4249 17.5808 5.9835 19.0673 9.3301 7.4561 39.1804 33.1007 30.3725 34.4622 27.9099 
8.0253 18.9137 18.9535 36.7451 30.7993 25.6333 8.3429 25.4454 9.145 9.316 36.0744 37.1216 33.749 34.0342 20.6527 
21.3957 11.7003 31.8802 29.2708 24.3507 1.3129 16.6287 3.5903 26.1806 17.9648 46.0726 31.685 35.4849 36.5265 32.5925 
4.5307 21.9919 7.5747 26.925 21.4303 25.9804 15.0241 23.2817 5.0642 9.7902 20.4525 27.3784 18.9221 19.589 10.9615 
1.7228 19.5669 10.458 29.8739 18.7642 27.406 11.1136 27.3153 2.3439 9.1884 21.6549 23.3323 24.3927 20.4721 11.6028 
17.2966 28.1222 7.9026 31.5363 23.3226 46.369 32.8648 38.7022 22.3814 28.5472 4.0803 27.6955 8.3791 15.2705 5.6351 
6.618 10.2622 13.2115 25.037 16.2676 19.5379 8.1326 16.2683 6.6644 6.122 24.1828 22.3496 26.0124 20.4137 14.6596 
20.8923 5.8206 23.9794 11.4749 12.2763 17.473 19.7589 11.771 22.9939 18.1653 36.931 10.7792 26.2089 19.0429 22.3522 
11.3122 8.9666 13.2595 15.5573 10.1497 21.7375 11.3694 19.3085 11.2817 9.8528 23.8737 15.211 17.7257 15.7912 16.3652 
17.6606 24.8167 4.5768 28.4474 19.1628 38.66 24.5839 36.9979 16.2348 20.3894 8.1547 25.621 11.7858 12.9949 2.5138 
24.7364 19.5518 15.5092 7.1438 2.6424 29.9118 24.8269 26.9693 21.3486 22.2874 20.3886 7.0646 13.431 5.1772 18.3155 
21.3136 7.0094 27.2951 28.9477 25.7763 5.3653 12.9869 2.215 18.8299 12.4915 41.7054 24.2245 38.1892 29.2758 28.2396 
13.2006 23.9384 1.5739 23.5627 13.6384 37.6017 20.9184 31.5608 12.2951 19.6657 14.4637 19.1896 10.998 10.711 2.6736 
5.3972 21.4316 13.7258 28.0374 23.2637 27.3117 12.0157 27.7246 5.2751 11.7826 23.2391 35.5682 22.7975 26.0163 12.6996 
5.6104 14.7034 13.6796 26.4888 23.2242 20.6242 6.3397 15.3376 4.7482 3.3037 30.1533 26.2527 23.9125 18.6038 19.2716 
1.5453 17.3276 11.3475 28.4848 25.8065 28.2248 11.0696 22.5487 1.7422 8.3824 25.6395 30.1724 25.3749 23.8125 15.6954 
23.3286 12.1639 18.1583 6.1815 4.6959 25.1428 22.8162 22.3674 23.4457 19.6147 30.624 4.6116 17.9469 13.3722 19.752 
24.1595 24.9079 10.5438 18.9314 10.259 37.0733 29.2777 28.1412 22.3791 26.0246 14.1784 16.878 4.1175 3.3478 10.6485 
11.8129 24.9488 19.9362 35.9242 33.9904 29.825 12.6624 26.8248 10.9882 14.106 30.158 41.7032 37.4486 30.999 21.2482 
21.9906 10.4493 22.5971 9.3657 6.9955 19.136 22.5378 19.3178 19.4504 17.2266 31.5373 7.8549 23.2335 14.5695 23.6603 
17.6234 14.054 15.6503 9.5762 4.1942 24.6576 19.6784 21.3798 16.1907 19.9635 21.9451 10.649 15.805 7.7335 16.6264 
21.0313 14.2406 20.0108 6.5269 4.3814 21.5922 23.8101 22.073 24.3434 21.969 25.567 4.9649 17.8427 12.2922 22.6853 
20.0476 8.0652 18.1964 11.6104 9.0543 21.2968 16.3856 13.3948 18.0466 16.0206 27.417 10.1048 25.0193 15.5573 20.9044 
22.7813 8.6254 28.2453 24.4465 26.2558 5.0959 13.5167 0.9534 21.2696 17.2297 45.954 25.2523 32.4111 25.8617 27.1193 
7.5511 15.7167 8.1282 24.5573 17.3719 26.5665 12.9406 18.6767 7.4218 10.3798 23.3113 22.2591 19.0705 16.7388 12.5269 
20.5796 28.8929 9.1848 33.8492 25.9562 41.2662 29.8299 39.2821 16.9477 23.5313 4.6767 33.3803 11.9597 15.7443 6.4273 
7.833 21.3989 18.6143 40.5225 32.8634 27.2897 10.3519 27.2151 6.911 9.7841 29.0286 29.8577 33.1361 29.0436 18.3973 
2.9968 18.8555 14.5494 26.6102 21.7867 24.518 9.1438 21.8658 2.3024 4.9801 28.4615 28.218 27.7381 22.8852 18.6428 
11.4336 9.0469 13.9924 18.0117 13.7314 20.6215 11.143 17.3865 9.7254 9.8806 23.4469 17.7684 22.4875 17.5379 16.376 
18.9681 0.3192 20.6983 20.3721 15.5265 13.0238 13.5967 8.8984 19.3549 14.8225 32.6939 15.662 30.6098 20.4678 21.9301 
21.2868 11.6092 18.6956 8.1304 4.7531 22.8862 20.7785 20.1819 22.9918 22.2977 24.5322 7.5489 20.035 11.4058 19.846 
25.5063 10.8382 22.6711 9.0432 9.3907 20.098 20.263 17.3924 22.5692 24.7448 30.629 7.7609 22.8195 18.6916 28.1043 
26.3451 12.3015 22.2654 3.8049 6.5824 22.0786 25.9944 24.3425 22.3933 26.3225 31.3137 3.0152 18.4978 13.3518 22.9618 
5.8601 21.0393 17.6668 34.8196 29.5778 28.4606 8.9019 23.2202 5.7825 6.7545 25.8545 32.8531 27.7286 30.2866 21.7819 
23.5573 22.5218 9.9614 19.5648 11.9391 32.0987 25.0321 34.0999 23.2068 21.5589 14.3284 16.1639 4.4617 3.3984 9.3441 
28.1968 22.1429 27.66 3.8527 10.6488 37.8474 33.9426 31.316 28.8164 34.8191 30.6578 4.602 19.4084 15.3402 28.3001 
5.2349 21.9248 6.4907 29.3634 17.7114 28.0763 12.5371 22.3364 5.6975 10.2683 21.0202 28.706 19.3901 19.0321 8.4125 
12.1707 18.2489 6.0503 17.2998 12.2862 34.3317 18.9116 26.1215 12.723 18.2023 18.3257 16.755 10.7311 7.7657 8.2946 
15.2175 26.7865 5.6892 24.4179 22.919 38.7041 22.0016 40.2193 15.0091 23.8566 7.0566 25.2121 11.2544 14.2247 3.3076 
22.2034 5.3807 18.2346 12.5321 12.1904 18.309 17.5225 12.3819 20.8286 15.4711 28.3638 10.476 22.154 16.1951 19.909 
9.9618 10.8022 10.3229 17.3657 11.7912 23.7503 14.0662 15.9466 10.1607 11.3346 25.2798 17.8734 16.9442 14.9889 15.5161 
25.6742 13.6441 20.5145 5.0325 2.2208 30.185 22.8281 24.8 23.4955 22.9827 27.6544 4.7476 18.0975 9.1391 17.3366 
12.5566 10.7907 12.861 14.7036 7.6258 25.4701 15.4552 19.256 14.0067 13.8366 21.9942 15.2575 14.9143 12.1385 15.0267 
14.9403 16.0853 8.9626 16.9245 10.2362 30.2029 20.6048 26.1086 16.1825 15.3066 19.4807 16.1584 11.4608 7.4389 10.8809 
20.481 3.3831 19.8584 14.324 14.5635 14.092 14.9372 10.4894 16.1975 12.982 31.8727 12.4436 28.0241 17.6524 25.3847 
6.1522 22.4535 6.7847 31.4152 20.8373 34.0993 17.12 29.1295 6.8897 12.162 18.8313 29.9348 20.2495 20.3264 7.8122 
6.3933 18.1749 4.6506 27.0041 15.9979 31.6157 15.9931 25.1157 6.3743 11.4016 16.0551 22.965 18.3574 13.9821 7.0305 
3.9842 17.3754 7.2122 23.5262 16.8585 29.6737 13.0451 22.6671 5.1276 10.9622 17.8519 22.6522 18.2901 17.3414 8.8501 
23.2227 3.1583 27.6244 16.9876 19.9625 11.1396 13.2606 5.4649 18.6158 15.3053 39.2935 19.3462 33.3629 25.2384 31.3245 
13.6607 28.7537 7.7773 34.0007 26.9081 38.2246 25.098 32.517 12.7286 21.8364 13.5417 34.381 18.3576 19.0283 7.2726 
24.0008 32.6379 12.5525 20.3203 16.6415 39.9153 32.3035 35.4092 26.1643 30.7641 9.1248 23.4275 0.6427 7.8712 11.66 
1.84 19.2388 9.3756 30.2483 23.5878 29.8659 11.4 25.0118 2.2348 7.2174 25.0355 29.5303 22.2377 22.266 11.8435 
6.9126 16.7997 17.0935 34.7852 30.6782 25.8627 6.9941 22.1624 5.7342 4.8929 33.682 28.8199 26.5448 30.9524 17.8967 
17.9746 27.7387 6.3295 27.2809 18.4525 39.4416 24.9673 36.6291 18.8211 23.1285 7.8124 23.9773 10.6999 13.5211 2.9327 
8.1212 26.8008 17.0602 41.3787 27.8244 35.2415 15.3268 30.4376 10.6704 12.5811 24.9675 34.1518 31.0059 28.8803 20.4167 
18.8639 33.6692 10.3835 27.7376 19.369 42.4866 33.7842 37.9252 23.4004 29.4835 2.9558 24.0188 8.3131 12.4676 7.3469 
15.0269 6.2968 15.1358 11.917 11.0797 19.7019 15.2378 16.3663 15.0358 13.0693 26.357 10.5791 18.7995 16.5257 19.7354 
27.5026 24.9553 16.8038 11.3887 6.0444 31.1504 26.4831 34.9567 28.8802 27.58 21.403 9.3888 10.7476 5.4027 15.5064 
19.3652 26.8977 9.9284 23.1331 16.0093 39.5208 30.7479 33.3859 22.3326 22.7538 11.8432 17.7993 2.4635 5.65 7.3974 
15.9228 30.8076 4.3054 24.5021 20.6568 41.1712 24.8291 34.8229 13.7654 18.3885 8.6437 28.747 11.7967 13.4959 2.6596 
18.6495 11.3095 20.6644 8.4795 5.3785 21.2948 23.5026 17.5875 18.1407 17.5023 30.4258 6.4012 17.1618 13.2257 21.158 
9.7832 21.4606 18.9755 35.2334 32.169 25.9294 6.9006 20.3065 10.2478 7.1456 29.7775 37.8894 28.9839 26.6187 24.4996 
13.3961 17.7798 20.1992 28.4923 24.4438 14.0928 3.4808 13.7347 12.0486 5.3753 36.6183 32.337 30.0631 32.2781 29.0824 
11.6766 7.0973 16.6956 18.2051 14.9266 19.2502 10.1176 12.4115 11.7244 7.9297 26.5237 17.2652 22.0099 20.3048 16.1341 
12.3954 18.7086 6.0541 15.512 10.226 34.2505 21.5672 23.7145 15.7958 19.7556 17.0067 17.055 10.6654 7.4836 7.3688 
12.5197 12.1283 24.5733 27.41 28.2492 12.1841 3.3354 12.2333 11.8875 5.9897 33.8317 29.2807 34.6244 26.2007 25.8238 
4.2297 23.3566 9.2607 28.4273 21.7234 27.1893 14.4984 29.9479 5.5558 11.1954 21.1619 27.1819 23.3767 18.1546 10.1823 
26.7657 11.1851 24.3347 8.8732 12.1089 18.3571 23.8776 16.3542 26.4478 22.32 33.618 9.4004 24.8196 19.5986 26.3052 
13.9854 21.3498 6.1983 17.5503 10.291 31.0795 23.5902 26.6703 16.9588 18.3663 15.2396 18.5836 9.7913 5.8757 8.3218 
26.9973 6.7075 27.8179 16.1882 17.0876 15.7618 20.5432 11.859 27.2982 22.621 43.6656 14.3642 27.6672 23.0438 28.8489 
27.0048 6.9257 33.7261 21.226 20.535 7.7217 16.1219 4.7992 26.3509 20.369 38.3792 21.1889 33.008 28.0742 32.1459 
23.07 10.1963 31.743 24.3223 23.5193 4.2781 12.4586 2.8017 18.0427 13.2081 36.9558 22.5327 32.3395 30.299 28.7125 
10.262 31.5415 13.7185 39.7123 31.7045 38.912 18.1404 31.3315 9.0062 18.251 22.2383 34.3817 24.958 25.4092 15.8893 
19.859 5.1684 26.2726 20.9403 23.0861 6.8129 15.4813 3.8155 18.6598 17.2647 42.7629 20.8176 31.795 30.066 27.6406 
19.5253 3.2119 25.116 15.7595 13.1978 12.6778 14.993 10.3055 19.973 16.4586 33.1556 12.5707 24.3242 22.1766 22.6149 
12.0474 25.1116 19.5985 34.2139 37.2439 29.925 17.426 28.5662 9.6299 12.6134 30.1722 32.9504 27.7952 33.3227 19.0691 
22.6791 10.5785 24.7104 6.5952 8.3866 25.4037 24.3996 21.4379 27.9209 22.0458 29.2658 4.8085 25.6832 14.6699 27.4449 
11.2976 7.2075 15.5004 17.6044 14.7937 17.8812 8.7394 15.0577 12.1701 9.9675 32.8343 17.2721 21.0996 18.3543 20.3766 
19.2127 20.1056 10.6998 14.2712 7.0759 31.2858 22.8918 28.279 18.4459 19.6844 18.8144 12.2221 9.1066 2.7598 10.4699 
20.8688 18.5107 13.127 10.805 5.7477 32.9003 27.2817 24.8401 22.0207 25.729 18.2429 10.5399 8.809 2.3199 12.9529 
8.8259 8.5301 15.3272 19.4574 16.1031 20.0812 6.1879 14.7976 7.7554 5.7666 26.6536 23.5566 23.0404 20.7125 20.4836 
18.6414 15.3517 16.0169 7.5464 1.2978 29.12 22.5959 24.9466 18.6544 23.7181 21.0564 6.9186 14.6419 6.884 17.7219 
8.0902 21.061 15.5916 36.622 30.4652 29.5891 11.0513 23.4811 7.3051 11.6108 27.1353 33.3024 25.6213 25.6055 18.6587 
17.6056 30.0711 4.9846 29.9794 21.9049 36.0228 28.0867 32.2916 14.3188 22.2767 8.4429 23.3468 9.1867 14.2237 2.7826 
25.6363 21.1378 19.4838 6.2531 4.2199 29.8957 25.8587 29.9542 23.6606 26.9379 21.7813 6.8438 11.9997 6.8137 19.9882 
24.4678 17.7462 21.3739 2.8852 7.9854 28.3169 26.1057 25.1149 27.2037 28.3129 34.0603 2.4172 24.3332 14.4381 29.1039 
20.4784 27.5835 7.0677 28.0508 19.7703 38.2284 27.1419 32.5722 17.4239 27.4944 6.7913 21.9444 7.0675 10.9553 4.3963 
28.9053 24.3701 29.8848 4.2033 11.2543 30.8482 30.0456 29.993 35.7352 34.4824 32.4603 4.5782 26.0993 16.3286 28.1903 
17.4268 5.2347 18.7697 14.881 11.988 16.0337 16.002 11.3862 17.2863 16.5707 33.4714 10.6048 27.9499 18.7439 25.341 
20.4852 5.0453 30.1568 19.4994 17.9699 9.7369 18.7107 5.1033 25.4507 15.956 36.0641 20.4293 35.1794 23.8556 27.1505 
10.8905 17.805 23.0133 36.8719 25.7679 16.3721 5.366 15.9775 13.0228 6.2169 32.9758 28.9006 31.1638 33.0843 25.9839 
5.4631 14.3735 14.3744 25.5183 19.2826 21.9225 6.4895 20.9331 4.4695 4.0772 29.5308 25.1586 26.2663 22.1634 15.3452 
25.8875 15.2533 18.0119 5.1028 2.3854 27.1556 21.9546 25.5048 21.7346 20.6042 26.9325 4.4987 19.8724 9.7109 19.3886 
1.1295 20.6383 13.9532 30.0643 20.5399 28.2786 8.7193 21.637 0.9908 8.0191 26.6643 28.2812 25.1263 23.6167 15.1617 
22.9372 6.3091 21.2746 13.1696 12.3397 19.2274 16.814 14.0252 18.0793 15.39 28.78 10.428 21.9018 15.8772 24.9863 
11.0616 16.2051 24.6024 28.5653 29.0727 18.112 4.0431 18.618 11.8356 5.5653 36.5674 31.8646 38.1166 29.6473 23.8813 
14.0058 5.9447 15.0641 15.7586 15.2594 19.6981 11.8291 12.8445 14.0389 9.639 25.7747 18.4605 20.3808 17.4522 17.0778 
14.2237 11.2427 21.4286 27.3757 27.1545 12.9904 3.536 11.1295 13.7884 6.3003 40.3736 29.5171 32.958 26.6381 23.9991 
7.1855 22.5754 4.7204 32.2608 22.6899 33.8313 20.0098 32.078 8.9236 14.2213 17.3667 24.501 16.4033 16.793 5.9859 
6.7308 16.7797 5.7407 23.2739 14.8949 24.3563 15.3862 26.8645 6.8884 12.8308 20.4005 22.8209 15.0014 13.4129 7.8568 
22.6371 9.6689 19.6177 6.6769 8.8178 23.8746 20.4775 17.7917 25.6573 24.3778 33.5113 6.012 25.6768 14.5019 25.5652 
20.1272 0.607 26.8925 18.5496 16.1011 12.5817 11.9669 8.3369 19.0206 14.707 37.7659 16.1777 26.3078 20.6183 27.1461 
26.0469 12.1798 37.5347 28.3582 27.9412 0.4556 15.6654 4.1147 29.1887 18.6277 42.2466 29.7526 36.5584 39.175 35.839 
13.1292 3.4465 18.4515 17.6059 14.8387 13.1793 11.3978 9.9943 14.907 11.4768 28.6539 15.4589 22.3345 22.7907 22.6434 
20.4096 4.312 22.6126 12.7443 16.4096 12.6286 19.2823 11.0936 19.4653 18.7852 32.2587 13.404 24.9216 23.0625 26.7362 
10.4685 26.653 9.6305 34.6828 29.2107 38.2257 19.3755 32.8443 10.1377 17.5913 16.2984 31.212 19.615 23.7963 10.9532 
12.5144 17.4575 6.429 19.9852 10.1242 31.805 19.559 23.8414 13.657 16.4595 15.9909 19.1675 11.5445 10.1812 9.2709 
2.7132 20.9467 12.2494 31.2308 22.9196 22.816 8.6314 19.9837 2.1741 5.8887 29.8953 25.6013 27.3534 24.3276 15.2566 
7.8836 18.3771 16.3009 35.3153 24.7058 21.7791 4.3335 19.0648 7.1437 4.1441 27.1995 27.1181 30.3566 27.1165 20.0394 
19.3156 34.2946 9.6831 30.415 24.59 48.5652 26.7809 36.5326 22.272 28.9167 3.1567 29.1928 11.7165 15.4255 9.1025 
10.5935 16.1915 5.1418 21.3041 13.5716 30.4511 14.7024 23.1364 9.7949 14.1729 19.5031 17.9259 14.2055 10.5469 7.2732 
15.2133 5.4877 20.1411 16.3313 14.0367 17.951 11.7439 12.6408 15.4614 10.143 28.1774 16.5012 27.0523 16.5344 18.8347 
23.0442 20.665 11.7749 10.5179 4.0478 31.608 22.5496 24.2057 20.8417 23.5308 18.2607 10.5457 12.0545 4.7321 12.5924 
21.5502 14.7411 13.2188 9.6889 4.2354 25.8371 19.1621 24.2025 20.248 18.6731 19.1209 8.4797 12.3454 7.4674 15.1844 
8.3425 15.7009 18.889 24.2111 25.5457 16.5354 3.0211 16.4851 6.615 0.3033 34.2051 27.6876 30.8464 22.8795 19.8602 
22.576 13.8129 17.3819 8.6764 3.4306 26.966 21.274 19.939 23.0261 20.2005 23.8661 6.911 17.5013 9.2103 21.1474 
15.7323 33.322 6.8068 30.333 20.5773 45.4267 24.3339 33.7399 19.2312 23.0837 5.6207 31.3646 11.7567 13.912 5.2221 
9.9234 13.6503 20.2354 31.8411 24.5264 14.4219 2.1946 16.4024 12.4358 4.1588 33.0845 26.3012 37.0791 26.7971 21.8111 
8.0932 17.019 18.4612 28.7929 26.9386 20.947 6.0021 19.3007 6.7753 6.363 27.1234 29.7423 28.9239 28.1071 20.1901 
14.0928 31.267 4.6591 31.3437 23.33 39.7441 21.567 34.9483 14.5098 19.9943 9.5941 25.7454 13.9098 17.6589 4.2075 
17.1801 1.796 22.5895 19.4842 15.9916 11.0749 12.2928 9.8777 14.6359 11.8192 30.5639 19.6886 26.7052 22.7466 26.1609 
10.0376 29.0584 5.5696 26.7138 23.2231 37.2619 20.3499 30.1971 11.0644 20.1548 11.9608 28.2382 17.8031 20.425 6.2324 
27.3519 15.0963 19.4523 3.3671 2.9091 26.8991 23.1168 27.3966 25.072 25.5053 29.1332 2.8702 15.9151 9.2276 22.931 
25.3218 11.077 34.4622 29.7342 30.9231 0.9056 15.0486 4.3663 27.5681 18.4377 46.2354 28.033 41.6772 33.2583 31.4701 
16.9699 9.3264 17.0105 12.1455 6.9442 22.1086 17.4426 19.0807 16.0954 18.332 29.725 9.5591 17.3629 11.4361 16.6679 
11.053 9.9817 15.0091 18.5358 13.2329 17.7015 12.3941 17.5019 11.8607 9.6325 23.3579 18.5163 18.6448 15.7698 13.8774 
13.7608 6.0359 18.7633 21.5995 15.6027 15.8156 10.7732 14.4721 12.5456 8.1156 32.407 16.9881 24.397 20.8889 21.2706 
17.5911 8.1229 18.1128 10.7289 7.2834 21.1616 19.6611 18.0516 16.1838 17.8737 24.5558 10.4456 17.4729 13.9727 17.9509 
15.9968 4.3915 16.7568 17.0477 16.3115 17.7021 9.6478 13.0915 14.2723 8.8692 34.4295 18.0432 23.4049 20.8685 21.1592 
12.1813 8.7628 13.3581 16.6747 11.7261 17.8488 10.3257 18.5459 10.0214 9.818 22.7525 16.0267 17.8872 16.5285 15.014 
24.2127 5.0498 27.4324 24.5789 20.8802 7.2144 13.6443 4.1165 24.3069 15.6249 39.5257 18.0822 28.9751 27.8572 33.2773 
8.6197 12.3443 13.3262 22.313 18.1531 21.0284 9.5433 17.003 8.0531 7.2512 27.8403 17.8388 19.64 17.9744 16.9592 
21.4213 5.4812 23.6984 20.7343 18.5472 6.904 12.076 4.2107 19.1291 11.1267 43.0632 19.5413 31.1256 29.7262 29.068 
21.6092 9.453 20.2078 9.9933 8.4511 20.4015 21.7524 16.1692 24.2966 17.9033 28.2431 8.2629 23.9674 16.1945 24.4622 
10.3332 12.6961 9.595 17.8836 11.2895 26.4492 13.3704 18.8592 9.706 13.0431 20.9255 18.8541 19.6745 14.178 13.0155 
26.0382 16.1136 18.2607 4.3542 2.112 27.5925 28.3493 24.718 20.7521 23.49 29.3779 3.633 16.628 10.3715 19.076 
12.4701 11.1872 12.0385 14.7062 10.761 25.781 16.0781 21.4646 14.3175 15.2023 21.2396 14.954 18.2198 10.8948 13.7343 
22.7049 23.6487 11.3753 12.2123 7.1762 33.2466 25.2337 32.2028 19.9331 21.6148 17.1358 14.8683 7.7976 0.4548 14.6173 
22.999 9.9553 27.6591 9.6956 12.2124 17.1477 23.6203 17.178 21.8479 21.2552 37.7717 8.6941 26.0893 18.1962 29.1688 
26.8083 10.0657 26.0137 11.4478 11.3867 18.5447 21.5227 15.4106 25.1765 19.4799 31.5312 9.9806 26.0739 21.0016 25.2946 
29.0288 20.0464 23.9032 3.2293 10.2095 35.9251 33.3047 27.7322 29.136 31.4459 27.5376 3.7097 20.0315 13.6551 23.3885 
19.4155 12.7365 13.1868 10.1446 4.6058 23.6019 21.5469 20.7383 19.3346 19.9136 23.2419 10.1185 14.98 8.5419 15.1697 
2.5246 16.7586 11.7751 27.306 23.3304 24.6425 7.1105 18.5263 1.6511 5.4495 25.3365 26.9577 28.0708 23.1804 16.5156 
12.1546 30.5002 20.8084 34.4278 29.0088 36.6987 14.3668 29.388 10.0875 13.5715 26.9749 33.7179 31.384 32.5976 21.7363 
32.1683 17.2501 29.2444 2.7148 9.3387 25.1696 24.7127 26.4885 30.8967 31.1894 35.8721 2.95 23.3832 18.5716 25.498 
1.0682 18.1938 9.7933 25.1294 22.2137 27.4642 10.5601 22.8057 1.4156 8.2175 20.3657 24.6436 25.1753 22.8999 11.4983 
5.5693 16.7209 9.7726 21.3299 16.4474 25.9678 10.2408 20.0231 5.3364 7.8256 23.4298 21.4603 21.4428 15.7994 13.9012 
26.0122 22.9106 17.7472 9.8732 4.7739 35.693 24.576 33.4465 21.8386 26.4743 18.6064 10.6169 12.2168 3.7521 16.5893 
0.7936 21.0855 11.622 25.561 25.4298 24.5717 9.1867 24.5634 0.9469 7.1978 23.3779 26.0201 23.0241 25.186 15.0372 
3.2466 20.0525 16.0122 29.2605 26.5905 29.5413 9.9375 21.4748 3.3467 9.5263 27.0029 32.1797 24.1249 22.6123 17.0176 
10.133 20.948 23.6772 31.2415 29.3209 23.0445 5.8616 20.5348 9.3819 6.5541 37.642 35.6734 30.4502 31.0584 27.6378 
8.4977 22.8595 22.0675 36.2799 30.153 23.9953 10.3081 24.7913 7.5543 9.5283 34.1611 33.6387 28.3138 34.0086 23.1899 
22.3574 11.0224 28.5743 26.2567 30.9612 1.0543 16.4785 3.0598 26.6811 18.1777 47.6392 27.5279 41.1526 30.1475 35.6639 
4.4709 18.0039 7.7466 24.6194 20.9915 30.9232 14.2089 24.9683 4.822 10.8546 21.7735 23.7314 17.4683 18.1995 10.4573 
1.4443 18.0932 10.5548 25.3821 24.5099 25.9709 11.489 21.7513 2.294 9.265 19.3891 23.3632 24.2565 20.5009 11.5087 
19.8802 33.0015 8.4076 27.1558 21.122 37.9098 32.3782 33.7271 22.3222 25.0623 3.5825 26.3068 7.7829 12.4007 6.5226 
6.4595 10.5549 13.3975 23.3718 17.2419 20.2611 8.0999 17.5446 6.6218 4.943 25.0527 22.7545 23.8458 20.1645 16.9952 
22.2563 6.4663 22.0114 11.7201 13.4276 16.7231 17.1478 14.233 19.3049 15.9786 29.5085 11.7605 28.7339 20.1397 27.1096 
12.6791 9.9268 14.3867 15.9588 10.6654 20.6358 12.3962 18.3685 10.394 12.1359 24.8681 14.5628 17.9551 15.2755 14.727 
15.6934 28.5713 5.8164 26.6827 21.6587 41.2629 21.5279 36.6781 15.6431 21.4219 7.3037 29.3263 9.8737 13.1747 2.727 
22.6516 21.7701 18.6938 7.7515 3.1562 31.5716 28.022 30.3689 26.5003 21.6146 21.1329 7.9246 13.3313 6.1451 16.7365 
21.1829 8.4734 24.4977 24.3036 22.2162 5.3086 11.865 2.4905 21.2892 14.909 41.8912 25.1511 34.7266 31.8234 27.9954 
11.8892 21.1682 1.7152 24.0825 16.0909 36.0794 23.563 32.9095 14.0281 20.3994 11.4195 24.6803 11.3515 9.8743 3.3829 
5.1407 24.4116 11.3671 32.1673 24.5562 31.1115 15.2509 27.8273 5.1956 12.1648 21.8475 32.5087 22.0448 25.893 15.6148 
5.7635 12.175 16.1084 24.0735 17.6037 22.8593 5.2574 15.6364 5.3818 3.4073 25.6629 21.2695 21.8387 22.1125 17.1783 
1.8675 19.9281 11.6111 27.2199 22.2508 24.1187 10.2576 21.5782 1.4122 8.395 23.8259 25.0719 25.269 22.399 16.1419 
22.456 13.1878 18.5542 5.7705 3.9485 23.7261 20.1725 20.0323 25.2066 20.0969 26.6622 3.9716 21.3049 13.7789 23.9709 
19.5883 23.7886 11.7558 16.8891 12.3211 35.9943 25.4739 35.0548 24.3031 24.1863 15.0763 15.6353 4.3176 3.4135 10.233 
10.7929 29.4571 21.9099 35.1016 34.5736 28.3589 13.7406 29.5368 10.9616 12.4596 36.2482 43.3524 35.8016 33.3149 24.1273 
20.851 9.4133 21.1571 9.5125 7.0165 19.9763 18.0314 18.2725 19.6556 17.6844 31.4138 8.7237 23.587 15.2054 25.8723 
19.5356 12.356 12.2743 10.7409 5.1299 23.0428 21.9202 19.0786 17.3909 20.5675 22.3449 8.7463 16.043 8.1568 17.216 
21.9165 14.0174 22.228 5.3933 4.8602 26.8633 20.9193 24.0681 21.8038 22.1318 30.5964 4.6446 21.7075 12.1428 22.6188 
22.4621 7.4126 18.3867 9.5456 10.4494 21.2803 20.4497 14.1912 18.3242 19.1157 31.4443 10.4335 19.7569 17.3573 20.3716 
19.6336 7.9361 25.5375 27.7625 26.8031 4.6549 13.6739 0.9907 24.1306 16.6741 40.9549 26.5635 30.8443 26.0905 33.7461 
7.8655 14.6873 9.3585 20.3311 14.1291 27.4431 11.5172 18.689 7.6865 11.1384 21.8091 22.0646 20.2322 14.2307 12.0835 
20.4099 33.0464 9.5514 27.0965 24.2493 44.6506 29.0144 43.5186 21.9158 28.2717 4.1453 25.5118 9.6692 18.0317 5.6435 
7.1264 22.012 20.2477 35.4508 32.3093 29.1486 11.441 22.5274 7.8337 8.9506 27.2348 31.0623 33.3584 30.6503 17.2971 
2.924 19.9712 13.9823 30.8457 25.6387 26.9594 8.3577 24.5858 1.9031 5.2788 24.9473 30.0011 29.1898 23.6548 16.106 
10.4243 9.0225 13.9717 16.6815 14.9277 18.6087 12.2549 16.8101 10.395 8.6347 28.2223 17.9264 21.3573 14.6554 15.3988 
19.5393 0.2797 23.8637 16.9844 17.5192 12.9774 12.1623 9.2831 16.1196 14.14 37.3475 15.9433 25.0825 22.3851 25.4314 
23.1136 10.0594 18.2316 8.4633 5.3717 24.24 19.3744 18.4342 18.9003 19.5929 26.2473 7.303 21.3308 11.8785 21.5658 
24.215 11.3179 26.0252 8.1345 8.8126 21.441 23.6358 15.2406 26.3367 22.8084 33.7169 7.5801 24.2577 19.0226 24.5477 
27.5249 14.8214 20.556 4.5835 5.1217 24.2136 26.4504 23.4502 22.9035 26.3157 26.6925 3.6076 19.7956 14.1643 20.7664 
6.2513 23.4891 18.473 36.9479 28.6079 22.4458 9.4691 26.4881 5.4357 8.5947 26.6442 31.1672 26.8637 28.3316 17.2737 
19.2725 27.1812 9.2328 19.2776 10.9782 32.5153 27.8715 33.5979 21.988 27.7064 14.3017 16.3237 4.6454 3.0951 10.793 
34.3839 22.9441 27.3811 4.1102 9.9421 33.3853 31.7253 32.0558 29.9367 30.156 29.9659 5.2503 22.9218 13.1888 30.9426 
4.8396 21.6417 6.2146 25.2256 22.6335 29.5637 12.6497 28.2378 5.2325 10.2616 19.8825 24.0915 17.5631 15.8634 10.0188 
14.6432 16.3908 5.3219 18.1697 11.0761 32.5914 19.0409 25.9029 12.5895 17.4639 17.5687 19.3935 10.7623 8.3962 7.7678 
14.5205 27.3857 5.0865 29.0181 20.8971 35.7337 22.6176 37.4034 15.9806 21.7956 7.5503 30.5101 10.9385 13.7796 3.4161 
17.4363 5.37 19.4654 14.5101 11.6133 15.7138 16.236 14.5346 17.0592 16.5266 34.1845 13.5105 25.496 15.9178 24.9357 
10.6372 11.2406 12.0541 16.7213 10.8163 20.667 12.5974 17.4546 10.3379 12.3773 21.0905 17.4327 21.3296 13.9389 16.2538 
19.399 14.1308 17.6453 6.1553 2.7511 22.7845 21.6171 20.5281 19.7395 21.1491 25.6579 5.5804 19.2608 8.7821 17.4221 
13.3847 11.5271 12.0323 14.377 9.9448 25.9026 14.8816 22.9173 14.9591 15.7078 21.8959 14.0255 15.3223 10.2703 14.8993 
13.715 17.8861 8.9206 14.9858 8.6654 29.5428 17.6473 23.1196 12.596 15.9792 17.501 15.9542 12.1161 8.6441 11.3834 
19.0434 3.3043 22.9117 14.2423 14.7637 16.4555 12.5527 12.8402 19.4544 14.1719 33.5347 14.1216 24.5175 17.6094 23.2825 
6.2903 24.7374 7.3202 25.6042 22.1067 26.7386 13.9159 29.0096 7.0176 13.0483 15.7575 30.7462 21.4873 18.5679 9.4067 
5.9122 17.0151 6.1828 25.5768 17.786 26.3215 13.2188 22.4003 6.4744 12.7525 19.8313 23.0336 16.1251 15.9004 6.8758 
4.1053 16.5207 7.6734 27.2475 19.4873 29.4988 13.4184 21.9105 5.6209 8.9906 17.7053 20.7409 17.6509 18.1462 10.3968 
19.9086 3.03 27.3725 21.4015 17.1462 9.5229 16.2414 6.1124 22.4509 16.2708 37.3728 18.2755 28.2522 26.9394 28.0455 
12.3487 27.0749 7.4569 35.0867 27.4562 35.7977 22.6026 39.3129 12.0426 22.4534 13.0516 27.2253 14.7183 18.1056 7.3191 
24.4485 27.5395 11.3311 22.1564 16.0213 36.1856 35.1528 36.3405 21.37 30.0035 8.4957 22.908 0.6419 8.8229 10.4859 
1.6725 20.7223 8.8458 27.2343 23.3162 28.742 11.1898 24.2709 1.8971 8.5325 20.6464 29.1858 20.5877 21.9106 13.8133 
7.4461 21.7421 16.2541 35.4292 23.6712 24.6122 6.4688 19.5017 6.6181 6.3325 28.212 29.8162 33.2281 25.9698 20.9407 
14.3514 29.8404 5.2773 25.119 22.9468 40.1332 22.1867 37.3509 18.2155 20.2139 6.8049 29.3997 10.2592 15.2728 3.3686 
10.3045 25.3131 17.4609 39.7905 30.3115 29.6427 17.2555 30.6389 9.5076 15.5251 27.2902 39.3777 29.5672 32.742 20.6694 
21.7809 31.8576 9.4579 24.3247 19.3751 38.9532 26.9461 39.4738 25.463 26.3309 2.7429 27.0698 7.9824 14.7564 8.1735 
15.6857 7.2123 20.0437 12.5366 11.1059 19.5334 16.7484 16.9297 18.9896 12.7527 25.5658 12.6399 19.2042 14.2813 17.3801 
23.5054 20.2745 18.1176 9.752 5.7067 33.1291 26.2314 27.3774 23.367 28.977 23.2421 11.6903 11.5591 5.4 19.8055 
21.7674 25.1599 9.036 22.7797 15.8075 43.2805 30.5557 38.7913 22.9292 22.0696 11.712 19.9696 2.4555 6.5631 9.4445 
14.0019 29.7654 3.8798 25.9974 23.7248 35.7829 26.9772 36.2029 14.0759 22.3933 9.6395 29.4887 11.0217 16.2815 2.3521 
20.1809 10.0415 19.1952 7.353 5.6024 20.7025 20.8208 18.0401 19.1873 22.3304 30.3939 7.0018 17.8981 11.8681 20.7008 
10.5477 23.7879 18.6043 37.064 29.8619 23.2035 8.5095 23.5789 8.6364 6.7877 35.0368 31.5517 34.9217 32.3606 24.1303 
11.9854 13.7023 22.1098 32.5639 29.3198 16.3289 3.6177 14.2372 10.8847 6.1336 35.5154 34.9243 31.6949 34.041 28.0607 
11.5419 7.0727 17.521 19.3558 14.5439 15.9926 9.8007 13.6116 10.0099 7.8684 30.9067 16.4997 24.2779 15.9913 18.6107 
14.7606 16.4974 5.7225 15.6664 11.1884 28.4821 20.0275 26.2679 16.1697 16.7486 15.7306 18.487 10.418 6.8826 8.8486 
13.3132 12.1283 26.7362 29.7575 24.0929 13.3787 2.8716 13.73 12.7502 5.6575 40.0567 32.1545 30.3802 26.5263 26.4434 
4.441 23.4277 8.5619 33.0463 24.0505 30.5009 14.206 28.3817 5.9561 11.3605 21.3196 31.4525 22.7054 19.1456 10.5592 
29.7314 11.3313 28.8809 8.629 10.9168 22.1887 25.3105 14.3258 23.766 23.8426 35.062 9.2914 27.0396 19.0855 31.3493 
16.3015 22.6618 7.2344 17.9077 11.1162 32.843 19.1983 30.9968 17.1456 17.9107 16.7148 17.0636 8.5747 5.9571 7.1567 
27.9082 7.5519 24.0699 16.4671 16.0811 16.4884 22.9601 10.3059 25.126 17.6988 39.5272 15.1134 28.7157 25.149 25.31 
23.9683 7.1057 31.096 21.4903 24.7405 6.889 17.0132 4.0622 25.9303 18.5393 45.0513 23.1227 37.9168 32.1158 36.2155 
19.9003 9.3706 32.9588 24.8384 28.9086 4.9971 10.3816 2.5875 21.3055 15.2271 40.8873 25.0148 38.409 26.7575 34.0066 
8.2166 26.2271 12.7791 39.8146 28.4829 30.2704 18.9843 28.4966 10.1545 18.1771 20.6929 36.0998 27.5561 25.4908 12.4489 
22.9328 5.0106 26.2328 20.7392 23.4053 6.4522 15.6852 3.8097 20.5357 16.9954 45.4313 23.9635 35.3749 26.7349 27.632 
20.5428 3.1249 19.9537 16.1817 13.6258 13.7874 14.5048 10.2181 18.3372 13.9928 38.0341 15.6707 28.7518 21.1898 27.1249 
10.3188 28.4966 20.6309 37.7172 30.614 33.2293 13.1731 26.9867 9.836 12.1474 29.2616 36.5458 35.3681 27.731 22.5402 
22.4153 11.8378 21.1105 6.1385 8.9624 20.8101 20.6448 21.8737 22.6587 24.0374 29.6139 4.654 25.7491 17.4768 27.6853 
12.379 6.655 15.6472 19.748 15.3463 14.9181 8.654 14.4204 10.9472 9.2771 28.0394 20.2287 25.019 18.1304 17.1411 
20.9588 22.1007 10.9916 15.6889 7.5441 35.4389 26.8289 30.383 18.2136 19.3016 18.9482 11.9109 9.1563 2.104 11.601 
19.4407 20.9004 12.6094 9.8838 5.6754 33.6836 27.165 26.1164 19.2651 21.9372 18.1491 12.3852 11.0996 2.4507 14.8096 
9.6213 9.032 15.0669 21.0804 19.1951 18.7139 6.0784 14.344 7.5175 4.4368 27.5603 21.7683 27.2648 21.3704 16.4799 
18.6049 16.633 15.8055 7.9741 1.2459 24.673 24.7145 26.3108 21.1404 19.9297 22.6652 8.1716 15.8728 6.8881 16.0285 
6.5791 22.8768 19.7603 35.5455 29.2366 31.3696 11.7659 27.3662 6.5602 11.3633 26.4737 37.816 30.7019 30.7789 19.1364 
13.7892 26.9828 5.3848 23.0074 19.4966 43.124 28.3545 31.6723 17.7695 25.6163 8.7397 27.1905 9.7353 15.0521 2.2202 
28.4122 20.8478 18.745 8.1247 3.8896 30.7653 30.7547 28.5325 22.5237 26.5073 23.77 7.237 13.3413 7.1177 16.8401 
30.1698 16.1857 24.1881 2.764 8.8134 28.5066 23.3336 22.4252 25.7148 29.603 31.3119 2.2816 21.1748 15.6751 24.5362 
18.9304 31.1484 6.2047 21.716 17.1134 40.3366 27.2829 31.0902 18.2169 23.883 6.8882 26.2778 6.3928 10.6855 4.872 
29.3209 22.4748 26.4942 3.6402 9.0337 29.3372 30.0827 30.8073 34.8397 33.6613 31.8891 5.1879 19.959 16.797 31.8881 
18.9502 4.5772 22.7905 14.3319 10.0957 16.9142 17.042 14.2803 19.0975 14.2957 33.6547 13.2187 24.6173 17.5736 23.2485 
23.688 4.7669 24.8692 18.5819 19.2153 9.2834 18.3712 5.6226 24.5343 16.7007 43.1359 20.7721 35.4617 23.1672 26.6923 
11.7091 15.947 21.3909 36.7466 27.7799 19.619 4.9568 15.2067 10.5014 7.8048 36.9446 33.2324 33.693 27.313 23.6709 
5.0795 12.5922 11.6049 24.5371 22.1733 24.4442 7.555 19.1732 4.5331 4.4523 22.5671 25.8627 20.4152 22.5074 16.873 
26.3113 14.2308 17.2274 4.8257 2.5914 24.9998 25.7958 26.1625 22.8587 25.6967 29.1986 4.0088 18.0432 9.3372 18.4373 
1.1279 20.2033 13.3719 25.6438 25.6531 24.3653 8.6105 20.9582 0.8978 7.8831 23.7236 25.5576 23.6205 21.7482 16.5675 
22.0572 5.0163 24.2465 12.0605 12.7758 19.0376 17.129 14.9032 17.7052 15.3261 33.3456 12.9537 27.4707 19.1601 25.7804 
10.0613 17.0129 23.5666 33.1605 30.4831 17.3132 4.4984 18.0069 10.696 6.2901 30.8131 27.679 37.4199 32.6892 27.915 
14.3788 6.5104 15.6573 20.0015 13.4938 20.2875 12.3878 14.2556 11.46 11.0772 31.1049 16.1103 21.1559 16.8426 21.0294 
13.0527 9.7895 23.6067 30.6757 24.0817 11.6333 2.9297 11.0755 11.1799 5.2869 38.5462 30.1756 33.5132 24.0008 25.7419 
7.2871 21.6803 4.7113 24.8913 19.1982 37.2313 16.8133 32.8968 9.7536 16.5613 15.0783 30.4218 15.1655 16.793 5.9181 
7.4579 16.156 5.5188 26.4494 19.0687 30.7795 14.991 22.9105 7.2375 13.4215 17.1273 21.1508 16.4127 13.4538 8.4065 
22.4658 11.3124 19.9806 6.9947 8.4911 20.4166 20.7715 20.2795 24.8677 22.0291 27.694 5.7511 20.0686 16.1062 25.5373 
21.557 0.7523 22.6492 19.23 14.9563 10.1016 12.3745 7.2426 18.5722 13.6427 39.1303 19.4213 27.0007 20.1623 23.9874 
28.4883 11.3104 29.1196 33.5603 32.5161 0.5103 17.3854 5.0037 27.1671 16.6392 43.1101 28.4047 39.9148 34.4406 34.166 
14.1398 3.8608 19.596 18.5446 15.3286 14.2165 10.4416 9.9247 15.0669 11.8655 29.4734 16.9827 25.037 17.6436 24.6361 
23.425 4.3479 23.0949 13.1055 16.0888 13.8084 17.9337 10.6009 23.8898 18.9107 40.3815 14.4254 28.4192 20.8556 26.4955 
10.1651 28.3751 10.5759 31.317 27.0786 30.7596 17.3784 30.243 9.0488 15.6324 19.3054 27.838 19.3161 19.8428 8.9633 
10.3713 18.3533 5.9567 16.1266 13.2049 26.3139 16.5307 27.2054 10.8266 15.4136 20.4663 17.9545 12.2867 9.5093 8.1727 
2.253 19.0336 13.1353 26.434 22.0981 22.2862 8.5843 24.1542 2.3557 6.6922 28.3258 30.5457 26.0103 26.3227 17.3667 
7.5349 14.9759 18.6764 33.6646 26.6121 23.3128 3.9688 18.1024 6.1651 4.0886 28.2158 32.374 32.9762 23.4325 23.3208 
21.8081 36.6967 11.3481 28.7219 23.5236 41.796 34.0848 43.3008 22.7475 25.3548 2.7439 33.5485 9.8005 17.2085 8.6623 
10.362 17.9822 4.7331 22.2234 13.0108 31.0739 14.5778 22.0992 11.989 13.8803 17.1759 19.1143 14.0282 10.7152 7.6876 
12.8344 4.2438 20.0275 18.6528 15.7115 16.4444 10.5667 11.254 14.5353 9.6295 28.0907 16.3043 27.815 20.4405 17.6392 
23.0209 15.6548 12.4093 9.224 3.4246 30.5133 23.1267 25.6856 19.1162 19.2893 23.4739 10.2563 12.8928 3.8034 13.042 
17.9513 14.3037 15.4886 9.1013 4.0158 26.4173 20.1445 26.8312 18.995 20.2849 20.4529 8.3394 15.3773 5.9393 14.2965 
7.4967 15.4893 17.571 30.7895 23.3669 18.3917 2.9479 17.2445 6.5326 0.3261 33.0247 30.8043 26.816 23.5037 19.0785 
19.1525 14.6378 19.1846 7.7509 3.1963 25.4662 22.4277 20.4237 23.6965 18.9645 28.3112 5.9518 15.4832 9.3797 20.6119 
16.8888 33.5226 7.0787 26.2458 19.2436 43.7929 29.4088 35.3527 20.1723 26.8655 5.5525 25.8097 9.477 16.6557 4.5712 
12.5632 15.4495 20.2291 31.2832 24.587 16.4339 2.1489 16.5397 10.7399 4.6673 38.6733 29.6005 33.1014 28.9738 26.5447 
7.9373 18.3921 20.2286 35.127 30.2466 19.4861 7.472 19.6203 7.9497 6.008 31.9997 36.0116 32.2217 24.8032 22.0099 
14.2784 24.5737 5.7733 31.9498 23.3619 41.2939 20.8208 35.4225 14.9489 17.6312 10.9421 28.5664 12.9632 18.4481 4.1691 
18.0411 1.6916 23.1356 20.7864 15.2106 11.879 11.8875 9.5241 17.808 11.1784 36.3393 17.193 24.2501 20.5638 23.4744 
12.5868 26.4912 5.4726 29.9542 23.1968 38.098 22.9443 37.2707 10.9684 19.8885 13.0813 31.7804 17.656 18.4156 6.0772 
24.5209 16.565 21.209 3.2588 2.7821 26.5925 25.1399 26.3646 25.5047 26.8891 27.5465 3.1609 17.647 11.2898 21.4799 
23.9522 12.0354 33.2026 28.4432 29.1698 0.9454 19.0622 3.5222 29.188 19.6976 51.3918 26.2729 36.9756 33.9334 40.002 
17.6669 8.5392 17.4654 13.0054 6.7631 23.0626 19.654 15.8103 15.1337 15.9188 30.7253 11.5341 21.4727 14.2905 18.7514 
11.7723 9.3338 13.953 18.426 12.9766 18.3548 12.3838 15.0847 10.2899 9.6624 25.0268 18.2617 21.5908 16.3071 15.6047 
12.2727 6.4857 17.4783 17.43 14.0442 15.4639 10.5668 11.5035 11.1227 10.0181 28.9537 16.3417 25.5824 17.2572 18.7033 
20.9641 10.2852 17.755 9.8563 6.6316 23.9578 19.1401 15.4208 19.742 19.6404 28.8296 10.2199 21.1505 13.173 17.5989 
14.7838 4.5373 19.8159 18.4583 14.919 15.0003 10.6436 10.6693 15.2727 9.2714 33.8952 17.4074 21.6894 19.1995 20.8978 
11.0313 9.8009 14.7401 16.3576 14.5642 20.043 13.1735 15.7709 11.554 11.1454 24.4522 18.058 21.894 16.7156 16.071 
23.2038 5.2167 30.066 22.0034 18.5168 8.5762 13.5883 3.3574 22.4839 17.1489 41.514 18.6424 36.2647 28.8152 30.6137 
7.9853 11.05 11.926 24.1583 17.9686 18.6565 8.4486 16.5193 8.6927 7.0907 26.5829 22.0603 21.3074 15.5985 16.5794 
20.7793 5.6522 27.5908 22.2149 20.692 8.9619 12.1849 4.3317 17.6552 11.3045 36.5977 22.6094 30.3524 24.9754 29.9296 
23.4471 9.8965 21.1017 8.2892 7.4405 17.8937 17.5527 18.1271 19.3771 21.0664 33.9216 8.5206 21.0735 13.9546 21.1651 
10.9257 10.8844 11.9264 19.71 12.5493 22.2099 14.8659 21.1867 11.5234 10.7923 20.4803 18.4261 19.0092 14.7796 14.1878 
21.18 14.0661 16.8612 5.098 1.9782 29.6187 25.9095 20.5938 21.9797 22.0561 25.321 3.6041 16.3208 9.9294 22.8206 
11.33 13.181 12.5111 14.7328 9.3166 22.5748 16.1593 19.5234 11.6759 15.226 20.1073 15.0415 17.8667 12.3039 12.9788 
23.2191 20.7351 11.3494 12.4114 6.6563 30.83 28.3898 28.6565 24.631 21.8045 18.6832 13.9932 8.2512 0.4253 14.2437 
22.7236 8.9443 24.5455 9.8121 12.8353 16.9593 23.359 16.007 26.3367 22.0474 31.2931 8.9695 29.8426 17.3308 28.6542 
24.2776 9.1067 28.2989 11.5269 11.1287 18.4956 19.4243 16.0298 23.3161 24.5188 35.9689 8.8025 27.6563 21.8565 26.4636 
29.3144 24.1756 23.1966 3.4679 9.9744 32.4368 35.8083 31.9516 31.8691 28.8239 31.338 4.4136 18.8621 13.5961 23.9254 
15.821 14.5554 11.4218 11.8294 5.5382 25.5983 22.2825 21.439 16.5123 19.6721 24.5691 9.2555 15.3196 8.5886 13.0644 
2.3217 17.969 13.5191 25.4679 21.1982 20.3487 7.2126 23.0842 1.7076 5.289 24.2802 26.2721 22.6275 22.8874 17.8152 
11.1453 24.6162 20.083 39.0817 31.7281 33.4875 15.0649 28.2593 10.3344 14.6362 30.4298 41.5259 33.5026 27.9752 18.9661 
30.7284 19.1227 23.2065 2.7172 9.978 23.6068 30.505 26.6375 27.1031 25.7524 35.4926 3.2208 24.6588 17.3109 25.924 
0.9411 18.5717 12.0112 28.7596 24.3053 28.7088 12.613 23.813 1.6561 7.2901 25.8518 27.7504 22.8773 21.5511 12.4534 
5.3101 14.5348 10.2937 23.3279 14.8782 22.1066 9.2621 19.2833 6.1094 8.4849 22.1579 23.1449 21.8082 15.3325 13.3228 
22.3548 22.3761 16.6816 10.1964 5.3844 38.3491 30.8714 29.6228 21.9858 24.5387 23.2788 10.9137 10.3409 3.8232 18.0114 
0.7667 19.5626 10.6687 26.0689 26.0092 28.026 10.6177 25.7996 0.7265 8.1774 20.9679 26.0926 21.123 19.7053 12.4662 
3.2034 24.1199 15.8864 29.8614 22.6994 30.1883 11.5717 22.6176 3.9168 9.1786 22.1697 34.6278 23.7598 26.2503 16.7813 
11.9132 17.0131 19.6964 36.8913 32.9551 20.7227 5.6693 16.5538 11.3723 6.9865 35.4642 34.4588 38.4434 27.4336 26.0622 
7.8886 22.1318 22.5156 38.1308 34.367 22.8608 9.467 24.8447 8.6124 9.0513 27.1032 32.9894 33.6216 28.8402 19.0606 
23.4595 11.3597 34.3205 30.2317 26.0413 1.2434 15.1779 3.8168 20.7032 17.6429 45.7002 27.9268 40.7461 31.7041 31.1413 
3.8498 17.6619 6.6359 27.1339 21.9284 30.9397 14.0011 28.4153 5.4372 9.6276 18.7621 24.4353 17.905 17.4025 8.6955 
1.5071 21.3332 9.7804 28.5598 19.5992 29.9213 12.7358 22.5669 2.3141 9.9818 24.7223 25.3281 21.7677 20.8121 12.3278 
19.7363 34.2523 7.8021 29.719 18.3545 41.4064 27.1594 39.9761 22.3991 25.0319 4.4513 26.7515 9.014 12.3726 5.696 
7.825 12.797 12.7463 25.1021 15.2883 20.9785 7.5037 16.0072 6.4303 5.8186 26.8833 18.9174 22.6378 20.0344 18.343 
22.5464 5.4496 25.6044 12.6424 13.0697 17.1573 20.5522 14.7299 22.6098 20.5551 33.8264 12.5527 23.5375 18.2852 24.4517 
12.8528 9.9947 10.872 17.0666 12.5565 24.587 11.7563 15.3299 10.4271 11.7323 23.5563 14.5262 19.8615 14.7795 16.733 
15.0259 28.2431 5.1481 24.7211 20.5448 43.8879 27.7471 33.9997 15.7394 24.0695 7.8797 28.425 10.1135 14.4922 2.8094 
24.6292 17.3666 16.8706 8.3823 2.3835 33.4736 24.3498 29.2096 20.526 27.0111 23.1459 8.4402 14.4391 6.0341 16.9721 
20.9986 8.5577 25.4089 22.2759 24.5551 6.0691 10.6581 2.4411 20.9478 15.4234 42.7739 23.67 30.8815 25.1998 32.5218 
13.3516 23.2188 1.7733 21.6184 16.2388 29.4044 23.6343 31.232 12.9212 20.4614 12.3763 24.1269 11.3119 11.1865 3.129 
5.418 23.5506 12.4221 35.1465 29.1623 30.4324 13.8535 30.268 4.8894 11.1994 23.5396 32.4275 22.6303 20.9199 15.651 
5.5257 12.1674 15.3948 29.0715 20.4432 18.6317 5.2226 15.8705 4.5791 3.0334 30.9854 22.3754 22.833 21.8201 18.3451 
1.5863 18.9962 11.6333 30.3051 26.8401 26.316 8.9289 21.6452 1.5618 7.8908 22.7662 29.1043 27.3871 21.7153 13.6495 
26.2174 14.4704 20.9007 5.2637 3.8865 22.1377 21.2619 21.6674 22.3971 24.2724 24.5139 4.9833 19.9695 13.6538 21.187 
22.8075 25.9076 9.5422 16.0279 11.452 33.4801 25.1346 28.6183 22.6566 23.4726 13.3189 16.8491 3.6988 3.0658 11.6526 
11.9146 22.8105 23.9028 44.8039 31.2785 32.166 14.7318 28.4956 11.6859 12.3481 28.9475 39.1634 34.332 28.7495 21.6385 
20.5066 9.7532 20.671 8.3063 9.2273 18.6618 18.4867 15.4347 20.5818 18.8204 28.9004 6.9794 21.6653 16.8083 23.5494 
19.5611 14.1488 12.6937 10.5098 4.3446 28.8326 21.405 20.398 15.6084 19.9374 23.8761 9.4271 16.8243 9.9944 17.8737 
23.0621 14.5887 17.6023 6.3005 4.1384 26.377 24.4408 21.1749 20.5763 24.0738 32.1384 4.9814 17.7381 13.1649 23.8955 
22.2847 7.8087 19.1766 9.6559 9.9371 17.1888 16.5921 15.9014 20.454 19.0107 27.3115 10.1366 19.9407 18.1092 21.0756 
20.5899 7.4438 26.6637 26.5567 24.1429 4.6299 12.0868 0.9788 18.563 16.8754 44.1135 22.5328 36.8042 25.8532 28.884 
6.3633 15.9708 8.0463 19.1439 14.9542 21.7777 14.0226 21.728 7.7008 10.7835 23.0923 17.8096 16.0275 14.2943 11.1906 
19.2876 31.7224 9.3771 30.2763 21.489 47.1044 28.7343 36.2544 21.927 29.6389 4.9225 27.8631 9.8138 16.349 6.2521 
8.3301 21.0957 18.075 40.0255 27.3648 27.2185 11.5999 22.4904 7.0706 10.4715 27.0291 35.6831 33.0934 29.3633 19.6847 
2.3497 17.6718 15.8918 32.4585 24.6308 26.0741 8.8032 24.1865 1.9405 6.1812 29.5952 32.5814 25.1883 26.5644 15.7605 
11.4531 9.6806 15.2693 18.8358 13.7118 19.574 11.3853 13.3691 10.5225 10.3952 25.1436 19.5264 21.5796 18.5158 16.5502 
15.9531 0.3533 21.383 19.8816 15.6618 14.2065 12.8006 7.8783 16.3681 12.705 39.4762 16.2926 25.9688 22.2294 28.3397 
22.5203 11.4526 17.8197 8.6867 4.6481 23.027 19.2033 17.6717 21.4641 17.5643 25.7573 6.9709 17.4105 12.7073 19.92 
26.1413 11.67 22.471 8.0975 10.0968 22.1276 19.6196 15.6125 26.6482 19.3511 37.2569 6.8189 27.7109 17.4578 22.3249 
25.4639 12.5042 22.9792 3.8704 5.0771 21.754 25.1244 19.7588 21.9398 22.2937 33.176 3.3123 22.7798 15.0078 22.6015 
6.5786 23.3189 18.379 35.7687 26.7322 24.5773 9.6511 20.5139 5.5093 7.0168 28.7583 28.3541 25.5579 29.6454 21.4496 
20.6432 26.79 9.8795 14.9904 12.6943 37.7123 29.0572 29.6561 18.8589 23.1456 11.5759 16.9675 4.2507 3.7944 10.0295 
27.3779 24.5912 24.5624 4.1376 8.5045 34.8821 34.9624 25.717 28.2882 32.9846 32.7873 5.1977 22.6908 15.8292 27.9127 
5.0227 18.1349 6.4366 22.8257 19.5059 32.7128 15.7621 22.8931 5.9099 11.2333 16.8934 22.8396 20.8873 16.4088 8.4902 
11.9557 18.2542 6.1813 16.8182 12.9432 29.8948 19.98 26.9963 12.1379 16.7896 14.9866 17.4159 9.8519 8.9675 6.9861 
18.0284 31.4021 5.1976 25.6373 21.3351 40.1561 22.3423 35.8895 14.1784 24.1336 7.1494 27.8843 12.4867 16.6682 2.9436 
20.2685 4.6482 20.6245 11.655 11.1969 16.0831 16.4895 13.4469 20.3747 16.6767 28.4369 11.5863 21.2082 16.2556 23.9277 
10.7678 10.0295 11.494 16.2553 10.7133 24.9887 11.9002 16.472 9.8316 11.7696 25.163 17.8359 16.6027 15.3129 15.3531 
24.8238 15.7365 18.0651 5.3442 2.6099 25.3675 20.5406 21.3142 19.688 19.5512 27.342 5.3968 17.1898 11.5305 22.7131 
14.4675 13.1185 11.3124 16.0185 7.6433 22.1679 18.5705 18.9797 14.0664 15.4713 22.4992 14.2773 15.8617 9.2735 13.7367 
14.2157 16.2593 8.5678 15.7335 9.1356 27.1601 18.2616 22.5566 13.9414 18.8474 17.0449 16.9753 10.7914 7.1381 11.2217 
18.6788 3.0894 19.2963 15.3131 12.8719 17.141 12.5903 12.2707 17.7798 13.7422 35.9538 15.5091 22.7605 19.1472 23.6438 
6.2026 24.2999 7.937 31.2923 20.9833 29.5309 14.6128 30.584 7.1024 12.3445 17.8976 30.1416 20.3431 17.3664 8.9294 
6.8368 19.0489 4.8563 28.339 20.284 24.8799 14.7183 28.0225 6.6245 12.8299 20.4822 25.8802 15.9459 17.1343 6.9587 
4.1895 19.6982 8.5098 25.5726 18.4799 25.2869 11.5232 26.0622 5.0149 10.804 21.815 22.6252 17.5381 16.1102 10.7593 
19.8843 2.7275 26.4465 17.0433 19.9679 8.754 13.9146 5.8683 20.6524 13.7363 36.917 16.2568 35.6314 23.8847 27.8107 
13.2258 24.6966 8.2676 36.0732 22.1102 38.723 24.4873 39.0741 12.1767 22.1997 14.0754 32.3024 16.0599 17.3517 6.7738 
24.6823 24.9365 13.7015 20.7181 15.2618 45.2233 29.269 34.1923 23.6923 25.9901 9.7957 20.6184 0.5993 7.434 10.1901 
1.5231 17.9025 11.0909 26.2968 21.4149 26.3144 10.1801 24.9851 1.977 9.4742 22.086 28.0852 23.0996 17.234 14.0145 
6.4715 19.3728 16.6923 32.3772 27.5168 23.1914 7.7497 19.0179 7.2208 6.0848 32.4364 28.5844 29.9293 27.4362 19.1522 
17.0574 25.3917 5.97 30.9723 18.4525 39.2185 28.9522 36.1716 17.1509 23.2648 8.013 23.5385 10.0179 12.9343 3.7239 
8.3199 26.3285 15.8092 40.8207 32.1162 36.6109 16.9466 26.5071 10.2206 12.4737 23.4812 32.7484 27.864 28.267 18.8478 
24.8103 29.7258 11.294 28.6461 19.913 43.302 26.5308 44.8998 20.6587 24.4731 2.9263 24.4703 8.5816 13.6457 7.7061 
14.7624 6.3105 18.5351 12.1679 11.4517 21.1648 17.3606 16.0093 16.509 15.1316 29.7196 12.6998 23.9306 16.8395 20.0122 
27.3651 20.0464 19.5003 9.7341 5.8911 33.1391 26.5503 30.441 27.5877 29.1732 21.772 10.2651 10.7049 4.1185 18.6177 
20.038 30.139 8.8259 21.5225 12.2319 35.925 26.6882 33.1598 22.9111 27.2085 11.2321 22.7079 2.623 7.0095 8.1261 
EOF