I 150
J 15
bounds (0, 100)
cv 0.5
D 25
k 5
t 3
FLR 0.6
FCR 2
λbounds (80, 120)

λ 
115.1284 117.9106 96.3104 
81.0916 94.53 106.9711 
82.1841 112.6434 101.4633 
100.3087 112.3185 118.4849 
88.4896 101.2169 110.5656 
117.112 114.5239 96.842 
91.0153 84.0295 107.1524 
84.7435 118.4061 108.6086 
118.2318 113.9932 97.3975 
84.0607 119.8649 112.1138 
107.7137 104.3481 102.306 
86.7502 108.4586 87.3698 
114.2842 98.4671 84.0314 
100.0712 102.4694 93.6467 
104.732 92.5386 83.4892 
98.6591 116.986 86.5595 
80.1001 119.4807 113.774 
118.4754 110.9332 112.0391 
95.4458 116.2627 84.2124 
103.2092 104.7876 113.208 
104.9551 86.4212 108.3576 
100.507 117.2164 108.6088 
100.2273 104.4603 114.1166 
99.9626 98.2703 116.7325 
93.3911 108.433 101.614 
103.3635 83.4605 83.0752 
115.3408 115.2803 110.5366 
95.9867 108.9141 93.5624 
117.6992 102.3955 104.0615 
119.0485 106.3593 116.4435 
89.5753 98.2923 109.4784 
111.663 108.5921 101.0186 
99.0265 92.7355 84.6318 
109.4602 85.0755 111.5058 
110.5089 93.275 110.4556 
81.6571 90.6536 84.366 
113.2801 99.1886 96.8611 
86.8071 106.6439 96.8208 
108.5919 102.2437 97.1196 
88.7289 109.2901 107.9864 
97.9436 88.8428 91.5841 
84.8394 88.361 116.8006 
111.6935 107.0951 89.7992 
86.8227 89.9611 90.615 
102.6142 88.5242 96.9532 
92.5725 84.7652 102.57 
83.3082 117.6536 90.621 
108.7655 93.9105 99.3401 
106.8381 112.1439 91.1934 
104.7623 116.8759 111.7388 
99.8911 119.5938 118.7661 
92.3677 115.6166 116.048 
101.9457 87.533 109.7397 
98.7394 102.5481 109.6954 
114.8747 117.558 83.3768 
110.6621 115.1744 85.7865 
94.5718 108.9718 108.643 
101.9785 110.755 112.8159 
104.8191 102.0098 95.0185 
110.2091 118.1275 83.6671 
98.1773 105.7244 83.0563 
99.6316 104.5178 113.2563 
118.8699 88.9799 106.825 
96.5464 100.3281 81.8564 
105.1864 106.4306 92.3527 
93.9209 114.584 88.089 
91.8911 103.1687 117.4743 
116.2731 118.9225 95.2023 
102.5821 105.182 93.746 
93.0837 113.4852 108.0873 
94.2451 92.9783 113.8045 
91.6625 108.1949 99.0773 
85.3 106.8239 102.618 
116.0672 87.9092 113.4832 
95.8169 97.4879 103.999 
101.8458 119.9441 81.1939 
89.5441 116.4785 103.1933 
83.7976 107.8378 112.0804 
100.725 90.0643 106.0773 
103.1139 99.5051 92.0577 
111.1177 86.5128 93.7566 
95.2511 117.1278 84.8461 
82.0499 82.5095 119.9429 
113.9948 98.5549 114.6853 
83.9017 102.6397 97.4903 
114.4162 91.2649 101.4815 
88.0143 97.794 82.9864 
101.9007 80.1075 101.8354 
99.8468 100.6748 98.9731 
91.8074 96.2977 100.5281 
89.7795 110.5059 104.9132 
98.1903 116.8342 102.7786 
112.0449 116.7003 114.7154 
114.8107 110.6337 113.0559 
105.9908 115.0316 84.8095 
119.1456 114.1192 108.2767 
113.2791 81.0547 100.1832 
96.0421 104.8101 118.1791 
111.7142 116.1372 80.2933 
86.952 99.8052 104.6937 
93.3951 82.1861 81.6703 
110.7646 99.9009 108.1386 
84.9072 83.2012 102.4233 
96.8649 102.8172 107.367 
91.5939 88.1894 117.6474 
93.4348 106.9492 113.3589 
111.2578 87.8263 111.7665 
114.3799 94.5958 95.6968 
83.8476 118.7401 81.9773 
102.5154 109.0972 84.3888 
111.5539 83.2992 98.8394 
91.4457 88.5854 96.6846 
116.841 106.5134 85.5683 
82.8916 102.1907 105.6999 
90.7398 91.4527 83.31 
100.7758 96.1674 87.2349 
101.7929 94.7488 112.9032 
96.5783 115.1455 104.9121 
102.4534 98.776 96.6417 
118.8773 106.4157 104.0 
100.2222 91.7701 100.8678 
113.7923 101.5253 113.798 
89.2073 96.5922 118.6528 
108.1309 112.3315 90.6011 
98.522 110.8038 108.1542 
100.8978 85.5198 108.921 
99.1277 81.3386 84.2083 
101.6292 95.6107 88.7322 
116.7243 96.0085 95.7582 
103.6906 112.7367 97.5028 
88.6134 86.3478 106.2903 
93.1176 83.7814 116.5111 
99.6506 112.8898 107.6739 
113.6347 101.6083 113.6563 
105.3526 99.247 116.1676 
90.2566 83.9341 94.5957 
95.4396 103.2606 95.1715 
100.8693 92.3864 102.1798 
113.6388 115.2383 103.2411 
100.6354 83.8152 98.3098 
105.9208 94.4647 103.2614 
116.1587 80.609 114.4757 
80.1312 86.405 106.7268 
91.8968 96.334 105.5202 
104.1869 94.9531 105.3058 
113.5949 108.566 98.8484 
95.0987 91.0161 88.775 
118.388 96.6807 90.874 
114.4052 115.5668 105.2756 
87.3158 90.7298 102.2671 

Icoords
65.0114 39.3739
88.2984 1.7403
68.5119 36.2079
28.7118 47.0189
36.8933 48.4051
60.1839 8.5465
9.5683 54.9645
33.8687 91.518
9.66 91.1043
42.5713 93.5776
35.4919 76.9807
19.8771 8.5384
87.3627 89.7983
24.5903 19.6831
84.3544 93.0952
41.3753 70.4706
39.0069 55.6498
1.8551 81.8905
35.7641 94.9294
16.0012 84.2432
96.6515 6.9027
33.358 55.9204
73.1924 41.3536
37.1523 86.8589
77.992 76.8216
36.4762 79.4729
0.4651 68.1038
14.1043 25.051
53.5241 0.0189
94.228 24.6454
41.1945 71.4385
82.5383 2.9822
27.0205 37.1896
96.7996 72.5058
24.1978 5.4381
36.205 55.7456
41.5842 39.498
94.9326 80.8932
8.9745 31.9158
93.0679 68.8171
69.9669 56.1816
5.1734 61.5841
94.9623 36.4407
16.5726 97.5355
12.9099 44.8278
47.4727 46.8839
28.6665 16.9363
23.9506 63.0924
52.4642 2.6147
18.5043 57.4163
4.6693 71.7635
37.4114 26.5325
6.7679 66.061
61.0294 19.7746
0.967 87.4415
81.0648 59.1597
96.6038 49.858
68.6716 95.2843
9.533 37.6614
84.2852 7.0451
46.2676 56.3381
28.8625 31.3505
92.3415 99.4011
93.7403 41.5827
59.2239 68.6871
42.9186 81.0264
89.9288 72.3438
43.4401 78.9573
63.6539 33.125
85.6676 77.874
57.5276 16.2069
43.2787 78.3945
72.3252 29.7561
68.7729 13.4316
82.1035 32.0774
56.611 34.6239
61.4908 64.3416
56.6169 30.7705
57.653 68.5398
24.3053 79.0648
0.3719 7.7877
57.5317 66.8288
28.846 72.363
32.1531 14.3967
48.9757 17.4959
20.5015 44.1807
33.5251 10.6199
1.14 82.703
60.7416 50.48
25.2037 93.3202
10.1534 8.0337
74.5572 55.316
13.7508 50.6965
7.2714 55.6176
31.4851 37.1632
34.5194 87.1306
57.1964 46.6411
90.1156 80.8397
20.32 34.6287
26.7836 25.4073
97.0049 56.5191
39.6019 17.7083
22.8119 70.5399
16.1511 23.3246
39.9834 14.9272
19.722 67.3139
30.9289 36.2807
94.5611 31.3412
8.4672 78.016
15.2205 8.7338
81.8053 2.7803
93.7497 98.9212
55.7002 69.5854
29.7773 43.4834
55.6867 50.9888
93.1673 54.5401
90.0369 26.1058
73.9292 55.2556
49.7841 39.2309
74.6501 20.3237
14.5479 42.1582
68.1609 60.0034
28.846 78.3834
37.335 69.6792
6.9418 94.1842
65.0236 11.4676
60.8631 99.9846
27.9299 64.9705
82.0905 15.8107
19.4594 80.7179
62.167 13.4164
10.3833 87.7628
61.7128 46.0255
88.7395 88.9033
16.6872 79.6823
15.7207 41.3518
9.4032 66.2317
85.9743 45.1474
34.6395 3.6408
39.7031 6.5904
95.6551 97.4859
50.4103 98.7862
64.276 9.8041
54.5527 18.0492
34.0308 29.1827
17.6828 14.7467
17.1438 35.4332
52.5742 84.2529
75.6868 32.0018
57.2103 47.5096

Jcoords
61.8854 58.763
41.4797 78.2459
41.5772 11.5515
73.5679 22.7412
72.0031 4.9477
37.1894 53.3151
40.4645 34.6892
81.3985 33.0519
58.8317 47.0394
64.1203 40.9917
92.9798 49.8945
39.1804 8.6881
33.4902 59.769
28.1293 34.8343
58.305 39.4584

C
7.139 17.2535 12.1934 6.4681 12.7097 10.229 8.9639 6.9642 3.1734 0.7116 11.4596 12.5225 11.6949 13.047 2.0798 
23.3524 34.8373 15.5538 8.3805 6.3144 28.3539 20.5965 12.4756 19.7029 16.693 15.0756 19.3467 26.8994 26.9048 19.2615 
7.8777 15.0438 12.5031 4.9209 10.6757 13.8833 10.9826 4.893 4.6529 2.056 8.7359 14.9338 13.0427 15.4593 4.0191 
13.4289 10.2053 11.5601 19.6419 22.058 3.4837 6.5375 18.9956 9.3823 12.7436 22.8122 13.5098 5.151 4.0182 10.1039 
9.0683 11.4998 11.3234 14.4448 22.1573 1.7256 4.9606 18.1631 7.1504 10.5226 19.8616 14.7236 4.0487 6.3504 7.8157 
17.3849 22.6672 5.9974 6.5747 4.47 16.0146 12.7611 12.1871 14.5631 10.2788 19.9807 8.3512 22.8617 14.4845 11.9943 
15.941 15.4766 17.7023 22.6857 24.3596 8.5723 14.3089 29.2958 18.0726 21.765 30.0083 18.9707 7.8469 10.2488 19.4654 
16.8401 6.0081 31.3476 28.5645 35.8618 12.7235 18.7593 24.2697 16.7704 22.5079 21.7971 26.6596 12.202 21.3423 20.6861 
19.0612 12.7463 33.9095 33.0628 36.8598 17.6588 23.442 32.5765 23.6245 25.5846 32.8499 28.7493 14.4635 20.1834 24.5764 
14.2173 4.7464 29.1214 26.0573 30.4074 14.4528 21.673 25.276 16.4702 18.5493 25.0001 31.3577 13.0891 19.9746 21.7267 
11.5068 2.1249 25.5224 24.9307 28.1602 8.7171 15.7045 21.368 12.4976 14.1456 21.8801 23.5679 6.2258 13.905 16.3137 
19.9573 23.3311 7.543 20.3767 19.0397 14.5317 12.4342 20.1788 20.9496 17.3114 32.8485 7.6463 17.9964 9.2107 14.9991 
15.2502 16.2527 35.1662 22.3868 32.1981 20.8749 22.0708 22.1332 15.9506 18.8068 16.0866 35.3782 22.3763 25.0903 19.5821 
20.2089 21.9419 6.6574 16.8664 16.5979 11.8697 7.2938 21.1847 15.8699 17.231 25.8613 6.6719 13.6613 4.7673 14.9935 
15.4852 13.7391 31.8975 26.1003 32.6929 18.8002 23.8756 20.4755 17.313 21.9554 16.5376 33.3446 23.6914 29.2775 22.7778 
9.4017 2.7994 20.3449 21.0481 23.3402 6.4172 11.9692 19.2096 11.5181 11.1924 18.2611 22.0579 4.2364 11.9606 10.9989 
7.8573 8.8946 13.3668 17.8864 19.0373 0.9773 8.1713 17.1162 6.6463 10.4216 19.3939 14.1543 2.7533 8.5067 8.9327 
19.4345 11.9535 25.0661 34.8503 36.9834 14.7144 24.1545 33.1824 21.7669 22.5872 34.411 32.654 13.5108 21.0081 25.3876 
14.7536 6.6433 31.5348 25.2368 30.6439 14.9566 18.6104 27.6786 20.0877 20.3835 23.526 32.0983 12.1733 22.0383 23.3336 
19.0046 8.2608 25.5299 33.1401 31.8704 14.0812 19.4804 25.0978 20.0322 24.0297 30.2111 26.2698 11.539 16.387 24.63 
19.8295 30.0595 19.0737 8.8883 7.8356 27.5474 21.2493 11.3523 21.6456 14.9372 15.4514 20.9411 30.4425 29.3692 15.7748 
8.9274 8.9825 16.3754 19.2157 20.9489 1.5712 6.9921 19.6223 9.0266 10.3435 23.6646 17.4797 1.2978 7.4494 11.9496 
7.3113 14.8915 14.3942 6.3146 13.878 13.6729 12.261 3.6268 5.4707 3.2477 8.4656 18.1699 14.0749 15.2396 5.4027 
14.557 3.3611 25.264 28.8386 30.3815 13.0251 18.0452 21.5258 15.9093 16.1805 22.9257 26.0475 9.5294 17.2132 17.3366 
7.5425 12.8 25.5465 16.4248 26.6639 16.971 20.6787 13.6536 13.496 13.7241 11.5071 27.711 16.8516 22.3914 14.2112 
10.3618 1.9943 22.627 26.4482 25.2799 9.6584 16.1994 19.8639 13.9486 17.3937 22.4113 23.9285 5.9966 16.8253 16.6463 
19.8556 15.7508 27.0089 29.3203 35.9761 13.1716 19.2531 34.5118 19.7137 22.2303 33.5483 26.2531 13.2019 17.182 22.0033 
17.812 23.8465 10.331 22.03 20.0785 11.386 8.6643 25.3114 16.4322 16.5464 27.2399 9.393 14.5058 6.1748 14.1468 
20.5066 31.4062 6.5457 10.8109 5.9441 19.9282 14.1784 15.2747 17.0538 16.9199 23.7337 5.7839 19.4099 15.3583 12.1489 
18.4331 23.5008 21.5933 7.465 9.4884 23.25 19.0443 5.0509 16.7458 10.8635 7.6674 20.6788 27.0125 21.2409 13.8487 
7.9928 2.4603 22.9372 23.3554 22.3875 7.3463 14.6548 18.0935 10.6426 13.1795 19.7261 22.3255 4.3963 12.3244 14.2432 
19.3434 33.8995 15.1364 8.1613 3.6288 26.0563 20.2726 10.1859 18.071 13.3257 17.4267 16.6749 25.5649 24.0713 13.7683 
14.969 13.868 9.4639 14.9236 16.9464 6.8669 5.2879 17.1131 11.6687 14.8207 24.1214 9.4139 8.0799 0.9062 11.7029 
12.581 19.566 25.1025 20.8367 26.6702 18.7995 23.775 12.9771 15.9737 15.4221 8.5237 30.9444 19.7156 24.9308 16.0117 
25.0681 26.5424 6.3302 18.2682 16.0586 14.8974 11.5304 22.8154 19.1949 18.1173 31.1214 5.7967 19.3305 10.5434 19.1779 
10.2498 8.6363 13.9568 16.6308 21.9618 0.9194 8.2924 19.9049 9.6903 10.0028 21.683 15.6967 1.9342 8.5497 8.3787 
10.5483 15.4566 9.5745 11.5146 17.9068 4.5919 1.8762 12.2894 7.1946 7.9049 17.3722 10.2105 6.5918 4.6993 6.2987 
12.6039 16.0876 33.2999 21.9311 25.2512 20.2595 22.1062 15.5719 15.946 18.3001 11.3307 35.8877 22.7923 29.8442 21.0981 
19.6212 19.8368 13.6693 23.8589 20.6833 13.0281 10.5931 28.1185 18.8291 17.2246 32.9198 15.2035 14.1669 7.0063 16.9074 
10.6907 16.9023 24.4047 17.3662 26.3095 19.7105 22.2099 14.7436 12.8909 13.7442 6.9295 28.8089 23.321 22.4423 16.467 
3.3256 13.851 18.7035 12.4243 18.3203 12.174 13.9324 9.3965 5.204 5.6381 8.0587 17.5853 13.019 15.0959 7.1358 
21.3557 14.5247 22.2626 30.9664 27.1825 13.0845 16.9364 25.7274 20.6312 21.929 33.2091 19.8841 10.5498 13.7755 21.0994 
14.8126 24.1866 20.4684 9.6716 12.4286 22.6543 20.0165 4.8024 14.0936 10.1571 4.4483 18.928 20.9676 25.7381 11.1852 
18.8691 11.7192 32.2992 32.5739 33.701 15.608 22.537 31.3808 22.4798 26.7217 33.487 29.1996 14.1818 21.9899 23.3142 
16.4979 14.5967 15.8162 23.0264 23.1411 8.7423 11.6327 23.739 17.6268 17.486 31.6186 15.2623 8.3748 6.5254 17.9052 
5.6442 10.4441 10.9075 12.791 15.576 3.9309 4.8215 12.1672 3.4228 6.5835 17.2074 13.3634 6.672 7.3337 4.8159 
19.7469 21.565 4.5015 16.3262 15.5532 14.8745 7.5799 20.6553 14.8134 13.9244 22.6555 4.8829 14.6638 6.3674 12.1576 
11.8438 8.0172 16.5485 20.0687 24.5981 5.4179 12.9974 25.1598 12.4639 15.3591 25.0757 19.5306 3.3245 10.2578 14.1109 
21.2247 29.9126 5.1129 9.5594 6.1827 16.5632 11.7976 13.0102 13.6745 12.7624 22.3281 5.6089 18.4639 14.0309 14.1605 
16.3061 10.0851 18.6267 25.2479 27.9803 7.1029 10.4544 21.597 15.3781 15.9994 24.2678 17.288 4.6813 8.0492 14.9856 
20.8236 13.2127 27.3807 28.75 33.3429 12.3158 15.6665 26.2036 20.0645 23.6241 32.3973 28.465 12.1404 13.1515 23.6177 
12.4363 19.8311 4.9665 12.4515 13.5368 8.5252 2.6503 16.791 10.2158 9.6521 18.2587 6.9719 11.8574 4.2913 7.4492 
18.8813 12.8943 23.4838 29.7608 30.75 12.1347 14.9491 31.4505 21.3294 23.5972 28.9897 25.2973 10.7451 12.8371 21.7666 
13.3567 19.9262 6.4962 4.8395 7.1386 16.2089 7.6644 7.8973 8.8597 6.6832 16.3519 8.1735 17.3598 14.39 6.0787 
20.3475 14.5858 25.9939 37.0804 33.5192 16.4577 25.6814 31.051 21.9978 24.9221 32.6956 29.4555 16.637 20.9706 24.4337 
7.4451 13.8079 22.7929 11.6194 19.5452 13.4515 17.6582 8.3473 7.7967 7.9027 5.2133 22.8571 17.7468 19.6909 10.8248 
13.1182 23.1648 26.2556 12.8161 15.9304 20.4791 18.0389 8.3561 12.0033 12.9973 1.3808 24.1152 23.8554 26.7304 14.5964 
12.7152 10.9873 31.357 24.7135 33.2484 16.0385 20.2053 24.0107 15.254 17.756 19.8645 33.9666 16.9668 24.1433 21.9172 
19.2704 18.8986 14.773 23.7752 27.6428 10.4077 9.9219 24.7077 17.6393 16.9809 25.9088 14.1357 12.8701 6.0399 18.3702 
17.7535 26.8008 14.3995 7.4998 4.751 20.4009 20.2895 8.1195 18.9628 12.5599 15.3685 18.0403 28.0913 21.2653 13.6709 
5.8842 8.0864 16.0988 14.5975 20.7539 2.9748 8.0643 12.8803 5.7193 7.2722 18.1781 16.7598 4.5008 10.5354 6.8789 
16.9483 18.3811 7.2355 17.3047 15.7856 8.2192 4.0625 16.9097 11.3356 11.8027 20.0969 9.8681 8.7904 1.2126 11.0244 
15.6974 21.142 38.0686 28.121 32.5314 25.4645 25.6945 20.5032 22.1872 20.0642 16.4376 34.0346 26.8482 34.3755 25.2015 
13.3261 23.799 23.721 9.7825 16.9457 19.6079 20.9561 4.9376 12.7656 10.4579 2.8912 21.5719 21.8762 23.2037 12.7548 
3.5366 7.927 21.7488 17.6985 21.9661 8.9815 12.5421 15.3321 8.0868 10.094 14.9284 24.7277 8.1923 15.4354 9.5917 
9.3357 1.0069 26.8223 20.6711 31.317 10.3625 16.4356 19.8092 11.4423 18.0892 17.9685 23.4544 8.9367 15.9862 14.463 
11.1206 15.7745 26.7361 20.1195 26.8148 19.1469 21.814 13.196 13.3265 14.286 8.2512 26.7103 21.0416 23.1985 15.2428 
8.9955 0.767 21.5444 22.5081 29.9868 10.2379 16.3319 18.3107 13.4512 14.6386 19.3902 22.2388 7.805 17.6214 16.223 
8.0617 19.4113 11.2851 5.3349 9.7393 13.0784 6.9726 5.4122 4.979 2.7274 11.469 10.7663 13.3134 12.7112 3.112 
10.8827 14.4588 24.2665 17.1084 28.9288 20.5094 23.3122 16.9023 13.8532 12.8487 10.1651 29.307 17.6237 22.4905 14.3568 
15.9821 20.0445 6.2443 5.2515 6.4277 15.9067 9.2015 8.9489 9.4031 8.5326 17.0288 6.5928 15.1053 13.072 7.2469 
10.1809 0.6518 24.7533 24.9139 25.4179 8.2431 17.2205 18.6065 11.5292 14.3952 21.5134 25.0329 7.3601 14.3662 15.7424 
9.8805 18.8671 11.4917 2.4692 7.6441 15.8087 12.7381 3.5968 6.7294 5.3786 9.2715 11.9078 19.2201 15.9707 6.0476 
17.3732 24.1923 8.8597 3.1636 3.2327 18.1876 10.9602 7.0531 10.8086 10.445 13.2131 11.7783 19.8078 15.4386 8.977 
12.4913 20.8104 14.5324 4.6703 10.8848 16.9764 16.075 0.3723 9.3458 6.6617 7.5649 17.0256 20.2864 18.4724 9.5406 
9.6092 17.1482 8.2862 7.8372 12.5264 10.1781 5.8144 8.6285 5.0273 2.9951 15.0127 12.0277 13.0727 10.1569 1.6403 
2.058 9.6057 17.468 14.9707 20.2725 9.6497 12.3411 14.0481 6.0813 8.6377 13.3868 18.3354 11.2465 17.7842 7.857 
11.2113 18.1781 8.2852 6.199 9.688 11.5054 5.9919 8.1951 5.7598 5.0186 13.1678 9.7549 13.7423 9.6745 3.1145 
3.6584 6.7715 18.6696 18.211 24.1859 9.5826 14.1646 15.9568 6.6105 10.5039 13.0501 22.0547 9.0277 17.0761 11.5191 
14.4798 5.5124 26.983 28.3147 30.2933 10.855 14.7157 26.5883 17.1699 21.6335 29.2931 22.047 7.9134 17.372 19.4699 
26.819 24.5617 15.7232 23.8542 26.6964 19.2634 14.6486 32.0739 26.0253 25.2793 37.8745 14.7046 24.0931 12.1537 23.4058 
2.9606 7.4951 18.0771 18.3479 22.9926 8.8529 13.8829 16.4027 7.1475 10.3269 11.8602 22.2107 9.8397 16.499 8.7593 
14.0415 5.0365 23.423 21.1358 28.6965 6.9185 15.6201 23.4557 13.3876 16.3003 22.8739 25.5517 4.0819 11.8425 14.2874 
16.2733 25.7139 3.035 13.4937 12.6264 14.9045 7.9184 18.6523 16.3995 15.9972 22.1 3.3363 16.736 6.3739 12.75 
16.5996 23.8171 2.9298 8.1873 8.0483 12.5381 6.1966 11.8134 11.187 11.0333 16.8087 4.4959 17.3148 9.0508 9.3538 
14.3525 12.6621 15.3084 22.0121 22.8801 6.0022 7.2348 20.2926 13.0569 14.7125 22.7052 13.5404 7.1645 3.9992 15.037 
20.3554 22.879 3.098 16.4713 13.3795 15.7782 9.093 19.8679 15.185 15.1921 22.8517 1.8914 16.4355 9.8886 12.1329 
21.7424 13.4175 24.601 36.9059 33.5384 14.167 24.043 34.2015 22.6264 23.3495 38.249 30.6826 12.4516 21.0745 22.9231 
2.9567 10.9895 14.8264 12.0134 14.5779 7.7477 9.2856 10.7594 1.2364 3.9865 11.4626 17.7429 11.4991 14.3997 4.5049 
19.9114 7.1633 26.9439 33.9587 32.0898 16.5294 20.3927 27.3246 17.8603 24.6506 28.0766 29.3877 12.0301 22.3695 21.4443 
25.475 25.9405 12.3129 21.7557 20.9869 20.5575 12.7995 22.8192 21.876 19.8052 33.1588 11.5644 20.7327 10.2879 20.5155 
4.4019 16.0268 16.955 11.1229 17.5305 12.7831 14.9067 8.888 5.7985 5.9089 7.0459 20.3975 14.2098 17.2431 8.1018 
19.3515 15.0488 17.5492 24.8526 25.7391 9.2757 11.2518 25.3218 14.4959 17.1021 28.6745 15.8611 7.5123 7.369 14.805 
19.4092 12.9813 17.541 23.9688 28.2456 11.8766 15.488 26.6008 20.2804 23.4742 33.578 18.421 9.3095 9.4371 21.2678 
14.3427 15.0816 10.97 16.4819 15.7829 6.3671 3.2869 19.1515 10.0223 11.1523 21.2197 9.4035 7.2668 1.602 9.0336 
12.9442 3.9423 28.9816 28.2392 34.207 10.6274 17.9443 25.4071 15.0789 16.8894 22.0065 31.0473 10.3801 18.4978 19.6804 
4.3957 13.3246 14.9871 8.856 16.3749 7.8985 8.1447 8.56 0.6665 2.7255 12.2776 14.6706 9.2758 10.8019 2.6396 
12.3066 16.4087 31.2759 21.5298 25.6619 18.8154 26.2404 15.3744 17.1374 17.932 11.7318 26.4957 19.195 25.5355 17.24 
15.0392 14.8684 11.8129 19.903 18.0467 8.2472 6.7948 23.5597 15.8045 17.2791 22.5114 12.4056 10.4215 2.7475 15.2665 
15.2821 20.5776 7.7975 15.3186 18.0315 10.6182 6.4625 21.9817 14.6311 13.5294 22.2328 7.4243 10.6081 2.8882 10.771 
13.1755 22.0194 21.5051 12.86 21.836 20.9355 23.3342 10.2022 15.1667 13.1355 2.6464 24.4191 20.2368 23.3378 15.7459 
17.4938 21.586 2.3685 10.7268 12.2404 12.2768 6.4798 15.3429 11.9633 12.2502 23.3118 3.2219 16.6524 7.2065 9.9712 
12.4266 7.7734 22.1235 21.927 27.2776 6.9935 14.0144 23.2936 15.1475 18.9797 26.0459 19.8917 4.5668 12.2341 14.5357 
18.4508 19.7166 10.9977 18.8911 20.638 11.3712 8.0649 20.3843 16.1127 16.7364 27.6641 10.4864 13.9036 6.2195 15.2018 
15.2252 25.1002 1.4898 11.3203 12.6039 13.0864 7.5672 17.6626 11.5131 13.8579 22.2098 2.5081 17.1315 7.1987 10.7959 
16.757 8.1279 20.5371 27.3591 30.1435 6.9437 12.1316 23.5439 15.0968 19.1955 26.1819 23.0961 5.3914 12.7557 15.3565 
12.1396 16.9926 9.437 16.1143 19.7241 5.6895 3.7085 15.5663 9.9823 10.3724 22.7362 9.4637 7.868 0.9895 9.2353 
16.0946 23.5458 18.7719 7.2415 10.9368 20.1018 17.7018 4.5355 14.2913 12.5724 6.858 20.4874 20.7815 25.7313 13.3642 
19.1469 11.1057 23.7542 26.1499 32.0503 14.0962 18.2751 29.4733 23.261 23.7696 27.8695 23.5214 9.4457 16.3741 24.3919 
24.0408 29.0762 10.2608 23.9361 19.4969 19.1098 13.3603 22.8435 17.9244 22.2667 31.4269 9.56 19.9535 9.5916 16.5262 
21.9026 30.2298 14.0977 8.5403 3.4504 23.6144 20.3043 10.3114 15.1544 13.7138 16.4293 16.3652 29.3175 19.6058 16.8972 
19.4753 17.1948 35.8303 31.4523 34.8788 24.7105 32.7068 21.5863 23.0139 24.5628 19.1914 37.3611 26.8044 28.6544 20.9891 
4.0437 6.4353 19.8714 15.0659 25.9249 9.4858 14.892 14.4139 9.0162 11.157 16.3203 21.3209 8.7587 16.3422 10.5082 
14.0385 13.3696 13.3616 15.2342 22.5179 3.9327 4.7652 19.2331 11.6646 10.8603 23.5494 13.9272 6.1853 3.4453 11.2706 
3.8559 10.9548 14.8442 10.4306 15.206 7.3491 6.6929 10.4239 1.9028 4.3933 11.9763 14.0217 8.0346 9.7076 4.4647 
10.6881 17.4119 22.4963 14.6539 16.9092 20.0617 19.7111 9.2561 11.6858 9.9455 1.4604 22.8146 22.207 24.2813 12.8388 
13.8015 26.0129 20.2241 5.2983 9.127 21.6899 19.6108 4.026 14.9779 10.8492 8.0827 18.9062 25.7113 23.3762 12.1836 
4.7116 15.7324 19.5752 11.4555 17.9076 12.6561 12.5812 8.8013 6.2411 6.2753 6.523 21.0741 14.8437 18.3335 7.1633 
7.7249 13.9292 9.9689 10.1699 14.8912 6.1085 3.6493 10.2468 4.3263 5.714 16.2398 10.3427 8.4234 8.1802 2.7796 
14.403 21.2391 11.0519 0.8629 5.9304 15.3346 12.6781 4.6158 10.5748 8.7982 13.1927 13.028 19.7595 19.2586 10.0234 
15.6716 15.1479 13.3647 22.4297 23.3765 8.842 10.3678 26.1843 15.4818 17.0427 26.6307 13.4396 7.8601 5.433 15.103 
2.5396 10.5982 20.7964 11.8379 19.0128 10.0253 14.4347 10.2121 5.2739 6.4567 9.2616 22.3888 11.1226 14.4508 8.9802 
15.1706 4.0228 26.7985 24.5072 28.5603 8.5628 15.3768 21.7022 14.2928 17.9453 21.6705 21.6797 6.6917 13.5108 15.1476 
8.8019 3.7838 18.9534 22.4909 24.2394 5.9273 13.6163 21.0688 12.1226 13.3012 21.7449 18.8427 3.7672 13.4611 13.7314 
25.1354 14.017 34.7998 37.1414 39.6245 18.1567 24.6251 32.4754 23.7878 29.3403 34.7689 33.9814 15.3215 21.2624 27.5898 
14.7649 23.4159 7.8687 4.395 3.4154 19.3396 12.4753 9.7588 13.2439 9.5171 17.1976 10.1707 20.5872 16.3593 9.0071 
16.0525 11.5482 33.8333 31.2499 29.6823 17.1121 20.7001 27.4517 16.1443 20.0704 21.6409 31.9699 14.9445 28.2896 23.281 
11.4083 7.0907 19.5838 23.8765 25.9961 4.8394 11.4902 22.9282 11.8151 17.1874 22.7299 22.3384 2.2865 9.9602 12.6817 
15.6927 23.5806 13.0927 4.3225 5.5487 21.0204 17.4235 6.1428 14.6876 11.0316 13.6361 16.1766 21.3697 18.7441 13.2049 
17.5077 8.5266 24.3484 23.8941 32.6871 10.5977 16.6711 23.5956 20.0562 18.7507 24.3067 24.6969 9.4223 15.9839 19.1483 
17.5631 21.1636 6.3056 5.7972 4.853 18.1181 10.9433 8.9627 13.4037 8.6665 15.8005 8.3076 18.5975 13.9427 8.7747 
19.9067 11.5934 32.7746 32.7663 35.3441 13.5267 20.7236 31.8334 19.3794 24.3357 36.1819 33.418 12.2725 18.3048 26.4482 
5.0764 14.9827 13.1109 7.9013 15.3678 8.0692 8.2581 8.2305 1.1884 2.1884 10.7906 14.6528 10.6259 11.5047 2.3135 
14.8555 18.4388 31.4367 21.5381 28.319 22.1938 27.3963 20.2851 17.9353 18.5625 15.6052 33.8972 20.9554 25.0489 21.558 
19.8073 7.4974 27.0265 24.2901 33.5004 12.7922 16.6052 29.3523 17.0798 23.3461 27.5189 26.4451 8.8093 15.3248 18.4461 
17.1502 14.4079 15.0241 19.561 25.9941 7.378 9.5274 20.1381 14.0325 16.495 26.5526 15.3945 7.8235 4.5426 13.2227 
20.3933 11.663 21.0696 26.9209 31.9492 11.7572 13.3028 27.9755 17.4554 19.4513 31.4575 20.364 8.2623 11.618 18.8272 
9.1977 21.5055 22.248 7.85 15.0529 19.2019 15.1762 4.7797 8.606 8.8115 3.2555 23.1707 18.1918 18.7024 8.627 
21.1581 24.3484 3.5501 16.0005 14.3227 15.9863 12.0579 18.3285 15.8151 15.7645 27.3683 2.4177 17.7515 12.5582 15.0898 
17.586 24.9939 2.1102 12.0774 11.5913 17.2944 10.4369 16.2817 13.553 14.9507 25.0114 0.7949 17.2775 11.7332 13.2297 
19.853 18.2302 31.7801 26.0631 29.1601 25.1848 30.6655 22.3648 21.8972 21.9914 16.3877 36.8428 23.4569 34.2571 24.5533 
14.0562 8.8225 26.3305 24.293 29.5035 15.9489 22.5727 27.6082 20.646 18.9362 24.8612 36.2364 13.5834 24.7592 19.0026 
16.7884 23.9067 8.9994 6.1865 3.5338 15.8065 10.4118 9.2075 13.1032 10.632 18.8105 9.5407 17.9233 16.2282 9.2503 
16.5393 23.3464 4.8149 6.283 7.0264 14.78 7.7139 10.4839 9.0843 9.1078 18.2762 6.6504 17.3154 11.836 8.6507 
15.5251 17.1902 5.7899 12.0335 15.2664 7.574 3.0715 15.5979 11.3807 10.1432 24.5491 7.1129 10.4346 2.4947 8.0608 
22.7251 20.7504 8.6135 20.984 22.0181 17.2364 9.4525 25.2245 17.7688 20.7709 27.7625 8.0004 16.7867 6.9487 18.8719 
19.6537 18.5756 11.9479 21.3639 20.8742 9.4502 8.5887 20.222 15.7126 18.8223 30.1939 13.6849 9.6098 3.4282 15.6786 
9.6772 3.9905 28.2717 22.885 26.8222 13.3716 17.6484 20.9292 12.8189 14.1625 17.3596 28.4408 11.0451 20.598 16.4291 
10.1021 18.9474 14.2855 3.1939 9.529 16.2681 11.9539 2.061 8.021 4.7815 8.7839 15.6413 15.2196 14.3688 5.9975 
4.092 11.6877 14.2409 10.0445 17.3163 7.5315 8.2862 8.9386 0.5306 3.2458 12.9092 16.4025 9.5536 11.1952 3.1396 
5.8938 18.085 11.655 6.5691 11.6453 10.2819 7.6419 6.887 2.9539 0.695 9.607 13.3488 11.4096 14.1693 2.3447 
21.9447 31.429 18.2797 8.9141 6.5934 26.3717 22.6701 11.2669 19.4705 15.2454 17.064 17.2136 30.2918 26.1563 15.6039 
9.1025 18.6023 11.7435 5.6013 10.8833 12.9803 10.0164 4.8691 4.7721 2.4294 9.6611 14.3908 14.0684 14.6431 4.1295 
12.0037 12.0709 14.9142 17.311 21.8648 4.0687 6.0878 19.8131 9.3914 14.2486 20.8244 15.6078 4.7616 4.6196 10.1344 
9.3957 11.7866 12.5753 16.2845 17.1515 1.7388 5.0542 15.3383 8.6143 10.4041 19.9907 14.9265 4.6204 5.7381 9.1709 
18.6511 26.6363 6.5458 6.9961 3.7584 19.4017 12.9543 11.9408 11.6859 12.717 16.3023 7.4942 19.7657 13.7383 11.6102 
17.1317 13.8255 18.8943 21.8186 31.0875 9.8921 11.8884 27.3658 16.1915 22.3338 26.5237 16.8116 8.208 10.7116 15.9876 
15.0342 5.2355 25.9087 24.578 37.4132 12.1253 20.6129 29.966 18.6321 22.237 26.6698 29.0085 11.3511 17.9523 22.2906 
24.1905 11.6378 32.6752 34.7379 40.7414 16.345 19.3861 36.0926 22.3568 24.3413 33.3797 29.0295 13.5344 18.1579 27.5633 
14.2531 5.1168 28.662 30.8203 29.3054 12.5883 22.2505 28.4976 19.5019 19.8621 21.705 32.1053 12.2875 23.8945 18.0295 
12.0713 1.9351 23.735 24.109 30.8253 8.9757 14.4271 20.326 12.8506 15.9713 21.556 26.7413 6.5759 16.6261 14.6187 
24.7371 27.3011 7.4225 18.1441 18.0 15.9815 10.9066 21.3179 16.9897 16.9437 27.0784 6.2815 18.0229 10.0926 18.5158 
14.6358 14.8616 35.7646 26.7752 28.1885 19.1627 28.7789 17.9451 15.8632 17.6338 14.8173 32.7838 20.3286 24.3227 18.0593 
18.2534 18.6506 6.7987 18.9176 19.7755 13.1555 7.0317 22.0601 14.0642 14.3569 29.3529 6.8381 13.2548 5.2387 12.7969 
15.1077 16.643 32.0541 27.4455 33.5651 23.8227 25.6363 19.9224 18.6241 19.7811 13.9297 34.0626 18.4557 26.3465 19.3015 
9.3025 2.8172 23.2791 21.3705 24.3238 5.7373 12.8282 17.9166 10.7701 14.3312 21.1999 24.6235 4.7602 14.9602 11.3028 
7.4278 7.0898 17.5986 19.0699 19.4063 1.0716 7.7994 16.1986 6.6139 8.7816 21.2882 18.1649 2.2114 8.7463 7.8117 
21.0814 13.7202 29.3151 31.4852 33.7765 15.7642 19.0626 34.6851 25.8011 28.5767 34.2275 32.0953 13.009 17.4888 23.7775 
17.3099 5.9678 27.4227 29.4008 32.3512 14.5735 23.0515 27.3096 20.5023 18.5554 23.4095 28.0763 10.8098 20.9721 21.2559 
19.3877 8.9937 25.0521 32.4494 36.103 12.4091 21.2157 32.2983 22.2391 20.1348 32.6725 25.6218 11.8789 17.0688 22.3753 
19.6734 30.6187 19.0406 10.8984 9.8335 26.4914 20.284 9.5147 20.0463 15.611 14.0361 22.3785 28.614 22.6355 16.9771 
11.2152 7.6402 14.6472 19.8308 24.87 1.6217 6.9227 16.265 10.2379 10.747 18.2533 16.1187 1.3909 7.0801 9.6213 
6.701 15.9083 17.3529 7.0872 11.9147 14.553 12.8254 4.214 4.8622 3.4628 8.5087 17.9341 15.3397 14.8344 5.3982 
13.8833 3.4026 29.7751 25.0633 32.0283 10.6032 16.3463 21.6443 16.9068 16.0209 21.3187 29.6289 8.2392 18.7814 17.1498 
8.1958 11.733 24.2011 20.9502 25.8849 16.1564 21.5307 17.0735 10.84 12.3256 10.6319 28.5343 16.985 21.1529 14.6547 
10.2306 1.9896 23.6351 27.0989 29.829 9.9463 16.2219 20.4582 14.4961 18.8436 23.9548 26.082 6.9711 14.0551 15.6435 
21.036 16.4902 24.2821 31.5399 34.8023 12.6847 18.0074 32.351 19.8316 22.424 32.926 24.3526 13.0009 13.8633 22.5842 
22.0107 20.0655 9.7647 21.8753 20.8139 14.258 9.2649 21.0081 18.067 20.8772 27.7278 10.0667 13.5117 6.4331 17.68 
22.5478 26.1112 6.1622 9.7958 7.2771 19.4042 12.5816 13.213 18.3409 14.5372 22.7289 6.5515 19.599 14.8369 15.6688 
14.6581 28.7424 19.982 7.3551 9.9932 22.4967 21.1445 5.5494 13.8306 11.9872 8.5674 22.7192 27.3563 26.0027 11.8359 
9.0872 2.7015 20.2901 20.5719 24.3222 7.1848 11.5121 20.5338 10.6305 14.5668 20.7301 23.3552 4.6872 13.9684 11.7514 
18.3143 32.9307 15.3038 6.7053 3.4937 21.1512 19.1346 11.8289 18.3161 13.7016 17.1287 15.809 24.4769 19.1662 13.2384 
14.1326 13.7287 9.4491 16.5905 19.1933 7.2463 4.9146 20.2107 12.3181 14.485 24.5042 11.8154 7.3423 0.9096 10.1879 
12.7648 19.744 26.5912 17.0308 27.5122 20.3212 23.6257 13.6505 17.8802 14.2871 7.6661 26.9119 19.5348 29.4031 15.687 
22.3517 26.2955 5.9544 19.1994 16.8953 15.3538 12.9261 20.4462 16.5154 20.2182 30.6791 5.0761 17.6438 9.0101 16.1333 
9.3577 7.4461 13.8188 16.4264 24.2177 0.9026 6.6769 15.6923 8.6648 11.8593 18.2299 17.7714 1.5959 6.9872 10.1824 
9.3253 15.4178 9.9098 12.1718 17.1381 5.5445 1.8155 15.7862 6.7447 7.4871 16.4808 10.2569 7.9931 4.302 6.4124 
15.1215 21.386 33.6587 20.6054 29.6779 22.1152 27.6916 16.3625 16.5943 17.8615 11.1226 33.1692 23.8838 26.5336 17.2048 
19.3008 17.5786 14.1229 21.6276 21.0809 12.079 11.6711 23.5045 17.2505 19.7339 32.7394 11.7704 11.8329 6.0782 19.7968 
10.7038 19.9545 25.8063 18.9523 26.8207 20.3483 21.9967 11.8581 15.5243 14.7399 7.0639 29.1561 22.7364 24.4872 17.6728 
2.8658 11.8908 20.2586 12.8279 16.618 11.302 12.6147 10.0983 4.838 5.3126 8.2424 18.972 13.4809 18.7689 8.0899 
19.4195 14.7484 21.0313 27.773 26.5343 10.8062 15.7695 27.9982 20.9536 21.5731 35.0693 23.4496 9.5765 12.8414 17.6404 
12.7375 21.0301 20.9809 9.0847 12.1325 22.9191 16.5486 4.2949 12.1431 10.9334 4.8916 22.3236 23.2294 24.3877 11.2698 
18.4159 9.7754 31.6903 33.2039 36.0211 17.867 24.2918 33.5844 21.2287 25.3033 31.1548 30.8682 15.6591 19.7584 27.126 
15.2962 16.3993 15.0871 22.8908 23.191 9.0098 10.6256 21.9252 16.1924 17.3268 26.1871 15.7181 8.6723 7.1263 16.6847 
5.9151 11.9736 14.1457 12.8586 14.8861 4.7436 4.7427 11.8924 3.4523 6.142 17.969 13.4337 6.345 7.2926 4.8172 
20.6816 20.1494 4.5995 13.7636 15.3418 12.416 7.6864 16.9499 14.0335 15.2054 23.8046 5.3092 16.9828 6.6772 11.7705 
13.7948 8.0427 21.3039 25.1403 24.9903 5.7537 10.8093 20.583 12.4178 18.3163 24.1691 17.3838 3.4104 10.5349 13.1393 
17.7632 24.0432 4.8495 8.7662 6.6215 18.4589 11.8045 13.0102 14.8818 12.0525 19.246 4.452 19.3733 15.0969 11.9074 
16.6316 10.6278 15.6283 21.3892 24.6457 6.508 11.3266 23.2225 15.3489 19.3641 29.545 17.505 5.191 8.7832 17.2911 
19.4037 14.8648 23.1716 31.9464 37.2605 14.3721 20.4128 27.5271 18.963 23.0751 33.6892 27.6022 11.3849 15.0766 24.1374 
15.172 17.668 5.7362 10.9537 14.2952 8.9752 3.3636 13.7938 11.5888 11.1859 23.0811 6.3784 10.2376 4.5478 9.0118 
20.2157 14.0531 22.5007 24.1797 35.2462 12.0951 15.2207 29.9326 19.1787 21.5567 31.7001 21.6071 9.8776 12.0199 17.527 
12.9863 20.5674 7.06 4.5496 6.469 12.6001 9.7424 7.8632 9.8253 7.6673 15.1927 8.6978 17.7677 14.2272 7.11 
20.7246 16.2766 32.6473 34.8339 35.5767 18.9808 21.846 37.2554 24.475 31.131 37.0881 26.4005 15.8257 21.2134 26.0786 
6.0217 14.2254 23.0836 14.7427 19.4188 14.0358 17.99 7.846 9.7946 9.7038 5.9211 20.5681 14.8968 19.6152 9.8194 
11.2258 20.6102 21.4081 11.2292 15.9765 19.8363 20.7953 8.9794 13.3744 11.1252 1.4439 23.9951 21.7088 26.5131 15.2393 
12.4663 10.4738 29.06 25.3097 33.4744 20.4245 24.8707 22.2067 18.3855 20.7035 15.5652 34.8905 15.7171 25.5335 21.0541 
21.4661 16.6829 15.1864 26.2737 22.6784 9.699 11.168 27.8187 15.4563 19.1575 30.3029 14.0155 11.7193 6.9258 16.8231 
19.574 30.1821 13.897 7.4542 4.3834 20.0245 18.2584 10.0846 18.1616 12.0663 15.2111 17.3317 24.5039 21.0272 14.9088 
5.7435 8.4676 15.7835 13.1386 21.5126 2.9346 8.8936 13.4198 5.1128 8.9531 16.9992 18.1424 4.7654 8.6225 6.3834 
14.2917 19.1484 8.0402 17.9376 19.4981 8.2192 4.0359 19.685 12.8138 12.9651 25.9572 8.0155 10.7512 1.3489 10.9542 
18.5311 21.6378 35.0044 30.11 28.9952 21.7702 31.5417 22.8366 24.2697 25.8895 18.1308 32.6047 28.3098 33.3191 26.8697 
13.9522 21.5519 18.1112 10.917 15.2162 19.7638 20.2685 4.5625 12.536 11.3912 2.7518 20.4442 24.1104 19.8003 12.524 
3.7164 6.9777 19.5422 16.3315 25.1645 9.4141 15.4738 14.6815 8.0088 8.9662 12.2626 19.6544 10.2377 14.2633 10.5246 
9.5492 1.1906 23.7162 19.815 28.6862 9.1881 16.779 20.9838 11.8288 17.1016 18.4165 22.2882 7.6345 17.4655 15.8681 
11.5381 17.678 23.73 17.1632 23.6277 22.2587 23.679 16.0467 13.2824 13.3886 8.6001 24.553 17.6995 26.8059 16.5294 
10.3083 0.7078 23.8708 25.3782 25.1159 8.4695 16.3274 20.9376 14.0217 16.2295 19.976 21.3307 8.6242 16.1269 13.4376 
7.7456 15.6808 11.9148 4.7377 10.5122 12.0831 8.7018 6.5674 5.0482 2.5785 12.4081 13.0454 13.5992 10.7764 2.7481 
11.9261 16.5313 31.7129 17.91 25.1968 19.0747 24.4438 14.6601 13.4649 13.9679 10.2432 27.7066 20.1476 23.1443 16.616 
13.6763 20.852 5.4068 5.8265 6.0499 13.6174 9.1386 9.9422 11.6497 10.0329 19.3664 7.8817 16.5282 13.4583 7.419 
8.5743 0.6358 22.2125 21.8979 25.6466 10.1013 15.8541 19.1041 11.6937 13.3676 18.5628 23.9227 6.6426 13.8497 13.9562 
11.3017 22.5854 11.8312 2.3103 8.1627 16.0413 10.333 3.4868 6.6614 4.5508 9.0609 15.58 17.0507 15.4636 6.3971 
15.4795 24.3681 8.3254 3.4222 3.3498 16.5851 13.9304 7.7391 14.0049 8.9301 15.9879 11.6794 20.8736 15.705 9.4314 
12.7625 23.9898 14.805 4.2339 8.867 18.3476 13.0085 0.421 8.6264 6.1499 6.9408 17.2602 17.2317 17.3861 9.0348 
9.2114 14.8211 10.101 7.8455 12.7905 10.3722 4.9764 7.7145 5.016 3.3978 12.9458 9.7465 12.0001 10.8319 1.8098 
2.0899 8.843 19.0478 15.6508 21.1894 8.0432 14.1586 14.7231 6.8778 9.3732 12.8741 18.6232 9.9215 15.8557 8.138 
9.6418 16.3692 8.0265 6.0133 11.5517 9.8001 5.1907 8.7227 6.4395 3.9535 13.4348 8.621 12.1437 9.1249 3.287 
3.2067 6.0623 18.7289 15.1855 25.9004 8.0803 12.2626 12.9892 6.8539 11.2849 14.7198 22.1361 10.1613 15.1987 9.4044 
16.9657 5.5192 22.3558 29.5045 30.9631 8.9864 17.7193 26.2143 17.3771 20.3884 24.0105 21.8744 8.2169 17.7449 16.4424 
31.0931 32.0665 15.9673 29.278 24.8182 19.1171 18.5111 27.6435 25.4268 28.3053 31.2619 14.1223 22.7187 14.5256 25.8025 
3.2025 6.9593 17.7146 18.4042 21.7725 8.8481 11.7031 14.5085 6.5545 9.359 14.4138 22.1985 8.1108 14.4828 9.1289 
11.1796 4.9264 23.5845 25.4846 28.4323 8.0872 14.2836 20.4499 15.6601 14.1619 21.3245 19.5008 4.0309 14.9466 15.6079 
18.1266 20.9325 3.1698 13.2825 15.4728 14.5944 6.9865 15.835 16.7452 16.3091 22.6212 3.4911 13.84 8.1257 13.2753 
15.2548 20.8178 3.4233 8.4111 9.7293 14.2538 6.4364 12.8778 10.6949 9.5741 16.4808 4.5776 15.2303 10.336 7.6334 
13.3652 14.4183 14.4305 18.269 20.5559 6.8963 8.0549 20.6579 13.7065 16.1777 24.4574 14.519 7.1828 4.3539 11.6082 
19.8525 25.7593 3.154 14.6137 13.2394 15.5425 8.086 18.2184 13.3711 13.3341 22.2816 1.9141 15.2559 9.5264 14.3002 
19.7118 15.1626 31.9911 35.1288 33.57 18.5995 19.469 29.1997 23.6438 25.6611 31.8514 27.6035 15.8223 19.4149 21.5898 
3.1147 12.0506 15.308 10.3326 18.2082 8.5281 10.1696 8.7945 1.5615 3.6843 10.1632 16.9153 10.5375 11.8894 4.2092 
15.4665 7.1123 25.8098 26.8829 31.3998 16.567 22.6223 31.9391 22.1109 25.8766 29.2035 31.5321 10.9588 20.3668 22.8731 
22.0479 29.6386 9.9224 23.8258 21.8477 19.8191 12.4605 27.0855 21.8261 19.274 34.4209 9.6917 20.8973 10.0394 18.9458 
4.9089 13.4791 19.2183 10.3929 15.9167 13.9132 12.241 8.1637 5.4058 6.8323 6.7348 20.9359 14.3172 16.3145 7.5909 
17.9313 12.1993 14.9366 23.0831 28.9834 7.2451 12.3823 23.595 14.2064 17.9484 28.1278 15.9152 8.0315 7.5317 18.095 
19.6061 16.2584 21.9361 26.7068 28.0729 10.7333 14.8877 27.275 20.6463 22.2356 34.2223 17.5528 8.2503 9.2398 18.0452 
13.2276 16.1344 8.732 15.5299 19.2201 6.3328 2.8967 15.3402 9.3041 10.9848 20.6859 9.6306 7.4189 1.5608 10.2234 
12.2663 3.9875 23.6757 26.5524 27.8299 10.8004 19.0473 23.4246 14.7788 18.8958 22.6719 26.5211 10.9113 17.56 19.6218 
4.202 13.494 11.8837 10.9302 16.6271 8.2549 8.0892 8.9902 0.5327 3.0517 13.3556 15.1537 8.2975 10.4662 2.4499 
14.1236 17.5874 29.9139 23.7287 26.7776 21.5297 26.5184 15.185 16.0919 14.554 9.4258 30.1079 23.0134 28.3454 16.7129 
16.7551 18.2668 11.656 19.0955 23.4464 8.4612 6.4684 23.7858 12.5149 15.9469 24.3379 10.6223 9.1643 2.3577 11.8319 
17.5628 19.212 8.0245 17.0712 18.0464 11.0144 5.4573 19.2243 12.3343 15.6251 23.3126 7.3785 13.0973 3.2215 12.431 
12.2676 23.1284 24.6456 15.0102 18.8672 22.9242 18.1886 8.669 13.1371 11.8772 2.4317 28.1562 19.5627 27.6776 14.7858 
14.1305 20.0355 2.0743 12.9656 12.9056 11.7736 5.3032 14.9021 12.4333 11.1107 21.2673 3.1722 14.2256 6.9468 9.7302 
13.5366 6.4182 21.0341 22.0594 27.3842 7.1326 15.9245 26.1453 14.726 18.5531 22.4254 21.5296 5.2918 13.1907 17.8854 
19.9493 21.7065 8.6776 21.8827 20.6144 13.2468 8.4729 19.9093 15.4243 20.0132 28.1681 10.2762 16.079 6.2294 15.6983 
18.0379 23.5485 1.121 12.3547 10.3266 12.0164 6.2585 16.1752 13.6467 12.4121 21.6891 2.118 13.9327 8.4058 9.2038 
14.0724 8.7099 18.363 23.7033 30.6236 7.5235 11.919 22.1399 14.6254 16.6302 29.0132 20.1187 6.2612 11.085 16.4606 
13.3983 13.2713 8.1634 13.7029 18.4636 6.038 3.2666 19.2733 9.0343 11.4887 22.425 10.0829 7.256 1.0033 8.4306 
14.6102 21.9095 19.1678 7.7542 12.7422 18.6581 20.2492 4.9045 13.0307 9.7622 7.0851 22.5756 26.3592 20.7288 13.9847 
19.692 10.6501 26.2863 27.4566 35.0229 13.8878 16.3092 32.8404 18.5485 24.6185 29.8469 26.2587 9.5231 14.7182 19.5211 
26.8732 25.9702 10.4967 19.7957 17.3628 15.7948 12.3176 21.2924 20.2868 19.2791 27.5557 9.1143 21.0431 9.7546 19.9552 
23.2812 28.7667 16.3622 7.4369 3.5086 23.2031 17.0299 11.6405 15.6132 15.0527 17.1702 13.6757 28.2715 19.6934 13.6999 
17.8861 21.0733 38.8933 28.6782 38.4381 24.7686 26.1554 20.4135 23.3454 24.4652 15.4012 42.0326 27.1278 35.7446 24.4573 
4.8353 5.7493 18.6052 18.6406 24.0583 9.4144 13.1557 14.9231 8.3515 10.2181 16.5058 20.8476 8.8219 14.55 9.0748 
13.9353 12.2729 10.8459 18.4467 19.8997 4.8783 5.4309 20.9921 11.6851 13.2775 21.8469 13.7037 6.1636 2.8281 11.4607 
3.0634 11.9568 16.0128 13.3559 14.6833 6.0608 6.8959 9.9411 1.7665 4.8681 13.4686 16.6689 8.6529 11.5827 4.4127 
9.7822 18.97 21.8919 13.8844 17.1087 20.28 21.1922 9.5207 11.3695 12.4872 1.6719 24.0187 19.4933 20.5912 13.9556 
14.7543 22.365 18.1344 5.384 10.4698 19.9781 15.1232 3.3409 12.2499 11.169 7.2725 17.1107 24.1385 22.0133 12.2663 
4.0053 13.8076 17.1011 9.9923 17.0568 12.6451 13.626 8.2203 5.6756 5.936 6.0995 20.8533 15.1042 17.3156 7.1277 
8.3613 14.9943 10.7542 10.9455 13.1631 5.8818 3.2408 11.2196 3.877 4.5802 13.4857 11.4678 9.784 8.0454 3.3857 
14.8769 20.6651 11.6576 0.9445 5.9413 18.2647 13.3752 5.3765 11.0374 8.6845 11.3905 14.0321 20.9966 16.4955 9.4798 
17.4074 13.9771 14.3365 22.8459 23.5407 8.269 10.2303 25.1993 17.6114 15.218 29.9093 12.8994 10.2422 4.7602 16.7908 
2.4008 12.1173 19.6469 12.768 16.9818 12.3541 14.1908 10.2121 6.3089 7.3275 8.1093 19.501 12.5199 15.8079 9.0782 
14.625 4.9123 23.8186 28.5262 25.9964 10.2379 15.9103 25.9982 13.3168 18.6547 26.5338 24.3923 7.2558 16.1241 16.5681 
9.2049 2.9654 20.4513 18.8264 28.9316 6.14 13.6092 19.1722 10.7365 13.521 21.4024 23.9744 3.9192 13.3674 14.5332 
24.1091 12.9558 31.7535 35.7151 38.1557 16.2602 21.5999 37.1671 27.6297 30.5586 30.8207 36.0738 13.7741 20.2289 27.5223 
16.3054 24.032 9.177 5.4786 3.7383 19.1788 11.796 9.4608 14.2766 11.2421 14.3274 8.8192 22.86 15.9575 10.881 
15.9907 10.424 34.3311 24.6978 36.3326 19.4303 23.026 24.2942 16.0383 19.6214 21.7123 36.9995 16.6423 22.0046 20.2823 
12.3334 6.3737 19.7989 22.6702 25.7131 5.6239 9.8647 23.2707 11.665 16.5709 23.3709 21.8965 2.7311 10.7528 12.8681 
18.4268 24.3329 14.0052 3.8656 5.8645 21.4241 16.939 6.2964 12.4915 11.0069 10.7593 15.3154 21.4549 21.3932 11.444 
15.4727 8.2408 27.8122 24.9013 28.5654 11.5442 16.8785 30.0357 20.3722 17.9736 29.2095 25.2495 9.3971 17.2306 19.9757 
17.2411 25.7162 7.0891 5.7721 4.3066 15.7127 11.9826 9.1386 12.2583 9.9769 14.7118 7.1812 17.9489 14.1197 8.8642 
19.9363 11.6227 25.5115 32.186 37.1712 15.875 22.7795 32.8733 20.2149 26.5228 29.0945 32.7279 13.8188 20.7219 26.2577 
5.0407 12.8331 12.5919 9.1842 13.6061 8.7471 7.3382 9.0486 1.0647 2.0517 10.5827 13.3183 11.4766 13.3242 2.5688 
13.2932 16.7189 31.2736 25.4208 29.4918 23.7661 27.0697 22.099 16.716 21.5359 15.2952 36.9899 22.2171 27.5668 22.1908 
18.1388 9.2308 24.466 27.2761 29.7719 10.3908 18.0301 29.2487 17.5916 18.5655 28.2151 28.0612 8.9031 17.1253 22.7465 
18.3886 14.0165 14.3179 19.6703 25.6053 8.8354 10.1578 23.0178 17.2764 14.5445 28.8145 12.8287 9.0442 4.8328 15.5288 
16.2744 12.9749 23.3092 29.2153 35.0154 9.4499 15.2064 24.971 20.1437 23.4403 33.2118 22.9945 8.7461 12.6928 18.7101 
9.8397 20.4297 16.9533 8.0933 12.8994 18.0543 14.9567 4.6168 8.9217 6.9718 3.1632 22.8147 19.6628 20.7765 8.7569 
24.3063 27.2402 3.266 13.8888 13.5264 17.7819 10.1562 21.3612 19.0049 17.3633 26.5344 2.2425 20.3283 9.9994 14.7635 
21.305 22.1842 2.0858 14.6924 10.275 15.9281 9.3913 19.7435 17.6873 13.9467 24.2424 0.722 20.6291 10.5794 11.5265 
18.0548 22.8697 35.2221 28.1752 31.3187 27.4343 29.4115 25.8492 21.2102 23.4083 15.6155 34.1804 23.5878 33.8334 24.3463 
13.3442 8.6724 29.7764 24.1738 37.3801 16.8344 19.9262 25.8205 19.2776 18.2175 19.5908 29.9624 14.9869 25.389 20.439 
15.2983 22.7525 8.4257 5.3471 3.2609 17.6106 12.6885 8.991 11.7485 10.2889 16.2959 9.5483 20.3529 17.2263 11.5462 
12.5596 22.6564 4.9441 6.1263 6.8584 11.883 8.0714 10.7976 11.2851 9.4533 19.1495 6.2778 15.9787 11.836 8.6877 
14.7206 16.9917 5.8724 12.1737 16.6404 8.7301 2.7243 15.7595 11.3532 11.1679 18.807 7.151 9.4557 3.0642 7.9817 
22.4257 25.8295 8.2856 20.0017 20.4008 13.9171 10.9937 21.7707 20.5829 17.8798 32.5073 7.1271 15.966 8.871 18.1206 
15.4 16.0739 10.407 17.5064 24.7026 8.6873 8.3344 24.9158 17.0411 16.1023 26.218 11.7443 10.6154 3.5096 16.146 
10.5754 3.9729 22.2938 22.2025 24.9442 12.0725 17.3371 22.7448 12.9811 14.5341 17.4763 28.7555 9.8996 18.7566 15.4762 
10.0509 21.8234 14.5679 3.5938 8.7071 16.8929 11.4876 2.0192 7.2937 5.8187 7.7189 17.3003 15.1741 19.0377 6.8657 
4.6867 13.0584 14.3193 11.8106 17.9156 6.2995 7.8518 8.4793 0.5743 3.4681 13.2748 15.8204 10.0796 11.8264 2.8885 
7.5789 15.9675 11.284 5.7835 13.7952 10.3503 7.5345 5.5222 3.7002 0.7381 10.5662 12.1495 15.0138 14.3885 2.2461 
20.7319 27.0429 18.9863 10.2249 6.5917 23.961 19.278 11.517 19.0058 16.0614 17.0302 19.1929 31.6567 26.067 18.0953 
8.9402 17.4828 11.382 5.61 11.2167 12.627 10.0079 4.6887 5.7976 2.2794 9.392 12.9389 15.7906 15.7301 3.5842 
12.9257 12.3948 13.0579 16.1583 18.2126 3.7076 5.4406 20.2328 9.4757 13.5302 22.0402 13.4661 4.9821 3.8059 9.4136 
8.511 9.4529 14.3808 17.9004 18.0454 1.7806 5.4184 16.8213 7.7351 11.1518 18.9415 12.9254 4.5433 5.2777 9.0433 
15.1942 22.227 6.7607 6.9161 4.428 18.4757 10.4558 12.4043 12.3677 10.7331 17.4845 7.595 17.5997 12.8097 10.7338 
20.9504 15.6505 16.3592 22.1697 24.1756 8.777 11.3008 23.3631 16.7304 17.5584 31.6379 19.1905 7.398 9.7532 15.6501 
16.7065 5.5354 31.3717 23.903 31.0563 14.476 20.6072 22.8155 20.3561 19.422 26.5469 32.0297 11.7194 19.5077 21.7098 
24.3195 12.7738 32.0838 29.0668 35.0625 14.4281 21.2115 28.6637 24.463 26.4061 30.1357 28.119 13.9911 19.9583 21.9442 
14.7747 5.6025 27.21 25.4696 36.4777 13.811 20.3825 25.6787 17.811 21.584 22.5788 28.3757 10.7962 19.5088 20.3459 
12.0905 1.9608 21.0737 25.1428 25.6244 7.1796 14.2738 23.2361 11.6282 15.2309 19.3444 20.9075 5.6921 16.6133 13.5648 
24.377 25.8415 6.8266 20.7044 17.8902 15.9047 11.732 22.6226 17.1102 18.6337 25.281 6.2487 20.4559 9.5965 18.6145 
14.4511 16.3615 32.8091 20.6 34.397 19.1565 23.2359 21.9506 17.3642 19.2447 14.9785 29.3686 20.2916 30.8518 22.9185 
17.5943 20.0951 6.7685 18.0687 18.574 11.4316 6.7433 21.5991 15.7603 14.6218 23.7828 5.4862 15.427 6.082 13.6998 
13.0192 15.4814 31.787 25.9793 29.0346 22.9835 24.0144 18.7862 19.1138 17.7018 16.6346 29.5152 20.5597 27.4153 20.7863 
8.0225 2.7597 22.4424 21.2726 25.9946 5.921 10.7594 18.1631 10.8782 14.6812 21.7333 20.7226 5.3158 13.1125 10.9 
7.9727 8.2173 14.7582 18.3732 23.4351 1.0196 8.0053 18.8744 7.982 10.1425 18.5362 16.1737 2.2858 7.518 8.4062 
21.5446 15.3477 31.4154 35.6033 36.2233 13.8874 23.4349 32.6877 22.0942 23.7494 33.4356 28.8907 15.2247 17.7798 24.7308 
14.3833 5.7262 31.4262 27.0539 34.3398 12.7914 20.562 23.2577 20.8106 23.9484 26.8754 27.8087 13.558 18.8943 23.3576 
15.8608 10.2841 29.1517 31.8176 30.9579 13.0652 19.7843 25.8702 19.3912 21.9334 28.9888 29.7076 11.3194 16.6668 24.4144 
24.125 28.6165 19.8807 9.479 9.831 24.2285 20.6475 11.6459 17.344 14.6262 13.048 19.3713 29.7095 25.6398 19.7387 
10.1745 7.7828 15.7121 16.0565 20.4947 1.7532 8.669 19.7394 9.2209 12.7541 18.3971 17.3417 1.2311 8.5726 10.784 
6.6678 14.7601 15.3152 6.0987 11.1024 15.0348 12.9657 3.9011 4.9255 2.7864 7.8104 14.4161 14.3025 14.2971 5.961 
14.6207 3.817 23.544 23.4927 29.5091 13.1928 16.6861 26.9735 15.7824 19.5751 20.2407 24.4601 9.5404 17.963 20.477 
7.8231 13.6697 28.1026 21.0425 28.2289 18.5626 20.5433 16.8804 11.4491 12.9826 12.3053 31.2709 17.1756 20.5858 13.1216 
10.011 1.7449 25.372 24.7401 30.5637 8.5699 15.3856 23.2101 14.0864 14.4703 19.6944 21.9947 7.579 17.7017 14.4629 
19.2592 16.0043 25.4777 33.3982 32.2067 15.2343 20.8219 29.7668 19.4531 25.9664 29.6353 26.1468 12.5377 14.7979 21.1771 
21.923 21.8962 10.4718 18.037 18.5524 13.5866 9.9385 20.5812 19.5124 18.3364 26.2393 11.5578 13.13 6.4587 16.4898 
18.4892 27.9633 6.574 10.1897 6.6861 18.7632 12.3112 14.89 17.1437 14.3341 21.6032 6.6655 19.7187 17.151 13.7897 
16.7125 23.9068 18.2133 7.1538 11.2049 21.2582 18.9841 5.146 13.9395 12.7443 8.5775 22.2263 22.2274 23.167 13.5457 
7.3328 2.5285 18.0683 22.6303 29.2027 7.1347 13.5264 22.0568 9.7243 13.8083 18.3969 21.3524 5.2633 15.4453 11.3379 
22.2639 33.9938 16.5843 7.9921 4.0371 22.4249 18.1863 9.5781 15.4294 15.1757 16.6433 16.8148 29.5118 22.3627 14.2062 
13.5053 13.2717 10.1095 15.2746 18.1861 6.8383 5.1498 21.525 11.5222 14.3023 21.2733 11.208 9.0593 0.9991 10.42 
14.7835 17.7918 26.254 19.0793 24.5976 24.1663 23.1372 12.7356 16.4766 15.9169 9.1062 30.0846 19.9481 24.2102 15.5145 
21.6073 26.8642 6.2916 20.3503 16.9335 16.2765 10.2451 21.4244 19.7957 17.4757 31.2688 5.0868 19.8652 9.0724 16.3549 
10.2782 8.2273 16.2986 19.4026 22.8443 1.0159 6.4621 18.6709 7.6126 9.8575 20.2903 14.1785 1.5682 7.1015 9.109 
10.2517 15.3093 9.5745 13.7208 16.176 5.5256 1.5252 13.7131 7.3057 8.3634 15.9617 9.8891 7.4453 4.4259 6.1215 
15.046 16.0769 26.9742 19.9549 31.328 24.0605 25.656 14.9654 17.8118 15.9156 11.1692 34.2456 25.5731 26.2902 19.7376 
22.5878 18.9935 12.0548 20.4989 20.9643 13.8709 10.9725 25.2574 16.8597 19.0856 29.3804 12.8335 14.204 7.2408 17.117 
10.1796 18.8742 26.0527 15.8703 22.1869 22.0532 20.0278 12.6331 12.7813 14.9367 7.1812 28.6959 20.5972 28.6868 16.7901 
3.1008 11.0224 20.6235 11.6137 16.7 12.0983 13.352 8.7335 4.4231 5.1433 8.0372 19.521 12.3556 15.3072 7.307 
17.1766 12.1918 23.0608 23.7773 29.0484 12.1222 14.0035 27.4366 20.3587 18.7383 30.968 24.2483 10.9073 12.859 17.6347 
13.3042 26.7118 21.7348 8.7468 15.1139 23.84 20.7307 4.4095 12.1845 9.9109 4.9147 21.8688 21.6974 25.2367 14.1498 
21.7377 11.6688 34.3319 33.5142 39.2908 17.9402 21.2999 33.4473 24.4157 27.202 34.4864 31.6016 14.9225 23.6348 26.3966 
18.4379 16.2674 17.1822 22.6003 23.7542 8.1636 10.5992 27.7835 15.6913 17.8455 28.265 14.1588 9.8244 5.4967 17.2515 
6.608 9.946 12.9493 11.2908 17.7282 3.6775 4.5922 11.7202 3.6386 5.8135 14.3205 13.4923 7.0675 8.3911 4.2814 
16.1041 19.5669 4.37 15.7286 17.055 13.167 8.2023 21.0744 13.1045 14.5542 24.5489 4.8642 13.9742 7.0317 11.402 
14.1881 9.2661 16.9407 23.2664 27.2834 6.5552 12.8726 20.771 14.9867 17.9174 27.2544 18.3329 3.7124 9.4551 16.5086 
20.2341 27.6963 4.8678 11.5658 6.7711 20.1268 11.8833 13.3083 13.6566 12.7223 20.5972 5.3649 23.7694 13.3607 14.7798 
15.4468 11.4093 15.4948 25.1698 25.6124 6.4583 9.9645 22.8853 13.4293 15.7182 27.5913 19.6647 4.7617 7.4527 16.6623 
23.3642 14.8274 27.9669 25.9004 30.2884 12.7196 15.8572 33.3539 20.8683 21.8032 34.144 26.3871 12.4557 13.8865 19.3287 
14.9616 18.0156 6.0612 11.5172 14.7682 8.7341 3.1275 17.2356 11.0046 11.2284 19.3739 5.6593 13.3333 3.838 7.9652 
19.6875 13.5749 20.4052 26.2736 30.1868 10.1392 14.7281 26.4399 22.1608 21.2625 32.2527 25.3895 9.1584 12.7425 20.6763 
15.0181 23.274 7.1424 3.9479 7.2936 14.1515 7.8269 9.1325 8.3591 8.227 15.7503 9.2834 15.5097 13.7532 6.6768 
21.7749 14.5858 32.0276 37.4888 37.9935 17.667 21.2595 37.8574 23.2823 27.1642 37.3266 29.7093 14.1517 23.1672 27.1552 
6.3286 13.342 20.6466 14.2036 20.9853 16.0896 17.0751 8.4231 7.66 8.489 4.762 23.5327 14.6685 19.1142 10.1475 
12.5484 18.7067 20.9321 12.8374 19.4688 22.4252 22.7376 6.9691 12.7494 11.3339 1.3199 25.917 23.0313 23.6248 13.8265 
11.9574 10.185 31.1546 22.0742 34.8303 17.1717 25.4923 23.7376 15.2096 20.9923 19.6379 30.6001 19.0315 26.749 22.3374 
20.4388 19.4306 16.3809 20.0604 24.4625 10.735 9.7541 22.1441 16.9166 21.6185 30.5896 13.5056 12.3746 7.2795 15.7933 
20.1376 32.2091 16.6369 6.7832 3.9722 25.3261 16.7248 8.9699 16.8342 14.3604 14.0962 17.5529 26.3708 20.432 15.5942 
5.3515 8.6426 15.5179 13.5889 22.3862 3.5307 8.5775 16.3112 5.166 7.8395 14.7452 15.7337 4.8237 8.9966 7.8886 
13.5063 16.3852 7.812 17.5733 16.342 8.5574 4.4621 20.279 10.2971 12.0549 24.8292 8.8422 10.9038 1.2022 10.7709 
15.4688 19.4068 40.0167 29.1708 33.3816 28.2819 30.422 21.7203 23.014 25.6301 18.7745 41.4156 27.9905 32.9185 27.4142 
12.747 23.5181 23.6848 10.5305 16.8647 18.7473 18.1305 5.1146 12.9776 10.2298 3.3336 22.1452 22.1531 20.0378 10.781 
3.8654 7.6227 18.0054 15.7924 24.1699 8.866 14.2778 14.1779 7.4697 8.4572 15.4074 20.812 8.1733 15.7572 8.8022 
9.1573 1.2354 27.3226 21.863 24.6382 10.586 15.9948 22.3368 12.2116 13.7175 20.5683 25.4319 8.253 18.3677 15.7085 
12.0834 18.2246 24.1184 17.1371 24.1856 18.5358 21.1799 12.7015 13.7154 13.8271 9.0238 31.3669 20.0066 28.8229 15.6535 
8.2106 0.7681 25.9139 24.8744 31.6686 10.0901 14.2377 18.0903 11.9771 13.4021 17.7533 24.6886 7.4116 18.6302 14.4378 
8.9998 15.9875 12.1834 4.3414 11.6789 10.3189 7.0028 5.4033 5.1837 2.8401 11.8744 12.5439 15.3056 12.889 2.7854 
10.0895 16.6418 25.0072 19.355 26.191 21.0692 23.0622 14.3494 14.6258 13.7287 9.338 26.8231 18.0876 27.5418 14.6351 
14.9896 22.9025 5.5547 6.883 5.7198 15.3946 9.1059 11.4088 10.622 9.6842 17.9628 6.6484 16.1551 10.9525 8.6381 
8.6744 0.5497 22.7407 22.24 30.5283 9.5335 14.7811 21.3906 13.4787 14.4038 17.8123 26.7367 7.2697 16.1925 16.1014 
11.0612 21.4992 13.8608 2.6281 9.3312 13.5116 10.4426 2.9751 8.5646 4.6802 10.0908 14.1425 16.4912 15.1967 5.6708 
14.6679 27.4695 9.2223 4.0128 2.9767 16.5596 11.6718 8.887 13.2689 9.6037 15.7516 11.4487 22.2597 16.3665 9.5268 
11.9924 19.6789 15.3092 4.01 9.0118 17.6521 15.5076 0.4163 11.0639 6.9186 7.1725 19.1911 17.5282 21.2287 7.7691 
8.0352 14.8996 8.9912 6.8143 11.8879 10.1916 6.1777 8.847 3.9881 3.8467 12.4132 9.3872 13.3767 8.6501 2.0055 
1.8545 7.9755 20.2552 14.1563 18.2881 10.4049 11.2469 12.5462 6.0078 9.2933 13.5323 18.2095 10.7443 16.1184 7.7366 
11.3224 18.3425 7.353 6.2478 9.4987 10.7019 5.2705 9.8077 5.832 4.4316 14.4784 10.9113 14.5806 10.2414 3.1941 
3.3399 6.4245 22.8915 16.4655 25.3593 9.5902 13.2496 15.534 7.0886 9.8927 12.6946 23.7835 10.1793 14.9612 8.7644 
14.4286 5.6929 23.9307 25.7556 30.9191 8.7359 16.0805 28.9568 17.6502 20.135 25.2043 26.4277 6.8962 16.0357 16.0822 
29.5113 30.9244 14.2253 27.6643 24.7178 22.6009 14.5617 33.5337 22.1947 28.3341 32.1979 14.1728 20.8141 13.2466 24.4358 
3.3098 7.0165 17.4615 16.598 24.5623 8.5696 11.2955 15.6706 6.0329 8.9404 11.9977 24.0702 8.8074 16.5077 9.0304 
13.602 5.2944 24.3176 20.7551 27.1916 6.7189 11.9536 26.1924 13.0383 18.4577 25.8639 20.9522 5.0014 13.4114 14.2741 
19.371 20.6937 3.8816 16.3412 15.0509 11.9534 8.2802 19.3949 14.1019 13.9263 27.375 3.3372 15.9916 7.6279 14.0432 
16.232 22.5623 2.8539 8.1094 8.7642 13.9974 6.4019 13.1871 12.1961 9.0346 19.9507 4.4696 14.2804 8.5383 7.9531 
16.95 12.8741 12.0338 21.3367 23.1262 7.1246 7.9156 24.4155 11.7501 16.2345 26.2677 14.6634 6.775 4.4612 11.7454 
18.4612 27.1484 2.6838 15.4337 11.6993 14.6854 9.4613 19.9948 16.8082 13.3513 25.3955 1.99 19.4286 7.6558 15.0721 
25.9473 13.0319 31.099 28.34 37.6308 15.9902 20.5054 36.627 21.2496 26.2427 39.0096 32.763 14.3987 18.6675 28.6574 
2.9466 12.7298 14.1972 10.8949 15.7129 7.7548 7.9363 9.1107 1.3517 3.1666 10.0535 15.7443 8.954 11.8316 3.4687 
18.2383 7.4051 27.9696 30.8187 32.8298 14.4079 20.52 32.6478 22.294 22.5834 29.123 28.4441 12.749 18.1416 23.3788 
22.1348 28.6853 12.0346 22.2439 18.8876 16.2856 15.1931 29.6075 23.005 21.7591 31.1078 10.194 18.9562 12.8535 21.5102 
4.4834 14.2075 21.7062 12.7165 18.1307 14.9648 15.879 7.0014 6.7208 6.6746 6.3526 21.5622 13.2804 19.1004 8.6785 
16.5989 13.7863 16.5215 19.9666 29.3907 9.2451 11.1148 21.1061 15.0884 20.0516 24.7841 16.3129 6.9366 8.5444 16.7073 
21.4879 13.0838 18.3229 29.2524 31.2049 10.2832 12.8433 25.702 17.4004 19.9405 26.4054 17.6549 9.3042 10.6296 19.4103 
14.6821 16.7095 10.6122 15.3253 16.725 5.5311 2.9619 19.5121 10.4671 11.1425 25.0253 10.3592 8.515 1.4211 9.2275 
12.3766 4.1173 26.7044 23.7435 35.8239 12.4523 18.7834 22.1578 17.5217 18.1941 22.97 29.625 8.8139 17.7708 16.2653 
4.5061 13.3634 11.7723 11.4256 13.6406 7.1013 7.8486 9.7702 0.5852 3.1813 13.5711 13.8808 9.685 10.1744 2.1941 
13.0126 15.3957 28.425 19.1497 25.42 22.7765 24.6542 18.3035 14.4938 18.3364 10.1095 30.4612 23.533 27.064 15.9038 
14.5346 14.8781 11.7282 19.9903 20.6095 9.443 6.136 19.5699 15.6709 15.7654 23.7142 12.3831 9.3998 2.8053 12.5594 
17.1416 21.5319 7.1671 17.118 18.7413 10.7225 5.3896 21.2041 13.0922 15.6535 24.3219 7.2619 13.913 3.3739 11.7684 
11.409 18.9487 24.4172 14.8909 17.1994 21.5045 21.9705 8.8184 11.8116 13.1973 2.8425 23.4135 24.2308 28.6813 16.5114 
15.7234 22.7186 2.4848 12.1655 12.8394 13.4759 5.1995 16.7677 13.4995 11.4488 18.8115 3.1307 13.3118 7.0334 10.3097 
13.5529 7.1311 23.3182 22.4987 25.6378 8.4833 13.4589 21.9164 14.6486 18.873 24.8244 20.2564 4.8641 11.097 14.3376 
21.7024 19.4868 8.8598 17.5934 19.8089 11.503 8.4541 21.5783 17.9193 17.0534 32.1434 9.575 14.3032 6.0367 17.8242 
15.9455 22.3768 1.4839 13.5202 12.7179 14.9762 6.5313 17.2421 14.5478 13.3534 25.3908 2.408 17.0907 8.5425 9.7916 
16.2493 8.2984 21.2438 24.4792 31.413 8.345 14.1806 27.2692 15.0968 19.5361 28.5689 19.9149 5.2454 10.3032 14.8616 
14.1559 13.479 9.7385 17.1119 19.4245 6.3338 3.6727 19.9206 9.0852 11.8072 23.3779 9.4435 8.7965 1.1143 8.7392 
15.2116 27.6259 18.1498 8.9339 10.8292 21.4043 17.9294 4.0059 14.6503 12.4063 6.4036 23.4851 22.7486 26.4431 12.0527 
17.063 11.515 23.3383 28.8828 32.0212 14.6151 18.0274 27.8797 21.6231 21.7175 27.7181 24.1507 9.7647 16.023 23.7051 
21.66 23.1094 9.4179 22.988 18.9449 17.2311 12.81 23.5908 18.1392 23.3856 29.5617 9.4905 19.9318 10.0225 16.7378 
23.0673 33.832 15.8805 7.0353 3.8249 25.003 18.9152 11.8584 17.0443 16.7664 16.1678 13.9124 23.9157 24.6323 16.8929 
19.0498 19.8873 38.7407 26.4164 30.2875 28.4087 30.4033 22.1157 20.9752 21.2444 16.2298 34.3769 24.5336 29.4615 24.935 
4.8938 5.1033 18.653 15.7177 25.6115 8.0687 11.6402 16.3345 7.8303 9.297 16.4889 21.7436 7.5349 14.5367 12.0746 
11.7627 12.6691 10.9072 17.4388 21.4146 3.828 4.7514 19.8704 11.044 11.3389 22.0692 11.3861 6.3574 3.4303 8.7583 
3.9095 9.6761 16.3269 13.1553 18.7621 7.4013 7.4423 9.9286 1.9452 4.1043 14.9162 17.7542 8.9799 10.5285 4.5191 
12.2222 22.7458 25.2026 13.8732 17.443 17.5141 17.5992 7.6489 13.5309 10.9904 1.5575 23.8558 18.397 23.4862 11.4182 
13.7928 22.1726 16.4747 5.4462 9.5746 20.9172 17.2714 3.8021 12.7384 10.8253 8.2217 17.6698 25.1322 24.3953 11.6741 
4.1684 15.0881 21.2934 11.5953 15.3451 14.6943 13.0879 7.7846 6.8513 5.9273 6.2895 20.342 14.6891 15.8061 7.7187 
7.3618 13.4944 8.7564 9.9123 15.9942 6.1746 3.893 10.9104 4.4219 4.5181 16.1152 11.8623 10.4682 6.9162 2.6399 
16.0029 26.2185 13.1186 0.9029 5.2455 19.4128 13.6125 4.3335 11.5745 8.6474 12.8239 14.6145 17.747 16.1642 9.4899 
17.7334 17.9937 12.9115 24.0824 27.2646 9.4149 8.5364 24.1198 17.5178 16.2295 27.3795 13.3316 10.1698 6.1382 16.4489 
2.3202 11.6519 19.1992 14.8652 19.515 12.4175 12.6824 11.6925 5.563 6.4004 9.0767 20.8211 11.3168 16.5314 8.4744 
12.2157 4.7644 23.0974 27.1413 29.7613 8.4783 14.2103 23.9161 17.108 15.6886 27.2426 23.0114 6.2639 14.9132 17.5347 
10.6854 3.0625 21.1798 20.7358 25.1499 5.9126 11.4698 22.083 12.4848 13.4975 23.0265 20.9844 3.1932 14.1927 12.8338 
20.6052 12.4118 29.6121 29.4239 34.7542 16.1687 23.7578 30.9148 27.16 27.0287 38.0977 29.0656 16.0995 22.3463 28.3704 
16.2201 26.05 7.6811 5.4729 3.3304 17.7112 12.3401 9.8835 11.2039 10.356 16.6939 9.8199 18.8452 16.8135 10.6651 
14.5392 11.1842 31.2446 27.1323 29.7014 18.1168 26.7815 21.7178 17.6437 23.3436 19.6059 36.9338 17.046 23.842 18.3073 
11.2736 6.1195 19.7603 24.4236 26.0557 4.5729 10.4907 19.3289 11.5935 16.3148 23.0371 20.7199 2.658 11.2441 14.2724 
16.0392 26.2619 16.1154 3.3613 5.1944 21.4475 14.8319 6.519 12.9977 11.8329 11.8292 16.094 23.9713 18.7784 13.272 
18.6017 7.0021 26.6285 29.3978 34.8816 12.3732 20.1267 25.6511 17.5589 22.5522 25.8852 28.2592 9.15 17.8657 19.1483 
15.6041 20.5103 6.5123 4.666 3.9743 14.324 11.232 8.8858 12.6435 9.1558 18.8566 7.7327 20.1836 13.0178 8.2245 
18.3523 11.2097 30.4112 31.7327 39.2873 15.1897 20.6321 34.2538 22.6579 23.3099 29.1672 31.6423 13.7862 21.4365 27.0402 
4.8229 11.7564 15.5104 10.4018 13.3478 9.7296 8.9975 8.3578 1.1903 2.1605 10.9072 14.0684 9.4895 13.2711 2.3446 
14.9725 16.7674 30.3133 25.0475 33.4297 20.4712 26.1187 20.3358 17.6935 19.4459 13.6472 36.5185 24.5157 27.5018 20.3677 
16.8688 9.0272 26.8089 26.0125 36.9034 11.9238 17.5518 27.111 16.7386 24.0194 30.4264 29.2229 9.604 14.7324 19.1349 
15.6404 13.6115 12.0729 22.2651 21.4964 9.1082 8.054 25.7453 15.0587 17.8793 28.2549 14.1478 9.8324 4.4585 13.5254 
17.7322 11.1115 24.8001 29.7114 27.0346 12.2475 15.1223 27.0242 16.1776 22.892 33.8845 24.8929 9.1725 14.4074 20.9625 
9.5685 17.4684 19.7426 8.6593 15.5423 17.0007 17.1514 3.9352 8.3285 7.1075 2.8332 19.8072 19.3686 21.9223 10.7202 
21.4286 28.1317 3.2523 15.6449 12.1618 17.8118 10.0172 19.3449 18.3938 16.502 25.4847 2.087 19.3515 11.8827 14.4931 
22.0194 22.6214 1.8238 11.9273 11.4037 18.6374 8.7223 16.4249 13.6424 16.7562 21.3726 0.7199 21.1377 10.8663 11.957 
17.4793 17.8738 33.0493 30.5056 34.9005 26.4744 29.1607 22.5496 20.0236 20.6845 15.8253 35.8747 25.0202 34.3584 25.6575 
16.0589 7.678 27.5581 24.4759 30.9479 17.2132 19.777 26.3219 20.3 18.1403 22.9423 27.4474 13.0774 22.1925 21.9533 
18.7001 25.2701 6.9322 5.6099 2.9278 16.9597 11.1902 10.1661 11.6318 12.207 16.8826 8.7243 21.7673 14.0826 11.2407 
14.5494 19.6812 4.3839 6.8275 7.0635 15.3539 7.6637 10.9728 11.4463 7.8351 18.7253 6.0906 18.2874 10.7529 8.0074 
12.4046 17.9048 6.0182 14.6574 15.5727 9.3775 2.8395 15.2842 11.451 11.9663 24.3054 7.1172 11.9764 2.6695 8.9175 
19.2318 24.4258 9.5127 17.1846 16.5757 16.7005 10.2034 22.4402 17.1568 20.2908 29.7568 8.4158 15.0164 7.8249 15.6909 
17.156 18.3244 11.2714 21.7861 22.983 9.7376 8.4697 25.6809 14.0076 16.8261 25.9555 11.876 11.404 3.4733 16.1749 
8.8766 3.8076 22.1615 22.456 27.8265 12.2038 16.8524 22.5274 13.9396 16.3968 15.9488 28.7478 9.6761 17.9075 15.142 
9.0422 20.3394 12.9413 3.7534 8.9638 17.3638 10.608 2.208 7.1378 5.0423 9.4882 13.5318 18.5939 16.0362 6.7295 
3.986 12.9065 15.6485 9.9436 15.1399 7.8088 8.1913 9.3218 0.6128 3.5327 11.1633 15.204 9.105 12.5593 3.1778 
EOF