I 150
J 15
bounds (0, 100)
cv 1.5
D 100
k 5
t 3
FLR 0.4
FCR 10
λbounds (80, 120)

λ 
110.3257 119.304 110.5871 
89.0975 97.2278 97.7552 
83.9462 112.0638 87.5108 
116.7266 114.3692 96.4107 
85.2399 101.7241 81.9051 
83.0447 105.4359 101.4213 
90.996 84.2291 117.7705 
100.9571 104.399 98.6646 
107.0499 99.123 97.9445 
113.7385 110.8689 86.899 
97.1477 92.8084 113.4284 
97.3453 119.6434 90.5794 
103.7961 90.5319 119.2554 
117.5908 107.8775 98.4441 
111.586 110.8017 110.9511 
85.2985 85.7838 115.4691 
109.4967 108.8364 119.2422 
80.5218 108.2138 89.5373 
118.9041 118.0824 95.5065 
103.1725 118.1672 97.5183 
90.8073 87.639 105.6098 
104.5761 81.0045 104.6588 
84.3172 86.5081 99.0938 
112.2473 111.2887 98.578 
87.4108 118.9121 114.716 
99.7018 81.3854 99.2367 
108.1075 92.7291 98.2336 
81.2766 117.8674 83.7867 
106.8291 86.2969 109.2004 
86.2598 110.676 81.7285 
102.0358 85.0668 111.1181 
92.2272 89.1436 81.811 
98.537 107.1419 89.0607 
100.6723 86.4696 80.5609 
92.5499 103.9891 83.002 
113.4132 91.4581 85.394 
94.8345 116.1651 109.0128 
85.106 108.5019 94.5315 
80.8147 100.3138 86.8713 
86.9377 109.5711 82.5533 
110.6035 119.0239 87.438 
112.4443 85.8536 89.5742 
97.0236 108.9576 103.5072 
114.8459 82.9942 111.3693 
92.0967 85.6607 111.9865 
91.6998 82.6031 118.354 
99.0976 117.6075 87.0132 
89.8712 88.8652 117.2882 
112.4476 114.4941 99.874 
96.4002 102.0526 109.5709 
88.337 99.7413 93.079 
81.1503 84.0431 110.9238 
105.2654 113.5692 110.8941 
84.5753 103.2864 98.4171 
81.9403 112.9324 110.2915 
116.3542 116.7092 94.7131 
88.2219 101.5857 81.333 
102.4477 90.7056 80.7701 
92.3451 100.5375 100.4334 
97.8816 104.2634 110.0295 
109.6592 104.9254 83.5674 
117.3289 118.8833 103.5863 
105.4054 81.6017 93.8652 
93.8735 109.6262 98.9561 
95.7236 86.126 107.9558 
101.0447 85.3161 93.2286 
99.1198 89.7818 112.0739 
95.5309 118.1857 96.8619 
105.7302 89.6522 114.6962 
100.6366 102.5064 109.6755 
112.1081 94.9979 109.0857 
80.4041 89.7252 96.9099 
81.5036 104.3669 91.9741 
84.8067 82.8402 100.406 
112.5809 111.5593 88.6704 
81.3761 98.935 98.3468 
96.8431 94.2325 101.1051 
105.5705 92.2717 83.5615 
84.8208 96.9637 101.5227 
101.5298 97.711 81.3386 
106.6468 102.2662 103.7027 
89.506 94.3139 90.496 
86.3165 97.7602 92.4805 
94.5516 95.791 118.7714 
106.147 82.1108 110.7794 
86.967 111.6621 92.3013 
93.0288 117.7416 92.1873 
116.5606 87.6372 95.5869 
84.4084 105.8574 105.6804 
82.6201 80.2598 89.577 
98.4319 84.6218 119.5418 
97.1682 94.4069 86.6136 
114.4904 114.3597 100.2251 
89.5177 97.0244 88.969 
111.1342 86.6584 103.7805 
91.5112 97.8417 114.4089 
100.8065 119.0828 99.3291 
92.2126 80.5933 108.0875 
82.1676 95.6123 107.0255 
116.3231 119.0764 106.385 
82.1642 88.1714 110.0807 
93.3017 114.0323 114.2612 
119.3905 115.7729 97.3175 
103.8642 117.7251 96.9579 
100.8646 118.6506 107.6071 
108.7532 89.3722 105.961 
102.5849 119.3618 109.3441 
110.8804 101.4744 95.8034 
102.4516 82.4306 102.7969 
112.3913 96.1887 106.5866 
111.9994 111.8812 88.5395 
81.3038 107.4165 106.3715 
90.5438 85.9084 80.2453 
110.3666 88.7127 83.3434 
105.3228 110.0835 90.2953 
102.7703 113.5633 118.4174 
113.5039 114.6046 114.9125 
111.4369 81.7251 100.5951 
100.3226 97.1813 112.0268 
89.9381 82.4 91.3053 
82.3555 95.1602 97.3056 
93.8152 92.7831 116.5617 
86.0935 110.1498 111.1434 
94.3566 90.1744 80.661 
91.8824 84.3504 80.1727 
103.063 112.4848 114.4268 
99.1687 111.6649 100.9283 
107.2918 108.2435 109.0019 
88.2782 88.2167 106.0663 
115.566 100.0173 108.3126 
111.855 117.4304 87.7225 
81.5236 91.6182 118.9565 
90.3636 90.6708 88.2379 
92.235 100.8653 100.569 
89.8891 114.2677 115.2037 
95.6912 83.4832 111.4617 
102.8331 100.6368 108.5415 
117.8771 80.2626 96.7321 
107.599 117.3636 98.7666 
87.8933 104.5887 101.2705 
108.6072 85.6491 82.4201 
107.5682 97.5015 105.8242 
105.7337 98.1516 104.4832 
105.5421 108.2799 95.6507 
114.7783 105.6435 95.0597 
107.2506 81.5932 87.0414 
105.5949 93.1724 84.7066 
113.0804 111.6468 80.306 
86.9332 98.4464 96.286 
89.5837 84.9723 93.639 

Icoords
98.8228 37.7693
48.4117 21.2711
13.7191 11.9453
62.0218 71.2516
48.6309 70.0325
36.145 50.258
11.4961 24.2041
43.821 74.2178
31.938 93.336
99.342 15.7792
41.0597 81.1122
98.2485 91.4485
82.2972 99.2803
50.7001 83.2444
62.9662 52.3326
44.662 29.1718
70.3479 83.6735
83.2556 72.7523
10.4471 26.6301
52.1882 27.5891
53.9081 49.3792
44.9265 11.4799
16.6585 32.4464
53.6289 33.4473
9.7539 57.3955
95.2867 84.6393
59.6202 86.907
64.1861 49.2345
50.9659 96.3199
7.806 99.7683
43.041 69.5719
56.9362 0.9459
12.7373 46.5536
30.6972 98.6526
10.3649 97.892
21.6946 63.5297
47.1116 94.3563
69.113 77.2764
48.8114 22.815
50.0672 21.388
3.2709 96.3556
33.3386 87.0902
53.4 98.4566
6.3838 17.1472
11.8262 76.8901
29.2172 77.0044
95.0586 74.5627
84.4576 69.2208
50.4832 74.373
63.8681 34.2411
97.4569 16.0707
22.0215 55.4496
49.5784 43.1809
97.8598 37.916
13.0418 78.1431
72.9805 90.295
84.0832 32.8376
18.9976 72.0437
5.7478 82.151
88.307 72.6665
9.3353 41.6751
82.8789 7.0876
71.4624 47.7561
68.9486 0.6889
98.6796 51.4049
79.686 25.968
94.1032 36.5187
91.2184 52.2745
44.9663 8.7771
7.023 20.0066
73.811 50.3186
43.2409 93.055
93.0598 97.3365
13.8929 33.8853
98.8708 46.3943
20.2765 33.8243
21.448 75.782
80.7996 56.4115
64.8388 32.8815
43.208 42.878
38.3268 54.4912
81.6858 70.6147
37.4731 26.0639
89.6015 86.7529
64.1518 1.5374
26.9758 71.3778
48.5229 35.4317
51.6568 42.3702
89.078 63.4066
68.266 58.7471
25.0097 45.2261
29.3941 91.8331
6.1029 52.5359
31.2085 80.5277
98.7609 7.8894
6.2292 78.5467
7.2608 12.8583
82.8193 50.3962
35.0253 22.3193
8.7669 19.1242
74.6604 89.45
55.3762 85.8571
53.5482 95.9291
61.5877 18.0949
62.2223 97.6672
24.9146 97.9695
33.9644 81.5182
54.3816 97.6666
74.0665 12.3245
67.9733 68.7996
95.2951 34.1894
76.7404 7.8856
31.128 54.3897
89.4333 15.7472
98.3989 65.0045
21.2499 79.0824
63.3291 69.4699
58.643 93.5153
32.8118 50.0918
15.8116 33.0009
11.0086 0.9445
11.4182 80.1781
75.0034 66.0934
37.7704 45.5109
15.1639 64.0148
41.1963 18.4714
79.7912 29.3561
90.3457 63.7312
90.4459 6.4114
3.5432 96.0303
29.0175 2.8048
21.5895 84.996
78.2808 87.1391
95.8825 21.1451
7.0709 87.5279
84.3224 24.3567
46.4171 38.4082
8.8976 72.1784
56.7967 31.2585
79.1369 14.237
54.1047 38.9947
51.8108 13.6803
71.5205 0.8927
96.6214 91.7176
44.3848 45.5988
73.4648 90.3835
72.8199 55.7747
54.4948 89.5608
70.3548 95.8437
15.5549 42.8403

Jcoords
38.7178 51.915
68.1741 29.5034
37.3094 7.4111
88.3245 43.6761
74.0083 79.8245
82.0249 44.5123
74.3509 94.861
50.9495 41.1151
11.3338 62.3917
84.4029 95.4783
12.4046 75.417
85.17 72.0909
4.468 86.8091
23.1266 0.6726
41.4704 28.5706

C
19.7282 10.2596 22.1979 3.7089 17.5252 5.4827 19.2185 14.4978 34.7555 18.993 29.5325 14.6863 41.4079 25.5337 22.723 
12.7341 8.1181 6.6505 17.9195 20.168 15.4554 25.4526 7.9222 17.6736 31.0187 21.933 22.6796 25.3685 11.5125 3.6253 
15.8214 17.2563 7.2403 30.4672 32.974 28.5739 36.907 16.814 18.6355 37.5439 20.055 33.3702 26.9447 5.6704 11.507 
11.4162 16.5547 21.3722 13.5437 5.7311 12.4256 8.7309 10.29 17.7165 11.4977 16.8993 8.1188 18.7622 27.2706 14.2208 
8.1246 17.836 20.701 15.3567 9.689 15.1346 13.1484 9.8229 14.0523 17.5596 11.0679 12.2527 18.5756 25.407 14.2595 
0.9842 15.2662 16.5621 19.8328 15.1133 14.9673 20.7784 6.4102 10.9234 23.795 11.7369 18.5365 14.7714 20.004 8.4034 
15.165 18.8081 9.4417 25.727 31.7628 23.2954 37.222 12.899 14.2135 36.4907 15.5814 32.7664 24.7772 9.5913 11.1439 
8.4401 17.1689 24.9363 17.2398 9.8221 18.8735 11.6016 10.4056 10.9284 16.2043 10.2649 15.8369 13.2756 30.2626 16.3542 
12.8519 26.0939 27.2139 24.4946 16.6142 26.2718 15.5926 17.6781 13.8594 16.1937 9.0417 18.7764 10.0939 28.4178 20.4245 
24.4337 11.47 19.1226 10.4198 21.6126 11.0608 29.6581 21.1776 30.7434 27.7967 38.0274 20.6663 36.5981 23.5348 20.495 
8.8664 18.5504 29.1275 19.6017 12.8103 20.5122 11.2306 13.1928 13.2298 13.8173 8.7997 13.9032 13.2095 30.7406 17.8016 
26.6696 22.7512 41.1179 18.8046 8.7962 18.3746 7.4568 22.6826 27.9603 4.7846 26.6787 7.679 28.8446 43.302 26.873 
23.3188 28.192 36.5697 18.3674 7.2537 17.7944 2.8423 22.0623 29.4481 1.5572 25.3689 10.0395 26.1216 41.7444 27.2629 
12.8569 20.8467 25.4506 19.4488 9.0226 18.187 7.9286 13.4774 14.2287 12.1511 14.3372 14.4846 16.2895 30.7301 19.3567 
7.894 7.5469 18.5822 8.3467 11.2048 7.9457 16.2676 6.2484 20.7256 14.5978 18.3866 11.33 26.8145 21.8285 12.5541 
9.2971 8.1336 7.2629 14.8332 18.0888 14.9967 24.8051 5.0763 18.7897 29.0663 20.3039 19.9299 27.8403 11.3449 1.2218 
13.9174 16.2641 30.3522 14.2298 1.917 14.8258 3.8035 17.5017 24.0335 5.5688 20.3738 7.2441 22.7411 37.6626 20.4488 
19.1374 13.9882 29.8904 9.6306 3.9477 9.687 9.1716 14.361 28.339 8.1645 23.8795 0.6261 31.1323 29.3615 24.2212 
14.2914 17.6401 11.8609 28.5003 31.819 29.4816 34.084 16.1219 10.8391 40.3057 18.2268 28.7411 23.1802 11.3157 10.2919 
10.116 5.912 7.5287 12.63 19.2699 13.0862 25.1371 4.9481 19.9754 29.4041 19.3664 21.0155 30.0566 15.4723 3.2611 
5.2624 9.3312 14.8798 13.2845 14.5052 10.3468 16.7446 3.3882 14.286 17.339 16.9621 13.2307 21.2015 19.5325 7.7867 
13.8109 10.0308 2.8774 18.74 22.6241 16.1438 35.1826 10.1217 20.3543 29.4865 21.8212 25.2386 26.3104 9.1171 6.0958 
11.4303 18.1269 12.5984 23.5829 25.5079 23.8563 25.7787 11.1945 11.436 35.0884 17.0132 27.5222 21.4884 12.1012 9.6735 
8.4334 5.9498 9.9743 11.4918 19.7766 9.1762 24.3512 2.7811 18.2607 22.2 23.5141 16.6854 27.0486 14.7615 4.1789 
11.2193 22.6839 19.2291 24.9328 21.3425 29.1586 27.5926 14.7948 1.6899 27.8306 6.512 29.4199 9.9128 17.5591 12.9474 
22.638 24.4107 37.7295 15.7144 7.2692 15.379 7.0476 24.5849 32.3519 5.2548 29.4546 6.2605 31.5958 37.9304 26.4859 
13.5281 19.4425 29.361 19.3145 5.9561 18.2165 6.673 17.1089 17.0962 9.6134 15.4965 9.8558 19.4963 31.219 22.2751 
8.6149 7.7984 18.7275 9.3903 12.6874 5.8921 15.1033 5.216 16.4703 19.229 18.7941 10.4937 27.8836 19.1989 10.797 
18.2963 26.5362 35.8906 22.4127 10.4114 23.4067 7.1041 16.981 20.5867 11.8605 13.8473 16.3767 17.9259 30.7615 24.765 
20.2297 28.8376 33.4786 34.6792 22.5608 34.1988 24.962 26.7365 11.2741 26.5977 8.1879 25.8165 5.306 31.7364 30.7539 
6.9751 18.7444 19.7698 19.8592 9.9884 14.7234 14.0745 9.7791 10.7706 16.2814 11.7707 15.3075 16.0674 23.3017 15.4565 
19.2964 12.2327 8.1996 19.384 32.0641 15.1727 29.9825 15.2989 26.292 30.7434 33.6407 26.4225 32.3007 11.5024 10.4888 
8.8603 20.8915 18.3755 23.2297 24.3189 26.0912 25.9151 12.7911 5.6811 31.9152 10.2039 25.6905 13.7549 17.7727 10.4842 
14.5297 30.163 36.5374 29.2855 16.2176 22.4333 17.2862 21.5566 14.0175 17.8829 10.2852 21.6416 10.6454 37.648 27.965 
20.3588 28.3958 36.2242 36.5684 22.6923 28.174 19.8066 24.8594 13.829 24.5196 7.8331 30.5599 4.3198 38.1624 29.9742 
6.6049 20.8754 18.8965 24.3337 17.9227 23.5694 21.6047 12.2062 3.5449 24.8786 5.656 22.9107 9.942 18.8809 12.415 
14.6317 21.8268 34.4559 22.2945 11.7944 23.4901 8.6854 19.8411 14.6953 14.677 13.3995 16.6539 15.482 38.6628 21.2409 
14.6865 17.9135 30.6824 12.6565 1.9713 12.2131 7.3044 14.5356 17.9474 8.3082 19.7508 6.2702 23.1776 31.7807 21.9645 
11.0698 7.7291 7.461 17.3232 22.3202 13.933 24.1852 6.1612 20.8648 30.6979 22.4862 21.6537 23.6449 11.4282 3.2052 
11.9005 7.0163 7.5355 13.7743 21.4144 15.3999 24.1741 7.0575 19.7645 28.4992 20.4826 19.9806 30.598 11.1502 3.7394 
20.9932 31.3814 33.8561 34.626 26.2824 33.1417 23.0634 27.853 13.7083 31.4729 8.2947 26.2575 3.378 31.0754 24.8673 
10.8247 26.4099 30.547 27.3299 13.1501 25.5284 15.6825 19.3238 11.108 17.6877 9.4149 20.7469 9.5249 26.8801 20.9032 
16.9198 21.8042 31.9622 23.9726 10.6879 20.5923 6.9107 19.2384 17.9084 9.7112 16.1346 13.1783 16.3171 33.1963 24.5091 
17.4154 19.4397 10.4918 27.2596 27.8455 27.116 31.1791 16.9112 14.196 42.5864 18.4878 35.405 23.8194 9.2359 11.3466 
11.7441 25.2532 22.2533 26.7873 24.8383 25.0935 20.8765 20.6914 4.7162 27.2631 0.5868 27.2099 3.878 26.3359 17.7547 
9.972 19.4251 26.7918 21.9718 14.4692 24.082 16.9202 14.2735 8.4941 21.0843 5.838 22.1808 8.6171 25.6601 19.869 
21.0828 19.2933 27.6067 10.6976 7.8785 11.9163 9.7372 19.6959 30.2547 7.6547 25.6737 3.8876 33.7137 38.2064 24.5399 
19.1215 13.5431 24.7522 9.1148 5.5246 9.1491 8.9956 15.8057 28.9288 7.9035 26.9533 1.1651 32.4326 31.1629 17.9089 
8.8026 17.45 22.3845 18.1262 8.8384 13.7383 10.6192 11.6314 14.8005 13.6109 14.0525 13.2303 18.237 30.2506 15.6474 
11.0139 2.5455 11.386 8.2782 17.3668 6.519 21.0028 4.7179 21.1942 23.394 26.2448 14.0374 31.5934 19.0939 7.3495 
20.7468 10.973 19.4031 10.3804 23.1571 11.6523 26.1187 19.6762 36.1529 25.5744 34.2245 22.0403 35.2146 23.0306 19.1312 
6.5193 21.0407 15.4867 25.2189 18.2243 22.6708 25.0316 11.3513 4.5548 22.6139 8.8296 23.8557 13.7032 19.6196 12.9259 
4.5797 8.3034 11.9383 12.8996 17.3256 12.2621 19.136 0.8772 15.0608 21.0359 19.2241 15.5169 23.9604 19.0703 6.4999 
18.476 10.1913 22.6657 4.3836 18.7819 5.8306 22.5604 15.1167 31.3645 21.9669 34.0344 14.1226 39.2886 29.35 22.0289 
11.0478 26.3648 26.9056 25.2119 21.2793 25.8475 22.8517 19.8505 6.0634 25.152 1.0921 24.9065 4.6312 30.3278 21.8753 
19.5762 22.0996 35.9131 16.3041 3.8895 17.3883 1.7677 16.8619 20.5913 4.3827 19.2493 7.2911 22.9882 35.5252 24.8102 
19.6263 5.2064 17.0096 4.332 16.3146 4.4681 25.0501 13.0529 24.7113 20.0641 27.2875 13.0174 37.8006 22.9029 14.7193 
10.5502 24.1301 26.6557 28.8838 19.1454 26.789 21.5299 14.7904 4.3814 25.3521 2.7965 25.2382 8.1163 25.5721 18.5671 
13.6219 30.893 24.4528 34.946 26.4526 29.0898 24.5313 22.3566 7.1745 24.4514 3.1257 31.2462 1.74 28.0925 23.331 
19.7876 16.503 32.3161 9.3871 5.7949 9.805 9.3125 17.6182 28.3832 8.1419 24.7984 1.1405 33.4823 30.7762 19.8774 
12.02 21.7867 13.3496 31.1791 27.1588 27.8104 26.1908 16.3808 6.6622 30.2841 12.0753 32.1598 15.8295 14.7343 12.9239 
20.6209 9.4876 15.8403 14.423 24.9138 11.2752 28.6078 17.7083 30.0764 31.0739 38.7343 25.5557 36.8448 23.6116 15.1425 
11.5692 5.8347 16.6085 5.2688 11.4812 4.2982 18.1223 6.6408 20.2052 18.3245 24.0968 10.5128 27.6374 25.0679 12.1586 
22.3292 9.8149 9.9074 14.5559 27.9364 15.8784 31.4203 15.7891 25.613 33.4511 32.9577 23.8043 40.4303 15.5566 12.6051 
19.5902 14.5069 25.9981 4.6039 13.9774 5.7462 18.1382 16.1812 33.8579 18.1467 34.2724 8.7536 36.4735 33.2898 24.3681 
17.5208 3.9668 15.7243 7.5698 18.8189 6.955 25.7188 10.4242 28.6105 25.994 28.5648 16.3264 37.2464 24.6718 12.1424 
20.0625 9.0362 19.3561 3.0688 15.0432 5.7356 19.7783 16.7906 29.7013 23.0703 34.3666 13.0679 36.7436 27.7348 19.6843 
20.6017 11.7893 23.3689 2.7262 10.8561 4.3556 16.7602 13.0792 27.6434 16.673 26.9259 7.3303 28.1702 32.8927 18.6315 
17.4004 11.2887 3.1041 18.5899 24.308 16.0622 32.5003 12.6976 20.5694 36.4708 23.5489 27.2549 27.0955 7.063 7.5193 
17.1982 20.4836 10.4701 25.4962 30.2289 24.8074 35.006 15.4198 14.2084 39.8963 19.6408 34.1657 22.5222 8.7514 13.8363 
13.6548 6.78 20.9334 5.3135 11.2627 3.4422 14.7981 7.9331 20.5662 17.0837 22.8931 8.0916 31.1004 26.1231 13.2274 
12.8096 22.4942 27.1283 21.5704 13.0114 22.393 10.1184 20.7777 15.5194 15.5821 12.0108 16.9605 12.4573 34.4529 22.3136 
22.6427 27.89 36.9788 17.0064 9.3417 17.4143 7.1789 22.1126 29.2071 2.7341 29.2198 8.5538 31.261 39.8968 33.0885 
9.7199 16.3482 12.4093 29.5937 29.1589 22.8037 29.1005 13.758 8.7122 33.1614 14.5995 30.1244 17.9708 10.4417 9.2989 
24.12 12.4101 26.261 3.826 15.8316 5.2344 17.24 17.5441 29.1432 18.2428 29.6058 10.8592 34.5346 34.6818 19.4857 
9.8709 18.3952 9.7052 23.1575 21.9555 19.7838 27.1951 10.5554 9.142 31.8467 13.9693 23.4521 21.719 11.6625 8.6687 
11.3685 23.294 23.9968 26.0905 19.9265 23.1715 19.5709 17.8532 6.5479 22.9951 2.9352 23.2656 6.1974 29.6306 17.7127 
12.9969 9.7342 19.976 4.4555 9.0711 4.5779 12.2652 11.3101 23.378 14.8495 26.2082 5.0166 26.5464 29.3313 17.8144 
10.1259 1.6421 13.2917 8.4729 15.1383 6.8771 19.3007 5.2653 20.7385 23.5049 26.6559 15.1184 28.9718 18.5294 8.0579 
3.331 10.6268 14.0257 16.7002 18.9518 11.9895 21.7971 3.0211 13.6972 25.4486 16.4306 17.3277 18.6202 15.7511 5.543 
0.826 14.8231 14.9985 19.3004 16.9308 14.2941 21.2528 5.5414 9.7511 23.4462 12.986 18.7551 18.1938 19.1036 8.8619 
18.5803 16.0463 29.8018 10.3293 4.0407 8.7189 9.8058 13.9352 25.7754 9.0367 25.1191 1.226 28.8056 35.9954 23.1559 
9.9564 10.0897 6.9764 19.5026 24.6936 16.7518 25.3298 7.2791 13.959 27.8434 17.4423 21.8138 23.429 10.3328 1.4339 
20.1651 23.4549 32.4602 15.0404 5.5967 13.3422 6.8345 18.1691 28.5588 3.2969 28.5025 5.7807 32.5891 43.4279 26.3229 
18.437 8.753 8.4054 15.7204 30.2917 14.1864 32.7545 14.7611 31.6192 29.0795 28.467 27.7023 34.2956 12.6878 14.0764 
8.1921 21.6586 22.6203 26.6896 15.3246 22.1008 20.0611 14.4432 5.7095 24.0336 5.761 23.2038 8.1896 26.4758 15.9085 
7.5777 7.4981 11.3451 12.9703 16.8972 11.4268 25.1745 2.3693 15.4428 26.6719 21.343 18.8266 21.1768 12.9576 3.1397 
5.1677 6.9198 13.8949 12.684 14.5854 10.0342 22.0283 0.4331 15.2123 21.2008 18.8363 16.5691 21.9285 19.7447 5.6464 
17.3095 12.857 26.1874 6.5454 8.9031 6.5747 11.9233 17.0307 27.5549 12.9027 30.3992 3.5797 31.6823 33.3143 20.0926 
9.7534 11.5688 20.3402 9.1827 7.1413 7.5309 12.3712 7.9552 19.0828 14.2064 23.1025 6.8076 27.4954 23.2284 15.4927 
4.7178 15.1827 12.3948 19.8108 23.6211 20.681 23.8026 8.2441 8.4871 29.3617 13.0278 24.1802 15.8898 16.3568 8.8025 
15.9297 28.9819 33.2301 29.8558 18.065 26.5764 17.5999 20.324 11.4947 21.1752 9.3436 20.9569 7.8647 34.6223 20.8736 
10.3962 21.6761 19.4823 24.8589 26.1704 27.3543 27.6738 14.2536 4.3493 33.4616 7.5566 32.2132 10.3142 16.998 14.6281 
11.46 20.4333 29.2529 25.7548 15.9322 20.6599 16.2523 13.9911 8.591 21.7927 6.4655 21.4044 9.2459 29.288 18.6316 
24.3391 12.3819 19.493 13.6883 29.593 14.0366 32.3299 19.5104 36.9239 26.6984 41.9201 21.4591 41.9544 26.8126 22.9871 
15.4635 29.099 30.7255 32.8681 22.3643 24.9924 22.8076 19.6358 6.3635 31.5866 2.5754 31.1035 3.1629 30.6632 19.5013 
15.9676 24.343 12.1817 32.6256 34.5202 25.9074 41.8081 16.5612 15.3923 42.4335 24.2229 39.0693 26.5229 6.5478 14.1246 
17.4216 8.2616 22.7116 2.8425 10.5428 2.1125 15.521 10.7382 23.6011 17.9131 24.1222 7.0942 28.3908 29.1336 15.0366 
11.098 13.4316 5.8217 21.6469 27.2265 15.7643 25.2827 8.1639 18.2344 33.7783 19.906 25.032 26.4685 9.1889 2.9217 
13.5008 18.2308 11.9337 32.8294 27.4198 29.1755 33.1216 18.0816 17.1207 33.8544 19.3092 35.0486 20.7804 7.1943 10.7091 
15.7101 19.0718 30.2875 15.1956 3.3767 18.1739 2.079 19.9683 26.5544 4.1187 20.1026 7.7863 27.577 39.9414 27.583 
14.5718 20.6363 31.0084 18.5568 7.2834 19.6608 8.107 14.4998 16.5031 11.9414 16.5743 13.0921 18.5847 34.3845 19.8308 
16.0051 20.6635 29.0684 19.9099 8.7539 22.2467 6.2907 17.0224 17.3229 12.1334 15.6493 12.0544 18.2758 36.6587 24.2936 
15.1222 4.8254 8.3315 11.4785 19.7842 11.8603 28.6377 9.4413 22.8838 26.0505 25.1364 21.518 30.6219 14.5247 7.0312 
17.0204 20.8554 33.8664 23.6041 7.2662 18.197 4.4605 17.6396 21.5727 7.0654 19.2599 11.257 17.7767 35.9746 25.5323 
15.5149 27.3252 35.8024 28.9586 16.22 24.3751 17.3468 21.042 11.5921 18.7493 9.2044 22.0144 8.8192 31.7631 21.8605 
10.7367 19.2061 22.7221 21.427 13.9277 24.014 15.6396 16.1463 11.1381 18.5161 6.8878 19.1916 9.9611 25.5718 18.471 
16.3839 23.6452 35.4013 23.7302 8.3446 19.8251 6.7836 18.4641 17.4644 9.3463 15.9583 15.0536 18.716 35.3714 23.0909 
16.1188 5.8734 14.2106 12.6124 24.327 11.9167 27.6664 12.7273 26.1898 27.1408 32.968 21.8658 40.552 18.7597 12.7762 
13.3188 12.8343 21.8214 12.1181 4.3776 10.9992 9.9138 11.167 20.5431 10.0481 17.001 6.4467 25.8692 26.1898 19.2553 
23.0575 9.0522 22.4823 3.9826 19.1653 5.4304 21.6624 14.807 28.6794 19.6397 34.7165 14.2407 37.4003 25.646 19.9476 
22.2693 7.3155 13.6284 15.0135 24.4985 11.4867 29.0259 12.6823 26.1978 29.8073 36.0961 22.9237 36.246 16.5428 12.6345 
3.0567 15.6469 15.2196 18.0276 19.0202 18.5973 21.4587 9.4708 7.5666 23.0499 11.096 18.8116 15.2532 18.134 9.0561 
19.1732 9.3032 18.0529 10.7415 24.0761 11.1033 30.0973 15.2106 30.902 25.9961 34.2977 20.2909 39.1887 23.1672 17.054 
23.0346 15.9876 31.8956 7.1094 10.0975 9.5138 12.5247 17.3875 34.2407 12.2769 33.9993 5.7403 33.6053 34.7255 24.643 
11.2948 21.7421 22.2769 27.3804 20.4828 26.821 18.7514 17.9944 7.4686 22.8755 3.4478 23.5664 5.8899 29.3337 18.7656 
10.2542 14.6785 22.9199 13.6559 4.6782 10.1035 8.9351 10.6803 18.5551 12.4056 20.498 7.8443 19.329 26.6299 17.905 
14.8064 21.2662 28.2357 18.0811 7.6742 17.0434 6.0113 21.1054 17.2209 9.5407 17.8805 11.5627 19.4663 33.3898 25.9168 
2.4569 13.2332 15.7462 17.385 15.836 17.7114 21.8149 7.8602 9.482 23.3283 11.7932 18.9004 17.3386 15.1984 8.3419 
11.1575 16.2108 12.1219 24.3704 22.6549 21.7951 26.3594 12.5606 11.2022 30.1629 14.6637 27.9928 18.5539 10.822 8.5484 
19.8355 24.7941 8.9378 28.7189 34.8683 31.8432 35.1964 20.1779 21.9308 36.0716 23.8056 36.6581 26.9965 4.7381 15.4295 
14.8259 30.3585 24.4065 33.6856 23.1775 29.8615 22.1139 18.9235 5.8376 22.9828 1.8642 29.403 3.6099 30.4978 20.4302 
13.3857 13.8763 27.8843 9.9039 5.025 7.7003 10.1346 13.8015 19.4074 9.5208 21.6323 4.6259 27.0974 28.5212 17.0797 
1.9713 10.7341 12.1662 15.4241 15.0367 16.4802 18.6807 4.1957 12.2768 20.6272 13.133 19.2159 20.4677 18.2497 6.7729 
9.8664 22.955 23.2125 29.4856 23.3732 23.1786 20.3031 15.384 1.6044 27.1584 3.7306 25.8697 8.6565 24.1446 17.4617 
11.6971 9.0499 4.449 20.4961 22.3687 16.5715 29.6456 9.0804 16.9848 28.3531 24.701 25.2277 26.5642 7.6928 3.8553 
15.9608 4.5798 17.5529 5.2676 17.2106 5.3191 26.2724 9.8455 25.2739 25.5255 31.4744 14.2138 36.965 22.305 13.0855 
17.2712 13.935 28.1905 7.7684 7.5357 6.8483 11.7735 14.9498 29.0806 11.4369 24.8416 3.7972 32.6975 30.535 21.1753 
22.3147 9.9744 20.897 14.0305 25.4731 13.2318 32.2928 16.4618 37.322 28.6741 39.4819 20.1429 39.1979 26.3903 18.0725 
17.1973 36.5908 30.3944 36.1905 24.6197 29.1028 23.0511 28.1336 13.3558 28.2045 8.423 26.7954 3.1287 37.3621 29.2613 
19.6231 18.0518 3.7505 21.6511 32.9853 23.4721 39.896 16.916 18.6529 35.2822 29.2963 34.942 29.336 2.1106 9.6698 
11.9841 25.3009 28.134 29.8738 16.3393 24.5649 21.4434 17.6871 8.1193 25.4155 5.1691 21.1564 5.6731 26.6338 19.4612 
18.005 20.2579 29.4644 17.8344 3.2444 15.5588 2.9918 18.6169 27.7076 3.206 24.9177 6.0342 23.4063 30.7884 27.1791 
23.7282 9.461 18.0666 9.2493 19.1629 8.4653 29.5435 17.7507 30.9877 27.7391 30.05 18.1273 34.6103 26.7483 17.4909 
16.7559 29.998 30.2714 31.919 20.4631 30.8347 25.8803 22.9105 8.8239 26.4081 4.8117 27.3938 0.9486 29.4658 25.1261 
16.6301 6.0184 15.5918 7.7064 17.1061 7.7351 22.2874 12.8016 30.5431 27.1898 27.4127 18.0607 35.1368 24.3184 13.3094 
5.684 7.2149 11.9957 15.0111 16.8903 12.5072 24.9865 1.7406 12.8428 22.7811 19.7539 20.004 24.2685 14.7889 3.4851 
14.1906 23.8987 27.3423 29.4507 25.1284 28.5691 23.2131 20.3164 3.3978 25.5862 1.7753 27.3056 5.4206 25.977 17.5101 
10.3242 3.7426 11.6135 11.9784 15.5453 9.7177 25.5608 4.5842 19.9852 27.1639 24.2758 17.383 29.0078 15.7935 5.4103 
20.4672 5.7023 16.6048 10.4299 19.9929 10.6931 28.995 12.962 28.5333 31.5715 28.3096 22.2375 32.9245 17.8421 15.4758 
6.1201 5.5548 14.3051 10.5135 13.7267 11.0397 23.0497 1.2526 16.5855 22.4594 16.6986 15.0746 27.2442 18.4197 5.0924 
12.9326 8.4335 6.3068 15.5609 24.3426 15.7348 32.993 10.5237 21.8755 29.2949 26.9088 22.5675 34.3846 11.959 6.9904 
22.1459 8.7396 13.0043 17.5035 29.5352 15.7482 29.2844 16.8648 26.7529 36.7707 30.5062 26.0546 34.0795 19.2755 13.5146 
25.4989 25.462 35.7069 15.6301 9.3819 15.0109 8.6344 23.6875 34.912 3.8378 31.1381 8.0963 29.3002 38.5539 29.3944 
2.6722 10.9491 13.065 16.9286 17.4362 14.2113 19.7487 2.4462 14.0245 24.8312 17.0614 18.9478 20.0346 18.7476 5.5248 
15.624 21.7978 28.4827 14.9591 3.9638 15.2215 1.372 18.7697 25.2888 4.2824 19.8913 7.121 25.7703 31.3338 27.653 
10.8107 8.5773 23.3461 6.8085 8.6516 5.0342 11.8562 7.9803 24.1304 14.3804 22.6796 7.2767 26.7165 25.9033 12.7469 
14.9558 24.0038 25.3127 22.2329 7.1289 16.8256 7.1272 16.6565 16.1059 9.5366 16.518 11.6176 16.9597 32.9441 21.0171 
19.8189 23.5702 28.8691 19.9019 5.9035 16.6662 1.2457 22.2687 21.3973 5.2488 19.2876 10.0752 20.0108 36.6227 28.9114 
8.605 20.367 16.5635 24.787 21.3462 22.3942 31.0411 13.1576 6.5926 34.1806 12.1031 26.7308 16.2245 13.6881 10.9729 
19.5245 12.5293 24.5645 4.7112 15.4841 6.8982 20.6037 16.1535 34.9464 21.5686 35.3768 12.8025 38.356 32.1427 17.9774 
11.1078 7.2446 5.6401 17.3153 19.382 13.551 31.1721 6.9519 17.7622 32.4373 21.0812 21.6134 26.8993 10.4395 3.4137 
18.0937 19.0872 7.7447 31.4887 32.0208 23.6022 36.0647 15.712 17.4437 33.2435 23.9467 32.7071 29.947 4.5428 10.2 
10.8681 13.9552 25.6302 12.8882 4.8587 10.3653 8.9706 11.9338 17.4489 11.811 19.5084 7.7667 22.9952 31.6223 14.7324 
7.9594 15.8067 23.8574 15.8331 10.4778 15.2145 14.1815 9.35 12.7616 14.2101 14.441 11.744 15.023 25.9538 16.317 
1.0971 13.5908 16.4421 18.8546 17.4816 16.9232 19.0341 5.9282 8.9155 24.4365 11.9549 17.6134 17.2672 16.5486 8.5017 
13.5141 18.7853 11.6036 28.8339 28.9597 27.5523 28.9473 13.9764 11.6244 36.1339 18.5625 30.3237 20.1658 10.4155 10.3322 
7.2184 15.8094 23.8892 16.6245 11.87 17.0685 13.3596 10.1686 12.9682 14.1977 12.4311 16.1723 13.1186 26.4807 17.3918 
13.3765 22.8129 26.9642 25.8095 13.9542 24.2853 16.0976 20.8791 14.2423 17.9579 10.1576 22.5935 11.2883 32.895 20.4376 
21.9423 11.7083 20.2055 11.7065 21.4749 10.8864 26.971 17.8291 39.5671 29.8563 38.291 22.5535 44.6454 29.028 23.4762 
10.0439 18.9643 28.0943 22.5743 12.3685 21.9734 11.1225 16.1469 11.9476 17.7169 10.3277 14.8442 11.5764 31.7378 17.1764 
28.499 27.2478 36.0002 17.6579 9.6995 18.603 9.3325 25.4454 31.3969 5.6123 28.6523 7.13 29.962 40.2738 26.6443 
21.5231 23.4791 31.6085 16.8685 7.4716 21.4693 3.126 25.4784 28.6243 1.4086 26.041 10.0149 30.6618 37.087 30.4309 
11.9613 20.8467 29.016 19.1758 7.3854 19.1783 10.0788 12.8412 17.5119 11.5165 11.9255 11.9449 15.9835 32.0098 19.9167 
9.5432 7.568 19.384 8.1002 10.5145 7.4966 17.3946 6.5163 18.9371 18.293 20.4987 8.9998 26.2916 25.7167 10.5483 
9.0996 7.9102 8.2919 18.2424 19.845 15.6308 25.6629 5.241 16.4746 25.4948 20.0445 19.1213 24.9663 13.0952 0.9925 
17.3105 21.0837 28.5404 15.7076 1.7783 15.8515 4.2277 14.0967 22.1389 6.5049 18.6004 5.7279 23.1236 38.1688 24.0882 
17.977 16.425 24.9859 10.95 3.9954 8.514 7.5484 15.4688 28.9204 7.0608 24.2907 0.7867 30.7642 34.8715 22.1353 
12.8956 19.7208 12.8353 30.007 27.6582 28.8249 33.0557 14.0615 13.5829 37.9211 16.1322 28.0589 23.0411 10.2469 12.1072 
9.799 6.3692 7.9423 13.8206 22.4118 11.793 21.4752 5.1003 17.6623 24.2567 21.6309 21.5971 27.6381 12.9846 3.4494 
5.9723 8.3501 17.0326 11.4565 12.0281 10.615 19.5919 3.1187 14.3661 22.0482 14.9435 13.0413 23.8989 20.7943 7.68 
12.87 11.3663 3.0665 18.0429 23.6565 17.7731 28.3034 11.2648 22.6111 29.8299 26.656 23.6089 32.0992 7.3555 6.4428 
11.3774 16.7131 12.222 27.5872 27.3899 24.0026 28.0311 14.1302 10.5814 31.1373 14.2453 30.3322 19.6555 11.3587 9.1662 
9.2333 5.9016 10.3492 13.286 19.5993 10.9895 20.4363 3.0711 19.4292 21.3829 21.5021 18.6756 24.1754 16.5703 5.0868 
10.1728 25.3769 18.1504 24.9567 21.8802 28.2116 23.3212 17.4171 1.5924 28.2161 6.2078 24.1491 10.893 20.9567 15.5746 
24.9515 19.8333 35.7305 13.6037 8.2007 13.2406 7.3738 21.0186 30.7712 5.1903 26.244 5.0967 29.1611 41.7611 30.5194 
15.9044 20.4582 29.9472 16.4604 5.5712 16.543 6.6027 17.5144 17.7081 9.6816 15.7783 11.7638 21.4212 30.6104 18.6094 
10.0054 7.5669 18.9811 8.6695 11.2995 7.3462 14.7574 4.9939 17.7557 18.9464 22.9371 11.1018 27.9189 23.9939 10.1 
16.5367 21.803 27.3812 24.3557 10.0685 18.369 7.7719 21.9549 16.3035 10.7467 15.3299 15.794 16.8343 36.4098 20.886 
18.8568 35.211 37.9386 34.7283 23.9713 31.2657 23.4207 28.8262 11.8222 28.6384 8.6067 27.4188 4.9193 38.6552 25.0914 
6.2352 16.0248 20.9809 19.6506 12.6763 18.315 15.3423 8.9758 10.4682 16.0374 11.3746 13.5475 15.3449 23.4164 16.1746 
16.8607 10.7289 6.97 20.243 25.874 16.7664 28.8936 12.2448 26.0241 36.6597 29.5365 29.1321 38.1369 12.9596 12.3123 
9.0381 22.5676 16.4576 25.6351 24.026 23.4987 25.8681 13.0575 5.6366 27.5158 10.6888 29.4922 14.7617 16.4508 13.0773 
18.5795 29.872 35.0006 26.8643 14.2435 25.5816 16.6377 23.3865 14.2559 20.4707 11.4651 23.4051 10.6914 32.0268 26.632 
18.0793 32.0404 28.8415 31.4597 21.2897 33.1333 20.3639 23.01 14.0314 27.0678 8.9322 25.0762 4.3123 33.1617 25.1875 
6.6481 19.5332 19.2343 26.0579 17.5611 24.3222 20.9001 13.6546 3.325 26.075 5.6017 21.3991 9.9188 23.0242 12.9813 
15.4321 23.9474 33.0472 24.3782 9.7308 20.5265 10.38 18.0582 18.4759 11.2111 13.016 15.7941 15.3607 34.5141 21.2145 
12.2955 17.818 29.2469 13.5931 2.0464 10.5755 5.9595 15.8387 19.6539 9.1473 21.4189 5.116 20.9297 28.2694 20.5084 
11.2331 8.0917 6.4882 14.3161 23.7475 14.7383 30.308 5.5642 18.9517 31.0944 21.1236 20.9433 25.8794 12.0827 3.1856 
12.3825 7.675 7.104 16.6301 25.1592 14.8043 27.5867 6.1413 20.4639 26.8415 24.7438 19.6291 30.9489 11.2046 3.4694 
21.3627 35.5184 29.2182 37.9175 24.5389 34.688 21.6202 24.6715 12.0188 25.3309 7.8264 26.676 3.0923 32.1308 26.5401 
14.0166 25.3667 26.5741 22.2367 14.8564 24.8298 12.5435 19.6684 10.0891 17.9361 7.7586 19.1335 9.9522 29.6473 21.5354 
18.8866 27.5585 31.0099 24.3494 8.3541 19.4076 8.3966 22.022 18.2132 12.0876 14.1172 14.3508 18.6107 39.8499 24.5161 
16.2332 24.1909 12.1258 27.7591 31.0911 24.5098 39.4798 15.216 14.3553 35.3891 19.0268 33.1765 21.7288 8.3715 14.5642 
12.6983 26.8877 26.96 27.5295 24.8756 30.7754 24.6628 15.9148 5.7694 22.708 0.5791 23.7774 4.682 26.7828 19.4441 
8.7996 18.6141 23.8071 21.0422 17.6602 23.4806 18.6482 13.0736 7.2863 20.0252 5.9967 22.2032 10.6083 25.997 15.0279 
20.931 16.5439 34.4353 12.5785 7.8351 10.236 10.4998 17.1273 27.4712 7.2604 32.9311 3.2352 31.0718 33.5969 23.297 
15.9281 13.234 28.5925 8.8849 4.7326 8.1858 9.8555 15.2678 25.1319 9.5525 25.1742 1.0738 26.0362 32.6161 20.6304 
8.3995 16.9533 20.965 15.1685 9.4686 14.5592 10.8426 10.78 13.8547 13.3752 12.3154 11.9859 16.2351 28.3874 17.7527 
10.0671 1.9552 13.3416 10.0816 16.8392 7.1406 23.1375 5.3866 22.6425 20.5068 23.6678 17.0473 26.9452 16.0849 8.1512 
26.878 11.2565 18.6131 10.9009 27.1174 11.6458 25.6507 17.2939 33.0823 26.1378 34.3074 18.582 45.7767 26.8412 20.1523 
6.6115 16.8474 19.5197 25.0438 22.4847 21.9816 23.0466 11.4772 4.458 26.6979 8.2622 21.139 14.1668 16.4638 12.7766 
4.464 7.4238 12.9442 13.4111 13.243 12.8012 19.3939 0.8499 17.1065 22.3491 17.374 18.1764 20.4586 18.2242 6.4799 
18.2815 9.8303 22.1911 3.6027 16.0767 5.9696 22.5542 15.3706 27.2731 22.8773 28.4071 12.8394 39.8578 30.185 20.1656 
12.5197 22.6961 24.4752 29.1448 21.7062 23.0924 23.3982 20.4546 6.2044 28.7063 0.8816 24.1103 3.9022 30.4059 21.8868 
17.4617 19.0871 27.783 18.1249 3.6065 14.2523 1.8068 21.5448 23.1085 4.488 23.9525 7.0961 21.9729 33.5971 23.1746 
18.2434 5.7428 19.0379 4.3517 16.7808 4.2369 21.5846 11.3316 25.3631 21.4547 27.9795 15.4992 32.4239 26.3628 17.019 
9.2765 25.4891 24.4456 27.1535 19.0231 26.3213 18.183 14.826 3.987 23.7542 2.9409 24.3051 8.0355 26.716 14.9212 
16.7354 28.6146 32.0142 32.9782 21.7194 25.5429 23.7778 21.2272 7.3593 27.5148 3.2725 28.4602 1.5072 28.5591 22.1912 
20.2392 15.0408 29.2517 9.3958 5.659 9.9002 9.302 15.0657 30.6585 8.3941 26.9175 1.0563 29.8773 38.7786 20.9646 
10.2371 23.0905 16.3663 27.023 26.1451 24.9442 27.6103 15.9938 7.1346 32.5099 12.841 32.2742 14.6719 16.5425 10.4217 
21.741 8.7423 15.2251 12.8213 26.7383 12.8887 32.1176 14.4793 28.0418 34.0355 36.8299 20.788 35.7825 19.8136 16.6492 
10.2423 6.2761 20.758 6.0807 9.8406 4.3457 18.0373 7.292 23.4355 18.5866 19.6883 9.08 29.5373 25.6009 13.1626 
20.8125 10.4202 12.1975 18.196 25.954 16.4363 29.5903 16.5459 26.7526 37.2543 37.1184 26.4769 40.7853 17.5544 13.4624 
22.6184 12.3363 23.0154 4.3248 14.0414 6.9809 19.2388 18.7202 34.3333 16.5113 35.6067 8.2866 33.4642 34.4547 22.3539 
19.0192 4.0439 16.9225 7.1423 20.1619 7.4597 27.2804 10.7165 27.7198 24.4542 27.8384 15.5321 36.9368 19.8452 12.8549 
22.1952 9.9011 24.8636 3.2868 18.2657 5.2794 23.7573 14.7292 33.7337 19.3597 30.0504 12.6388 35.1505 26.9476 17.7041 
18.2286 12.5312 22.9622 2.8977 12.8376 4.4314 14.8821 13.6308 25.6948 14.2236 27.0409 6.7046 33.6045 31.0729 18.7142 
14.1618 9.3627 2.3582 21.4007 23.2641 16.0725 33.7283 10.8066 19.4681 37.9948 28.1548 26.0399 34.6123 8.519 7.4269 
15.9165 23.9244 10.1191 25.7248 27.6604 31.0881 36.4055 16.8818 16.8626 35.2052 20.8655 32.325 21.018 8.7011 12.562 
12.9136 8.4276 17.0858 5.0677 10.224 3.4391 16.228 9.5842 19.6562 14.565 23.039 8.6614 27.4724 27.4427 15.5541 
12.7682 21.7296 32.8888 23.5161 10.4293 19.9139 11.0564 16.262 13.6254 13.3596 12.0285 16.8011 14.7666 33.5074 21.8104 
23.8042 28.7571 40.6079 20.8473 9.2226 19.4002 6.3353 24.6203 34.1935 3.5301 28.4927 10.3894 30.5026 39.1571 33.5527 
11.9013 17.8676 10.6916 27.6268 29.6205 22.6727 30.5259 15.0379 9.9458 37.44 15.4223 31.3698 19.8146 13.7269 9.4057 
19.1426 12.1403 27.507 3.3457 14.0818 5.5598 16.4307 17.1005 32.1331 18.7136 29.0129 9.572 40.5523 29.6477 21.1085 
8.897 16.6254 11.8424 26.011 21.4391 24.5277 25.075 9.7736 9.109 27.4345 16.361 22.6761 20.0381 10.2417 7.8258 
11.5217 22.6166 22.9019 26.6765 20.0319 24.869 19.8239 15.864 5.4756 25.726 3.5443 22.8954 6.2359 26.0169 19.5281 
13.7121 10.3168 22.8653 4.9836 8.5957 4.4272 11.7505 13.1749 26.6968 14.6259 22.0271 6.5043 27.0969 29.8848 14.8847 
10.4878 1.8524 12.8566 8.6202 14.9661 7.3378 21.1191 5.7384 18.991 20.9865 27.0002 17.5873 29.6842 20.2633 8.6758 
3.3815 11.1026 13.5044 16.4115 17.3597 12.852 19.9731 3.0115 11.6978 21.4065 16.3544 17.614 18.4269 16.1484 5.2606 
0.9589 12.0671 14.6783 19.7506 13.4431 17.2658 20.7821 7.318 9.5064 24.6364 10.3608 18.3147 15.0671 17.5993 8.5434 
14.569 13.0214 26.566 8.8145 3.7325 10.2043 8.0858 15.1451 21.7805 7.7386 21.2856 1.1984 26.6516 27.6579 22.8184 
9.4259 10.7446 7.3308 19.1958 20.8131 15.4546 26.0947 8.0084 13.5606 27.7596 20.7359 24.9623 22.558 10.3066 1.8732 
24.6483 19.3959 36.7078 15.2128 5.3066 16.1359 5.8742 21.8173 26.821 3.0602 26.2241 4.6258 32.5976 35.2274 26.0812 
20.6718 10.3239 8.3147 17.7656 30.3548 17.7563 34.3786 14.1603 28.4283 29.0603 35.241 28.9318 33.4629 12.6427 11.4051 
7.4033 19.8611 24.4475 25.7944 14.9041 23.4055 17.227 12.6634 5.5309 23.4668 5.0518 19.2754 10.8913 26.929 16.8847 
6.0357 7.3996 11.8914 14.6653 16.631 11.1283 23.3082 2.3032 14.3542 23.3632 21.0035 20.4646 23.4847 16.6597 3.5953 
6.0777 7.192 13.7967 11.8548 15.039 9.5806 22.034 0.4551 17.5848 20.5644 16.3836 16.269 23.6397 18.3149 5.1988 
17.3715 15.3304 24.3191 7.3727 7.5637 6.8833 12.7534 14.469 26.2409 10.5335 25.1374 3.6416 30.8483 32.0673 21.1486 
9.4047 8.9194 23.7212 9.963 7.5826 6.9588 11.3751 7.4263 22.1064 13.3037 19.6631 6.7946 23.3345 25.2438 13.7574 
5.7656 13.8689 13.6831 22.2492 22.3675 22.6596 26.994 10.4003 7.2756 25.1994 10.1258 26.3281 16.7803 16.999 7.456 
12.638 29.2682 31.0594 27.5803 15.9628 23.441 17.0863 20.1642 13.2631 19.0086 8.7813 20.7971 7.8469 28.0158 20.9766 
10.1973 24.8474 20.2504 28.5472 22.8918 24.8121 30.1231 18.0484 3.5259 29.8181 9.2369 25.3715 11.8892 20.8572 15.3501 
10.3595 23.5018 26.0833 26.2374 15.333 23.388 15.1204 15.6926 9.3228 19.8422 7.167 17.7342 8.897 26.7196 20.517 
26.3493 12.8463 23.3523 11.4404 30.232 15.0876 28.9966 19.9063 31.8654 29.2457 42.5669 21.8463 47.5122 26.2275 22.7069 
14.094 25.0301 23.506 30.7006 26.2216 31.5396 25.2453 20.3648 5.6655 31.2107 2.1947 27.3096 3.3125 28.8862 20.0211 
15.5062 19.0387 11.6992 31.7843 36.0236 25.5502 40.5579 17.2376 19.2192 38.5337 19.49 31.8955 27.4701 7.7601 12.5773 
13.7016 8.5448 23.3501 2.9137 10.2386 1.9082 16.2815 10.6021 25.1595 17.9402 24.4361 7.0113 26.5591 28.9083 17.0424 
10.1883 12.2343 5.1264 19.0458 24.8922 20.676 32.8082 9.4301 18.3368 33.0104 22.4513 25.0603 27.2393 8.8876 2.9558 
13.714 20.7698 10.6904 29.1743 30.8773 28.6017 38.1911 16.1265 13.3238 37.788 21.2723 32.4177 26.0298 7.8185 13.6026 
16.8586 22.5871 33.6318 18.3245 3.2194 16.9717 2.1354 20.0275 27.4083 3.8552 25.0166 7.1694 22.1965 40.7626 23.6515 
11.8873 19.076 26.6373 19.9056 7.0582 18.6623 8.2792 17.62 15.2305 10.7977 15.1326 12.1435 17.047 29.0287 18.6459 
18.1416 21.3233 27.3765 23.1675 8.1941 18.7436 7.1697 18.4108 19.9054 9.8005 17.5434 13.3652 17.1127 37.8986 22.6786 
13.285 4.1891 8.313 11.9151 22.6869 10.1135 27.3303 9.2435 26.0725 24.5096 24.0639 21.8244 29.6033 13.7352 6.8521 
16.4443 26.5961 36.0293 18.3687 6.6333 19.2407 4.8514 22.2701 23.6965 6.7467 21.1586 11.4803 22.0255 31.8752 23.8802 
18.3468 26.3291 33.2066 31.1958 20.491 31.126 18.1145 20.2791 12.11 23.6554 8.6164 22.2636 8.7749 33.4077 23.6442 
10.3229 19.6481 27.722 20.2149 13.2744 22.2065 16.2733 14.4589 10.1692 18.8981 7.3045 18.5616 10.045 27.5866 17.4495 
15.6634 27.4353 35.438 20.3885 8.1934 22.4073 7.2495 22.005 19.4179 9.8701 17.6639 15.77 17.4134 32.7524 28.0746 
16.225 6.3347 11.5368 13.4356 25.1842 12.2317 26.2963 12.923 27.6746 25.8085 32.1476 21.9023 31.4589 18.6186 10.9953 
13.0654 15.1842 27.1121 10.1167 4.9621 9.1136 9.4872 10.6925 22.1391 10.2267 21.1534 6.438 24.5754 31.3772 16.8948 
21.2314 9.4789 23.2488 3.7707 19.5581 5.0891 22.0411 15.9919 28.0771 19.8015 35.0961 14.1701 33.4745 25.6539 20.3589 
18.9533 7.248 15.395 12.7752 24.8656 14.1659 26.2156 13.8727 30.6847 34.995 31.8802 25.6564 33.1532 17.0351 15.3126 
3.1749 17.0795 15.248 17.9054 18.2275 19.9142 18.8119 7.35 8.3032 24.0725 11.0819 18.3851 12.7474 16.8958 9.7041 
24.2499 9.6653 18.945 9.3468 24.6956 9.8854 25.1683 17.317 35.0592 25.0614 33.7131 19.0421 43.1097 24.7583 16.6468 
22.9124 17.5122 30.3256 7.961 10.7139 9.8758 13.6288 17.4193 30.1816 11.4285 32.8819 4.5307 37.6843 29.8835 24.3253 
10.0933 26.5 27.3449 28.465 19.1057 25.115 20.8953 15.3625 7.1599 24.0369 3.6623 24.6917 6.6936 27.2395 18.1181 
9.4894 14.0343 25.8068 13.1639 4.7853 10.6336 10.3634 9.3344 19.1901 13.0785 16.7501 8.4493 24.1336 31.7296 14.7609 
14.3821 24.3791 31.2074 18.6612 6.5321 18.5582 6.0318 17.308 17.9344 8.9078 15.9191 13.0221 17.3701 34.1354 23.0483 
2.1028 13.4337 17.008 20.302 20.2155 18.5632 20.7583 7.2734 8.1281 25.9326 9.9589 17.1683 15.4461 18.6732 7.3444 
10.8159 16.3 10.3138 25.7337 25.9863 22.8704 29.3999 13.2494 11.5679 34.004 15.6509 27.6504 18.114 10.5734 8.5823 
18.4199 21.1581 8.7644 32.2525 35.4337 32.1265 35.4456 20.7444 22.0722 37.436 23.2991 38.025 26.1268 4.6084 12.5837 
12.5075 30.3737 27.2952 27.6755 22.3388 31.0402 22.6503 21.1798 7.1075 22.5802 1.5569 24.0908 3.4975 30.6103 19.5344 
12.4313 14.1555 27.3263 8.5688 4.6257 6.9922 10.6007 11.1973 23.3934 10.0854 23.7272 4.4005 23.0541 25.4821 16.5664 
2.2574 11.9848 11.5451 16.5117 15.2513 15.5329 23.767 5.3682 10.5078 26.8672 12.8076 18.254 19.1732 14.2167 6.9203 
10.3669 19.8492 23.3644 23.6993 24.3603 21.6742 21.8983 13.7313 1.634 26.8846 4.2784 24.2418 7.6871 22.689 17.0203 
10.9627 10.6909 3.7409 16.3915 24.9222 14.6247 26.6644 9.3122 18.3392 32.3178 20.0173 23.931 28.4572 7.7613 3.9118 
18.032 4.2812 15.8125 6.2111 19.8978 5.5979 23.3869 11.7205 23.3736 24.8958 29.6705 13.0121 32.4368 24.1278 12.8401 
16.4397 12.422 30.7744 6.5933 8.1388 8.197 13.3344 15.2678 25.5798 12.5996 26.4415 3.2309 28.4914 34.0466 20.0856 
27.5024 11.9763 17.0333 14.3179 25.3076 13.3918 32.5266 16.1516 35.8295 27.4689 40.2841 21.4278 45.7898 23.8837 16.1857 
18.4837 29.1706 28.9529 38.9407 24.3811 32.7172 25.7492 25.9137 11.985 30.3554 8.1425 30.2151 3.1982 29.8955 25.5543 
17.2804 17.7154 3.5769 22.7171 30.7732 20.7337 35.5042 15.574 22.1522 33.3496 22.4359 33.8005 32.4954 1.9759 11.1979 
14.1894 22.3085 23.8988 30.2113 19.8578 27.591 19.393 18.8644 8.3774 20.9004 4.2693 24.5754 5.9916 25.4615 21.3936 
18.397 19.152 30.9883 17.3437 3.3003 16.9752 2.8939 18.9488 23.4109 3.1129 20.7826 5.6751 28.1156 34.3677 27.0477 
23.5984 9.0124 22.1756 7.6594 22.6949 8.7288 28.1227 16.9443 34.6472 26.137 33.5548 16.0761 37.7168 30.0814 19.7205 
18.7569 31.717 30.3399 32.8516 25.5771 30.6878 25.4945 23.3767 8.0208 25.0244 4.7852 28.6756 0.8617 32.0008 25.0579 
17.9675 5.7185 16.2864 6.5463 18.714 7.1874 22.6933 13.9108 24.9217 27.3889 32.5813 16.7764 40.4286 24.7581 17.1718 
6.1489 9.0744 11.3884 13.6553 15.0241 12.9046 24.407 1.8551 15.6816 26.7505 19.2764 17.1236 24.8705 16.2877 3.3651 
13.4479 28.1716 25.9207 30.9106 25.5611 26.7552 22.7005 18.9309 3.312 25.8944 1.6321 26.4971 5.283 23.5492 17.5101 
10.8759 4.3584 10.1107 12.4494 16.7304 9.6095 23.3571 3.6811 17.9906 22.4385 21.4769 19.8641 28.2523 15.7708 4.8812 
21.2795 5.8847 13.6763 11.1762 21.4928 9.1907 25.8612 11.9026 28.4917 29.585 33.0445 17.4561 36.9126 21.0578 13.5978 
7.5486 6.0962 12.8921 11.6567 18.0283 10.1546 19.6746 1.3347 18.7062 19.7353 18.5202 14.4028 23.5019 16.0742 6.4977 
14.7229 8.1945 6.0729 14.578 27.5659 16.5032 27.8873 10.5896 23.1485 26.6445 27.8829 21.5989 30.9522 12.3841 6.084 
22.892 9.4972 12.9172 15.0122 26.2973 15.6091 35.1225 15.0441 33.5078 36.0452 28.8796 27.2363 33.1858 15.3652 14.7157 
25.5059 21.4874 34.3257 16.9074 9.8955 14.9714 7.069 25.8484 30.592 3.935 25.7683 7.6032 29.1433 41.2099 30.9454 
2.5763 8.6972 13.9699 15.3056 15.9243 14.3582 19.4777 2.4605 13.398 20.6618 13.6902 17.5326 20.7116 17.167 6.0828 
20.6004 23.1911 34.3024 19.3557 3.7365 15.9774 1.7673 18.4826 21.7248 4.6009 23.6131 7.4338 21.542 33.1032 23.4212 
12.5919 10.1513 21.0421 6.0179 8.0352 5.331 15.0793 10.4921 22.7452 13.3795 19.1792 6.4254 25.4929 24.2486 15.1253 
13.8128 23.7205 27.9564 20.5797 8.3872 19.9775 7.1149 15.6218 19.4464 10.875 17.3483 11.9035 17.7864 30.5593 23.9857 
19.8677 26.2849 31.2386 16.7845 5.7671 15.9977 1.4737 20.9913 25.5085 4.5939 19.2077 8.7762 23.4424 34.7422 23.091 
8.809 19.5365 13.1377 24.4959 20.7997 26.131 24.6429 14.086 7.7447 32.768 12.2765 27.1461 16.8502 16.1729 8.9345 
20.5371 12.688 24.4136 4.3004 17.2615 7.072 21.3802 17.1709 28.4206 20.7597 34.7452 14.1212 36.4845 29.8161 22.3745 
10.3236 8.5506 6.8459 16.8805 22.0084 14.1272 23.5097 7.7822 20.6248 31.7198 20.3984 23.4574 27.8541 10.7755 3.4953 
16.4719 18.5551 9.0131 30.5888 32.9286 28.082 35.8079 14.7424 17.4992 33.6593 23.2674 31.8759 27.7519 5.7247 12.0472 
9.5115 15.2339 22.1046 13.1664 4.424 10.8428 10.3503 11.5454 20.2996 11.158 15.5748 7.8941 21.8267 25.2881 16.5562 
7.6207 17.4085 21.7001 17.1673 10.35 14.6471 12.5657 9.1788 14.5472 14.2891 13.4668 13.9764 17.8055 23.8403 15.2735 
1.0625 12.1596 15.1005 18.7178 17.8227 15.8829 22.2877 5.7438 10.4014 24.5688 11.0901 17.007 14.6892 19.3426 8.5128 
14.66 19.4115 11.2032 31.489 26.1315 25.7247 34.6403 16.5004 12.8197 39.1111 19.9198 29.6471 24.2039 10.0113 10.5078 
9.0075 16.2422 24.8625 20.2732 9.8681 16.2748 13.9161 12.4238 12.7228 13.8403 12.4437 13.2616 13.9491 28.8644 15.4812 
15.5675 24.2076 27.8079 24.5171 17.361 21.6483 16.5135 19.8288 14.2014 18.7508 8.4453 17.9854 9.5801 29.3206 25.367 
23.4738 11.6539 23.2476 11.0347 23.1072 12.812 31.773 20.8061 30.5144 29.1508 36.5198 19.3249 37.5581 23.9699 21.4848 
9.2765 19.9729 22.8031 21.507 10.2647 21.4351 13.3377 15.8709 13.9008 13.7671 11.3064 16.8793 13.8205 32.0592 17.4391 
28.2846 21.7115 40.6923 17.0919 9.022 17.4956 7.4737 26.6057 32.4692 4.9994 27.5258 7.8028 30.3939 41.1693 25.6276 
21.3364 22.7885 38.9634 20.3081 7.6915 21.2174 3.0696 21.1968 29.0082 1.5412 29.5269 10.0641 28.1789 43.9064 28.5284 
11.3408 20.7054 27.2218 17.8818 9.2936 15.4771 8.4872 14.6949 13.9079 12.7176 14.4467 11.1877 17.676 33.6203 17.6489 
7.329 8.6381 19.1202 8.1216 11.0448 7.1011 16.4481 5.9459 16.7015 16.1732 20.9378 10.6494 26.3052 21.1174 11.8076 
8.8387 8.9143 7.4696 17.4971 20.6821 14.0394 25.6557 4.3151 18.1498 23.454 21.0143 20.88 26.449 12.3523 1.174 
16.7905 19.7392 25.1495 17.2161 1.6344 14.1352 3.7191 16.585 21.7437 5.6477 18.7994 7.5112 24.0074 33.2126 24.5361 
15.1988 18.3212 28.7961 9.551 4.0082 10.2467 8.9761 15.1161 22.3806 8.9927 26.2334 0.7921 29.2996 28.4698 22.3908 
12.2508 23.0847 12.8782 25.5267 29.2745 27.1133 36.5146 15.9584 13.2394 31.0604 19.0422 26.7819 20.7672 9.7962 9.5179 
8.7479 5.5384 9.409 12.63 20.521 10.5032 24.8821 4.7906 20.598 28.7353 21.5624 16.6894 26.2539 12.9886 4.0672 
5.327 8.2449 18.0074 13.11 14.0273 11.3226 17.2233 3.2767 16.4451 20.9207 17.5794 12.4888 23.6261 19.7745 8.7224 
14.2404 9.7896 2.9975 16.6163 25.6619 18.5281 32.8306 11.4523 23.8859 31.3242 23.3276 24.14 26.0453 7.7423 5.9755 
10.0004 16.3622 11.0504 23.1985 27.7916 26.3091 30.9379 12.5775 11.3965 31.6925 15.8257 31.3454 22.1458 12.6005 7.9482 
8.8488 5.7494 10.3523 13.8539 17.031 9.3164 22.6789 2.9818 18.3734 27.5803 19.0195 19.0697 24.6833 16.8881 4.0545 
9.5449 25.7718 21.0099 26.0016 26.6713 27.8886 25.539 17.1558 1.659 32.0878 6.6523 27.6604 9.9755 17.9729 14.0531 
19.6449 22.1558 37.0728 13.1341 7.6183 13.4265 8.9138 21.2547 32.0219 4.9768 26.3857 5.3143 35.8019 36.9562 28.1257 
12.6111 20.4408 29.7655 19.9372 5.7235 17.2143 5.9297 17.3885 18.0385 9.3328 16.0067 9.2592 17.5384 29.7489 23.1732 
7.7698 6.2363 19.0358 8.3401 12.3694 7.075 15.1875 4.8682 17.3472 18.0935 19.386 11.4928 24.0454 21.8126 9.8021 
14.169 22.0721 30.6015 24.2072 9.2581 24.1376 8.7255 20.8453 18.959 13.3322 15.3562 12.8431 18.9558 36.6688 21.5017 
19.2556 29.94 30.6475 35.8568 26.405 29.7389 24.6217 22.1712 12.4867 23.7592 7.8434 32.1926 4.4777 32.9597 25.7215 
5.5735 15.6416 23.7525 19.4523 10.3211 16.7857 16.0385 9.8589 10.7023 16.8573 12.3352 15.3834 16.2448 25.568 15.9981 
18.2463 10.999 6.9535 16.7967 27.4074 17.6411 37.6429 15.4898 24.379 29.8968 28.6948 24.5548 39.8677 10.7822 11.4797 
9.1017 22.875 16.9567 23.1162 27.1914 23.1313 27.8646 12.9417 6.0294 31.5854 9.7449 24.646 12.7275 15.8439 12.4773 
17.8966 30.108 34.04 30.0023 16.2129 23.06 15.9454 21.093 14.5889 19.1472 11.7372 18.2538 8.6827 31.6141 24.7317 
18.9111 28.4137 33.4203 32.2383 22.7188 27.7987 23.7142 21.6141 12.5682 28.4235 7.6571 27.2206 3.8792 37.3485 25.1647 
7.7775 18.963 17.6732 23.8401 21.9171 20.7229 22.4503 14.6423 3.8576 23.3936 5.8793 22.8787 9.7219 23.3575 12.5073 
13.3424 21.9222 31.0086 20.6092 12.0757 20.9647 9.6471 16.1472 14.513 12.2371 13.5656 14.2553 16.5647 30.5105 20.5476 
13.2178 17.9088 29.3774 12.552 1.9338 13.0688 6.3796 14.9282 19.809 7.4476 17.1805 5.9395 20.6879 29.6632 16.9858 
9.3665 6.6721 6.4767 13.8827 19.8457 15.5953 28.076 6.2367 17.3655 30.5603 23.4586 23.2949 30.7999 10.5669 3.3022 
10.8518 6.4825 7.3444 16.0723 19.7598 14.9857 23.2223 6.4967 21.7669 31.3737 24.0786 22.6631 24.7527 13.4917 4.0474 
20.3906 28.1296 30.2086 30.6942 22.6357 36.8943 22.644 22.7742 12.3888 29.1362 8.0868 33.0141 3.8168 36.1667 27.4972 
13.6963 26.2416 26.5741 27.0847 13.0344 19.9208 12.7605 15.1981 12.5502 16.3319 9.1416 20.4123 9.138 32.7365 19.1307 
19.4624 25.1115 32.7758 25.1614 11.0407 20.8732 7.8588 18.0963 17.648 10.6175 14.1689 16.2252 16.5032 37.7515 25.2393 
17.4914 25.0101 11.2926 26.3036 35.9133 31.9423 38.3854 18.7885 15.3657 43.4045 23.0395 34.2715 22.8299 8.7637 14.5088 
12.2322 29.0964 23.726 27.8298 23.643 27.8687 23.3942 20.8663 4.5551 28.4094 0.5944 24.8506 4.1299 26.2358 22.6469 
10.0551 20.7151 21.0677 25.5003 14.5321 19.9526 17.0853 12.6121 6.9953 22.7953 6.2787 20.726 9.1601 28.5852 19.6042 
21.2832 18.9627 28.3329 12.1612 6.9086 10.9763 9.6386 19.552 30.297 9.1758 31.5424 3.1975 33.6954 39.0829 25.1826 
16.5198 14.0153 25.4441 9.3758 4.9931 9.2608 9.3374 13.5971 26.4538 7.9377 24.639 1.1362 26.3965 30.6478 21.7249 
8.0167 19.1912 23.5379 14.8616 8.3143 17.2217 10.5437 11.1192 12.348 12.4723 12.3421 11.6417 16.5687 26.1312 14.7931 
10.937 2.2574 14.3684 8.1576 18.114 6.6775 22.59 5.5491 19.9783 23.3746 20.1944 14.3023 24.9305 20.4295 7.5551 
27.4698 12.7901 20.4301 11.0608 26.18 11.0925 30.5115 19.0952 36.5733 27.3529 40.7893 21.874 36.4181 28.367 17.8921 
6.4203 18.4358 15.5674 22.4512 22.4215 20.225 20.0659 11.545 4.4185 22.6436 8.8008 23.9732 11.7805 18.9293 10.3248 
4.3413 8.5734 12.135 13.3414 13.6394 11.8594 19.3824 0.9087 15.0479 19.974 15.9323 15.2188 24.3244 19.1905 6.1624 
22.2259 11.6045 20.6791 3.9592 18.8012 5.1873 19.3384 17.383 30.2045 19.4664 30.6002 12.4603 34.0283 28.6569 22.4976 
11.7893 26.2177 25.3501 31.6701 22.0173 25.9166 19.8968 16.6604 5.4883 27.0687 0.9468 28.598 4.2874 29.57 19.6581 
20.2759 21.9289 33.3685 14.7532 4.1431 15.8203 1.4473 18.845 23.2641 4.4391 21.526 7.7446 24.5592 33.0126 27.1872 
16.9098 5.8826 18.5109 4.2761 16.9538 3.7378 24.3093 11.5741 29.8624 21.7241 33.2403 15.24 31.1831 21.0834 13.7343 
10.97 21.0415 21.127 26.6741 19.6676 21.2662 18.7997 14.5147 4.2927 22.2118 2.4536 23.2199 6.4114 22.7983 18.3224 
14.7045 28.582 31.1136 34.1808 26.0838 32.0839 26.9663 24.3041 6.8849 25.6161 3.5186 24.9857 1.768 32.2664 25.0955 
18.0083 15.0837 28.6803 11.1149 6.193 9.0867 8.7908 17.672 23.5608 8.7644 25.4592 1.0806 28.908 38.3416 25.4611 
10.3397 23.4751 17.2908 24.8185 23.5621 23.0383 30.9367 15.2655 7.963 29.2866 10.5235 32.0536 16.5513 14.8727 10.8174 
23.1631 8.3133 15.1431 13.9384 26.7164 11.7057 34.6574 14.6753 34.4441 34.3537 29.6249 23.4613 35.7713 22.9746 17.8201 
11.6187 5.8885 18.0252 5.529 10.4518 3.7524 17.4521 6.9233 24.3391 18.7201 22.4077 11.0491 29.4597 24.2311 10.9836 
18.9448 10.4577 12.1036 14.9991 28.5073 17.2961 29.213 16.683 31.4801 32.4042 33.3981 28.1683 38.7089 16.2622 14.308 
20.07 14.3379 26.0207 4.8481 11.5989 5.5101 18.9051 16.9136 30.1869 17.3916 32.9112 7.8024 38.1744 30.5415 20.8139 
15.9011 3.7825 16.446 5.9542 20.5247 6.026 22.3605 10.7295 28.2233 22.4059 29.9091 14.9748 38.5621 23.6494 13.8776 
22.862 9.9468 20.1985 2.8774 18.2466 5.0925 18.9775 14.79 28.2444 22.4489 29.1003 12.5874 37.4322 31.313 20.3071 
18.3599 10.8919 23.39 3.569 10.9568 4.5193 17.3419 15.3315 27.4985 17.2197 28.8316 7.6328 28.0955 32.8158 18.0143 
13.4513 10.9931 2.8117 19.4026 25.8738 18.8886 35.0018 12.987 20.0377 30.0129 26.1967 26.4374 31.6671 8.7985 6.9927 
16.4067 21.3871 11.7526 27.1728 34.9168 23.7816 30.6366 15.9364 13.9442 33.1731 20.615 35.7622 25.6442 9.1313 10.8795 
11.9897 8.0265 17.3957 6.3845 8.9966 3.5136 16.4552 7.7753 21.5716 17.5661 22.8666 9.0371 27.9269 25.3285 15.215 
16.2654 22.2211 27.8838 23.5027 10.5699 22.4054 12.1658 20.7987 16.9532 13.673 11.8047 18.6949 12.1117 36.0223 23.0038 
21.9345 27.6443 37.4444 16.3492 9.5797 17.8353 7.0034 26.5801 31.6336 3.4071 30.7159 9.6277 30.3153 38.2981 31.5153 
10.625 16.3537 10.9744 29.8189 29.3557 26.8514 27.6579 13.5239 10.9218 33.0304 15.1314 30.9412 16.6806 10.6037 11.1469 
20.6709 13.8221 23.8637 3.6779 15.1858 5.9378 18.6087 16.5075 33.815 19.1229 28.338 8.7945 36.4755 27.135 20.6758 
8.3725 14.8701 9.8404 26.5541 25.8599 24.7596 25.132 12.1381 11.9618 26.9541 13.3682 29.4789 18.3793 12.4278 8.2822 
10.744 25.359 22.3264 22.3813 17.2696 21.5354 18.5698 14.4483 5.9975 25.8381 3.0429 22.9784 6.738 23.8607 17.7589 
14.7024 10.3109 24.5032 4.7143 8.0399 4.3793 14.2457 12.3163 21.2724 14.7593 23.9792 5.4512 31.9116 31.144 16.4074 
9.961 1.6482 13.4905 8.5375 14.3873 7.1594 20.0845 4.9004 20.6408 25.4658 21.7271 16.1784 30.9632 19.6361 8.9158 
3.4602 10.4681 14.0077 17.7065 14.565 13.1628 22.9545 3.0409 14.3886 20.391 14.5039 19.4189 18.8955 14.8397 4.4837 
0.9993 14.5973 15.3847 19.991 13.8807 16.4366 21.4314 6.1244 11.0139 20.5231 12.4496 17.394 14.5803 20.4402 8.1491 
14.1566 14.9644 24.0252 9.7411 4.1426 8.5049 9.5905 14.1439 23.0767 8.9091 27.5567 1.1397 29.5866 31.5074 23.1966 
9.4517 9.6881 6.331 16.6235 24.3231 16.0622 29.0219 6.7821 14.1827 26.1592 20.7027 24.1934 24.6942 9.9245 1.742 
22.3482 23.1492 29.3624 16.3764 5.9226 17.0886 5.8276 23.0972 28.0588 3.6544 28.8458 5.1925 27.7791 41.9814 28.8373 
20.6943 10.485 8.7653 15.0889 26.5831 18.1147 35.1672 15.1825 29.8143 33.0772 28.7376 22.8509 40.27 14.2553 11.3521 
7.4579 22.3224 22.7304 22.321 16.2995 24.0609 20.0082 13.2425 5.6897 20.9819 5.6113 22.5927 10.1108 26.7449 16.0034 
5.7921 7.0938 10.0835 15.1042 15.3974 10.4202 22.0511 2.3848 18.2493 24.8881 21.0951 16.7117 25.2917 16.2292 3.489 
5.732 7.192 12.1491 13.7664 16.7052 12.1105 18.6314 0.5718 16.9095 21.5689 19.842 16.5826 22.6804 18.6938 6.2159 
19.8716 13.6098 22.9998 7.4616 8.025 6.6473 11.6802 16.8805 26.4197 10.4265 30.958 3.3417 33.8155 31.8489 20.9244 
9.3592 11.0892 19.9805 9.3734 7.1719 7.5428 11.701 8.6818 19.5848 14.1422 19.9488 7.0832 22.6724 25.6998 14.952 
5.9426 15.7983 15.8702 20.3745 20.4241 22.2035 26.6301 9.0425 8.4432 23.8768 12.6286 24.9379 16.3721 15.8841 7.8588 
14.4867 25.9648 30.7966 27.527 15.0203 26.2367 17.4783 17.2104 13.2528 16.5554 7.7088 18.6553 7.9842 35.9838 20.0685 
10.5952 23.7483 21.2051 32.1694 23.1333 28.4232 30.5969 16.2852 3.7267 35.6049 7.3098 27.3996 12.3936 21.7415 13.5686 
11.6493 21.788 25.5697 23.1175 14.3527 23.7244 15.4386 13.7574 8.4161 17.2397 6.5395 17.9417 9.1525 26.1256 18.8646 
28.4192 14.4493 23.6473 13.0247 22.8528 12.885 31.1646 18.8001 33.1532 34.8552 43.0383 21.072 43.2947 28.0738 21.1355 
14.9804 23.7817 28.1017 31.985 23.5235 31.9633 27.1016 19.7349 6.4482 28.915 2.5069 29.9947 3.0666 27.683 23.7453 
15.6667 20.8889 9.3966 31.8797 37.3567 24.7951 32.156 18.4291 19.6516 40.0371 21.8753 38.0221 25.1168 7.9461 13.9288 
13.3618 8.1978 24.1326 2.6548 10.9667 2.087 18.1056 11.0635 23.4344 15.6125 26.5284 7.0528 27.1553 26.43 16.8133 
11.8943 12.2479 5.3255 20.2746 23.607 18.8465 25.6788 9.6272 15.0363 27.2557 22.2493 25.7032 24.1136 8.4256 2.9271 
13.3409 22.4463 10.7983 31.9718 29.3446 29.8035 35.2656 17.839 16.2625 37.0249 19.5687 33.8494 25.806 9.2354 12.098 
19.4623 23.6242 28.692 17.67 3.5156 17.5728 2.1452 19.8768 26.6922 4.3089 24.1295 7.9851 24.086 33.7721 24.3726 
13.2371 22.8958 31.2338 20.6068 6.8075 15.588 6.305 17.5391 17.9902 11.0332 13.2886 12.1206 18.2385 35.1952 18.752 
14.1241 25.2546 32.9202 24.3601 9.5169 18.8318 7.3384 21.9063 18.0345 9.7357 14.0816 15.7729 18.7051 35.3187 21.6932 
16.2001 5.0928 9.3581 12.2259 19.7527 11.1589 30.4354 9.3602 21.6378 25.6794 23.8297 23.427 27.2979 15.6099 7.1877 
19.5819 24.6871 32.3122 22.1648 6.706 20.8857 4.6373 17.4147 21.2755 7.2727 21.4969 10.6385 20.9971 39.8858 22.9423 
17.6785 25.6731 34.7422 31.0288 19.2453 28.1065 15.7022 20.4292 12.6888 19.7912 9.893 25.9228 8.8518 37.018 23.0948 
9.1117 24.0309 27.4105 24.2883 12.7614 21.8304 13.5597 15.7956 11.067 17.171 8.8864 20.587 9.0021 28.2799 19.963 
15.3345 22.303 35.98 20.2163 9.9175 19.885 6.2674 17.3196 19.3344 10.8454 16.3526 15.0016 16.4684 36.7878 26.718 
20.5028 6.5744 12.1302 11.1521 22.5382 10.6666 31.265 14.4996 28.2846 32.6209 34.4854 21.1424 39.1962 19.6376 13.5229 
11.9677 12.9993 27.3592 10.3042 4.1326 10.0985 10.4182 12.974 19.5627 12.3886 18.3497 5.3735 25.8692 24.8685 14.8281 
19.3934 10.6155 21.0772 4.6689 15.3937 5.8592 21.5982 16.6741 30.132 23.3373 32.2262 13.3894 35.1435 30.5556 20.6078 
17.7491 8.4386 14.2317 13.1477 24.9232 13.9217 29.2783 16.6363 31.5702 27.064 28.7556 21.7775 37.2198 17.5652 14.364 
2.8963 16.3877 14.7837 18.7085 16.8764 17.2234 20.9317 8.7027 7.9531 20.7556 9.8994 19.4997 13.5281 17.1456 10.2103 
20.0203 8.8499 21.0353 10.6102 22.8172 10.1765 24.4032 15.9527 36.26 25.9881 36.7531 19.4037 40.9609 22.4396 17.9923 
19.7413 17.2418 32.391 7.7133 9.3183 8.6377 13.1151 17.8496 29.7374 11.3312 32.4488 5.119 34.9843 36.8643 24.0888 
9.6992 25.3873 27.1098 29.7316 15.8766 27.8488 19.2611 18.8138 6.197 20.0503 3.5474 21.8174 6.8118 29.9219 21.3173 
9.565 14.1873 22.8257 12.8693 5.4814 10.565 9.2839 10.4792 16.8235 11.455 19.9289 6.7313 22.8819 28.877 17.5804 
13.9254 25.0716 29.0695 19.1485 7.4232 18.1076 5.8931 19.9932 20.981 8.3317 15.2438 12.5174 21.2677 35.9843 24.7076 
2.2585 13.7488 13.9909 21.2296 16.3593 15.8342 23.1157 7.6316 8.4152 21.7273 11.2631 20.394 18.2245 17.661 8.3535 
9.791 17.9321 11.7944 24.7222 25.329 21.7749 32.4403 14.306 10.126 28.8547 15.8126 26.918 17.6136 10.8287 9.3218 
18.1704 22.3275 8.9865 27.226 39.8452 30.3435 35.6722 19.5378 20.1243 38.2139 25.1612 38.3641 28.0988 4.4436 13.8462 
12.6843 26.3716 26.6155 29.1397 20.3233 31.1351 23.8264 20.0072 7.0915 26.5772 1.6133 28.3569 3.0634 29.0271 19.0745 
13.2416 14.7845 27.5914 10.1855 4.612 7.3621 9.1015 12.4283 22.1562 11.4583 23.1069 3.7583 28.5236 26.0665 18.6397 
2.0865 11.2667 13.8998 16.0514 17.7266 15.2894 19.6267 4.5346 12.4243 26.0334 15.4389 18.504 20.9717 16.0092 5.2695 
9.5858 23.0309 21.7477 23.7297 22.313 22.1896 21.2509 15.5284 1.5932 26.7021 4.6655 23.375 9.2331 24.7383 14.8619 
10.2182 9.6154 3.8418 18.8339 26.3624 16.8814 28.2466 9.0286 21.1647 33.4303 23.1121 24.6036 27.9141 8.9635 3.7401 
15.8295 3.8479 19.0208 5.2293 18.1402 5.1582 20.7642 9.7863 29.6825 21.058 29.4583 16.1434 35.724 20.2599 12.3994 
16.1537 15.5744 27.8579 7.7019 8.2007 7.1436 13.2119 15.2087 24.8686 9.8252 30.0275 3.6359 27.1753 32.0097 22.1266 
24.23 12.6308 16.6347 14.6613 26.8047 13.1187 30.5128 19.8109 34.0269 26.9958 41.6279 22.482 46.6962 20.9041 17.1049 
18.2976 35.3757 31.5134 32.8624 27.0925 28.5114 26.167 23.984 10.3967 24.5658 6.7447 25.5875 2.9526 29.4185 27.3962 
19.4329 15.1893 3.1719 27.2764 34.4481 26.885 40.1731 15.318 19.3366 41.3821 28.5961 30.1885 33.5281 2.271 10.8145 
12.4758 28.4526 24.6904 26.1219 15.8073 26.2743 21.4005 20.8602 9.1767 21.1743 4.6886 23.3298 6.1155 26.9795 20.7893 
20.6112 19.2749 33.3996 15.5326 3.1953 16.9024 2.7475 18.5901 25.131 3.1387 20.7759 6.1021 24.6685 39.6905 26.8125 
20.7938 9.7186 23.7699 7.1675 24.1916 9.7449 24.905 18.0113 29.285 27.2652 36.3228 19.08 39.709 24.5791 21.3844 
18.7378 32.2226 31.77 32.0668 24.7147 32.9693 23.3085 23.8749 10.1955 28.0329 5.2603 28.2457 0.9672 33.3787 24.4367 
17.3494 5.7778 17.7956 7.4321 17.36 7.9217 21.7463 13.8323 32.4937 25.9594 27.6156 16.3897 35.7856 23.3604 17.0168 
5.244 8.8393 12.6483 15.1632 15.3675 13.9487 23.3677 2.0082 13.0128 21.2729 15.8383 17.0619 21.809 15.6225 4.3792 
12.7232 26.0753 27.894 26.5563 24.5253 29.7106 24.6263 18.3035 3.5864 27.8541 1.5696 25.414 5.9159 24.446 18.0 
9.0258 3.9832 11.552 11.1211 16.818 8.7517 23.7398 4.2083 19.7538 24.2001 22.7856 18.4023 26.0849 15.002 5.5285 
19.7986 6.2361 16.4141 11.0035 23.0257 9.8051 29.4069 15.4157 29.4315 30.8958 33.8955 23.1914 40.3591 17.4329 15.3106 
6.3893 6.1793 12.7025 12.4926 16.5248 10.1261 19.0447 1.2169 19.2083 22.5492 21.1778 15.3424 24.832 15.5025 5.2283 
14.335 7.9691 5.8755 16.0051 25.11 13.8743 26.2529 10.8695 19.1205 27.4986 28.9303 25.6416 29.8459 10.381 6.3468 
23.7655 9.1285 13.8331 18.193 23.9203 16.825 34.2106 14.4297 34.4113 33.0478 29.555 27.2073 37.9049 16.7687 12.9917 
25.4989 23.9091 31.8002 15.2498 9.898 18.6574 8.5916 22.6446 35.2367 3.8353 27.6468 7.435 31.5611 36.2839 28.3631 
2.5831 9.8289 14.0359 14.4436 17.1555 12.9875 21.738 2.9478 13.8762 24.9207 16.834 14.9987 21.5148 15.845 6.2435 
18.1848 21.8833 29.8675 16.0423 4.152 17.7786 1.5692 20.2322 25.6636 3.6971 22.0477 7.7009 26.0881 36.4773 24.333 
13.0655 8.0223 21.7801 7.312 8.4421 5.059 12.1613 8.1409 21.3847 12.8501 19.1728 6.5441 28.6983 25.562 15.9928 
12.3924 21.811 27.9312 19.9583 7.1769 19.534 7.1477 14.8592 18.2224 10.2958 17.3394 11.6529 17.4657 36.2244 20.6305 
17.7672 25.0703 32.0033 19.5709 5.5174 17.5243 1.5407 18.5234 24.8572 4.9508 22.071 9.5545 20.4897 40.0757 28.0182 
8.6722 19.3574 16.3182 25.7039 23.2415 26.0246 29.2119 10.7089 6.5166 31.832 10.7056 26.61 13.7214 13.2982 9.2274 
EOF