I 150
J 15
bounds (0, 100)
cv 1.0
D 25
k 5
t 3
FLR 0.4
FCR 4
λbounds (80, 120)

λ 
104.8505 97.6966 117.9556 
108.8993 86.0328 113.5807 
88.3018 92.3327 102.0212 
105.3664 118.5333 91.7899 
99.1896 91.1597 84.5837 
115.3455 103.2097 85.8616 
111.5699 107.2299 98.3229 
91.7534 80.304 83.362 
86.9641 94.2157 106.5186 
102.794 84.2188 118.9599 
84.7163 95.2398 84.027 
90.0752 92.2346 93.7709 
119.7382 119.0976 93.454 
90.5318 89.1978 112.2787 
87.0579 115.8096 80.0441 
107.7806 112.0306 101.6094 
94.8843 104.7024 108.3409 
109.3115 114.7463 95.8805 
93.5572 114.8765 80.9746 
114.3325 91.5708 84.2408 
90.748 80.536 106.4421 
83.4589 113.4214 83.8904 
94.0192 103.7876 114.3429 
102.8343 111.942 83.6956 
118.5998 83.2731 84.0676 
83.3713 94.6894 104.7219 
86.4685 95.9294 119.9796 
98.7637 106.4461 86.8398 
111.1159 107.5667 96.7053 
95.2109 107.337 111.4609 
116.8504 85.3903 95.0611 
94.0919 119.0253 95.6165 
103.9439 96.8744 108.103 
100.1298 88.0442 83.6755 
93.6694 96.4103 119.6753 
98.105 84.3278 99.6232 
119.019 110.4147 99.179 
119.1007 110.4756 98.9791 
95.7868 116.9429 97.6203 
106.4065 92.2569 114.1601 
87.5971 98.9533 107.3503 
112.3337 94.9286 98.1912 
114.574 90.0191 106.3694 
82.8692 88.1996 99.9728 
86.8356 110.391 119.556 
113.3439 82.931 80.4611 
114.8222 107.6513 100.132 
105.7803 110.757 82.5557 
89.7504 81.7793 115.0943 
99.3529 98.8162 110.1039 
101.0746 105.8637 90.9268 
119.1571 113.6511 85.9844 
109.9277 93.8473 90.3526 
82.83 84.2527 100.4813 
116.417 95.8193 94.1422 
117.4857 93.7301 80.2715 
106.2269 115.6356 85.469 
94.7358 89.9504 118.0887 
98.8613 112.4706 102.1275 
93.8325 118.812 101.0028 
85.7225 90.584 87.0288 
107.385 100.0151 107.6199 
113.9074 84.9361 97.7354 
87.2088 90.0089 97.4855 
93.8164 105.251 104.566 
103.4168 84.4366 93.0983 
82.3602 115.6808 104.6177 
111.406 106.203 105.7195 
114.9677 115.7074 81.4487 
108.5385 87.9654 87.9553 
84.4401 80.6846 88.5428 
104.2101 97.1778 116.6822 
80.0603 94.5997 100.5593 
107.1735 87.9944 85.244 
91.4825 98.7758 98.7059 
109.1153 85.7332 85.8837 
115.4188 100.8005 111.7247 
107.5486 103.5907 84.4736 
94.1207 106.7453 117.08 
83.7189 100.9628 119.8556 
92.7071 113.3746 102.1591 
95.2114 90.6973 89.3093 
102.5162 116.6373 103.8032 
111.185 84.5459 95.2592 
112.7124 82.9335 88.8042 
106.6429 106.4092 104.7069 
82.2335 84.3693 112.0503 
86.7051 103.272 107.1329 
91.7896 91.8183 114.226 
108.4918 82.4492 114.6743 
90.1722 119.2274 113.2343 
83.2876 114.9364 82.9975 
103.1811 81.2512 82.3034 
107.8125 80.5648 95.3212 
115.624 117.7938 86.1823 
105.3184 106.2109 93.0476 
88.1212 80.327 91.1392 
110.4248 98.7208 101.3993 
109.5179 92.9832 102.5097 
116.6462 84.093 115.5463 
93.2508 107.3709 116.8397 
80.4835 106.6439 87.6905 
87.9378 102.045 105.911 
95.23 104.6479 107.1029 
93.991 95.5932 85.374 
113.8086 117.424 104.0306 
109.0332 112.11 90.4667 
108.5989 94.0886 92.713 
90.3247 116.1099 80.8419 
90.7392 111.7767 88.8639 
116.9311 83.8979 115.7404 
110.3957 116.8436 100.9042 
82.6607 105.7847 115.8163 
98.6383 104.9103 113.636 
93.9287 83.0894 111.2849 
117.4813 90.9675 102.7997 
97.5794 85.7435 106.9649 
80.5092 92.5486 100.6643 
95.6835 117.2898 104.9298 
83.0011 106.9146 90.28 
102.79 83.7449 88.1813 
80.9859 106.0125 110.4402 
90.5107 100.6181 116.4081 
101.0505 100.9647 115.5357 
101.4917 110.3452 119.2327 
85.8905 107.6159 90.5191 
106.5087 117.0258 82.1974 
90.9211 114.7523 119.1147 
93.5508 83.5708 118.0285 
93.3478 105.4973 113.2201 
110.6439 112.5 89.9941 
104.0533 103.4326 104.3612 
110.5915 80.6658 91.1667 
84.1683 101.4732 94.3455 
103.4247 107.1998 80.5417 
107.3518 113.1619 107.6561 
102.6535 92.0202 103.675 
83.8274 96.7483 111.0265 
109.6069 93.1328 83.2063 
89.9507 101.4558 87.8673 
90.7032 113.2679 100.5313 
94.6522 96.2257 82.9828 
112.2346 103.9347 117.1717 
82.8078 84.0435 80.882 
110.4518 105.5093 86.8118 
102.9556 113.4889 87.1503 
94.785 112.0145 103.6973 
111.9549 118.6233 100.1919 
103.6876 117.1567 92.9759 
103.7689 84.7424 84.0938 

Icoords
77.4609 28.0885
70.5389 4.4593
91.4702 31.0318
32.5822 95.4747
21.1962 94.8747
59.855 92.4643
46.1125 59.7468
15.5034 49.566
60.3434 87.7845
10.7868 87.6706
52.4811 90.4059
17.8044 82.1621
80.5423 34.781
75.496 63.3339
52.7551 58.7774
95.6675 19.6211
65.8975 1.6699
12.3602 46.2925
47.0537 8.722
21.4157 59.316
5.8746 97.7561
91.8123 65.5308
79.6722 91.7073
54.1926 59.3991
68.327 97.542
56.6812 66.7067
56.0344 83.2187
95.7937 21.9668
48.6576 5.4917
62.0712 79.3532
25.0855 69.6746
99.5279 47.2063
57.1773 36.4612
2.1569 48.2539
20.8793 6.1761
72.0774 62.8637
54.5591 38.1145
56.895 47.0261
8.6085 94.1555
68.1421 98.5222
49.2866 6.5875
37.9287 56.595
87.1847 25.102
57.6172 81.0165
23.5597 19.0517
67.7627 35.6236
47.1904 74.2802
65.8666 91.5376
5.1824 41.9962
73.0982 33.902
80.3435 74.9726
65.9679 49.4306
9.2128 74.1676
77.858 39.0122
47.8116 40.9863
87.3849 49.0427
80.3263 7.2423
69.197 48.2488
71.3235 72.2463
82.1345 49.4724
56.0015 41.6275
47.0142 28.2298
61.4397 29.2171
75.5317 34.8253
31.478 31.5377
58.2828 87.3306
83.6052 63.3773
59.002 54.1176
83.8015 82.6613
36.3554 55.9705
67.491 53.3688
18.1873 90.5484
74.2013 3.8942
92.045 77.9065
88.1648 4.3814
66.6591 5.7129
12.9714 88.9998
1.6056 53.9637
86.9343 14.8247
91.4291 90.074
69.485 5.9376
66.2718 57.1302
45.3871 22.4166
38.2935 44.7174
50.8815 55.0034
69.6413 82.7366
92.8459 40.7852
38.869 49.1203
64.2231 67.6501
80.7531 70.4225
52.3092 7.9438
42.4367 13.5915
40.7806 88.5562
92.719 57.8945
63.7573 99.0206
92.0568 96.002
40.7917 81.9818
65.5649 57.9163
39.742 75.4381
58.6169 39.2338
60.0883 37.0549
1.5366 21.2576
8.4352 7.2831
12.9044 24.2039
59.1926 78.4537
67.6277 10.1091
39.9651 33.2721
36.2766 81.2341
33.0376 68.1997
18.2966 11.3024
62.7366 55.5172
48.6844 67.3348
45.0423 40.361
4.139 32.1578
32.6211 47.0938
84.3142 27.6119
11.848 76.6924
98.6243 9.5205
11.2743 45.0738
64.7704 54.3167
50.8265 71.4128
98.4757 47.0202
37.82 90.2738
69.9256 1.9579
94.0335 66.9457
87.5754 38.422
37.4403 0.4412
50.6315 87.4372
31.9984 55.6247
50.364 62.2788
36.4186 57.1287
37.9432 11.3775
53.173 93.8415
4.8402 83.5527
4.9389 29.7612
63.5392 16.4764
1.2598 3.5513
34.7601 88.1255
10.8459 81.507
69.4585 64.469
20.7348 5.2193
10.7027 59.0417
48.3241 79.4217
42.7645 66.4771
19.8612 13.9032
0.2408 83.9519
0.0445 83.9433
94.8361 32.4682
95.7367 94.1044
0.993 70.1953

Jcoords
78.9612 37.1612
36.7344 5.086
93.2228 32.0507
65.2354 42.2957
22.6307 51.1473
75.201 74.9419
64.6529 2.5126
61.412 57.821
95.9281 18.7263
45.7935 67.1624
81.7504 59.4754
65.2698 55.1778
9.6682 72.2043
40.6076 71.0173
62.9388 20.5602

C
3.2995 14.1162 5.5648 5.7991 21.8595 15.7423 10.1286 11.8256 6.9092 17.4826 10.4603 10.7477 24.5642 19.5646 5.627 
11.0796 13.3077 13.9768 13.7887 26.4504 26.4675 2.4656 17.4374 9.4971 21.2339 18.9608 19.4584 34.5902 27.3085 6.7479 
5.1457 24.1993 0.7858 9.456 22.8495 17.6398 15.0012 15.5579 5.1044 20.1565 10.9172 11.0773 32.7487 25.0252 11.926 
29.0209 31.3256 30.6156 23.7197 17.7725 18.6201 37.762 16.7072 36.2231 9.6072 20.2498 18.9078 9.804 8.0413 24.9041 
28.3508 29.2232 33.4706 20.8089 15.6934 18.2772 39.1559 17.1269 39.4445 12.2982 23.7572 18.7556 8.6269 9.6207 31.2303 
21.9999 29.4385 24.7077 17.579 20.065 7.393 28.6904 13.6979 30.5862 9.4019 13.0026 13.2361 19.6571 10.4895 26.5354 
14.4228 17.4919 21.1982 8.8721 8.3548 11.1582 21.7186 6.0509 23.2183 2.318 10.8627 7.0979 14.1734 4.4578 16.4402 
25.3334 18.9361 31.0708 18.5462 2.8523 21.6397 22.0456 14.2407 33.8079 11.0696 22.232 15.0496 8.7879 13.1588 20.4778 
19.5041 26.9618 23.4572 15.107 16.2731 7.3429 28.3464 11.978 26.0097 7.7885 12.3689 12.0563 16.488 9.2425 20.4178 
33.7689 34.4615 31.0168 21.986 11.9449 20.7616 40.1143 20.687 39.5823 12.8653 28.1309 22.0822 6.0135 13.027 27.2314 
23.4058 26.1931 22.7816 15.9918 18.3661 9.4845 27.4182 11.5314 25.8749 7.8219 16.9569 14.6537 18.2503 8.278 25.4671 
25.6413 24.0322 30.5059 22.1073 11.7266 18.6389 28.6181 18.2585 32.012 10.9459 21.8209 16.8931 4.2885 8.2894 24.3152 
0.9407 16.3058 4.8732 6.7134 21.5805 12.1665 13.3982 11.5984 7.3292 18.3104 9.7734 9.4967 26.8494 18.4476 7.0221 
8.8628 22.2493 13.5916 7.949 20.1383 4.0722 19.8871 4.9366 19.0468 9.7661 2.4795 4.3375 20.6508 13.5753 13.971 
13.0312 17.1061 18.972 7.393 9.6241 10.4806 19.6566 2.8472 18.138 4.0629 11.0446 4.5929 16.7344 6.3443 13.2218 
8.3472 19.6362 5.0151 15.0816 28.6541 20.4384 13.6794 16.7115 0.368 21.6837 16.6324 18.0849 39.6451 23.6431 12.8906 
13.8872 11.7362 14.9022 15.387 21.5256 23.9012 0.6008 17.8735 13.2861 27.3213 22.1478 18.2368 32.4646 27.1786 6.9121 
20.2143 17.5416 25.3383 18.4955 4.0567 21.5409 23.5358 17.777 33.2717 14.1806 23.0188 18.8099 10.3372 11.626 20.5258 
15.4427 4.0001 15.5547 11.6375 15.9489 22.5 6.9742 16.2163 17.4258 21.9787 19.8395 18.5876 25.2403 19.0827 6.5476 
19.8987 18.1736 29.0953 16.8951 2.713 20.1633 22.6439 13.184 30.7329 8.1796 18.74 13.5054 5.9431 7.3795 21.6065 
33.4375 31.5289 42.8791 30.586 15.7107 29.0111 44.1079 27.0883 41.1321 15.4604 31.8696 26.8935 8.664 17.4938 32.6872 
10.0628 27.0185 11.8859 13.1675 24.9433 5.7734 21.8491 11.8269 14.7439 16.5127 3.8988 10.6496 27.2133 19.116 19.8323 
19.6219 37.8113 24.3542 16.5191 22.2924 5.3026 28.2567 13.1069 23.9188 14.5797 12.0668 12.412 27.164 16.0819 24.1557 
10.5985 22.4948 16.118 7.7892 10.9971 10.0325 23.0378 2.3832 20.3035 3.7435 10.4527 4.7204 14.4501 5.3716 12.5247 
18.9264 37.0496 24.1159 17.3911 22.7073 8.8064 37.3364 13.8534 27.5329 14.778 15.1648 13.3497 21.8273 13.0789 28.0127 
11.4936 22.0926 17.8886 9.912 12.3205 7.7283 24.3612 4.0085 19.6252 4.2041 10.1887 4.8405 15.0946 5.9144 14.7809 
19.1748 25.7942 22.2972 15.3224 14.4202 6.5785 30.7859 8.5022 24.5171 6.1265 13.2128 9.7247 19.0006 6.5458 21.2753 
8.9343 19.6251 3.7432 11.7521 27.9625 21.615 13.4462 16.4226 1.2247 23.3471 14.026 18.0114 38.3472 23.5014 13.1145 
17.3313 4.4511 17.6493 13.7444 19.6864 28.8402 4.8974 17.3595 15.345 18.8175 19.5721 17.8858 28.2192 26.0838 6.3362 
14.8158 29.6225 21.2226 12.928 19.2887 5.5238 27.0247 8.0913 22.9638 7.9597 9.597 7.8743 18.3576 8.63 19.1862 
20.9796 25.9373 24.2222 18.1751 6.5767 18.9573 27.2983 14.486 30.7419 7.1194 20.4278 16.5324 5.8026 4.942 23.2037 
8.8991 26.4717 5.8978 13.0532 28.1967 13.5986 18.1182 14.0816 8.7756 20.8188 7.1842 10.9459 34.5759 23.0177 15.3715 
7.7046 13.35 13.7704 3.095 11.6257 14.5835 11.3984 7.2708 13.7097 9.8231 12.6185 7.0105 19.1083 12.5202 5.0991 
26.5939 19.6623 35.3428 23.8991 7.3032 30.1969 24.6359 23.2707 33.2682 15.7985 28.503 22.6729 7.6908 16.5106 20.3119 
20.4534 5.27 26.0075 20.8388 15.4503 29.7427 14.6539 20.1878 28.5189 19.8493 31.1658 25.5681 24.6662 27.0697 16.8425 
10.5981 23.2044 13.2367 8.3237 15.9511 4.0109 21.4828 4.1716 16.0743 10.5094 3.2921 3.1377 24.0301 11.4269 14.4726 
9.3824 12.3591 12.6175 4.4086 13.6047 15.7092 13.592 8.0869 14.5787 9.8246 11.5491 7.7765 17.333 13.6164 6.8354 
7.3866 14.97 11.7959 3.0971 12.2722 12.0111 16.6189 3.8359 19.1887 7.8455 9.143 4.1232 18.127 10.6421 8.641 
31.735 28.8434 35.382 27.543 16.4615 24.4314 41.7548 21.0558 44.1819 17.2035 27.5059 25.4049 6.7864 12.1229 28.7421 
19.8574 30.4297 24.93 22.4756 23.814 8.9596 29.2831 13.8572 32.3617 14.483 13.5381 14.1005 20.1989 15.4352 30.0743 
15.0189 3.996 16.9763 15.2952 18.729 24.3356 5.3765 20.7542 14.7526 21.8553 19.2003 16.9823 26.4058 21.4214 5.9836 
15.355 17.425 21.924 11.3063 6.0409 13.0238 24.0998 8.6536 23.5024 3.965 17.2986 10.8142 11.3255 5.759 13.9223 
4.9525 20.8094 3.4503 8.3924 24.2592 20.0069 12.2996 15.3315 4.2819 19.0016 12.6534 13.3297 34.9124 22.2307 8.9543 
15.4417 30.862 22.982 12.4664 14.2515 6.2285 27.7835 8.0689 28.0814 5.8411 11.0923 9.3564 18.672 7.7523 22.3886 
22.038 6.6679 27.6305 15.3514 12.2014 27.8434 13.6123 16.6668 27.0443 17.6489 25.6915 21.9892 21.8763 18.3541 15.0105 
3.4612 16.108 9.7774 2.8196 14.3707 14.1576 10.4825 7.5059 11.1707 12.3342 9.5976 6.2055 27.0352 14.2442 6.1449 
19.5241 21.2248 20.7021 12.7652 13.0333 10.8067 22.2988 6.6496 25.0234 2.8775 13.0576 9.984 13.7541 2.6288 17.4548 
20.3477 34.7488 22.1635 18.2456 21.7734 5.7655 30.298 11.6721 30.6191 10.0224 11.3211 11.6112 18.0373 10.183 26.1703 
24.4658 14.7422 34.8111 22.2259 6.1964 25.8534 22.5431 19.8608 31.983 18.2316 24.6373 20.7433 10.8628 16.0282 18.8083 
2.3062 16.8236 6.5257 3.8644 20.8584 14.1979 10.1483 9.0885 10.239 15.1174 8.2909 7.8938 22.4293 15.2964 5.5155 
13.1747 29.3755 17.804 11.2574 23.8136 1.7115 24.9776 9.2986 22.9668 13.9633 5.77 8.1161 28.1786 14.5274 18.4524 
5.3684 16.7573 10.2082 2.2177 13.8788 10.1225 16.7751 3.3722 13.0801 10.7276 5.8443 2.0778 20.0596 12.6454 10.9178 
23.8057 26.7703 28.5687 21.7984 9.8747 23.7508 29.0186 20.0362 34.3662 13.386 28.3313 21.5319 0.6556 12.4191 27.5124 
0.8606 21.0421 6.2008 4.068 17.2349 13.7518 11.7221 7.5729 10.0056 15.8725 8.2258 6.7838 28.7279 16.2657 9.3183 
10.5418 12.526 15.3286 6.631 9.664 16.7259 15.7914 6.9125 18.5397 8.6611 13.9482 7.591 19.1392 11.053 7.849 
5.0204 24.3377 5.9506 8.1827 25.274 8.6896 16.3281 8.7403 10.4444 16.9899 3.5891 7.3418 30.524 19.6029 11.3693 
11.0426 17.2835 8.4272 13.4527 22.9829 23.8102 5.0883 19.4021 7.658 21.8196 16.4752 15.8923 36.8956 27.318 8.0424 
4.4603 16.8558 11.2254 2.3662 14.2022 8.8756 14.5008 3.8261 15.0384 11.6421 5.5088 2.4961 24.5315 12.0828 9.328 
11.1598 29.0014 16.529 11.5559 20.4894 1.6311 21.4149 6.1135 20.3634 10.0377 5.6451 7.0141 24.2244 11.1895 20.5834 
3.8802 21.6637 6.3461 6.582 22.549 8.9748 19.6123 7.7546 13.1896 14.3726 3.3835 6.0995 28.0856 14.9098 13.5937 
8.8906 13.3265 13.6017 2.9839 13.8357 14.5883 14.5939 5.694 15.7877 8.6294 10.4579 5.2173 21.2171 11.6419 7.6588 
12.4528 8.6811 16.3117 7.778 12.736 16.7655 11.9656 10.6786 15.1579 12.1335 16.6515 9.8853 19.6906 14.9089 5.4864 
7.022 11.0201 12.2404 4.1958 16.1011 15.8628 9.2338 9.4965 13.1253 16.0156 12.4489 8.8828 21.6478 16.6452 3.3763 
1.6091 14.6701 6.9069 4.7245 17.2175 12.3604 11.3706 8.6189 9.6792 14.9985 9.2766 8.1964 28.5733 15.8428 7.1204 
18.0167 8.4332 23.1366 12.8434 7.1531 21.6185 16.8429 12.4286 20.1142 12.6506 22.8617 13.3948 13.8715 14.5918 10.1163 
21.4939 29.3746 23.2026 17.8765 15.9756 7.4378 31.2414 11.6178 23.6249 9.0452 12.0051 10.6244 18.3849 8.1563 22.2149 
8.0032 28.8795 9.9128 8.741 24.0858 4.995 24.0582 7.9136 16.5502 14.5011 1.5013 6.9294 29.5912 14.0097 17.2821 
8.5509 20.9804 12.3663 5.287 13.1774 8.5454 19.1768 1.4263 19.7788 6.2264 8.6355 2.1295 20.9496 8.4929 10.4775 
16.1018 27.3482 17.5083 16.9192 24.8202 3.9824 26.7485 10.728 21.4422 15.8727 8.738 12.616 23.2388 14.4362 24.2197 
16.8967 16.2682 24.6341 12.6729 5.2516 17.0113 23.4442 8.6982 24.1332 4.8781 13.7956 11.0581 9.9521 6.1935 13.3898 
6.4988 17.6778 11.8892 3.5845 15.4374 8.3986 15.3519 2.4579 15.9602 9.0296 5.862 1.0476 18.5967 9.8116 12.5867 
28.0213 28.7279 33.8806 23.1833 13.3306 20.4406 30.7397 18.1247 36.9804 13.1587 21.5085 17.8667 6.8424 11.0523 33.1376 
10.5489 12.7415 13.3505 14.4842 23.208 25.601 3.0477 19.8912 9.9045 24.0239 21.0736 18.8077 31.3586 26.3462 7.4263 
16.7369 35.5719 14.8209 16.6263 25.2343 5.7295 30.5783 11.0588 19.0674 16.619 6.4431 12.6156 30.2633 17.7746 24.3542 
10.8543 17.5394 10.9839 13.585 26.3668 27.3335 9.2316 20.7016 5.9372 24.3963 18.3315 19.5736 40.6447 29.7009 9.3441 
11.4409 9.2548 12.3968 13.6154 22.7257 22.8933 1.4395 18.3353 12.1976 24.7965 17.478 15.3896 31.5789 26.3377 5.6771 
25.8965 31.58 33.7036 21.455 15.0363 19.1457 37.1373 20.4564 38.1827 13.2067 23.0607 23.6672 5.2635 11.4709 26.5488 
25.6556 23.8781 29.4756 25.4105 7.5497 26.287 27.7983 21.3293 34.5366 15.3985 28.3017 23.5791 7.5085 13.9323 23.8432 
8.4717 18.7004 5.9873 12.4275 23.8398 20.7336 8.8106 19.3603 3.1793 24.6116 15.3686 17.8669 37.1397 24.2441 7.7715 
21.1957 32.5334 18.0074 17.2126 28.8602 7.4309 32.0108 14.1609 26.7156 18.9091 12.4873 15.67 30.6141 19.9685 29.5995 
11.6358 12.017 14.0595 11.2892 19.917 20.9591 2.1061 16.2931 11.0737 24.4804 17.0047 19.0713 34.5658 22.5202 5.5369 
8.0254 22.2193 12.9294 5.4635 15.1706 7.3422 17.0263 1.8923 16.5799 9.0143 5.2054 0.6812 22.1887 9.577 12.7387 
11.1437 6.7507 18.2156 11.1074 14.5982 23.0957 8.7756 11.6936 17.0168 17.6977 19.2466 12.4855 22.1449 16.5697 6.0326 
14.1629 14.5322 19.7467 8.5994 5.9412 17.0017 15.9382 8.5355 21.4583 7.2628 14.8193 9.7766 13.1002 9.4887 12.4341 
11.0852 17.3031 16.563 7.63 8.9815 9.5508 21.517 4.1849 20.8043 4.6725 10.0404 5.209 16.2067 7.2033 13.6081 
16.3001 30.8584 19.2642 15.5073 20.8768 3.8058 31.7256 10.3619 26.9179 11.0457 9.5273 9.5848 23.5343 12.1638 19.7428 
4.3753 23.483 3.0582 8.3813 22.9393 14.3592 14.4556 13.6757 7.4504 19.5754 6.8945 10.3366 34.1163 19.4225 12.2717 
13.5303 13.6578 21.2787 8.3721 6.2757 15.5248 17.8329 9.3538 20.1964 5.9677 16.2384 9.5941 14.1671 8.5667 14.7608 
10.613 26.7811 14.0871 10.1245 15.979 4.2634 19.5482 4.0423 20.2413 6.7919 6.1211 4.1203 19.2756 7.8958 18.2306 
10.9022 26.0215 15.0575 10.363 23.9858 2.7705 27.4912 7.223 17.3377 12.31 4.098 8.0048 23.764 13.0407 20.433 
15.7121 4.8898 17.2522 14.2446 20.5992 26.5716 4.8886 18.3842 15.4835 18.5937 22.1668 16.6091 23.7841 22.5936 6.3746 
16.8008 3.8912 19.8909 12.4046 16.4356 26.7494 7.6959 16.8352 17.427 20.7404 23.7703 15.1815 22.0322 20.3735 8.5425 
20.7761 29.7336 27.0205 16.1271 15.2347 12.6628 33.9852 11.1608 33.2519 7.9126 19.3129 16.0833 13.2507 6.8546 22.7991 
7.7161 24.6891 8.6955 12.2647 24.4472 7.5018 23.2394 11.3927 15.2285 17.0712 4.2776 8.3605 26.7656 19.5178 18.0521 
22.7602 39.0586 25.4031 19.6846 19.6976 9.2829 36.1438 13.3744 27.7057 12.6801 14.1852 13.5116 23.3397 11.5249 25.1009 
20.7847 41.9102 19.2333 21.7373 26.425 9.5248 33.3187 17.4193 30.7711 17.298 14.6839 18.5155 26.2072 21.2822 28.8369 
22.5182 25.6188 26.0722 18.5554 13.9491 10.93 33.0818 10.9998 28.0519 6.0451 15.3197 14.3273 10.3513 4.2987 23.1984 
9.8046 23.3999 13.1553 5.3841 15.2778 7.8058 20.3525 1.6388 17.2921 7.4734 5.3627 0.9668 22.2237 10.0881 11.257 
20.1562 23.9416 25.4188 16.7043 10.7678 12.3339 25.0608 9.649 24.3327 3.698 14.4254 10.0868 10.2357 1.669 19.2262 
6.959 13.6355 11.8189 2.5757 13.9801 12.1736 14.4837 6.2027 14.382 10.2982 9.2247 5.4403 17.953 11.2808 7.2433 
5.6638 13.6429 12.6904 2.2235 12.9027 15.2228 13.4388 8.2837 15.1438 13.1082 10.4594 6.9214 24.1671 12.4897 6.3291 
31.1817 13.3907 33.835 21.0507 11.8933 27.7189 21.3522 26.428 29.2152 20.3026 30.1034 26.3233 19.6822 19.7706 24.4458 
23.6675 10.0878 26.7731 22.1725 16.2932 37.7747 22.2068 23.8905 35.0482 24.201 30.0224 28.5999 25.7784 28.1864 18.0465 
24.9404 11.1206 28.4874 21.0794 10.9367 24.7621 16.9399 20.3198 30.0866 16.404 27.6468 18.6475 18.8733 16.3896 15.4313 
17.8865 27.8599 18.2126 11.1005 15.0819 5.3068 27.1733 7.8607 27.9009 6.0732 10.8277 8.0468 17.2763 6.9481 18.1876 
9.2302 10.9296 13.0536 10.0602 19.4333 20.8288 2.5135 18.9622 9.301 19.5239 19.7069 17.2533 33.1273 20.9692 3.8671 
15.1154 8.5225 16.9457 9.1823 8.2867 18.2375 14.3883 12.5567 17.4508 11.9291 18.7373 11.0214 16.5459 12.6993 8.6934 
23.3148 25.67 26.1327 17.4452 12.9306 12.2232 25.8905 11.8784 32.4012 6.35 17.8255 12.3804 8.7612 4.2246 24.0308 
22.0718 21.8116 23.0208 14.2776 7.3097 16.8106 23.1966 9.8464 25.9337 5.077 16.6279 13.5438 9.3228 2.8683 17.7737 
23.7999 6.1953 27.6698 17.0713 14.1322 28.9235 17.3867 24.2036 23.6531 24.6429 31.4291 22.2077 23.3185 22.1393 17.48 
9.2458 17.6121 13.2189 4.5749 15.4797 8.7634 17.3385 1.0386 16.9413 6.324 5.9954 0.7803 19.5151 10.472 11.7947 
15.5293 21.8617 19.2908 9.4067 10.4687 9.2083 23.4194 6.183 23.7178 0.9534 11.7494 7.7649 14.4654 3.3598 16.5277 
12.6398 14.1228 17.5424 7.2338 9.0112 14.0269 16.7227 7.5199 21.4817 9.4432 13.9183 9.6584 18.4813 11.2131 9.0532 
26.7937 15.0673 27.037 19.2174 9.0622 26.087 20.7546 23.4282 29.5183 21.3449 29.8672 25.495 12.3503 19.6114 23.1699 
14.7154 13.4688 19.7188 10.0907 3.4975 16.8915 19.9545 11.8873 24.9393 7.7753 16.1978 12.4313 11.407 9.8212 14.1736 
3.3586 17.0089 3.4667 8.6863 23.3978 17.6651 10.3047 13.2303 4.6838 20.0797 11.8851 11.8138 26.894 22.1876 7.2792 
28.2197 24.7361 30.6663 23.7459 8.5013 23.4813 29.5928 19.7927 32.5881 12.1358 26.9752 22.3915 1.889 9.0346 28.1292 
10.3358 18.7325 7.882 18.2938 28.0305 25.8218 11.3391 19.9991 3.0216 26.5533 16.72 19.7165 41.5704 29.337 14.7474 
21.3643 15.8428 27.7973 17.5714 5.0278 26.8834 21.2933 18.8876 33.2472 13.8968 23.1191 17.6499 9.9716 13.1382 19.2142 
8.3335 19.54 13.2594 4.0806 14.7821 7.1418 18.9966 1.5678 18.5566 7.5095 6.6424 0.3903 17.8781 9.6489 13.0492 
17.4331 25.1633 17.8877 10.6104 11.4968 9.4673 25.2705 5.9366 21.4721 2.5415 12.3145 8.0639 13.6794 3.5681 20.1416 
6.6006 23.8087 5.6398 13.0369 23.3872 11.8174 19.6659 14.9673 11.2213 17.7721 8.0098 11.8924 34.856 23.3671 13.5797 
24.6225 31.8969 26.7473 19.2521 16.1926 15.1511 34.653 14.3275 33.8454 8.1535 16.5245 13.8747 11.4472 7.6564 25.9279 
13.4947 12.2585 11.4818 13.8641 20.5533 22.9036 2.0751 18.5855 9.4554 21.4282 22.4371 17.9822 32.9848 26.6714 6.4104 
11.8469 33.0702 11.4975 11.5996 24.8056 6.631 23.1071 13.2649 15.5724 15.2343 4.3906 11.9743 25.7391 21.3305 18.903 
2.8329 20.4151 3.1902 7.6477 22.104 15.3428 16.8831 13.0087 7.0706 18.8498 7.3703 8.4252 25.7296 21.2444 11.5361 
17.9146 1.5959 20.9274 18.2332 16.027 32.0063 10.1769 21.2987 19.3582 20.8383 23.3472 20.0119 25.3164 25.2422 9.9356 
20.2902 32.5711 27.2559 17.4408 15.7953 8.3823 29.9539 11.4754 24.7882 7.0974 16.1152 12.6468 13.9765 7.547 27.0844 
18.7819 16.3651 22.621 12.5049 3.2436 17.8035 22.5823 10.6095 28.721 6.0174 17.3804 12.1585 10.983 6.3068 14.464 
13.3673 22.6829 18.2828 8.4219 9.279 9.8998 19.6765 4.3389 22.4075 2.539 9.8189 5.2306 16.0392 3.9319 16.6752 
14.2584 17.9134 19.9942 12.8701 5.0679 15.5646 22.0968 8.8586 24.4345 5.0218 16.8406 9.1725 10.3756 4.5145 15.5891 
18.4008 2.364 20.9163 12.5001 13.2365 24.1372 9.2504 18.3845 19.329 22.4437 23.8501 18.6937 23.5844 19.2112 9.0432 
24.348 32.9648 23.0919 20.9424 16.6669 8.9744 29.805 11.8649 33.1635 10.862 15.1384 15.9941 19.3528 8.8715 22.8589 
33.91 27.0196 36.6108 27.5233 13.4821 23.8247 38.3149 23.2499 42.5626 15.3993 26.2323 26.0163 4.5927 13.5835 31.7668 
24.0433 15.5675 26.6442 21.7089 8.9289 28.1178 24.3711 21.6548 35.26 17.575 31.7987 23.5089 16.1343 17.5392 18.7862 
8.4137 10.345 11.8531 7.7936 20.9564 23.3938 4.5919 14.5643 9.9641 17.8186 15.2091 13.7334 23.307 23.2225 1.4369 
26.3205 12.2324 31.8294 23.9188 18.8504 30.8959 24.454 27.6019 38.3411 28.9792 36.1956 32.6473 26.5252 29.6943 24.4025 
25.0621 32.7185 24.7155 16.8359 13.6014 13.3179 30.9859 13.0555 31.0087 7.9478 17.3637 17.149 11.7262 5.7151 25.2048 
31.715 30.9757 32.8603 20.6046 12.4079 23.9479 34.6664 22.1512 41.3539 13.5506 28.3555 18.6816 3.5773 11.7578 26.4981 
10.01 21.1273 12.324 7.0853 15.9251 3.699 19.6619 3.4652 17.7785 8.7411 4.6582 3.8035 19.4792 10.402 16.2113 
21.3117 5.4961 30.74 18.3207 16.2448 31.9748 15.8581 25.0619 25.188 20.1729 28.7079 20.6135 26.0981 26.8542 14.8458 
21.7046 22.2376 28.8683 20.257 5.3825 23.0377 24.8101 15.7802 36.4298 14.2632 25.2011 18.8345 4.8786 10.2214 25.6536 
18.8537 28.634 24.9323 12.4469 12.0344 10.6103 28.0607 7.7613 25.4011 3.9131 15.2898 10.5982 15.2262 4.104 20.4689 
18.0914 24.3477 18.9298 11.2763 8.8468 12.6951 21.7285 7.2592 23.303 1.1115 14.7585 8.6276 12.5956 1.6542 15.362 
23.239 7.0365 26.4581 19.4136 12.0929 29.6524 15.5475 23.4519 25.5031 18.2213 30.5586 24.0915 20.6143 18.7644 13.6259 
33.3522 32.7439 38.7292 25.3441 14.0877 28.0934 37.9198 23.5609 37.914 18.6086 29.1656 26.1829 4.7899 14.1705 28.5045 
31.7607 26.6317 41.7976 24.2442 13.1011 28.2716 39.4275 23.7571 44.9233 14.7748 33.2037 25.6062 4.8893 13.8745 30.6094 
5.6168 22.3009 0.5671 11.6305 25.3729 15.7551 15.2537 13.1183 5.35 21.164 9.2912 14.9013 36.5494 20.7652 10.5582 
21.0263 32.3381 20.7926 20.9279 27.5237 10.2464 33.7949 17.7111 28.7267 19.7592 11.5924 17.8301 29.7694 21.8632 31.7917 
33.0327 22.7799 36.639 21.7121 11.3321 25.5277 32.1771 23.5468 36.9108 17.1934 26.9978 21.6242 3.0633 14.0187 29.624 
3.1643 18.0125 5.0918 7.098 22.3294 18.0079 10.5033 11.1329 6.3274 17.1003 11.2681 9.702 26.2465 22.4727 5.1101 
10.877 12.0432 11.748 12.2031 23.5337 22.8651 2.1494 19.906 11.1629 24.9212 19.4605 19.183 27.4408 27.4837 6.6553 
5.214 22.4063 0.7019 10.4467 21.5872 17.5134 13.5489 12.53 4.2458 23.1908 10.0486 11.0381 29.635 22.1785 11.5977 
26.7335 31.1174 34.6082 19.807 14.4197 18.691 33.5236 17.4897 38.3825 12.3441 22.4984 19.3281 9.8269 10.201 31.8071 
24.954 28.6309 32.9736 26.8307 15.9472 20.3956 31.735 19.3525 36.7025 11.383 27.4466 19.1886 8.7007 11.6999 34.0686 
21.2627 30.6587 23.9555 18.7092 19.5478 7.7773 29.7713 11.0416 31.1773 10.2616 13.5015 12.1548 18.0442 9.4204 21.8573 
15.0208 16.7044 20.7336 10.2623 8.4098 10.9252 18.7406 5.0069 25.3156 2.3819 12.3916 7.0192 11.6661 4.1793 13.6127 
24.551 15.0178 26.3145 17.5711 2.2661 24.2149 25.053 14.9357 31.1033 13.6618 23.4042 17.8492 8.5447 11.6927 17.9146 
18.4847 28.5356 23.8195 16.9737 18.0503 6.8264 32.5642 10.3709 26.6933 9.2221 12.085 10.0184 20.4218 9.9236 26.5599 
25.7764 27.1641 35.5316 21.5466 13.2235 20.7879 38.7338 21.9976 40.6121 14.553 24.7253 23.4588 5.3343 13.4915 26.9765 
18.036 29.9151 26.4326 19.5754 15.4465 8.9651 35.2444 11.0279 26.5622 8.146 12.92 12.9672 15.9661 8.2893 25.8556 
25.9374 31.1594 29.8811 22.3675 11.215 21.514 36.0937 17.779 33.441 9.7742 21.251 18.1544 4.565 7.9493 27.2477 
1.0953 17.1314 4.0392 6.6042 22.8322 13.8924 12.6825 10.5263 8.3054 16.0637 7.5927 9.0457 27.1059 20.5398 8.3889 
9.9875 27.1889 12.29 7.9865 20.1491 4.2894 20.301 5.4357 17.5012 10.5328 2.4545 4.8149 22.9756 10.7709 15.0543 
12.1922 22.0256 14.617 7.8953 11.2152 9.0782 22.2502 2.8167 22.0836 3.8525 10.5225 4.6606 13.8099 5.7735 12.5218 
7.6908 20.3281 4.5224 14.0038 27.9859 18.0672 11.8942 16.1882 0.2929 20.6777 15.8557 14.4782 35.6534 22.9125 11.3059 
13.6489 8.8264 13.7009 16.1468 19.7509 26.9959 0.5583 18.6565 11.3348 24.211 19.2107 20.5217 27.801 27.7544 6.0268 
21.9688 16.7995 28.6883 19.7787 3.7182 21.4787 22.54 18.17 26.6983 15.6783 24.7563 16.7497 9.0789 12.572 20.8947 
15.2931 4.1576 16.8686 12.5233 18.1811 26.3927 6.2631 18.3904 15.2607 20.7278 19.5813 15.5387 22.8238 20.5106 7.6788 
24.6097 22.2591 26.0767 17.7177 3.0524 19.7937 22.0014 14.4407 28.3231 7.9901 23.422 17.254 5.2421 7.7054 17.6078 
33.2096 32.4275 39.4908 29.2781 19.0242 23.2453 37.9075 24.1879 41.0961 19.0313 33.1529 27.5366 9.2762 13.3954 36.5655 
10.91 25.1376 11.085 13.051 26.4625 5.7925 26.186 12.059 18.6249 16.0062 4.2782 8.9944 26.3315 16.6956 19.3887 
21.253 31.8365 23.6813 18.779 25.323 6.8607 31.6848 12.3601 29.5863 13.3163 11.4758 12.1843 27.8762 15.6001 28.7822 
13.3147 21.4451 14.8836 7.04 12.6642 8.0856 22.6791 2.4187 17.716 3.9791 9.8079 4.3162 17.0445 6.0848 13.6514 
19.1165 33.63 25.1879 18.7357 25.1689 8.0434 37.9546 13.5671 28.535 12.5652 15.3302 14.7599 23.3672 11.5481 30.5979 
14.0839 24.8064 20.0743 8.2747 11.4258 6.1696 21.1592 3.5767 23.6792 3.9611 9.9904 4.6766 18.7535 5.9926 15.6983 
17.4255 29.6895 19.2927 12.9147 16.6337 6.3426 24.5768 9.1045 28.2785 7.3701 13.1988 10.9263 15.4502 7.3856 21.5463 
8.5103 19.189 3.1896 13.1615 24.9929 18.9664 11.5368 17.1727 1.2856 21.2914 13.7897 17.9437 37.5196 27.1635 12.5029 
17.5066 3.7007 17.9502 14.3943 18.3358 27.3681 5.4685 18.6521 18.7861 19.1756 22.2695 18.7869 25.4375 22.5188 6.3756 
14.8385 30.1875 18.4246 12.928 16.9176 5.0916 27.1939 6.5898 27.7274 6.6968 9.8264 8.6376 16.993 7.2968 20.3152 
23.4211 21.7106 28.3085 17.8301 6.0628 15.8632 26.9787 12.0939 31.9984 6.5854 20.5199 16.699 5.1964 5.5496 20.0847 
7.9241 26.26 5.2938 12.4227 27.4036 11.3998 19.6545 15.6999 10.1535 22.3492 7.2814 11.1112 31.3394 23.6341 16.8244 
7.6065 11.6462 12.3505 3.7307 11.7646 14.32 10.578 8.1266 13.2451 10.4911 10.3999 6.6006 19.7979 13.1947 5.3528 
27.9442 17.9201 36.906 22.2011 7.8325 30.3213 26.208 18.0068 33.2485 18.9848 25.2717 22.3871 9.3349 16.2649 24.0457 
26.0621 5.9438 23.1647 19.9121 14.8157 27.8586 13.8193 21.1463 27.583 24.619 28.2288 21.9779 25.9454 20.5022 14.2555 
9.3795 21.8633 12.0595 7.1055 17.8516 3.9448 23.3313 3.7539 16.4154 8.163 3.4458 3.8266 22.5787 11.0823 15.7061 
9.6804 11.6234 14.2339 3.4616 13.6978 13.1973 11.4531 7.4777 14.9716 12.0183 11.397 7.3917 21.307 13.645 5.9736 
8.8925 16.9803 15.4934 2.9772 10.4121 11.063 16.1851 4.2899 16.8503 8.5629 9.5878 3.8252 18.9565 10.4362 9.8653 
27.1717 36.9696 39.6539 26.852 17.9633 26.1502 40.788 24.2478 37.4317 14.8876 30.6628 24.1394 7.8325 12.7626 33.9471 
20.1253 33.3869 26.5782 17.3409 22.8614 8.4377 36.4213 15.1897 33.7643 12.7732 13.4719 15.4514 19.3974 12.3372 27.1833 
15.0231 4.8456 15.2548 11.971 16.7299 28.8679 4.8678 19.2273 15.5526 19.1674 22.0984 17.8058 25.0415 24.6264 7.605 
16.1223 16.0287 19.6917 10.5881 6.1708 14.86 22.7485 7.8917 21.8331 4.0046 17.3733 10.0832 10.4215 5.3131 15.7163 
4.7963 18.9206 2.9614 9.2456 22.1708 18.2795 10.5161 13.2282 3.4822 20.7129 10.4471 12.057 27.5653 21.4851 7.9504 
16.4318 25.6882 23.3573 13.5161 16.7633 5.7875 23.7165 8.962 24.2641 6.77 12.8198 10.3588 15.0497 7.8549 23.0987 
20.441 6.2129 25.2352 18.8063 11.8579 23.0037 17.5104 19.0888 27.0733 20.1452 25.5144 18.4301 18.8272 20.9957 12.5396 
3.9563 16.2168 9.9548 2.7968 15.4541 13.2812 10.9581 7.2566 11.0853 13.4411 8.8648 6.2627 24.5775 14.784 5.1579 
17.8482 23.8281 21.1956 12.8643 13.1986 10.902 28.5549 6.989 29.0289 2.4242 13.4411 9.5343 11.6159 2.3518 18.1546 
18.6585 28.4267 23.7349 16.389 18.2767 7.464 34.4292 10.5668 26.0345 11.2886 11.4821 12.004 22.4471 10.3587 25.0195 
24.5545 14.8733 27.9357 20.7906 7.682 26.31 26.405 23.2955 28.7509 18.1981 30.7161 19.0516 10.3437 14.5674 19.295 
2.6282 14.3877 7.1906 3.4676 18.6131 15.7635 12.3847 9.1151 8.4406 17.0409 9.5004 8.0049 23.9261 17.4915 6.1276 
12.7434 29.326 17.7503 13.5542 23.8948 1.5634 29.5816 8.2308 22.5874 12.6598 5.2082 8.0439 28.1574 14.8069 21.8858 
6.4424 17.4 10.8288 2.3066 13.727 8.3427 16.0616 3.2519 15.2079 9.9326 6.4486 2.0477 19.7073 12.6387 9.7595 
26.5219 28.503 33.7092 21.7791 9.2646 23.0117 34.0015 20.2441 40.7784 14.7306 25.9629 22.2125 0.8005 12.0562 23.4595 
0.835 16.452 6.7001 5.0567 18.0152 13.0096 11.9511 7.5479 10.75 13.8757 8.08 7.3924 25.7777 15.6027 7.821 
10.8368 13.7846 16.6893 6.8057 10.2369 13.9164 13.6242 7.8993 20.4695 8.5587 12.2438 6.7788 15.0038 11.1395 8.7894 
4.885 26.4167 6.1213 8.4397 22.8185 10.467 20.2121 10.303 12.3752 16.8947 4.6954 7.032 31.7972 19.4168 12.897 
11.6326 16.1705 8.8299 11.7506 22.6712 26.0439 5.7006 18.1385 7.3151 22.11 20.0232 16.2039 28.8907 24.741 6.8706 
5.2995 19.9937 9.0753 2.8339 14.8601 8.7224 15.3695 4.7663 13.6285 10.8778 5.1534 2.5415 24.8074 13.3619 9.5835 
12.772 25.9343 17.4079 10.6696 17.491 1.4885 25.2467 6.3585 17.9836 7.8302 5.6105 7.0249 22.3315 11.1404 18.0439 
4.2654 23.9685 6.5278 7.0502 21.162 10.5058 19.3618 7.2385 13.2974 13.3137 3.0031 5.9428 28.2299 15.7238 13.1564 
7.3889 12.7482 13.7938 3.4301 13.8635 14.7805 14.626 5.9365 16.7405 9.6881 10.837 6.1103 19.7072 10.1987 7.9871 
11.3083 7.8125 15.2452 7.3084 11.3506 19.9353 11.9126 12.4524 18.2223 12.0322 16.5768 12.8375 22.6445 16.2588 5.7533 
7.6318 13.403 11.2352 5.337 16.6404 14.9985 9.2849 10.0028 11.2652 13.0645 13.0685 8.0483 22.0583 14.5762 2.7956 
1.2581 18.1164 6.4431 4.3048 18.2306 13.3473 13.4641 10.3081 10.3912 16.7909 9.9478 7.4648 29.4594 16.562 7.1108 
19.0877 8.4332 20.8149 11.0471 7.252 24.2183 15.2825 13.5082 23.4589 15.1001 17.5532 13.1432 14.5544 12.74 12.6087 
20.7722 29.094 22.7056 14.9738 17.7534 6.6724 32.3897 10.6533 24.2275 7.9303 14.409 12.954 15.7679 9.0896 26.3647 
10.1305 27.4434 10.719 10.7179 20.2922 4.3088 23.9307 8.1378 16.4205 12.3008 1.5747 6.3891 28.8093 15.5513 17.8384 
10.1746 16.3384 14.5447 4.4237 13.8708 9.6772 20.7031 1.3821 17.6868 5.987 7.5862 1.9172 16.5358 8.925 12.7379 
15.5161 30.1066 18.5277 14.2667 21.3177 3.623 30.6627 12.8114 24.6829 12.9256 7.3716 10.3586 29.2955 14.1723 20.4135 
16.6824 16.6041 23.135 12.5323 4.9403 14.3958 20.7163 9.8539 22.6789 4.8869 17.3242 9.904 10.0583 5.1068 15.8915 
6.5127 22.7957 10.1382 3.4704 15.4104 8.9324 18.9174 2.7812 14.387 9.9424 4.8304 0.9127 24.149 11.1591 9.9567 
31.7505 30.7218 31.0263 24.4907 15.2815 20.8958 38.2952 21.5241 36.9381 12.3447 25.223 20.5403 7.3905 10.8887 27.7213 
11.0529 12.2092 12.4943 13.5969 23.18 22.2117 3.067 21.2379 8.2419 26.7911 18.2802 19.651 33.7924 26.2711 7.5993 
16.1164 27.662 14.9585 14.4199 23.6571 6.7813 24.1048 12.7438 18.5395 16.5146 6.4516 12.1871 28.4715 18.4441 21.3187 
13.1184 17.7143 9.3553 16.4119 26.874 27.9074 7.3801 21.1857 6.5211 26.5095 20.5446 18.6877 32.7087 32.3207 11.8615 
11.836 10.2964 14.3981 13.663 21.492 24.4976 1.2064 16.0048 10.6473 24.1541 18.271 18.1756 28.5751 23.4691 4.8674 
26.8196 27.6205 33.3198 27.9104 14.8449 23.8603 33.0366 23.0199 42.5098 12.0003 23.9364 24.0533 6.4309 10.2971 27.9639 
27.31 23.4447 28.9386 25.831 8.4682 27.5497 28.9132 21.3353 39.1079 17.9118 28.6793 19.5612 6.645 14.7879 23.5499 
7.3356 18.1021 6.9097 10.7367 23.345 21.4687 7.7541 18.7803 3.0558 23.6596 17.8769 15.5265 29.8446 27.3902 8.8496 
19.4616 38.9006 18.8027 21.3482 26.7339 8.3029 30.8296 16.2449 24.6853 16.458 9.8268 16.6643 33.309 16.7607 25.2497 
11.1953 10.4084 12.2774 12.8779 22.1307 26.3807 2.288 18.677 11.2764 25.5439 21.8656 19.689 27.3884 27.1979 5.3622 
7.6019 21.4054 12.6827 5.343 16.6815 7.8642 20.1518 1.5939 16.2111 9.069 5.9474 0.7025 19.3009 9.8397 12.702 
11.4848 6.2761 17.2592 9.6607 14.1767 22.4978 10.2189 15.4322 19.9712 15.5274 17.0504 14.2483 21.4953 16.7114 6.3644 
16.3263 14.3894 19.4931 9.0186 6.3881 17.0971 18.9636 8.881 22.5647 8.4176 14.9662 9.6811 13.9891 9.7474 13.5349 
13.2609 18.7092 18.9375 6.0982 10.0422 12.3811 21.4627 3.5962 19.8037 4.0016 10.8732 4.6953 16.7649 7.3707 11.871 
18.4586 26.3801 18.6716 14.0469 21.6471 2.9403 28.7033 10.3488 22.6968 10.8064 8.9241 10.514 21.5797 9.969 21.3938 
4.414 22.7181 2.767 11.0469 22.5135 15.182 17.5026 12.2563 6.8624 21.4687 8.3595 11.1484 32.8893 22.06 12.51 
15.2959 14.566 17.9117 10.8451 5.7193 15.1281 17.8915 7.2951 25.3296 6.4469 17.4118 8.3834 13.6944 8.6963 12.6244 
11.0194 21.5739 17.0854 8.7695 14.7396 4.9315 22.4208 3.5546 18.1076 6.2056 7.1596 3.925 17.5621 8.6663 16.4593 
11.7383 24.4222 13.2096 9.7205 22.6876 2.4169 25.4951 8.8089 20.0101 11.4533 3.7968 7.5311 27.2981 14.9478 19.3529 
13.2088 5.1827 14.4742 12.7398 17.4543 21.7076 4.7254 15.9556 15.0432 19.6362 21.1698 18.1715 24.671 19.4117 5.0185 
14.9882 4.0428 16.3299 11.2243 15.2213 24.6559 7.8225 17.432 18.6468 18.4484 19.9455 15.8457 23.7714 19.6036 8.4949 
20.36 29.416 26.5117 18.4504 14.1204 14.7246 35.4764 13.8483 33.1985 8.7586 19.3129 14.8662 13.2437 6.9984 21.7693 
7.7335 29.1529 9.2978 10.4349 22.6376 9.2691 22.0969 9.8179 11.9785 15.9233 3.9197 9.3342 28.291 19.147 14.7616 
24.3463 37.3774 28.2638 19.2874 24.5005 8.0059 36.1052 14.6041 31.2089 13.0056 16.2793 15.5778 23.7563 12.5277 27.2743 
23.0332 39.4198 21.8686 22.1215 27.516 8.1869 38.9595 16.9199 29.7111 21.3376 11.6857 17.08 29.8519 19.7094 24.8178 
18.7269 24.818 23.8639 18.2897 11.5909 13.3815 27.4562 11.5557 27.6827 5.2615 18.25 13.8917 12.5404 3.4916 19.9664 
9.4118 19.2231 12.2086 5.9293 14.3389 6.6379 21.699 1.3118 18.2836 7.301 6.3351 0.9552 19.5236 10.3051 12.7362 
21.4331 21.7728 26.7411 16.0479 9.9894 11.9119 28.7213 10.4198 24.9075 3.3412 14.1827 10.5431 9.301 1.5564 22.372 
6.415 14.6697 11.0979 2.3161 14.0256 11.8626 14.4762 6.7196 13.8413 11.3831 9.6551 6.2108 22.1255 11.7704 7.5902 
6.0847 13.2985 12.2246 2.3668 12.4185 12.7836 12.6548 6.6607 13.7228 12.7649 12.3456 5.8206 20.2888 12.6542 6.5115 
27.3403 15.4398 28.9236 22.768 13.2103 36.0683 23.4526 22.5062 35.1262 21.731 29.3037 23.6159 20.3065 22.6872 20.5097 
24.7092 11.104 27.5239 23.7339 18.3217 29.5335 20.6327 28.8399 32.3481 23.7422 34.6572 29.4621 20.4539 28.0507 18.8824 
20.7197 10.4026 27.9709 20.4537 8.817 30.7558 19.5546 18.3899 26.4839 21.3382 29.7045 20.5396 16.4245 21.7368 19.0634 
15.5883 23.2793 21.2049 11.5991 13.9365 5.215 26.1531 6.3106 23.6656 5.3215 9.0354 9.5431 18.6091 6.4076 21.7265 
9.7347 12.2661 11.7253 10.567 20.7366 23.9489 2.4548 18.8563 9.5436 21.0328 16.9495 17.3661 29.942 23.7678 3.8098 
15.4956 11.0503 16.0454 10.4837 9.4196 21.5226 12.8185 11.0115 20.3304 10.9216 19.5757 11.7075 17.2809 12.8654 9.4601 
19.971 23.8729 24.0861 15.6012 10.5552 13.5204 31.6058 11.0746 26.8023 5.6467 19.7461 12.5519 9.3541 3.662 23.5868 
22.1217 19.1057 22.1433 13.7611 6.139 13.5612 23.3059 11.7498 30.5188 4.4473 16.7467 11.3746 8.5854 2.8166 20.7547 
21.3995 6.1914 29.3413 17.6056 13.9478 29.4784 17.5943 19.2182 26.1252 24.1759 27.6289 20.1766 23.4846 22.9106 17.8128 
7.4574 20.7668 12.7419 4.5265 14.0637 7.9049 19.3487 0.9538 17.3724 6.7619 6.1313 0.9462 18.892 10.1316 13.63 
16.9185 24.9422 17.6941 11.0485 9.3798 9.3931 24.6879 5.4584 24.5584 1.1529 12.215 6.6421 12.7118 3.3385 15.8284 
10.3197 12.8979 18.4029 7.175 8.7102 18.0051 15.171 7.9172 20.1436 9.352 14.0797 8.6655 16.1634 11.5012 8.8851 
29.9657 16.0164 28.5336 23.8561 8.7495 30.9643 21.9878 24.7023 32.7281 20.9641 27.695 21.5104 12.3745 16.0248 23.4456 
16.014 15.5201 24.4019 10.6313 3.3961 15.6551 20.3553 10.4309 22.2823 9.2805 18.1534 12.798 13.2271 9.5059 15.0479 
4.0888 16.3719 3.7962 7.5692 21.0871 17.6024 11.1496 15.1068 5.5524 21.885 12.2943 12.9094 27.3114 23.3826 7.4391 
24.8626 24.3494 35.2235 21.6247 10.3812 20.718 28.9646 19.1245 40.5335 11.5928 28.1343 18.4408 1.9084 9.1314 29.2526 
11.3365 21.6674 8.8272 17.0305 33.4807 23.1048 11.8524 18.5602 3.3267 25.4665 16.1189 20.4855 38.1425 28.3901 14.9379 
24.7172 16.6487 27.9881 16.6042 4.9441 26.2131 24.6385 17.6357 34.1249 14.3353 26.1762 17.985 8.4361 13.9292 21.21 
7.4763 20.3728 14.0795 3.9976 16.109 8.8314 17.4218 1.477 15.6853 8.6645 6.7276 0.3073 19.5234 9.505 12.6706 
13.3065 22.2815 17.5638 11.2179 12.0767 9.5042 25.924 6.357 25.46 2.3261 13.1763 7.914 14.2805 4.0436 20.3141 
8.1617 24.0252 5.2241 12.718 30.0866 13.0024 18.3858 13.7435 9.3322 19.2611 8.3268 12.248 28.902 23.1479 15.2633 
20.5445 33.8564 32.0517 17.5501 13.0237 14.0724 30.6609 14.8852 32.5274 8.0606 19.1695 15.4831 10.922 7.1544 26.6467 
11.4848 12.6119 12.9318 13.4905 25.405 27.9526 2.0025 22.3772 11.8595 26.8096 22.5193 16.9245 31.4485 28.2844 7.1158 
11.0892 25.591 13.6302 13.4533 22.3046 8.0448 25.7061 10.6499 15.0175 14.6892 5.4041 12.3939 31.0898 18.9676 21.7399 
3.324 23.2056 3.0565 8.2259 19.9466 14.3402 14.1396 11.8036 7.3573 15.2238 7.8028 10.0879 29.1348 20.0153 11.4996 
17.837 1.657 22.8766 15.3191 17.6909 26.3518 8.2911 18.9667 19.303 26.7489 28.3074 23.1927 28.5713 23.2994 12.8264 
21.0635 25.3553 26.3406 15.9463 16.0703 9.099 27.6385 11.0279 26.1214 6.668 13.8059 10.741 15.7684 7.3373 25.3708 
17.263 17.3447 20.9087 13.5792 3.8406 15.1391 20.743 9.1584 27.7319 5.5103 18.0691 12.6809 8.4076 6.492 14.2114 
13.5652 19.7432 20.3492 7.6871 9.5509 9.936 23.7322 4.209 24.8216 2.3524 12.4091 5.3578 14.3762 5.1684 16.3659 
16.2275 20.4844 21.2733 10.3324 4.623 15.5475 19.201 9.3536 24.5407 5.0506 15.8556 9.6352 10.9313 5.4719 15.3181 
17.0685 2.4223 18.8447 12.8259 13.8033 22.5089 8.7748 20.1433 21.5793 18.6468 24.1233 18.7505 20.7001 18.9426 9.7196 
24.678 32.4773 26.6926 17.4591 20.5567 11.3167 31.5079 12.5595 27.969 8.8524 14.2177 13.2595 18.1283 10.3097 22.8219 
29.8264 25.9016 40.1706 22.7178 14.4692 25.2353 37.9422 22.2431 34.1664 17.3049 28.6017 25.5957 3.923 12.3517 27.7564 
28.5588 13.0763 31.1835 21.2162 10.9717 25.0604 21.3255 21.1062 36.4699 17.9461 29.2044 22.2323 13.6787 19.3335 23.3609 
7.8745 10.5984 13.3046 9.3176 18.6613 18.684 5.2867 13.5252 11.9673 18.1784 14.1911 13.3963 30.1666 21.2582 1.285 
32.0519 12.2786 35.8924 24.4947 20.7808 40.9582 20.4153 29.5139 32.7323 27.2476 34.0002 25.6573 21.7735 30.9127 21.3953 
23.3688 25.8907 28.8955 20.8262 12.8775 13.1945 30.995 13.3057 29.1216 8.6443 21.1612 14.778 10.8258 6.5847 26.4713 
29.4311 28.1839 30.2372 24.4801 11.2876 19.9501 31.0058 22.0563 31.9221 13.5317 25.9127 23.3368 3.2566 10.9879 29.0958 
9.637 22.68 15.7285 9.0265 16.5921 4.166 24.0678 3.984 20.5742 8.4053 4.434 3.6374 19.0693 10.9375 13.9252 
25.0374 4.9217 30.7709 20.6608 15.1094 34.3017 14.8329 23.486 27.6786 23.8948 30.2674 20.3793 24.842 22.3041 14.994 
21.6258 20.6141 27.1406 20.4339 4.9534 25.1568 26.2244 15.3136 36.458 13.7049 25.0448 20.2458 4.4402 12.2251 25.5044 
19.4279 29.9807 21.9431 13.0589 11.958 8.3868 29.2558 9.5116 26.7433 4.5953 13.4214 10.2225 14.0032 4.363 22.3551 
16.1956 19.6348 22.094 12.029 8.6469 11.0391 22.364 7.6581 23.9605 1.2162 12.1443 8.5268 12.6057 1.6105 19.3241 
21.6258 6.9984 26.4732 19.4404 13.4113 30.5669 17.8399 22.0613 25.0687 18.2509 25.8396 20.2501 22.7035 23.2671 16.0799 
29.5335 29.9284 36.2906 26.2705 13.1344 23.4578 31.7729 24.8846 39.8711 14.9723 29.0549 22.5847 4.9481 15.3277 32.2314 
33.2653 30.6499 39.5792 24.9714 13.5551 23.0941 37.65 25.9447 36.203 18.3516 27.5148 25.2854 5.873 14.5386 28.1539 
5.3023 23.6819 0.6569 11.9611 27.0287 17.332 15.9596 13.4287 5.3238 22.2874 10.1585 12.3028 32.2545 22.6415 11.1268 
22.3857 38.9808 19.7741 23.4771 26.6927 10.7407 29.7229 15.0639 28.2669 17.966 14.8379 15.9517 31.5101 21.5345 28.6351 
26.1738 26.9022 30.3811 22.2164 10.2654 23.9512 30.1143 23.7997 39.4594 14.0052 30.0772 20.1258 3.4105 13.2698 31.4815 
3.6701 17.1799 5.8004 7.2405 19.2126 14.5368 9.1789 11.7073 8.1432 15.7323 9.5448 10.7803 30.1289 17.9182 5.2867 
10.2287 11.9215 14.234 14.5757 25.467 25.4362 2.3354 20.2796 9.634 24.0651 21.2291 19.3921 31.3935 26.1117 6.9847 
4.4144 23.4482 0.6806 9.8243 25.3166 15.6684 12.8247 15.9363 4.9107 20.2905 9.3392 11.2662 29.5892 21.5121 10.1663 
25.221 35.5964 29.5626 19.938 17.0865 14.405 35.2839 18.9361 32.1828 9.5666 20.9627 18.4927 11.3814 10.2602 30.1016 
31.7722 33.5607 36.529 23.1888 17.0629 18.8931 31.5411 20.0032 38.0148 12.6021 27.3695 23.394 9.5934 10.7187 32.9009 
18.7117 27.1247 22.865 15.2984 17.7459 8.0126 28.5732 12.1166 26.0057 10.5279 12.7532 13.7712 19.2674 8.9708 24.8081 
12.2981 21.8566 19.9358 7.9504 9.7352 10.2229 22.8978 4.8126 25.677 2.5444 13.7673 6.129 13.6611 4.5218 13.0455 
24.2859 16.2697 29.9554 20.0741 2.3734 23.0408 21.9911 17.963 32.0939 12.8947 24.8645 19.6621 7.6517 11.4715 21.9846 
19.2991 31.8811 22.04 16.4384 19.1702 6.8834 31.292 9.7533 24.9997 8.4927 13.0574 10.7636 19.4145 8.9991 20.7003 
27.8976 32.8168 32.3196 24.4667 14.2141 22.042 31.902 21.8507 35.9889 12.35 27.1459 23.9155 4.9187 12.337 32.2885 
20.6585 29.4813 21.7923 18.3759 18.7261 9.1464 29.5123 11.403 26.5538 8.666 15.4452 14.5451 14.6356 7.8369 22.9529 
25.292 30.5721 29.374 21.2213 11.9369 18.7546 28.692 19.8915 34.8096 12.0733 20.6539 19.4866 4.2525 8.7945 24.2694 
1.0058 18.481 4.1884 6.6554 21.9355 14.5204 14.132 10.7 7.2181 15.4985 8.3122 9.7643 28.2921 18.8574 7.8571 
9.6839 22.5711 12.4374 9.309 16.3786 4.6203 18.7071 6.0317 16.7849 10.2303 2.3428 4.3571 22.3446 10.9067 15.7229 
12.3484 22.0592 15.131 6.5164 11.5571 8.7933 17.9313 3.2199 20.2875 3.7348 11.3404 4.6476 14.6403 6.2788 15.4604 
8.7954 23.4359 4.9113 12.8045 28.2245 22.2021 12.1811 16.6243 0.369 26.4793 15.8515 14.3472 37.7097 22.7468 10.1075 
12.4236 9.5869 15.0452 13.3677 20.119 23.5393 0.5967 18.1383 10.9998 22.8888 21.7282 18.1672 31.355 28.2342 6.2238 
24.3687 17.939 29.222 19.5825 3.8658 26.2786 24.3405 19.339 28.7223 13.2426 23.7251 20.4677 8.8158 14.0774 20.8379 
17.084 3.7692 17.4428 11.9544 18.093 27.4288 7.353 17.3724 16.7573 19.8276 22.4524 18.7772 27.561 22.0388 7.3618 
21.2737 20.4896 25.5391 15.104 2.8476 19.0263 27.0342 15.8056 33.7536 8.4178 20.9784 17.1703 5.2805 8.2494 19.7492 
30.9026 36.9596 35.0203 32.2351 17.8355 28.0842 42.8656 22.4163 37.8971 15.7521 30.3314 22.0117 9.3382 16.8494 37.4007 
10.6265 29.8152 12.6265 11.8331 23.622 7.1156 25.6851 11.2059 14.1613 16.9456 4.5988 9.7323 24.914 19.3838 17.9885 
17.2162 30.7634 21.9684 18.2281 22.5234 6.2847 35.6917 12.5834 29.0629 14.3789 12.4673 12.6123 24.2064 17.3948 23.5198 
10.735 17.5771 15.7176 6.3498 11.2777 9.6561 17.8263 2.4549 17.6985 4.2719 9.5653 4.0079 15.2238 6.4584 15.3354 
24.4566 36.6783 22.049 20.5616 21.7892 8.9789 31.4307 14.9863 29.629 11.8201 16.0891 16.7816 22.6771 12.4995 25.1575 
12.7962 23.2843 19.5656 8.8385 11.7552 7.7688 21.2109 3.8022 23.4188 3.6636 9.5494 5.6959 17.4897 6.2656 16.4434 
16.5406 29.1824 25.2955 15.465 16.7772 8.0691 32.4498 10.2961 29.3477 7.412 13.4928 10.3683 16.3938 6.1327 20.1847 
8.1996 24.2872 3.9045 13.2643 27.0566 21.0524 13.8941 16.8151 0.9866 22.1205 16.0045 16.1981 36.7219 22.32 11.9405 
13.9869 4.0181 20.2588 12.7635 19.2187 25.3384 5.2488 19.0884 16.4053 19.404 21.364 16.3875 26.9288 22.2811 6.4442 
15.1293 26.8447 22.6215 11.9127 17.2134 5.0058 23.711 7.5786 22.7833 7.9801 8.976 7.7182 21.1289 7.7181 18.6864 
23.5218 21.12 28.2618 17.1886 5.9039 17.113 26.7995 13.3091 32.8274 7.5283 22.6963 15.1269 5.751 5.8721 20.2955 
7.6082 30.1994 6.4313 11.8511 27.5191 14.0339 17.3075 14.9877 10.3516 21.3862 7.3268 13.5945 34.007 21.9119 15.0682 
8.548 14.0466 11.0795 3.1756 11.5919 13.7804 13.1956 7.4559 15.9896 9.9639 11.3021 8.0933 21.2486 14.3138 5.9296 
30.9241 19.8227 35.5833 24.3617 6.5113 28.0039 25.4568 20.7978 32.6783 17.0493 31.7503 21.3078 8.4388 16.2693 22.9837 
22.3756 4.825 30.456 22.2917 15.6528 33.5372 15.5368 20.5095 23.0023 22.8139 30.6884 23.0953 24.2242 21.729 17.4737 
9.901 23.0554 14.2569 7.7276 18.9645 4.3228 19.2026 4.6788 17.9707 8.1817 3.2531 4.0638 19.4487 12.919 15.8229 
8.7084 13.4325 13.7016 3.4822 12.4494 16.2496 14.3284 7.9471 16.2006 9.6547 13.7863 7.6737 18.59 12.0868 5.9853 
8.9819 17.6039 13.3794 3.5103 12.5932 12.2281 16.1851 3.8686 17.8339 9.1308 9.8213 4.1711 19.283 9.6243 10.1503 
32.1605 34.8119 38.8876 23.6654 14.2811 21.5551 33.0107 19.2995 39.6471 17.4424 26.9554 21.4435 8.2259 14.5119 36.0602 
22.1441 35.3288 22.7347 20.1841 23.2687 9.7595 29.1101 15.4248 25.5176 14.6062 14.5181 16.1421 19.9681 14.7813 27.8084 
13.9239 4.9366 19.6321 13.2498 16.4703 23.5826 5.0093 19.4274 15.114 23.3479 22.7996 19.6268 23.3782 20.8558 5.9094 
17.4071 17.054 23.4425 10.3877 5.0747 15.1092 20.607 9.0628 21.8954 5.1519 14.7778 10.817 11.7323 5.6798 14.7031 
4.6226 21.1133 2.8491 8.7688 27.6561 16.7416 11.2595 13.8571 3.927 21.421 12.9318 12.9948 34.477 21.7336 9.6302 
19.2997 25.5464 20.421 14.1436 16.1192 6.3438 31.086 9.096 26.5164 6.5988 9.8307 8.3647 16.3904 7.5728 20.2037 
22.038 7.3591 27.0706 18.2098 11.7551 24.2136 13.5459 17.1978 26.1035 18.8255 25.8403 20.3614 19.1074 19.5737 14.9632 
3.7358 14.8498 7.898 2.4301 19.0336 15.5181 12.5411 7.8291 12.3235 11.9383 10.3801 6.9388 27.0352 17.5945 5.4442 
15.2391 24.7168 23.5506 11.2925 11.9435 10.1258 26.6714 7.9678 23.3384 2.8891 11.58 8.7321 14.8627 2.6692 20.9144 
17.2267 29.7586 25.5813 15.1874 21.9687 6.5233 32.9067 10.8695 29.2642 10.2529 14.18 13.1567 18.1264 11.68 24.2381 
27.9482 14.9947 28.5825 19.7216 6.1925 26.5421 23.3712 18.4588 34.325 15.0257 26.1688 21.5922 11.6019 14.4895 20.7551 
2.2418 17.3479 6.265 4.436 19.2424 14.2883 9.924 9.4692 9.751 13.5897 8.5177 8.2112 29.3352 17.6986 6.4529 
15.1233 27.2337 16.3118 13.4714 19.5678 1.5459 25.934 7.7863 21.8287 13.9633 5.8493 8.2455 24.6139 12.8263 20.9546 
6.2262 16.4546 10.0013 2.7535 16.3379 9.3845 16.1649 3.7961 15.5382 9.4115 6.1755 1.804 18.8753 10.777 11.5622 
24.769 25.2162 33.5307 25.208 9.0754 20.5039 35.9313 20.9387 34.7059 12.7863 27.7392 23.272 0.6139 11.2958 29.812 
0.7055 17.273 5.9714 4.4006 19.7454 13.3123 12.2422 8.7422 10.079 13.0394 8.1716 6.1917 28.2576 18.7605 9.3112 
11.7563 14.6374 16.9022 5.9058 8.7869 16.3027 15.1362 7.6894 17.6491 8.7845 15.096 6.9318 15.5016 9.7312 9.8773 
4.9796 25.3772 5.4368 7.0042 25.7275 9.4195 20.6885 8.4085 9.5027 16.2368 4.5768 6.9677 24.6041 16.8172 12.4991 
10.3238 15.5901 10.5131 11.8422 23.2077 25.0323 6.3832 18.5435 7.596 24.9248 20.1956 17.5002 29.1211 29.5945 8.5549 
5.8195 18.9567 8.8667 2.59 16.1664 10.903 14.4043 4.543 12.9117 10.631 5.8759 2.7071 19.2633 11.3408 11.122 
13.4579 25.0655 14.4921 9.3798 18.3242 1.7515 23.2362 5.2857 21.9833 8.3014 5.993 6.7949 24.1997 11.7429 16.9338 
4.3989 21.4923 7.3869 7.1879 22.1561 9.3628 15.5235 7.4731 12.0809 13.9927 3.84 5.8182 26.7261 17.7402 13.0315 
7.1901 14.7063 14.6394 2.9089 12.1908 12.7388 16.0121 6.3616 15.2169 8.3049 10.2135 5.8411 21.6446 11.977 7.6477 
12.1177 8.9116 14.7862 9.0463 11.0628 21.0537 9.7983 11.4355 16.4733 13.8902 17.1654 10.3637 21.9118 16.5314 5.8894 
5.9042 13.6862 11.816 5.0034 16.0119 15.4951 9.4974 9.7396 13.1325 14.8827 14.4642 8.3659 20.3558 14.6603 3.0952 
1.4208 15.5158 5.408 4.9548 21.7295 13.7926 10.774 10.7507 8.328 13.2676 8.9843 9.0466 22.7269 17.1555 5.9311 
17.4429 8.6166 19.0674 12.893 7.1767 23.2141 16.8782 14.0659 19.8513 11.8636 22.4418 14.4917 14.6006 13.8584 10.5594 
20.7342 28.2693 23.2745 14.9829 19.3891 7.2931 29.923 10.9441 23.6484 9.1425 12.0852 10.1243 17.891 9.1088 24.5709 
10.0347 25.1546 10.5027 8.5816 24.5335 5.2351 23.6566 7.5178 16.0917 14.8773 1.3099 7.7489 26.9255 15.381 17.8764 
10.426 19.2518 12.7409 4.7952 14.2831 9.2155 20.511 1.3702 16.3263 7.2809 9.3436 2.2484 17.8705 9.2498 11.4979 
17.3327 28.6367 18.6255 15.3508 21.6549 4.2332 31.8493 12.1994 21.3966 13.2868 9.0499 13.0668 25.8516 14.0426 25.4775 
15.1642 18.8023 20.2724 12.7368 4.6959 14.2705 18.5993 9.2334 25.1098 4.6336 13.996 11.278 10.0645 5.7588 16.7638 
6.1771 20.0192 10.8834 3.8727 14.0001 7.4249 19.6508 2.7563 15.7674 7.7621 6.2017 1.0175 23.0786 9.712 10.6722 
27.2609 27.3374 37.0775 26.2901 15.4163 22.0603 30.451 16.7096 39.7111 13.3903 24.9754 22.3717 7.1316 11.0404 32.498 
10.1221 12.7864 12.4705 14.6617 26.4185 25.2528 2.9927 19.4312 8.2287 26.909 21.8645 18.1413 31.4149 26.5338 7.9775 
13.0694 27.6071 15.8209 14.772 27.6446 5.1634 31.8056 11.8317 23.3138 14.9192 6.9794 13.6271 30.5606 19.4716 20.9586 
12.5192 18.1515 9.3216 14.4756 27.188 23.9258 9.1774 22.1837 6.4966 23.9495 20.4282 17.161 34.7005 32.4025 11.4 
11.2586 9.159 14.2709 11.7154 24.7313 21.6168 1.4005 19.9169 11.746 21.8892 19.7898 15.8152 30.4229 27.4556 5.5761 
30.4531 33.054 36.6065 21.6442 13.3448 23.0629 35.1625 20.8539 38.7915 14.5707 27.9782 19.7123 5.5768 12.1369 29.1503 
31.0226 18.8401 33.1683 21.6326 7.9082 30.473 28.9213 18.0991 36.0872 14.7528 30.9367 20.0069 6.4117 13.8514 21.3569 
8.659 19.1043 5.914 13.8628 24.5562 18.5225 8.0596 16.3302 3.3166 25.7899 14.0201 18.183 34.3005 24.3097 7.9171 
21.337 35.3228 22.6283 17.0655 24.7261 8.1898 33.0363 15.8484 28.5243 15.8044 9.9424 15.199 33.4261 19.0349 29.7723 
10.3502 12.5772 11.9845 12.801 21.4471 24.2965 2.2418 19.8427 9.6756 21.7101 18.0153 18.0088 29.6112 27.8031 5.4039 
7.3866 21.2618 11.3905 5.755 16.9854 6.6488 21.1736 1.5747 17.0263 8.9778 5.4355 0.844 19.8281 11.1032 12.6359 
14.3193 6.5124 15.2683 10.127 11.0393 23.0957 10.0748 14.7093 18.0861 16.0778 17.4034 11.5581 18.787 16.5649 5.6532 
14.0761 15.0002 20.9362 10.7201 6.3424 15.3226 15.6894 9.9306 23.4498 8.898 17.417 9.8663 14.4296 8.4934 11.9613 
11.9302 20.1515 17.3192 6.5353 10.6239 11.3999 17.8214 3.6245 17.7794 4.8491 12.23 5.0118 17.8144 7.072 12.9841 
15.5791 29.1126 20.4661 15.8287 22.6043 2.968 30.6806 10.0602 21.5343 10.3137 10.099 10.98 21.0013 11.4343 20.7559 
5.1774 20.1377 2.6822 9.2855 26.1758 14.5246 15.9197 13.9224 7.1096 19.8559 8.3356 12.1936 26.9142 21.1607 12.4053 
14.0031 17.1495 21.8826 9.5269 6.1857 16.9512 19.4255 7.5367 20.9916 6.2769 15.2193 9.1174 12.2836 8.0417 14.0624 
13.5423 23.3506 18.1553 7.6555 14.659 4.5586 24.9156 3.2745 22.1011 6.4987 6.68 4.1003 19.938 7.3471 14.3159 
10.3393 26.896 15.6668 12.6823 20.2995 2.8536 21.7194 8.0471 18.4476 11.9659 4.3288 7.3464 24.4395 15.7026 16.16 
14.9133 6.0631 16.9673 11.0808 15.9499 23.5413 4.5029 17.4209 16.9618 20.1605 22.8909 18.6026 29.2212 21.7532 6.3548 
13.1581 3.0935 19.5343 11.8291 13.2258 25.9704 8.1998 14.4432 18.7651 16.6825 20.2114 15.3476 26.2425 22.8613 8.1614 
21.9286 32.3994 28.7319 18.5812 15.7087 11.3821 31.7082 11.1793 29.399 8.2114 17.6047 14.713 12.2806 6.6441 24.9016 
9.8287 23.8195 7.9536 10.0778 25.1724 8.8364 19.3465 10.8323 13.0042 14.7849 4.1003 10.0789 29.4455 18.2871 16.8582 
21.4861 34.5331 24.0641 21.5968 24.0524 9.7868 32.9203 16.0361 28.4064 11.2794 16.1533 14.9505 22.6032 13.5341 24.6144 
18.6749 35.3544 21.229 21.8514 30.2602 8.1788 30.8246 16.1072 25.03 20.8852 13.4353 19.0673 27.2363 19.3948 31.651 
21.3466 24.3329 28.0126 18.1499 13.0258 12.521 27.1575 10.8092 29.1427 5.6134 14.7028 13.4852 12.2826 3.9708 25.1572 
8.0186 19.512 14.8253 5.6997 13.5088 7.4615 19.6821 1.3903 15.3438 7.8205 5.9985 0.8393 19.5409 8.4617 14.4101 
21.4276 26.5892 20.9631 14.8562 11.7573 13.8658 24.1823 10.9085 31.2062 3.6662 16.1556 12.1596 11.6089 1.5631 19.5122 
8.0183 15.4889 13.2538 2.6296 11.6564 12.1815 12.9393 5.7686 16.498 10.0616 9.5567 6.0951 18.1301 13.1622 6.9309 
7.4153 12.5027 10.73 2.5629 13.0428 15.8754 11.4388 6.669 14.4111 13.2315 11.3698 6.0996 24.4806 14.2281 6.1165 
30.6521 15.219 32.8287 24.9482 11.2019 28.676 25.9348 27.4733 34.8807 23.9691 32.4402 24.3378 16.4835 25.1608 22.5913 
29.4427 10.5987 30.4919 22.7931 13.9741 37.0048 17.2306 24.8569 33.1775 23.7069 29.1045 28.1242 25.4407 21.7466 16.9246 
24.2202 9.5197 24.4362 19.0473 10.1118 32.0975 18.0116 19.5762 25.6851 18.5627 24.8001 22.5778 17.8245 19.1529 17.9447 
14.2927 27.883 20.8078 11.1848 17.7241 5.6198 22.902 6.4144 21.3867 6.2152 9.2771 7.5561 16.8221 6.2835 19.081 
10.5501 11.2802 10.7847 11.5772 20.4199 23.7465 2.6245 17.5091 10.2891 19.7438 19.6093 17.822 30.0269 26.5064 3.6449 
15.2565 9.7793 17.7341 8.5168 8.3191 18.996 14.2975 12.485 20.8219 12.5687 18.5992 11.0047 16.6297 13.5563 8.0554 
18.7868 26.6066 29.1802 17.1153 11.0045 12.9172 31.0452 11.1536 33.7146 5.6807 18.8387 12.9885 10.1577 3.541 24.3423 
20.3258 19.6494 26.9384 13.5627 6.1829 13.0147 26.55 10.9401 28.1502 4.4511 15.267 13.144 8.3412 2.924 22.0596 
24.3868 6.3996 27.9807 18.6068 14.2725 28.4625 17.4433 23.36 31.1163 23.3292 27.5891 22.1884 19.0804 20.1249 17.252 
8.109 21.215 12.7457 5.3728 13.16 7.1502 19.598 1.0521 18.74 7.1834 7.3976 1.0083 19.376 9.2346 11.6094 
14.1529 23.4843 21.4329 9.5387 10.7785 8.3641 21.8105 4.9721 23.8534 1.0072 11.6882 7.5161 15.0945 3.4575 17.6621 
10.8852 13.3327 19.2292 6.4082 8.4267 17.4682 16.2154 7.3907 21.9517 10.084 15.5613 8.846 16.0159 10.5626 9.9127 
26.8612 16.0376 32.5156 24.4631 9.428 26.593 24.1509 20.5852 34.2773 18.7278 26.1153 22.6208 13.555 18.7907 22.3129 
18.3883 12.975 24.8203 12.5433 4.043 15.4618 18.6809 12.1146 20.8741 8.762 16.37 12.7879 11.7268 8.4214 13.5169 
4.1249 16.0086 3.3333 8.9102 22.2557 18.5423 11.2707 12.6844 4.7248 21.7194 9.8489 12.065 26.4506 21.7441 7.7339 
27.9159 23.2805 29.9702 24.3746 11.0134 19.6596 31.4777 19.5275 36.3157 10.736 28.5302 18.6711 1.7628 11.113 30.2393 
12.327 18.6208 8.1414 16.0059 30.0841 24.5015 13.4168 21.06 3.0974 28.8287 16.0134 20.0671 32.7775 27.5277 11.5686 
22.9931 14.6245 28.7432 18.7169 4.465 26.1213 26.946 17.5012 29.2043 14.905 22.6803 21.7369 8.2621 15.1393 21.1413 
8.4136 18.4692 14.4119 4.0 13.7172 8.4061 17.5772 1.9105 14.867 7.4293 6.9104 0.3211 17.6869 10.4096 10.2095 
15.1726 23.8546 20.8613 12.3419 11.0038 9.0978 27.3646 6.0452 21.1808 2.4802 12.5001 7.3143 13.5889 3.4597 20.4187 
7.3418 27.7122 5.8603 13.0302 24.5722 13.4314 17.4914 13.6818 9.6106 21.6863 7.4947 13.3183 33.9144 21.613 17.5584 
21.7068 29.7755 26.9482 17.0472 15.0887 13.1431 31.8264 12.4418 27.7252 8.6473 18.9978 17.0871 12.8756 7.5455 28.4251 
13.7345 10.2249 13.0421 15.7281 26.7015 27.9307 1.8307 22.0043 10.1299 27.3032 19.6126 19.6384 32.3555 25.9962 6.1024 
12.5579 27.7749 12.6808 12.9415 23.6428 8.0816 25.791 11.9574 15.8812 17.3087 4.8175 12.0147 28.4694 18.3782 17.6912 
3.3335 19.1506 2.704 8.8313 25.6777 14.8955 15.4474 12.1912 6.6641 15.594 8.6504 9.8871 28.914 17.9229 10.395 
21.0352 1.759 20.2222 17.5248 16.3492 28.7739 9.0034 22.3994 21.1843 26.0899 28.0565 23.9541 28.2174 25.1786 10.0948 
20.4749 28.8797 22.8402 18.2948 16.9321 10.1271 26.7347 11.1571 25.9321 7.2183 16.2784 12.9834 15.6198 7.1353 25.534 
18.4741 15.9539 24.3202 13.683 3.6994 16.0951 21.8154 10.2379 28.7136 6.6433 15.7487 10.7809 8.7386 6.4374 17.2838 
15.0268 22.0009 16.594 8.0408 11.2603 10.1423 23.3574 4.2245 24.7775 2.4889 11.1991 4.9846 13.1824 4.6353 15.9999 
16.8526 18.5536 20.0252 12.7405 5.9501 15.8889 20.4983 9.0986 24.9515 4.5508 16.3141 9.1783 11.0327 4.5377 16.1492 
17.0491 2.1347 22.5983 13.1434 15.2011 26.8118 10.2804 19.1286 21.4565 22.5113 25.971 18.3633 24.8388 23.1633 8.484 
23.3641 33.6237 29.0784 19.8413 18.1367 9.7319 30.3389 11.148 31.3571 8.5119 15.3082 14.4952 17.2392 9.5333 27.96 
33.6389 29.7893 33.2044 27.2234 11.2086 23.931 38.1135 19.6204 42.9428 17.349 24.411 21.5701 3.7158 14.5689 30.8071 
24.6235 16.0787 31.3072 22.3679 10.5943 29.9973 24.5811 22.4872 33.5552 18.4501 24.7899 24.3207 14.5968 19.748 21.1646 
8.2486 11.6178 11.9403 7.8168 18.8758 23.1911 5.3553 14.6885 10.6102 16.1699 14.4245 15.2287 30.8952 23.4059 1.578 
32.2212 12.6976 36.5952 28.4064 17.4104 33.1468 20.7387 31.0532 30.5368 26.6419 32.3046 26.9895 24.8237 29.6162 19.9046 
20.785 29.3212 29.5516 18.8173 15.4499 16.6782 33.2529 15.0935 36.6332 8.758 17.8095 16.0802 9.5213 6.7818 28.4332 
31.1379 26.4492 35.32 20.7521 12.219 22.9064 37.0559 21.5872 33.0747 14.5668 26.0983 19.8061 2.9106 11.4517 26.6184 
9.079 24.2937 13.7147 7.0876 18.262 3.5963 24.3785 4.1009 19.7022 8.8173 4.8254 3.6303 22.4394 10.8576 14.9595 
21.9493 5.4625 25.569 20.5855 15.9 33.2843 16.3069 24.6563 28.2592 20.4936 29.6877 26.0815 21.8887 23.9743 15.7574 
26.0126 19.8952 31.5598 20.5137 5.1866 26.4787 28.8812 19.6758 34.6007 13.5248 22.9844 19.7316 3.9715 11.8836 19.9636 
20.0282 28.5136 19.9655 14.4296 14.6858 9.5694 25.1438 8.1629 25.8948 4.6015 13.7172 10.2699 12.2022 4.1405 18.2371 
18.3149 21.6951 23.4134 12.501 7.8953 13.2683 24.8925 7.6128 21.9024 1.1211 14.8892 9.7381 10.2679 1.6095 19.4044 
24.1472 7.0822 22.8079 16.3627 14.1507 31.7121 17.8306 20.8703 25.9452 23.0195 27.7533 21.2135 18.1107 19.9067 16.2848 
31.2368 33.7433 37.6111 26.0389 13.2139 28.4256 37.3591 24.5254 43.2062 19.0649 29.2932 24.4478 5.781 13.6109 34.0414 
29.3938 29.0844 36.5929 28.9863 12.91 26.5079 31.621 25.4045 43.9724 15.4911 26.3208 21.6141 4.6237 15.3773 31.0737 
5.8668 19.4491 0.5972 11.3841 24.023 15.83 13.2635 16.7555 5.2067 22.6298 11.9772 12.3177 37.5926 20.8318 11.3242 
18.0166 38.2226 18.7183 20.477 33.2133 9.4684 32.4698 16.2377 26.0658 21.2914 11.8128 19.4712 31.7411 20.112 26.7186 
31.0767 24.1094 34.8025 24.6257 9.6802 27.8923 28.7485 24.0525 41.2304 14.6608 32.2442 22.1192 3.4123 13.6224 26.0837 
EOF