I 150
J 15
bounds (0, 100)
cv 1.5
D 10
k 5
t 3
FLR 0.8
FCR 4
λbounds (80, 120)

λ 
99.5448 97.3847 114.6404 
94.3964 82.1202 113.3137 
83.5519 83.7257 97.3124 
98.5642 89.2803 89.4019 
110.4553 85.5563 82.8036 
95.4406 87.5067 92.5739 
102.0889 90.2668 117.804 
100.2425 102.6367 96.7361 
97.3255 97.1627 82.5801 
96.9106 105.7937 87.2374 
118.9718 111.6337 105.3042 
101.8651 100.5833 90.2407 
101.6157 106.6409 85.5566 
83.8299 81.1681 103.9435 
110.6537 119.6249 85.3068 
108.5416 104.3279 101.2318 
99.0198 115.5268 118.7686 
87.4202 87.3372 84.0671 
93.5374 93.7537 90.8642 
118.4049 96.8053 118.1788 
114.5004 94.2893 92.7222 
80.0708 108.9866 104.0462 
118.17 80.1025 114.2044 
86.1376 89.4783 88.1399 
103.6078 103.9265 110.1831 
98.489 90.5171 116.9565 
98.4423 104.6717 91.6668 
119.6147 107.3978 104.2843 
96.9745 108.3077 116.0962 
80.2132 81.0959 109.8499 
84.2555 86.3268 100.9526 
115.7436 118.9525 104.1018 
82.15 84.6023 115.7156 
98.749 83.3102 88.5034 
90.4559 104.6197 102.7342 
113.846 100.5336 86.3452 
92.663 97.5631 112.0255 
99.5038 87.6958 109.0285 
110.9049 113.937 82.779 
85.266 100.9393 108.5438 
93.1291 117.6448 93.8067 
89.1647 91.4611 101.3247 
118.0114 84.5798 119.5255 
95.7558 105.346 92.938 
105.3964 97.8744 90.4236 
104.7267 82.7513 100.7465 
97.9499 105.7492 101.9917 
87.6988 86.1926 98.8763 
88.658 80.7721 110.7116 
87.0106 111.4491 82.235 
96.1337 114.292 96.9351 
98.8015 118.8884 105.6748 
112.2461 102.8979 87.3304 
97.1409 108.9727 117.489 
105.2509 106.6618 116.4866 
107.6312 112.4666 119.786 
108.4987 96.3961 119.9456 
117.3912 85.6007 112.3307 
115.352 89.8853 105.8636 
113.8195 118.3985 108.5096 
81.3284 107.3263 101.5859 
117.8486 112.0098 85.5255 
119.3306 109.698 96.1035 
97.5722 113.283 101.4441 
111.4191 102.1152 117.1586 
89.4028 118.1202 116.2958 
92.5289 115.026 111.6755 
83.5964 102.4366 119.258 
94.6436 116.9739 93.3031 
80.0441 99.5858 107.851 
94.2113 102.5719 111.8687 
94.2682 96.2305 104.6735 
106.8144 94.5064 83.1192 
104.0623 113.1965 118.8772 
94.0725 93.5409 86.3189 
109.5062 96.8672 81.4629 
101.9135 110.1502 99.9405 
96.8938 105.6167 81.8002 
110.7682 91.1925 97.5926 
112.4844 108.4938 94.0413 
95.8012 113.7253 105.5128 
106.3486 109.1554 110.4568 
109.3491 94.9702 96.0567 
117.0424 112.77 97.7611 
92.4819 110.3823 100.0468 
98.0681 118.9656 80.6191 
94.1821 87.4774 84.759 
115.44 85.2432 105.218 
97.9764 88.129 102.657 
112.186 89.9303 84.3404 
103.1403 119.5777 112.8926 
98.6284 104.5867 101.2854 
92.5923 119.695 80.4784 
110.7835 86.0814 110.0353 
104.3296 119.4494 97.5053 
115.9355 81.2736 114.8511 
107.0481 101.907 102.4165 
80.8456 91.8377 115.0979 
107.061 104.5874 86.5617 
110.7196 103.6823 102.7903 
107.8208 98.7698 104.7304 
118.4672 97.6336 95.7206 
89.1415 92.5233 92.0232 
111.3146 100.6414 100.7292 
84.8924 94.3995 119.1237 
81.7066 102.9567 82.8716 
94.7115 107.1507 111.2078 
92.2688 105.401 87.9054 
99.1812 84.8236 109.0702 
101.5562 103.3593 117.9999 
99.0004 102.0741 85.7714 
86.4916 101.4623 117.5454 
106.9542 115.5013 118.9352 
97.7548 104.5973 109.1357 
108.7192 97.8549 88.0357 
118.6022 95.6305 104.2598 
102.7849 112.2124 92.3132 
96.2566 88.6595 115.1647 
86.0218 108.7268 94.0129 
109.5785 82.0719 113.7978 
105.647 115.9473 89.4636 
107.8306 80.28 119.3808 
98.4626 80.7452 117.5139 
103.8153 115.9348 107.3968 
109.4045 83.4079 90.2358 
113.2474 108.6738 108.6768 
97.3117 111.0867 89.699 
93.8052 83.8431 92.7739 
84.8733 103.0834 113.5739 
118.2858 107.5957 106.6457 
86.0766 115.7364 110.3116 
84.7552 89.5498 83.4968 
81.9555 101.4718 114.736 
104.8692 97.5409 98.622 
82.6656 114.0668 83.0354 
91.4071 95.1838 83.0276 
101.6162 95.7406 92.9593 
106.166 96.9884 104.9517 
91.8445 91.482 105.6161 
81.9204 110.9255 107.8471 
112.0851 86.245 103.9304 
100.3889 97.9983 109.9574 
88.192 118.8365 119.7596 
118.4147 105.99 115.6851 
109.1355 119.9029 105.6257 
108.561 88.1504 114.3098 
100.1815 107.6734 99.3328 
80.3004 82.2414 97.8613 
100.1997 95.7543 116.5725 
112.7346 88.3848 108.0059 

Icoords
76.433 19.8948
78.4167 86.2655
50.0631 70.4899
92.0306 91.1808
93.6976 85.5774
18.6978 20.1819
54.0713 11.094
65.8452 27.0629
73.3345 74.7639
19.0593 67.7813
45.8189 89.4329
80.2523 31.2541
70.8044 43.9085
34.9177 7.1543
70.7178 10.6277
42.852 23.0221
15.3168 4.3097
88.8293 58.5377
98.0839 42.9864
70.2996 25.8092
20.942 65.8798
71.5587 89.0973
9.9369 95.5313
66.3178 61.1869
25.6326 13.2581
78.3909 92.7068
77.1779 31.4262
26.5307 97.6281
87.3738 74.6235
25.3605 41.0161
62.5839 91.8491
41.9576 45.3003
62.6511 62.8763
33.7678 91.416
72.8049 50.1682
36.3375 78.9536
96.1238 28.302
98.9966 21.7719
9.1029 54.2283
2.8128 58.1033
12.0799 73.2336
27.4366 65.3468
34.2866 73.414
36.2917 39.9578
78.9865 48.2337
56.4161 33.0645
90.7184 21.6107
97.1957 16.5149
94.2073 26.4936
38.4999 89.0373
81.3967 34.0972
26.5964 78.0508
30.5941 69.6097
17.5187 12.1492
97.612 13.2751
40.7279 95.0973
99.749 8.0804
60.812 72.1807
11.2117 36.3968
24.743 52.1076
22.5676 27.7898
10.6521 50.8356
95.6751 67.7252
75.0862 24.1253
25.2706 0.0931
93.4934 32.6416
31.8888 78.359
15.1374 65.778
93.9796 71.6524
3.5624 48.2073
52.2793 47.4894
30.2311 3.4369
98.2438 78.9973
0.7423 96.7652
72.7355 85.3686
41.6001 61.5789
65.3819 8.3679
34.2322 84.829
73.2762 43.3842
54.0089 24.0455
38.4526 66.3733
79.4088 76.846
72.1615 18.3524
27.6814 51.8027
34.1401 55.7175
80.5085 90.2176
50.8428 72.9717
43.4716 79.208
69.8746 45.4726
10.8335 42.8342
76.8393 93.2397
36.2454 51.9049
31.9067 32.8182
23.0773 49.2946
50.2364 81.4224
60.5481 30.3646
30.1644 45.6478
19.8734 98.8975
33.1031 38.8194
41.0958 22.8872
57.9004 48.7805
60.5938 50.9582
19.2054 94.4884
17.537 5.6842
49.895 39.3808
34.2725 46.663
13.9809 30.8541
51.0206 99.6378
86.7402 38.5823
18.9977 38.3002
62.1486 94.6341
28.4264 24.4948
26.6567 9.923
90.86 88.9229
36.8233 81.211
28.7129 10.4997
10.2128 76.3637
83.9799 14.3705
79.7877 33.8558
29.2651 9.7365
28.6273 19.758
42.1698 31.5478
2.3111 54.516
31.7144 56.0832
30.4257 42.1021
32.3582 83.7596
13.7559 45.8556
17.8982 74.4359
22.8018 50.7526
36.7084 27.8977
8.5513 47.921
40.8831 0.0317
16.664 12.1292
54.9372 21.073
94.5782 29.1616
29.0683 39.4343
28.1199 10.4258
38.896 87.6298
43.1455 85.2228
25.2606 5.6151
92.8882 36.1675
65.2913 80.1683
18.3213 10.2197
80.9438 88.8904
42.3038 29.6624
49.9042 0.1092
2.7537 52.9554
27.2496 32.7369
49.2637 54.7557
7.4053 62.8536

Jcoords
15.1364 36.7914
21.1805 23.0152
8.3382 55.8075
8.2342 78.6735
6.686 97.9671
97.7411 59.5383
98.181 52.6847
30.851 31.5227
77.7339 8.4797
3.4197 80.0325
23.1358 54.3869
15.2369 6.1315
10.1545 20.7056
72.0113 16.1598
2.127 79.0464

C
21.2557 18.3177 26.5597 32.304 37.9186 14.0467 13.37 16.6716 4.2877 35.9446 21.4832 23.8981 23.9549 2.06 35.1503 
31.6078 33.2937 29.4413 25.046 24.689 11.4379 14.1249 24.3815 24.5501 27.7919 25.4873 36.9912 34.3943 25.6459 24.5907 
16.9041 17.9603 14.1147 15.6593 19.6969 18.4476 19.8043 14.0938 25.3146 15.6016 10.0086 23.7386 22.2682 19.782 16.0397 
34.5755 34.3619 33.2732 26.3324 32.3278 12.2313 14.7828 28.8827 28.6362 28.0521 27.1412 37.4706 38.2102 23.8917 30.3454 
33.7725 33.5019 31.5954 33.7222 28.6255 10.1558 12.5185 30.8701 28.2337 28.5363 25.7289 33.5982 37.528 26.9669 29.1475 
5.1946 1.4089 11.6943 22.5737 31.2861 30.163 27.2558 5.0201 19.5841 23.2317 11.5892 4.4468 2.6868 20.3381 22.7181 
14.3451 12.8324 21.8486 29.1927 36.2278 24.3408 20.261 11.4556 7.361 32.5502 19.6025 11.9291 15.6763 6.0193 29.3033 
20.5708 17.4816 22.894 28.8353 28.9957 15.3809 16.3375 13.7122 6.7417 31.4709 15.4438 20.6906 19.5511 4.9928 30.1056 
26.5871 23.0111 23.8725 23.3022 26.1963 10.422 10.8825 24.1384 22.832 21.2442 18.0192 28.6128 28.1797 18.805 25.2245 
12.0919 14.9283 6.3035 6.0044 12.9156 30.9171 27.0806 13.5849 30.9999 6.121 4.5405 19.8832 18.503 28.2565 6.4978 
19.443 26.5368 19.6832 12.5688 15.5124 21.8624 23.522 20.5279 32.1703 16.1034 14.8867 29.594 24.4988 31.0321 13.5806 
25.147 23.2252 30.0769 26.6961 31.3027 12.0846 10.4332 17.9774 7.1764 28.1672 21.9933 23.7748 21.3583 6.492 35.6812 
20.3776 18.9473 25.423 26.2339 28.5983 11.691 10.2087 16.1837 12.8986 26.37 16.1843 23.1344 23.0201 10.4211 23.6139 
10.8964 6.5613 21.3666 25.9844 34.0838 30.1915 28.4418 7.545 14.9457 30.6539 15.0324 7.2917 9.0501 13.1232 26.9685 
21.0526 18.6277 30.5856 31.9549 42.6798 17.4232 19.3384 14.7995 2.5256 32.9178 21.7917 21.7475 23.6068 1.7868 34.2569 
9.6401 6.7832 18.1274 23.4436 28.626 24.0762 19.3421 5.5106 12.7548 25.3776 11.529 11.6245 9.8732 11.8206 23.2305 
10.8426 6.2161 19.0101 27.9454 31.4705 34.8945 29.0156 9.7513 22.8455 27.472 17.339 0.7003 6.1366 22.8841 25.401 
23.2732 28.7142 31.8203 31.0109 34.8885 2.8329 3.8392 23.5576 17.0534 32.8247 23.315 34.4486 30.6242 15.643 27.2007 
26.168 30.0655 35.1114 38.613 33.6194 6.5328 3.6487 21.0066 14.0131 39.8081 23.2207 35.889 27.8203 14.541 32.8541 
20.0741 19.1284 24.0807 31.5675 31.273 15.2491 13.0621 11.966 6.2435 26.553 21.1651 21.8164 18.1627 3.7318 30.2393 
11.8055 13.1082 5.7937 6.3727 10.5546 30.6701 30.113 14.0563 24.9509 8.7844 3.7979 21.8113 14.7182 23.086 8.0375 
30.6904 30.4876 28.1654 25.1252 25.7649 12.553 13.735 25.1376 24.4421 21.6804 20.7273 33.3722 33.5297 22.3704 24.6105 
22.5382 26.3444 13.6999 6.7097 1.3218 36.0317 38.3948 20.5787 34.9108 6.3672 14.1857 32.5091 25.568 34.3801 6.2586 
22.1179 19.3953 18.7496 19.5139 26.1683 9.827 12.1821 14.2687 21.4477 24.1237 14.2115 24.7237 22.4727 14.0559 24.153 
9.1631 3.2282 17.9631 24.9233 27.7159 30.88 32.4416 6.0539 16.0832 26.6992 15.7607 3.8744 6.309 16.4409 23.0263 
30.5029 28.1409 28.4798 22.1651 28.2414 12.2996 15.5329 25.422 28.5454 29.646 24.4023 33.3596 35.8405 25.5094 27.8222 
20.6435 17.7182 23.574 27.3389 33.5402 10.5709 11.6249 16.8213 7.3817 30.6606 20.6157 22.8419 22.0799 5.7554 29.5361 
22.1273 23.0847 14.3203 9.5973 6.4763 25.697 31.2605 20.4436 37.4627 10.332 15.8056 32.147 26.8184 33.6173 11.9992 
26.1676 26.9261 28.0943 26.2929 26.9881 5.98 8.4398 27.0534 24.0232 27.3837 22.9394 30.3592 36.7681 22.4626 29.1168 
3.7558 6.4106 7.0652 14.0654 18.6636 29.4817 24.861 3.619 19.6932 16.3517 4.7292 11.7399 8.1089 16.1539 15.2949 
25.1842 27.6564 21.7851 21.2399 17.9941 14.788 16.6871 24.3071 29.6572 23.3246 20.1505 33.784 31.9655 24.3315 20.3376 
9.387 10.0088 13.6947 15.5003 25.1518 21.1116 17.3294 5.6382 20.4586 16.6482 7.8648 14.7271 12.4993 15.2711 18.4594 
19.0148 17.6533 21.3443 18.0473 22.7895 12.9714 14.4894 15.5408 18.0975 20.0414 16.1506 26.5838 21.5747 16.4852 21.8763 
19.1959 24.3075 16.1155 9.8194 10.6798 23.5584 25.1865 19.8842 33.3424 11.1857 15.3638 33.2429 24.8025 25.9832 13.2799 
18.861 21.9787 23.6073 28.1343 29.665 8.4817 8.9405 17.2302 15.868 25.5021 18.9821 28.0714 21.2474 12.7226 28.6389 
14.9648 22.6374 11.6576 10.9412 12.8285 19.3264 22.1395 16.6972 31.418 10.4076 9.962 27.3019 20.8702 24.4319 11.0911 
30.2191 23.0347 32.0138 31.3121 34.7474 11.7418 7.4044 24.1607 8.5227 40.6171 30.4689 30.8139 32.1656 10.1401 39.63 
30.5252 24.523 30.2228 33.1014 44.2992 12.2544 11.8623 26.696 8.9946 36.0428 27.2662 33.265 30.8926 10.0797 35.561 
7.1683 11.3458 0.5988 7.6537 17.0316 30.9902 35.4941 11.9506 31.8212 8.0087 5.2192 15.6563 12.1613 24.2723 8.2934 
9.1729 15.1687 2.3748 6.5201 12.8165 29.2128 35.3622 14.1636 34.562 7.0924 7.45 21.2355 13.4838 30.2471 7.795 
11.2819 19.1641 6.6249 2.6175 7.7919 33.355 28.1668 14.248 36.3878 3.9295 7.9447 22.1749 16.9727 32.4005 3.7552 
11.6532 14.8615 7.284 8.7254 12.3329 22.6446 23.4292 13.5712 28.1052 10.1006 4.2255 19.7217 17.7501 20.5445 9.9059 
15.4936 16.664 11.5459 9.1561 12.8223 23.4159 26.3251 13.4544 29.228 10.7112 6.8345 21.8453 18.0577 21.9615 10.5522 
6.4472 7.8596 11.9732 19.0393 25.1848 25.5911 24.724 3.5151 19.6717 18.2915 6.2172 13.4911 11.2969 15.9496 19.2656 
20.9392 23.2593 28.1086 26.2647 32.8815 7.314 6.7683 15.9944 15.6629 26.1122 22.453 30.5285 27.2808 9.8799 26.2743 
12.5752 11.1461 16.4131 21.1309 32.3787 18.9489 17.2024 8.2853 10.735 23.8714 15.2566 19.4359 18.8328 7.6082 21.7064 
26.5811 25.7343 27.6864 31.6843 42.5782 12.5784 11.4056 21.9488 6.5575 41.9019 23.8628 29.0179 25.5565 7.3556 36.3409 
31.4611 30.1737 31.3624 39.8832 41.0954 15.8167 13.4312 21.4674 8.1063 33.9901 25.7447 32.5416 28.8266 10.0722 36.356 
24.8705 25.1058 30.4234 33.9923 41.7639 12.6385 10.1645 19.5433 7.6625 40.2411 29.7227 29.6691 25.958 7.8691 36.4078 
20.117 25.7939 13.9971 10.3299 10.5739 25.4989 22.7882 19.8954 31.7556 12.0496 14.0661 29.2336 28.8291 25.6361 13.7527 
25.5844 18.8275 29.4194 29.4285 39.1 10.5715 8.4323 16.5904 9.1815 31.2863 22.2588 25.8077 27.0242 6.3588 27.4839 
17.0857 17.514 10.8807 7.0111 8.6287 22.5614 25.4495 17.8899 26.0412 8.3787 9.3606 28.0176 20.1457 29.9464 8.9216 
11.5577 17.0464 9.5613 7.5277 14.0019 21.5101 24.8248 14.0925 29.141 10.5737 6.5044 24.9548 17.0778 26.2766 10.5986 
9.4894 4.2254 17.234 22.3203 29.1328 33.5333 29.7997 8.2853 20.5172 21.4721 13.0641 2.192 4.0223 21.0637 22.241 
32.8643 25.6883 29.6763 39.3159 43.9131 15.7758 14.2362 21.898 7.4064 44.3213 28.6771 25.6073 28.9386 9.5116 46.0418 
19.9366 22.9658 18.0764 14.4178 11.7212 24.66 24.5372 24.0493 29.6986 13.539 17.1674 34.2604 27.9813 26.6873 14.4269 
31.255 28.6312 38.8661 36.0026 39.4752 17.9261 17.0583 22.408 7.4137 36.0945 29.8729 31.3792 33.188 10.6837 39.0313 
20.2754 22.5571 18.1397 18.2242 23.1005 14.2198 14.7521 18.8181 22.1459 17.714 14.4042 30.6303 28.5851 22.1205 20.7094 
1.5589 5.4465 7.7743 14.2529 22.5893 32.9351 31.3313 7.0115 24.8243 17.6639 8.3699 10.4022 5.1442 21.5947 15.8727 
5.5215 10.9179 5.9532 10.6594 16.5652 22.5996 23.2439 8.198 23.2003 13.7906 1.0777 16.155 10.9312 23.2313 12.6308 
3.8018 1.6174 12.3842 19.3059 22.1972 28.8384 31.7629 2.7266 21.1875 19.7304 8.0794 7.685 5.6012 20.2309 21.7031 
5.7836 11.1875 2.147 9.8526 15.055 29.819 33.8199 11.0108 27.7037 10.2631 4.0209 15.6521 10.3902 23.0609 9.9523 
32.4049 30.8517 29.7582 31.8919 36.3449 3.1621 4.6994 29.4394 21.7463 28.8432 28.8752 32.9669 36.4514 19.8065 30.1727 
19.4113 18.6337 29.5468 32.287 30.8102 12.9608 13.3877 15.9754 6.0743 32.6854 20.0025 20.9361 20.2413 2.7869 27.9714 
13.9419 8.0749 20.8466 28.7853 38.4146 35.0277 29.0823 11.6927 17.6018 27.3726 17.1538 3.656 9.7873 17.1159 29.2654 
27.5497 27.4587 29.3166 34.823 34.9825 9.3317 7.5358 21.164 8.9455 39.5721 25.3989 25.151 32.7244 8.4993 38.582 
13.5077 18.6529 11.8754 9.4461 11.7989 25.5053 26.7655 16.1906 26.7944 9.8017 9.3506 26.2541 24.2205 25.9209 10.5266 
8.8235 16.6445 4.6438 5.4763 10.6962 30.5345 33.1906 13.5675 25.7723 6.2849 5.5661 22.791 16.2886 27.6695 6.6248 
28.5343 26.3881 32.9044 27.8401 31.1085 4.9216 6.0691 25.9494 21.7145 31.5131 27.4388 37.8916 38.2464 23.4613 30.8333 
6.1206 10.7319 2.9891 10.9142 18.4673 34.2627 37.833 11.8377 25.8313 12.0682 6.8412 14.9074 11.0662 25.9163 11.5679 
12.6356 11.9554 16.5514 18.0627 23.7663 15.0595 18.404 10.0558 14.3466 22.4841 9.7183 18.1666 17.6662 12.7405 21.1065 
13.9342 8.1639 21.7344 27.059 34.1256 29.4934 29.3635 11.1275 15.7258 25.9201 17.1712 5.1309 8.2702 16.9457 31.0394 
34.348 29.7469 36.8143 33.8708 29.4158 6.5346 8.7648 31.6635 27.7676 33.2378 28.817 34.2842 33.886 27.1011 37.1972 
19.2679 30.4894 14.9254 6.9476 2.3547 32.1042 40.2009 25.1204 39.0783 5.5649 15.6831 28.2332 30.4107 34.1073 5.3549 
28.1125 28.471 22.214 23.1701 23.9107 11.4972 13.3417 24.6949 23.8936 23.8318 21.9069 35.3325 32.1884 23.5946 22.2385 
13.1658 17.0748 11.7717 13.8488 19.7632 21.4657 18.6604 12.5703 19.4352 16.8903 6.2597 19.444 20.5609 18.9234 14.0158 
20.0085 17.5085 28.0669 29.2464 42.0847 24.0358 20.8903 13.9445 3.9442 36.777 22.6078 17.0512 20.2078 3.5459 37.3427 
15.9217 22.2635 14.8458 9.6341 10.0682 21.3486 24.2848 18.684 29.8504 9.5079 10.0606 31.3872 21.1238 28.9911 11.0164 
18.2208 20.6013 25.1107 26.5951 29.7741 10.4193 9.2089 14.317 12.4178 31.3888 17.823 27.4899 21.007 8.8629 28.4203 
13.0008 12.251 18.8195 22.7354 29.7721 21.7011 20.6206 8.2107 9.2249 25.2027 16.8992 13.5349 17.2451 7.8261 24.7773 
14.3734 16.4938 11.9487 10.8938 15.1299 18.6802 20.3194 10.8437 27.4321 13.2922 5.8893 24.6427 17.7291 22.7267 14.0887 
27.8239 28.722 24.3333 22.641 28.5872 7.7249 9.7451 21.6872 25.1048 30.1181 22.515 36.9455 34.4301 20.6515 29.7114 
23.7391 19.7915 26.7221 32.9866 40.1085 15.4951 14.1899 16.1209 3.511 31.5954 18.9894 21.5478 20.7128 0.7826 34.2711 
7.2129 11.442 6.1532 11.4602 16.2692 21.5968 24.6415 7.5249 21.0575 14.074 1.873 17.2067 13.4039 22.2807 13.2491 
9.8109 12.3646 8.2464 11.4225 16.4662 21.5933 19.5736 9.7474 20.3765 14.5823 3.4484 21.0676 15.6391 21.1551 13.4402 
29.7689 33.2578 25.4253 23.6698 27.2862 13.4417 16.1752 23.3801 29.6798 25.5515 22.5654 37.4053 37.2267 25.8368 27.3149 
19.6214 19.2076 17.4556 13.335 19.3575 17.4892 17.5828 18.007 27.0481 15.1078 10.3992 24.2344 25.5872 22.2018 16.0633 
19.7104 21.237 16.2436 10.8967 14.9769 22.7606 23.0309 18.9465 31.0038 13.264 11.0607 26.8163 25.2803 25.5166 15.6036 
16.9759 20.4197 23.3681 23.1253 24.8255 9.4738 10.2792 15.7065 14.0004 28.8007 16.9294 21.2149 24.4062 11.3977 29.9644 
2.9124 8.5293 4.5367 12.7276 19.8431 28.7265 28.6294 8.6015 28.8489 15.043 5.4545 11.8808 6.9118 24.834 11.9926 
25.0968 32.7244 30.842 22.8147 22.2398 15.3274 14.8665 29.6631 33.7872 24.1325 22.0462 37.8108 37.1752 24.9765 30.1913 
8.6608 11.964 9.9133 13.6731 19.7415 22.9466 24.7514 6.7279 23.5911 13.2149 4.1815 17.9045 13.2628 17.5363 16.6411 
5.7839 5.4985 11.9448 18.4437 22.9631 23.4395 23.1849 0.6336 17.0456 18.9911 8.785 9.6032 9.7 14.713 18.6415 
5.744 10.3178 4.8777 12.1129 16.0957 23.453 25.253 6.1433 25.3621 14.215 2.0187 16.5651 11.075 19.4134 13.2925 
17.2724 22.1082 16.4364 14.6481 16.6177 19.985 22.3311 20.9956 24.0019 14.8287 12.2611 32.9456 29.036 26.2195 18.2749 
16.8734 13.9286 18.3182 24.1963 29.0426 18.2225 15.7296 8.9278 9.23 29.0084 16.8061 19.8086 15.7473 6.4744 28.2358 
6.1 9.3798 9.3074 14.4343 20.3635 23.1736 22.6678 4.9836 19.3661 14.3839 4.1461 15.0761 9.8904 17.8049 14.4382 
19.4645 24.7489 14.3725 7.1962 3.9925 34.5073 27.8509 20.9637 37.8395 9.5498 16.3524 28.8398 26.2855 37.3186 9.1757 
6.3554 6.8755 10.6762 14.7037 25.1926 25.1486 21.126 2.9499 16.7405 19.4526 6.3422 13.8539 11.3904 14.066 19.8618 
10.466 7.7512 18.1447 19.8186 32.0199 21.9542 24.8433 5.3381 14.8343 23.0326 11.4727 9.854 9.6187 10.6022 23.8286 
14.4564 13.5739 17.9057 20.0802 27.1963 14.4106 14.0955 10.3958 13.8344 22.1963 11.5677 20.7337 21.5959 11.9172 24.3609 
18.6741 17.9244 18.1686 22.5595 26.2212 13.7556 12.3228 14.1764 16.1192 20.1919 13.1124 20.6999 22.8383 12.5253 20.5813 
19.4286 26.9914 13.8656 7.2968 5.0481 27.5334 34.2595 24.2495 33.9463 7.3696 12.1727 30.8588 26.4933 31.1171 8.1645 
12.2428 6.4765 16.659 25.5469 34.7423 34.4212 34.9655 11.0803 18.8258 29.8015 15.4424 0.9242 6.3418 20.7855 26.7844 
11.7949 12.1528 16.2522 18.0621 25.0421 19.8174 18.6668 8.1335 15.2517 18.8201 10.204 18.6253 13.6252 10.4766 21.7749 
6.7698 8.4658 8.764 15.7998 19.1586 20.4776 19.3088 5.2139 22.8342 13.7931 4.2163 16.9623 11.0549 18.8907 17.0972 
2.2066 3.5421 9.1972 15.1282 24.519 35.2372 29.5398 6.0003 25.6748 18.8825 9.5322 7.8794 3.8969 19.7724 17.3105 
25.4813 26.2472 21.0028 15.4041 14.1483 18.8402 25.0954 23.1089 34.235 17.215 16.286 30.2461 33.6603 30.5916 16.7965 
27.8698 25.0933 25.382 28.2081 31.1586 7.1501 6.6864 17.6154 11.808 33.893 21.1362 28.9827 29.7276 10.3634 31.7482 
1.5426 5.3129 6.8665 13.2036 22.5114 24.5243 27.4112 4.2628 21.9949 17.8046 5.4466 10.7657 7.6779 22.8483 16.0041 
27.9816 28.5149 24.0207 20.4948 21.9584 17.21 17.4803 26.1494 32.3507 21.6045 21.3671 31.6227 28.3888 30.3395 21.3696 
6.616 2.507 14.1518 19.514 29.7521 23.8446 28.7701 2.4534 17.6526 18.8266 9.6777 7.8431 6.0703 16.5961 21.0689 
9.8577 5.6212 16.5312 24.1714 34.9205 26.0755 25.4497 6.9838 17.4243 28.1333 16.4719 4.6314 6.3494 17.0536 25.7227 
35.4127 29.8957 32.1529 30.0149 31.967 11.9662 11.2796 27.8687 27.1174 31.5177 28.2345 42.3854 33.6571 28.9159 33.7393 
17.5628 23.1284 11.6486 9.8618 12.3481 20.9493 27.0117 16.5302 30.1413 11.2206 9.4168 25.3659 24.4586 26.9135 12.508 
11.3182 4.9899 19.8117 22.679 34.1761 31.2447 29.3967 8.3976 15.4057 29.1521 16.8422 4.3406 8.0631 14.3271 26.1076 
14.9301 19.6235 6.7931 1.0475 6.7025 27.8623 27.4027 17.6273 33.2527 2.5045 8.681 22.8979 17.9776 32.9747 2.7449 
26.0359 24.3234 30.6353 31.6758 39.9286 18.7076 14.183 17.2288 2.6478 34.5463 23.9299 24.8692 25.6152 3.7636 34.2277 
24.7352 23.2088 24.8081 27.5666 36.219 12.1832 8.1387 17.162 8.5161 35.6081 22.0542 22.1507 27.8283 6.0887 34.2336 
9.4221 5.2453 19.2385 26.9411 35.364 28.0261 32.4 6.634 15.1467 26.8055 15.1477 4.9188 6.8374 13.9145 27.0938 
8.1831 2.9562 12.7079 23.9779 31.1024 25.5741 24.9253 3.6518 18.8843 25.0423 12.7098 6.2128 6.424 16.4337 22.671 
8.7596 7.9709 16.4691 18.4962 29.9783 21.025 21.5041 3.416 15.4004 24.2248 11.4731 13.6056 13.4158 10.4386 20.1037 
7.6114 12.2644 2.0692 8.417 14.8262 37.6801 34.5195 11.5704 33.4099 10.1141 8.2342 19.1661 13.439 31.4489 9.3709 
7.9845 12.8063 7.523 9.8661 16.7406 23.9079 25.5099 9.5255 21.353 12.1218 3.2268 15.8113 16.1575 22.2078 13.8201 
6.021 8.3517 9.3033 16.7774 23.9279 25.9025 24.3722 3.5385 22.287 17.5493 4.4326 13.6544 9.0604 17.0127 17.3909 
18.6247 24.6748 13.7579 9.524 11.3551 21.5451 25.8184 17.052 34.5263 9.3193 9.2575 30.6926 20.7366 24.4598 10.4793 
3.6629 9.1936 3.4628 12.1469 19.1529 27.7912 29.315 8.8186 22.4509 11.9507 4.8612 14.3066 10.061 23.5199 11.1275 
14.9586 16.8797 6.9243 3.8252 9.3133 25.1379 30.551 14.1469 30.8214 5.5617 7.3562 26.7546 16.4593 31.2218 5.8233 
5.2512 9.2884 5.1787 12.4869 15.8698 29.4114 28.5178 8.0968 27.608 10.5552 1.2467 14.048 10.6016 21.2637 13.5159 
7.392 5.6336 13.2445 22.174 29.0437 22.0608 25.8698 2.7375 14.4427 23.8641 9.706 10.0253 8.388 12.3924 18.7572 
4.2804 10.5556 2.5017 11.6035 15.5751 29.9601 34.8254 8.5587 31.3685 10.7865 5.6268 15.4006 9.4928 24.7382 10.9614 
17.7543 11.5733 20.2318 33.3021 32.0331 31.8515 30.8931 10.8934 15.0924 29.7435 19.2522 9.7986 14.4144 11.166 26.6575 
8.0182 4.3654 16.0606 21.0686 30.0987 29.5005 36.1643 8.386 22.8748 21.5712 14.7745 2.008 3.4078 20.0888 24.8644 
15.4052 12.47 18.0986 26.4512 33.5339 19.877 16.6751 8.806 8.5866 30.6608 15.286 15.3217 15.8491 5.7511 30.49 
30.3508 23.0613 32.7744 38.0513 35.4396 10.0083 9.4785 25.215 9.133 35.1488 30.1772 25.8836 25.4708 8.5113 40.5077 
5.5105 6.849 9.3514 15.1141 22.9546 22.7903 26.1993 3.0988 18.6871 16.553 5.4791 13.8221 8.3899 16.6267 15.4208 
8.996 5.2384 19.4953 23.7427 27.5789 33.7309 30.0685 6.7818 18.9423 24.5213 16.5158 5.3627 6.4227 15.7891 27.6931 
19.349 26.143 17.5989 12.3205 11.7147 25.8869 24.795 17.3103 27.1637 13.5 14.3332 32.8929 26.2206 29.696 14.918 
18.3843 25.4255 18.2015 11.672 12.2202 23.5127 19.8453 19.3419 32.7872 14.3467 13.6487 30.4955 28.2026 26.5503 14.004 
12.9215 6.9951 18.4912 28.5287 34.2045 29.3331 30.117 8.5104 16.4171 25.4152 15.8561 3.0352 8.5046 15.6955 26.4689 
27.0663 22.9137 32.3595 33.6467 42.1931 9.0727 6.4591 20.1563 10.3434 33.8886 23.2931 29.3817 31.7138 9.5077 38.1746 
21.6371 21.6948 24.115 21.0271 19.0422 11.8587 13.9385 21.32 28.784 24.5259 15.521 34.9077 30.3121 21.4255 25.1623 
9.6637 4.7869 16.7818 23.4564 28.2453 35.7682 29.6036 8.403 19.5908 21.6227 16.3409 1.9486 4.5189 20.316 26.2744 
26.3385 31.5843 24.8139 24.1124 25.8096 11.1635 13.698 28.4762 29.2445 27.6611 21.368 33.6774 34.7935 28.0138 27.5222 
9.0188 8.0938 13.7804 22.3417 27.5318 24.3903 18.4868 4.4497 16.487 22.3478 9.3947 10.7668 12.8222 11.108 19.3853 
16.1428 11.8446 25.9368 31.5528 42.5873 26.8389 26.1601 13.5497 9.7297 34.9585 19.7112 11.038 14.0619 8.9361 32.1007 
6.1635 11.2641 2.4142 9.5585 18.01 31.9923 34.6689 12.5063 29.8064 9.2415 7.5886 14.9206 11.5841 26.3117 8.101 
4.246 3.7075 10.9957 17.6544 20.6894 29.8189 28.8837 1.2724 20.4603 18.3188 7.788 9.3238 7.2956 15.0692 18.208 
14.0267 12.8837 13.8947 16.7077 21.4871 17.1566 18.8353 9.3262 17.0169 16.0612 9.13 21.3592 15.5669 16.4284 18.5596 
8.5469 16.233 2.1856 5.7046 11.6637 32.7236 28.9102 13.2736 27.2913 6.7666 5.3629 22.7838 13.9426 25.7634 6.7206 
22.2031 16.9619 25.7052 27.1271 38.8818 14.3708 15.4475 18.6286 3.8465 33.996 22.6577 22.9823 23.6036 2.1665 28.9959 
28.4832 31.7071 23.145 22.7941 24.6381 11.9986 13.3183 23.9899 28.0273 27.0318 22.6093 34.2666 30.334 26.4625 29.1043 
17.0545 21.5612 15.5611 13.4643 17.3657 19.2156 16.4129 14.5674 25.9665 15.1351 9.4376 23.0508 24.5205 20.0574 14.7737 
30.469 32.956 29.9568 32.0259 33.9545 12.7168 14.5411 28.0453 29.0642 30.2402 27.3053 40.8052 41.019 26.322 28.395 
32.0709 34.8715 31.2428 32.9677 33.0727 9.5286 11.3799 29.8671 23.8325 33.9451 23.2447 41.5037 33.276 26.3996 30.7357 
6.6912 1.3143 14.7403 18.1647 25.5011 32.2116 29.4455 5.4921 20.3063 21.6442 13.6242 5.4438 3.0685 19.7553 23.5192 
17.0181 11.4015 23.2301 28.7355 30.2806 23.1473 19.3395 10.4814 7.5134 26.4422 16.08 11.9643 17.3711 7.328 28.2769 
16.972 14.4141 21.2224 26.4065 33.2157 16.7829 15.1246 11.4933 8.7934 30.0382 15.4438 20.4004 17.522 3.7966 26.1255 
24.8012 25.0536 25.4026 21.5414 26.0552 10.6608 11.8763 20.5377 25.2301 22.2258 18.5827 30.3033 27.7556 18.6526 23.2485 
12.2856 14.7132 5.1591 4.8818 11.2746 23.979 28.0472 13.1465 27.7631 6.4349 5.0138 22.0018 15.7194 23.4497 6.9065 
23.5436 23.5119 17.8 12.0059 14.3949 22.3357 22.2937 18.2371 29.8034 14.9873 16.423 32.194 27.4644 24.2157 14.5372 
23.4675 22.754 26.3686 29.1104 29.8826 12.2975 10.531 16.9251 7.0091 29.2047 19.1463 21.2377 27.4829 5.553 29.2886 
19.7939 20.3042 24.3675 23.0629 31.282 11.909 10.1627 14.6277 11.4185 27.3945 14.9788 22.0123 19.7473 10.2545 28.7286 
13.9714 8.0532 17.7741 23.6562 31.2593 25.709 28.925 9.0175 15.8153 31.1382 18.0213 7.7352 10.8031 12.5163 27.008 
20.555 18.9187 28.1671 34.0982 32.5108 17.5964 17.5402 17.2751 2.3172 32.2121 22.6062 21.2298 20.5616 1.722 33.1912 
9.863 6.651 18.394 22.0148 28.8756 19.8306 20.1645 4.6855 12.8644 25.3291 11.692 10.5562 10.4239 11.0837 24.692 
9.9396 7.7883 20.2157 25.2338 34.2075 38.2481 31.875 10.9608 20.4559 26.8971 18.7074 0.5542 6.4649 21.355 28.3152 
23.0811 25.8107 27.4069 30.9777 29.2484 3.4562 4.1614 23.564 15.8279 29.522 22.5317 29.3261 28.0053 14.5077 28.1807 
33.1633 27.6739 28.5297 37.6366 34.7713 5.7282 3.6089 24.4031 12.1343 30.8929 24.8885 33.2051 32.401 11.6081 40.8805 
20.8728 14.8432 25.4162 26.472 31.1575 14.8752 12.8375 15.4737 6.2039 30.6341 17.5145 18.8868 22.2008 3.3898 26.84 
11.1767 15.933 5.1258 7.0849 11.169 29.7916 30.5675 14.0813 28.2776 8.2753 3.5522 19.0744 15.6425 25.6591 7.6219 
24.2507 27.2718 23.6355 24.6759 24.2852 14.8552 16.1888 25.8145 26.2937 22.299 22.5206 30.5043 28.4929 24.6898 21.4325 
23.1161 25.7573 13.9941 5.5677 1.2337 35.5382 38.591 26.0735 33.2116 5.1718 13.7795 31.2285 29.0624 38.3502 5.757 
20.2922 20.9381 18.2896 18.2462 24.4238 10.5948 9.9956 15.1842 21.0594 24.695 16.6463 29.3725 22.2234 17.3645 22.4606 
8.8796 4.1687 14.8858 25.2821 28.8877 33.4504 32.136 7.0055 16.3343 22.1039 13.5892 4.5651 5.7147 16.5059 23.7319 
33.213 29.2679 24.3626 26.4007 27.81 15.0337 17.2474 26.9329 29.7499 23.7153 21.9143 33.0381 33.4597 29.1196 27.4968 
19.4915 22.016 22.3398 31.8521 32.1831 12.2637 10.1964 15.464 8.0818 28.7615 22.6239 23.0226 23.4034 5.9198 31.5271 
19.8619 26.608 15.8345 10.1005 6.3215 25.7535 32.6815 25.4187 40.1665 10.5934 13.9578 28.3764 23.9242 28.9894 10.4318 
28.0758 28.0844 28.8012 28.7098 26.501 5.8921 7.804 28.0415 25.6676 25.9535 23.8958 39.1824 31.4375 18.4851 26.9316 
3.7701 6.261 8.6122 14.8887 20.7494 25.1932 28.9909 3.5719 21.9129 14.7671 4.7306 12.1358 8.7533 16.3706 17.4608 
26.2889 29.3834 25.3281 20.1829 18.0785 16.3351 16.2531 23.7754 33.2499 23.3669 17.1584 35.4879 28.616 29.5791 21.1595 
8.5147 11.0295 12.6521 18.4609 20.4929 17.9912 19.3368 6.3886 17.3321 17.9452 8.3079 15.8698 14.799 16.5228 19.895 
18.1312 17.9237 18.9289 21.2205 23.2519 11.1984 14.2011 14.7727 17.9846 20.7568 14.2591 26.6429 25.4331 15.3989 22.0956 
22.0701 21.303 16.3168 10.1733 10.7328 23.9158 28.7115 18.3791 37.4632 12.8517 12.2664 29.2806 28.7908 28.6255 12.3695 
22.0578 22.3695 20.3004 27.3508 27.3398 10.2079 9.425 18.3642 13.4374 24.0366 18.673 28.6222 26.9037 13.2941 28.4938 
16.4325 21.9246 14.106 8.7602 13.2442 21.5289 20.2582 17.2606 32.031 9.9926 10.4891 27.8099 21.9175 23.7169 13.2224 
30.3168 29.0676 31.4159 33.9358 44.395 10.6502 7.8057 21.1088 10.3289 37.0076 30.2441 27.1404 31.0091 8.172 37.0129 
26.5126 23.7136 32.8761 36.5508 39.3199 13.2785 10.2141 22.07 9.3106 44.2364 26.8781 29.2006 29.169 9.7765 40.1412 
7.1812 12.8184 0.5694 7.6121 15.9583 35.2968 32.848 10.8031 32.3986 10.3127 5.5518 18.8661 10.7158 28.6914 8.0124 
7.3979 14.4796 2.2659 8.1708 12.8205 36.9503 36.4512 11.6214 27.5885 6.6975 6.417 18.9057 14.5662 31.3395 7.2502 
11.5086 17.6228 6.6499 2.3763 7.678 32.9994 28.0429 13.8501 33.4923 3.7248 6.9353 21.4561 17.5929 31.1011 4.4387 
11.4853 14.5405 8.1337 7.2693 12.2903 22.0027 26.9579 10.5524 28.2115 9.7318 4.6282 21.6745 15.4906 24.0228 11.27 
14.7828 16.8202 12.333 10.1873 14.0746 22.0454 24.8137 13.2989 30.2984 10.828 8.0099 24.7333 22.7996 23.9773 11.1954 
7.889 8.3999 11.4302 15.1617 20.0267 22.2116 23.8394 3.1588 17.3663 20.4736 7.3087 12.6225 10.0309 13.6061 16.9087 
21.2376 21.979 25.7639 23.3224 30.8105 6.7972 6.6362 18.3535 14.7282 25.4973 16.8959 24.134 26.1169 10.3296 28.0546 
13.3751 13.3372 21.0722 20.5537 27.7182 18.3452 16.0304 7.937 10.8326 23.2553 13.897 15.4651 15.6485 6.9274 27.9672 
24.8466 24.4545 33.1274 34.0514 37.0033 14.8233 11.9585 18.2715 6.9656 38.9817 26.2739 25.0651 26.757 6.9601 37.4601 
31.5709 27.4272 38.6492 37.8429 45.3814 16.759 13.8365 26.4602 7.7357 41.035 29.5793 25.6681 27.3887 7.7122 45.391 
26.9357 24.1554 30.0695 38.0151 37.5604 11.5618 8.2254 25.1871 7.765 34.8552 25.9282 29.873 28.5277 8.0723 34.2026 
20.1628 26.8656 16.6718 12.5661 10.6301 21.409 24.2277 20.4582 34.8738 12.5276 14.6688 34.2106 26.8539 30.0077 13.6207 
23.6546 18.5764 28.3295 31.0563 38.2646 11.2579 7.8638 18.0834 9.0832 34.0104 19.9515 23.1572 28.7495 7.9945 27.657 
16.4477 16.6513 10.2878 6.7465 9.0061 24.6051 26.133 16.2593 32.7846 7.2924 8.7388 26.2046 23.3552 30.0001 9.715 
14.4743 16.0006 10.1034 9.1852 11.2757 21.3811 27.3121 14.8962 30.3453 9.8054 6.0941 22.5383 17.4117 25.4314 11.3004 
8.7591 4.3698 16.0607 23.086 31.9786 30.2722 35.7849 8.0619 22.7553 26.1451 13.9717 2.2377 4.0946 19.654 26.7372 
26.1062 23.4847 36.3215 38.9061 49.6042 18.0844 14.993 24.8117 7.7131 39.2531 27.6477 29.477 28.412 8.4965 37.9488 
23.4006 25.1242 18.8402 11.3849 13.3781 24.4517 22.402 22.8269 36.9043 13.2654 17.4912 32.3355 29.8553 33.2764 15.3299 
34.6593 30.5506 36.1849 45.1911 47.3418 18.678 17.2502 27.8663 6.7421 41.0843 32.3974 25.3857 34.0385 11.1546 41.6624 
23.0143 23.7696 21.2235 17.5302 19.1555 14.8951 15.2242 16.9999 19.9049 21.8674 13.8333 27.0673 25.2918 21.7377 23.2501 
1.4595 6.6396 7.3053 13.3247 22.54 29.1104 31.2782 6.3963 24.0884 14.9999 7.0102 11.6631 4.9838 19.9158 13.6968 
5.762 9.4201 5.674 10.159 17.9501 28.2642 28.5316 6.6155 22.7198 12.336 0.9321 14.8921 10.4465 19.7276 11.6354 
3.6606 1.603 11.3346 18.4918 22.1468 24.538 27.7189 3.1954 22.4851 18.306 10.4178 8.2498 5.6169 18.1281 17.5037 
4.5982 10.5479 1.96 9.7967 15.5942 28.6549 26.7986 10.8934 26.8786 9.3637 4.5946 16.1599 11.2099 25.6404 10.692 
33.3625 33.7101 29.2822 33.5046 33.8543 3.1123 4.6155 23.7594 23.2382 34.0553 24.4647 32.4603 32.5281 17.5881 33.3577 
20.9922 19.5288 23.8798 31.0014 32.7326 16.6351 12.2454 13.8047 6.306 30.7403 22.6899 24.8733 23.2258 3.1344 30.7566 
11.5244 7.6023 20.6486 31.6719 35.4956 32.3282 27.1764 9.7998 18.3509 25.7981 20.8975 3.8165 8.7828 18.1093 32.902 
25.3212 25.7152 34.6734 32.9336 35.7756 8.6809 6.8586 24.5723 11.1264 32.1727 28.6318 32.1245 27.9761 9.2547 31.296 
14.2337 17.3564 10.2614 7.7925 11.4828 25.7656 25.692 18.1957 31.5665 9.9557 8.3629 25.8686 20.3203 25.3509 10.86 
10.5772 16.4113 4.4761 5.1312 10.2769 31.0315 30.181 12.3803 33.0874 7.2112 4.5013 19.6893 17.8758 27.9789 7.0094 
31.086 27.7363 26.3723 27.1432 30.5705 3.8079 6.4557 25.9494 22.4189 30.9947 25.8711 35.6482 30.0164 22.4527 28.9258 
6.3661 10.4859 3.2736 9.6166 15.6254 28.4953 30.1224 11.4091 28.7846 11.4476 6.3055 16.0252 8.801 26.9215 10.3423 
15.1171 15.2955 14.0112 16.4275 23.2221 14.5891 17.0135 8.7517 16.2657 20.4471 11.7189 21.3701 17.6812 13.0367 21.4027 
11.3128 7.8188 19.7704 30.8215 32.9469 32.153 30.6139 9.5683 17.9948 29.0932 15.4994 4.9436 10.1796 16.0809 25.2639 
30.2934 32.252 33.4903 30.5585 35.2971 7.0407 8.4306 32.7104 26.8863 32.1568 29.4809 35.444 36.5796 21.892 29.6424 
20.9147 28.2241 13.2341 7.3255 2.2206 33.5484 35.3776 28.0809 36.4426 5.975 15.9946 35.576 25.1608 41.5851 6.2418 
22.8909 28.0503 24.0209 20.1093 26.1161 12.5326 14.021 22.7302 24.51 25.1874 21.2226 30.3493 27.0861 24.8681 26.2368 
13.4667 13.8589 11.7076 11.4307 18.6789 18.5107 22.1313 12.2862 25.5497 15.3298 7.5041 22.127 19.7564 17.5623 16.1136 
19.2292 17.9741 23.0886 35.6972 36.0543 22.837 19.6663 15.9318 4.4444 34.9959 24.7255 16.2531 17.4576 3.9326 34.1083 
16.4645 20.703 13.1617 9.5032 10.7488 25.5732 27.1119 18.5932 29.9207 9.5204 12.3287 31.6787 21.1307 28.6541 10.302 
18.367 18.0282 24.8992 25.5813 33.287 11.4776 8.6161 17.242 11.8548 23.8157 17.4944 27.2968 25.3734 10.0703 28.2213 
13.5531 10.2705 16.9726 28.3302 29.8862 19.3637 17.0987 9.498 8.7851 29.4585 14.2717 14.4361 16.3127 7.209 24.4068 
14.0796 17.3899 10.9434 12.4403 14.8387 21.157 19.5902 10.7188 23.941 13.2132 6.6731 23.0222 17.1327 19.9787 12.1613 
24.5522 24.7333 29.5291 26.5427 23.7331 9.5855 10.3754 25.9715 23.7371 29.9888 19.7642 30.0224 35.0185 20.0891 26.0854 
21.156 16.9247 25.9747 31.7736 34.3773 17.9387 13.2896 16.2813 3.9078 29.8222 21.8248 18.9046 23.381 0.8151 32.3527 
6.8764 9.7745 7.8579 12.1733 19.9562 25.6849 21.7579 7.5434 22.1233 14.1447 1.9603 14.5038 12.3545 17.3604 12.6178 
8.6764 12.4173 10.1634 12.5405 19.5246 19.3122 19.3236 8.3849 23.7769 11.9495 4.0093 16.7108 13.9797 20.6294 12.8817 
25.6488 31.9579 24.9616 23.56 28.2364 11.4607 14.1922 28.7465 30.1214 30.1937 21.3073 34.989 37.5828 23.362 28.8667 
15.7226 19.3993 17.2264 13.6832 16.6479 17.3331 15.4918 14.9238 21.2836 16.0858 11.0597 29.2933 21.3348 20.4982 18.4246 
16.3437 22.2889 14.3313 13.1697 13.8248 18.3447 18.6898 19.3116 28.2689 14.3576 11.834 27.4508 21.1264 23.0459 15.1901 
20.9829 16.1084 18.9191 22.8033 31.7917 10.6662 11.065 13.4355 13.7017 24.7259 14.4409 23.6522 20.2555 11.6563 26.0856 
2.8998 7.9235 4.9357 11.6963 18.2619 32.1603 34.1848 7.1253 23.7349 14.9899 6.1582 12.3244 7.959 23.1521 12.4284 
25.7407 34.4986 26.1115 23.488 21.2062 12.4523 13.8262 26.7845 28.0317 26.1615 21.5026 41.4703 39.1261 24.0266 25.2633 
9.0554 11.6936 9.7978 14.8936 19.3036 20.3874 24.4417 7.4005 20.4079 13.6731 5.2036 16.872 13.1408 19.9988 14.9626 
5.8304 5.6366 10.0846 16.4517 27.525 21.6632 21.213 0.6526 15.6913 17.1217 7.0177 10.1004 8.2833 17.2447 21.303 
5.4255 8.5788 6.3553 11.0794 16.7685 25.0658 25.4184 7.181 25.0415 13.5838 1.9739 16.4028 9.431 21.6118 12.1827 
19.4243 20.8883 15.5083 15.995 16.422 17.4169 20.1455 19.7108 28.3205 18.4258 13.4171 25.3402 23.7395 25.4764 15.8425 
16.5891 14.1609 19.9387 26.0405 29.9674 14.682 16.981 11.873 9.0575 30.159 15.7124 18.7142 15.8448 7.0732 24.8365 
5.9308 8.793 7.2273 15.0607 17.9148 20.7382 24.2337 5.1264 20.5312 13.5781 4.0306 14.4425 10.4756 16.3766 13.7449 
24.1921 23.0792 15.0148 8.5099 4.1776 27.6407 33.4247 23.5099 35.7355 9.0967 15.5134 36.9762 24.3315 30.737 10.5017 
5.9504 6.1905 11.7664 14.8728 25.4841 24.8567 21.4321 2.7727 18.3433 16.6236 6.0224 11.6896 10.4431 14.5928 16.9627 
9.4412 6.3033 17.8474 25.5421 28.1713 22.8044 24.4505 5.0031 15.5036 24.7712 14.2285 9.6105 12.0443 10.1846 23.7055 
13.7147 15.5207 17.3601 21.6222 28.2047 15.6569 15.2651 9.8086 17.4996 19.6526 11.5008 23.7319 21.2415 11.4552 24.7099 
18.6884 16.2866 15.786 19.9588 23.8823 11.9828 11.3671 11.4193 17.4247 24.6754 12.9432 23.5058 18.6447 11.5877 21.9629 
20.2499 22.6728 13.1906 7.1082 4.7622 26.1495 27.9241 25.1332 35.2155 7.3782 16.0812 31.8759 23.1408 34.2628 8.3441 
9.9402 6.1949 20.3587 25.569 29.0928 31.3684 36.1229 11.2576 22.6825 23.8911 17.6975 0.7112 5.5903 16.736 26.6119 
13.1264 10.0739 13.6023 22.5347 27.8229 20.3989 18.1759 6.405 15.4348 23.4078 10.8759 15.9453 17.0282 9.63 19.2789 
8.5828 9.6903 8.83 14.5701 23.2594 25.0044 24.8357 6.139 19.4556 13.9749 4.2624 16.7339 11.9868 16.0957 16.5999 
2.192 4.0062 8.4783 17.0354 25.5451 26.7289 27.3565 6.3785 22.6073 18.5656 8.7747 7.9388 4.1963 18.4375 16.5611 
25.5392 26.2472 18.9961 18.0342 13.4784 22.3928 26.2867 26.2417 36.8567 16.4943 21.0113 32.7591 31.776 30.2731 20.1759 
27.3182 21.8117 31.7556 31.4873 38.7539 7.4318 5.6041 19.3505 10.8874 31.0639 20.5726 31.3148 30.7028 9.5049 29.047 
1.3751 5.6171 6.8214 13.613 24.2233 27.0117 27.5078 4.3611 24.9921 15.3057 6.5578 11.3552 6.8232 18.9129 14.1651 
22.6 31.4357 22.8661 21.4169 17.7801 15.7604 21.7937 25.6211 27.439 23.3414 18.7494 34.0467 31.2539 28.8843 19.1247 
6.654 2.9271 11.9606 17.8488 30.2654 29.4368 25.9939 2.298 16.7972 18.315 10.4123 9.0437 6.8056 14.1422 22.7525 
10.8984 5.3445 15.7259 24.6767 27.3009 26.0582 27.8497 6.6472 15.8914 27.4907 16.347 4.3763 6.2509 16.6003 22.4221 
28.0857 32.2647 32.4819 32.8873 28.3352 10.1494 12.2076 26.2161 24.6559 27.1583 26.5392 36.7788 36.8168 25.4207 34.6767 
18.5811 24.1046 12.4692 11.317 12.9791 23.833 26.2945 17.9114 28.7477 11.5114 10.4075 26.6627 24.6834 25.8707 12.6505 
10.9217 4.9373 18.1822 21.7465 34.113 27.6884 29.4617 7.9391 19.4435 23.1589 14.4842 4.8151 7.5378 14.2921 27.0413 
12.0071 18.7847 7.5445 1.0681 6.8864 27.2651 29.3522 17.6076 31.625 2.8172 9.507 26.7564 18.0944 28.1088 3.1112 
26.5717 19.2647 27.125 32.2223 45.3025 16.7859 15.135 18.8255 2.7217 34.7334 23.6095 24.5784 27.2454 3.8423 33.7478 
21.4799 23.6796 23.7317 27.0262 33.7979 10.1339 9.7444 19.3961 8.8598 27.8618 18.8365 24.9186 25.7165 6.3593 31.0349 
11.9066 4.9204 18.6111 28.8078 32.905 27.535 25.1892 7.5732 15.171 22.9409 14.9314 5.2606 7.3376 15.3712 27.6669 
8.3917 3.1277 12.5507 20.1312 25.4895 27.169 24.8022 3.9918 19.9626 20.5277 11.111 6.7038 6.9494 16.3858 25.1713 
9.0405 7.2979 13.8047 21.4521 25.3321 21.9023 20.2948 3.9412 16.8671 23.6228 9.7368 14.5684 12.2158 10.593 21.6568 
8.4449 14.5521 2.2634 9.3821 16.5294 29.7867 30.3004 12.9594 32.9592 8.9826 7.5991 19.687 10.9504 29.4202 7.5777 
8.8569 13.3546 7.7497 11.4463 17.4676 23.6699 22.7413 7.8814 26.2857 11.6176 2.6986 17.384 14.782 17.1196 14.3894 
5.0612 6.53 8.7626 14.677 21.0386 21.4452 22.2532 4.1335 20.5574 14.3831 4.6783 14.7867 10.5606 16.0422 17.5073 
16.7537 20.2772 14.4434 7.5516 9.3511 21.05 23.7512 19.0274 26.7737 10.0692 12.1915 29.5796 22.0469 27.5711 10.773 
2.8249 9.2369 3.7018 12.0071 15.9344 27.9274 26.198 7.1075 27.482 13.5146 4.6977 15.4912 9.9644 22.8007 13.5295 
14.4604 18.8171 6.9306 3.3103 8.5105 31.8873 29.7525 15.801 33.7602 5.0433 7.9385 25.5037 18.3593 30.9355 5.1151 
5.5379 9.1551 6.0076 10.4713 15.4108 25.4426 29.6715 6.8731 22.8323 12.2407 1.1321 15.3062 10.9407 21.2637 11.1961 
7.2007 5.0248 13.539 22.5233 28.6855 21.3253 25.9957 2.4275 15.5865 22.961 11.602 9.4169 10.1349 12.0798 22.9001 
4.8158 8.6399 2.7053 10.5025 15.6302 27.4866 30.4274 8.9849 27.6097 12.0483 5.1291 16.429 10.7442 23.9221 9.5726 
16.4798 10.6499 23.622 32.2803 38.4439 28.1478 26.9245 12.1328 13.3495 33.5597 21.4536 8.7178 11.4848 11.0048 27.9336 
9.8616 4.105 14.371 22.5644 27.3766 32.5811 29.6726 7.3888 18.6106 23.792 15.1465 1.8532 3.5294 17.0366 27.22 
16.7831 11.2494 18.6915 27.4152 35.8941 20.3431 20.564 8.9951 8.0527 25.6185 17.6947 14.8848 15.567 5.8595 29.1098 
25.0914 22.8182 31.7454 32.3879 44.1126 11.3795 7.5224 23.608 8.9863 39.0113 25.0252 27.3872 29.484 9.0791 38.3856 
4.8653 6.7525 9.9088 15.936 24.1829 24.7079 22.8003 2.7201 18.5429 18.3394 5.656 11.4421 9.3055 15.3372 16.5466 
9.5191 5.0989 18.9607 25.6478 33.0226 32.4103 25.7648 7.9199 16.7874 28.8273 16.1088 4.4379 8.1573 17.6482 25.6972 
16.8967 24.917 13.4341 12.0042 10.4664 21.5833 21.3473 20.3371 28.9182 12.2665 12.1737 26.6385 24.793 26.1277 13.336 
21.2824 26.105 15.8135 13.2171 14.4719 21.1416 20.8427 18.4109 31.07 13.6456 11.6196 28.7258 27.5504 23.3016 15.5678 
11.1514 5.6994 18.7773 23.6151 33.2719 29.306 29.2925 8.9504 17.2631 28.882 19.0146 3.1797 7.7551 18.0869 26.9924 
26.522 28.8554 32.9931 36.8959 40.39 9.4188 5.3664 22.0413 10.6527 39.4487 26.2273 33.2449 30.527 8.86 30.2044 
20.9276 22.9366 19.9027 21.5065 22.1352 11.9856 14.5557 18.9836 23.3706 18.7657 15.6001 29.4115 24.7006 25.2807 21.5993 
8.5103 4.6689 14.5884 27.6357 26.7051 32.6644 36.0616 9.8414 18.1702 24.5566 16.7363 1.7668 5.2101 21.2829 22.8947 
26.8673 28.4891 24.9336 25.7424 29.4753 13.4564 15.9516 23.2364 31.8921 30.2907 22.5394 31.9022 36.2973 27.4716 31.1521 
9.8642 6.8271 14.2133 21.3628 24.8741 21.7768 22.2156 4.5924 16.4953 20.7824 11.9413 11.1649 12.405 11.4571 24.1728 
15.7233 14.0305 23.7337 29.6852 38.9074 24.7714 25.639 14.0825 11.456 32.5731 20.4012 12.4279 15.5393 9.2886 30.1353 
6.5525 13.0324 1.9245 9.3139 14.9511 37.6195 32.5599 13.5276 28.8038 10.631 6.9225 17.7167 10.79 26.0764 10.2097 
4.9639 3.7648 9.3133 16.4513 23.562 25.6183 26.0543 1.3485 18.4216 17.4873 7.896 10.3543 7.6113 18.1241 19.6568 
12.7154 15.0663 15.2866 17.3773 22.5184 18.087 17.4399 9.593 18.4513 16.2706 7.9384 21.5254 16.4328 14.3452 16.9316 
8.2342 16.6292 2.6376 5.1675 12.6049 28.0953 28.3896 12.4127 29.8782 5.511 6.8849 20.4648 12.7642 28.5295 5.7072 
21.6182 19.4965 23.4187 29.756 37.458 17.7103 12.5398 16.4505 4.3796 32.0853 19.3755 23.2646 19.9513 2.1422 35.9481 
30.652 30.0181 27.9207 25.3848 25.1542 9.9604 12.0831 26.4918 27.405 28.3789 19.9355 32.736 37.7258 24.4843 29.5564 
19.2822 18.7438 13.3406 15.9406 19.9434 19.2841 16.7362 17.1133 26.1226 18.601 11.1852 23.6654 19.7223 17.6491 18.5475 
34.4719 34.0669 31.3561 29.1199 30.6755 11.0866 15.2195 29.122 28.9047 34.92 23.9233 35.6945 39.4849 25.1573 34.4913 
33.8002 29.1921 27.5183 29.3151 28.9683 9.3837 10.6363 29.6682 26.1158 28.7625 28.9922 41.6041 41.2935 22.3706 28.7252 
5.7824 1.23 14.4732 18.2241 28.5471 26.5163 30.6048 5.8695 23.2915 23.6455 12.1583 5.1312 2.703 18.2262 23.7149 
18.3803 13.6825 23.4795 26.5552 30.0332 24.7452 23.1771 11.6659 8.3037 29.2995 19.2407 12.5594 15.393 5.9243 32.87 
15.6037 15.912 19.5187 30.0728 30.8702 15.3445 13.5156 13.557 7.0484 26.4686 18.3643 17.6018 17.9087 4.6935 28.1649 
23.9951 26.0234 20.8664 19.7414 25.3777 10.9226 10.9357 20.8347 21.5167 21.4546 16.7948 34.3497 26.8077 17.7322 23.4553 
9.9553 17.3036 4.8923 5.4577 12.9384 23.9473 29.3521 12.9177 30.0656 6.705 4.4985 22.8851 16.8357 24.9066 7.5675 
19.1078 25.7717 16.0326 12.1271 14.8876 22.4196 22.6392 23.1119 27.2538 17.1935 13.7804 29.8869 27.9599 27.8807 16.0911 
24.4151 19.6347 28.7775 30.2142 33.8451 12.5535 10.4137 17.7798 8.4687 36.0121 22.9916 24.8761 23.577 5.4653 28.9223 
17.2348 16.7613 22.358 26.4415 30.913 9.6667 9.7114 15.4684 13.1043 24.7644 15.3595 20.6886 21.6824 8.5102 25.6428 
11.1422 8.3134 17.0866 22.9844 33.9697 31.8929 29.7746 9.8327 16.2865 25.5965 18.4059 7.3213 9.2985 12.5888 28.0748 
20.9359 18.7349 25.1247 33.7933 42.3983 19.541 18.5498 15.3081 2.6635 29.2635 24.4227 18.519 20.9729 1.9663 36.1073 
11.2278 7.9144 18.1179 20.16 25.9548 21.8018 20.9367 4.6635 12.1879 23.4228 11.329 11.0385 10.2305 10.7032 24.7543 
11.5474 6.3122 17.3523 23.6202 36.1921 31.1541 33.3622 11.528 20.1118 29.0663 17.0247 0.7194 6.2294 21.6272 23.2304 
24.7868 24.7563 28.0109 25.1543 29.057 3.1208 3.9043 22.5278 15.6844 32.9656 20.9585 34.6022 29.8822 17.2615 32.9027 
32.032 29.263 31.1497 29.7477 38.5364 6.6205 3.0348 22.9708 15.6236 32.4889 27.0567 27.5198 29.3442 14.4437 37.3337 
17.245 19.6696 24.6933 24.548 37.2467 13.9664 12.5471 12.5599 6.5377 33.8456 21.667 23.0267 22.6173 3.3369 30.9226 
11.233 16.7903 5.179 5.7577 13.5566 24.1585 29.3999 11.7749 29.3112 8.719 3.6552 18.1201 15.8933 25.4239 7.5507 
29.8287 28.2274 27.2866 25.6129 23.8988 12.1226 13.6854 24.8062 29.447 20.6562 23.5752 31.2363 35.0554 21.9984 26.0066 
21.2821 23.9007 13.1394 5.954 1.3775 34.8645 34.4219 20.6797 37.9231 5.6207 13.7623 30.6642 28.823 32.3951 6.5942 
18.7898 21.4347 18.1091 20.3996 27.0371 11.136 11.3279 18.4393 19.8083 19.8492 14.5437 24.3106 22.0365 14.0423 25.0325 
10.2247 4.2599 13.9213 26.0402 26.1534 28.7808 24.969 5.8088 16.1721 23.8773 16.3747 4.8449 5.9328 17.6258 26.5264 
33.6858 29.5475 27.8543 22.8448 22.921 11.7275 15.4749 26.6385 27.0798 26.886 26.5204 38.2247 33.9656 24.1421 28.6977 
18.8252 21.2006 28.3137 28.9854 30.5837 13.11 9.282 17.5348 6.9135 33.2841 23.4635 22.5542 26.0574 6.2711 33.2337 
21.5083 25.7552 16.7238 8.9466 5.9702 30.8493 28.6301 23.703 35.53 9.8091 16.0745 29.2983 29.0363 31.4713 12.263 
31.4191 27.1192 26.5751 31.3248 28.2313 6.6426 8.748 22.5185 25.1596 32.5492 21.3702 30.5283 33.8391 21.7614 33.4873 
3.6241 7.172 7.426 16.2001 19.9942 24.7524 26.1663 3.5291 20.5379 15.7295 5.3541 11.7907 7.7182 19.0823 14.007 
25.2278 26.2668 22.8207 21.4133 18.0897 17.6052 16.9305 21.2329 29.7504 22.9023 20.5041 32.0801 27.3257 29.9605 19.2809 
10.1018 9.6127 11.4052 16.7576 21.7543 19.799 19.8585 5.6949 20.1352 16.9543 7.242 14.5801 15.0402 13.6553 20.2187 
19.779 17.3427 21.1087 20.0532 20.1142 12.4392 14.5116 16.0901 22.5457 19.0425 15.2291 28.218 26.5038 15.5275 20.6422 
19.4556 25.3507 16.3649 11.3661 8.6431 21.5499 28.8167 22.8344 30.1508 9.8632 13.3105 27.5002 28.5746 25.6793 11.6085 
20.3765 19.4238 24.2544 23.4617 27.3724 9.518 8.8768 17.7031 15.2803 26.0233 17.8306 22.3237 22.5836 11.8177 24.8825 
15.6443 20.0758 13.9389 11.1098 10.8032 22.0055 20.4194 19.0177 30.6825 10.4965 8.5676 27.6279 24.025 24.5764 12.4561 
24.5922 24.8829 32.943 35.0299 36.6179 10.5313 9.3644 21.6969 9.9855 35.0012 27.7638 29.732 30.6639 9.8323 39.5659 
33.8819 30.3132 29.7483 34.2798 37.2133 12.1524 11.5005 24.2247 9.8196 34.5541 26.7212 32.9412 27.7296 9.1067 36.4838 
5.6571 10.4655 0.5322 8.1552 14.0835 31.967 31.6898 10.5421 31.3594 10.3524 5.4044 16.5484 13.1675 26.1032 8.3243 
8.3087 12.234 2.3281 7.2476 14.1582 36.1813 36.6327 12.2821 34.5889 7.1209 6.9707 17.0141 13.7583 30.9187 6.8835 
12.6313 15.9488 5.6072 2.5689 8.6729 31.7155 27.1488 18.1771 32.2843 3.3922 7.5689 21.0598 17.3669 29.3218 3.5085 
10.2665 16.4832 6.9446 8.4286 12.4218 23.8439 21.6037 12.5751 30.2613 8.755 4.003 19.0748 16.7113 20.2524 10.9189 
14.5141 18.3044 10.9156 8.202 14.2962 25.8257 25.0891 14.253 27.1185 11.6109 6.8896 21.5026 18.5678 21.0838 10.291 
7.7457 7.1626 10.2091 14.9465 23.4849 23.2112 24.5597 3.4619 17.8815 20.5254 7.7129 12.3077 10.7385 14.9109 19.4265 
24.1177 19.6014 27.732 24.5471 27.4934 6.6154 5.9821 16.8962 13.2407 30.6049 19.6154 25.4634 26.9101 11.4948 29.3795 
15.3853 14.3778 20.3542 24.9458 28.0698 18.9783 17.9177 7.7167 12.3815 25.5355 14.98 18.8504 16.5774 7.8543 25.0858 
29.4181 22.4306 27.4367 37.6019 38.6042 13.2959 12.2909 19.5458 6.2307 41.9229 26.8973 28.5248 29.6494 6.6951 35.2218 
26.2795 26.0234 33.7719 42.7049 46.3556 14.3107 13.6302 24.4944 6.9925 39.1662 30.9352 30.625 33.602 8.7827 43.0469 
25.6838 22.3788 27.2477 30.1908 43.8543 12.1168 9.8572 20.4967 7.4061 34.4336 23.3018 28.9433 28.9489 7.9033 39.069 
17.4386 23.5347 13.5035 11.7247 10.944 22.1172 21.4814 20.8411 29.6409 13.7192 14.4869 29.268 26.0845 27.2965 14.5713 
25.5114 22.1521 25.5247 31.913 36.4658 10.0121 8.4123 17.8809 7.8048 29.3767 21.574 21.6488 22.6386 7.5309 27.493 
16.7046 18.9407 9.3468 7.2095 8.9047 26.8546 27.6216 18.3244 33.3026 8.6206 7.8945 23.0519 19.6148 25.4632 8.1722 
12.9072 17.6881 9.6373 9.3782 12.0286 24.6402 25.0895 12.7137 29.9825 10.5766 6.1687 25.4903 18.0637 24.5253 9.522 
8.2441 3.8573 15.0525 20.6746 33.6135 35.3315 34.1239 9.2307 21.036 22.3388 14.1251 2.0337 4.0539 20.5884 23.2844 
33.7219 24.1936 31.3277 42.5165 47.8148 16.6548 15.5802 25.5731 7.1037 40.523 33.4495 26.0952 27.3851 10.1917 35.1893 
21.2038 28.7315 15.9989 11.6544 11.4957 22.9734 23.4589 23.5796 29.2936 12.328 14.6883 30.0218 25.8499 27.6723 14.0172 
32.8097 30.1827 41.0935 44.4052 40.5103 15.892 17.1744 27.0657 7.8541 36.7799 30.7502 25.9859 29.3245 10.441 38.5365 
18.5131 21.3194 18.9148 16.3382 23.7241 13.8997 14.5077 15.9898 22.9763 21.8674 15.9875 30.8068 24.2446 21.9834 20.6208 
1.2382 6.0506 6.0888 12.9645 21.8238 28.5999 30.2518 6.9164 22.6384 14.1045 7.5433 9.3366 4.9288 25.4971 15.332 
5.9247 10.6658 6.1314 12.0137 18.788 22.2107 22.3405 7.3069 26.8862 13.4638 0.965 14.9672 13.1126 22.3405 14.0519 
3.803 1.5503 11.7683 20.046 27.4856 28.5528 24.5187 2.9583 19.2996 18.1724 8.404 8.7643 5.3582 17.3103 19.4903 
5.6966 10.4498 1.6891 9.3915 15.8874 31.4119 32.8482 8.7415 28.0289 10.5007 4.4232 17.0272 11.3907 25.6334 8.9591 
33.5006 32.7196 33.8217 32.7732 30.123 2.5778 5.968 26.0685 22.1301 32.5382 27.8058 34.5676 31.1618 17.2364 33.499 
23.2532 19.3832 25.2762 33.193 33.2259 16.5846 11.0811 17.0159 5.4586 36.1667 22.3773 24.5671 21.3661 2.5846 29.3047 
14.3303 6.9945 20.7883 24.162 39.8093 29.5162 28.6238 11.7853 19.0416 29.3284 20.7563 4.3563 7.9137 14.8423 30.1869 
29.1818 25.4525 32.4319 37.565 33.4833 10.8484 6.8853 19.1403 10.7427 35.5721 28.6686 26.82 25.5262 10.7981 36.0099 
14.1037 22.4015 12.9286 7.2792 11.6456 22.937 27.4195 15.6472 31.9928 11.0337 7.6994 22.4368 22.1934 28.5411 8.9756 
8.8119 16.3509 3.6422 4.7874 11.5815 31.6196 31.4252 11.6416 28.5643 5.8347 4.5264 23.5962 16.4111 28.8846 7.3365 
33.2326 33.4272 29.6471 32.2277 29.3215 4.602 6.3683 29.5699 23.6844 35.9695 28.8826 35.9043 39.0606 21.8558 36.1964 
6.1499 11.0055 3.5438 10.6399 16.2486 33.9876 30.3876 12.6597 26.5549 12.4597 7.6787 15.0908 10.857 26.9971 9.3482 
12.6781 13.3563 15.8672 20.8312 23.739 15.511 15.1334 8.6154 15.1711 17.7877 11.6171 20.4318 18.2752 12.6813 22.096 
13.9854 7.1113 21.9557 31.0567 35.6941 28.6858 27.232 8.9306 15.1717 29.6775 17.8708 5.6032 9.2977 16.0984 31.8783 
29.0164 31.1757 33.6575 31.3326 29.7618 6.6163 8.0306 26.7339 26.5558 28.961 28.2795 43.1866 35.893 23.8463 31.4879 
21.5068 26.9231 16.6291 6.503 2.2158 41.2264 35.7306 22.5552 38.762 6.7393 15.1462 29.1969 25.3678 36.3668 6.871 
24.2547 28.827 23.0714 22.5735 25.9144 11.6733 15.4956 22.2527 25.4115 22.7959 20.2519 38.5926 34.645 21.795 27.4561 
12.6473 17.0705 11.1641 14.8423 17.7611 17.9096 22.4864 12.2862 25.2799 13.0992 5.9962 21.2675 16.8324 21.4323 14.9697 
20.4588 17.7506 22.7919 34.311 37.1682 19.7614 21.4582 13.7989 4.1023 32.6843 23.701 19.1744 21.8659 3.5602 37.8738 
18.4806 24.7905 13.574 8.0872 11.5484 22.5791 27.6845 20.6389 30.6588 11.4756 10.349 30.942 22.3841 23.5597 12.5496 
19.7362 19.3707 22.4331 23.2134 30.592 10.3401 10.3707 16.1363 13.6987 27.5628 20.1432 21.6898 22.4624 8.4241 27.0833 
14.674 11.9948 21.9903 26.7765 30.9483 22.4164 16.1511 8.5222 11.3133 23.6559 17.0983 16.8493 16.8757 7.7495 23.4844 
11.3676 18.3933 11.6136 11.7355 15.1792 20.2498 21.4408 12.1991 27.8799 14.439 6.1207 21.2791 21.3877 21.9839 12.4613 
24.4084 27.4691 27.1128 22.8404 25.1719 10.0796 11.7645 21.7736 25.6314 28.7187 22.315 32.4193 32.9324 23.3476 24.8484 
22.7382 15.3581 23.91 27.7042 35.439 15.3157 14.3665 15.2581 4.1934 32.7776 19.4579 18.0371 20.5081 0.8639 34.9569 
6.3208 11.0849 7.6505 12.2861 20.0272 21.9774 25.3254 7.49 26.2341 13.6087 1.5739 18.3996 13.5503 17.1101 13.1483 
8.3465 11.1686 7.9058 12.3639 17.7208 24.212 20.9328 8.4728 24.8247 13.5793 3.9638 16.1536 15.724 17.3984 15.3138 
32.0568 28.5963 26.2888 27.7684 26.4104 12.6571 13.8354 27.5317 31.2337 26.4302 26.6781 41.7164 34.9223 22.952 27.402 
19.8807 20.0093 14.1735 15.9143 18.4391 16.6745 19.1691 15.1355 23.3868 19.0297 12.7312 25.128 22.3482 18.9643 16.4069 
17.5884 23.5826 15.2305 11.1539 14.1304 22.9049 19.4681 18.3694 29.3613 13.3041 10.881 30.2398 22.4863 23.7587 14.2888 
20.8277 17.3632 21.0282 24.2735 26.7642 9.7235 10.2237 13.8002 13.5693 23.3701 16.092 21.4034 20.6887 11.142 27.4315 
2.3249 7.2103 4.5935 13.8487 18.5217 29.4876 26.3792 8.3968 29.443 14.8268 6.7252 11.9326 6.8476 25.6282 12.4209 
32.8575 27.4107 30.5766 22.9901 22.8586 14.685 17.0846 25.4684 29.2099 23.9385 24.6047 36.1891 33.9434 30.7148 23.5446 
8.3493 11.4492 11.0715 15.2384 18.8329 20.3316 22.2428 7.8327 20.2398 15.3417 5.1942 17.1793 16.0813 17.4351 15.2198 
6.5353 5.1512 10.8715 19.4397 27.8603 24.015 26.499 0.5904 20.626 20.7777 7.984 10.2011 8.1389 14.8563 19.4334 
4.919 9.7829 4.8648 12.7318 20.0657 27.4699 23.0878 7.1655 22.4425 13.7662 2.033 14.6699 11.0311 19.3365 11.4222 
18.5159 25.7027 17.9833 13.0654 15.7278 15.7746 22.0963 17.4357 27.5955 15.7092 14.087 28.4953 23.0993 21.0733 17.6295 
18.1576 13.7404 20.4207 22.7365 33.1915 17.7734 13.7563 10.6753 10.5629 24.5194 17.6776 19.228 18.6259 6.6533 23.6654 
6.5849 7.9577 8.7873 13.7921 20.1972 24.0014 21.3891 4.4886 18.4908 14.2402 3.4205 13.6399 12.4166 16.1616 15.0095 
21.738 26.2592 17.0891 8.8623 5.0514 27.2656 27.469 26.5203 35.7355 8.581 13.4827 35.9453 29.13 32.1061 10.2674 
6.1222 6.5409 9.6822 14.7789 20.6451 24.049 22.2172 2.3589 17.1236 15.3437 5.6305 11.6151 9.0106 17.614 16.0184 
9.986 7.2055 16.9836 23.7552 32.5485 24.8149 25.674 4.6145 13.3383 20.8491 14.0725 10.8246 9.8234 11.292 20.5339 
16.566 14.5294 18.0409 18.4571 22.389 15.3268 13.7515 11.1434 17.3559 22.6925 11.8283 19.853 18.0899 11.2846 23.5677 
17.4981 16.5813 18.1004 23.5962 28.5029 12.9245 12.8458 12.1583 14.9511 25.6055 14.0378 20.2599 22.1855 14.2942 24.8039 
19.3013 24.1243 15.6576 6.2247 4.2515 31.8315 33.2766 24.1919 33.2805 8.3735 12.354 34.4674 22.613 32.7325 6.9396 
11.7685 6.7032 18.3406 22.2505 29.5203 33.3585 29.729 11.5105 19.5429 27.8566 16.0846 0.9253 5.592 19.9701 27.6389 
12.6175 11.2802 17.1101 20.6735 24.1977 20.5807 15.887 7.0601 13.0141 22.3025 11.0968 16.344 16.3169 11.5508 19.2851 
7.4911 10.5363 9.0638 12.7091 18.7625 20.769 22.9164 5.1952 21.5325 16.3382 4.3288 17.6071 10.775 14.999 13.7937 
2.1189 3.888 9.3507 17.2136 20.428 26.5961 26.7215 6.5254 22.4789 15.7337 8.3277 8.825 3.3058 20.5566 19.3899 
25.9734 26.3212 24.3309 18.5392 13.5938 21.0136 25.6079 24.5154 33.6745 20.1442 18.7523 35.6425 27.9184 31.418 16.3084 
28.5717 25.976 25.5586 32.36 38.2455 9.2069 7.0477 20.2068 11.2299 34.5072 24.0461 25.7318 24.0495 9.7759 32.4141 
1.5608 5.279 8.0841 14.7913 20.9335 30.4208 30.3648 5.1517 21.4086 17.23 5.3203 12.7932 6.2029 18.8497 17.4903 
25.1417 25.8087 23.669 20.0113 17.2689 16.3302 19.6038 22.1481 30.3283 19.6983 19.9602 31.1619 34.8963 26.7488 19.5774 
6.5707 2.544 11.9234 20.7629 28.5338 26.5941 23.2327 2.7619 18.5806 18.4855 10.2606 7.5628 7.4288 14.8877 22.8312 
9.1999 5.1444 17.5638 22.7621 33.2503 34.6402 31.2663 8.029 17.1381 29.3446 15.3613 3.7735 7.3173 13.8122 24.9232 
30.5035 30.5575 27.2268 27.8418 28.1574 10.8616 12.374 27.0798 30.5896 30.8586 26.8737 43.0133 36.2461 25.4884 31.6948 
15.4571 18.3135 14.0951 11.1075 12.0515 25.831 21.6053 19.3628 25.4599 12.9319 10.8954 23.7098 21.688 25.989 13.2798 
10.031 5.0439 16.3888 25.4693 35.5472 28.2811 27.6168 8.3871 19.1639 28.3826 15.661 5.4569 7.8725 15.6109 28.7176 
15.4365 21.4044 6.2048 1.0274 8.4165 28.0316 36.0845 17.341 32.2665 2.4266 8.2323 23.2781 19.074 30.9472 3.0925 
24.7399 20.5008 26.0469 35.3819 35.3517 18.7454 16.1647 17.8597 3.1647 39.5869 25.117 23.7268 26.5266 4.3057 32.9967 
22.9749 19.5373 26.8561 29.0357 29.2475 11.8605 8.0914 18.6955 8.8038 33.1896 23.7174 26.7241 27.6724 6.3709 31.9873 
9.7701 5.7365 15.742 24.296 34.9542 33.3773 28.1694 7.4203 16.9504 26.3187 16.1257 4.745 7.0688 16.4216 23.5135 
7.2422 2.9472 15.9304 19.9504 26.9192 27.6953 24.402 3.8529 16.4306 21.4228 11.5072 7.3744 6.659 15.3236 25.6713 
9.2745 8.4036 14.7081 19.135 23.7583 24.3726 20.0134 3.9718 15.0952 23.0766 10.5455 12.9797 12.0367 11.4425 20.6069 
7.0885 11.7063 2.1697 9.2055 17.3548 31.7171 30.9525 14.5024 33.5954 9.353 7.4054 19.3865 13.0503 25.7446 9.1035 
8.806 11.779 7.0274 10.1398 16.1893 23.5575 20.7247 9.6755 24.061 12.0291 2.6811 17.221 12.491 22.5708 13.2321 
6.4256 6.6975 10.1689 14.8653 23.77 25.2836 26.7312 3.9853 17.4349 15.0023 4.4769 14.3962 11.3506 18.5714 16.0739 
16.3935 23.7422 11.5024 9.7582 10.29 25.2335 25.0832 18.0867 27.4593 9.083 9.9687 26.7576 24.9481 23.5428 11.5165 
3.419 9.5683 3.9058 10.3398 20.2204 30.8205 29.1371 8.1939 27.2894 12.0507 4.3515 13.7422 9.906 24.3111 12.7945 
14.2037 17.4774 7.4143 3.3862 8.0856 29.6619 26.7664 17.8091 29.7884 4.8554 7.263 21.6689 18.1965 25.0188 5.6294 
6.2594 8.8494 4.9795 9.6966 15.3858 30.1659 27.0022 8.0635 25.8336 11.0608 1.3427 15.451 12.1012 21.1855 13.1375 
8.7757 5.9868 15.7518 17.5576 23.1206 25.6288 25.83 2.422 15.2461 18.8043 10.1019 11.7406 8.4458 11.4958 23.8632 
4.5248 9.0811 2.9585 11.2745 17.4482 34.0255 28.8925 10.9696 24.5596 11.4889 5.287 13.7839 10.4825 26.0014 11.7687 
17.1754 9.7599 24.4486 31.3096 38.5995 28.3206 30.5818 10.9199 13.8562 30.83 17.1709 9.6879 13.3292 10.5245 31.0843 
9.5576 4.7143 17.4391 23.0406 26.7976 32.9192 32.7865 9.4721 20.6784 24.7813 15.8989 2.368 3.4562 16.8979 26.275 
13.3084 12.3889 22.8645 23.3886 33.08 22.8753 19.9855 8.6039 10.3316 29.4393 16.0275 15.3429 16.6418 6.8722 23.8243 
28.172 28.9168 34.5796 32.6964 42.1704 10.8298 9.3928 21.0125 8.1354 39.9613 27.3512 29.6096 31.3846 9.7719 41.7788 
4.8199 6.4774 8.9208 17.6021 24.3834 25.0156 24.2781 3.1467 19.0273 17.3166 6.2271 11.1536 10.2531 19.323 19.0904 
9.572 4.7367 19.3864 24.4748 35.3028 32.9045 26.2557 7.7497 19.7169 22.3424 14.3169 4.5316 7.0085 13.7928 28.8231 
20.3759 23.041 16.968 12.707 10.4461 22.0724 21.8221 19.6173 35.178 13.0647 14.4436 31.1787 25.6816 26.3798 13.0188 
17.3045 22.2984 15.8636 13.6398 14.3676 21.9078 19.3146 18.8847 28.1069 12.9485 13.226 30.1348 24.5649 25.1206 14.7589 
12.3118 7.0559 16.7592 23.4651 32.4335 28.2309 30.0042 10.3127 20.989 30.1927 15.0897 3.3483 7.6078 18.4416 23.3277 
25.3246 25.1008 30.7276 35.4939 38.555 7.3661 6.8025 22.5203 11.3787 30.6901 26.7968 30.2892 26.647 9.4817 34.0791 
26.0069 26.0482 24.4928 20.1709 21.5288 12.324 15.1772 19.1564 23.0869 20.3001 18.1745 35.0686 24.7898 25.6347 20.9865 
10.0652 4.1982 16.1145 23.8093 28.6171 35.9364 35.8898 8.1879 17.9979 25.7345 14.5904 1.8288 4.4232 18.9656 25.4472 
30.9213 34.9198 25.9549 22.2034 27.1038 12.7124 16.0037 30.3878 30.3631 29.05 24.1686 31.9656 39.2164 26.7095 31.6208 
9.0694 6.8781 16.4722 23.3624 29.265 20.2843 22.8864 4.1782 13.292 24.2568 11.8005 11.6275 10.7664 11.4702 24.8349 
15.1926 13.6926 21.5376 28.4757 41.1111 29.1352 23.1622 13.8437 11.5984 32.1293 19.7294 12.6636 14.5588 8.9799 35.3486 
6.3387 11.4574 1.9696 8.6986 15.2403 31.0021 29.7162 13.6902 30.992 10.8152 6.4341 17.0334 10.8628 28.5782 8.6569 
5.0213 4.5739 10.7899 18.3356 25.0119 25.0829 29.429 1.5138 20.83 16.2375 7.6139 9.1691 7.8015 16.2912 15.8319 
13.9072 15.4181 15.1024 17.3108 21.8814 18.3939 18.2527 11.1375 20.2389 19.265 10.3973 21.3592 19.6064 13.5387 16.64 
8.517 16.0138 2.4479 5.1659 11.3546 35.5801 35.2038 15.4964 29.9404 6.294 6.2436 22.4575 14.5213 30.9767 6.4004 
EOF