I 150
J 15
bounds (0, 100)
cv 0.5
D 50
k 5
t 3
FLR 0.6
FCR 8
λbounds (80, 120)

λ 
95.4203 111.4596 90.3604 
103.7371 82.1826 102.6149 
83.3041 106.2366 109.1041 
87.0454 112.0318 81.0619 
118.057 92.8589 81.7075 
108.6601 89.7079 105.8533 
116.5357 98.7451 102.9354 
113.9357 96.4758 81.1556 
102.4598 97.5058 84.3992 
102.7685 81.6071 107.1683 
105.2455 93.1437 93.6409 
118.2303 93.5003 83.7562 
87.39 113.8144 114.819 
109.5753 80.3766 88.5056 
82.8877 83.375 113.5747 
98.0629 97.2345 103.2731 
106.6919 88.3848 102.7692 
97.3345 89.7756 98.7289 
117.3439 94.9408 110.4824 
101.7114 115.1563 111.4585 
89.2652 108.4677 98.9173 
100.2343 84.6868 97.4236 
89.7485 81.4325 101.8643 
89.2952 91.1531 95.7155 
112.4513 97.2485 100.5229 
91.8458 114.108 94.387 
100.0739 105.5913 94.3008 
98.0996 82.6019 94.3228 
85.8517 81.9523 111.7734 
105.4674 107.7477 105.691 
94.6677 89.8093 94.1253 
112.5709 92.5598 105.9509 
99.2614 119.2203 97.3136 
117.688 104.0756 114.8582 
84.7585 89.5206 106.9747 
117.2227 102.8723 103.0273 
89.4624 116.1133 84.3363 
112.7093 95.8538 110.5397 
104.4067 85.8836 82.4575 
116.3011 111.5157 97.662 
85.3227 93.7041 82.5179 
116.9455 92.6969 114.7419 
81.3662 96.3585 94.3877 
108.2427 98.2909 84.5284 
92.6803 114.7872 80.7333 
108.3201 112.4436 83.011 
117.7854 85.3132 90.9286 
115.1112 110.2586 114.8097 
119.8661 106.4074 110.2084 
85.1276 103.538 107.5753 
88.9893 82.7084 116.388 
111.8617 97.284 106.5207 
99.1222 86.2269 82.0665 
92.1411 92.056 85.5643 
94.3464 105.9805 99.4119 
80.7258 114.547 87.4237 
106.56 93.5246 110.9471 
81.675 91.9728 80.6612 
90.5789 105.0867 88.6528 
86.6112 104.3298 100.336 
82.794 107.4099 87.1556 
91.463 118.4682 101.0721 
96.823 112.3093 107.5415 
101.9105 116.8855 117.7875 
118.7317 92.8467 119.2789 
93.9031 96.1983 83.4616 
87.8804 119.3561 116.1663 
81.9774 85.5054 113.0965 
113.7886 112.8936 109.5743 
88.2661 102.5513 109.7061 
86.2138 91.0373 91.1505 
101.8745 112.5914 92.4048 
89.0298 110.6655 111.6688 
113.2193 93.7113 84.0637 
115.6398 112.6559 118.4658 
102.2004 80.162 114.2891 
98.6157 80.6823 90.389 
99.2515 107.9207 82.1557 
104.1209 90.288 118.8444 
94.8403 111.5406 94.544 
113.956 110.3408 87.2524 
83.0548 82.9484 110.1721 
84.327 81.0756 98.7251 
97.818 98.5876 99.5225 
86.9497 89.1904 100.429 
105.4725 100.0946 116.2053 
103.1012 115.2543 114.5387 
90.0955 92.4548 85.2353 
100.2188 81.5084 99.207 
88.6411 103.657 118.1708 
83.1324 93.9098 102.4316 
118.34 93.635 87.8789 
105.5096 103.9195 87.7051 
100.7151 80.0706 108.0386 
103.6145 96.4743 85.8868 
110.7905 105.1101 93.5997 
88.6854 108.6751 109.3122 
98.3974 92.4689 113.4892 
93.5485 90.9612 89.7499 
103.8987 117.5846 118.8562 
108.0922 106.051 118.3758 
105.5069 90.2455 103.6593 
97.6066 119.55 100.7904 
98.3768 80.2308 89.8952 
88.5474 92.4447 119.7539 
90.6765 115.0835 87.3088 
89.2654 102.9876 112.3003 
118.0702 113.8796 95.3267 
84.5017 115.2924 85.6564 
104.6017 112.8441 96.4503 
104.285 118.7651 107.1748 
97.0638 92.1969 87.756 
86.4474 109.6713 94.1346 
104.8112 108.9157 93.7545 
105.24 114.0404 92.5231 
111.7781 87.9696 89.1388 
94.3784 119.8215 119.2113 
82.4667 91.5319 112.5755 
105.6876 88.8402 110.8858 
118.4554 86.4653 89.1101 
110.5693 81.9509 104.5024 
113.001 106.8939 117.3122 
99.4127 112.7144 95.504 
88.0246 91.3901 118.3482 
103.0358 84.5856 101.7535 
119.6656 101.3287 90.6949 
117.2422 115.0049 87.1695 
99.0007 84.412 86.2593 
117.4174 110.5722 108.8131 
96.179 115.5609 94.0442 
102.4498 107.1833 98.0643 
107.5846 117.8126 84.4089 
83.6777 91.8552 81.947 
96.6956 90.8224 106.4243 
82.2881 99.5135 84.9423 
96.3678 85.0769 111.88 
97.2404 91.7796 101.9255 
84.9802 106.7863 113.8947 
85.2567 96.9091 103.7351 
85.1184 81.7963 81.2495 
102.3299 107.62 119.1491 
115.9183 90.1152 113.6687 
90.3473 100.4868 80.6895 
109.1245 116.283 115.3568 
83.7561 104.8098 92.1889 
85.6194 97.442 87.7415 
97.5604 103.8829 97.7489 
89.3027 88.7963 96.314 
104.4719 83.4963 118.9589 
104.3698 101.1194 116.8454 

Icoords
18.1866 88.7491
27.416 54.633
25.7413 24.5291
70.1569 24.1383
50.2948 88.5523
77.4476 84.7483
36.4793 9.2089
96.0214 43.8626
53.9522 64.7458
70.9047 73.8454
86.1515 75.9643
23.386 82.4046
93.393 12.329
78.7481 13.8264
57.7632 65.3053
93.5219 38.0779
8.0533 51.728
7.2354 6.2624
10.8641 70.1609
19.9355 64.9647
48.3704 87.4587
15.5357 96.5973
25.2726 15.734
63.2027 60.572
63.9371 69.1492
52.8602 31.1208
75.5191 30.2981
91.4479 16.2527
35.69 77.3185
12.732 18.3459
42.3104 62.384
33.3349 8.2164
55.801 62.5632
8.5915 58.4993
69.4517 66.0608
18.0706 70.382
42.6656 82.438
95.7362 55.8076
11.8885 28.4429
3.828 33.1383
44.8533 51.5917
75.5694 31.9223
18.8618 3.663
82.7226 20.2561
21.6487 96.0456
12.3119 97.8489
7.1136 10.0667
77.4414 1.0566
52.6388 88.8462
87.5855 53.9726
83.9153 98.2136
37.3569 29.2105
4.2405 14.3681
53.4557 44.06
98.208 76.3673
5.9071 41.1044
20.324 38.7565
25.5878 83.4113
80.6657 49.0853
50.7468 89.7155
90.6787 33.0301
96.8716 44.5856
6.0248 84.8238
42.7264 64.679
15.5556 7.0925
3.7769 57.7581
70.9047 27.8173
25.5334 89.0017
67.543 39.4623
50.6327 14.3348
32.9545 32.5659
45.7729 57.5427
33.0911 29.7781
58.483 33.4718
75.6479 44.6306
51.7974 81.3758
93.3807 6.9064
94.524 18.2046
94.3397 67.5824
48.5837 39.642
91.2277 7.6425
40.6437 97.7381
64.7649 3.0765
83.4207 60.7756
61.0315 36.7066
23.0475 85.6145
4.5117 8.751
80.5333 82.0445
50.3133 2.4014
33.8935 43.9616
8.821 90.695
19.4979 25.1166
35.0664 73.6185
14.1722 92.1579
50.5065 37.0657
65.6539 95.9231
26.31 71.3965
78.4339 15.2527
99.3005 95.7428
30.6995 92.5657
80.0398 17.599
91.8798 11.9884
1.9031 69.0969
36.3811 75.1091
11.1283 84.2364
64.7723 29.3109
26.0274 26.0765
72.8206 28.3775
17.7069 62.4041
9.1223 21.5501
49.733 15.1123
47.0229 39.9663
66.2578 6.1905
72.6785 34.3939
91.4419 51.3911
61.2002 11.6951
46.1239 25.637
84.3842 12.1732
71.3665 97.4485
52.2942 13.1803
72.7884 24.69
5.1418 90.6147
0.3034 39.5774
72.7217 83.5102
65.955 66.4508
39.8469 4.3002
2.2608 93.4344
96.9452 76.7051
91.321 29.3706
53.3776 94.7223
60.0252 64.7956
22.1574 70.8795
61.7553 3.2025
38.116 54.2027
3.2934 46.7387
8.4393 58.0842
55.2675 96.8856
29.2173 2.8486
21.7505 93.7234
21.5905 73.2534
81.3278 1.8108
14.415 95.6697
5.7029 94.9979
62.6718 7.907
47.8806 46.4539
64.7014 7.3707
69.9725 39.6495
31.9955 43.4142
72.1041 28.4031
48.3321 17.2019

Jcoords
62.0198 38.5519
58.7344 88.3174
9.2694 76.0761
80.1356 99.1431
68.7808 34.0127
70.573 49.0827
17.4816 96.9997
86.9737 19.9467
50.5288 46.0936
60.3125 54.2969
42.5648 66.315
48.7192 48.4512
20.3944 34.4306
60.2924 98.1162
73.4195 98.5866

C
26.0169 15.2387 4.6534 24.2968 23.539 22.545 2.9628 30.5298 18.195 21.6429 11.0819 17.1697 17.1462 16.3223 20.6905 
12.6799 14.0927 10.1296 26.7775 18.0672 14.3504 14.4168 23.1716 7.6408 12.5934 5.8193 8.8284 7.3938 19.5592 21.6837 
15.3944 24.3312 18.9564 30.2309 15.3899 19.8685 23.3699 20.957 12.9482 17.295 14.5632 12.2298 3.7439 32.4854 30.1403 
5.1162 22.1964 27.5384 28.2006 3.1505 8.395 29.5348 6.1491 10.8199 10.3866 18.1593 11.4034 19.6352 24.5094 22.4081 
16.9169 2.6257 15.5356 10.6266 19.119 13.6938 13.2246 28.4963 13.6209 13.0804 7.536 15.9966 20.4726 5.1952 9.8714 
18.0986 6.7077 25.924 5.1004 16.3728 12.7418 18.5022 19.6821 14.1878 10.7026 12.0018 13.9242 24.1604 7.2662 5.7146 
13.4872 26.585 28.4795 37.5388 14.2501 20.4289 35.2195 19.0387 14.4776 18.9106 19.3422 12.554 11.6905 29.0942 35.048 
12.8639 19.1937 33.4439 21.3851 11.0044 10.0406 31.1694 7.9574 15.6683 13.0952 18.9364 16.6192 26.0419 22.022 21.5339 
9.9437 9.3562 14.5943 13.3491 12.1104 9.0394 14.9761 19.6849 5.7934 4.0551 3.4807 6.7927 15.4618 12.962 14.2577 
13.5388 6.5596 20.3221 9.4899 13.4786 9.4379 23.1444 21.3218 11.7678 7.495 11.3217 10.3454 23.3787 8.9455 9.4725 
13.3827 9.271 30.3223 8.003 15.5424 11.3372 25.5821 17.541 14.844 10.8515 13.464 15.5023 25.6271 12.973 8.281 
19.2863 11.784 5.5523 22.7851 23.1101 17.8845 6.2394 33.5134 14.6838 17.7924 9.215 13.518 18.5587 12.5108 19.162 
15.9876 28.2295 41.1533 26.5306 11.2673 14.2807 36.6512 3.6112 19.3434 19.7507 28.8364 17.8269 27.8542 28.1096 28.1645 
11.9321 29.7038 32.4076 31.7505 6.8867 12.1857 36.4348 3.4234 16.9535 13.3637 19.202 18.168 19.1037 26.7834 33.4699 
9.6142 8.5866 16.0353 15.6743 10.0489 6.9535 15.5715 17.9116 7.4827 4.0735 5.6449 6.3503 17.7946 10.06 13.7189 
11.7548 20.6667 28.2358 20.43 9.6606 8.3581 38.248 7.1693 15.3593 14.3657 22.1845 13.9573 23.8472 23.2281 20.0272 
18.632 18.9027 9.0127 27.2555 19.5027 24.805 15.5608 31.9303 13.8269 19.3645 12.2069 15.3889 6.5021 22.3421 27.0395 
23.6689 36.9296 23.6699 43.6516 24.5272 24.2589 28.5722 30.5817 22.0197 25.4344 24.0097 19.5253 12.3428 38.2935 36.8165 
22.9109 16.6086 2.0015 28.5567 20.543 20.5347 9.1525 28.4123 15.3568 19.2092 12.0324 17.2939 12.0849 22.5611 26.5018 
16.0685 14.8443 6.0792 24.7275 20.8406 18.4311 10.4129 31.2345 12.5378 14.6419 6.9868 10.5161 10.1171 19.7472 24.3094 
18.6144 3.2769 15.8783 11.2403 17.6667 13.7663 10.0866 29.3657 13.0519 11.4269 7.5361 13.505 22.2734 5.0116 9.3385 
28.4815 16.9958 8.4196 22.4982 29.2853 24.1034 0.7867 31.832 22.322 21.7625 15.6192 22.2259 23.315 14.4021 22.0725 
15.7708 26.7749 22.6864 33.4248 15.2477 20.1663 31.1532 22.8887 14.3433 20.8262 20.2061 13.4318 7.1261 29.075 37.6406 
7.9364 8.5124 16.9082 13.008 9.0128 4.3817 21.7875 18.2392 6.1747 2.2149 7.4335 6.6951 18.2529 13.982 13.8048 
10.6963 6.0439 21.7664 12.8752 12.5169 7.0592 21.059 18.3684 9.4255 5.0054 7.5954 8.3288 22.1645 9.6608 9.5286 
3.5621 19.3939 22.5053 26.4493 5.9805 8.6123 26.0749 13.5045 4.7733 8.1579 11.6058 5.6573 11.0728 22.4868 24.5793 
5.3987 22.0998 24.44 22.8044 3.0508 6.5948 28.3198 5.26 9.4752 8.904 14.9286 10.52 18.5794 25.9259 21.7192 
12.0773 24.7003 40.293 30.5606 8.9613 11.7375 34.7237 2.2883 17.5888 18.6073 25.8259 18.9879 27.4152 32.7681 27.3841 
18.6701 9.5193 10.3419 14.8693 20.3072 17.359 9.3789 23.2548 10.9453 13.4598 4.4723 12.2157 13.8605 11.517 14.8254 
17.7971 30.7574 17.4601 36.6274 22.0684 24.7592 27.3584 29.6442 16.3969 21.6357 18.6979 17.224 6.3783 29.8678 31.379 
11.5602 11.9871 12.4893 17.9701 14.5896 12.2321 14.4199 18.6184 5.5778 7.4283 1.5249 5.0563 14.1869 13.8526 14.6873 
16.5497 33.3605 23.1194 31.661 13.4893 20.9319 35.552 20.7986 15.0664 19.2869 19.8836 15.9079 9.1708 36.5939 34.6509 
8.582 8.3646 18.1363 15.2102 12.5136 7.8034 18.0575 16.6797 6.6491 2.9759 4.4327 5.122 15.9093 13.1947 15.2023 
20.1603 20.0978 6.6455 27.7869 21.1639 21.7481 13.2686 32.0314 16.8593 16.5118 11.2147 13.895 8.1815 23.8717 24.2536 
8.634 7.5985 21.0118 10.7214 10.2705 6.3092 22.1789 19.165 8.3051 4.5167 10.6638 8.2693 22.8345 10.0715 10.7181 
21.2339 15.8352 3.2412 21.0072 22.3406 17.3941 10.5938 28.281 13.601 14.5095 8.7673 14.6979 13.935 15.9479 19.8538 
18.2744 5.8244 11.6779 13.5014 17.0227 15.0694 10.4611 28.6121 11.3973 11.2803 5.6383 11.3956 20.8724 8.7356 13.5817 
13.6428 17.6578 29.796 14.3932 13.3874 10.2206 29.8111 13.6035 17.3536 12.2961 19.4035 18.9452 26.1575 21.1942 18.5956 
18.1702 29.5273 17.7845 32.7127 19.4244 18.9984 26.6678 28.2309 16.1554 19.5037 16.9704 14.5947 4.1078 31.9665 34.4303 
22.822 28.9574 15.6808 30.5707 25.7107 25.3013 20.6559 27.1583 19.1968 19.2593 19.539 16.9044 5.6248 30.0775 29.7966 
7.9159 12.12 14.1071 18.2312 10.5432 8.3624 19.2197 17.7332 2.9284 5.8005 5.0735 1.7757 11.1 16.0342 16.8837 
5.6567 19.8104 25.8806 23.3457 2.2155 7.0044 27.2074 5.9732 10.2948 10.689 14.8483 11.4643 16.8016 20.4753 25.0788 
19.8178 36.5876 24.2877 42.8274 22.9828 24.4607 32.5874 27.7674 20.6802 21.5548 24.3896 16.4498 9.7469 33.799 39.995 
8.8052 26.9897 32.5388 25.3916 6.626 12.513 37.7022 1.4112 14.2374 15.8089 20.8069 14.3913 22.244 27.9056 26.6381 
26.8785 14.6946 9.2971 18.9939 24.8212 23.5866 1.5484 30.599 19.4448 21.9471 11.4215 21.6335 24.078 14.3148 17.276 
26.1917 18.3971 6.9426 20.4119 33.9377 23.5377 2.0731 37.259 22.7428 25.7181 13.1316 18.7285 20.9439 18.8326 21.6092 
20.4865 28.4418 20.5597 39.4613 24.5561 23.1974 28.7249 29.7333 18.877 21.0043 22.3666 21.4995 8.738 38.7277 42.1716 
12.2561 34.7514 39.3508 31.0561 13.504 18.7073 34.0999 7.6384 18.898 20.464 25.1504 20.5048 21.1693 34.8223 38.1471 
18.0243 2.1525 14.9149 10.1855 18.6113 17.2608 14.2412 27.7208 12.9912 12.8966 9.507 15.13 24.8263 4.0704 7.1283 
10.4318 15.2955 25.023 14.4804 8.9837 6.1069 32.0383 12.4929 14.3319 8.567 15.6991 14.2383 26.8495 18.5801 15.8542 
24.544 9.3045 28.9637 1.3596 25.5796 16.1386 23.4218 25.4013 24.4181 15.9544 19.6155 22.1009 31.5872 8.3295 3.5099 
10.1561 19.8996 20.2051 30.07 11.3327 11.9023 21.758 20.0484 6.9444 12.0817 13.5073 8.7437 6.8594 26.5435 26.5374 
20.3881 29.3581 22.0842 36.7068 24.604 24.5864 31.9931 29.8101 20.9597 25.1182 23.885 19.1867 9.7493 35.1503 36.522 
3.1169 14.2137 19.9603 21.3664 6.0857 6.5933 19.8802 15.2651 1.3411 3.9514 9.3855 2.0681 12.1453 21.3697 20.5787 
20.8213 12.7729 31.1376 9.8477 20.4181 12.7844 32.9286 17.3505 17.0903 14.0991 22.5327 17.8129 34.8629 15.3424 11.8742 
20.7326 26.1155 12.5109 30.6891 21.6075 24.4336 18.1917 27.7654 17.6232 17.7855 15.8607 14.8688 6.1442 28.3965 31.77 
14.9356 21.576 11.7234 30.1473 15.0204 16.9287 21.4182 21.3715 10.4937 15.4104 12.5258 11.3807 1.6116 22.0696 26.5014 
20.7003 10.8163 6.1528 21.749 25.9458 22.3859 5.9904 27.3184 14.5023 14.8814 7.4377 16.6422 17.5644 12.5739 17.5083 
7.6389 13.9333 26.5086 18.4023 6.7239 3.6727 26.5724 10.4348 11.5386 6.3618 15.5596 9.9086 18.8067 16.5392 19.4963 
18.101 2.6557 15.4478 9.3672 20.1878 16.9635 10.6587 28.0571 13.2961 13.8422 7.8261 14.2658 21.0209 4.228 8.6113 
10.6821 20.0433 35.2057 20.6871 8.2002 8.7835 37.7566 4.6396 12.9578 14.0728 19.8976 17.1438 23.3882 22.1021 23.3741 
11.941 22.0495 28.7184 20.3957 11.0874 8.1428 29.5954 9.8511 14.513 11.7188 21.73 15.4245 27.0791 19.5088 19.3106 
27.022 17.7863 3.0957 27.9885 29.8441 26.9233 6.5069 35.6032 20.1002 20.0548 14.9587 19.8549 19.5092 17.175 22.3897 
12.4328 10.2547 11.0559 20.0254 13.4643 11.8794 12.5536 20.7255 8.0103 6.3798 0.5108 6.0927 14.9644 15.0629 17.2837 
21.4294 35.0384 23.9395 34.9929 20.1782 22.0159 33.7049 28.9174 18.272 23.7236 23.8102 16.047 8.5316 36.8877 37.3051 
20.4897 23.7633 7.4735 29.113 27.1284 20.8942 13.8747 36.2254 18.3344 21.5917 14.4662 16.3848 9.8898 21.445 28.7554 
5.2408 24.2899 24.948 21.9861 2.1023 7.078 32.7607 5.613 9.8592 9.5911 18.2898 11.8889 18.7057 27.0447 23.5102 
23.8335 12.0313 7.2047 21.8368 24.2265 23.261 4.3784 35.2347 18.8898 18.7883 10.9898 17.9978 17.825 11.6786 17.1707 
1.8618 16.9629 27.3359 21.2567 1.9029 3.3749 29.6832 8.3334 5.964 6.1523 14.5669 6.9985 18.3738 17.7419 23.5464 
8.6491 24.2923 23.8853 32.3257 9.3638 14.8233 32.9093 13.5026 9.5595 14.5433 15.9175 12.185 12.4424 25.8828 28.5053 
11.1728 19.6063 15.045 31.1468 11.255 14.6508 21.3441 19.6654 8.3145 13.8846 11.0711 8.0255 4.0201 24.2897 23.9196 
7.5326 11.6842 12.7238 21.3023 13.1111 9.6481 14.7208 19.5997 3.8172 4.6331 3.4999 3.5867 13.6204 16.2203 18.3447 
10.6409 20.7131 20.4363 31.3043 11.9033 13.1374 21.3862 18.9676 7.2572 11.1519 11.7199 7.6581 4.7666 29.3769 25.4341 
2.2507 21.4613 25.6011 26.0622 4.0114 6.1388 24.4675 11.0572 5.259 7.5468 14.453 6.8232 11.8341 23.3005 26.1813 
4.7811 15.1689 22.6594 20.5004 4.2955 2.6153 29.233 8.8617 7.9511 6.5314 13.3226 10.708 17.2326 20.6114 18.1663 
15.0485 2.9745 15.7671 13.2786 16.2974 14.4749 14.4713 25.4553 11.9755 8.9104 6.9054 10.4562 19.4743 6.4221 8.5698 
14.0608 28.7991 38.703 31.6262 13.767 14.4564 46.591 5.2465 20.5794 22.8548 28.5112 24.1731 27.5743 36.7632 29.584 
15.2815 29.685 32.2209 26.5859 9.4012 14.4707 42.1628 2.991 20.2943 17.311 22.2279 16.5549 24.7915 31.0183 29.8934 
16.3348 14.1202 32.5387 11.1409 13.2863 9.4269 31.5356 18.7216 16.0104 14.48 18.0593 17.1956 31.2883 13.7657 11.5011 
5.1467 18.5564 16.2304 20.8176 6.7681 7.5404 22.8628 13.1427 2.1462 6.9169 10.8746 2.695 8.9527 22.1782 22.4447 
14.2719 30.6405 40.5628 35.2091 12.9067 17.4884 36.5418 4.7623 21.377 19.0794 30.3078 20.088 24.8014 29.2108 33.0281 
19.986 6.9756 14.6899 14.7635 21.5739 22.1754 9.2418 27.6336 19.0452 14.84 12.3157 16.4166 24.0146 6.8606 12.895 
11.2793 30.4216 33.2133 31.1712 12.0541 13.9439 39.012 9.1227 15.7231 15.9742 24.3223 17.0614 17.8531 33.5576 37.8906 
9.2897 14.358 24.3646 12.6691 10.4512 5.328 29.4842 13.4876 12.2864 7.9533 13.5481 11.2685 26.0469 13.7435 11.9446 
0.7059 19.0426 22.3453 19.7122 3.0175 5.1929 24.2913 11.761 4.6161 6.829 12.1017 6.1749 12.487 20.8501 23.5645 
18.8751 13.854 5.0357 21.1678 24.0571 19.3918 4.2251 34.3486 19.0476 19.0133 8.8026 17.7059 15.6628 12.8469 18.4551 
24.2697 33.363 26.977 38.2085 26.0892 29.35 32.0751 27.8865 18.6262 27.9688 23.9032 17.9499 10.6133 32.6781 43.5783 
18.5625 7.6738 27.8688 6.778 18.212 13.7701 22.972 22.7124 16.2442 10.3551 15.1157 14.2641 26.4481 10.072 6.6572 
11.4566 29.1529 30.2007 31.9292 12.7185 16.676 39.8232 16.1189 14.4099 20.9973 21.5035 17.8504 13.4381 33.7972 30.4481 
11.2562 17.7475 15.8636 23.1609 13.8329 12.7587 22.1022 21.6844 6.509 8.5759 7.8187 6.1343 6.2563 18.1522 26.2285 
22.9434 15.8205 5.6587 22.0826 25.3721 28.1176 4.0718 33.1016 23.5036 21.8241 14.816 21.0811 17.4682 18.2637 21.2352 
13.5833 23.1055 18.6438 31.2911 19.6862 19.8254 24.191 23.1511 11.4353 16.9083 18.7685 13.3911 3.0541 30.4144 36.1619 
17.4658 10.5091 9.8498 16.8334 16.1758 16.8494 9.5462 22.5492 11.659 10.081 3.2187 9.4027 15.1352 10.9254 14.5988 
26.6794 14.9255 6.3753 25.3588 31.7637 21.546 1.9148 32.0028 23.1623 20.9616 13.5641 19.6494 20.7338 16.718 20.9775 
3.5418 17.1867 21.8604 23.4422 7.0349 7.5478 26.4347 15.6549 3.1959 7.1493 10.5109 3.6776 9.1347 22.1165 25.2881 
18.1886 3.4394 20.9035 5.4016 20.3077 17.836 19.1822 25.9696 19.3144 14.1598 11.7821 19.4905 26.2883 1.812 2.7634 
18.9364 13.6531 6.2946 20.904 21.8343 15.2277 10.5134 26.3369 13.2011 13.8691 6.2196 11.9984 12.5411 16.3146 17.8899 
8.818 24.3367 33.3786 33.5463 8.0235 12.1004 37.8306 3.4838 16.0127 16.994 24.3241 14.2084 21.1862 30.4017 28.2094 
21.1702 15.098 34.097 6.4446 27.1456 21.0411 24.7777 28.029 25.1662 22.5787 22.0502 24.8869 31.7767 12.2985 8.0193 
20.3671 8.9091 9.272 17.0312 23.2172 20.2065 5.3829 34.3874 18.0074 16.6262 9.8177 16.912 22.8667 9.1983 13.5639 
8.4593 23.7823 27.7892 31.9164 7.2192 11.122 30.8003 2.8799 16.1956 14.1533 24.3145 17.0185 20.8793 32.0173 28.042 
12.2654 31.2805 40.6405 31.9143 11.1674 13.7874 39.0308 3.4975 18.8676 19.5366 23.4201 22.51 24.0511 32.5668 32.6727 
26.386 22.9715 3.1193 29.08 26.1758 21.8158 11.8816 32.756 21.4739 23.9997 15.8585 18.4199 13.8378 19.5674 27.2068 
15.0878 8.35 8.5809 16.7135 18.2064 16.1139 9.1446 28.2708 10.2395 10.8974 3.9315 11.0566 14.4627 12.3008 15.2694 
21.9391 18.945 2.725 21.2715 23.6875 23.5015 4.6264 31.7867 18.6506 20.9879 11.3986 18.2897 18.7089 16.1431 23.025 
3.6862 22.5277 24.4152 22.7878 2.2626 7.2901 26.7039 8.7346 8.2172 9.8148 16.2139 7.9989 15.1215 22.5746 22.2146 
13.4736 27.4355 19.622 35.4951 15.5411 19.7986 24.6026 22.2413 11.2222 15.8883 13.7996 11.8707 3.7573 25.4398 26.2731 
5.4649 22.2339 28.7328 26.1876 2.3297 7.8059 30.3432 5.0295 9.6784 11.1319 15.2126 11.963 18.9038 24.0553 21.8358 
17.0449 16.2076 5.4914 25.0631 23.333 17.615 12.3889 26.7616 14.6202 14.0172 9.985 12.5858 10.5918 19.3244 23.7225 
19.0135 31.4012 21.0853 35.7308 23.123 21.3188 26.5082 23.7653 15.4558 23.7908 17.1209 15.9265 5.8452 34.5894 30.3739 
9.4453 27.5038 26.8023 30.1149 8.9141 12.6136 32.1763 12.9746 9.8119 13.9622 16.9944 10.2564 11.9926 28.4321 30.7946 
5.9877 19.8301 19.1102 23.0219 8.1298 9.187 22.6475 15.1307 2.535 7.0399 9.4173 2.9895 8.9943 21.323 21.3826 
12.3534 31.009 34.6185 34.5105 9.6744 15.8726 36.7788 8.3355 13.9439 17.2271 24.4216 14.8705 20.2138 28.8978 31.2031 
3.8957 22.1508 25.4585 19.7943 1.2415 5.3138 26.3578 6.9671 9.5264 8.3183 15.5041 9.8364 16.3126 23.8822 23.2072 
10.3559 17.3884 26.435 17.563 8.7272 6.7881 27.3363 10.2173 16.3368 9.8234 16.8492 14.8812 23.0234 18.8966 15.2821 
8.5176 24.6852 29.9675 27.594 8.9165 15.1287 30.8078 9.0631 14.201 12.9154 21.7919 15.329 16.7416 28.9008 28.8774 
7.2974 20.9775 24.7501 27.0761 9.6574 13.0314 29.6511 15.8749 6.443 9.9329 15.6841 8.2936 9.4053 23.108 27.7441 
13.1278 29.7128 34.4577 34.1503 9.4936 13.2414 39.5839 2.4966 16.1458 17.1166 22.4665 16.4371 26.9646 35.3632 30.9402 
21.3786 6.1318 25.0276 3.1938 22.7225 17.8445 16.9797 30.034 19.3532 14.829 15.7436 18.142 25.3773 4.3367 0.8108 
8.8227 26.779 22.9069 35.5382 10.5337 14.427 28.5535 12.0452 11.3582 16.1742 16.7294 10.7631 14.6573 27.3595 27.529 
5.8996 21.4575 26.4551 25.3697 3.0747 9.0649 30.1147 5.1618 11.5833 10.0079 19.9023 13.4408 16.206 28.1914 24.2907 
28.1907 16.8382 5.9999 22.9602 30.6692 24.4045 4.9795 38.6213 19.7218 20.2315 14.7648 19.8341 20.97 16.9535 22.4166 
21.8136 25.4979 14.8268 34.7225 23.311 28.0731 22.2665 28.2237 20.1167 21.1871 19.7237 15.9726 7.5742 29.2693 36.4838 
16.2398 5.6647 21.3316 6.8013 15.7354 10.7795 20.3627 25.3466 14.4039 12.5244 13.5526 13.8299 27.7643 7.3263 5.3292 
9.3344 8.8404 18.9913 13.2991 11.5005 6.9766 17.2635 17.5606 9.2053 5.1897 8.4347 9.9335 18.2431 11.8248 13.1239 
14.342 31.3369 27.119 36.6739 13.9722 18.927 30.3624 17.0867 14.2352 20.7665 23.6938 15.9374 12.0145 33.3471 38.3727 
24.9253 17.8167 6.9694 28.7036 30.3265 28.1074 4.7946 35.1129 26.1646 27.4379 18.3335 25.6018 20.0367 18.1763 22.9446 
20.6434 13.6422 33.8437 8.5426 17.0519 12.2858 25.7935 18.2334 18.6154 14.957 21.1989 22.2789 29.5137 16.1983 12.482 
11.2937 22.7119 28.8999 24.5767 7.1157 9.8993 34.1342 3.6521 13.6537 13.694 20.6579 16.2445 25.3923 24.475 22.549 
21.2322 3.0184 18.8246 10.4984 21.74 17.5821 10.902 26.1586 16.2893 13.0102 10.4105 14.9374 21.7099 2.4865 6.1968 
8.4564 8.1414 17.7404 11.9724 11.179 6.0162 19.641 16.1258 6.8609 3.7043 6.0378 7.4387 19.3265 12.3057 14.1833 
16.3311 13.3558 4.6594 24.6263 18.1584 18.9499 8.8761 32.6519 12.5527 13.1382 7.5324 11.1628 12.0604 17.1002 20.1442 
13.7548 30.3541 27.4361 36.7492 11.4743 16.0716 32.5477 9.6504 16.2092 17.195 24.5392 18.2612 17.5897 28.6009 35.2187 
10.4887 13.1543 14.3142 21.8843 11.488 13.0185 17.4653 21.356 5.4592 7.4137 4.4078 3.8371 8.6532 15.772 19.7358 
18.1974 25.5994 10.2963 36.1253 20.5074 20.4789 17.156 32.0882 16.6709 21.7015 14.5156 14.4375 7.9054 29.5667 27.8729 
18.3236 22.5341 6.529 25.5629 23.576 22.903 13.1603 29.1423 14.1227 18.2664 12.3847 13.7211 10.5032 20.1503 25.1837 
18.2277 2.9624 18.7506 8.4725 20.283 15.4144 11.5928 25.8718 20.1041 16.2454 12.6427 18.4992 28.5911 1.9374 6.3008 
18.2543 30.3819 28.552 41.8284 19.4352 20.2036 30.7126 23.6178 17.2981 22.5913 19.9299 19.4472 11.5229 37.2171 41.3573 
25.1361 14.9171 7.2777 18.8281 26.2152 24.8014 2.1525 30.6746 19.2211 18.1387 11.4639 17.9219 21.5882 13.5149 17.7697 
21.2693 12.9987 4.3723 22.7954 21.9964 19.4125 7.5816 28.0327 13.0968 13.2228 7.4075 11.4904 15.2607 18.0872 23.0468 
16.1124 35.3253 32.5439 38.6341 12.483 16.808 40.1507 6.9254 17.8542 17.6678 27.4682 18.7459 26.4781 31.5443 33.3145 
27.0875 13.6797 7.0255 20.6848 30.4642 23.9986 1.0633 35.8882 23.0313 19.4708 14.19 19.2018 19.5543 16.2315 22.6027 
25.8343 17.5906 6.385 23.587 33.8319 23.8665 4.0192 42.0149 25.594 23.6882 14.8994 24.8385 19.0337 20.6575 20.4249 
11.4209 25.585 31.4776 36.9526 8.298 16.0706 30.499 10.5256 14.6298 16.499 20.3106 15.6375 19.3446 29.0304 27.6956 
5.9461 16.4946 19.067 20.8872 7.3869 6.9538 20.8564 18.1372 0.9496 5.8576 7.3811 0.7469 9.6273 20.5091 21.6709 
11.7142 28.53 27.6401 35.2888 8.8782 13.9975 38.4865 8.8115 12.4901 14.4362 24.556 14.11 17.9736 35.9594 33.638 
2.9503 16.1034 24.4522 18.1428 1.778 3.5749 29.45 8.7675 8.0501 5.3919 13.8655 7.4348 16.162 20.6352 21.1532 
10.4325 18.7357 14.1773 24.4124 14.1695 12.8205 18.92 21.1014 5.8481 10.645 9.7685 6.8938 5.7752 21.2723 26.7966 
5.687 21.6024 24.1193 25.2598 2.2644 7.127 27.5514 5.9614 8.825 10.6497 16.1053 9.5826 16.883 27.8726 21.9713 
8.6379 26.4921 24.9835 29.3399 8.9792 13.0416 29.7641 12.3655 11.5784 14.4583 16.5214 9.5661 12.1576 30.01 32.6773 
21.6452 15.0563 4.9866 24.1021 26.9379 23.5766 2.668 33.215 21.0161 19.4661 11.7114 19.1667 18.1193 14.0103 20.0116 
11.5161 17.4273 9.888 22.0512 15.2201 15.7515 16.2924 27.4586 9.4765 12.3138 7.4454 7.9744 8.4525 19.8754 23.8024 
13.3174 28.4749 18.0419 32.2254 14.0149 17.5632 24.2233 24.0211 12.9252 14.7083 16.0226 10.4187 4.3842 30.6888 29.3387 
5.1543 25.0321 26.9541 28.3444 3.4665 9.0037 34.0752 5.7609 11.0525 11.9284 17.9224 11.0857 16.4744 29.3904 26.4247 
19.0893 2.9812 15.2354 11.7475 20.7487 15.278 10.7376 24.6299 14.2196 13.0197 8.4 13.4282 23.1252 5.3322 9.3345 
16.4232 5.9971 22.2333 5.525 18.0559 12.8326 21.8501 25.4722 18.1869 11.908 14.1718 14.0538 28.2683 6.6551 4.8498 
11.8766 30.6118 22.6031 36.3192 12.8124 17.4752 32.3182 19.3949 12.6659 17.9008 19.279 14.4779 9.2136 34.2945 33.7424 
12.4165 22.0077 31.8244 20.4993 10.5671 8.7365 36.6789 7.6966 15.2401 13.6383 21.0816 16.605 24.19 20.7098 21.5102 
9.3215 8.0598 14.6358 14.7411 12.8475 6.856 15.6042 18.889 7.0545 4.7315 3.4853 5.3071 14.6975 12.3268 14.7496 
12.447 6.726 24.2817 9.5841 15.3933 8.534 23.2085 22.3004 13.0382 8.3176 10.011 12.1899 20.3995 9.2978 8.1694 
16.4813 11.0242 23.3491 7.4331 17.0408 9.8304 28.1604 22.1349 14.3791 12.6759 16.9238 14.7451 24.6471 12.6121 10.2149 
20.6188 13.8269 5.9715 20.1344 21.2854 19.5944 6.1103 31.5436 14.1988 17.8481 8.3839 14.128 17.1119 16.0286 19.7089 
15.8363 25.2061 36.4036 28.0411 11.8742 14.8648 38.1067 3.652 17.6737 19.895 24.8472 17.4707 24.4601 35.5025 30.8119 
11.3978 27.7446 34.9637 33.5168 7.848 13.4959 31.5899 3.9555 15.5261 15.1115 20.4898 14.0522 20.0258 31.6931 27.6864 
10.1668 8.9735 19.6616 15.3011 12.6001 7.2739 19.6104 21.3968 6.4871 3.391 6.0425 7.0943 16.7912 10.0699 13.546 
12.2337 18.3813 32.5243 18.8296 7.6974 8.6559 33.5055 7.6955 13.2426 14.5838 19.4115 15.107 28.9066 25.1015 19.8232 
18.3321 23.0658 8.8396 25.9527 22.7858 20.5248 16.481 32.1515 16.1107 16.9681 14.3801 14.8748 8.4399 22.1953 31.0528 
24.1204 37.288 25.402 39.1176 22.5018 30.5511 30.2341 25.0317 21.2372 25.9355 26.7967 22.5133 11.177 35.3658 44.1094 
18.2385 18.3749 2.075 28.8796 26.7762 19.2493 8.478 34.2753 17.607 20.0401 10.2409 16.7135 12.2735 19.8865 26.172 
15.4326 16.8912 6.0977 26.0497 21.6965 17.9959 9.931 30.1928 13.5838 16.4419 8.1112 10.9608 9.2651 16.3837 24.6948 
16.8525 3.2842 14.2046 10.3095 20.5558 15.1407 12.4401 23.5486 13.6152 10.7361 8.2004 12.2567 19.2037 5.3842 8.9328 
24.0643 13.6397 7.2373 25.8147 28.2253 23.5871 0.7607 40.6334 24.4233 20.4505 16.0454 21.2202 20.2658 13.9856 22.2289 
15.9439 24.8408 23.885 33.7043 16.8569 21.5894 30.8838 20.3716 13.4469 17.924 16.6459 15.7664 7.6111 32.7273 36.184 
8.5892 8.7906 19.5738 13.5051 8.7957 4.4813 21.3607 16.813 7.0868 2.6295 7.3606 7.1711 19.8981 14.9799 13.4938 
11.3279 7.0012 20.488 11.3856 12.8645 6.6957 20.4091 16.7929 10.167 5.3738 6.8753 8.0102 17.7316 11.6577 10.4379 
3.7814 18.0657 19.6311 26.8084 4.9676 8.4408 23.4951 12.5927 5.3021 9.195 14.037 6.3986 13.0438 24.4618 21.8005 
5.2658 21.3569 30.085 26.9581 2.3421 7.6379 29.3985 4.7629 11.4589 8.6057 17.0961 12.6111 18.3859 26.0371 22.0881 
12.2066 29.0768 34.6617 30.6526 10.1218 11.6831 34.866 1.9704 16.3176 16.8326 25.9099 21.3741 25.8897 31.1126 31.2022 
18.3795 9.098 10.2387 14.8792 17.9854 13.9797 8.6255 24.8092 11.5226 12.9643 4.4516 10.3819 17.3074 10.1543 14.4746 
18.3191 25.8251 22.2718 37.6375 20.0839 23.875 24.3641 22.3965 15.7217 23.2459 22.4375 15.4552 6.022 35.3751 32.2744 
11.5695 10.1821 10.7869 17.4426 14.0697 11.4481 16.8907 21.7666 7.251 6.4455 1.2743 4.6821 11.5157 15.4167 16.3245 
12.8924 33.1 25.5098 38.9729 16.7421 19.2291 32.0346 21.7485 15.3202 21.1558 21.0954 13.3147 11.6323 34.5103 34.9277 
7.7759 9.9847 16.2418 16.8841 12.3004 6.0595 16.7902 15.8877 6.0335 3.3469 4.2965 4.8347 16.6283 10.9729 15.3026 
22.1506 19.0827 5.766 26.7749 24.5428 20.325 14.4027 28.3015 16.7544 18.9248 11.0125 13.5765 8.353 22.4583 29.0098 
9.1954 9.4191 23.6658 10.9578 10.9436 6.0165 21.5257 18.9134 8.5692 5.6369 8.7467 10.2741 21.8655 11.4584 12.2778 
17.7121 17.3641 4.1039 26.8354 22.3593 22.4197 8.2855 26.7696 13.2808 13.5648 7.496 12.919 13.1857 15.3165 20.0402 
16.4182 5.6995 11.3175 12.4429 20.1807 16.4262 10.7607 26.2833 14.4837 10.9249 6.4122 13.315 18.5438 7.766 11.7234 
12.1959 19.1403 29.5562 16.3506 12.3336 8.1733 33.3131 12.6437 14.4914 12.8138 18.3087 16.5943 25.2334 19.5439 14.7597 
16.9275 29.1928 15.5328 32.752 19.1729 21.0513 26.7297 22.828 16.7672 19.2787 17.0922 15.5168 3.8602 29.0312 36.8096 
20.6129 25.0575 15.9318 34.6972 21.1895 25.418 20.584 26.5269 15.4311 18.5959 15.4078 15.5052 5.8175 26.9785 34.5732 
7.7241 14.8762 17.2343 23.3174 11.0955 7.8533 16.1975 17.6542 2.4788 5.2889 4.631 1.7393 9.2057 19.3479 17.8682 
4.8044 19.1688 30.7317 22.6854 2.2375 6.7774 29.4231 5.6523 8.7641 8.2111 17.5225 12.4733 19.3588 23.5595 21.0969 
17.8088 32.3487 24.8063 38.8793 18.128 26.7526 28.7135 23.2154 20.7597 24.4013 22.9963 20.7776 9.9687 32.9224 40.0716 
8.9821 28.7216 29.3468 24.7838 6.4654 11.5526 36.4129 1.7015 16.095 12.6626 19.0898 14.2853 19.3101 31.6571 24.319 
22.4104 11.6602 8.6604 18.742 23.7617 22.5965 1.4073 38.171 21.3143 19.2158 13.9406 20.0018 24.4662 14.3806 18.6858 
24.0484 18.3829 7.4549 24.9501 33.0173 26.1589 1.7058 36.903 25.0783 24.9728 15.6968 23.8156 23.9423 18.8614 23.1309 
23.1216 31.6572 25.9621 45.3586 25.3433 22.9292 32.1305 27.0617 19.9489 21.0043 22.1737 20.8315 9.7342 36.7425 41.1651 
14.9198 26.8444 34.6778 35.2852 12.2875 17.0675 44.5086 6.6397 20.1205 21.8063 26.8966 20.9427 21.5857 32.8017 32.876 
18.9554 2.3048 14.6391 9.3399 21.7494 14.2509 13.4761 23.4021 13.6804 11.5198 9.86 14.4969 19.8357 3.7074 7.1054 
11.8381 15.1295 32.2247 15.0847 9.6721 5.3316 28.3615 12.0403 12.1535 10.7545 15.9699 15.0863 21.9792 17.6251 14.5108 
24.3343 9.4614 28.0605 1.4717 25.6455 17.4368 20.3454 23.5528 19.6397 18.3376 19.5946 18.84 34.5037 9.3099 3.4028 
8.9113 19.7362 18.5004 29.7584 10.9639 14.7202 26.9078 18.6048 8.3448 10.9596 13.837 7.6421 6.453 26.2748 30.7596 
20.4257 36.6609 18.5985 38.4932 23.5179 26.5928 27.6833 25.8797 19.7195 22.8811 19.4372 21.4841 9.0177 34.1627 34.4295 
3.4335 15.3057 21.0571 24.3165 5.8365 6.2365 20.0658 16.2685 1.2984 4.2446 7.5892 2.0274 13.1955 18.6617 22.5181 
18.199 14.5092 28.3805 9.6296 20.3717 13.7631 28.1293 18.5471 20.4451 16.0199 19.9204 19.955 32.7414 14.831 12.307 
18.8846 25.1023 12.806 35.2496 24.7269 23.5018 18.8653 28.4105 16.1415 20.7301 17.3066 14.9166 6.259 24.1102 29.4114 
14.4686 23.1436 14.3001 33.3091 16.1305 18.0265 18.5026 25.8868 10.0368 15.0629 11.8034 9.9465 1.4784 23.007 27.1974 
18.9608 12.0025 5.557 20.8804 24.9483 17.0724 5.848 29.8967 16.2394 16.54 8.8158 13.5485 15.6681 13.7121 19.4151 
7.3991 14.8142 23.5242 15.1533 7.1423 3.0803 29.7919 10.7061 9.4974 7.1706 13.3099 11.2314 19.7929 19.624 16.9898 
16.0473 2.783 16.8231 12.0863 22.1551 15.8332 12.4431 26.9015 15.5863 14.598 8.5029 14.1666 23.6508 4.8739 9.5316 
11.4001 19.3984 33.9349 22.18 6.8807 10.2397 34.9959 5.0924 13.3041 12.6752 19.9736 16.5359 22.5939 21.5705 24.6893 
13.285 17.9298 37.1803 17.548 9.7188 8.431 32.2686 10.3901 15.6907 13.5874 19.9987 14.8497 25.9605 22.0698 21.7303 
27.6176 17.7018 3.5669 23.9352 28.2937 22.7251 6.0505 35.6032 17.8761 19.5815 15.7574 19.939 18.4245 21.6838 24.7147 
12.1145 9.384 11.5755 15.9461 15.1544 10.0921 13.0088 24.2427 6.3353 7.307 0.6435 5.8609 11.5128 13.1932 14.5487 
16.9123 32.9043 27.2159 43.7187 19.8203 22.175 33.7589 26.7767 20.0269 25.4148 23.335 17.6427 10.8054 33.1248 36.3849 
21.2501 22.5119 6.4351 33.8725 25.3706 22.5916 12.8771 33.1091 18.0839 19.2185 12.5557 15.398 10.9151 21.1811 30.3619 
4.7127 20.5069 29.5665 27.3226 1.9792 7.7735 32.8393 5.9942 8.6795 9.4599 16.2534 11.1526 19.8773 26.1347 23.3757 
22.3144 11.0118 6.623 21.0537 21.1343 23.0925 3.794 34.4029 18.9295 18.7687 9.7275 18.6377 16.7178 12.7207 16.2282 
1.7207 18.5168 27.3152 19.7562 1.8704 3.5837 27.4639 8.9503 6.3219 6.1308 12.7809 8.248 14.3861 22.5468 19.9696 
9.0853 27.887 29.5482 33.0799 9.859 12.099 35.0469 14.6021 9.7024 13.8937 16.0596 12.5165 13.2012 29.0623 34.5624 
10.7959 21.75 15.8129 25.957 11.4953 14.0428 20.4032 21.2686 6.8707 11.2327 12.5625 8.4955 4.5953 27.3366 23.7183 
8.1025 11.8244 15.4503 16.2411 11.2912 10.3844 15.6724 20.4084 3.7292 4.9132 3.3934 3.1882 10.9739 15.8971 15.618 
9.2806 24.8864 15.6878 30.5248 12.5754 16.5187 21.0343 19.4167 7.7348 11.2179 13.0523 7.3415 4.9776 26.3613 28.1219 
2.411 21.6588 19.5604 25.8271 3.3359 6.4231 27.2424 10.3602 4.5772 7.6806 13.9858 5.9328 11.6321 25.7838 23.8097 
5.6645 16.7617 26.7285 19.2642 4.9151 2.6518 25.1709 8.5929 9.5715 6.1834 13.6469 8.3553 21.0926 21.1622 19.1491 
17.2894 3.9157 14.3742 10.9507 16.0508 13.3431 14.3958 26.7578 12.8051 9.6258 5.713 11.4945 18.1019 7.4076 9.1419 
16.2929 29.1619 38.9208 35.2511 11.439 14.5763 37.4024 5.3467 21.1601 19.5379 28.3548 22.2395 28.1983 38.6164 32.5771 
11.6117 24.8752 35.1782 24.7856 11.0295 13.7868 37.0715 2.626 18.4972 15.9534 24.4656 19.991 29.6482 34.0176 27.4002 
15.0228 13.9637 33.7271 10.9955 15.801 11.1768 24.7133 15.8536 16.4837 11.5139 15.5734 14.9695 26.8313 17.5067 13.4311 
4.8502 19.1233 20.9258 26.32 6.7325 9.4429 25.2704 14.3638 2.0801 6.2731 10.6449 3.0325 9.4802 18.7313 22.3999 
13.8551 26.7963 34.37 33.2736 10.9674 16.604 39.5425 4.2584 18.9359 18.2958 28.4936 22.227 24.7408 31.888 32.2125 
24.8503 6.7064 13.4966 13.1868 24.3534 17.8454 8.6972 35.7824 18.3616 18.3116 11.6923 18.5992 25.4303 6.2357 12.059 
13.7166 30.6951 31.6636 37.1837 9.652 17.3893 40.6524 9.8228 13.8382 16.3341 20.4819 18.7652 17.1142 32.3778 30.4966 
11.8444 12.6973 25.0233 12.3033 9.2279 6.782 22.6153 14.6515 12.4125 8.7213 13.511 12.5021 23.3487 13.2472 13.4034 
0.6837 18.6551 19.5359 21.8604 3.28 5.8258 27.2069 9.8462 5.0035 6.8554 12.1889 5.7342 12.951 20.672 22.6809 
22.6697 12.7982 6.5757 21.115 21.2232 19.5476 4.8917 31.5167 15.6588 15.9807 10.1778 17.069 15.7089 11.9511 18.6684 
20.079 34.3258 23.4943 36.9238 25.5575 25.4646 26.9196 28.236 22.4486 27.6663 21.3984 21.8061 11.5856 40.3999 35.0076 
15.7075 7.1544 27.9689 6.6531 17.0746 12.6716 23.3154 19.4035 17.5787 12.3121 14.8609 14.0421 28.1203 9.4621 6.306 
15.0133 34.3843 27.055 38.9245 12.2535 17.9482 37.4901 13.5096 14.1827 20.5534 24.5809 15.7723 15.3052 37.6755 34.2862 
10.9899 19.1253 13.9333 22.4121 11.6344 13.6734 19.4928 20.024 5.9606 8.817 7.6485 5.9159 6.1158 20.1946 21.529 
27.6737 16.1553 5.6397 26.9802 29.3409 29.2271 3.6004 32.9961 23.2349 23.659 13.3132 18.9021 22.6036 20.7962 25.2636 
16.1519 27.3531 20.4577 29.6356 16.4761 21.7831 25.2769 26.2168 13.0085 18.3783 17.98 13.1107 3.5323 28.6666 28.051 
15.2146 9.2833 9.0206 19.5838 18.5008 15.6841 11.1728 25.5657 12.262 9.7695 3.8604 10.5853 13.1392 10.5808 16.768 
27.6063 16.8533 6.1517 24.198 29.4743 23.5899 2.1348 39.0679 18.1214 17.9773 13.3299 20.7247 18.6726 17.6899 20.5067 
4.5007 17.1244 18.761 23.7036 5.7213 7.4823 20.9055 14.3456 2.8646 7.173 9.1167 3.8539 9.3765 22.8585 22.1501 
19.8327 3.35 23.1092 5.725 19.5204 16.6727 19.1003 25.8907 17.4658 14.0633 14.3541 15.544 29.1133 1.8971 3.2601 
16.5105 14.0334 5.3244 23.2112 19.4806 19.4609 9.0726 24.6267 11.0225 14.1431 6.6675 11.8797 13.0203 14.0148 18.3305 
10.5765 28.1658 35.2852 33.2191 7.7661 12.2115 35.8422 3.0189 13.85 16.3742 24.6798 17.3941 23.3379 27.823 28.2512 
22.9657 13.6216 35.1844 7.2018 25.0453 20.7836 25.9888 25.6639 21.6725 17.5884 24.2552 23.9452 34.2049 13.2443 9.769 
24.0322 9.533 9.6722 18.7617 24.0414 19.4219 4.7193 35.3979 16.8807 15.0391 10.7424 18.637 21.3376 11.1945 13.1152 
10.1507 22.4159 34.7479 31.0765 6.2399 10.3692 33.7823 2.5205 16.2162 12.8784 19.6311 15.9502 23.4451 28.8255 27.6601 
14.8192 30.4817 38.8003 34.4207 12.4855 16.6107 39.5505 3.2189 19.5054 19.4363 24.9976 21.849 23.2194 32.2916 30.5388 
26.8513 20.3558 3.1102 27.0351 30.0199 24.169 11.9552 36.2733 17.0091 20.9026 13.9511 20.4307 14.3997 24.7445 28.2047 
15.1593 10.1493 9.3106 15.9098 19.2792 15.9936 10.689 29.0268 11.8148 12.1723 3.3273 9.1796 16.5562 13.1403 15.4843 
23.7377 16.2024 2.5225 21.7304 23.5346 24.6548 4.3627 33.1787 19.8132 22.7383 11.2611 17.8174 15.8111 16.2453 21.0881 
3.099 21.3295 24.2338 25.3618 2.4152 6.8203 25.7048 9.2044 7.4599 8.5026 14.0776 9.318 15.7425 21.4024 25.0769 
14.4945 27.5761 17.1277 33.8586 15.8194 15.9733 26.7671 21.5001 12.3707 16.4478 15.3657 10.5641 3.9719 25.2324 31.5658 
4.7245 22.8066 26.8257 25.8675 2.0974 8.2557 30.3784 5.8647 11.0252 11.0485 18.9829 10.241 18.9883 22.5815 25.22 
17.3167 15.538 5.3018 28.6198 20.9021 17.8058 12.1329 29.2558 14.0008 13.6703 8.2285 13.5788 10.8756 19.8579 21.2712 
16.9355 32.3578 17.0994 31.8916 23.8422 21.9046 24.284 30.0336 19.1236 22.6848 18.7637 18.5881 6.1105 33.4106 35.8125 
10.0539 23.9708 24.5121 34.1361 10.2612 14.0643 30.8298 13.6506 11.8573 14.4573 19.8277 12.698 10.6156 31.2937 27.4974 
5.8808 16.7108 18.034 24.7782 8.4208 9.384 19.5902 13.6784 2.2774 6.6685 8.5701 2.9099 8.5102 20.5297 25.2786 
12.7744 29.9781 32.3551 36.2962 9.3671 16.7995 39.6238 9.5863 15.3808 15.0652 22.0886 17.9453 21.2103 30.5928 34.3725 
4.1531 21.2986 26.8016 21.7431 1.3778 5.2203 26.5498 8.0199 8.9127 7.067 17.0664 10.4809 18.2628 24.1613 24.2151 
11.945 18.0346 31.2742 15.9387 10.8833 7.8169 34.1921 11.6656 14.8847 9.9922 15.4234 17.0695 28.3483 20.424 17.7374 
8.5471 29.7909 26.1792 35.584 7.2949 13.7026 37.6231 9.0658 12.9693 14.9905 22.8711 12.6971 17.5824 27.9242 30.2725 
7.7214 23.8355 19.6777 31.798 9.2975 11.4393 26.8444 12.8723 6.7108 11.3528 12.5767 8.5875 10.221 23.4773 30.3845 
10.4407 29.8574 32.3965 33.1925 8.1596 12.4177 42.5225 3.0373 15.542 14.6859 26.708 19.5557 22.4931 27.0535 29.0587 
18.3135 5.7204 26.2688 3.2814 23.8209 19.3199 16.1822 25.0771 18.2614 17.2834 16.4985 19.8316 32.3316 3.4215 0.8768 
10.5807 27.5407 27.0752 29.963 10.1113 13.6857 35.4423 14.0203 13.1513 15.2232 19.668 12.3832 12.0586 32.6829 27.617 
5.3643 24.2334 26.6675 28.6465 3.1468 7.8108 31.8808 4.8492 11.8211 9.9886 18.5905 11.3675 19.6646 23.9236 24.7045 
29.9796 17.793 4.5415 22.7111 30.7118 25.5438 4.7447 36.794 24.8779 25.978 14.4168 22.781 21.7385 21.2225 27.091 
21.0852 29.2644 12.6432 30.539 21.9438 22.4642 21.1457 27.9305 18.1668 20.563 17.5333 15.7462 7.3481 25.2712 28.7417 
14.271 5.746 19.7345 6.8308 18.0443 10.3966 22.5008 20.6564 16.4399 9.6488 13.1742 13.2521 23.1871 6.4383 5.9842 
9.8021 7.864 17.5768 11.4461 11.9727 6.1732 21.6753 18.0454 9.7442 4.237 7.0172 9.455 19.0896 11.2458 11.2104 
15.3906 29.5113 24.4195 34.85 15.8095 20.2359 36.5035 17.8167 13.0575 20.8908 23.0668 15.9329 13.8364 32.7517 37.532 
30.3372 19.9545 7.0854 29.8124 34.9647 27.5128 6.1703 41.6847 26.861 24.7424 18.4064 24.4119 21.9071 22.3507 22.0028 
19.852 12.8275 33.7736 9.1847 18.0544 13.6645 25.4654 20.5443 17.3144 13.0074 20.7228 17.4218 26.7678 16.0795 12.7808 
10.9313 26.706 29.2964 23.1423 8.7243 10.7979 32.422 3.8607 16.7927 15.5599 20.7558 16.8747 27.1344 23.5322 24.4508 
20.5388 2.818 18.1542 8.3423 21.4769 15.68 13.4953 26.5111 18.4473 12.7395 9.3102 14.1933 26.5961 2.3601 6.6744 
9.2565 8.907 20.7509 14.3286 11.147 6.6124 17.9763 19.6942 7.4671 3.6087 6.8213 7.2877 16.6255 11.2461 13.6599 
19.0409 14.851 4.601 21.9946 18.3545 20.9729 9.5209 26.2056 12.0668 13.8288 7.5846 13.7389 11.2321 18.4873 20.4297 
11.4394 28.063 31.8726 31.9627 10.0554 14.8242 40.1401 11.0308 14.2762 17.241 20.1591 17.1734 16.5221 28.7053 38.3225 
11.343 12.4607 12.2145 18.5066 14.1866 11.6056 17.4986 19.8642 4.6675 8.215 3.9188 4.2979 8.9665 14.8472 18.9759 
23.018 23.86 8.985 28.331 23.5228 21.8051 19.7568 29.4083 18.1826 21.0458 14.8403 15.4603 6.7149 30.0425 31.4224 
19.6182 21.3546 5.9797 27.364 20.3212 19.6509 15.3137 26.7502 13.1292 18.7709 12.311 14.0938 9.3291 25.7447 28.7595 
23.3014 3.5049 18.4628 9.7934 20.9775 17.131 12.6659 30.1657 19.4052 12.9088 10.951 18.6947 24.6927 1.6446 6.7621 
14.9041 34.704 29.9713 38.7566 16.9523 18.7955 29.8871 18.2148 16.6377 20.5053 25.1377 16.7441 12.4181 35.1328 41.6842 
21.4203 13.7285 7.2302 22.1879 27.6897 23.6106 1.9146 30.9601 18.5255 17.8519 11.846 18.196 23.7174 14.4188 15.9636 
18.195 13.7122 3.9337 25.3304 23.0643 18.8335 8.9866 26.1431 12.4936 16.9478 8.3795 11.608 13.241 16.4496 18.6047 
15.8426 32.3927 41.2981 36.405 12.3171 15.659 45.8357 6.7867 21.4089 19.0304 23.2238 18.2507 21.5709 31.4556 30.7996 
22.8047 14.8388 6.7297 20.3821 26.1568 25.7571 1.217 34.7346 20.4123 23.4564 13.9338 21.9741 24.046 16.0937 21.5216 
29.4782 20.7816 7.6712 22.4613 30.8576 27.427 4.6978 38.6188 21.4676 25.9834 18.337 20.2372 21.1277 20.488 25.8294 
11.5067 24.1681 34.4392 29.2333 10.223 13.3579 36.5228 8.6976 12.3578 17.1725 19.3593 16.7695 16.7144 35.5097 33.6037 
5.3484 13.2986 18.4684 23.1174 8.209 9.0372 18.6032 17.4524 1.0022 5.6004 7.449 0.7296 11.4363 17.0183 19.523 
11.129 28.9196 29.335 32.4691 10.4064 13.5974 38.9119 9.3537 16.4651 18.6686 23.75 13.9072 16.3174 29.3181 35.5439 
2.9712 17.492 21.8257 19.193 1.8661 3.1126 23.3936 9.1058 6.6511 6.2394 15.0127 8.6126 19.4273 19.9182 21.9857 
10.466 16.7237 13.7118 25.6643 12.2901 13.1714 19.3252 23.1458 7.3556 9.5074 8.7849 6.0764 5.8236 19.1968 23.9127 
4.3107 21.3077 24.6399 26.2921 2.0225 6.8699 30.1645 5.6741 9.8545 11.1419 19.1764 9.7982 17.9138 23.2059 24.73 
8.1256 24.4438 27.9227 31.7659 9.3207 14.4876 27.5911 13.7175 8.8316 14.1308 18.9693 11.485 10.8742 24.9552 26.0175 
22.3982 13.8438 5.4406 19.4098 26.8857 25.0617 2.6084 30.88 17.9327 20.1899 11.6286 18.0089 21.2126 16.249 20.7353 
13.3743 16.4568 9.388 24.2936 16.4172 17.1743 15.5961 26.0388 8.6659 10.4221 7.0456 8.092 7.3488 16.452 20.4748 
14.8576 26.6436 18.6263 30.0185 15.9717 18.5855 25.5143 22.7807 10.0963 17.5778 15.3199 11.4901 3.9205 31.266 30.4661 
5.823 20.9253 24.6013 29.7972 3.4077 9.4453 27.35 5.8545 9.8127 11.2908 16.8993 10.1392 18.5985 24.084 24.8747 
18.9249 2.7406 14.678 11.9407 18.9405 14.781 12.8281 26.8082 16.4105 12.7949 9.384 12.7901 20.318 5.2437 9.6319 
15.5562 7.6069 22.5701 5.2263 17.5411 14.4925 22.3275 21.6864 14.8849 12.3099 14.7478 14.725 23.9855 8.4102 5.6959 
12.2034 28.9189 24.4512 30.121 12.9631 17.087 30.3601 20.4687 12.4606 18.4975 22.3745 15.4767 11.52 35.2057 29.1873 
10.3345 18.7759 28.9002 20.9595 10.8857 9.521 37.5797 7.7733 17.4993 14.4456 18.6813 17.0422 27.8634 21.1125 21.5516 
9.327 7.8216 16.6871 14.0365 13.489 7.6485 18.4036 17.2583 7.3068 4.1945 4.383 5.9575 15.5613 12.9891 13.5588 
11.5298 7.3273 21.2041 9.9988 14.8308 8.4968 22.3759 21.8842 13.1415 7.9152 10.5153 13.1678 21.431 9.4197 8.1171 
14.5937 10.077 24.3793 7.8809 15.4924 11.1943 28.1604 18.0452 15.109 11.0202 15.4015 17.6951 28.3959 10.8858 9.366 
22.4715 11.6407 5.1655 23.6548 22.838 17.3299 6.1859 30.8305 15.4183 15.9547 9.8959 15.3142 17.583 12.1177 17.8264 
13.2031 27.7952 35.1265 31.1324 10.9393 16.327 42.6782 3.7676 18.5741 19.8896 25.1438 20.056 25.3601 28.3119 30.6525 
10.7888 29.6961 36.4003 26.4943 8.5122 11.0204 31.6105 4.0693 14.0215 15.0403 19.8778 17.6684 20.3167 29.0096 25.5717 
9.8634 8.2572 18.9214 14.2302 10.6527 7.5592 17.3193 20.6091 7.532 4.1583 5.1834 6.0232 15.0461 10.9124 11.9461 
11.9533 18.6501 32.1084 24.0558 8.4195 9.1166 38.2384 6.0878 16.5095 11.2132 21.8816 14.3022 26.2342 21.0597 25.1599 
20.8486 19.0215 9.3857 26.4186 20.2048 24.0165 15.829 26.8595 15.9307 16.5182 12.3231 14.218 7.0312 27.1626 31.9536 
21.0108 29.0728 26.8547 40.015 23.501 22.9439 36.416 24.433 22.9727 26.9806 23.508 22.5488 10.6173 34.3157 40.1676 
22.7485 18.4517 2.1154 28.9772 27.2814 23.9667 8.4725 30.2997 16.8508 17.6201 9.7077 15.0291 14.5958 20.4998 25.3406 
16.3667 14.6134 5.648 21.8269 22.3326 20.2142 12.7551 31.9694 14.1625 16.5338 7.7553 11.0404 9.9888 17.0731 20.2536 
19.6553 3.1781 13.7322 11.731 22.787 16.6703 10.4034 28.6191 14.9324 13.6016 7.9614 12.1045 20.073 4.9588 10.1553 
24.3766 15.3244 7.9089 25.3687 30.3289 22.8746 0.7487 39.4075 23.133 23.3456 15.0997 22.3721 22.5605 15.1454 17.9546 
14.4126 29.956 23.1858 38.5463 17.9471 22.3488 26.6467 22.5609 12.815 17.2935 18.9071 12.2847 6.9928 28.7706 33.9417 
8.0842 9.0857 20.8589 15.6028 8.9585 5.2061 18.5255 18.065 7.2465 2.1769 7.3414 7.3675 18.9049 11.7339 15.3754 
12.1004 6.4769 21.6231 11.9719 14.145 6.6132 17.8254 17.9066 8.6974 4.6247 7.3927 8.2517 17.4364 11.3161 12.1296 
4.3712 17.4045 20.9335 25.8923 5.2313 9.8257 22.9866 13.2962 5.8991 7.6004 11.1548 6.174 12.6457 21.5566 27.1889 
5.8259 21.1274 30.5682 21.8522 3.0562 6.6317 33.2446 5.6753 9.2268 9.2023 19.4394 10.0604 16.7441 23.0067 24.8414 
12.5721 30.5885 40.3133 31.2968 10.5941 13.3676 38.1949 1.7969 18.0294 16.8228 24.6644 20.8712 25.4643 27.9242 28.1511 
14.4056 8.2962 8.3978 15.8497 20.923 17.5071 10.6069 29.3878 13.507 10.3586 4.6436 10.4738 16.3512 11.9551 14.2623 
18.8944 29.5432 22.9311 31.9556 18.3205 22.958 27.4923 22.9238 15.9468 21.0394 18.3816 18.5425 5.9703 34.7065 33.9243 
11.6468 11.1276 13.1904 18.603 11.823 11.3481 16.7927 21.7851 6.762 7.5625 1.2775 5.179 12.1977 12.3046 14.4009 
15.2095 29.9405 26.057 36.2527 13.726 19.4115 35.4527 21.1555 14.8376 16.8146 22.4073 15.4556 10.191 34.8107 34.8091 
9.6039 8.7638 15.1758 14.6171 10.8671 6.1555 16.3368 17.9892 5.9436 3.5051 4.1452 6.2162 13.82 12.8829 14.9016 
18.6946 20.0978 5.7783 30.6422 25.7644 19.4849 12.7194 28.0657 13.54 18.7899 13.7072 16.3315 9.6692 22.5625 24.345 
10.1243 8.5347 22.0551 13.0646 10.8282 5.2509 19.5539 17.7492 9.7301 5.7085 8.9215 9.7219 22.5368 11.065 12.4547 
16.3989 14.7108 3.5672 23.9145 23.5075 22.5443 8.0671 33.9081 12.7294 15.427 8.2583 12.9492 11.6293 18.9789 24.6309 
15.598 6.1495 13.1568 12.3404 16.6155 13.9647 11.5956 27.3021 11.8398 10.1709 5.3739 13.1769 19.3641 7.4923 12.0916 
12.2944 18.6626 33.5438 17.0415 10.6731 10.356 30.5274 14.3012 14.9029 12.4982 20.8777 16.5895 26.69 20.6533 14.5619 
19.6533 24.9203 15.8 37.8815 19.6016 21.493 25.6704 29.3039 14.7069 17.0225 17.4139 15.8102 4.0579 30.4734 34.5609 
22.6993 30.8489 15.4774 38.4101 23.8723 24.567 19.6045 28.3032 15.4408 19.5549 18.9831 15.5764 5.1728 29.9312 29.4049 
7.1377 15.3002 16.6987 21.4582 10.4215 9.2643 19.0288 19.3295 2.7641 5.6012 4.5728 1.6352 9.8122 16.8479 19.617 
5.1287 23.3298 30.7397 21.3446 2.8058 6.79 28.0797 5.6573 11.1493 10.0824 15.3536 10.3292 21.535 23.1451 22.2975 
22.1209 33.4529 28.4294 42.9182 23.1464 22.3202 36.1253 26.3738 20.6802 22.8308 24.202 16.6059 11.2749 37.4811 41.2103 
10.2226 28.5629 35.3619 29.0302 7.3468 10.7799 32.1823 1.7045 15.7647 15.9231 20.0248 16.5646 20.9209 27.3708 26.6223 
26.4007 12.2966 7.7863 18.9412 23.7305 22.3999 1.3051 34.5404 19.641 18.5273 11.3052 17.3243 18.7225 12.5656 17.7321 
28.1106 16.3214 8.7717 22.5419 32.1053 27.1542 2.0705 39.3524 21.4883 22.8145 15.557 20.3179 20.816 18.2377 20.7659 
24.6803 32.8947 23.677 42.8591 25.3499 29.4102 34.827 24.2775 18.2846 24.3044 22.2402 20.9334 9.712 37.5654 43.167 
15.4996 33.0469 35.9246 36.2664 12.4783 17.1742 35.8082 7.1581 16.684 19.9439 27.3332 18.0387 23.8064 30.111 33.4519 
16.7606 2.0632 15.0596 8.8261 22.0295 15.8518 10.8884 27.1742 15.568 11.4349 9.2726 14.6754 21.9736 4.2712 7.8008 
11.0081 13.5551 32.3956 15.4052 10.322 5.8096 31.0924 13.2518 12.0323 10.4436 15.0596 14.7055 26.5766 18.5697 16.5657 
23.1014 9.4506 26.8926 1.5468 24.6891 18.8266 25.2025 30.3202 18.9403 17.8639 18.0174 23.5028 31.2991 7.1743 3.4616 
9.1724 22.9857 18.8555 26.7662 12.6678 12.4868 28.0028 18.5139 8.5012 13.2004 14.2267 8.232 5.8372 23.1811 26.6312 
21.9728 30.7268 20.5797 44.08 26.4053 25.2976 27.7586 28.2927 19.7644 21.2841 22.4196 16.8444 8.8915 38.4355 33.7428 
3.3857 15.2121 16.4953 21.1828 5.558 7.0107 19.2529 12.5069 1.3978 4.5625 9.6779 2.2548 12.92 18.2912 20.1026 
15.8908 16.4641 32.5072 11.3421 19.0978 12.9553 26.2546 17.8568 20.1402 14.0245 19.5981 18.3868 34.7303 15.0714 11.6745 
21.9908 25.3149 11.9277 29.2946 21.2026 22.922 18.5571 33.3704 16.1325 20.2935 14.7484 14.7472 6.0245 26.7497 33.2064 
12.8675 23.5574 14.1678 25.7702 18.7353 18.1342 21.8614 25.4713 11.6966 15.7407 10.872 9.1364 1.7116 22.821 29.4612 
21.492 11.7109 6.4551 20.1196 20.1057 20.6487 5.8844 27.9188 15.0095 13.8845 7.5847 15.0534 16.7813 14.4509 19.8116 
6.5082 15.2052 24.631 18.3522 7.4321 3.048 26.9768 9.0991 9.6761 7.6791 13.8828 11.503 22.8571 16.8737 19.1361 
19.196 3.1057 14.9063 10.2962 17.6117 15.5438 10.3148 30.7536 14.4347 11.6116 9.3184 15.2986 18.9522 4.0258 8.2875 
10.2822 23.2614 33.9533 25.2195 8.2002 8.7501 37.0567 4.5757 13.8276 11.2961 18.2711 15.9547 27.9858 22.4037 22.581 
11.0037 21.1037 32.684 21.6454 9.1215 9.845 36.873 8.2021 17.4016 13.5988 19.1798 15.2361 26.6162 20.7083 18.4334 
26.4045 19.0911 3.579 27.8678 29.1254 27.0266 5.3416 36.9414 18.5191 20.9703 14.8522 19.8437 16.7791 16.9012 25.8634 
11.8937 11.3595 11.8052 20.0356 15.7701 10.9219 15.0593 24.1357 7.4298 7.1457 0.5281 5.5097 12.5919 12.9364 16.6983 
18.1412 29.3903 26.8142 42.2906 19.5459 22.5003 31.6726 21.864 17.6905 23.7886 20.3278 21.1256 9.7198 35.0418 35.4323 
24.4637 23.9393 7.2842 28.2097 27.6474 24.8144 16.3894 36.4447 15.3614 17.5759 14.1206 16.6785 8.8845 27.5354 24.3799 
4.9454 21.9263 26.177 28.0203 2.2143 7.6225 28.0931 5.8385 10.0809 9.9248 17.3672 10.9193 17.1927 24.3146 22.1152 
22.9494 11.9217 6.6749 20.8427 24.6392 20.9921 3.7542 28.0159 14.9767 19.486 10.0906 14.9569 19.7599 12.0631 16.321 
2.1439 16.9481 21.8026 18.3411 1.6899 3.4878 23.109 9.6498 6.0973 5.4691 12.8909 6.6272 18.2031 22.73 19.0249 
9.4305 23.9425 27.2146 30.7633 8.8204 12.6158 27.5922 12.2928 10.1057 14.3706 20.3046 10.5209 13.2666 29.2647 30.1374 
11.5882 22.6959 15.268 26.4956 13.3418 14.8439 20.7544 17.0914 8.8135 13.3186 10.8009 7.5578 3.9604 22.1093 29.6808 
9.8619 10.108 14.0175 21.2916 10.2381 10.0123 16.6095 16.9113 4.5747 5.1084 3.0721 2.9149 11.3343 14.0398 15.5141 
10.0756 22.9052 16.323 28.0356 12.8917 16.4597 25.3957 18.6499 8.6709 11.87 11.8293 7.4048 4.9451 23.7207 30.3152 
2.138 17.1833 21.6695 22.9021 3.536 7.8112 28.127 10.786 4.9815 8.0924 11.3982 5.4017 14.8326 22.8219 26.0677 
5.2049 18.3498 22.8357 19.3025 4.8456 2.0969 29.8357 9.3316 9.4985 6.5985 13.8922 10.0036 20.7106 20.5668 19.3435 
13.3974 3.6556 14.0999 10.9239 19.7843 14.6243 13.9547 25.066 13.3947 9.2596 5.4533 10.4297 20.2368 6.3808 10.7834 
16.4711 27.4985 33.0511 36.2108 11.2157 17.3333 44.9535 4.4038 22.8499 21.8262 28.1437 18.9273 24.7272 30.6117 29.462 
12.3709 27.5517 39.7429 26.4873 11.978 14.5176 35.0659 3.015 16.6688 15.0483 27.0078 19.4531 25.1558 27.2019 33.1345 
16.3435 12.4392 32.761 13.0686 14.9023 10.9118 32.5479 18.5577 17.9037 12.2043 17.7693 18.2889 29.5865 14.4883 11.4824 
5.3382 17.9946 16.1875 22.636 7.6047 7.5165 20.7683 15.9041 2.5397 6.046 9.0836 2.7347 10.9422 20.1864 20.3531 
15.0373 29.075 36.3453 33.3289 11.4245 18.0857 36.1015 4.1999 17.0658 19.7566 29.3778 18.7975 26.3463 34.3071 31.9067 
23.9127 7.3387 13.6567 14.1826 22.9532 19.7019 7.4087 32.4143 18.1776 14.4442 10.1781 17.9149 20.6912 6.0097 11.1213 
12.2614 31.1138 32.0488 32.2122 12.079 14.6951 32.7238 9.3654 16.4844 16.9665 23.9134 16.7919 19.9774 35.432 31.9256 
10.7491 14.2359 25.5154 12.3418 10.7165 5.7623 25.9783 15.1638 12.3044 7.6005 13.7254 11.784 22.6041 14.7494 15.3121 
0.7605 15.9532 24.1207 23.1597 2.9502 5.5977 28.4713 9.8431 5.581 5.2956 11.0897 6.4455 12.7394 22.6802 19.3741 
18.979 11.1161 5.8015 20.6868 23.5607 21.316 4.6484 31.4251 18.5133 19.1107 9.4696 13.722 16.8109 15.1491 16.9414 
21.64 31.2543 20.6259 44.9144 20.7305 27.9955 35.4289 27.0876 18.0099 27.976 24.2068 20.9446 9.4267 38.8724 36.3549 
15.0221 7.016 23.9141 6.2769 18.835 11.649 24.6179 24.3668 17.471 11.1173 13.554 18.4467 30.107 8.3042 6.0683 
13.3413 33.9699 31.0609 37.082 11.9789 19.3324 37.2698 13.0097 13.8593 20.3367 22.8104 15.5004 16.2738 28.9759 39.1828 
8.8876 18.4796 13.4557 21.8074 13.0928 12.1587 20.048 21.964 6.306 8.9248 8.4829 5.6277 6.0761 19.5861 25.797 
28.0312 19.6282 4.5867 22.14 24.9348 29.592 3.9689 38.4252 20.3832 20.2981 15.353 22.5977 17.7784 19.543 20.4217 
16.0761 24.0949 17.8017 32.3246 16.3559 19.3797 23.6732 22.1631 13.2107 18.0723 18.4569 12.5124 3.6221 27.3454 35.1139 
15.6701 9.6594 8.7355 19.8427 17.2993 14.3807 10.7106 25.6105 11.8863 10.0842 3.4595 10.8143 14.9594 11.5302 13.9764 
26.6578 15.261 6.2122 25.3522 29.2031 27.2874 1.9342 35.2636 23.2033 21.1705 12.5237 18.4461 20.1881 17.583 21.0967 
3.6719 17.8356 21.1621 25.265 5.6806 7.5852 22.0278 12.1823 2.9142 6.7329 9.4956 4.1155 11.0722 18.9076 24.776 
19.9247 3.2543 21.2681 4.8942 19.2725 16.8328 19.0183 25.0779 16.0858 15.8721 14.7821 15.9119 24.7078 2.068 2.7962 
15.5499 12.8302 6.9785 21.0191 17.7039 14.8807 8.902 28.397 10.8929 13.8386 5.2063 10.786 12.7321 15.4457 21.2568 
10.7504 23.3605 35.4418 32.2122 7.0277 10.7424 34.2617 3.4078 14.3449 13.1846 22.9201 17.4074 19.7559 29.3753 26.8653 
25.7579 13.4649 27.8398 7.3419 22.7522 16.4603 30.9558 30.2944 23.1062 19.3466 22.6062 27.6429 31.9266 14.7997 9.191 
24.2508 9.4195 10.3076 17.6496 21.939 18.0767 4.3206 33.6616 16.6735 16.6504 9.907 18.2034 23.5339 12.0345 14.3879 
10.9245 24.7277 28.9 28.6139 6.5902 12.2431 38.1896 2.8309 13.201 15.0324 21.7331 13.6992 24.5916 32.8546 28.5377 
13.7441 27.4193 37.5352 32.0286 11.9525 16.8674 37.1442 3.3703 19.9825 16.7389 23.2734 17.2385 26.9731 28.5946 35.2936 
21.1263 21.1777 3.99 30.0688 27.2331 22.1305 9.9355 38.5428 19.7579 18.3538 16.2416 15.5853 15.2798 21.3475 25.8375 
13.4 9.6404 10.7213 16.2892 18.2011 16.2944 11.4727 25.0597 10.4848 9.9301 4.1992 9.0768 13.7371 11.73 14.3617 
27.3076 16.1021 3.2465 21.2997 27.3194 20.9048 5.5503 36.1715 17.4661 20.0436 13.2115 17.6358 18.1871 17.7779 23.1528 
3.3111 23.37 24.7708 25.9982 2.2169 6.6802 31.9142 9.5731 7.8209 8.0356 15.9894 7.939 16.6002 21.3403 23.6039 
11.7556 23.1184 20.7189 27.5033 16.6151 16.9459 26.7529 20.667 11.8328 13.3572 17.3278 11.7591 3.4278 25.0648 31.8083 
5.0613 20.9902 24.3148 24.1174 2.6986 6.6375 27.672 4.9916 8.8868 11.3046 14.9166 11.9442 16.3654 27.0596 25.3745 
17.4979 19.323 5.3034 23.484 21.4105 18.858 13.8247 25.4699 11.7027 15.4614 7.7731 11.0079 11.033 21.503 19.9426 
20.5359 25.8363 20.5891 32.0494 22.3246 25.4331 26.6676 30.6332 18.3294 22.144 16.8638 16.1419 5.4584 33.1528 34.7489 
8.2385 26.5302 23.0852 31.0532 9.907 14.7697 27.8023 13.8909 11.1167 16.0606 18.8144 10.2298 12.0663 29.6704 27.0028 
5.3506 19.2928 18.5146 24.4595 6.8891 7.8966 19.8214 16.4177 2.7038 6.5454 9.8635 3.1513 10.5691 23.4225 23.7292 
10.5028 30.6049 34.6365 34.9992 8.8447 15.3941 33.5524 9.0144 17.1436 16.8199 20.8091 14.2894 17.5585 34.9684 36.1055 
3.573 21.7776 24.5403 25.5951 1.2336 4.9265 29.9301 7.6358 8.8501 9.2064 13.5645 8.842 18.838 24.4794 21.2043 
11.2869 14.9861 30.236 14.8738 10.2265 7.2584 27.7795 12.0943 15.6726 10.4362 18.8474 16.7184 24.74 19.6659 18.1517 
9.0039 26.1801 28.0155 35.3872 7.1158 11.8486 31.4309 10.2809 14.3127 16.0047 19.1198 14.5021 18.5213 31.822 26.6837 
6.2058 23.9698 23.8443 26.3877 9.3289 12.4555 29.505 16.011 8.343 11.4744 14.945 8.5301 10.8654 27.0221 29.1305 
12.7578 27.9532 32.4655 29.039 8.8655 14.6365 38.8709 2.9857 17.8232 17.0535 24.211 19.6879 24.5662 29.026 28.475 
18.1584 5.951 26.0521 2.8009 20.7163 18.4976 18.661 26.3816 17.0698 15.9827 13.1776 16.7494 24.9397 4.0106 0.7692 
8.4178 29.969 30.3825 33.8666 8.5704 15.5067 30.4141 11.183 12.5679 14.2388 20.5485 11.1105 14.642 31.8469 34.4442 
6.2191 20.9297 30.5974 26.8286 3.2929 9.1188 34.4389 5.2261 12.0341 11.6786 18.2099 11.2052 19.9737 24.8397 25.3696 
25.4919 16.8811 5.2881 23.1715 31.4954 28.4267 4.7892 36.2318 20.7136 25.8393 14.6622 19.7917 20.1666 18.0222 26.9535 
23.8814 30.0481 12.9025 36.8142 22.0262 26.9811 20.0608 30.401 17.2653 22.2993 15.4779 15.82 8.2607 30.3505 31.6919 
15.9024 4.8749 25.497 5.8324 17.7712 12.7319 19.2027 24.3239 13.9428 10.674 13.872 15.9629 27.549 6.2542 4.9986 
8.4694 9.1881 17.3871 14.2149 10.5335 5.9019 22.4717 16.1266 9.6625 4.6966 7.7236 7.4937 19.9416 12.1079 12.8039 
16.2352 26.325 27.3296 39.1882 15.5399 19.1334 31.1348 19.7384 13.0877 17.671 21.2108 16.3112 11.5124 31.2923 30.0956 
27.1404 18.31 7.2745 24.4402 33.8943 26.788 5.0041 44.522 22.9599 24.0213 15.9046 21.5989 22.3638 18.2054 25.6628 
17.8037 15.7748 31.9499 9.8211 20.1565 14.9018 32.4366 17.7263 18.4486 15.3306 21.0771 19.1825 27.7035 13.3076 12.6009 
10.8177 25.3657 37.5198 23.7217 6.9914 10.2485 36.8077 3.3107 13.8345 11.9395 23.1537 14.5734 26.0607 25.3725 22.2774 
17.6291 2.6034 15.4629 8.882 19.3161 17.5919 13.5564 29.8721 19.4215 13.3548 11.292 18.5415 23.586 2.6813 8.1093 
10.0066 8.7633 16.6849 14.4998 11.5534 6.1468 16.2421 19.1186 6.4917 3.2274 6.3253 6.1112 16.0513 11.5893 14.0234 
17.8656 16.0504 5.1888 19.4533 22.5271 19.4225 10.5266 32.8415 14.3535 16.3249 6.5495 12.5638 12.2611 14.2228 22.0846 
13.6028 28.2589 31.5403 32.7246 12.1 14.301 35.7215 11.5696 13.855 18.4167 21.0562 17.6066 18.0406 30.6513 34.2866 
9.0915 12.5643 13.0435 22.0012 14.5721 11.8553 15.0327 19.0408 5.4993 7.2095 4.0956 3.9192 9.7046 15.3194 20.785 
21.2511 22.966 9.6347 34.4697 21.428 22.3638 16.9471 31.4731 15.5939 17.9111 14.7481 17.065 6.6117 27.1955 32.8963 
20.4394 22.4872 6.0409 31.8668 25.8043 21.3083 13.5678 33.8393 14.9017 15.8478 12.0477 16.5498 8.4492 24.6769 25.7579 
19.0146 3.3497 17.65 9.3639 24.1479 19.8816 11.5474 30.6733 19.0481 16.8415 12.977 14.814 26.3093 1.8671 5.8341 
17.3962 29.2968 27.0038 34.5411 18.6798 20.5572 37.6103 23.6057 16.2134 21.5152 21.8561 18.5793 12.782 34.5616 32.5734 
25.7098 12.3568 8.5119 22.7156 23.0684 23.3327 1.7666 29.7292 19.7887 18.7784 10.6793 20.7096 22.7803 14.1317 17.6659 
17.8274 13.5999 4.1511 21.4767 18.5104 20.5322 7.5382 28.9101 12.3547 14.4041 7.2705 14.159 11.8582 13.8046 22.5737 
14.0538 28.1636 40.4289 33.6892 13.7894 15.3875 43.4402 6.2036 17.0775 20.2402 27.2951 19.3775 25.1994 36.414 32.7416 
28.9018 17.121 7.5684 20.6322 31.3273 26.0489 1.0252 41.111 20.2283 21.2071 13.3237 21.3321 18.7544 14.6006 17.7466 
30.9533 20.7175 6.4581 27.0386 33.6389 31.5994 3.9523 36.8377 24.38 23.2659 16.1418 19.3182 20.9657 21.7511 23.0424 
9.4346 29.9485 26.862 32.8003 9.2337 15.9448 33.446 9.5411 14.2372 15.0265 22.9112 16.9196 17.6028 32.9378 31.5217 
5.3014 17.0828 15.7091 23.9143 7.5887 8.5529 22.9443 17.5846 1.0372 4.9154 8.0144 0.7959 10.9923 19.3189 19.9351 
9.4984 29.3822 29.8118 32.041 10.0209 16.744 31.5368 8.9726 12.5684 16.6891 23.1708 15.3178 16.7068 29.3726 31.2097 
3.1037 15.2443 28.1051 21.5348 2.1611 2.8527 26.1302 10.2638 8.0849 6.4903 12.8713 7.1473 19.8461 20.973 21.0352 
10.0949 19.4151 12.8642 25.2151 12.7913 14.3061 20.9241 18.8 6.7732 11.4216 7.9399 6.0065 4.8112 22.5472 20.9461 
4.8787 23.2476 24.4111 28.4208 2.1288 7.266 32.3216 6.2933 9.5392 9.21 17.7298 10.291 19.0799 24.613 22.5329 
7.626 26.3771 27.5412 34.728 8.5027 15.3078 27.2916 14.8332 9.5937 12.3728 19.261 9.7005 11.8031 25.4296 28.2488 
EOF