I 150
J 15
bounds (0, 100)
cv 0.5
D 10
k 5
t 3
FLR 0.8
FCR 10
abounds (80, 120)

a 
109.0 110.0 97.0 
112.0 97.0 111.0 
120.0 105.0 94.0 
113.0 100.0 75.0 
85.0 115.0 115.0 
88.0 109.0 104.0 
115.0 104.0 93.0 
120.0 110.0 105.0 
95.0 101.0 121.0 
93.0 101.0 92.0 
106.0 100.0 120.0 
79.0 95.0 94.0 
95.0 124.0 100.0 
103.0 107.0 115.0 
109.0 100.0 118.0 
100.0 113.0 112.0 
109.0 84.0 96.0 
103.0 112.0 122.0 
99.0 115.0 126.0 
107.0 112.0 104.0 
117.0 121.0 125.0 
102.0 103.0 117.0 
102.0 95.0 84.0 
95.0 100.0 111.0 
93.0 101.0 99.0 
100.0 112.0 99.0 
89.0 102.0 119.0 
102.0 109.0 106.0 
114.0 86.0 96.0 
105.0 100.0 79.0 
111.0 102.0 89.0 
106.0 103.0 97.0 
113.0 115.0 103.0 
121.0 97.0 106.0 
102.0 103.0 97.0 
89.0 113.0 102.0 
99.0 116.0 107.0 
112.0 101.0 102.0 
120.0 103.0 112.0 
105.0 101.0 95.0 
111.0 124.0 86.0 
110.0 116.0 133.0 
118.0 112.0 91.0 
122.0 100.0 102.0 
115.0 101.0 96.0 
106.0 103.0 98.0 
92.0 87.0 101.0 
117.0 122.0 121.0 
93.0 107.0 107.0 
98.0 92.0 98.0 
97.0 111.0 103.0 
102.0 95.0 123.0 
112.0 114.0 97.0 
94.0 108.0 108.0 
87.0 88.0 101.0 
111.0 106.0 104.0 
119.0 98.0 116.0 
93.0 100.0 111.0 
101.0 105.0 99.0 
119.0 116.0 92.0 
110.0 108.0 88.0 
83.0 106.0 96.0 
114.0 86.0 90.0 
99.0 99.0 96.0 
100.0 110.0 110.0 
95.0 115.0 105.0 
114.0 103.0 107.0 
96.0 106.0 93.0 
112.0 108.0 112.0 
122.0 81.0 86.0 
113.0 102.0 89.0 
112.0 121.0 95.0 
100.0 115.0 89.0 
96.0 95.0 100.0 
101.0 110.0 107.0 
107.0 116.0 106.0 
99.0 90.0 99.0 
92.0 98.0 91.0 
107.0 100.0 118.0 
106.0 103.0 112.0 
87.0 102.0 84.0 
101.0 102.0 95.0 
100.0 103.0 108.0 
109.0 101.0 107.0 
85.0 97.0 98.0 
107.0 90.0 96.0 
100.0 117.0 101.0 
100.0 89.0 106.0 
105.0 117.0 96.0 
113.0 106.0 91.0 
102.0 117.0 91.0 
120.0 103.0 91.0 
107.0 122.0 104.0 
83.0 99.0 87.0 
90.0 120.0 105.0 
102.0 104.0 117.0 
107.0 92.0 115.0 
116.0 92.0 113.0 
112.0 89.0 111.0 
109.0 114.0 104.0 
121.0 93.0 99.0 
104.0 102.0 83.0 
95.0 121.0 87.0 
100.0 104.0 113.0 
99.0 110.0 103.0 
117.0 84.0 110.0 
92.0 103.0 99.0 
111.0 85.0 114.0 
106.0 122.0 91.0 
105.0 111.0 94.0 
93.0 109.0 99.0 
104.0 125.0 100.0 
96.0 116.0 97.0 
140.0 117.0 110.0 
102.0 101.0 110.0 
88.0 90.0 102.0 
102.0 98.0 117.0 
104.0 112.0 91.0 
97.0 116.0 114.0 
109.0 89.0 108.0 
95.0 100.0 105.0 
116.0 103.0 121.0 
105.0 98.0 107.0 
90.0 89.0 114.0 
108.0 89.0 127.0 
86.0 127.0 100.0 
106.0 97.0 96.0 
105.0 124.0 121.0 
108.0 104.0 116.0 
81.0 112.0 94.0 
116.0 108.0 115.0 
92.0 99.0 99.0 
97.0 98.0 83.0 
119.0 103.0 113.0 
122.0 96.0 85.0 
110.0 104.0 106.0 
99.0 97.0 125.0 
97.0 102.0 115.0 
109.0 105.0 130.0 
91.0 113.0 100.0 
105.0 93.0 110.0 
108.0 87.0 110.0 
86.0 86.0 107.0 
96.0 102.0 115.0 
96.0 107.0 112.0 
89.0 94.0 106.0 
104.0 94.0 112.0 
119.0 100.0 87.0 
100.0 95.0 107.0 
104.0 105.0 116.0 

Icoords
82.8604 39.3726
52.7865 39.8462
45.1999 59.9375
87.5336 44.4041
95.0671 51.8286
45.2887 79.041
15.5732 14.1161
46.4546 10.552
82.9729 86.8034
21.0506 34.853
19.9355 37.0894
23.4244 29.7139
78.8268 78.7255
60.9991 55.6967
15.823 62.3968
4.7855 74.5696
52.2054 40.3792
36.4322 31.8252
70.7226 23.3285
48.1701 14.3047
26.259 93.861
0.0886 14.3867
31.7638 71.6182
58.9569 76.9126
55.9472 30.5375
29.4419 44.4153
57.8049 49.7209
74.5729 68.9746
72.2108 53.5399
60.7723 66.4224
90.9944 50.7931
94.3011 31.5355
85.898 76.728
19.7383 75.7536
80.7605 29.4957
8.9187 71.7087
13.8908 8.174
14.3562 15.6745
12.5295 33.1587
97.2085 46.082
46.5411 94.0368
19.2846 5.9429
46.1502 75.8435
36.7113 74.1541
18.4907 46.058
28.6596 73.2547
74.9592 87.605
87.5889 74.674
45.9404 52.1046
24.7385 63.4206
7.8852 44.8154
96.7074 13.9454
1.2344 16.519
23.9348 39.0954
73.219 42.9798
47.5276 30.07
16.1324 40.0392
63.5026 38.8994
51.5625 32.5219
88.6177 68.6972
7.5904 26.5649
56.2574 93.2864
21.1976 25.899
84.0889 48.9221
71.1138 10.9625
71.7899 22.6172
98.5709 74.2668
46.298 37.9994
11.1513 69.8731
64.9656 22.8581
30.6444 9.2962
83.0118 57.3836
91.3701 53.932
41.2706 31.0932
7.0792 5.7221
42.53 39.1881
62.5639 12.0688
12.3354 93.0514
5.9753 41.5837
77.7787 0.4918
65.8424 76.6978
7.213 36.215
27.309 79.8392
90.2193 85.9533
39.5614 12.6069
52.0318 91.0987
81.8041 2.0537
76.5367 72.3459
52.009 86.9534
51.1305 56.6967
67.7559 4.7293
85.4136 58.1928
61.4773 66.2881
73.7311 41.0579
89.1536 81.4115
29.854 90.0606
59.5915 49.3969
26.9925 87.8966
50.5053 88.2377
1.5933 86.2007
52.8848 99.7944
88.2687 38.6187
70.7503 78.2754
38.3599 35.7731
54.3579 97.6294
57.5388 70.7796
53.1285 31.5141
11.0688 99.855
84.5393 38.0204
52.0463 29.1843
45.4818 62.899
93.9268 35.9397
95.9044 58.9277
28.7402 62.2375
80.8095 96.5614
96.5985 77.8549
58.8275 77.6328
18.1361 83.9124
82.1355 24.703
23.3178 91.7312
13.403 76.9675
95.9751 54.5587
79.0966 58.9752
67.8595 22.5931
5.1939 37.0692
4.3263 27.9924
36.3986 67.659
27.9077 29.8213
1.129 54.0088
99.6653 32.5799
34.3388 49.1898
10.0263 5.2622
37.0801 20.7667
22.8924 55.2194
47.4457 25.1817
10.8855 8.1073
21.0883 79.9113
95.8675 36.3002
75.1813 96.1601
19.6825 85.6547
69.3599 76.4367
98.121 53.0907
98.9198 74.112
93.5873 66.2582
99.2603 84.0922
90.6685 68.8026
15.236 29.442
53.5291 18.2449
79.7867 49.8551
69.5941 18.9227

Jcoords
59.6117 57.5503
48.7741 30.4616
1.0046 19.5604
5.6793 16.2377
44.7142 54.4846
9.4281 63.654
1.4462 5.9772
52.1362 69.8549
0.3618 13.3618
36.6686 36.3806
48.2697 41.3515
96.9757 13.4954
61.9098 3.227
24.4676 39.1776
29.0269 3.2086

C
10.9724 10.8831 32.3486 31.8589 14.931 28.8643 31.8902 13.9145 29.3933 16.5019 12.3033 10.0073 14.284 19.404 25.0332 
7.0451 3.6876 21.6838 19.1272 5.1989 17.7974 18.8084 11.1328 22.1841 6.3983 1.5307 20.3277 11.3782 8.9881 17.0783 
4.8806 9.8963 19.0124 21.3526 1.9911 12.1523 23.6198 4.6836 25.4596 8.1877 7.0001 21.5336 21.1831 9.3387 17.8502 
10.2894 12.3943 31.2206 32.9725 15.4229 31.6783 31.5536 16.9985 29.2778 17.0599 12.7284 11.0271 18.2258 19.0416 26.6113 
11.532 16.0709 39.7276 33.1645 15.9336 30.8632 35.8502 14.816 40.0291 20.0794 16.5592 12.6081 20.7922 22.0336 31.212 
8.3367 19.131 25.6874 24.1463 7.9707 11.7574 25.6818 3.9826 26.3234 15.2808 14.1588 29.2073 25.8379 17.1708 24.6397 
21.3334 11.7125 5.8151 3.8249 19.8802 19.6176 5.4259 25.9644 5.7478 9.2995 15.9024 27.8079 17.3593 9.8873 6.4187 
17.7944 6.4523 14.4053 13.8825 14.4168 20.4437 15.8884 20.2374 15.5621 8.4932 11.8969 19.5443 5.432 11.4313 5.9685 
11.8075 20.0099 32.4318 37.615 19.5922 25.4745 45.8748 11.1122 33.5698 23.5086 19.6947 26.1515 29.2959 23.1523 36.3337 
15.8487 9.3189 7.7379 8.4229 10.9059 9.5068 11.2733 18.2523 11.4969 5.1095 9.0193 24.2767 16.9681 2.1396 10.4952 
16.9146 9.3091 9.6931 9.8486 11.2653 9.8614 12.0626 17.8798 9.3416 5.9322 9.8366 25.485 17.8402 1.742 10.9799 
14.6096 8.2422 8.6314 8.6277 9.9 11.1533 11.5422 19.4548 10.7742 5.0414 9.4818 28.1088 14.4876 3.5961 9.6498 
9.1815 18.4212 30.8625 31.4204 14.4795 23.9822 36.0788 10.6823 35.6717 23.1722 16.8241 22.4654 29.2074 20.3283 34.0759 
0.887 11.1965 25.1082 24.768 6.3932 16.3275 25.8883 5.1814 24.1976 10.5686 6.6224 17.0414 19.973 15.0669 19.8759 
15.7633 15.5374 16.0911 14.8682 9.3939 2.1429 19.2484 13.227 18.8538 11.238 14.352 30.2529 23.3551 9.3183 21.5404 
19.6734 21.51 19.8556 18.4584 15.7374 4.568 24.5645 15.8695 22.4359 18.616 18.1945 35.719 29.5204 13.7689 22.6927 
6.8331 3.906 21.7383 16.485 5.9573 16.0805 19.855 9.1257 18.0528 6.1044 1.5182 17.6405 12.518 8.5735 13.895 
11.8703 3.9598 13.4066 11.4673 9.2184 13.044 13.2062 13.0551 13.7853 1.425 5.1221 19.5655 12.0993 4.3477 11.1852 
11.5173 7.9113 23.7457 21.0092 13.531 26.6553 22.8318 18.6378 27.7928 11.838 9.6711 10.0951 7.3527 15.6904 15.0972 
15.4734 6.1342 17.5118 16.9969 14.6069 19.7882 16.5114 19.4252 15.1821 7.8834 9.0364 15.0586 5.676 11.9772 7.928 
16.7436 25.4582 27.6861 28.9259 15.0073 11.757 32.3545 13.2966 27.6688 19.5283 20.9525 41.4708 32.6658 18.575 35.1714 
27.6532 15.9811 1.8899 1.8327 22.6357 15.2891 3.2864 29.4518 0.3666 14.6957 20.7271 38.3592 19.6942 12.6318 11.4689 
12.0867 13.6584 22.5115 20.0054 8.3289 7.683 26.5501 7.7909 22.8191 13.2454 13.5624 33.946 29.7168 10.2945 21.8607 
6.5385 18.6697 30.3305 25.7903 8.3716 19.581 29.1219 3.3763 31.5338 15.8889 13.5607 22.6849 22.3299 17.2178 27.6116 
10.4897 2.3529 21.246 18.2134 8.6653 19.0552 18.7408 12.3996 18.5415 7.7557 5.0781 15.1985 10.2311 10.717 14.3049 
10.5329 8.5235 13.438 11.5187 6.6221 11.0878 15.0742 10.6296 13.5204 3.671 6.1423 28.2767 20.5171 2.6084 15.5151 
3.1948 7.0706 22.9076 23.7343 5.1877 18.2243 22.9367 8.0237 24.0592 7.7682 4.6283 16.0862 18.5439 11.8181 19.0722 
5.6962 13.9484 33.1539 34.1319 10.6636 25.2492 38.2028 8.7795 29.3882 19.9914 14.6622 22.8078 24.4189 18.5031 29.0711 
4.1596 11.7392 24.6005 25.903 10.0092 22.6579 29.6972 8.8521 32.2447 13.3085 10.3484 16.7476 15.4635 18.5168 23.596 
3.2221 13.185 28.6175 28.7958 7.6936 18.9375 32.8785 3.6625 29.1144 14.1663 10.7663 23.3285 21.9387 16.7809 21.6739 
12.1923 14.077 30.739 34.5915 17.4148 30.3625 31.2927 14.5254 32.2807 21.639 14.8506 14.7093 17.7017 21.5769 30.58 
16.8499 15.1328 37.145 31.0357 18.0257 31.1807 30.2889 21.2976 32.8378 21.6017 16.1532 7.0086 13.5938 22.9578 27.5515 
11.2941 19.955 39.8337 37.7363 15.6709 30.4732 36.9736 12.8894 37.9815 25.454 17.3739 22.4749 27.4087 23.5866 31.082 
17.3224 16.904 21.1109 20.297 10.163 5.7895 27.4687 13.1096 20.3899 16.6892 17.0999 32.9758 32.7614 14.2359 23.2357 
10.8386 10.0515 32.1328 28.004 14.5311 27.9976 29.1615 19.4751 25.6665 15.4407 10.6249 7.153 12.1344 20.9628 18.4126 
19.0532 22.2888 18.0864 19.8369 15.0673 2.8417 22.2214 13.8899 21.8429 15.7996 15.0789 32.1535 33.8133 10.8457 25.3436 
23.472 15.3204 6.8544 4.5678 20.7057 16.8091 4.4508 26.1418 4.7236 14.0199 17.84 30.9209 15.2495 11.4784 5.62 
22.1227 13.3058 5.0825 2.8581 15.792 14.7348 5.6674 20.4298 5.5659 9.7803 16.9937 30.6046 15.0564 9.8582 6.1432 
16.8939 13.3276 6.6185 6.8164 15.0304 12.1139 9.5724 18.2174 7.429 9.3224 11.0332 27.4682 20.0717 4.5483 12.6036 
11.9768 19.9136 39.3582 36.9299 19.8721 31.8071 41.4869 19.5065 36.1671 20.3434 15.7973 10.2129 16.8172 28.1603 31.0647 
14.1386 23.1556 29.1214 28.6304 15.7388 18.4515 36.6157 9.3425 27.915 18.0224 18.9611 36.3297 32.3183 21.294 30.3127 
19.9498 13.3653 7.7547 5.2873 19.6017 18.8286 7.0426 27.2712 6.3902 10.733 17.6493 30.8873 15.9741 12.3446 3.4444 
8.5626 14.5737 27.1003 24.8778 6.7261 12.7104 25.1984 2.6791 30.0325 15.0087 11.9153 29.9315 26.4904 14.1167 24.2161 
9.1393 14.8401 23.5167 25.1457 7.8485 11.3808 26.4276 4.8759 22.7083 13.0319 10.8199 31.7655 24.493 11.4323 21.6008 
13.189 11.224 11.5115 12.9174 10.0371 7.7172 15.1656 12.9113 11.4064 7.2901 10.5068 32.5612 22.7795 2.8855 15.7706 
11.8563 18.1526 19.9131 23.6613 8.1755 6.6548 24.8635 7.7285 24.7345 14.0823 14.0281 30.615 30.2873 13.4521 27.2974 
13.1949 23.4897 33.465 39.0394 16.9631 24.7547 41.7105 10.9435 37.3625 19.6275 16.485 23.7808 28.0306 27.271 34.0241 
10.4604 18.2971 32.2999 40.1365 17.8614 28.7003 35.1587 10.7622 42.3493 22.981 17.4927 18.7107 28.1745 25.1651 29.049 
5.5288 6.9106 17.6879 20.3441 0.8166 11.7452 19.5858 6.3245 21.0805 6.7832 3.9367 20.6254 19.9305 7.9101 15.9458 
12.9502 12.6782 17.7787 15.4594 7.5541 5.2934 21.9121 9.6756 18.9419 10.9885 12.0043 34.2726 22.1293 7.3073 21.2724 
17.7499 15.683 7.8657 10.1523 14.6102 5.971 14.6608 17.6378 10.8309 9.67 15.978 28.7556 25.9145 6.5557 15.9612 
19.9113 15.9347 28.8753 34.6563 24.6907 31.7397 30.6665 23.4596 29.1644 21.5547 21.7438 0.2072 13.2973 27.218 22.1753 
25.4236 15.2491 1.0843 1.4938 20.428 17.3523 3.4721 28.3998 1.2398 12.7387 16.4351 34.1392 18.6343 10.8166 10.2954 
13.8016 10.4794 9.293 9.2498 9.3759 11.1839 13.2025 12.7279 12.2529 5.1898 9.0205 29.9759 17.938 0.2095 11.4212 
6.5292 9.9831 27.9147 22.8747 9.5137 21.8808 24.5722 12.3173 30.1612 12.3421 9.6084 14.4718 14.7383 17.7163 18.817 
10.6781 0.4041 16.5026 16.7574 9.194 15.6225 18.3663 15.2954 19.2646 4.7651 3.9695 18.467 9.3917 9.2455 9.7946 
15.9228 11.1544 9.6342 9.5612 11.9869 7.7498 11.5249 15.3516 10.7939 6.6605 10.0899 29.6707 17.9753 3.2957 13.5721 
6.3311 6.6947 23.7023 20.5072 8.002 23.2593 26.8631 12.4815 27.0668 10.0827 5.6439 14.5773 11.3765 12.1324 17.5118 
9.144 1.262 18.7529 16.5634 7.065 18.7864 22.2595 12.6387 17.6305 5.7742 3.368 16.4455 10.1253 10.259 12.8339 
11.8672 19.1179 38.6738 30.3634 16.3498 30.7481 33.1514 11.2748 39.3549 21.3887 17.5713 19.9595 27.852 23.1833 29.8743 
22.8516 12.7826 3.4477 3.6969 15.2266 12.8077 8.5553 22.666 5.315 9.6122 13.3659 33.2255 20.7218 7.7957 12.4273 
13.1656 23.9789 30.0536 32.249 13.7802 16.808 37.5447 8.227 37.8029 22.045 17.1194 29.1045 29.7059 20.2326 32.7387 
15.5892 9.0255 7.4943 7.3102 13.47 15.5617 10.4471 20.3238 9.5322 7.1965 11.1689 30.3921 18.1411 4.2599 8.1635 
10.3087 13.955 32.481 26.5381 14.9678 29.8009 34.5157 12.0174 33.9757 15.3234 13.5239 11.5996 15.5935 21.0598 25.7849 
15.7492 10.3369 25.5979 21.9917 17.1034 26.2201 22.9583 19.7689 24.2607 13.2192 13.0933 9.2769 4.3307 17.3414 14.3706 
14.724 8.3306 26.0237 24.4218 13.189 28.3307 27.3816 17.6974 23.3938 12.8707 9.968 9.3807 6.8203 18.8663 15.5019 
16.2369 24.2606 41.3535 37.8636 17.419 34.0955 41.5078 15.3225 43.0351 25.779 23.7328 21.2773 27.8517 29.7546 29.8578 
9.2911 2.4754 16.8617 17.7319 5.8958 15.5099 19.6301 10.9271 15.8881 3.6695 1.353 18.9926 13.9124 8.7427 12.0721 
18.0959 17.016 20.3558 18.6596 14.7616 2.1103 19.9961 15.4349 21.6033 16.2949 14.399 38.1168 30.2258 12.1926 22.3692 
13.5111 6.6704 23.0181 19.5787 12.6259 21.831 20.0525 16.9874 25.3944 11.6542 7.8133 11.3128 7.649 14.8714 13.2587 
21.9778 9.4419 11.3202 9.1366 17.0381 19.0693 9.4653 20.2031 10.3549 10.2856 14.3069 21.7603 12.5708 11.9184 2.141 
8.2815 14.2947 31.6083 31.4825 12.6091 28.1961 32.8866 11.2585 28.6078 15.9154 14.7503 14.1208 21.1334 19.1532 27.5713 
11.1202 19.0548 36.6907 28.8521 15.4162 26.2898 37.8602 15.9375 34.5059 20.0897 16.433 14.4188 21.0936 22.2041 28.6443 
10.5303 2.7409 14.4838 12.9779 8.9751 15.3434 15.6927 13.5984 15.4268 2.5319 4.2583 21.8895 13.0317 6.1329 10.2661 
23.7401 14.8888 4.8014 4.1861 20.789 20.9074 2.0864 26.5075 3.9033 16.9326 16.404 35.6326 19.4575 13.3587 8.4256 
9.3971 4.2567 17.5087 13.1498 5.181 12.7603 21.0732 10.3671 17.935 2.5398 2.0671 22.5943 13.7912 7.1654 12.0747 
14.1517 7.2321 19.7699 20.1855 15.3334 22.6022 23.3705 22.9358 24.1583 11.487 11.457 11.8168 2.7963 14.518 12.4113 
21.9401 24.1824 29.6545 27.1937 17.6953 8.9154 33.9426 17.2844 24.2558 23.8555 23.088 42.7469 32.5334 18.5549 34.3407 
18.5907 15.738 8.5207 8.5092 16.2261 8.1827 11.432 18.9889 9.559 11.1699 15.2431 32.0567 21.2692 6.8364 16.7963 
22.9882 16.4867 29.1983 23.7411 22.495 34.3972 23.6629 24.7367 29.6495 19.0073 15.9268 9.2074 4.9178 24.6019 15.9373 
7.9858 17.0431 31.1721 25.9122 10.0492 21.6208 34.0789 4.7444 34.7181 18.5127 15.7618 22.6934 26.6419 19.8727 30.3958 
17.5838 15.9228 6.4431 7.0647 13.9744 10.4195 9.5888 17.1061 8.9516 9.5644 12.984 36.9818 20.7784 6.8225 14.9036 
15.4237 17.3046 26.0508 22.7938 11.4281 7.3006 28.0872 9.6468 21.5696 15.6571 16.2417 31.4101 27.1524 14.1725 28.3835 
13.8755 27.635 41.6141 38.8453 17.8427 29.1164 43.5884 15.9512 40.6154 28.467 19.8752 23.8183 31.1622 30.8971 32.3972 
16.1123 7.3675 11.9887 10.6215 16.3542 20.2373 15.3551 21.9974 15.6357 8.3055 11.4553 21.1253 8.0491 10.0965 4.3171 
12.4162 22.8081 29.4723 29.8224 14.2557 19.7848 36.8644 6.9086 35.9835 19.4088 17.8254 29.9437 30.8958 19.3282 32.997 
19.7657 16.5768 29.5726 25.871 21.3864 31.4872 28.0139 26.5023 31.2696 17.7092 15.86 7.4945 6.5387 26.243 18.6348 
7.6725 17.3613 30.317 30.1153 11.9403 22.4594 32.4001 9.7055 36.8989 17.547 13.3648 24.6204 21.6188 22.0891 31.8773 
10.5202 18.3559 28.1867 33.0893 11.0816 17.5661 33.919 5.3845 30.3794 17.0594 14.4266 28.4654 25.8915 21.6558 31.2541 
3.0985 9.9041 23.1256 20.1353 2.0686 16.29 24.7151 4.1662 24.717 7.9003 5.9363 24.3153 20.5363 10.1261 18.5838 
18.46 11.2363 26.0661 24.0163 20.0081 29.4998 21.9192 20.7146 21.7355 14.8089 13.0757 9.6431 2.08 20.2258 15.4105 
8.827 16.3033 33.8735 35.3367 12.9756 25.437 37.7816 12.264 32.2178 21.3504 12.7775 15.2033 21.0307 20.8321 28.4393 
3.4023 12.9583 28.1847 29.7727 8.1823 19.9812 32.8381 3.6476 26.5503 13.437 9.4813 24.6709 19.1963 13.887 25.6437 
6.9865 9.0802 29.0001 27.9316 11.2832 24.2846 29.5198 13.5411 30.0438 12.746 8.4003 12.4608 15.3545 17.6245 20.4602 
12.0949 23.7484 37.1724 35.16 18.2746 24.5446 41.1606 13.1695 39.8255 25.1725 18.9976 21.6649 29.5165 27.7878 34.6739 
15.6371 18.8466 30.0356 26.6754 12.8156 10.9368 30.8149 10.9398 32.3189 17.3263 19.2049 33.8352 29.6012 19.1929 34.3081 
2.87 7.4647 23.9253 19.4817 5.3302 17.6372 23.4613 8.1326 24.0853 8.069 5.4418 19.4471 17.4604 12.3934 20.2379 
14.6042 22.1135 29.047 28.2373 13.1881 9.3942 31.3808 9.3243 26.056 18.6918 19.1251 35.6173 29.5276 18.2307 30.8014 
11.0467 22.115 29.6386 26.6994 11.6711 14.9312 31.0802 5.8798 27.9628 17.105 17.7619 27.4594 33.6742 20.0671 29.7566 
19.4509 22.0978 22.4053 25.8183 18.8689 7.9532 29.4661 19.1658 28.4258 19.4241 22.889 38.8702 32.0461 16.4195 32.8919 
12.8671 22.9756 36.1164 34.9712 15.0046 20.3475 41.8665 9.5447 36.6126 24.7287 21.2105 37.3781 30.0372 21.9654 34.443 
13.0445 15.357 32.2092 29.7435 14.5135 32.4841 32.0564 17.0082 28.3719 17.8084 12.8095 8.3703 14.7655 25.515 21.0436 
9.1974 21.0121 35.4194 32.2309 11.4905 23.9178 33.8408 7.7553 32.2395 20.5496 14.8751 21.3575 24.0833 22.0232 28.0579 
10.6712 3.5223 12.465 14.8337 6.9262 13.8258 16.983 14.1897 15.0344 0.67 3.8608 20.8436 13.8315 4.4498 13.1979 
12.3085 25.8073 32.6133 33.2786 14.5184 17.3382 35.5903 8.5651 31.2659 24.8187 19.7556 35.1974 33.2695 24.7176 34.6069 
4.0346 13.3846 30.2397 26.0178 7.181 16.1032 29.9547 2.1278 31.3103 15.6957 10.2341 24.5917 20.3217 13.9698 24.3709 
10.169 1.6132 17.1019 17.028 8.452 16.5778 18.7584 13.3816 22.17 5.9577 3.9488 14.7193 10.3251 9.8616 12.0192 
22.4915 26.4963 28.2016 29.2933 22.0967 12.542 29.0753 18.8836 31.4014 25.5495 23.1422 40.4413 33.6514 22.1091 37.2461 
10.4153 12.8674 32.8598 26.7283 17.0179 29.2856 29.3801 14.5495 29.3494 17.8854 11.1853 9.5776 13.1073 20.4882 21.5183 
10.0549 1.3745 20.0233 16.984 10.497 21.843 18.0754 15.5484 19.448 5.3753 4.5443 16.9467 8.7053 10.692 11.9152 
4.9012 11.8809 20.8595 23.1464 2.7224 13.0435 23.2237 3.605 26.293 10.8201 8.5083 22.4144 22.1821 11.8935 19.8258 
14.9722 16.2787 35.3736 34.233 17.2761 33.001 30.3014 19.2464 31.5028 19.8005 17.4941 7.153 17.4168 23.8921 24.4227 
11.6547 16.6941 39.0108 36.642 20.5223 29.4545 40.0879 13.9305 32.1896 22.3548 15.7348 17.2145 22.3955 23.7766 32.6166 
11.647 13.0836 16.5316 18.8691 5.5949 6.6612 21.1669 9.185 18.9784 9.528 11.2661 28.4441 23.4086 7.4274 19.651 
16.1077 25.2167 38.2037 35.8217 16.8807 27.8014 45.1863 12.6094 44.0941 24.5768 20.6484 28.7554 34.0728 30.1895 41.8792 
16.4217 24.4811 34.3289 39.7261 18.2095 35.3102 46.7457 15.4684 44.3584 25.6834 23.1844 21.7796 32.7538 31.5681 34.1734 
6.2926 14.6573 24.9949 25.0108 10.1966 17.3783 28.8985 3.8886 28.4375 16.8249 12.7075 22.977 29.2889 19.4829 24.7722 
16.0801 21.8527 23.5141 21.6 13.9659 8.7629 28.916 13.3554 28.7456 18.5548 20.7655 35.7505 34.5148 15.6144 29.0805 
12.4781 10.7963 32.111 29.777 18.6185 30.8654 25.1649 17.824 27.4995 17.5331 11.5965 7.1449 9.7766 21.3925 17.2396 
18.8853 20.3023 22.7531 23.3045 13.0626 11.2676 27.2401 13.0324 32.4118 18.3454 17.0628 32.6552 35.5795 19.2813 27.0377 
16.8211 19.3399 21.5189 18.5371 12.0305 4.7713 23.2168 14.0432 21.3941 18.6006 15.1668 38.3358 31.8104 13.325 26.5241 
13.478 18.7236 34.2812 33.2234 17.7414 29.0224 37.39 17.4533 35.127 20.4389 18.9882 14.1793 21.7472 28.0942 27.9108 
6.2323 14.3267 28.7531 29.1975 12.1846 22.7701 35.9974 11.2163 34.9686 19.2036 12.2257 16.014 20.7506 22.0337 27.2503 
13.3001 7.9706 20.6125 20.6389 15.6163 25.0955 22.811 17.8165 26.4806 12.345 8.7064 11.4178 7.3258 14.9347 16.1021 
20.7227 15.1012 5.4675 8.289 13.9754 8.2913 11.4307 18.5001 8.3859 11.1541 14.627 31.0342 23.9943 6.1307 15.8217 
21.6158 15.7677 3.0931 4.1508 15.3888 11.5891 7.0871 25.1393 4.7203 11.3034 16.9249 35.0256 20.9926 7.6972 13.433 
8.1627 15.4495 20.1189 20.9944 5.4637 10.3148 23.5305 5.7109 19.7524 11.7987 10.1536 26.9948 26.8117 11.9936 21.7771 
13.7857 6.7576 11.0999 9.0264 11.0905 14.2483 11.7081 16.5137 10.8171 3.7802 7.4154 25.2729 13.3559 3.1152 9.9193 
18.198 16.0768 11.2716 12.4519 14.0571 4.5082 17.8249 16.8194 15.3226 13.9405 15.1263 38.8342 29.2496 10.5798 17.4565 
18.743 16.0497 38.6819 34.5239 19.7522 37.9174 40.3776 22.2462 39.6796 21.1107 19.5677 6.3158 16.0112 24.0878 28.5274 
8.9869 8.3446 14.6909 13.809 3.6529 10.2864 18.1874 10.2 19.1138 4.0282 4.9233 26.862 17.1567 5.3864 18.2463 
25.142 15.6089 5.9105 3.8284 21.8709 22.7915 3.0401 27.8895 4.7451 14.2642 18.3095 29.2059 18.0538 12.0797 7.3158 
17.1422 4.9459 11.6481 10.7804 12.6669 19.937 14.0165 17.6987 11.7841 5.6823 8.8353 23.1748 9.7827 6.8178 7.3945 
11.3654 12.5322 14.0752 14.2839 7.1048 5.4941 19.7813 9.8334 17.7405 7.5103 9.5578 31.8588 24.1491 4.9002 20.9276 
10.896 1.8576 18.1039 13.0446 10.9862 18.8928 17.2821 16.7772 17.4762 5.1429 4.9771 17.6029 9.2439 10.4042 9.195 
21.0267 14.7196 5.3108 2.9755 19.5289 18.6257 3.681 26.7481 3.9228 13.4078 17.0094 32.968 19.6571 13.5332 6.7498 
17.1357 19.8184 19.196 21.0227 10.6417 6.9503 29.6356 10.9493 22.7021 15.7707 17.1819 34.6911 27.8254 13.7376 26.5729 
13.0528 16.0015 30.9504 29.1591 21.2543 29.4296 30.1975 20.0751 31.1559 18.0083 14.551 8.1715 18.0081 24.41 22.6212 
13.2428 22.1768 40.8921 36.9857 18.4558 28.0928 39.3735 13.139 36.6033 21.4116 18.9772 29.3827 32.7158 29.3989 37.5786 
15.9766 24.713 24.8357 25.3094 15.4031 7.4446 28.1178 11.0488 26.7368 15.8183 18.3591 33.6891 31.0722 17.9509 30.4764 
7.5579 15.3035 29.4603 31.0388 10.1786 21.5521 30.2195 5.6827 34.3085 18.1892 15.3756 25.8368 27.669 17.9687 33.2063 
13.3978 18.6534 33.2164 39.0604 17.3792 30.4848 33.8441 16.1764 32.1109 22.6714 17.8945 13.6503 21.9138 24.8854 30.8577 
15.5775 23.0961 44.33 42.7224 21.2612 27.5438 37.4618 16.7238 42.2354 25.0773 18.3558 19.3285 24.9571 32.8305 34.8761 
11.1815 18.7265 37.2673 34.7931 16.1823 26.3376 37.3156 14.0714 32.5955 25.4178 15.7253 18.9967 21.3747 23.4435 33.1633 
17.2767 26.6853 45.5633 39.2205 21.8774 33.7188 45.5648 19.1398 48.38 31.363 20.9117 26.0356 31.8085 33.1958 41.9807 
13.0379 22.3528 36.8469 33.4669 17.7323 26.7736 41.9575 14.3471 42.2914 22.1331 17.6076 21.5705 26.8947 26.574 31.9365 
19.152 12.5323 5.5529 5.7049 12.7255 10.7193 8.4916 19.3672 8.0478 8.7858 13.0382 29.8062 19.5338 5.2647 11.4697 
14.3383 4.7247 17.9217 16.7765 14.8738 25.1048 18.9259 15.4938 16.1028 9.3875 7.2017 15.1876 6.1862 11.5612 10.723 
7.5121 11.712 28.6474 25.3974 13.9703 24.7792 34.3632 10.7529 30.1818 13.8234 9.8454 15.9746 16.8989 20.5416 27.458 
11.9849 7.4387 27.3547 20.957 17.0783 23.2339 23.2656 17.2938 23.3578 13.2598 10.2562 10.8391 5.9278 19.3898 13.4124 
11.5744 12.6764 31.5401 27.0648 16.1988 27.6577 27.7543 14.9316 26.3312 16.2149 10.9347 11.7405 13.72 19.585 21.4014 
6.8307 3.6896 17.6518 20.1389 5.7204 15.7249 23.3229 9.9442 17.7027 5.3003 1.6935 15.4451 13.6576 11.1976 15.4757 
5.0676 11.3215 20.2635 18.2121 1.8433 10.8253 26.8363 4.3992 20.8047 8.7865 7.4956 23.6758 22.2354 10.8292 21.4544 
11.4745 15.5207 31.3287 26.8524 15.6384 25.7658 28.9422 17.4302 36.116 19.8818 13.3073 11.2534 18.9921 22.1678 26.5326 
12.9973 20.0325 35.8991 33.9919 19.1456 30.2148 36.1421 17.1162 36.2061 20.0914 17.9355 13.2375 21.2746 26.6168 29.2356 
9.6487 15.639 22.8399 29.2696 8.9999 12.4052 29.9508 4.2083 26.96 13.1482 14.707 29.1071 23.8665 17.4677 30.8287 
21.952 11.868 5.3159 3.8866 19.6861 17.556 6.365 26.5243 5.4798 10.4129 16.1109 31.0641 17.4212 10.3314 5.9234 
18.4288 6.8331 17.1576 13.3761 15.0631 21.0781 17.6528 23.7225 16.4903 9.308 12.153 19.6354 5.2815 12.9112 6.2976 
12.9792 23.3646 42.2493 32.0366 16.1465 28.2965 44.0036 12.8012 35.5042 24.3301 19.06 23.7857 32.5625 26.6452 35.7667 
15.9158 8.8754 9.0742 8.0077 10.5923 10.0906 11.4164 14.3669 11.2314 4.7674 10.6144 24.8604 18.854 2.0547 11.014 
17.2539 8.957 9.4996 9.1338 11.2532 8.9958 11.7731 17.8614 9.3693 6.381 11.2492 31.6729 16.4973 1.8313 12.7023 
16.5774 8.189 9.7783 6.7248 11.2229 11.0652 10.0088 16.3209 9.5444 5.2386 10.1375 30.1122 16.9637 3.7579 8.8154 
8.6954 17.1136 36.3761 35.7784 12.8014 27.6112 35.6008 10.0326 32.3527 17.9976 16.8 26.4602 25.2538 24.0794 29.3087 
0.743 8.7177 21.9916 23.8575 5.1782 17.5277 28.4794 6.4893 28.7531 12.0318 6.8928 21.1173 19.4744 12.5009 19.8943 
17.4991 17.4188 17.7093 15.2415 10.2686 2.0751 18.1887 12.3892 19.0595 12.8716 14.7851 37.5769 27.8026 8.9145 19.0844 
21.763 24.8864 20.4014 19.3159 17.1989 3.9049 26.2883 14.7465 23.5651 16.825 20.553 43.6922 29.5844 13.5785 26.9433 
7.1454 3.6583 20.9922 17.6119 4.9766 19.2557 19.6098 11.2539 19.9119 5.0263 1.3192 17.4107 14.9678 10.1699 15.5771 
13.4805 4.5632 13.7365 11.8603 9.5658 13.6409 14.0501 15.5032 12.7844 1.5158 5.1981 23.9429 12.9994 5.3336 9.5831 
11.8879 7.182 27.7604 24.6404 15.8687 26.3545 25.1171 15.5415 21.9727 10.9555 10.7623 10.8072 8.3953 19.0642 15.75 
13.5364 5.3371 15.6942 13.7897 13.1672 22.028 17.845 21.1628 17.047 7.6395 8.6388 16.9232 6.3061 13.3069 8.7776 
15.8315 26.5078 24.6177 25.5852 14.1462 11.1242 34.5279 11.267 28.2438 22.0109 21.3169 39.0515 32.9287 20.9003 33.3121 
24.0357 19.7956 1.9556 2.043 21.2619 17.661 3.3043 24.2947 0.4156 15.575 16.6027 37.0027 23.8341 12.6075 10.7306 
11.0259 17.4882 18.3212 23.0601 7.5793 9.2339 22.0166 6.8482 20.88 12.2777 12.8557 30.085 29.1862 13.0809 26.0644 
6.7594 15.8497 24.8433 25.4996 9.9524 16.4278 30.8935 3.7728 30.6953 15.8565 13.2302 24.2376 26.5407 17.5757 28.6775 
10.1272 2.8185 18.8928 16.6612 8.4563 19.2436 18.161 12.6208 23.0329 6.3979 4.4375 15.0919 8.825 11.3992 14.3394 
12.1025 8.173 12.3653 12.2227 5.5428 10.6131 16.3581 13.3671 13.1886 3.8785 6.3674 22.3495 18.4717 2.547 14.7651 
2.5528 6.7665 20.4317 21.6341 5.568 16.0797 27.9664 7.3983 20.4017 8.1606 4.5344 16.497 18.5346 11.3321 21.3968 
7.285 16.6973 33.5882 32.7437 11.4933 20.8896 38.2414 7.6703 32.43 18.2717 12.4575 22.2933 20.2743 22.7237 27.2951 
4.7652 10.7721 28.2219 24.8199 9.9156 25.386 25.6984 8.6736 31.0428 14.0899 8.4974 18.598 15.4583 15.5952 24.2923 
2.7129 13.7043 29.1795 23.5792 7.5235 18.1663 31.4048 3.1272 27.4339 13.6424 10.5758 20.9238 23.2154 16.4859 22.5439 
9.9997 15.8811 31.0153 35.1161 16.3006 26.2172 39.4438 14.1748 31.7806 21.7514 14.2162 12.2578 19.352 26.5743 27.8923 
15.0807 14.263 34.8782 29.4619 21.7467 31.2896 31.5987 19.0641 30.0726 20.3177 16.7698 5.5916 14.4799 21.5247 26.2493 
10.3017 19.4152 34.5321 39.8964 18.5917 28.6579 34.7261 10.3845 37.7048 22.717 20.0234 24.2916 28.4911 23.2698 32.5506 
15.1922 17.5496 23.0241 19.0556 9.9793 6.276 28.7166 12.6717 22.6308 14.8205 16.7647 33.9183 32.8201 13.395 27.5874 
13.853 12.1284 26.547 28.1336 16.3206 25.8938 26.1668 17.9462 29.9551 13.4905 10.6802 7.8797 12.2282 18.4553 18.2502 
16.311 17.3045 18.1708 20.5592 13.3989 2.4471 25.6946 13.4357 18.1513 16.5049 15.8095 33.2407 26.7822 13.9213 26.4145 
21.6012 12.8326 5.771 3.4722 19.3427 17.4158 3.9124 22.005 5.3684 14.0163 17.453 30.5629 16.6012 11.9502 5.5881 
19.0337 12.7926 4.9226 2.932 18.098 17.349 6.3714 23.0521 5.1162 11.9203 14.9136 31.2493 16.128 8.8169 6.0258 
18.527 14.487 6.0517 5.6627 13.7062 9.4073 10.3533 18.9679 6.9805 9.2615 12.1955 28.4567 20.3142 4.686 11.7043 
12.1419 17.6642 38.51 34.8601 17.8785 32.6039 39.4416 20.0874 35.0324 20.2944 17.5821 11.0048 20.637 26.6844 28.3424 
15.1462 20.5665 30.6403 27.2243 12.2109 17.4299 36.0418 9.3649 35.6676 18.5723 16.9369 31.6638 31.6459 20.9806 28.6569 
23.5127 11.7277 8.3383 5.7718 17.3769 22.8274 6.6537 27.8748 6.8028 13.8807 15.8052 27.6791 12.8348 10.5887 3.9959 
7.0976 13.801 26.754 26.0521 7.1585 12.9503 26.2353 3.1295 24.0601 15.7717 10.8613 25.7326 25.0191 15.1646 28.0594 
10.3245 14.8537 20.2355 22.2678 6.6721 10.2699 27.6173 6.1649 21.8725 13.9573 12.2702 32.8087 28.3844 12.2661 22.714 
13.6331 11.3159 10.2702 11.6841 8.9766 7.2362 14.0637 14.2341 12.9841 6.3551 11.4203 31.0232 23.2065 3.4022 14.2615 
10.5513 14.3084 23.4283 19.5733 8.5732 7.65 23.1798 8.6583 24.973 14.7275 13.9981 27.7196 25.1167 10.3517 25.7703 
10.9643 20.5669 30.3697 29.8589 13.7382 22.5011 33.933 10.1369 39.1938 24.3217 20.88 29.0843 32.1204 21.877 30.0653 
12.1366 22.486 34.9582 38.104 18.1884 30.8631 33.9687 13.2489 37.3702 23.2868 16.498 23.9965 26.4207 23.1084 32.2089 
4.6135 8.6088 21.3387 20.7862 0.8757 14.3148 19.2589 6.4054 23.7365 6.5514 3.8069 20.1902 15.7346 8.9026 16.6547 
13.3781 14.3711 19.4942 19.9528 7.379 4.831 22.0485 9.473 17.7058 11.0062 12.4366 30.6284 24.9591 8.4007 19.2019 
18.9379 17.009 8.7766 10.4963 14.6559 7.332 12.3538 16.3769 12.3801 9.3611 13.4934 33.619 24.8577 6.0828 15.0698 
17.2149 18.3682 30.342 28.346 21.0645 37.1234 29.5576 25.8764 36.1495 22.8686 22.228 0.2004 11.7753 28.274 22.4699 
25.6377 18.4693 1.0819 1.5918 22.1135 18.0699 3.7104 27.5519 1.1343 12.3447 18.552 33.2292 23.7277 10.2649 10.3848 
14.5366 9.0593 9.6786 9.595 8.7528 10.3881 14.7918 16.5588 13.6907 4.5856 8.8666 29.6044 19.7192 0.1754 11.9468 
6.1643 9.5025 23.8835 23.1217 9.2309 23.7584 29.7321 12.027 27.1412 14.448 8.3708 12.0901 16.3833 16.9436 19.2985 
9.5073 0.4192 15.2291 16.0786 9.6879 15.8866 20.7478 12.3437 18.7241 3.8143 3.775 16.7773 11.4565 9.2306 11.6374 
15.829 10.7122 9.5578 9.7952 10.3696 8.2138 11.9848 18.5678 11.3579 6.2829 12.6373 31.5426 22.3105 3.1189 13.7242 
6.4816 6.3688 21.5761 23.7491 8.1704 19.9348 24.8048 10.3513 22.5784 8.5411 5.9047 16.1573 13.1012 11.9684 17.6557 
9.8512 1.2308 16.2007 16.6023 9.1217 16.8375 22.4183 12.6872 18.549 6.065 3.1088 17.5336 9.3672 10.7751 13.6067 
9.4155 19.9738 37.1871 32.0121 16.3636 26.249 39.6163 13.4575 33.2923 19.2902 15.88 21.6177 22.8317 23.2963 27.5014 
21.2773 13.8044 3.5294 4.1044 17.5677 12.5663 6.4777 23.9518 5.3647 10.3273 15.2271 32.7828 19.4389 7.172 9.9292 
12.4693 25.1178 30.0813 35.9818 13.9745 18.6479 37.3076 8.4459 30.4004 21.7983 18.8061 27.0263 33.929 24.0231 34.649 
17.7643 11.0855 7.0795 6.3304 13.5922 13.7663 10.8847 18.8993 8.1316 5.7893 9.8659 25.9999 16.5847 4.5224 9.0276 
10.1919 13.696 30.0136 31.8899 13.2857 27.3961 36.5647 14.3742 33.9029 18.8796 12.0705 13.443 16.5789 21.2712 25.9996 
14.7463 10.2509 24.051 25.2937 16.5078 24.6706 27.2119 21.1364 21.5918 17.0463 13.7776 10.176 4.6084 20.4434 15.111 
11.9383 7.73 24.4366 23.8572 15.3049 25.1355 26.5141 17.508 28.6228 15.0246 12.0068 10.0852 7.4536 15.7328 18.3149 
16.0377 24.9106 44.5526 35.2787 22.8926 28.009 45.4377 16.6145 38.1815 24.117 19.6751 24.2744 30.7776 31.952 36.7381 
8.8157 2.5786 18.5244 16.0592 5.1753 15.4021 20.9252 9.8551 15.789 3.2272 1.4475 19.9158 12.8642 8.5131 15.3542 
16.1908 20.3887 17.4045 16.1795 14.3813 2.4523 24.1582 16.0989 17.4725 13.878 16.1404 40.8277 25.6098 11.9685 21.4513 
10.7836 5.5828 19.6813 19.2208 11.8034 21.514 22.4777 14.6491 21.8552 9.6501 9.1837 13.1671 6.5126 15.3692 15.323 
18.3139 9.5534 11.2261 9.2325 15.6135 22.7162 10.1794 24.9262 10.8162 8.5209 13.2424 20.3978 10.3923 10.6125 2.0918 
8.3892 17.1562 32.6017 30.6941 15.3168 26.4089 31.1126 10.6791 35.4156 19.9807 12.9864 16.9809 18.4074 20.8085 25.1698 
12.0824 14.9501 30.9381 31.4734 16.3634 27.5688 39.4296 15.9671 35.9905 17.8837 17.2771 13.2512 23.281 21.3409 27.4147 
10.1343 2.8614 13.4074 11.6396 8.4809 14.6557 16.6579 12.6001 14.5931 2.4919 4.3713 21.9187 13.3299 5.7991 10.5432 
29.4593 15.8779 5.1323 3.1942 22.8401 17.7069 2.039 28.7256 3.0976 16.4341 21.5506 30.8593 21.6091 12.7592 7.3608 
9.9965 4.2374 13.8572 14.1136 5.3617 16.0944 17.3171 10.1968 16.2587 2.2181 2.0751 18.1573 13.6115 5.8468 12.9201 
13.6777 8.855 20.5389 20.8129 16.3734 28.3712 19.5747 23.2881 24.5938 12.9433 11.4668 12.5608 3.0269 16.2527 10.5589 
21.9105 28.4482 28.7325 23.223 16.809 9.4649 33.1967 15.7457 31.597 21.4626 24.7502 38.3676 32.9848 21.7523 33.4452 
19.5924 13.8852 7.6379 8.6791 12.4819 8.1581 12.2181 20.8564 8.7303 10.7963 14.4691 30.2567 26.2406 6.8141 13.8955 
23.7008 13.488 29.0717 23.8223 25.2554 35.272 26.6398 23.1171 25.5058 17.261 18.452 8.4863 4.942 25.6624 16.8113 
7.9516 15.1259 30.3771 29.4604 10.6777 22.4315 37.8474 5.6559 30.2724 19.0601 15.2486 22.0593 24.876 21.7774 28.8998 
18.6587 16.5396 6.2565 6.105 13.7158 10.9397 10.891 17.2184 7.4676 9.476 13.5923 36.3614 22.9629 6.8173 12.7197 
14.2895 20.1744 25.5115 25.4944 11.179 7.4405 25.5829 10.6369 23.0688 16.8218 14.2651 38.4426 26.9759 13.0883 27.1034 
15.5541 26.9909 40.2796 34.5718 19.8123 28.9655 36.1803 12.8379 40.1417 29.0362 23.6163 22.9014 32.3688 31.5103 39.0351 
17.131 6.59 14.8879 13.1397 15.1222 21.5889 14.1171 18.2462 13.4048 9.3018 10.329 22.9168 8.2163 10.3624 5.6329 
11.4601 23.9801 27.75 35.1406 11.4703 18.0871 31.1511 7.6691 35.6475 21.0229 19.6564 34.4455 31.1876 23.3667 29.9899 
18.8513 14.4987 29.7297 28.8213 19.3698 30.3372 28.3679 23.6012 29.8554 20.4311 20.6283 5.7596 7.0728 20.6693 17.1356 
8.0569 19.4517 29.7733 33.5588 11.6776 26.8037 33.5024 8.0572 35.1262 21.1444 14.1115 20.1785 25.3773 20.7988 30.9713 
11.5224 20.2176 29.7925 29.7245 11.5475 17.1924 33.5372 5.5025 27.5833 20.2356 14.7285 33.0044 31.4728 18.1319 29.1873 
3.2187 8.724 21.6533 19.6546 2.0978 13.0599 27.0581 4.4209 25.8851 9.3267 5.8442 24.8067 20.7545 11.9542 19.4808 
20.5604 10.2291 20.6026 21.1058 17.4748 31.2326 22.2508 23.6882 24.365 16.6989 14.1999 10.784 2.147 19.1028 13.302 
8.3908 15.729 30.9123 36.0215 15.6034 27.1511 30.7809 12.9728 33.4484 17.6923 16.1421 15.074 20.8155 23.3029 24.21 
3.3577 14.589 28.0166 29.2855 6.6426 15.8067 30.7278 3.2316 24.2946 15.5237 8.6517 21.4074 20.6908 17.236 25.6083 
6.7369 10.745 27.4151 27.3666 10.4967 25.8658 30.1786 12.8644 26.1854 12.8581 8.1558 12.6627 12.0965 16.4512 20.0092 
13.8304 24.7236 35.2664 34.7576 17.5523 25.4757 38.7196 12.2465 37.2413 22.7383 20.0164 21.0975 26.0225 27.7801 38.1758 
16.6596 22.0856 28.954 28.9903 15.0171 12.3289 30.4865 10.9188 26.3942 18.7873 16.0857 30.75 32.2762 17.8574 30.747 
2.9638 7.3033 21.131 24.9439 4.9025 18.1065 23.0186 8.2132 25.5274 10.0829 5.0071 18.9962 15.8609 14.1676 20.969 
15.7314 18.7167 23.5125 26.6898 12.2729 11.6544 34.2641 9.7576 24.4097 15.8718 18.3524 32.1035 34.9496 16.5721 30.3186 
11.2579 19.4619 31.5942 30.1937 12.8835 18.871 29.5478 6.9741 33.1264 18.8172 16.9311 27.0633 28.6565 18.2176 30.0898 
22.9127 27.9472 20.9259 27.3391 20.2713 7.5976 31.2712 18.1193 26.131 21.4774 22.1122 46.366 35.3081 20.5872 31.8255 
16.2208 27.636 32.4475 33.0134 15.9577 19.0306 33.0182 11.6052 36.38 25.6712 20.8939 37.1068 32.7529 26.0157 33.7565 
12.1069 12.3283 28.2076 26.2438 18.0689 27.9015 28.8377 16.2249 35.1859 17.8084 15.0707 8.466 17.122 25.3172 23.8664 
8.7809 16.2708 34.1886 27.5289 12.9683 21.497 32.2083 7.3446 37.8505 16.2993 14.6417 24.7051 28.5569 23.8226 30.1964 
11.7393 4.3629 14.8879 12.6825 6.9045 14.545 15.5599 12.2083 15.6608 0.6308 3.4218 22.913 13.1043 5.411 11.4533 
15.1744 22.5317 36.2633 36.9393 13.307 17.3495 34.7437 10.1116 38.5219 22.377 22.1274 32.9244 31.4133 23.6803 36.9629 
4.4604 13.4465 24.8615 28.5616 8.2012 17.9319 30.726 2.1914 30.7269 13.3339 10.484 27.4849 22.2307 17.2587 23.1755 
10.1127 1.5966 21.0111 17.7558 8.8336 18.4493 20.4359 12.9328 17.9626 5.9937 3.5681 17.9903 11.3322 11.8345 11.9374 
25.4728 28.2258 26.6803 27.056 21.786 11.3534 30.321 18.3038 27.3923 25.7822 23.5165 40.4657 41.3054 22.1837 29.9522 
10.656 12.6664 32.4577 25.0021 17.0394 30.1348 32.5683 13.8 27.7969 16.4437 11.2399 8.7361 16.3779 19.7732 24.231 
10.6421 1.0629 16.6575 16.8829 8.0367 19.7108 22.1949 13.8402 17.0913 5.4245 5.0322 18.7409 9.1274 11.6043 12.8592 
5.4209 10.1594 22.766 19.0985 2.6928 12.8812 23.2309 3.7822 21.214 8.7495 6.781 28.5157 23.5871 11.5006 23.7451 
12.3119 15.4781 29.9104 28.5456 20.7471 35.411 36.6299 20.748 29.0581 22.4631 15.6183 7.0465 18.1858 23.301 28.0643 
13.8338 18.847 39.1033 37.9396 18.4104 26.354 37.8031 17.5394 37.4293 19.7181 16.2476 13.9743 25.8018 25.9631 30.5797 
10.8383 11.4082 18.3843 16.8829 6.2039 6.7755 24.4311 9.0964 17.6672 8.9898 9.459 28.9137 25.8252 7.5564 21.4159 
16.1699 26.6857 40.2553 39.8471 18.9486 28.0214 46.3545 12.4997 39.0944 24.838 21.3405 33.0628 33.5681 31.4923 34.5132 
12.6792 25.2958 39.4345 43.2846 21.9994 32.2278 44.5038 16.399 35.6118 24.2404 24.1838 20.9622 27.5033 32.7057 33.2068 
7.6593 18.3421 27.8632 28.7543 9.6354 18.5488 28.6598 3.865 32.3907 15.4529 14.6195 29.4918 29.3932 16.3372 27.0169 
15.0087 23.3437 26.038 24.1942 13.4227 7.3076 28.2385 11.7549 25.8281 17.611 19.9781 42.0085 27.9607 17.7786 32.4845 
12.8844 11.3583 30.0705 26.4463 17.6668 25.4379 32.6033 21.4506 24.8082 15.3972 14.2721 6.3471 10.9772 22.7303 21.8059 
16.6418 25.5637 24.2488 28.5531 16.9929 9.7389 27.7887 10.8688 29.9946 20.4863 20.3124 38.0494 38.4857 18.0249 31.0384 
16.8612 18.7264 21.0902 22.2837 13.9926 5.5396 24.4119 14.0786 25.4846 15.2464 18.4962 35.177 31.2985 13.1084 27.8963 
11.194 16.5189 34.9796 36.068 16.465 31.7027 37.1137 18.2659 40.2285 21.8469 16.9438 14.9309 19.7265 22.923 31.8004 
6.748 13.4859 30.9837 31.1429 12.7186 27.7975 31.9267 10.9837 36.1607 16.4156 12.4885 15.7257 19.0413 22.9808 24.7621 
14.3165 7.3368 24.929 19.9013 12.0146 23.7029 26.4531 15.8192 25.7176 12.9009 10.4042 11.7045 6.8092 16.8346 16.1412 
19.7284 17.1024 5.4063 7.0784 14.6405 10.5257 10.4223 22.6226 9.5231 11.2517 15.9906 30.2572 23.9414 6.1346 16.1902 
21.014 13.5864 3.1439 3.8928 17.1132 12.6591 7.5134 25.1647 4.9537 11.5406 17.3107 31.9591 22.2588 7.8815 13.0096 
9.3096 12.1605 21.0147 21.0244 4.7018 10.822 27.8198 5.9127 24.0469 10.0095 10.5721 27.2304 23.6794 12.148 23.9048 
16.5403 7.4298 10.6507 8.0391 9.5027 14.8343 13.368 17.4309 11.4236 3.3227 9.2266 26.7065 13.5933 3.0105 10.4734 
22.1059 21.1629 11.7194 14.3655 15.2165 4.8047 18.1035 21.2045 16.0421 15.4996 15.6877 41.446 25.2499 9.3106 22.2901 
15.3541 20.3385 32.5616 32.3393 20.7697 36.0373 40.3572 23.4784 39.0828 22.9031 16.2725 7.4375 17.5846 30.0663 24.8171 
9.9239 8.6473 14.0665 14.4597 4.5801 9.5433 17.476 9.2918 17.2819 4.135 5.0719 21.729 18.9844 4.9449 16.6911 
26.5544 15.9602 6.3366 3.8095 21.8167 21.8747 2.781 25.6303 4.9065 15.1531 20.5443 26.9002 20.2865 12.9312 6.4711 
15.6972 5.2907 11.7058 10.7899 12.819 17.2427 12.2842 15.4241 14.0353 6.0806 9.0649 21.4372 11.1537 8.6857 6.1602 
11.2918 12.7005 13.3723 14.2242 8.3319 5.1143 18.9917 10.8079 14.4035 8.4439 9.0778 27.1995 23.7071 5.827 19.3564 
12.9707 1.8963 17.7811 13.8776 11.5483 16.4751 15.6321 16.7008 18.3451 5.4709 6.3128 17.0634 10.4086 8.389 9.7943 
21.0337 15.529 5.8554 3.4331 18.2315 18.5868 3.1633 26.8297 4.0581 13.1629 17.1594 26.2226 20.2671 12.6142 6.3702 
14.2582 22.2213 22.7769 25.4316 13.165 6.8102 29.6127 12.1438 25.1765 18.3183 17.4461 37.5753 28.2076 15.1723 27.1821 
15.0111 16.7418 38.2714 30.5265 19.8265 33.4823 33.5991 17.9144 34.2106 21.7971 14.4409 8.8587 15.3488 26.5823 26.6636 
14.7248 22.8353 33.0443 38.2673 15.952 26.3471 44.6971 12.5095 39.8953 23.7227 24.3504 25.9974 34.4525 27.347 40.1108 
15.9864 20.7948 22.2738 25.5218 15.2632 8.583 29.9242 13.9617 29.4158 15.7871 16.7035 33.2979 33.9433 16.6847 30.5925 
6.9585 17.3184 33.0528 27.5774 10.479 19.7015 30.7186 5.9833 30.6907 18.9957 16.182 25.4381 24.1515 23.2835 33.3986 
14.2235 17.7468 36.7816 29.8551 19.014 35.4331 33.4999 18.9369 37.0916 25.1042 16.7422 13.571 19.6645 23.4462 33.9511 
13.2912 22.4246 42.8729 34.9966 21.6474 32.1389 36.6293 15.7701 40.244 24.0509 20.8531 19.377 30.1548 28.8172 36.4292 
12.83 18.9616 33.5654 37.8476 18.8115 25.4956 42.4687 15.2489 37.6119 23.1807 17.0646 17.014 21.7204 28.4619 34.5981 
14.8768 27.4513 46.7858 41.856 20.0714 32.2171 44.5884 17.9042 44.7323 28.1362 23.4201 28.0275 33.3851 34.7051 39.8704 
10.5704 20.0698 38.5655 31.0786 18.5602 31.2345 33.1513 11.591 36.0287 23.9345 15.3852 17.1228 21.8394 27.6546 29.2271 
18.8736 11.2639 6.7137 5.6577 15.1894 11.6389 9.1693 18.8309 8.4289 6.916 10.8751 29.04 18.5167 4.8045 9.0869 
13.157 4.1636 18.0951 16.7239 11.8043 23.6236 19.2469 15.8294 19.728 8.7833 7.3794 16.1754 5.4931 12.5784 9.6421 
7.5747 12.279 30.6901 26.4065 13.6059 25.9264 35.8717 10.3878 32.4194 18.0382 12.6561 15.7373 16.1598 19.1218 25.4864 
14.9852 7.5101 25.4958 24.3538 16.7268 25.558 23.9592 19.4151 23.3578 13.502 10.5656 9.3485 5.4262 16.4961 14.3956 
11.4505 13.8038 28.104 28.6279 14.016 24.4558 32.0046 15.7669 32.3085 18.3627 12.9581 9.1289 15.5081 18.4405 19.5012 
6.4379 3.2742 21.7116 19.2273 6.6348 16.1057 21.6069 9.9772 19.5 5.4619 1.5078 18.5012 13.6878 11.2429 14.9124 
5.2999 9.5014 20.2395 19.5791 1.9714 14.1376 25.0509 4.3048 20.9986 8.1151 7.5125 23.7732 23.0691 9.3065 23.1238 
9.3419 15.7885 34.5786 30.1938 14.4991 28.0101 31.7799 17.077 33.3863 18.4451 15.367 12.5978 18.5071 19.6808 24.8367 
12.8177 16.2748 33.7909 36.8591 19.3624 32.1686 33.8591 14.9138 37.0443 19.9223 14.8855 13.8938 21.9453 23.382 25.7257 
7.9442 14.6503 25.7764 23.1439 8.6069 14.4148 28.4256 3.6664 25.1855 15.2851 13.0095 26.4527 28.6708 16.1095 30.4564 
19.2242 13.5221 4.7607 3.4556 16.7685 19.5228 5.7585 20.4782 5.5057 9.9804 15.0215 24.5843 16.8928 8.9618 5.8922 
15.7446 7.248 15.6193 12.4992 13.9552 23.318 17.8744 23.1387 16.7858 10.4819 11.6717 16.1081 6.4325 13.7486 6.0593 
11.5566 24.0633 34.743 33.9519 16.9929 26.9934 42.8441 13.1742 41.7716 23.0431 22.3653 28.1816 26.624 27.6032 32.583 
13.6741 9.9898 8.5876 8.6595 11.8744 10.2118 12.3727 14.6243 9.1075 4.7909 9.5118 27.7786 19.9184 1.8866 11.2262 
16.4994 9.0695 8.2302 9.0479 11.1563 10.3042 14.064 17.0253 11.3378 5.825 9.785 27.4509 19.3071 1.9541 13.1548 
16.7737 8.8458 7.6543 7.2863 10.1058 12.0712 11.7492 19.6176 9.3578 4.4898 9.8659 25.322 17.1927 3.7465 8.7747 
10.6627 19.8256 33.326 36.6443 12.7177 22.4199 37.5444 10.7892 33.6598 19.8858 15.1152 20.9962 24.5652 20.1804 33.1261 
0.7974 11.0198 26.0327 25.6514 5.7612 19.8602 26.4546 6.4559 29.3004 9.7329 6.1583 22.1709 20.3508 15.3395 21.7135 
15.1289 17.428 18.0538 17.5904 9.0644 2.3573 19.947 14.1797 19.5685 12.2182 12.8128 28.5948 29.2277 9.6949 20.558 
21.4243 24.1825 21.4491 17.9742 14.0032 3.5716 23.4795 18.1346 20.1162 16.82 19.174 41.1819 30.7268 12.311 29.031 
7.2501 3.1693 18.3944 18.4716 5.09 18.5495 23.2889 9.444 21.7885 6.2055 1.5421 16.3663 14.7528 10.1727 16.6679 
13.1897 3.8294 13.2266 13.6808 8.5814 14.3714 16.1293 15.026 14.6282 1.4469 5.04 19.9767 14.7765 4.286 11.8 
11.2295 9.1899 22.7403 22.6449 14.156 28.585 26.9311 19.0636 22.591 14.3362 9.841 9.5288 7.7654 19.25 16.0324 
16.9675 5.7413 16.5342 16.5162 14.994 22.8373 17.1806 19.3584 15.6077 7.9008 9.7748 15.3856 5.7519 11.1973 8.1714 
15.506 20.3047 27.1995 28.3878 15.5552 13.7938 27.5054 12.1953 25.8676 22.3322 17.4168 42.5092 35.7726 18.5695 28.8953 
23.6019 17.6166 1.8952 2.0518 18.2742 19.0048 3.1211 29.3758 0.3376 14.1366 20.7768 38.3011 23.5137 11.773 10.6158 
11.0009 15.7692 22.1789 20.9542 8.3396 8.5367 25.3571 6.4495 25.7377 12.388 11.6904 28.7397 29.0741 12.9479 25.1606 
5.8624 14.7988 31.7655 24.5145 10.3483 18.9299 36.3818 3.2743 27.9033 17.5772 12.3948 24.0232 27.9345 18.5981 26.3467 
10.5388 2.8142 19.9909 16.9278 9.0171 19.4492 19.4343 15.2872 17.4768 6.2509 4.0914 17.1888 9.8174 11.8171 12.8011 
10.2269 8.8072 12.7581 12.0716 6.5946 9.9773 18.265 10.5921 16.4134 3.3111 6.8138 23.5602 18.8388 2.7716 15.3173 
2.8284 6.541 20.1101 21.9438 4.9007 18.7428 27.8737 8.2245 26.4794 9.2353 4.91 20.2585 16.9196 12.1188 16.4304 
6.7598 16.1132 33.5793 31.9021 11.0419 21.7458 36.533 7.3582 28.3125 15.5622 13.659 18.841 20.8501 19.2493 30.839 
4.6687 10.4202 31.291 24.797 8.7216 24.0188 26.7471 8.953 29.1989 14.0228 9.3571 15.4387 19.6182 19.6336 22.8996 
3.0422 11.8278 25.3213 26.6719 6.5991 19.8888 33.6831 3.3316 24.9253 14.6747 8.6119 24.7008 21.0854 15.9593 27.4107 
10.3882 18.0507 35.4256 35.7236 14.7778 25.086 38.9832 13.5126 30.5647 19.9416 16.5527 14.2258 20.9243 23.0828 24.8296 
14.1355 15.7658 30.2127 32.4117 17.4574 33.3858 36.6838 18.3291 33.1439 18.3802 14.2611 6.5071 13.74 27.1096 28.1705 
10.3082 20.4711 32.9355 35.305 18.6619 28.9527 42.35 13.5509 36.5764 23.7927 16.7955 21.2744 27.4241 22.2114 29.4926 
17.4232 18.6686 21.4544 18.6091 10.8224 5.6751 22.1452 11.7727 21.0824 16.5735 15.9825 35.2675 28.5414 13.3397 22.2995 
11.7942 10.5475 30.4772 26.3648 14.1364 25.7752 32.4706 16.9566 29.7911 13.7359 13.7411 7.128 11.3907 19.2378 22.7706 
19.0848 21.6406 16.1032 20.2814 14.9124 2.7263 24.1201 15.2525 22.7215 14.133 19.0797 34.4758 30.6355 12.2086 24.7225 
21.2176 14.5174 6.4193 4.0281 19.5652 17.1709 4.6226 25.5249 4.641 12.0911 16.7411 30.1134 16.6784 11.354 6.0071 
19.0953 13.1222 4.9421 3.0111 19.2263 16.341 6.0565 25.9319 5.356 12.0877 14.5478 29.1665 17.3372 8.0775 7.2117 
19.7466 13.593 5.7665 5.5988 12.6676 12.1691 9.8102 17.4453 7.0851 8.3117 11.6528 34.5781 21.7636 4.7542 11.253 
13.3801 20.1782 29.9777 38.4895 17.4373 27.2147 31.9977 20.1639 34.9608 20.276 18.2458 11.7249 17.811 28.9641 29.8324 
11.6659 21.05 26.3891 28.9204 12.5989 18.087 33.2717 8.4564 36.4577 20.1516 17.4746 37.7456 27.9343 21.7493 28.3147 
20.6309 12.1458 8.6392 5.9749 17.0645 22.7454 5.6423 25.798 6.4004 13.2322 15.3202 26.9142 15.7649 11.3556 3.754 
7.3293 15.8647 22.0569 27.104 7.3426 13.8325 28.6323 3.1397 26.5776 14.7774 10.5157 24.2686 28.8831 13.8824 22.955 
9.8069 17.1971 24.1691 23.5031 7.9505 10.7026 26.2511 5.8319 21.9363 13.3076 11.1885 30.8762 27.8575 14.7119 27.745 
14.4315 10.9787 10.8988 10.1522 8.3073 6.1298 14.8912 13.8138 11.3092 6.5199 10.356 33.9038 18.3212 3.3931 15.444 
12.0542 14.767 18.3005 19.9544 9.2623 7.392 25.4949 8.0274 21.2304 13.4332 12.2006 31.9674 27.7524 11.4504 21.7076 
13.0734 19.8943 35.5553 31.3907 15.5592 21.4685 34.4383 9.0208 34.5735 23.6502 18.1512 29.2312 27.3561 23.668 29.8443 
10.3522 22.18 38.4683 31.5337 17.5487 26.6954 34.8612 12.4152 34.5448 23.3442 17.1938 19.8929 30.3079 27.6852 33.0959 
5.1756 7.3909 18.9141 18.3814 1.0404 15.1343 22.8287 6.8904 22.7435 7.1154 3.534 25.2841 15.9608 9.9077 20.0901 
11.9883 15.9498 15.7639 18.7111 7.8867 4.6503 23.5299 10.458 19.9385 10.6781 12.2075 28.2751 24.3932 8.6213 20.0471 
21.1007 13.1739 9.6247 9.4902 12.0781 7.487 15.1844 19.1276 11.3646 10.4558 12.9219 30.531 21.1488 6.6608 17.968 
21.457 17.9627 30.6967 34.1828 21.1898 32.3424 32.6453 26.3483 33.0568 19.5037 18.271 0.2087 14.2512 27.7077 23.8747 
28.3349 15.8337 1.1923 1.6323 17.3398 16.8499 4.1037 24.4185 1.0587 12.3488 19.5785 29.5796 20.5039 10.8522 11.3123 
13.6489 9.4433 11.7421 9.2205 7.9227 9.9973 15.9887 13.8505 13.7151 4.1833 9.2796 24.8213 16.1724 0.1881 10.9935 
6.0647 9.6096 27.5806 25.4825 11.4349 23.9462 24.4753 11.4019 26.976 14.1434 8.2583 13.3056 16.0774 17.3788 21.754 
9.9246 0.4714 16.0733 16.8631 9.2407 20.3103 18.2675 12.3877 19.5998 4.6759 3.8779 17.9351 10.5855 8.7322 12.9943 
14.7885 11.5899 9.8099 9.2025 10.6707 7.6197 14.4255 16.9831 9.5698 7.2341 11.682 33.8145 20.2427 2.7619 14.372 
6.8817 6.3569 20.5751 21.8922 8.0142 21.3086 25.6197 12.2177 23.2186 9.8563 4.6981 16.6826 11.4587 12.8546 16.3109 
8.6839 1.2311 19.0243 14.8253 7.6218 16.6804 17.7792 12.1421 17.0674 5.8635 2.9175 16.2977 10.7684 10.5826 13.8211 
9.5211 20.1947 36.2429 38.8621 17.9326 31.0258 38.1236 11.6763 34.5944 19.7063 15.4121 20.2722 27.35 27.1307 30.8217 
24.1171 14.1974 3.1612 3.7231 17.1218 12.5292 8.551 20.4981 5.6537 11.3278 15.5604 27.9408 21.5199 7.092 10.3001 
11.2059 23.6815 32.1266 36.673 12.8653 19.6786 39.5549 8.5981 30.81 23.0561 17.0773 28.5044 31.9708 21.7325 29.4545 
19.4417 9.6265 7.1684 7.1749 14.4288 13.5844 9.2745 18.4801 8.4331 6.6714 9.9189 25.6928 17.8895 5.2103 9.1044 
9.0915 13.4012 33.6177 32.0173 12.3194 28.5605 31.9825 13.4002 28.4359 16.0249 13.9669 14.1706 20.0989 22.558 21.7701 
17.5919 10.1234 26.9823 23.6919 15.8359 27.5912 27.4424 20.6537 21.9599 15.0728 13.3594 8.8637 4.4124 19.1568 15.3207 
11.8162 8.6273 22.219 20.5098 14.5856 23.202 27.6924 18.736 23.2065 13.0781 10.1845 9.0325 7.7343 15.0559 14.2809 
14.6641 21.2562 34.1387 38.6741 19.8345 31.546 37.6491 15.2805 40.7354 26.8676 18.8576 22.6391 27.524 25.5157 39.2238 
8.3876 2.7658 14.8616 14.5063 5.8014 16.1387 21.322 12.8476 16.5866 3.108 1.2554 19.7187 13.9886 8.1699 15.0823 
15.9808 18.9394 16.7014 18.8968 12.2361 2.2432 21.9931 14.8939 19.6357 13.5412 14.5816 32.4794 27.7628 11.9785 26.2274 
12.3738 6.7437 24.6641 22.1677 11.6682 26.7788 23.595 18.4928 26.0343 12.5041 8.501 12.8403 7.4642 14.2165 15.4951 
19.4845 10.2668 9.548 8.4681 18.1882 19.1685 9.0921 20.1646 10.4985 10.2717 11.4829 20.7434 12.6663 9.5109 2.2046 
9.1778 17.3435 31.0483 32.0957 13.5769 28.8017 34.4968 13.2631 32.4472 18.0117 12.8793 17.6533 22.9352 19.8398 25.5446 
10.6088 14.7507 34.3316 28.3185 16.5687 31.4471 35.8015 13.5621 38.3919 20.2563 15.6967 14.4433 18.2905 25.5748 30.9751 
10.0957 2.5519 16.3854 13.8649 7.3697 14.2913 15.2831 15.2408 15.1905 2.248 4.0025 22.8826 12.7092 6.2877 9.6144 
25.9245 14.9712 5.5102 3.2844 24.0721 18.0896 2.2149 30.6537 3.7711 16.6343 17.7219 34.4235 19.2984 11.7525 6.8019 
8.9432 3.3404 16.0297 15.3943 5.9674 13.7605 18.173 10.9584 17.5493 2.4879 1.8764 20.3006 12.9701 6.3002 13.6849 
15.993 8.9355 18.6847 22.0449 14.6293 23.4539 21.4603 21.5383 18.926 13.9627 10.5088 11.2072 3.471 16.7016 10.9405 
18.6056 22.3501 23.096 30.085 15.6005 11.6598 32.8369 16.9895 25.3195 19.8837 21.8917 41.2833 35.4984 20.6258 30.1098 
18.1486 17.6793 8.3288 9.8222 13.5149 7.24 10.9618 19.0755 9.3 12.2781 16.051 33.0567 20.9979 7.118 14.1864 
20.611 13.1376 23.9614 23.8296 19.2027 33.7364 29.8617 22.6143 26.4083 17.7303 18.3915 8.5489 5.6473 21.921 17.3533 
6.1776 15.4857 26.3758 29.4946 9.5649 19.0847 34.691 5.25 31.976 19.2343 15.5328 26.4556 26.4726 18.9456 29.5081 
19.6544 16.4347 6.5835 6.0689 14.3707 8.553 10.3399 21.725 8.3312 9.1932 14.0681 34.2873 23.723 5.9909 14.5396 
14.3484 18.1984 26.1626 24.3053 11.9386 8.7621 30.5758 8.0948 27.6381 16.7418 15.7815 29.4765 28.3882 12.5951 28.0462 
15.4747 24.3035 41.5474 36.0182 18.3904 30.2478 37.1601 12.871 36.503 25.2999 22.2264 21.8753 28.6965 30.9455 32.8294 
15.9007 7.3173 11.7576 10.6658 14.6158 23.1775 14.7515 20.0925 12.7814 8.5858 9.6982 20.0055 7.5886 9.8521 5.5143 
13.3689 20.8103 33.2244 32.7545 13.8786 17.3675 33.1116 8.3702 34.7794 17.9254 18.2545 27.8183 33.7431 23.1139 32.0431 
23.9018 13.7145 29.1427 23.8732 23.3388 29.1302 28.4484 28.7373 29.3703 18.2026 19.7965 6.1454 6.6941 21.5436 17.7849 
7.4747 17.9643 36.4541 35.0501 12.4439 21.1534 36.8898 7.9027 32.92 16.8597 13.2977 24.7513 26.8822 22.12 28.849 
9.1718 19.3801 26.4118 29.6907 11.6973 15.9207 35.6947 5.9214 35.2613 20.1352 18.1144 26.1916 29.2808 19.1687 30.681 
2.8709 8.0392 22.0276 23.9628 2.0367 14.4424 23.5152 3.9959 26.1855 7.5237 5.9754 24.7185 20.4436 12.0276 20.5747 
19.251 12.525 26.326 22.8105 17.0362 29.9724 26.0113 22.6032 23.3118 15.8471 12.7687 10.424 2.31 16.6354 11.8679 
8.6566 15.1454 31.8591 35.3728 13.466 28.9109 36.5653 11.185 38.0537 18.2744 12.337 16.5007 23.5355 22.9581 28.7149 
3.0592 14.9425 26.725 22.8842 6.4724 17.9747 25.5455 3.4016 27.2375 13.2233 10.4831 24.4165 19.8521 13.9283 25.4735 
7.8267 10.1892 30.168 27.4101 10.7173 22.5193 31.0062 14.171 29.7379 11.6926 7.8452 13.081 15.0216 19.1775 22.7388 
13.162 20.9529 40.1661 41.8002 17.5627 26.5702 36.7646 14.7982 44.6359 21.3759 21.1498 23.1963 27.9599 27.6333 37.7319 
16.0646 18.8466 26.2345 24.5237 13.6176 10.5428 31.1167 11.0 27.0844 20.2591 19.0695 31.6053 33.8775 15.6674 34.1865 
3.1301 7.3709 22.3079 24.2793 5.9512 18.2004 26.8575 6.9307 26.5951 9.9116 5.0474 20.1209 17.0397 11.9801 19.756 
14.3057 19.4845 23.1469 23.0489 14.9355 10.6994 30.5399 10.8809 25.6761 17.1875 19.729 38.0381 33.6124 14.7426 30.0814 
12.1926 21.3867 28.8428 27.2252 13.6917 15.6971 32.1242 6.8191 34.0095 17.8672 16.4617 31.5959 31.7358 18.3176 28.1604 
24.6145 23.1786 22.5253 27.8647 21.1652 9.4713 26.9952 19.1127 22.3283 22.6777 23.3292 46.0901 35.8928 18.5269 26.5198 
12.9184 24.455 29.9155 35.2495 15.5801 21.834 38.2394 9.2632 33.8009 21.0567 23.4089 33.4048 31.075 25.6943 38.6812 
10.7674 15.4296 32.4503 30.5136 18.4305 26.0072 35.3585 18.3838 31.4908 18.9602 15.672 8.2001 13.6049 21.0296 22.9001 
8.8609 20.4912 28.8552 31.9432 13.6031 20.0849 35.1828 6.7664 35.0737 21.4893 15.3117 22.7273 30.0607 21.9929 31.4503 
9.235 3.6591 14.3015 15.1117 7.4598 14.8704 15.5456 13.5647 15.5858 0.6335 3.9347 19.8403 13.8114 5.6513 12.6118 
15.13 26.1914 33.2847 29.248 14.231 20.1322 40.7865 8.6237 32.4769 23.9899 21.7708 28.6332 34.0745 22.4986 32.9254 
4.664 16.2522 23.9766 26.1984 6.5714 16.6674 32.843 2.1744 29.9733 13.7765 9.3609 24.0771 25.7237 16.8013 27.4805 
9.2112 1.529 20.1876 19.9241 8.7186 16.5398 19.5193 14.8083 17.6166 6.5687 4.1024 15.8523 11.6283 10.2562 13.5546 
24.1592 25.8092 29.9657 28.3297 19.5775 14.0604 37.3138 17.5358 33.5453 21.6415 21.9982 46.471 40.1917 20.537 38.0719 
9.5128 11.1164 28.7021 27.4319 14.5745 28.5793 31.0544 15.4807 32.9808 17.3825 11.2362 8.9121 14.3608 21.4075 21.8852 
11.2058 1.2189 20.3817 16.6615 7.9393 16.8879 21.4044 15.9714 19.8534 5.4432 4.478 17.8414 10.6741 11.3814 12.3942 
5.5977 10.8735 20.8223 20.5337 2.5855 11.3774 24.6486 3.1699 21.2341 10.5659 8.4323 26.5105 24.5278 9.6974 19.0023 
13.7069 14.8959 30.6181 35.8064 16.2348 33.7569 38.127 16.7491 35.324 17.4814 16.8413 8.7272 16.5563 25.6026 27.9407 
11.8363 17.944 37.8293 38.3688 16.1753 27.0295 36.8393 17.377 41.5893 19.6547 19.4413 16.7692 22.3172 24.4363 29.8833 
12.0061 12.0205 16.211 19.8468 6.2235 6.8026 22.5426 8.9586 17.2716 10.6233 9.7449 28.5279 23.5642 8.5437 17.9037 
16.4895 22.374 33.5128 41.3979 19.3865 29.0826 47.4505 12.0765 37.5899 27.0248 23.5964 30.2363 34.9013 26.9004 40.2565 
14.1855 26.4943 43.0398 37.0572 19.672 30.9384 43.9195 15.1115 43.281 26.7184 19.0296 25.2551 32.3341 29.8984 32.3107 
6.1459 15.974 32.7228 26.0178 9.9688 15.5506 35.7283 3.2586 26.9604 18.4732 11.5021 26.9769 25.0143 17.874 30.0874 
17.6232 20.2509 20.8437 25.1025 15.6076 7.9603 24.5403 14.518 25.2461 20.1976 15.7019 34.0275 30.0628 13.8659 28.8607 
12.3148 11.2533 26.266 24.1155 16.366 25.5534 29.348 18.8757 26.7978 15.6507 11.3739 6.693 9.6881 20.5899 18.1964 
16.5421 24.4756 26.5604 29.0803 13.5136 10.2307 30.3464 12.5729 26.8179 21.8984 18.3222 42.7236 33.0209 18.4297 31.1537 
19.0115 22.9099 21.2194 20.7777 11.7299 5.1631 25.5493 14.5748 21.959 16.8697 18.9249 39.5426 30.1511 14.0377 28.9519 
12.8067 19.916 37.5302 37.4609 16.8956 27.9607 39.1756 18.0012 33.378 22.0392 18.7902 13.7439 22.3879 22.1404 33.2769 
7.5842 12.6909 28.5169 32.8758 11.2935 26.8967 32.3779 11.0797 27.4435 17.502 11.1569 18.2815 17.6704 19.7095 23.9752 
12.2369 8.082 22.9883 22.214 12.7042 28.1022 24.8853 18.6683 26.4533 12.0074 9.9214 10.341 7.6418 15.0508 13.2202 
18.7051 13.4042 6.3119 7.5222 17.2275 9.8661 9.7334 22.4967 9.4602 11.9821 14.9171 29.2432 22.9111 6.9838 15.5443 
19.3652 14.6236 2.8312 4.2419 18.1999 12.9653 8.1529 23.7349 5.2372 11.2165 16.8055 31.0213 24.7223 8.6119 13.8459 
8.0209 11.7763 23.3676 20.8746 6.1476 10.4539 24.2182 6.2273 25.6957 9.5434 9.7293 26.3609 27.3661 10.1408 25.799 
14.5944 6.4549 9.8099 9.3208 10.0131 13.5043 12.2389 16.7102 10.538 3.5591 8.686 27.8349 17.0424 3.7751 10.0658 
18.7663 17.5011 13.6795 14.8068 13.7258 4.8097 15.332 19.8425 14.4892 14.9799 19.3631 36.2432 29.3684 9.0396 20.0703 
14.8537 19.3656 33.4175 37.9486 22.9407 29.1085 38.9326 23.8106 32.2858 23.4837 17.6125 6.6781 18.5315 29.2435 28.3897 
9.128 7.9426 17.7772 14.6911 4.4508 11.2745 18.1331 10.1481 15.534 5.1674 6.3874 28.376 19.3167 4.3881 14.8396 
25.8987 14.4441 6.3636 4.5083 19.6308 22.1317 3.2407 29.2929 4.9695 14.342 21.0122 29.9221 16.5999 12.0281 6.8094 
15.1019 5.2194 10.9984 12.0875 13.0196 20.233 14.6492 19.388 13.2899 5.4511 7.9496 23.2533 11.7192 8.4536 5.9245 
12.3404 12.8079 13.2761 16.2569 8.5765 5.1366 20.7534 10.5463 16.6187 8.1755 11.1744 33.5678 21.458 5.7448 20.8228 
10.5363 1.734 14.7544 13.5401 10.7066 18.1788 15.4876 14.4683 15.1217 6.1905 6.3954 20.1779 8.1581 9.3791 9.9921 
24.4907 13.9013 5.6527 3.8521 18.0708 21.9263 2.9804 23.8594 3.9616 12.3785 17.2045 33.3131 15.6539 13.4925 7.0204 
15.1624 21.0312 23.1967 25.3661 13.4531 6.8542 28.5341 12.1536 27.6788 16.3579 15.1816 35.4071 31.9084 13.9502 29.3258 
14.158 15.8022 36.5085 29.6858 19.4519 34.0444 38.5775 18.0577 36.1947 19.1213 17.7915 7.1623 15.5811 27.9186 27.5661 
15.4284 22.637 37.8959 36.5091 16.5302 22.5843 35.6109 10.9357 37.0385 22.4427 18.6719 33.1956 30.7162 24.6924 31.4141 
15.5567 23.7896 21.5183 22.1227 13.4722 7.5756 24.742 14.236 28.1212 17.1317 18.6596 39.0079 28.3679 16.124 32.9324 
7.2667 16.3512 26.677 26.7537 9.9575 22.7777 36.2771 6.1142 28.3442 20.1797 13.7054 24.3865 27.1613 18.9663 28.5079 
11.7618 20.3092 39.4015 32.5619 16.8609 30.5384 41.7593 16.1471 33.7992 19.7929 19.6051 12.4461 20.9587 28.5208 34.0704 
15.1253 22.6905 43.9153 33.2846 22.2816 32.8868 46.5478 17.264 41.2281 22.6751 19.8397 20.8204 28.9394 30.388 34.667 
11.4341 19.1738 35.4215 40.4167 15.1165 32.0968 36.71 13.1103 38.2443 23.8171 16.0563 16.7867 23.5757 22.3449 28.57 
14.3662 23.8349 39.3095 35.0708 19.2956 30.955 39.7816 18.9577 45.4497 31.4496 24.2917 27.3777 32.3607 33.3616 36.0248 
12.767 19.6779 30.9956 38.2137 16.2738 25.0071 35.5847 15.2414 37.9044 24.3565 19.7493 17.7741 27.7253 24.8478 28.336 
16.8355 10.6298 6.6531 5.066 14.1373 12.6105 9.2047 18.8145 7.6513 6.9814 13.6246 25.2341 19.6944 4.7455 9.733 
12.4252 4.5778 20.3334 19.1089 12.4197 24.9022 17.4544 17.5125 18.751 8.1914 8.0074 17.1937 5.6805 13.8857 10.8092 
7.1234 13.4019 27.9975 28.7745 11.646 21.7965 28.419 13.5683 34.054 16.7191 12.705 13.5414 18.5219 19.7416 26.7204 
14.2431 8.9645 27.2038 22.4603 14.6392 27.6048 23.8482 21.4934 21.0658 14.2138 9.6774 8.6423 5.8858 17.6388 17.3409 
EOF