I 150
J 15
bounds (0, 100)
cv 1.0
D 1
k 5
t 3
FLR 0.8
FCR 10
λbounds (80, 120)

λ 
84.4544 85.5015 99.4662 
117.5488 116.1496 109.1959 
95.5044 107.6484 112.1628 
100.886 119.1131 103.17 
101.7719 117.8982 89.17 
93.0812 84.6486 104.9473 
100.7774 85.4272 108.2599 
96.6025 88.4192 82.8394 
101.2161 99.8712 93.802 
82.367 99.2575 107.8226 
81.0823 84.5492 110.2446 
118.0512 118.8135 102.2584 
93.9296 97.9604 103.0064 
101.9347 90.3439 115.5572 
85.3215 111.5011 112.2727 
80.0493 99.915 80.3454 
111.6735 88.7155 81.8545 
98.0796 109.2352 106.0593 
91.5103 89.0082 88.0446 
80.5044 116.2525 111.542 
82.2119 83.4717 98.0394 
95.4525 92.4582 104.1574 
93.9365 90.2002 112.0516 
116.1427 92.0015 87.9501 
116.8607 90.9568 93.8764 
116.2284 117.8898 108.0712 
116.1638 107.8862 94.9997 
111.6506 98.7681 81.9892 
92.6205 119.3819 98.7104 
108.796 109.3587 94.3576 
85.0959 86.6593 88.8987 
119.6546 90.4516 102.5289 
82.6372 111.9854 80.377 
87.1258 119.176 105.2405 
114.1052 103.2541 96.4695 
102.4393 99.0373 105.7867 
119.5153 116.0503 108.8079 
91.7306 104.8154 115.5361 
110.6092 101.7439 111.3203 
100.2765 105.9308 87.4293 
93.0098 104.5058 82.0471 
83.103 111.1024 100.4655 
92.9231 100.9897 84.7209 
101.0299 107.7431 81.4506 
89.2092 90.3534 117.8941 
109.5431 118.8332 95.5303 
112.3047 83.409 105.6636 
87.6679 108.1771 115.3046 
116.9575 81.7913 109.7644 
119.2662 85.8381 100.6754 
118.7085 100.1258 105.3235 
119.4807 119.4224 119.3858 
84.9792 110.7262 101.4274 
116.1017 81.4397 88.0318 
110.766 100.2098 85.9496 
86.3415 83.8332 87.0235 
117.4563 112.3757 81.3594 
105.3617 107.1699 97.4668 
81.8569 82.076 93.4628 
116.4913 89.1989 112.4932 
119.2983 111.6522 84.4788 
91.3941 101.842 113.3833 
95.8204 92.9382 84.8434 
111.4935 110.1931 97.5391 
83.0656 82.4065 81.8259 
116.57 89.2517 99.3206 
102.7803 107.1388 97.1823 
119.8348 88.5938 115.5959 
106.9131 111.8237 114.8745 
88.3056 91.8455 103.8743 
108.3837 107.5786 84.5309 
105.9621 81.5573 105.78 
82.7804 89.2247 112.438 
81.9458 108.2841 110.6719 
117.1313 93.6392 91.5693 
86.5179 80.4888 80.3975 
117.9233 99.7543 100.1086 
83.009 86.2558 95.4141 
86.64 86.3332 85.8961 
90.6895 115.3087 106.0956 
109.5278 118.1068 114.6048 
89.4321 95.2193 103.2325 
118.1124 97.7704 113.7641 
84.1657 105.8113 111.6457 
119.749 91.215 109.7947 
89.73 96.7064 118.3619 
94.985 80.5958 89.5154 
103.1906 81.5074 100.1602 
114.247 113.0483 80.8458 
80.0152 111.0661 90.5831 
96.6306 95.5213 102.8811 
111.4377 101.6716 119.7177 
99.0521 90.7783 90.1846 
105.6933 118.5527 94.782 
101.6624 90.2028 89.3664 
116.8156 87.1488 82.6181 
106.2612 114.0876 89.134 
117.4299 92.1716 117.0794 
90.0278 104.092 107.0345 
89.4952 104.2286 116.8817 
85.4594 104.4782 92.5206 
113.18 84.4391 106.4678 
98.0437 113.7984 80.8095 
103.6957 81.3163 117.8208 
98.0238 97.422 113.8047 
96.0274 106.8791 98.856 
115.8762 88.4777 81.4627 
82.2598 111.8053 103.6806 
86.2489 119.2832 96.0441 
107.8838 102.2579 91.0409 
117.6212 102.9487 85.8758 
88.4959 85.8311 81.6169 
95.3197 117.0147 101.7541 
105.8784 90.6423 107.0586 
103.6177 81.1761 85.9456 
92.9829 82.8459 89.3859 
113.9096 104.6771 106.1952 
90.3761 86.3983 113.2865 
108.4021 103.3229 117.9078 
92.9976 95.7972 113.0067 
101.3032 107.2838 117.6995 
103.8421 118.1988 87.6629 
105.1829 89.7971 91.5661 
105.8746 82.2946 116.7034 
100.2974 97.7188 107.6625 
86.1531 97.5293 80.3778 
91.9569 105.1639 97.103 
100.5522 90.6016 103.1191 
98.3685 97.2737 110.998 
95.1364 108.2 84.1313 
100.9036 80.3844 111.2079 
109.8455 86.2274 98.9283 
101.9149 100.3706 93.59 
107.4559 100.2301 114.7958 
116.6723 113.8683 99.7744 
104.8949 109.6101 97.4543 
98.7958 117.6088 94.1852 
97.4096 92.6846 103.1307 
118.3523 98.4489 85.7159 
113.8155 81.3488 87.439 
94.6437 101.9388 81.7479 
99.4397 113.5222 95.5987 
109.1727 94.6389 98.1803 
81.8186 94.564 104.1348 
112.5015 80.8197 104.0064 
92.1727 80.1728 86.2112 
92.3736 105.1859 97.7799 
103.0925 102.6497 116.287 
101.1577 86.7512 80.8953 
93.0623 95.9506 119.3174 

Icoords
49.0423 31.1464
85.7969 28.6558
52.8886 57.0407
15.0885 80.2712
13.4021 15.3101
29.4268 23.0569
58.4952 69.8717
33.6748 26.0458
96.7317 18.8207
56.8498 24.7241
24.3471 43.8507
19.9856 12.7553
24.175 12.1416
96.5667 80.1105
24.0066 71.3927
42.2475 82.008
4.5511 47.7984
66.9924 73.6678
11.1718 63.3755
90.6219 54.5907
41.024 77.3531
77.7548 8.8636
23.3829 49.8963
45.0186 63.8854
92.9188 2.3149
35.9759 3.7518
64.8249 95.3887
63.1785 73.5928
42.0474 36.6126
96.5973 93.1157
83.1322 5.7514
38.901 32.4662
1.3066 26.1655
35.994 80.0508
23.3569 6.3817
45.7606 58.6138
34.9415 66.6637
74.2068 28.985
35.3886 22.2247
18.8203 82.909
29.4438 64.754
85.3881 4.6083
44.7648 24.7642
55.2523 40.591
38.1393 13.7519
67.6861 22.3205
53.6999 85.409
90.8482 8.4649
8.8195 90.1348
73.6832 55.1256
74.6335 74.7098
74.7303 87.4949
10.8702 52.6651
55.7689 25.3292
92.7639 85.2024
75.438 37.9836
18.1288 44.8281
12.2559 83.2325
72.4904 32.9397
79.846 21.0216
88.9494 54.8986
13.5006 82.5194
56.7359 93.4804
24.3108 33.5602
69.707 83.8401
44.938 14.912
49.8444 51.6642
68.0637 55.992
24.8768 81.8934
17.1646 18.6032
28.1652 2.0441
93.8964 14.0564
81.3705 39.9997
24.5968 8.1731
38.2816 96.6939
42.1733 49.7005
35.9758 20.4132
8.6337 72.4972
17.7513 31.6618
88.028 33.649
51.8959 77.6519
38.8539 71.5724
61.1339 75.3601
61.7911 43.7715
94.5117 36.0477
19.7499 40.4138
76.5664 32.4098
51.2832 62.8201
34.2246 0.0292
89.9399 92.3302
45.5816 63.1749
85.6303 16.6234
6.8681 3.4835
53.6544 76.1079
90.1464 2.199
84.8233 31.7696
86.1297 21.7718
20.001 53.2925
45.2425 55.4676
38.6295 61.0987
45.4375 5.1377
62.3453 43.4045
30.0608 86.1844
73.087 35.1687
74.5432 58.4308
0.0664 40.4316
27.8828 48.5302
94.3175 25.0096
55.1933 47.706
4.7892 59.24
96.0191 36.1217
77.0766 85.5045
97.442 35.4386
50.9696 60.4564
65.6238 81.6263
12.4974 87.2769
6.5845 18.2572
36.2739 38.1527
61.8628 70.7764
86.0352 59.2699
73.0369 51.1079
12.2332 86.7257
1.5226 14.4196
18.9558 20.451
93.8402 12.8895
85.1588 55.8325
35.6445 59.2144
63.0593 33.7837
29.8315 13.9713
2.7474 65.1403
40.0305 90.5033
86.7024 16.4571
67.5485 31.0304
95.6458 10.552
48.4817 30.0664
22.9366 10.1807
76.9683 47.9578
72.1651 22.0871
39.9517 13.5674
35.8177 66.8498
71.4457 21.1927
86.5255 30.3072
78.1984 28.5411
24.9807 77.6463
11.9996 90.4488
86.0397 50.2784
99.2988 98.1217
1.2885 91.6937
84.6938 77.9876
18.0826 43.664

Jcoords
24.9975 34.0912
34.2057 18.2959
63.5312 70.4358
79.0881 55.1975
14.4182 82.8541
76.81 64.6871
71.5104 44.2495
31.8788 72.7178
0.0944 46.8589
95.3824 81.3033
29.884 81.0399
27.943 68.3528
19.7504 93.729
18.5652 73.3301
12.2046 3.4915

C
9.2853 6.5459 15.3517 13.17 20.349 17.0734 9.0722 17.7562 19.0518 24.4536 21.3621 15.5265 21.8973 19.7185 15.1686 
22.5367 20.3223 17.2706 10.195 32.5961 13.6286 6.8374 22.7627 29.7451 21.3517 30.2412 23.6451 28.6592 29.0515 25.7749 
12.5334 16.1432 5.9691 9.4052 17.9151 9.1891 8.7023 9.4424 17.399 17.5864 9.9932 10.3126 15.0639 11.5308 23.5177 
17.8581 22.7193 15.2989 23.7139 0.9633 20.7017 21.5012 7.3147 11.3127 31.9757 5.5691 5.2659 4.7171 2.5447 29.3659 
7.3059 6.3618 25.2888 24.9526 22.5285 28.7709 23.4021 21.1439 12.8676 36.3716 21.2171 17.1709 25.9471 22.2163 4.5972 
3.7715 2.3408 21.3601 22.254 21.72 19.9879 17.104 18.4665 13.8255 28.7297 18.3464 14.0447 23.7962 18.7165 9.6182 
16.2676 21.5608 1.9439 8.7061 14.4189 6.2566 9.7423 8.5015 23.3196 12.5431 9.8591 11.1286 15.9754 12.6291 29.255 
3.5878 2.9604 17.0333 21.1811 20.0344 21.688 14.2924 14.4743 14.1318 26.3573 21.0466 15.8009 25.0836 15.7904 11.3784 
22.4792 20.0528 23.1982 13.168 34.3209 17.7021 11.0132 26.4023 38.6089 20.5866 30.2917 33.7369 42.1056 36.2791 32.4638 
11.471 7.4124 16.5479 13.3772 27.1323 17.4438 7.6791 20.288 18.5559 26.0468 22.7653 19.5214 30.4686 22.7569 17.7083 
3.1916 8.8143 18.3487 18.4709 13.8451 19.7742 16.8473 10.755 7.9596 27.1267 13.1446 9.3734 17.0706 9.8685 12.6649 
8.0369 4.7997 25.9312 25.2633 27.5371 28.2132 23.6297 23.9143 12.618 35.0127 26.3712 21.977 24.3165 21.5645 4.596 
7.2463 4.5578 25.1239 23.0344 23.6704 29.5859 19.6359 23.9249 14.6062 37.761 26.6582 18.6645 32.6176 19.1156 5.7524 
32.2313 32.6903 12.7778 10.1828 27.9378 9.9279 13.8154 20.288 33.9902 0.6527 20.8337 27.2507 24.9801 31.1773 40.0806 
11.8026 16.5338 12.6279 17.666 4.616 16.7613 18.9357 2.6998 11.7235 26.4534 4.2283 1.7084 7.2285 1.7882 25.3278 
15.6754 22.4954 9.659 14.7216 9.4998 12.75 15.9171 5.5353 18.7432 19.4863 3.7886 7.2795 8.734 8.9135 30.0038 
8.0199 13.9128 22.9073 25.7443 11.1949 27.7012 24.052 14.0537 1.6401 32.4907 12.8225 11.1977 14.9204 10.0568 16.7847 
20.4449 19.9552 1.6167 7.1137 16.2033 4.335 11.8219 11.7076 28.5108 10.4513 14.2292 15.752 19.524 18.5771 28.6233 
9.903 18.4219 20.8427 26.665 6.1829 20.9822 20.1475 7.5784 7.5075 26.7506 9.8582 6.8595 9.7561 4.211 23.0887 
22.3443 23.5528 9.5502 4.3323 29.5845 5.6287 6.8493 22.9491 29.474 8.1536 21.3712 24.2378 26.725 26.9522 30.8215 
14.6386 19.7788 7.7326 13.3009 9.2645 12.8272 17.2091 3.6469 19.5383 20.7324 3.6986 4.7698 8.1989 7.9925 28.4236 
19.8886 15.3372 24.1969 14.935 29.7742 19.167 14.2149 27.6054 28.2454 29.2399 31.6814 24.9606 38.4142 31.6026 22.1974 
5.9514 10.4182 17.164 20.4634 13.3923 21.332 16.5144 9.2755 8.5817 23.7697 10.3621 5.9202 16.1022 8.0958 15.05 
12.3842 17.8046 7.6644 10.6851 12.3993 12.4439 10.2059 5.022 15.1286 18.6624 9.1369 6.1441 12.5798 10.2159 26.6614 
28.1801 22.3986 26.2631 17.3331 39.3074 24.4276 14.69 35.5667 36.293 26.719 32.8876 30.4057 37.4572 36.3257 24.79 
11.7346 4.4482 23.5002 20.7809 28.22 27.3603 18.9325 25.2653 18.632 38.6169 29.2823 21.3393 30.0251 27.549 7.6073 
22.968 25.723 8.8227 16.4063 19.499 10.0192 16.6379 14.1094 28.2106 10.2726 15.0712 17.2676 16.522 17.9836 40.2193 
18.6404 22.1867 1.1388 7.4884 19.3664 6.1288 9.7824 11.3506 21.685 11.027 10.6412 12.2044 17.6973 14.9457 26.2625 
5.436 7.2446 13.1869 14.6579 19.92 13.8787 11.012 12.2132 13.0422 26.0312 16.0066 12.3059 22.0118 16.7189 16.4153 
33.9713 32.1974 13.5848 15.8375 31.2304 12.2303 21.3511 23.9399 32.7684 4.4174 21.7087 24.2671 24.1614 26.9036 41.0552 
21.2132 18.9056 24.3996 17.5772 34.6912 22.6367 14.65 31.927 29.9649 23.9719 36.2777 26.7808 36.3569 36.4795 23.269 
4.8237 5.4024 13.9261 17.7064 19.837 16.4133 13.1792 12.6501 14.3167 27.3133 15.0582 13.3279 21.6436 17.4042 12.0047 
8.5087 12.4653 30.0195 29.6724 17.5428 27.3444 28.1645 19.8492 7.8065 39.7899 21.475 16.8587 26.7046 18.1607 9.1873 
14.9615 19.1582 11.1274 19.4959 6.7621 17.1133 18.2959 2.6076 16.6333 18.5868 2.2109 4.5102 6.4237 5.886 24.476 
9.199 5.1612 25.3823 25.8787 30.6124 28.9425 18.8802 22.666 18.3474 38.3804 24.0792 22.4825 28.1061 26.1163 4.2419 
10.2951 13.7525 6.8684 11.2835 13.4161 10.5227 9.2201 6.3267 14.7783 16.4344 9.095 6.4978 15.2991 9.326 25.5808 
12.7848 14.7297 10.8573 14.1304 9.3009 14.402 14.7204 2.4981 12.5296 23.1963 4.8935 2.3362 9.5843 5.414 24.103 
16.3906 14.3715 12.8667 8.1776 28.7867 12.375 6.0531 18.5387 28.2764 19.5399 26.8346 22.7679 28.4428 26.6745 22.2501 
6.1609 1.5694 17.5957 18.027 24.2116 23.182 14.6805 16.3233 14.1863 26.9859 20.7225 18.2368 28.5897 21.3814 11.404 
17.2126 26.0099 16.0885 24.8883 1.3771 22.7337 21.0432 6.0411 13.7226 29.9653 3.4604 6.2788 4.2842 3.6106 26.5934 
10.8597 14.6783 13.5086 17.7198 8.0758 18.4302 17.9516 2.7023 11.9624 22.0675 5.7347 1.2735 9.5235 4.9426 21.3009 
22.4391 17.4307 22.1471 17.8583 40.3638 22.0601 16.4557 32.7318 34.1332 28.6016 31.1148 28.3858 42.27 31.6606 27.1908 
7.5254 4.6894 18.9163 17.0187 22.6437 15.4347 10.738 18.2382 16.4508 26.2265 20.0824 14.8202 26.344 17.0678 13.111 
11.7282 10.6022 10.4406 11.0954 17.8065 11.1254 5.9559 12.8645 17.6253 18.8875 14.5768 12.5784 23.083 17.7606 19.7593 
9.1947 2.2255 20.1613 18.108 24.5921 21.1936 15.3571 20.3093 20.1379 35.2935 23.8901 16.7412 29.6497 21.6417 11.1256 
13.8602 11.6069 16.9707 11.2676 24.94 16.6201 8.5612 24.5065 28.2886 25.3675 26.0346 23.5659 30.6009 21.4359 22.4398 
22.6083 21.4833 5.809 13.4291 14.4547 11.0875 15.6967 8.4591 20.0922 14.961 8.9492 11.1645 12.2829 14.6866 32.204 
23.1416 17.9424 24.1235 15.5652 35.7828 18.3986 16.0342 27.6286 32.3708 24.3678 35.2876 27.1158 37.3129 38.7315 30.1964 
21.9678 23.673 22.4575 28.3608 3.4873 21.9605 29.584 9.0999 14.4934 27.8091 7.0851 10.0145 4.1355 7.007 34.2242 
19.0344 18.5347 6.5655 1.6816 21.2127 3.5722 4.1514 14.0964 24.1038 11.9007 17.1911 14.9509 23.731 18.8593 29.4245 
23.3781 20.8629 3.7998 7.1311 24.2447 3.5989 9.6208 13.8504 28.097 8.2404 13.9336 17.4019 18.9241 17.622 32.3614 
22.5127 26.7761 7.777 9.8487 22.3693 7.0585 15.7025 16.4767 26.3272 6.5328 17.2444 16.4091 19.0177 17.7536 41.6886 
8.2563 12.8325 18.491 22.4455 11.2803 23.7811 19.1684 10.6993 3.9414 28.4563 13.6386 8.7341 15.3852 7.3805 19.3274 
11.5437 6.945 14.8431 14.282 25.8513 15.5131 9.5422 21.1059 22.701 25.5642 24.4371 18.6147 30.8906 18.3771 16.1885 
31.7791 31.2352 12.3928 11.7258 25.6619 8.4515 15.1522 18.8009 33.5968 1.5842 22.9321 24.3722 28.7717 23.7751 38.2102 
15.9917 16.6317 11.4522 6.1219 25.5931 10.4816 2.2636 16.9756 29.352 16.9396 21.2115 22.2453 30.6513 22.8541 25.8296 
5.0461 10.3276 17.3841 19.0823 13.0667 23.2129 18.9836 10.2582 6.4808 31.5584 13.8278 8.6971 18.0788 11.1 13.9475 
16.6615 22.1952 20.3465 22.7641 0.6983 24.9586 23.7325 8.5622 14.2941 29.2767 5.4962 7.267 4.1156 3.7256 31.099 
16.5277 16.1909 14.48 9.2628 24.8411 11.6273 4.2446 17.6738 26.4588 21.2265 23.1903 20.8398 31.3787 22.0988 25.972 
20.8565 14.8412 17.5628 11.3424 30.4726 14.9434 8.1809 22.5247 26.3318 20.35 25.7704 21.614 29.1192 29.3113 24.4776 
25.6834 20.151 10.7128 3.8496 24.6685 5.9507 7.2559 23.4727 35.1965 10.7213 19.6423 21.403 27.677 25.1886 34.6023 
18.8445 26.0602 17.9576 26.779 0.3226 24.5004 27.0757 8.2252 14.4579 25.0095 5.3989 8.0174 4.6742 3.9252 26.1934 
25.4268 30.3669 8.5699 13.8356 14.2893 11.7375 16.4429 10.6491 26.7621 15.681 10.9763 13.5627 11.1847 14.9257 38.0533 
0.261 6.4359 16.5646 21.9917 17.7578 22.6189 17.0156 14.3257 9.8272 29.5727 15.0588 12.0442 18.5912 13.0956 10.2137 
20.8755 29.7196 4.6017 9.8527 21.7375 6.9495 13.6214 13.5479 25.5317 9.6932 13.9365 13.5099 16.9278 19.9914 38.198 
8.7898 4.3966 17.8825 20.3011 24.1918 22.0639 13.2127 22.9524 20.5702 25.0311 26.4429 21.719 25.7168 24.6831 12.7511 
9.9425 14.4272 7.2808 9.2081 15.1559 10.9182 8.6789 8.483 17.8084 21.1033 12.4517 9.1169 20.311 14.9879 19.4712 
18.7607 19.2239 6.0462 4.0078 23.884 4.7112 4.4154 13.9203 21.8085 12.2154 16.1144 16.1755 22.5969 19.1432 26.2632 
15.8895 22.9601 15.4615 19.1073 3.5887 20.6802 23.7388 4.0063 13.4492 21.4345 1.981 5.0938 4.8342 4.2424 24.4532 
6.1197 5.9262 26.121 21.9093 20.3926 24.3309 20.8103 19.5044 11.4485 37.2315 21.9767 16.9713 29.4818 21.2136 5.8641 
11.7993 6.5018 24.9078 29.098 27.4603 25.6972 18.4884 25.0672 19.6768 35.3029 28.2556 21.6698 32.556 26.5276 4.9168 
22.8245 18.7542 25.5698 14.3199 37.5378 16.5171 12.896 32.2 37.5229 25.1968 29.3336 25.654 40.0627 29.6383 29.3492 
22.1456 19.3086 13.2472 5.3082 25.4218 9.7257 3.6366 18.5106 28.5804 16.4082 23.6965 24.0245 25.8101 27.1821 28.8907 
9.5934 4.8725 22.1036 27.4806 28.1362 25.2369 18.7308 21.0906 17.5019 34.0343 23.0061 23.4159 32.452 23.3932 4.1158 
19.9413 29.2977 11.1653 20.23 9.3297 15.1167 24.2505 9.3508 20.0908 20.1426 6.4022 9.3973 6.362 10.6724 35.5286 
7.4872 12.6034 11.3266 14.1114 14.0177 12.858 11.876 8.4922 12.7368 19.321 11.4386 8.9456 19.2499 11.7609 20.9455 
6.656 0.8936 22.0616 21.3216 25.6567 22.8692 13.6239 16.7992 16.7821 28.6172 23.1176 15.3309 27.0173 20.0714 9.2935 
12.5282 20.8859 19.4804 28.8375 4.4094 20.9984 25.6835 8.1129 8.9284 32.8549 7.7939 7.3506 8.7356 3.7972 24.9306 
2.8981 8.1277 19.4499 25.8782 15.7544 24.9956 17.9995 16.2473 7.7134 34.0848 18.6608 12.9968 23.3928 13.1989 9.3398 
19.4202 18.8225 16.6004 7.5891 29.378 12.0395 7.0597 24.3518 29.7527 19.0752 27.829 26.2352 28.7394 31.5512 25.4104 
18.9887 18.9772 4.6318 10.8863 11.7749 11.0208 13.2437 7.3682 22.4961 14.7632 6.8885 8.5794 12.6766 11.518 32.6783 
14.6176 17.2576 8.8216 13.0664 8.7579 11.7578 15.2263 2.5546 17.2932 22.8464 4.0313 3.993 11.4826 7.7182 26.3418 
17.663 22.6209 1.6452 8.4719 16.2426 6.9296 12.577 11.4882 26.1109 11.7698 10.7959 11.113 15.1814 16.7443 28.2219 
13.0649 12.6091 9.0664 7.1188 21.6422 10.0577 3.0838 14.831 23.2702 19.7395 18.0594 15.8502 21.9907 20.4489 19.1974 
27.4342 23.1216 17.7319 9.2896 35.1589 10.5988 9.1526 26.6144 33.9557 14.9054 25.1359 23.848 34.258 33.0633 34.8737 
2.5882 10.0301 18.7712 24.4241 13.6663 20.1776 20.5222 11.9011 6.6296 26.7908 14.345 10.927 17.0662 11.1856 12.4286 
15.5718 13.8683 12.9519 7.1921 29.4562 12.8984 4.345 23.9339 29.8615 18.2157 24.18 23.7027 29.392 25.994 26.961 
14.8048 17.2722 4.7739 8.8828 15.6667 9.4676 9.4377 8.4714 19.7052 15.8271 9.4629 8.9472 16.152 13.4537 22.0374 
11.5009 6.9669 28.3696 26.0893 25.9994 23.9931 21.5229 25.3815 20.6061 39.5363 30.4875 23.8083 35.3267 23.251 6.7451 
27.9751 35.9552 11.5571 11.6483 30.0954 9.4532 18.6554 22.9386 39.9565 3.9289 20.1534 24.9802 22.4159 22.8081 37.9875 
12.086 16.7322 7.3965 11.3697 12.7893 11.5305 12.5804 5.0479 15.2948 17.0388 8.9087 5.7061 15.6599 10.8579 26.2725 
21.4473 17.7766 20.3723 11.8901 38.0638 15.3831 11.1629 24.9697 28.4234 25.6738 26.8515 29.1882 36.4392 26.6727 23.8914 
13.2193 9.3744 26.4977 27.7937 28.9894 29.0715 25.6705 22.1576 16.1776 41.2859 25.6775 24.6227 29.9826 22.8463 2.0711 
15.9137 20.5921 3.6743 11.5339 12.8911 9.2741 11.5041 8.478 19.3697 14.07 8.6474 8.6099 13.8625 13.8508 30.8952 
26.2218 20.1874 22.7861 18.7216 37.129 20.1654 16.9676 32.209 38.1164 24.8614 34.7816 32.8442 41.7424 37.5498 30.3937 
22.8706 18.5531 17.1135 7.342 26.8525 10.8615 6.9561 24.6176 32.2819 15.3763 28.5444 24.2856 30.9631 28.2509 30.7357 
23.267 20.202 16.2361 12.6048 32.3764 13.9564 8.4972 28.9428 28.5703 21.7308 25.0437 24.3432 31.161 26.9842 27.3157 
6.5494 14.4317 17.4973 19.4852 11.5222 19.074 16.4527 7.5547 6.8891 29.7625 8.9513 6.1907 15.2125 6.3381 18.676 
9.121 15.4521 7.8131 13.2205 13.0997 10.5072 9.6172 7.537 16.2152 21.7891 9.9125 8.3457 14.841 12.2096 21.9744 
10.7519 14.4885 9.0103 13.9137 11.5486 12.9044 14.0471 5.2139 13.8651 21.2053 7.608 4.6717 14.6571 8.335 19.4192 
12.883 5.5914 22.3265 23.4519 31.4714 25.052 15.0183 24.917 21.2948 30.257 27.0636 24.7869 31.3617 22.9637 10.8771 
12.8023 13.6785 9.4159 7.8108 24.8237 10.2751 3.5086 14.0703 20.6804 17.3405 16.1378 16.4801 21.8033 17.5001 25.3336 
17.7795 25.4716 13.6532 21.5118 4.9499 16.8721 18.4199 5.2276 15.4802 21.6097 1.6055 6.5489 4.0193 5.4718 28.7298 
15.508 13.6775 12.5693 7.5501 27.0056 11.2315 3.6544 20.3933 24.8972 19.676 24.4365 20.9322 28.3411 20.95 27.1639 
19.3426 22.5563 5.8776 1.7564 25.3549 2.1886 5.4963 17.5923 23.7405 12.1696 17.7549 15.456 22.1932 17.4302 33.2205 
10.1407 15.0463 23.4889 26.4562 15.8805 29.7394 22.0004 16.8295 2.517 35.7071 15.4263 12.5506 20.147 14.9235 12.4115 
4.4836 12.2565 15.1129 18.574 13.159 16.4162 15.7288 8.5314 9.479 26.5549 11.5856 7.6753 18.007 8.0511 17.297 
24.756 20.6074 17.0114 12.2636 31.121 17.0828 11.5923 29.2157 29.4135 19.8077 29.0745 28.9981 32.9053 29.7139 27.486 
10.3742 13.8345 7.7523 8.2712 20.968 9.9097 6.2964 11.1503 19.4963 20.0835 14.6696 12.4173 21.4232 17.4604 23.1502 
10.0948 15.3062 21.5995 24.4954 10.1421 25.5321 23.9551 9.4039 4.9059 35.6554 12.4322 8.5845 14.0302 6.9778 18.3003 
23.333 22.3362 17.1201 9.705 33.8527 11.9174 8.0175 27.3969 28.9764 16.1314 31.6989 25.1194 35.7182 32.8244 28.4127 
27.3626 28.1244 6.5101 9.6497 19.6484 7.3242 16.1853 17.295 31.8193 6.6694 18.1412 16.9602 18.9087 18.2043 35.3963 
24.1934 25.5195 15.5794 10.5526 30.8436 14.3137 9.1475 28.2752 37.7162 14.3196 31.9756 29.4139 29.4005 27.7394 34.4266 
12.0687 16.5423 4.8707 9.9206 15.351 10.0993 10.0917 7.4942 19.216 17.3435 9.0639 9.4426 15.9736 13.745 23.6822 
24.2244 28.1721 4.5356 10.2478 17.3586 7.2002 12.0021 12.4841 27.7809 10.8983 12.3962 13.2315 16.9419 16.0746 33.014 
18.5868 25.5421 18.1429 26.6685 1.6592 23.5168 27.7454 9.1702 14.2562 28.2706 6.9582 9.6805 3.6228 5.8907 27.7164 
7.844 8.6731 26.0906 26.6004 20.1457 33.5988 27.3098 20.8847 10.5848 41.9168 22.2062 16.3539 27.6874 17.6692 5.7872 
4.1446 6.7719 15.6287 15.0827 15.5047 15.455 14.2683 12.5924 14.7361 24.2456 15.5361 11.4692 18.0668 11.9843 15.0059 
18.6033 18.989 0.5478 7.878 15.7791 5.5764 10.0826 10.8439 22.726 12.5638 12.8465 10.7426 17.0838 13.2417 31.5853 
21.3333 23.9502 9.5588 2.8853 26.1036 4.2332 7.8647 17.7392 26.3449 8.9274 18.4104 18.0569 22.8678 22.8812 28.9903 
15.6868 17.3916 8.0362 2.2911 21.0655 5.0286 2.6917 14.4154 28.1013 14.0303 17.9032 16.3182 23.1521 18.5609 29.0622 
21.4312 24.9176 20.7432 23.971 1.7124 22.5991 25.1007 8.7778 14.0774 29.7473 7.03 7.97 3.8384 5.5163 28.6742 
9.2373 10.8182 28.3949 28.042 26.8388 27.529 25.4258 22.972 11.6602 35.9472 27.1233 18.2393 31.5825 23.5677 5.6588 
4.483 4.913 26.1197 23.9462 18.8329 24.5213 21.3056 18.672 12.5492 31.7308 20.2924 16.3027 28.5728 21.1469 5.7189 
24.5202 19.0954 23.9022 15.8211 37.4052 21.2267 14.1903 27.9841 39.5751 26.7703 33.3561 31.4983 36.1205 35.3325 30.9142 
22.8626 19.3658 10.2897 2.3188 23.4296 4.1487 5.9718 18.0698 32.6236 9.1752 19.2339 18.3089 24.379 26.5088 34.5325 
10.396 14.9731 11.2574 15.5232 12.648 14.3935 14.1188 4.5574 15.0055 23.4128 7.054 4.5115 12.5965 8.8253 21.2127 
14.1556 12.2673 13.4817 9.4769 26.2208 10.3131 5.2516 17.2986 20.7072 20.9194 18.9556 19.3607 27.5698 19.1682 18.8293 
8.097 2.343 22.9556 20.8627 24.1617 25.8549 16.5006 20.8677 14.2548 35.3706 23.9636 19.1919 31.0957 20.1737 6.7509 
14.7598 19.9131 21.001 30.6248 7.3227 23.9449 21.7899 10.9296 5.9427 32.6488 10.9262 8.58 10.1019 6.66 24.1497 
19.8144 27.6366 12.185 18.2168 8.1072 15.8443 19.5825 6.5444 22.6045 17.9781 4.229 9.1524 6.45 9.4262 32.6586 
21.8517 20.7699 18.6564 12.7644 37.5328 16.7248 12.3844 28.9947 30.8778 21.9892 32.3689 27.3443 31.2964 29.4307 25.0294 
16.241 11.2073 14.208 8.1655 23.9061 10.7097 5.4814 17.4745 21.6173 21.8362 24.548 18.1818 28.6032 22.3088 22.0192 
27.1356 23.7859 22.9133 14.7756 34.668 18.9896 14.2627 30.2876 39.793 24.3386 30.2506 28.7891 44.7243 39.0187 28.6556 
8.8683 6.6943 17.1429 12.8311 21.1403 17.4997 10.6804 17.9414 17.0762 21.1163 19.6585 15.3674 26.7439 19.725 14.9569 
7.3486 5.3104 22.4138 28.514 27.2488 26.5855 22.5574 22.9508 14.4622 30.8933 23.8303 20.9435 27.8334 22.3387 4.8219 
17.3362 20.4997 8.8751 2.841 24.0806 6.155 2.5873 18.8272 23.9256 13.656 17.3784 16.3437 29.1845 24.7 23.9842 
19.0986 13.3557 18.452 13.5136 27.9738 13.8671 7.4166 22.7883 27.4886 23.6229 24.4775 19.8979 32.4716 28.1043 24.3641 
9.9062 2.2451 18.7644 20.4896 22.7802 20.4884 14.952 20.9602 17.5374 33.4873 25.0434 19.3946 32.6952 25.0596 11.7991 
12.13 19.3886 10.4233 14.3712 9.612 13.4765 15.0354 2.4298 14.0084 20.7968 5.1787 3.129 11.881 6.1536 24.0846 
16.8865 14.5563 18.5685 12.6063 32.1597 14.3742 9.1582 23.7575 26.2817 22.1084 28.6061 19.447 28.7882 24.1644 22.852 
20.2316 16.9685 14.2819 7.8842 33.2086 12.9329 6.9113 20.8834 34.1359 17.9761 27.9371 25.0631 34.9311 28.5218 30.6482 
16.6727 13.7723 14.1997 10.2231 25.9276 13.7384 5.5026 25.373 27.7091 20.2206 21.5896 24.6325 29.9083 29.7052 21.6211 
13.354 19.8689 13.1658 21.3405 3.7567 18.6773 20.4928 2.6646 12.4424 26.7253 1.9213 3.1818 6.3166 2.7465 29.8356 
21.0469 26.0676 19.3153 28.6168 2.6207 24.7517 28.8698 8.961 17.0895 25.945 7.3882 8.5285 2.9735 5.9496 33.7395 
20.2971 23.108 10.0495 2.8418 27.0901 6.1498 5.0857 17.828 31.1798 10.8479 25.3748 20.3947 31.6725 24.8921 34.8069 
35.7911 34.6496 14.198 16.2781 30.9353 14.8283 21.7312 21.9888 34.2704 6.7157 24.8842 23.7594 24.8489 29.7026 49.0 
20.201 27.9372 21.9155 32.8184 6.0495 26.0907 33.4327 12.2573 15.4376 30.7475 11.1474 11.4827 6.7423 9.7424 30.2175 
24.934 24.275 8.0015 9.1155 28.0508 5.696 13.4095 16.7565 34.1828 3.9124 20.6788 20.3427 24.491 22.1748 36.9833 
4.5418 11.1275 18.1452 23.3755 15.1028 22.4183 20.2878 11.7684 5.6435 29.3008 12.4365 8.9884 15.1831 9.1324 12.3872 
7.3667 6.332 13.4379 11.7691 21.0273 15.0617 10.2582 16.7982 18.0905 22.4733 17.7652 15.2099 27.3215 19.9215 14.754 
20.2537 17.6228 17.0434 8.5442 28.0522 12.2249 7.2265 22.2962 29.2457 17.3917 30.1339 21.4701 32.0341 25.2899 29.1581 
13.1618 16.1432 6.2565 7.9502 17.6371 7.6924 8.7407 9.3532 17.1194 16.4316 12.5364 10.1756 17.4914 12.226 23.0739 
15.5296 20.5012 19.3819 23.8376 0.9479 19.2121 22.6191 5.9891 13.7078 25.8166 5.4817 6.6209 4.5861 2.5548 23.7877 
8.3014 7.3475 25.028 23.0929 23.1702 25.4277 25.4665 22.9712 11.5322 35.6455 22.1455 17.1764 28.1973 19.2164 3.9094 
4.3244 2.5627 18.3012 23.4252 23.4216 24.4094 18.6354 17.4622 14.1504 32.6454 22.3589 17.5616 27.163 19.2874 8.7502 
19.2575 21.4924 1.5816 8.8831 17.7594 7.471 11.0729 9.9684 21.0159 14.4393 10.7529 11.9576 13.7549 15.0739 27.1752 
4.4043 2.5844 20.8422 19.9507 23.2735 21.468 14.3805 18.2903 13.3021 29.1488 21.2726 13.2563 27.6126 17.0761 12.2316 
25.2442 23.6482 22.3022 13.9159 38.68 15.1068 13.6492 30.5427 34.8557 19.4929 35.0953 30.1174 39.9788 28.9318 31.3041 
12.0786 8.8906 14.1549 13.4414 24.7933 16.9212 8.8071 18.0157 21.9126 23.1854 20.2115 16.6795 26.5827 22.1814 18.3807 
2.95 10.2687 16.2226 21.8363 15.5194 19.0798 17.2388 11.8946 8.6146 31.3747 11.6595 9.0143 17.6666 10.0277 15.9861 
7.0769 4.8562 22.0213 22.1563 23.761 30.2993 22.5065 19.7513 15.5869 36.0317 21.6655 19.0565 25.191 18.2502 4.3396 
7.5362 4.2754 26.8964 23.16 27.989 24.3351 20.8256 21.5312 13.3725 39.0018 24.598 19.4082 30.3624 22.1325 4.534 
31.2613 32.2074 12.2752 11.7562 32.253 8.4842 13.4217 24.188 38.776 0.5675 25.3019 24.4101 29.1461 24.2873 36.3996 
14.1348 17.626 12.2879 22.6781 4.7594 20.466 18.2791 2.5418 11.7509 26.2877 4.034 1.8676 7.9425 1.8102 24.9074 
20.0653 22.2193 9.3417 17.1182 9.4441 14.8338 16.9299 5.2137 18.7871 18.6626 4.3045 7.0046 7.9197 8.6991 28.7008 
9.4919 15.1259 22.8505 23.6769 13.6276 26.3878 23.6162 12.8924 1.7881 33.9332 14.8328 10.4784 18.9505 9.984 15.2964 
19.7121 19.3503 1.6944 8.339 17.3882 4.1487 10.4826 12.2802 23.8119 11.7184 14.7211 12.2248 19.7704 15.284 32.1489 
10.8778 19.3938 20.4465 22.9095 7.8851 20.1418 20.4387 8.1508 6.6225 34.1894 7.8228 5.411 10.7402 4.3362 22.939 
21.2374 21.2518 10.2438 4.0898 26.6911 6.4996 7.7663 19.2974 27.666 10.5468 24.0013 20.7276 27.4941 28.6125 35.2861 
15.4829 20.6706 8.1281 14.5076 8.7836 12.7133 15.8906 3.4306 17.7468 19.9204 3.9192 5.1112 10.1211 7.9697 30.8815 
23.3272 14.3792 22.5728 15.6303 38.5009 17.3189 10.8984 25.0422 26.8708 24.4312 33.3616 23.5407 37.2937 30.3774 25.6898 
6.2294 13.1438 15.4819 16.8934 11.483 21.3764 17.28 7.5295 7.7268 28.145 10.0281 6.3898 16.1066 7.9308 17.2791 
13.698 16.727 6.9143 12.7314 13.6558 12.1863 11.7986 5.5018 17.0311 19.174 9.0682 6.9277 15.5008 8.9913 26.4071 
24.1233 23.2687 25.4915 19.2408 39.0937 21.8315 16.1025 35.9953 37.9301 24.2059 37.9 35.1212 42.4219 35.9864 31.5303 
11.7056 5.2774 28.1613 20.3379 29.9991 26.9862 18.2213 24.3188 21.1559 32.5113 28.7861 22.8886 29.7783 27.6351 8.5582 
23.4578 25.6816 9.9746 13.4466 18.6835 13.1502 18.7782 14.8733 29.2624 10.5586 12.3478 16.0832 16.1566 16.3641 36.28 
18.0306 20.139 1.1293 9.0376 15.1973 5.2968 9.2913 10.1451 25.7137 10.6164 10.3785 13.3301 18.2765 16.9801 26.9386 
6.4012 7.2506 14.1445 13.7213 19.3706 16.4391 10.875 11.2942 14.9251 20.8751 14.3991 10.4338 20.7917 13.145 15.2784 
33.2661 32.9768 12.9352 15.7957 25.7645 10.6509 17.3468 21.6667 36.9314 3.7963 24.3325 26.4347 25.8444 28.8195 48.7123 
20.8187 15.9104 26.6639 19.4724 35.187 23.1168 12.209 31.6234 34.329 30.3322 29.2969 29.0341 43.2532 29.1892 23.7799 
4.5102 5.1277 17.9541 17.6094 18.9071 15.1296 11.7403 14.7298 14.6023 27.3133 15.0384 14.0408 24.7695 17.5365 15.7121 
9.6778 10.7401 29.9507 33.0265 19.4338 33.6761 23.4523 20.9018 8.2646 37.3364 22.1432 17.5372 21.8161 20.029 7.8112 
15.0513 18.9605 10.1853 16.8941 7.3974 14.61 19.2439 2.6488 15.8608 22.3944 2.3093 4.5897 6.7699 5.914 25.8549 
8.6272 5.419 24.3087 23.419 23.6138 24.331 21.6614 21.315 15.7891 31.303 23.6895 24.4337 30.449 21.485 4.4735 
9.7906 13.3666 8.1319 11.9703 15.8014 12.5317 11.0452 5.9507 18.5413 20.2102 10.4194 6.7313 16.763 10.0681 24.3934 
10.3328 16.0068 11.4744 16.0963 10.3047 13.9619 13.9741 2.397 13.4755 22.3879 5.0033 2.3103 9.3763 6.5774 21.1489 
19.5668 12.645 16.5821 8.2256 26.1872 11.4836 4.9959 22.8599 28.9473 19.1449 22.9786 18.874 30.2363 25.5717 24.4959 
5.5521 1.2535 22.0058 18.1256 22.4345 18.7509 16.3897 19.4108 14.04 31.8611 18.655 18.3489 24.747 16.453 11.6454 
18.2509 24.2166 17.8014 24.0525 1.5699 18.3754 20.3047 5.0655 12.2764 24.2908 3.5704 6.7701 4.3092 3.6729 26.1073 
11.6281 18.0034 12.8382 16.8148 8.7651 16.7108 18.0406 2.953 13.3786 27.0507 5.6842 1.3437 10.1071 5.4482 19.1307 
25.6447 16.8692 22.265 18.5516 35.9588 18.4917 15.3847 30.2373 34.257 27.9828 36.0928 27.3304 34.1348 33.8652 27.7764 
8.3975 4.0702 18.3534 17.5691 20.9593 17.3903 11.7605 15.7604 19.3463 26.6363 19.8438 16.7591 28.5302 19.2254 12.1814 
11.688 11.5128 9.3628 8.75 19.1993 12.4446 6.0159 13.9531 21.9387 20.008 15.3216 13.5014 25.2942 15.4249 22.5041 
7.6981 2.3758 20.9191 18.0265 24.1757 23.3168 17.1608 18.1331 19.2654 27.8027 25.7408 20.9293 27.6555 20.4815 8.3811 
17.3584 10.285 18.1635 12.054 29.8103 16.7978 7.8511 19.3752 28.2311 24.5595 21.0972 19.4669 30.2482 27.3065 22.8206 
19.5684 27.9268 7.1398 12.8135 14.9428 9.7838 14.4993 7.939 21.7495 16.7076 9.373 10.2501 12.1291 13.7726 34.5273 
27.7275 22.9152 26.609 18.8855 38.9077 20.8498 13.9476 31.9019 34.7259 25.5574 30.3873 33.2303 43.9518 36.7891 28.5101 
19.1037 25.4254 17.6311 26.7834 3.581 27.5868 25.4432 10.8482 13.8312 34.6048 7.1723 8.9594 4.5773 6.7273 31.831 
20.3125 18.4105 6.6518 1.7389 21.1015 3.3881 3.4759 16.8313 23.1263 12.8833 16.3616 18.3601 26.3773 20.9722 27.1444 
24.0579 25.2909 3.9402 7.4954 20.6414 4.0605 11.3263 13.9104 25.4233 7.6809 18.0599 16.6008 21.8865 18.912 32.3519 
25.7382 26.0383 6.2016 11.7259 21.4741 7.7181 13.3608 17.5781 27.8653 7.5289 16.4832 19.9578 16.8653 17.4408 31.9602 
7.4769 14.8266 17.2127 25.8178 10.7179 21.5893 19.4133 9.1775 4.8362 33.4711 12.1323 7.5053 13.1921 7.4048 16.3218 
11.9596 7.9838 18.0332 13.7477 24.5973 15.4194 7.6914 17.736 20.1581 21.2372 21.1259 18.9887 24.1574 22.3367 15.1554 
33.7823 29.6436 10.6014 11.983 29.338 9.3585 17.0578 19.0433 31.8518 1.6716 20.7832 20.4006 26.662 23.1514 35.3645 
19.7404 16.8693 12.7278 6.509 23.033 8.6473 2.3716 20.2292 25.0656 15.9047 20.0707 17.6057 29.2881 22.7001 24.7851 
4.3285 11.8446 19.7349 23.8374 11.8746 21.1437 20.7133 11.2066 5.5534 33.0193 11.6158 9.8493 18.5681 9.5635 16.4196 
16.8646 26.8632 18.6712 25.163 0.7907 26.584 22.9523 7.8854 14.9844 27.0816 6.578 8.4302 4.7798 4.3221 24.3768 
16.5277 14.621 13.9981 8.0092 29.2595 12.3257 4.1742 22.3694 22.4778 16.0844 23.7557 21.8471 29.1736 22.0988 22.832 
17.8005 14.5029 16.4023 11.2056 32.5431 16.9175 7.7539 23.9352 30.1546 23.17 23.8025 27.978 36.4202 24.8397 25.9031 
23.1077 24.8003 9.1696 2.9854 26.9372 4.7827 7.8403 19.3533 28.1394 10.5719 24.3317 20.6346 26.2805 27.546 29.2817 
15.7087 21.141 15.7702 28.1716 0.3906 19.9358 21.2241 8.0628 12.0921 30.4634 4.9597 7.9506 5.0374 3.2139 26.3119 
24.7332 27.9573 9.4276 15.365 13.4429 11.9972 19.6143 11.0993 27.9432 12.2531 11.5002 14.8238 11.2327 15.4005 31.3161 
0.3031 6.4469 20.123 20.7314 19.0046 20.8428 16.6575 15.0436 9.5758 29.2731 18.6968 12.9852 22.984 13.409 11.9641 
26.3268 24.5911 5.6422 10.3831 21.1347 7.7666 14.4339 14.0881 23.7424 8.7979 13.3657 14.8061 16.8463 19.438 34.8485 
8.4523 4.3099 21.3781 19.1709 29.7556 21.1477 13.5887 20.9197 18.7257 25.7898 21.309 17.9842 30.2842 23.4332 12.9626 
10.0034 14.4973 9.0951 11.4468 14.6036 9.2023 7.6164 8.4802 19.023 20.5872 11.23 8.8801 15.8371 12.5717 19.1472 
17.2436 18.9908 5.7268 3.4419 22.7381 4.7149 4.5133 15.6066 22.5012 11.6903 15.6121 14.0177 21.8306 16.7831 25.236 
19.0301 25.1006 14.3084 21.1196 3.7578 20.1057 22.5521 3.9578 12.9299 22.5132 1.6965 4.805 4.1945 3.6052 31.053 
5.7518 6.1188 24.0764 23.9809 20.7141 24.1424 19.0195 19.0838 12.8614 34.1238 24.6274 15.8871 28.3392 17.3651 5.045 
12.3371 6.7619 26.2475 24.8875 32.1736 26.189 23.1952 24.7628 20.5652 34.0351 26.7938 24.3819 31.8931 23.5785 5.3127 
26.5628 22.7755 22.4128 16.9347 37.0017 19.2317 12.7081 32.1915 31.5904 23.7641 28.9445 32.5993 35.7636 32.1785 30.3047 
19.7763 16.396 11.9172 6.1227 26.4393 7.7248 3.6291 18.03 28.042 16.4736 24.1574 21.1213 30.7971 23.3426 23.9791 
8.0589 4.511 27.4202 26.6457 26.7117 26.3295 17.9259 19.7201 16.7967 37.5864 25.9576 23.5124 32.0149 25.2647 4.8246 
22.6356 26.7934 14.0395 18.5015 8.4 17.2305 23.1329 9.2019 24.9063 20.3851 6.134 11.1229 7.0245 12.0451 34.7253 
8.7684 10.5007 9.5227 13.2754 17.0141 12.8957 10.208 9.8664 16.271 21.4313 12.7784 7.6435 15.2774 10.2979 20.1414 
6.9892 0.8889 20.4854 18.4244 21.9839 22.4897 15.8147 16.7048 16.118 32.3348 18.6878 16.6725 25.4404 20.8068 9.5094 
13.7764 20.0589 19.4309 27.2777 3.84 22.3365 25.5801 7.0343 8.3879 33.535 8.4925 7.1334 7.7362 3.7842 27.0657 
2.9478 8.028 20.4758 21.4239 15.893 24.7046 21.2902 14.8101 7.3244 36.1765 15.9862 12.5703 19.1328 14.0532 10.1666 
24.8851 22.0183 15.1507 7.0361 33.2649 11.6402 6.6691 25.4531 27.094 17.8842 24.9036 27.6438 31.8043 30.8152 27.6381 
15.7838 20.4823 4.2635 12.4838 12.2478 9.0548 12.988 7.8836 21.562 14.6367 7.1891 7.9345 12.0369 12.3919 32.4344 
12.6755 20.3648 8.0237 14.4173 8.2304 13.6596 15.3924 2.4118 17.6701 22.2958 5.0681 3.5937 11.0145 6.8507 22.35 
17.5149 19.5795 1.7816 8.7608 16.5406 7.527 11.4194 10.939 22.938 13.3341 11.0595 11.1639 14.1898 15.6362 28.7 
11.6534 13.0221 8.2247 6.3953 20.3771 7.9231 3.7377 15.0599 20.3298 16.662 18.2606 16.6157 22.5718 19.4016 22.5386 
23.526 20.2927 14.2975 8.0454 34.0271 10.6527 8.3345 28.349 35.1341 14.403 24.9312 28.1175 35.986 28.2493 33.7319 
3.0484 9.4647 17.7679 22.9137 15.1591 20.3388 18.607 11.594 6.6586 26.3523 16.5725 9.579 17.4821 11.7291 13.4537 
20.4889 13.7254 12.1519 8.3064 26.1103 12.3206 5.0595 20.0041 28.1805 17.6656 26.2563 23.9324 26.0816 22.9063 25.3169 
12.4567 17.1626 5.2801 10.5261 12.8472 9.3115 10.6624 8.0771 17.0403 15.0477 10.9806 8.9208 13.5424 11.4056 22.6128 
10.7633 5.8198 25.4488 23.9632 30.317 30.4036 18.3474 23.2288 19.1806 36.3933 26.4798 22.045 32.7668 29.6671 7.4651 
29.7459 36.4742 13.3066 14.3293 26.8758 9.288 20.5658 21.713 34.1664 4.7429 19.7868 23.8701 26.7194 24.145 36.5592 
12.054 15.5423 6.136 10.45 13.1505 9.739 10.2916 6.3754 17.9817 16.5353 7.9788 6.059 14.6157 10.2922 21.9097 
24.3751 16.552 20.064 13.1225 35.195 18.75 10.2074 26.236 34.275 24.7057 26.2296 26.2748 31.1655 26.6903 25.2415 
12.5541 11.5167 30.5061 31.6043 31.3574 35.791 23.0492 27.2811 14.281 46.7428 24.9818 20.7213 34.331 25.2046 1.8336 
16.0663 20.0005 3.5171 12.6238 12.2422 8.2517 13.7064 7.0323 18.8448 15.0708 9.0989 8.8623 12.4946 14.0127 31.7146 
26.0332 20.0827 23.2255 20.8114 34.6397 23.0854 15.0726 36.2797 40.0966 26.7799 34.1267 29.6297 36.4077 37.2875 29.3569 
18.2905 18.0974 16.9016 7.7738 28.1573 13.2432 5.5382 20.267 28.9599 15.822 26.3158 22.3785 28.2676 26.2955 28.5381 
21.9948 16.1637 20.6519 12.9054 35.5792 13.93 9.9747 22.7285 27.6383 20.9898 32.1278 24.0376 37.2698 30.0013 28.8158 
6.2339 14.3788 17.9932 19.0832 9.5517 18.2802 20.6312 6.8853 8.1234 30.9285 11.2312 5.2355 14.5938 6.2356 15.5961 
11.6471 12.5943 7.4043 11.4876 15.2562 12.3652 8.7089 8.2418 14.9283 19.2453 11.7769 7.0666 17.0617 12.6623 23.3663 
9.1939 13.7828 10.2549 15.5819 11.0571 12.4634 11.2724 4.7946 12.5218 19.7896 8.5683 4.7738 13.6166 8.9224 22.0431 
12.4293 6.5117 26.4259 22.7824 29.9401 25.3415 16.8045 27.4467 20.044 29.1549 28.4504 26.0791 34.5624 22.1721 11.0635 
13.9031 14.6515 9.3104 7.1431 22.5269 9.8196 3.4322 13.5757 18.7289 18.5321 16.7143 13.1781 23.2275 18.0145 21.8344 
15.733 26.5734 13.6384 21.8945 4.8363 17.3043 20.4247 4.3566 18.8472 22.4416 1.657 6.24 5.0018 5.408 29.6688 
16.0275 12.7789 11.6522 8.2735 23.9437 9.8361 3.3908 17.7898 28.682 16.6836 22.2122 18.5678 29.4579 25.4488 21.6117 
16.5659 18.9486 5.1006 2.0046 25.7703 2.1061 5.2918 14.1998 27.1159 11.6126 17.4996 15.0272 19.7881 20.4366 25.3849 
9.2557 13.667 25.2509 26.2713 15.1237 27.2846 22.6872 15.4108 2.3724 40.6645 19.0839 13.7816 17.4994 11.8173 13.057 
4.9563 9.8163 14.0502 18.0008 11.9055 18.1217 15.1501 9.311 11.0491 26.9526 12.0416 6.4999 16.216 10.0009 14.3879 
25.2524 22.5672 16.7755 12.0066 33.3897 16.2935 10.5539 29.2628 31.6285 18.5183 33.5745 28.792 37.0933 32.6071 28.1566 
11.8283 11.8581 9.3599 8.1761 19.789 9.841 5.1172 13.0959 20.7802 18.7949 15.5318 12.5883 17.9262 13.6965 19.962 
11.3498 15.6289 21.8926 26.177 9.3362 28.1828 26.9161 9.643 4.1895 31.1146 10.7935 8.5994 13.3685 6.2644 17.1699 
25.3722 20.2647 15.4756 10.1411 29.7057 12.6334 8.0356 26.1784 32.5768 17.3966 25.495 28.78 34.7337 29.6451 33.2786 
23.6084 31.058 6.9296 9.1182 21.3041 7.3949 14.9864 17.3185 29.8209 6.2299 15.098 16.19 19.7368 20.308 37.9687 
26.0845 25.1854 15.6769 10.5068 29.4668 11.6292 8.7805 23.9687 39.1669 17.0421 25.1208 26.384 31.0322 28.737 35.7921 
13.549 16.9552 5.5381 11.2593 13.572 10.3638 8.739 7.8913 20.7642 16.2101 9.945 7.6339 18.0039 13.4242 27.5615 
23.8992 27.8611 4.1884 11.6538 19.2179 7.7341 11.4421 10.8089 26.2454 10.7524 12.5785 14.3541 18.6214 14.4548 32.0391 
20.2368 22.6494 17.8957 27.7329 1.5608 25.0709 23.1151 9.0636 14.586 32.3093 6.8584 8.4176 3.4733 5.3964 29.1156 
7.8902 9.6011 25.9748 30.3923 25.527 32.5549 22.2675 23.8511 10.9426 40.9258 23.6058 17.9714 24.7762 20.335 6.0432 
4.0391 7.806 12.857 15.7786 18.2812 17.5529 14.2754 13.3938 12.2466 23.8943 17.1318 11.6635 17.4174 11.9883 13.9214 
15.6493 23.195 0.5425 8.5678 15.5685 5.9105 9.8427 9.2063 23.7991 13.2349 10.9858 11.5383 16.6281 14.5863 28.7504 
26.1005 20.6533 9.9156 2.7887 27.3703 4.2215 7.2483 19.6643 26.1105 7.1922 19.3318 20.3676 23.951 22.8399 28.6664 
16.2984 18.5558 8.0383 2.2203 23.9787 5.4444 2.6187 15.7217 25.1932 12.3812 17.1785 15.9755 23.623 19.6846 24.6202 
17.1904 24.7883 19.4191 29.3965 1.6289 24.4482 23.6787 8.0371 15.1818 27.2225 6.4644 7.7186 3.2332 4.7577 31.4709 
10.6584 13.0266 29.1136 29.3828 25.5435 30.9872 29.4885 23.5241 11.5368 38.5865 28.7959 20.035 25.0397 22.0713 5.7703 
5.0081 5.2349 23.213 25.5435 22.2992 24.2518 22.7998 16.3676 9.8849 36.8402 21.0065 18.5495 27.3636 20.4436 6.4528 
24.7147 21.9577 24.4486 16.5693 35.5952 17.9879 12.3154 29.4742 37.1422 22.7944 32.9822 26.3734 37.6667 34.6182 26.2384 
19.4787 23.6186 8.904 1.9477 26.6858 3.8116 5.85 21.2668 30.6562 9.0736 21.6882 19.4041 24.2429 20.8559 35.3855 
8.2431 16.2793 10.2113 14.5153 12.3493 12.8445 12.0397 5.0789 14.3506 20.9034 9.0292 4.1984 13.4856 6.9973 18.7704 
13.7027 10.5611 11.6966 9.3887 27.3056 10.3943 4.31 18.1366 25.6461 18.5171 21.8079 19.5283 24.5895 19.4361 19.0898 
8.1611 2.0539 25.428 21.8005 25.5663 23.9815 17.5463 20.033 17.4693 35.4646 21.5089 19.785 27.9524 23.2792 7.6839 
13.9882 21.2787 23.4111 29.8627 6.8115 29.0553 28.0351 11.7935 5.9631 35.0467 12.3164 10.1268 11.6686 6.6119 22.6465 
20.0713 28.2379 10.5101 19.8647 10.6493 16.8014 21.7925 7.0491 19.2679 19.768 5.5138 9.4905 7.9245 10.1354 29.1415 
19.4194 19.2623 18.5154 14.5648 38.4456 16.0257 11.5609 25.3733 32.8972 20.2358 29.2809 31.3111 34.9976 27.0344 30.0731 
16.0362 13.8128 14.4773 10.5195 29.0272 11.8931 5.4372 19.4387 25.7537 18.3827 20.8667 18.9382 27.3812 22.1406 24.0221 
25.9218 24.5847 21.7649 16.3231 38.0934 20.2449 16.0574 34.8562 34.7843 27.4092 29.1999 34.4686 34.5904 37.6568 32.1894 
7.858 7.2383 16.1218 12.3361 21.8 14.8828 10.3153 16.1565 18.6332 21.6303 18.8825 14.6505 21.729 17.9944 15.9552 
7.6725 4.6022 22.312 23.505 26.7513 29.4901 19.5494 22.755 13.0968 38.142 26.7637 22.5082 25.4757 23.4971 5.0394 
19.7782 20.6454 9.3151 2.6184 23.6222 5.1629 2.2158 16.7799 24.3946 12.098 22.3848 20.3261 22.2456 25.0439 30.4654 
18.4513 13.3519 17.0915 12.4955 25.2074 13.4985 7.8556 22.8077 22.8627 23.6865 24.9491 23.4947 31.3264 25.8426 22.1668 
9.1622 2.6283 19.694 18.0955 25.1801 23.9231 15.2381 23.7721 18.2541 28.5683 24.0269 18.6374 29.5207 24.1392 11.1054 
12.6923 18.4121 9.5067 14.5728 10.2934 12.7458 16.514 2.7316 16.3418 19.3503 6.12 2.6472 10.7098 6.782 20.359 
17.6048 11.5681 15.5211 11.9964 28.5229 13.7519 7.1476 20.6197 23.9841 25.337 22.1723 19.3508 33.3309 28.3305 23.7547 
21.6494 18.944 18.3288 9.5494 29.3185 12.9401 8.028 25.9053 31.4958 17.1479 30.2943 24.6649 29.5068 32.1574 30.3559 
18.5448 17.7969 16.8808 9.4869 28.8763 12.6243 5.716 21.398 24.5965 17.3184 27.4044 23.5169 29.0415 28.855 22.0446 
15.8018 19.076 14.1149 18.8275 3.9722 20.4778 22.5661 3.3809 13.923 21.8187 2.3346 3.5505 5.1277 2.6367 26.3817 
19.1094 26.2564 19.9842 26.7752 3.0439 23.7265 24.7939 8.1432 13.6734 29.4596 6.6506 9.4331 2.8371 7.1212 33.9569 
23.2841 24.1313 10.7324 3.1356 23.7697 5.8777 6.2733 22.9694 26.3631 12.3027 20.4573 19.5368 29.2868 22.7672 27.447 
36.5856 40.4074 15.6137 17.9055 30.8146 15.3481 20.3006 21.9168 42.5449 6.4342 25.3488 26.6587 29.1511 30.4289 47.1866 
21.4592 25.5562 20.725 26.2788 5.725 25.0641 29.1106 13.6756 13.7647 35.6606 11.7882 11.0328 7.2642 7.685 28.9644 
26.6679 28.4498 6.7432 8.1838 26.2967 4.7683 14.0289 16.9954 29.7477 3.7759 17.5169 21.2868 21.5574 23.1162 31.2248 
4.021 11.1035 20.6771 20.2091 15.6106 23.5535 16.0507 9.9866 6.8036 29.0257 13.4634 8.89 15.4386 10.9601 15.1561 
7.4999 7.6687 14.4974 12.2772 19.3534 15.7671 9.8941 14.1177 15.7154 22.0908 19.0158 13.3793 24.3158 17.3923 14.5559 
23.4523 18.2595 15.4527 9.2231 33.7164 11.4562 8.1296 21.0776 27.765 19.4466 27.8431 22.4243 34.4912 28.5107 27.6649 
11.3234 17.1153 5.5893 10.3691 16.1407 9.8471 7.0599 9.0754 16.4258 17.053 11.0703 8.3432 14.8662 14.9805 23.5984 
15.9688 23.7181 19.7576 21.1707 0.8248 20.7208 25.0691 7.0275 12.5505 30.1047 4.5765 5.5411 5.1857 3.0245 30.3955 
8.6391 6.8767 24.6331 28.9334 22.7446 24.5115 22.4349 20.2031 12.8128 38.6449 20.614 19.6349 28.6457 23.2822 4.3727 
4.592 2.4763 18.3537 22.9579 23.8038 19.4518 14.8376 19.5156 12.0917 35.1972 20.8919 15.7261 24.7378 16.006 9.8449 
16.1255 19.5655 1.7599 8.0739 15.9765 7.5852 9.725 8.1429 20.2124 14.1998 9.4291 10.1926 13.896 13.7593 27.5232 
3.9795 2.7476 19.8739 16.2218 20.8682 22.8289 16.165 18.3883 12.4329 25.6201 17.4028 15.5532 21.0412 19.2851 9.8463 
27.3491 19.5463 24.1924 15.0924 35.3637 18.6072 11.7617 25.5 33.1149 20.8116 31.9082 27.5914 36.8639 32.0765 26.648 
10.1662 8.0856 15.6563 14.392 28.5645 16.6353 7.6205 16.647 23.9655 24.7941 22.0909 18.6107 29.0192 19.7313 17.0854 
3.5251 9.4771 16.8098 17.8 13.2051 20.3612 15.6069 10.4716 9.619 26.7733 13.8703 8.5562 19.5801 10.4633 13.9125 
6.8117 5.5429 24.493 26.0418 25.6174 23.7406 20.7251 20.8333 15.358 31.7926 25.419 22.3308 31.6042 18.9954 3.8956 
8.4324 3.5975 24.1814 23.9974 24.7911 25.6887 22.7474 20.7374 14.4246 32.1723 27.0523 21.5603 27.1432 22.9682 5.4792 
26.0028 26.9565 10.7675 10.3624 27.4447 8.8501 14.8741 23.4197 32.8983 0.6671 21.0738 24.8835 23.9035 28.6718 42.7359 
13.8139 20.2537 13.2051 20.3874 4.9642 17.927 17.1849 2.8124 11.2131 25.2933 3.8646 1.5433 7.2307 1.8431 25.4036 
15.5939 19.702 9.3126 16.0247 10.6663 15.0193 17.269 4.3784 19.55 17.6264 3.7378 6.4706 9.8222 8.5655 30.4074 
9.0956 16.293 20.8541 23.235 13.857 24.0503 26.4123 11.2948 1.7717 31.174 14.3939 9.5629 15.0269 10.3656 15.3864 
19.135 19.5948 1.7844 7.712 16.1286 3.9943 10.5094 13.1865 27.1919 11.198 13.2985 13.1352 17.8098 18.4996 34.2144 
10.7612 16.9487 15.9028 24.1887 7.7014 23.7461 21.0843 8.6551 6.9029 32.4761 9.4156 6.3014 11.8505 4.8521 23.6697 
23.575 20.5139 12.0045 3.7433 26.8211 5.8529 8.1205 21.486 33.7625 8.2757 24.8293 23.596 24.8629 22.418 31.0929 
14.0896 19.6778 8.7969 13.7325 10.0496 13.8293 16.0031 3.122 19.6098 17.1026 3.8723 6.2941 8.9936 7.1118 30.5326 
21.8535 13.7821 20.8034 14.5363 31.5955 17.3803 13.2088 29.7519 31.6864 25.6912 33.4828 29.8022 37.4788 30.1936 24.4072 
6.0372 11.8011 16.1042 17.6712 11.442 20.8885 19.3588 7.3055 8.4079 24.4688 11.9497 5.9069 17.492 7.426 18.3578 
11.2032 16.4412 7.256 12.0739 12.5145 11.5821 11.6305 6.1651 17.5595 16.8239 7.9839 6.8783 13.1741 10.9434 24.0152 
23.7109 20.7192 25.3357 21.2304 40.387 25.6387 14.3321 32.4079 32.4423 24.6248 33.2406 34.4264 37.8085 35.5957 27.7525 
12.2025 5.802 27.9593 24.4189 27.0886 25.8126 21.3516 25.3068 20.5389 32.9704 25.3516 23.9758 27.7303 28.0224 9.4615 
24.7444 24.9101 8.3355 16.24 15.7539 13.1469 18.608 12.6057 30.0471 10.6596 11.9059 14.629 16.7971 20.2488 35.4328 
20.6127 22.0306 1.1664 8.5804 19.3466 5.5134 10.9934 12.3588 26.0426 9.9541 13.1999 13.665 17.4053 16.418 33.5259 
5.2533 7.8842 15.0822 16.1125 21.3152 14.0887 11.4351 13.391 15.5168 22.7538 15.5921 12.5525 23.7041 14.1998 13.9276 
35.7436 31.6616 14.507 13.2564 30.8412 10.8864 20.7909 24.8763 39.6603 4.0647 26.7935 25.6319 24.9299 29.0127 48.2199 
24.7445 16.4003 24.3456 18.7332 39.5557 20.1472 13.1018 27.4913 30.3077 27.0258 34.2305 31.6629 36.9967 32.5447 22.1832 
5.3347 5.8592 15.6504 14.3082 17.7138 16.0302 10.8631 12.5643 12.8142 26.701 17.6519 13.4893 24.2624 15.7518 15.6766 
8.0116 11.3084 28.4922 30.0875 19.1662 29.9466 23.1913 19.7211 6.7431 34.425 20.6707 16.5194 25.3039 19.7226 9.5697 
18.0048 18.9729 9.8061 16.6156 8.5506 15.8354 15.139 3.0314 16.4279 21.1767 2.0184 4.8638 6.9334 5.8281 27.3461 
9.7875 5.6526 28.7924 29.2793 27.0861 26.3243 21.4898 20.7934 15.4763 37.7673 24.8136 23.9241 26.7773 20.3373 3.8951 
12.4801 14.8345 7.7243 11.8296 15.5003 12.2375 11.113 7.1836 15.8063 17.8912 10.5128 8.0552 15.3078 9.2951 22.3606 
12.5533 17.279 9.3001 14.7827 8.6709 16.2128 16.8178 2.5002 13.4755 22.2262 5.4345 2.7854 10.3757 5.9957 26.7886 
17.6175 14.4047 15.3408 10.092 31.3619 10.7462 5.9833 20.5654 27.1329 21.7468 24.3938 18.6492 25.7609 24.4262 20.601 
5.2351 1.4426 19.8733 17.0252 24.5003 19.7296 14.0078 18.4846 16.4287 27.1375 19.7892 16.7182 22.2877 21.4513 11.1775 
15.2739 25.173 15.1323 25.5782 1.6769 20.8007 23.3435 6.543 14.6854 26.0445 3.576 6.0572 3.4078 2.9082 29.3588 
12.0526 16.2708 13.0386 19.7673 8.1817 15.0435 15.1812 2.6948 13.3202 25.0996 6.4141 1.3799 11.4422 5.1781 21.9501 
20.9136 15.9526 23.5898 17.4759 42.2442 21.429 14.3389 30.2632 34.5425 23.6748 29.9624 26.2149 35.9389 28.9 23.7654 
8.2074 4.4256 17.0893 17.5967 21.8441 17.9381 12.0881 18.1091 17.7864 29.8918 22.9172 16.5068 23.1968 18.3756 13.6827 
11.3723 11.5741 10.3539 9.5104 18.0416 10.5499 6.2576 13.5121 17.4588 19.8079 17.3842 12.0293 23.6518 18.4047 19.3387 
7.3446 2.3151 22.7017 18.3761 23.0797 21.4302 15.9448 23.1022 18.408 28.1303 20.9614 18.5131 26.9826 22.1559 8.7549 
17.2477 11.6238 14.9181 10.4638 30.7053 13.2051 8.2184 20.5993 24.0101 21.4708 25.1337 20.7501 28.3561 24.5163 20.061 
21.4382 26.5501 7.0019 14.0763 14.0571 12.357 17.7507 10.0065 23.2153 12.8124 8.1938 11.6989 12.7443 11.7589 33.5171 
27.5014 17.7757 26.8799 18.1771 42.0221 17.5062 12.6623 31.7275 35.3565 23.1053 30.6243 26.9942 35.1592 34.5554 26.1618 
21.6703 23.0025 17.9974 28.9101 2.8536 22.1783 29.856 10.6691 17.0627 33.082 8.6958 11.2754 3.8236 7.5976 29.3858 
18.4245 16.8232 5.906 1.6784 24.0721 3.3902 3.5846 17.5706 26.1773 12.1081 19.5372 14.9033 23.4723 17.8899 30.0347 
22.3198 27.2411 4.466 7.7716 18.5451 3.6759 10.7599 15.5582 28.7256 7.2368 17.2283 16.6432 22.2176 18.8334 31.85 
22.1697 30.2003 6.3444 10.3148 20.5002 7.2005 15.0824 17.5056 30.8567 7.9601 16.8865 18.7648 17.2083 19.3986 35.3426 
7.6425 13.439 20.9142 20.9846 10.8699 22.6953 22.3825 9.5492 4.1581 27.3855 10.5645 8.1962 15.7717 7.6474 15.5052 
11.6268 8.1947 18.0012 12.8496 27.9271 16.1558 8.9737 17.1257 17.9853 27.0111 20.7942 18.7428 26.3606 21.7294 16.1983 
32.0507 29.7592 12.4518 11.5411 23.9532 8.6022 14.7877 20.9949 37.3676 1.4217 20.5626 25.0822 22.663 23.7976 43.1098 
15.9967 17.9156 12.0675 6.3013 29.9255 8.3558 2.4278 19.9618 29.5568 14.6648 24.1889 17.5606 30.8088 23.2559 27.3422 
4.9518 12.0742 18.2337 24.3691 14.7248 22.581 21.2418 9.9691 5.8365 31.1056 12.5866 8.6308 18.8274 9.9027 12.6655 
17.0372 21.4275 16.3512 26.1269 0.7022 20.3175 25.2432 8.295 12.4838 28.9109 6.6188 7.4573 4.7282 4.2927 30.2458 
17.6726 15.8384 13.9133 7.4497 23.5929 9.8875 3.8654 19.5668 29.4593 17.7913 25.118 18.3359 26.0108 25.8516 21.6646 
21.2343 14.6538 20.4457 12.6243 35.928 16.4885 8.7731 26.608 25.3426 20.2069 26.8169 26.3343 34.2129 25.444 23.9605 
22.2334 23.9047 11.2848 3.7066 28.5849 4.9402 6.4958 19.0125 30.2092 9.8136 22.4973 22.8337 26.0186 26.4619 28.4873 
18.9391 21.9103 16.3775 27.3403 0.3475 22.0997 24.4766 7.1338 11.7035 32.6171 5.7855 6.67 3.9863 4.1676 31.1333 
20.2149 24.0565 7.7699 14.7133 15.3801 11.2356 18.5554 12.6085 28.4787 12.7069 10.4348 14.9232 11.4325 14.7617 32.3001 
0.3452 5.943 19.3101 22.192 17.5567 20.7269 16.8027 14.4174 8.8685 26.2593 14.9058 11.8308 20.1118 14.0077 12.0581 
24.668 24.7924 4.7552 10.1209 18.1763 6.4204 14.3625 12.022 26.5249 8.3593 12.0802 16.2449 19.7338 15.9608 38.2277 
9.6364 3.5706 18.6437 20.1479 28.9735 23.0214 13.1612 18.9048 17.7512 25.9983 21.7295 19.8629 24.9721 25.1702 11.0697 
9.5134 14.6447 7.1483 10.1742 18.5306 9.5257 7.0783 8.6933 18.4782 21.6412 11.6065 8.434 20.0834 12.9903 19.1716 
17.2774 18.251 5.1319 3.8343 20.5123 4.8296 4.632 14.1794 26.9314 11.951 18.1236 14.9077 19.9056 17.2604 29.1609 
14.465 23.4422 12.6836 18.7931 3.9899 20.0127 21.9528 3.473 16.4059 23.6766 1.8911 5.3993 4.7117 3.235 24.1197 
5.3595 5.6466 22.4421 23.9305 25.4666 28.288 23.1599 17.9454 12.8812 36.7904 20.4156 17.8723 24.8288 19.5275 5.0816 
9.7898 5.2465 24.4535 25.4028 26.37 28.7666 22.923 24.6921 17.7255 34.2637 25.0476 24.9853 35.981 22.5499 5.3607 
21.9133 22.4344 20.7351 14.473 35.1516 20.9042 12.039 29.3573 33.4288 21.7933 36.2825 28.0716 37.0806 35.4376 29.7693 
21.8792 20.2691 12.337 5.823 30.1437 8.9198 3.3607 19.6972 25.7174 14.4106 23.2817 21.8168 29.4727 26.6346 29.4538 
10.2881 4.4803 25.4155 24.6879 24.6389 28.0992 23.0924 22.9353 17.3462 35.4796 23.6052 20.77 33.6003 20.73 4.1384 
25.2723 28.1986 11.0196 22.4532 10.4469 18.1571 21.0531 8.2539 22.3384 20.9942 5.7023 9.2947 5.6845 11.2594 34.5801 
9.0469 10.0568 11.6213 13.9621 16.759 15.0733 10.1036 7.6476 16.5915 23.9439 11.9436 8.894 19.7243 12.3454 21.309 
6.4192 0.8991 20.0571 19.9921 23.4768 19.9842 15.8104 16.9724 14.0186 27.1541 21.9599 19.1515 29.1498 19.3918 11.2252 
13.647 22.8576 21.123 26.2693 4.6134 24.2168 21.589 9.1729 10.5471 31.4162 7.1412 7.7594 9.2629 3.2979 24.0392 
3.0089 7.091 20.8897 25.7665 15.4518 25.6317 20.5172 15.7219 9.2882 30.2515 15.3201 13.8231 22.7905 15.3827 8.6909 
19.042 19.6676 16.0965 7.0711 34.3186 12.2937 6.4002 24.8649 31.211 14.5861 25.5187 21.2394 27.4752 30.0632 28.7642 
17.6781 24.0931 5.2588 12.1276 13.0159 9.1278 12.4109 7.0899 22.1466 13.2184 6.9842 9.1421 12.8635 13.3262 32.7708 
12.176 16.7924 9.8048 17.2539 9.6003 13.972 16.9423 2.7935 16.7232 18.5961 4.3352 3.4401 9.8531 6.7163 29.2224 
19.8078 21.4725 1.6737 8.7176 15.2537 7.1819 12.8984 10.3926 25.8684 10.7479 12.4221 11.303 17.7712 16.9573 28.3871 
14.0769 13.6417 9.7558 6.5134 23.9391 10.0268 3.5586 15.8924 19.3352 19.3819 14.7723 13.0684 21.6903 16.3329 20.6349 
21.6831 24.8 14.566 8.52 35.5856 13.2014 7.326 28.5014 34.1838 16.3765 26.2227 28.0139 36.6658 30.0852 27.9078 
2.9843 9.8795 17.7095 22.4122 15.8221 23.9787 19.7177 13.3158 8.1086 30.8403 14.6758 11.5909 20.1372 10.0723 12.8243 
19.6891 16.8777 14.0774 8.5907 24.0692 12.3496 4.7776 22.0923 24.9118 19.8188 21.0455 19.8691 30.5038 26.5832 23.8775 
12.3438 14.9022 5.182 9.7563 14.2486 8.8712 10.7311 6.6634 20.5738 15.7458 9.2662 8.7049 14.5889 12.2029 24.5594 
13.95 6.6692 23.9693 25.7196 33.0251 25.2318 18.7986 27.6797 19.3254 39.994 26.2527 20.6933 33.0701 27.7558 6.9613 
26.1868 28.134 13.1248 12.7586 28.8015 9.8694 17.7955 19.7335 39.8961 4.2892 21.9744 23.0857 27.4917 25.9693 47.1126 
12.2499 15.9961 7.5959 10.7359 13.9761 10.652 10.2242 5.7258 15.8844 16.5777 9.1917 7.0315 15.4959 10.399 21.9302 
20.6964 18.6204 20.4945 13.1812 36.1188 19.4488 12.3202 29.2271 28.2328 21.8407 25.8037 29.7771 33.9443 30.0628 24.9282 
10.6864 10.1517 32.8305 27.5894 29.1329 36.8412 25.0056 27.8406 15.2908 40.8734 31.3566 27.1054 34.2672 24.7513 2.1042 
15.2932 19.5064 4.4169 11.1388 13.962 8.2414 11.8073 7.7529 24.1114 15.6301 8.4434 9.3377 14.3134 11.5347 31.5474 
28.3326 23.2027 24.8882 20.1996 33.5002 21.0024 16.9676 32.0169 32.9096 24.3937 34.3351 36.0587 36.9966 35.4206 24.8591 
23.2598 18.2283 17.2326 9.4959 34.6899 12.3556 7.1221 25.1932 32.6777 17.782 25.3195 26.3821 31.2057 29.1425 26.0755 
22.369 18.2401 18.6666 12.7517 36.9169 17.5179 9.307 26.5687 29.5382 19.0559 29.9462 23.7991 38.8362 33.1799 28.298 
7.5514 12.3922 18.2084 20.6794 10.8604 21.2468 16.7299 8.6727 7.7071 25.5245 10.0647 5.8723 12.3334 7.0452 18.0661 
9.5155 12.1562 9.3753 12.0596 15.0542 11.4576 10.5598 8.6804 18.2145 17.164 11.7142 8.1451 14.7491 12.1647 19.437 
10.404 13.2105 9.1831 13.6316 12.0824 14.12 13.8402 4.5366 12.719 20.4643 6.9984 5.1509 11.366 8.9224 20.6424 
11.3306 6.3733 25.7686 23.8621 31.2454 25.079 17.2793 21.2019 23.1433 29.3917 30.0 21.0482 29.6552 28.9666 11.7057 
14.8115 13.0563 8.8044 6.1868 18.6535 9.0785 2.9793 15.7488 24.4711 18.9142 16.7491 13.8368 24.2098 16.0629 22.5779 
19.6794 21.4859 14.1895 17.4112 6.3829 19.5786 22.2112 5.2426 15.9746 21.518 1.937 5.59 3.8724 6.6461 25.9042 
18.6249 16.7504 11.2174 8.0226 27.2854 9.3392 3.6313 20.4379 25.5255 19.5684 24.7012 17.7554 30.8361 26.3006 21.996 
19.4475 20.9232 5.2114 2.1084 23.8364 2.4927 4.8306 16.2605 28.8111 11.5322 19.4818 14.8128 24.0378 21.1955 31.1848 
9.5902 12.78 23.0958 30.6525 14.6311 29.506 25.0554 14.7989 2.355 35.2508 16.6102 13.0123 20.2606 13.5723 13.7452 
4.5955 11.1662 13.6945 20.0508 12.8014 20.3321 16.1189 8.1171 8.5381 26.8701 12.9503 6.8091 14.0208 9.932 16.7819 
21.8826 20.9099 20.4631 12.9195 34.3465 17.0178 10.4703 24.3909 36.6097 17.4091 31.4142 24.21 34.5176 31.2593 30.9917 
13.193 12.4254 8.0525 9.7462 21.2425 10.1159 5.6542 11.7589 18.2344 19.9526 14.1883 11.566 21.3419 16.4054 19.2528 
9.9819 17.4943 23.4055 26.3928 8.005 21.8557 22.5874 11.3132 4.9244 34.3407 11.2056 8.378 13.9362 6.2368 20.893 
23.8943 25.2312 16.312 9.9396 28.4551 13.7487 8.0769 22.4788 29.6811 17.4238 28.9887 24.2984 32.2487 32.2315 33.3506 
23.8646 28.6904 7.9609 12.0735 23.4238 7.3346 12.497 17.605 30.5445 6.074 16.2167 15.7425 23.0321 19.4533 38.7948 
23.4543 21.7063 17.5823 9.935 33.8458 13.8054 10.1307 27.7472 36.6577 18.3139 24.648 26.4379 34.4803 28.2557 30.2212 
11.7282 17.5949 5.2894 10.8188 15.8054 8.942 8.8253 7.7847 16.8357 16.6321 10.9763 9.4377 15.8412 13.5706 24.3092 
19.3345 23.5133 4.4081 11.3928 17.9015 6.9911 12.9253 10.6309 22.3509 10.6274 11.6063 12.073 16.8565 15.2097 33.7996 
20.7394 26.7064 16.9713 25.4267 1.6144 26.4751 26.7668 8.443 16.0657 33.1818 6.2156 8.5813 2.9948 4.6237 29.0988 
7.4967 9.7945 30.1996 26.6655 22.4427 25.9462 22.5542 22.8062 10.7842 38.4646 22.1861 21.0537 26.906 19.1177 5.1363 
4.5185 6.5523 15.5273 15.9076 18.4155 18.9869 10.9104 11.2231 12.6857 24.4066 13.741 10.6077 17.8986 13.2604 14.778 
16.5438 20.6145 0.5989 9.2065 18.4571 5.2407 10.6246 9.0892 20.2024 12.4654 11.3217 10.2529 18.4651 14.2003 33.3581 
25.7109 24.5051 7.7375 2.8571 25.2214 3.356 7.1063 21.5783 33.1699 7.5584 18.6633 19.6562 25.1388 26.7959 30.5078 
18.5408 16.5935 8.1783 2.5738 21.8788 4.5607 2.8028 16.0982 22.2925 13.7899 18.8328 16.5307 24.1825 21.9613 29.7189 
18.3007 22.0284 16.1844 26.0259 1.6346 24.8917 22.8254 8.4931 16.5195 30.5806 7.3842 8.7315 3.6349 5.4437 27.1343 
10.0305 11.7332 33.3335 28.5503 24.2343 32.3813 24.0488 21.3091 11.9557 44.061 28.47 18.3294 29.4504 23.7026 5.4448 
5.7943 4.6404 23.3403 26.4116 18.7829 28.7963 17.8499 19.4526 12.3285 31.0958 24.522 17.8818 26.2864 18.6034 5.8303 
22.2728 20.9098 23.0437 16.9502 38.1461 20.0872 12.9198 31.059 33.5726 26.8113 33.9916 29.9737 37.6228 30.7663 32.3111 
24.1804 22.4795 8.1838 1.952 24.1868 4.756 6.7845 17.4717 26.4051 9.8147 22.2107 22.1569 24.3563 21.1588 35.8883 
10.8681 16.3161 9.8957 15.2701 10.0618 15.4068 13.8429 4.706 14.7081 22.916 7.3384 4.7421 13.3336 8.0565 23.528 
12.1764 12.4703 14.2662 8.3374 26.8703 10.3064 4.6611 19.663 22.3278 20.0228 18.6322 18.4442 26.1129 23.7221 20.3092 
7.5424 1.9093 24.4614 21.8005 26.1381 27.12 19.6946 23.0015 15.115 36.6956 20.2547 21.412 31.1038 21.7265 7.8172 
13.3809 19.157 18.6276 30.6479 7.223 25.5595 26.1594 12.0162 5.7986 28.9908 11.9169 8.0034 10.2383 6.1292 20.0083 
20.2932 28.6943 9.651 19.7015 9.3128 17.1384 21.7366 6.1433 22.3264 19.465 4.698 7.9739 7.0969 8.8929 36.1118 
24.0272 19.0627 20.2718 15.54 38.956 16.4787 11.3106 26.4102 27.757 21.6948 29.3927 25.1257 36.1222 32.9986 28.5683 
13.0628 11.8069 14.818 8.8618 26.8526 12.3573 4.6685 17.0685 24.4026 21.5374 18.8195 17.0172 24.5824 23.3573 21.9883 
29.7122 24.0088 25.0673 17.504 35.1464 21.695 16.4305 32.514 32.1063 24.5296 31.9473 29.3678 42.6525 38.9591 32.9933 
7.6579 7.3659 13.2137 14.3201 20.3299 13.7958 9.6473 14.5866 15.8674 23.5822 17.4935 13.0342 22.7068 20.9611 14.5027 
9.2685 4.7716 22.5227 23.3107 25.8659 24.1561 17.8407 20.1649 14.5745 39.4618 27.5327 20.1319 31.2948 20.5347 4.5665 
18.4819 20.635 9.7079 2.9232 22.0106 5.4523 2.2719 16.3478 27.7928 12.7456 19.5478 17.2092 27.9316 20.0962 24.6127 
15.8181 12.5241 15.515 10.2494 32.509 16.194 6.7448 21.1061 29.0814 20.0801 28.9101 23.5203 30.785 27.8151 19.7938 
9.8986 2.5294 22.8583 21.7352 25.7634 23.6521 17.5973 22.3691 19.1525 32.7958 22.8467 22.1821 32.72 23.168 11.6279 
10.7465 19.2477 8.8528 17.2795 10.4698 12.8607 16.307 2.6983 13.5131 20.6252 6.0893 2.8997 11.4614 6.5553 24.5985 
18.5545 13.6635 19.4513 12.7492 26.6499 15.6145 7.2837 25.7259 24.4164 19.5333 24.9994 25.106 34.6047 25.7907 20.4407 
19.233 20.4685 15.4336 9.3494 28.0694 11.4253 7.0711 22.9447 27.7557 16.7494 30.2107 20.9977 32.3341 28.4977 26.6898 
16.2127 16.1663 16.2815 8.6601 29.5549 13.2356 6.3631 23.5423 28.5675 19.1108 28.0751 22.5232 27.1066 26.2223 22.7929 
13.4367 22.6978 13.609 19.5656 3.7073 17.6623 17.6806 2.7824 12.9531 25.3083 1.8843 3.0706 6.462 2.7921 23.1987 
19.3581 22.7158 18.8067 29.7915 3.0511 20.9647 27.0164 8.5081 17.2476 33.2344 6.7092 9.9862 3.1157 6.3823 26.7307 
22.6526 20.1662 11.6117 3.3698 25.2883 5.9582 6.2183 18.9008 29.8638 10.0508 25.1571 22.9562 26.9406 24.4642 27.7354 
36.9975 35.6075 17.242 15.1727 34.4799 13.3011 22.701 27.8391 42.3774 6.6639 23.3687 27.8881 29.3582 30.0151 44.4215 
22.1382 24.792 23.0796 32.9903 4.9732 27.9916 25.7546 11.127 14.0338 31.5805 9.4995 11.0257 6.7776 10.0399 35.4256 
26.5642 30.3105 6.9049 8.0594 25.6627 4.957 11.6817 19.0601 32.9749 3.8934 20.7282 22.1444 21.2166 21.9627 34.7901 
4.0859 10.346 15.8823 23.5617 15.154 24.9133 16.9483 10.498 6.04 29.8855 14.0474 10.3655 16.6358 10.0403 13.1464 
EOF