I 150
J 15
bounds (0, 100)
cv 0.5
D 25
k 5
t 3
FLR 0.8
FCR 4
λbounds (80, 120)

λ 
110.7629 88.1593 86.0676 
117.2476 86.2038 94.2203 
90.0643 97.6602 107.4915 
85.76 89.6088 89.6759 
113.3616 91.7772 118.5431 
105.3072 95.0154 83.2284 
88.4024 98.8876 112.2442 
94.2404 83.4887 106.6701 
88.7381 101.822 110.065 
110.5253 82.6407 116.3857 
111.8264 96.9526 106.2633 
107.1136 103.438 83.2182 
100.2923 97.8488 88.7737 
87.6367 117.5582 99.0158 
111.8198 88.394 109.7654 
89.2685 82.6346 85.6787 
93.5324 116.6162 100.0867 
114.7124 92.124 89.5292 
103.2425 110.9932 82.9473 
110.1119 113.7881 113.3605 
90.57 93.5797 110.0985 
97.6133 119.3936 102.2262 
103.4739 115.9859 104.4869 
88.5076 82.4929 112.0681 
86.2477 89.5145 112.1874 
86.6352 80.8475 102.9768 
88.2383 85.543 116.4477 
112.8881 103.0975 114.8858 
84.6576 89.1283 84.7731 
106.3493 84.4793 89.1103 
88.829 117.8558 106.7545 
95.0332 100.3046 84.3575 
82.5973 112.068 110.7112 
86.5812 97.5875 109.2651 
82.0852 97.248 97.455 
112.5001 86.3328 114.0585 
118.8133 103.8539 111.1202 
84.1195 95.0093 114.9434 
102.104 81.0746 81.1108 
115.6714 94.5418 110.1566 
97.9921 109.8219 109.2694 
89.0748 111.7643 95.0556 
119.4751 109.6959 110.3266 
103.2544 117.4434 107.4655 
92.5412 98.2088 90.7411 
92.6553 84.99 89.151 
98.8207 105.2464 113.9121 
98.5919 85.1434 83.2996 
95.4206 119.6646 94.1097 
110.5114 98.2681 92.5307 
115.8218 105.4115 98.5172 
111.7743 87.2096 94.7494 
107.6975 107.3545 108.4791 
110.8487 95.5454 83.61 
88.3199 111.9284 87.2095 
97.639 113.2663 101.9623 
94.4875 114.9518 90.2764 
117.8371 91.0486 93.1863 
85.0406 97.1647 82.0635 
89.2097 92.8135 83.2054 
119.813 93.1294 112.7481 
93.3448 81.5257 87.2882 
91.5841 111.9664 82.1064 
108.3089 87.4296 116.4023 
112.3557 109.3132 95.0485 
84.9785 87.8203 118.3292 
115.4607 116.7058 104.1197 
92.1512 86.5332 107.2392 
108.9411 114.9104 83.7062 
110.4236 80.161 107.4548 
82.6715 103.6139 98.0892 
105.3881 95.0782 115.5708 
112.4776 106.9544 103.6695 
106.368 99.4184 96.6876 
105.0974 93.9141 96.8638 
117.8569 88.5285 119.9895 
89.9101 107.1015 119.3081 
82.851 80.7609 113.8944 
101.8236 109.4632 95.1448 
112.3878 105.6115 103.8005 
110.1377 96.5656 94.6866 
95.4237 97.1617 117.4283 
112.5807 87.2911 98.3521 
92.522 118.4871 98.2312 
114.0219 109.8926 109.9614 
109.5202 118.2258 111.2508 
97.4012 85.4137 87.5281 
83.9967 95.973 82.3124 
103.7402 119.8039 99.4222 
100.5537 112.4308 109.1055 
83.6173 85.5494 100.5324 
98.1587 95.5349 88.4031 
112.8335 105.7864 101.3146 
97.1344 114.9909 96.9028 
93.7652 105.014 83.7068 
99.7057 83.74 95.7159 
105.2236 110.5349 108.4721 
114.9248 105.2803 88.3938 
89.3263 89.9264 96.7905 
116.4556 116.4665 93.1923 
95.3591 112.9076 80.7634 
92.3115 109.6053 115.2002 
86.3531 95.7195 87.1821 
91.0324 116.2056 80.0758 
80.0954 95.8976 105.1429 
93.8778 101.9496 111.9445 
83.4371 106.3971 118.6395 
102.9932 80.3226 119.4912 
81.2185 95.6345 80.9631 
86.434 86.3662 114.3031 
101.9023 114.8016 117.4494 
116.3411 102.3963 84.9181 
85.4959 103.5996 80.5459 
94.915 86.3212 88.1465 
84.1233 102.7477 103.769 
102.0589 104.2899 103.8425 
82.7839 84.7845 102.656 
103.8474 113.0884 113.896 
94.5394 97.3336 102.751 
102.1404 99.356 113.0368 
106.9691 88.1434 81.0672 
118.6894 96.0795 102.3549 
97.1924 93.8367 116.5575 
109.6206 89.5493 91.9384 
111.1663 83.4079 116.0141 
109.1035 99.7382 84.1352 
95.1478 111.3124 117.7015 
97.4617 93.3174 109.3563 
87.0371 116.857 107.7716 
108.1002 114.8293 102.2636 
108.1431 113.3815 110.0874 
91.2247 98.9232 105.82 
109.2863 81.48 104.3826 
113.363 115.3992 116.695 
118.8551 109.9117 92.0478 
118.7969 93.0934 91.7706 
82.8123 101.2819 86.2133 
102.5727 84.4668 86.837 
91.042 119.4854 104.1936 
102.4948 98.2051 80.0868 
96.7867 93.2004 88.3632 
112.7845 106.3708 99.9219 
87.222 101.496 100.471 
105.3432 99.0512 97.8884 
111.7842 117.4104 118.4337 
82.4168 93.935 85.6541 
98.7225 94.5743 96.8154 
95.0032 91.9917 119.2348 
82.3676 82.4587 91.5445 
114.9909 102.701 98.7204 

Icoords
62.4548 62.9808
33.6685 22.6603
13.4357 90.6735
0.2579 21.4502
14.7777 6.0184
52.0504 28.7001
82.4564 73.5863
68.8094 49.2736
7.3337 47.235
28.1994 47.8889
96.4773 19.7942
71.9587 66.1412
85.8402 98.7773
90.502 15.0512
92.3391 67.7008
41.4384 24.5006
28.6796 23.4184
70.9179 64.3398
61.2576 10.438
82.3705 74.7939
42.5962 24.5415
87.5844 22.5373
9.6497 71.9188
96.3107 40.4693
63.2946 88.7916
21.7122 38.3128
35.0056 13.9651
87.3052 43.1686
76.6937 6.5072
48.1829 63.4867
33.3349 47.5937
6.131 75.4629
91.4564 91.3063
39.8472 84.2699
7.8112 27.6821
4.0697 32.1102
63.1526 73.7538
6.6781 56.3261
73.9258 65.8253
9.1504 62.2703
57.7305 22.2795
80.5979 82.7379
60.5127 24.123
28.5264 69.6871
96.5162 91.8017
90.2655 19.4857
87.7659 29.3418
92.8176 41.9146
30.0232 31.1706
82.7451 16.8635
94.189 35.3806
74.3135 29.7938
43.1448 84.9434
27.339 99.6698
89.7858 76.6877
80.8761 99.5796
94.9403 55.3517
79.4654 25.6005
80.0509 88.5668
59.7814 58.0641
93.6056 0.6731
28.4687 53.7752
69.3466 23.0128
7.0443 8.7058
92.9804 70.5526
71.347 0.7441
53.7323 9.0784
53.3488 35.0898
30.5134 88.4427
58.4919 12.9598
52.7473 18.6577
96.6079 33.0304
90.0579 2.1603
66.2352 87.0163
16.5384 73.1402
51.8773 92.6069
3.339 39.9603
87.022 14.732
6.6188 19.8863
55.4285 72.5641
29.932 7.7387
62.6701 62.3925
14.3296 43.519
52.6083 16.1425
1.3111 36.8918
75.4815 97.0095
12.4868 24.6668
25.5716 96.0061
92.8522 28.9258
43.5856 89.7236
49.2789 54.9442
47.0382 81.4297
79.7754 48.5583
9.8579 63.6636
87.309 82.9299
48.7787 90.5792
77.8878 83.1456
65.6488 29.8455
54.6359 75.0733
21.805 72.0254
47.2049 41.7758
27.257 25.3373
70.6584 79.5359
5.5028 21.6287
6.4704 56.62
72.8744 67.1269
96.6396 4.7686
72.2944 21.2244
4.2562 28.0897
24.5124 42.9206
51.2214 45.5371
32.237 86.781
67.369 39.3558
34.7108 2.7307
94.6736 99.3302
99.2256 48.1335
96.7218 35.4584
58.4632 14.3772
87.9335 63.2976
17.8419 16.8954
90.8051 46.2215
78.631 16.3986
73.117 71.8492
58.4614 22.916
55.0095 95.2693
72.1895 79.118
95.8801 42.5277
84.6139 97.8661
32.9321 1.0401
45.636 25.0982
2.4049 29.5348
73.7824 16.9192
53.755 10.7734
61.7167 26.9103
5.8694 25.9832
63.869 87.2246
79.06 31.7117
49.1347 74.7436
38.3252 60.9583
94.8649 0.7737
69.0023 58.7646
89.2709 57.915
77.6532 86.9959
71.1554 94.9133
61.0991 24.697
15.712 37.1309
19.5635 17.1925
87.1233 50.6608
30.5759 47.5867
94.9467 73.5818

Jcoords
45.9876 24.9716
98.7128 55.4587
79.6079 0.638
84.0827 53.4225
99.7219 39.0425
10.1668 99.5115
59.6674 57.7974
94.4222 45.3358
69.8113 35.6764
38.1262 72.6952
20.2082 17.2006
48.1804 9.8135
48.1887 82.6663
18.2699 91.2618
62.862 58.6211

C
14.0258 11.8718 19.5983 8.6639 17.1591 23.5813 2.1234 11.3521 10.4063 8.8465 21.7782 21.387 8.9271 17.4117 1.5168 
4.5962 22.9464 17.2144 22.9501 23.5877 27.5168 16.1596 20.6474 13.4607 17.5866 5.02 6.9288 20.3673 26.7875 16.5822 
24.6368 31.3137 39.5661 26.1083 35.586 3.7674 20.0992 36.3921 27.8568 10.137 25.4335 30.495 13.3488 1.628 22.9806 
16.6857 31.551 29.9342 32.8358 33.777 29.7361 21.9873 37.2265 22.7179 19.6381 7.5921 19.6521 25.2992 28.0028 26.4146 
12.9077 30.9678 25.5398 32.7217 30.1666 31.508 22.868 31.3626 23.8125 23.2003 4.6082 12.1393 27.7764 32.5562 22.3853 
2.8328 18.2349 12.515 15.3193 19.1415 24.8376 9.7753 16.0187 6.6825 15.3159 11.7849 5.8319 20.4784 27.167 11.1287 
18.4689 9.1285 23.2298 7.9865 11.7747 30.4196 10.5407 10.6797 15.3019 14.7738 32.9574 26.0569 11.7021 22.1631 8.9451 
11.3216 9.3716 19.649 5.5916 10.4881 30.4398 4.7172 9.4144 4.2784 12.8425 18.5871 17.4279 15.628 21.6632 3.9951 
13.8103 32.4514 34.0361 27.6731 35.1896 20.2397 18.3124 29.591 24.9386 15.1389 10.5679 20.8182 21.4692 17.6696 19.6976 
8.8047 21.5238 27.0291 20.0648 25.375 18.887 11.1246 25.4683 13.4438 8.8626 9.9575 15.2176 13.3415 13.9625 10.9547 
19.6978 11.703 8.5433 11.354 7.5971 37.3742 18.0574 8.52 11.1207 31.4416 30.0903 15.2391 27.1045 35.0461 19.9059 
15.7177 11.117 21.0177 5.969 12.9928 24.6426 4.589 11.6196 11.6725 10.8898 27.5578 21.3993 11.4612 19.2822 4.4366 
27.0171 16.9691 38.4399 14.6742 18.5942 26.5929 14.9667 19.0199 22.5133 17.814 34.321 32.0637 15.4477 25.3456 14.1064 
16.7102 14.0441 5.7002 12.0565 8.3146 45.6117 19.3961 9.9185 11.0111 27.9451 22.1951 16.3115 27.8933 35.4593 20.4481 
25.2166 4.5933 25.2632 6.0845 9.8992 26.5578 12.0786 6.7857 15.6148 16.3491 34.7805 28.7954 18.1996 27.6239 9.432 
1.8038 24.0436 17.9699 15.7724 19.9673 26.9242 14.2806 19.9608 10.542 17.2219 7.0045 6.2832 19.71 27.2987 15.1123 
5.533 29.8277 22.2104 19.7965 28.8778 25.6474 17.7358 25.4538 13.9703 18.2082 4.1823 7.2189 19.3432 26.7068 16.5654 
18.1266 8.9726 23.6401 5.2146 12.4898 23.6146 4.9312 11.099 10.8601 10.4395 21.0892 19.5191 10.984 20.1522 3.8114 
7.6966 18.1607 6.2805 17.988 19.0971 40.9203 16.7794 16.2868 9.796 23.1857 14.9936 4.666 25.3821 35.4736 19.2598 
21.8762 9.605 23.8354 7.9499 13.0465 27.7642 9.5092 11.1366 13.1757 15.2726 31.8035 29.2237 13.3361 21.4695 7.8733 
1.2809 22.4437 14.8525 18.0512 19.302 26.2693 14.6872 20.4494 9.5772 15.9252 7.2826 4.9663 21.8799 26.8017 13.3224 
12.7837 11.0961 7.8031 9.8223 7.4247 38.0682 16.6043 8.9352 7.3999 25.6123 24.8653 12.6748 24.7645 30.8933 15.5235 
21.5029 33.1401 36.5544 28.815 35.0554 9.3197 18.1593 34.2222 25.7551 9.8024 21.5554 24.1698 12.2869 8.3818 17.7929 
19.1402 5.2191 16.1277 6.4573 1.2468 39.1424 14.6125 1.9476 9.8669 23.5189 26.7549 22.4433 19.6552 28.9585 12.0639 
25.7227 18.837 30.2928 14.5847 21.1554 18.9857 9.4897 18.2278 16.632 9.121 31.2335 29.0687 6.2969 17.9828 12.0423 
9.1825 25.5671 26.4141 23.2697 28.0145 23.2235 15.5682 22.309 16.8792 13.1481 7.7043 13.1891 19.3758 17.0219 13.872 
4.9583 29.3394 16.5488 20.957 27.068 28.9776 16.2047 25.6262 12.9138 21.1609 5.2787 5.3168 25.9811 24.6121 15.7949 
13.8196 6.268 15.0929 4.0897 4.4997 29.9181 11.148 2.5533 6.3354 17.5069 25.167 17.6347 20.3401 28.7829 9.4302 
11.1575 21.1 2.2961 18.1473 12.8988 43.0409 18.8014 14.5639 11.4785 25.2566 19.5289 9.6676 26.6238 41.1452 21.1413 
14.7907 18.5622 25.3103 12.106 20.1586 20.1534 4.3512 15.6027 12.5245 5.0998 17.4959 16.3006 7.342 14.4297 5.5595 
10.0337 26.1883 20.8123 19.9933 26.5801 18.9149 9.7486 20.4721 14.0103 10.2091 11.9581 12.4943 13.5976 15.3871 12.4122 
21.1699 33.0283 41.4969 32.1034 39.9903 8.9029 19.9344 28.0336 23.5775 9.8913 22.4531 24.0979 16.0354 7.5252 23.115 
25.912 11.7222 28.4193 12.25 19.0488 31.431 13.9443 14.6444 21.6743 17.5271 39.0025 32.2947 13.9955 26.6399 16.5329 
22.481 23.9935 33.1609 19.9214 25.1223 10.7669 10.9363 25.2538 17.3837 4.0758 21.4618 25.713 2.9713 8.9639 13.4983 
13.6441 34.7886 27.0366 27.5383 27.8479 26.699 22.1577 29.2665 24.8678 21.4582 5.7745 15.6413 21.8022 22.9772 22.1401 
16.4345 31.6227 29.5087 28.6829 32.5495 26.9285 20.9519 30.8554 20.3704 17.489 6.7343 19.5133 20.8882 19.3811 19.7026 
20.0547 14.7725 24.2746 10.1456 16.7849 18.3932 6.3566 13.4113 14.5344 7.6674 26.2171 26.2088 6.352 15.0552 4.9236 
16.905 32.7382 34.8505 27.2888 36.9078 17.1441 20.7268 35.2392 20.751 12.203 14.2329 22.5971 17.0593 13.0118 22.4586 
17.5107 10.5159 22.6142 6.313 14.2755 26.4286 5.3294 10.2478 9.2137 13.0537 22.8818 23.0615 9.5071 23.8531 5.087 
20.5341 32.147 28.4574 27.5026 29.4907 11.2436 17.5422 34.4706 26.2288 10.9873 16.5624 24.944 13.5571 10.2178 17.7441 
3.96 18.5397 10.6413 12.9038 15.4314 33.3063 12.6667 16.1291 6.8243 17.3801 13.2564 4.8839 23.1339 28.8402 13.7229 
22.2495 10.2757 25.0998 11.1268 14.6859 23.1683 11.5456 12.6803 15.9861 14.0617 32.6529 25.0189 10.1311 20.961 11.8338 
5.3733 16.3689 10.9904 12.0669 13.3826 35.3278 10.4626 14.3993 5.646 21.0883 14.8693 6.572 20.4606 27.0093 13.724 
15.2076 26.9126 26.2823 20.5503 28.2914 10.7694 10.1734 27.96 16.1272 3.2685 16.3357 19.321 7.8525 7.9645 13.6976 
26.2154 12.3682 30.3096 13.6843 16.4278 28.4179 16.4714 17.7541 21.8909 19.6474 37.3612 36.4713 14.7796 24.5152 14.9769 
14.2371 12.6559 6.6018 10.735 8.359 35.3828 15.2045 9.0381 8.5616 24.1593 24.7714 13.3045 27.8436 35.7647 16.2724 
15.097 9.2941 10.3368 7.6298 5.3241 38.699 15.7603 6.363 6.1668 22.2433 23.8936 15.8684 26.2772 33.3131 13.2919 
16.4193 5.492 16.122 5.6938 2.3406 35.4303 11.5716 1.4363 7.7852 18.8777 29.1537 21.8332 19.9981 28.1613 12.5501 
5.9957 25.5437 21.2253 19.9641 26.2891 24.8729 12.8586 23.3554 13.3862 14.63 5.6734 10.0832 21.1106 20.9467 13.3582 
14.5746 15.7089 5.875 13.5322 10.8063 39.7402 18.6884 10.4169 7.5316 27.1588 19.0865 10.6217 28.2954 33.1182 15.2532 
17.792 7.4505 13.8845 7.3661 2.3992 39.2253 12.5007 3.6745 7.3212 23.3756 27.9282 17.7012 24.5142 33.6253 14.1242 
8.8815 11.9445 11.3611 9.7519 9.626 29.2647 11.4179 7.8176 2.369 18.4428 18.1765 10.6847 22.2157 27.4084 9.5382 
20.4193 23.9168 33.2324 16.2441 27.5392 10.9022 11.1385 24.5177 18.8566 5.1662 25.7473 27.3409 1.7892 8.164 9.873 
25.9921 29.5194 34.6576 24.2082 35.6715 6.5188 16.0605 31.7942 23.4103 8.8665 27.5564 31.0577 8.3537 4.5671 18.8695 
25.9425 8.4219 23.6935 8.415 12.6264 30.6538 13.5881 12.0813 17.4531 19.4094 27.6728 23.8801 13.7 26.523 12.2658 
30.7953 17.7272 39.4216 14.0424 22.1022 24.0129 18.7287 21.6482 25.6239 20.1346 31.163 32.1953 11.6632 23.0899 17.3879 
21.5763 1.3847 17.8249 4.3328 5.8584 29.4117 11.3745 3.8643 11.4672 18.8781 26.7076 22.4399 17.8899 32.8748 12.5592 
11.8566 13.7586 9.5184 10.8382 9.3694 34.0425 12.0194 8.236 4.6119 24.4266 19.5229 11.953 22.6786 33.7845 13.531 
22.4366 12.8078 31.1096 10.6938 21.2938 21.6169 11.4084 13.9906 18.6129 17.2096 32.2064 29.1575 11.6913 23.9938 12.8273 
12.2184 13.6604 18.5902 9.5573 15.8242 20.0412 0.0959 11.4443 7.5705 8.0181 22.3102 17.2002 10.0655 17.3759 1.1239 
19.0529 19.8138 5.2785 18.9859 13.9796 42.9825 23.0765 16.2778 16.803 30.774 23.4659 18.0663 31.2219 42.7926 19.8238 
13.3267 23.138 22.943 20.8557 28.3111 16.956 12.2902 21.0977 14.7352 6.9399 11.7212 14.7716 13.3762 15.0618 13.3514 
8.8818 15.7193 9.4105 12.8443 13.4497 30.9593 13.6626 13.2073 4.0399 22.0979 16.8186 9.5587 23.2671 26.2215 11.8716 
13.1802 35.841 28.0215 30.6599 35.8958 28.2028 23.8209 35.3021 23.7399 26.6415 4.7251 15.5757 27.8532 31.635 28.4547 
23.3194 6.1289 26.9424 6.951 12.567 31.4164 10.8334 9.987 16.384 18.0278 35.9133 25.6837 15.0246 25.8012 12.3849 
11.9492 19.8212 2.5851 20.0688 16.1678 34.8659 23.2713 18.1905 11.9094 27.8802 16.6751 8.2174 30.9968 37.7964 18.5899 
6.1862 25.3527 9.1995 17.2868 16.5932 34.5708 16.7311 17.0858 12.227 25.5855 11.0967 1.9125 22.8547 33.2791 16.2314 
3.8526 14.9778 16.8638 12.1602 17.9789 24.5773 9.1853 16.7254 6.0999 14.9337 11.8254 8.4751 18.1564 22.2385 8.6551 
25.8904 24.0604 39.7563 20.6466 30.5855 8.8921 14.5884 29.6866 22.4746 6.4245 23.2795 32.0021 6.4879 4.9539 14.6687 
6.3946 18.4904 8.8796 16.6848 18.3099 34.0408 17.2191 17.131 9.2005 24.0392 11.7441 3.3226 21.9424 29.6216 14.1784 
3.132 21.3213 12.8798 16.9894 20.3753 32.2939 15.6562 16.6756 7.7289 19.582 12.2404 3.6341 25.4501 28.5249 14.1809 
16.8536 7.542 14.0696 9.4505 2.3298 40.0212 14.4454 4.843 9.0986 25.5804 25.9581 16.7292 23.8602 29.693 13.2603 
15.1949 19.7573 3.8186 19.9005 13.7296 47.2763 23.1332 13.7564 14.9853 32.9427 26.1009 13.2354 35.308 35.6084 24.7481 
22.3598 13.8027 33.9927 14.5315 18.4935 17.8937 11.7935 17.4398 17.6111 9.6218 28.1473 29.1851 7.3585 18.6737 9.7509 
20.0933 27.9735 35.3631 22.3404 31.4203 10.8005 17.3769 27.1746 19.8833 8.2872 16.9917 23.064 11.1057 6.2932 18.8357 
20.51 18.7826 28.9713 16.251 24.2252 16.666 11.5572 21.4005 20.8193 8.2251 32.2566 26.7772 3.8934 13.3091 11.8152 
16.803 30.0503 26.2833 25.548 31.3259 22.2802 22.6001 29.5167 21.262 14.8748 11.1562 20.8081 19.0992 20.2233 19.4437 
15.9359 12.7453 5.2473 11.7609 9.5422 42.0875 17.1984 11.1554 8.7696 28.384 22.0636 12.9749 24.2028 35.9555 18.5619 
12.4883 30.4864 27.9821 31.2239 37.1184 28.7573 22.6449 30.1677 23.097 21.117 4.574 14.7025 29.4781 27.6119 22.0103 
17.9427 14.6281 27.3401 10.8582 19.5919 20.5859 5.3709 18.025 14.9699 6.3415 19.777 23.031 4.0729 14.0018 6.0549 
7.4452 31.6857 18.6622 22.494 27.3983 32.7537 19.313 26.2393 18.0646 25.1606 4.2399 6.8101 23.8069 31.7515 22.4494 
13.668 12.6774 24.6087 7.2386 15.8365 20.5244 2.194 11.624 8.6862 8.305 20.1845 17.9979 8.3912 16.0364 1.4724 
11.1027 26.7943 30.1086 22.2982 33.648 22.2847 14.7162 27.4388 17.7906 12.8952 8.8101 15.6302 18.866 15.9428 18.9639 
4.2035 24.0853 10.0223 16.2275 16.6791 35.5866 15.049 16.5382 8.1081 21.121 9.7285 3.0827 22.0812 28.6442 16.4438 
14.5932 37.2428 28.922 32.5892 34.0484 19.1689 21.299 32.9377 22.4442 16.3049 8.9954 18.6421 20.049 17.8208 21.9516 
25.4854 16.8376 38.5164 17.5711 23.2162 25.0666 13.1071 17.6334 19.0081 16.0278 34.6189 29.0466 9.5271 19.0381 15.9213 
12.8682 31.3041 23.1415 28.4933 35.0022 29.2708 21.4116 25.638 20.226 17.7159 3.4317 11.6833 25.0429 21.9855 18.6927 
28.5811 26.5939 41.2364 25.9723 31.2399 4.8439 20.448 25.9194 25.6231 8.274 30.1654 34.9216 8.0481 2.6454 18.2383 
16.2539 10.2141 11.9473 8.1726 3.8361 35.2458 13.5126 6.3632 8.9099 22.7818 27.5499 14.8001 25.9665 38.1227 14.1047 
24.4153 25.5998 32.2488 18.3769 24.4208 10.9622 11.1605 25.47 22.8101 6.3196 23.5298 24.717 3.1142 9.4957 13.2059 
9.9866 18.6969 21.0365 11.8307 16.671 20.7298 3.6963 15.3233 9.3848 7.0459 18.399 16.2022 10.82 14.8804 4.2765 
21.9095 18.5184 27.3785 14.2572 24.4035 15.8516 8.537 20.7227 19.0171 4.4711 22.6712 22.7768 0.6423 12.0119 8.8527 
14.0142 6.1756 15.9192 2.2409 7.9428 25.8966 7.4176 5.2745 6.0469 16.7905 26.8863 17.8729 17.0283 24.6269 6.1088 
16.6225 30.2321 29.4806 27.6559 33.2824 10.8982 17.1526 32.9584 21.0931 10.713 17.5556 22.2275 14.5931 10.6492 18.7576 
26.0662 11.273 31.0191 8.9406 13.9518 26.6854 13.4493 12.9973 15.4543 17.7787 31.1472 30.7414 13.1799 23.8314 10.7047 
20.1006 20.7014 36.9474 18.1184 28.8122 13.1735 11.5373 25.2185 21.8301 7.5334 29.8284 29.238 2.4051 9.4326 12.6039 
23.6126 13.3001 26.1276 10.6843 19.5371 24.6564 12.1934 12.735 15.3314 12.7612 27.3171 27.3521 11.6881 20.096 11.0358 
7.272 13.551 11.7704 10.403 12.7724 31.7319 8.5897 12.9307 2.4781 19.3524 14.669 9.983 20.6338 25.1939 10.8124 
16.4171 17.8214 24.598 12.2332 22.9069 18.5867 7.1363 18.0457 13.0624 6.5703 25.4877 23.8836 3.4754 15.4807 5.7978 
19.0984 27.0553 36.2644 24.6078 32.1858 11.3723 13.5216 28.0067 19.7506 5.6796 19.0158 20.5014 10.3326 6.9257 16.4164 
6.2625 16.9156 18.0037 13.0599 17.1069 26.0454 6.8079 16.6582 7.5513 10.4344 12.3722 12.5447 14.0868 17.3865 7.725 
5.8676 28.9786 18.8126 22.9588 28.8066 23.4442 15.2152 24.9272 14.2062 16.705 3.7474 10.0566 23.564 22.1227 18.9791 
19.9289 11.1168 27.7199 11.3014 16.7824 21.1754 7.488 15.638 14.2087 13.2509 28.5166 28.4674 7.2983 19.0366 6.9797 
14.9776 32.5738 25.2474 31.6609 32.5675 24.7019 23.6424 34.2795 19.7541 22.6574 5.4827 16.7035 27.4618 22.9797 21.4657 
16.4492 30.0919 32.9362 26.7834 33.7632 15.6876 19.3525 26.7082 25.151 12.5469 14.7192 24.4194 17.5873 13.6431 17.7463 
19.9949 9.8321 23.0961 5.3944 14.0102 24.4829 4.9415 10.0732 10.3804 12.0144 23.4255 21.78 10.9006 23.3071 3.9859 
21.5567 17.1222 6.2846 18.1898 12.3437 48.6152 25.7611 15.5117 16.2727 31.1548 25.1357 17.5299 35.9056 43.6289 23.0565 
8.7529 16.1554 8.422 12.282 11.9119 37.2789 13.3485 12.7272 4.864 22.1603 16.827 10.2575 23.1599 31.7634 11.8133 
12.818 34.1049 29.9855 32.118 30.7206 24.1729 24.0424 36.5641 23.137 20.7059 6.1941 15.5284 23.5128 21.4118 21.47 
10.6664 28.769 21.4671 19.6166 27.7816 23.2998 13.9409 27.6169 15.5698 11.8385 10.3528 16.0631 16.6224 19.1948 14.3255 
7.5207 16.3356 19.1285 12.0611 16.9603 22.4735 4.7224 15.7123 7.3841 11.635 16.1525 11.8494 11.9134 19.5516 6.2083 
24.7773 28.4977 31.6259 21.7133 25.4271 8.7392 15.4755 22.7481 22.6132 5.2215 24.1707 27.6206 6.4149 5.4463 14.7069 
10.2614 12.8091 15.6943 7.0342 11.2529 32.2663 7.1627 10.6807 1.7307 14.6567 16.7676 12.1111 14.3429 26.3575 7.1347 
8.9297 28.3768 13.7849 27.3707 24.0521 34.5462 19.9814 26.3337 15.8236 25.5394 7.7952 5.0281 26.2971 31.6507 23.4361 
31.6144 17.1954 31.6678 17.1634 18.1859 26.8394 21.3686 17.4944 23.7061 21.3021 39.7107 39.0369 15.3725 28.3881 16.6566 
21.7022 2.5069 18.7462 5.7391 3.1929 35.2351 12.2164 2.0012 11.5891 22.6002 27.5528 22.9016 20.4216 33.407 14.3209 
15.8114 7.1794 15.4536 8.731 1.5901 35.6091 16.6536 3.5607 8.7839 20.9807 30.214 18.1552 22.9657 38.1342 14.0713 
5.2571 18.8412 9.8571 17.9048 17.2328 36.4699 14.1821 15.9242 8.6712 20.3816 12.996 3.4155 21.5184 29.8617 15.5217 
18.4262 4.9381 21.2513 3.9843 10.4987 30.3422 10.3897 5.9051 12.9863 18.4143 27.9199 22.5842 15.8592 25.1999 8.2097 
9.1622 29.0825 21.588 29.7509 33.2928 32.8153 22.2362 32.5375 20.4513 22.2468 0.8988 10.0939 24.2655 26.3931 23.8042 
15.9613 3.7756 17.6395 3.8764 4.4474 33.5686 11.4442 1.4423 8.2814 20.7706 23.1811 21.0831 18.8355 29.0211 10.1067 
13.2605 17.3748 5.9421 14.6848 11.5764 37.4513 17.0849 13.0016 7.7951 22.533 22.752 11.8138 22.9132 35.2834 15.0808 
20.3865 10.0513 23.0823 6.51 14.3273 21.0612 5.9326 12.663 12.9166 11.1408 27.9309 24.3571 8.8234 22.1089 5.9703 
4.6244 19.9642 9.694 13.1586 16.546 34.5628 10.9872 14.7685 5.8628 17.9654 14.9374 6.5186 20.9587 31.6674 11.6812 
24.3524 20.9157 35.0918 17.0699 25.6748 13.5939 13.3067 23.976 22.6948 10.9995 33.4974 29.9363 4.4295 13.1273 13.0206 
18.7136 13.1897 25.6985 9.6127 15.1262 25.1756 9.6035 13.5156 14.392 11.283 27.1718 27.1745 9.5567 20.8092 8.2939 
18.6918 4.882 15.895 6.2098 1.5764 39.7709 12.9298 1.1761 10.0323 21.0982 29.3736 20.6084 24.7094 35.0899 13.1388 
29.9708 15.8514 34.4935 13.6096 22.2282 24.3055 15.5524 19.4515 23.0585 19.0366 36.9848 31.5704 15.0102 20.3549 17.598 
10.8335 29.1462 14.6521 24.1753 25.5969 34.5857 21.8645 29.4343 15.9978 24.5488 7.0282 6.7237 25.5347 29.0395 22.0968 
0.1423 18.9249 16.1586 16.6756 22.0514 32.7923 11.9344 20.0864 9.2544 18.3925 8.3153 5.4945 21.7764 25.9048 13.8246 
15.6046 39.3459 30.0636 27.9892 38.8677 23.9802 25.0896 28.1213 21.0976 20.0851 7.8252 18.8107 25.7401 24.3843 23.2601 
9.6044 15.0047 5.5265 11.3938 13.1222 36.2484 14.8725 13.9151 6.5016 21.7795 20.2192 10.4313 21.3916 33.4571 16.4629 
5.8036 19.2571 11.0436 18.9078 17.4735 38.0336 18.4316 17.5428 10.904 20.9345 13.4749 2.1478 22.7429 28.0164 19.1661 
6.3345 16.9771 12.0404 12.7021 12.4591 30.5589 10.8188 12.185 4.7489 16.5692 15.2399 8.6006 18.0268 29.5206 10.9505 
13.9937 30.6257 31.1189 32.1518 36.2823 24.9097 21.7628 35.1513 23.9611 21.1798 5.3252 17.8555 26.0104 24.8907 21.5616 
23.7707 18.7659 27.8097 14.6473 20.5338 17.0503 11.6822 17.1149 19.1421 11.4309 32.0922 29.4772 5.2842 15.5277 9.4708 
12.8697 11.1985 11.2722 8.7332 8.2872 31.83 11.3213 7.0059 3.3479 19.005 18.4692 13.1171 21.6681 29.3162 11.8033 
19.2304 20.7893 27.6517 14.3571 22.1103 16.5623 6.1474 17.5169 15.3865 4.1128 21.2921 21.7994 2.7232 12.1894 6.6383 
13.5731 19.3191 24.4136 15.897 25.6005 19.0393 7.4391 19.1 15.0456 4.1578 18.0346 16.5893 7.208 13.1838 8.1461 
18.5706 20.6727 4.8077 16.7136 12.811 50.7864 22.1943 15.036 12.975 31.0459 24.6069 15.9536 33.8867 36.2773 23.7929 
16.248 10.2626 19.3862 5.0844 11.2619 24.3545 3.449 9.4297 8.2591 11.7371 23.3826 17.4215 10.8234 18.1528 2.1024 
17.3626 2.9698 22.9383 2.5736 7.091 32.2372 11.7349 5.0227 10.0738 20.949 32.0201 20.1555 16.9211 27.3684 8.1817 
22.7166 13.4359 29.9307 12.3642 17.7367 23.5013 12.8498 15.3048 17.89 12.9424 30.0293 32.6094 9.0206 17.8966 10.0732 
24.8418 16.9402 29.9673 17.2137 23.6443 23.8347 12.5224 20.5316 22.2551 14.8041 32.6814 30.9395 8.2405 16.8735 11.4028 
5.9579 15.5928 11.9082 12.1954 13.4727 33.5143 13.1067 14.9497 4.7528 16.2086 14.0598 6.5333 23.7499 31.4554 11.492 
9.964 27.3191 26.9681 24.4873 27.638 19.909 16.8883 26.9777 21.4635 14.2468 8.0131 16.4041 18.5801 19.9207 16.8041 
10.9465 30.0403 22.6031 29.1986 31.2143 27.4991 20.1745 26.9993 17.8394 22.6841 0.2154 11.3513 25.2961 22.8761 22.5261 
14.8211 3.7756 15.1904 1.4122 5.8012 28.7949 11.0579 3.024 6.9147 20.7535 22.983 21.5079 18.6836 25.3706 10.022 
10.5117 24.6719 22.5309 20.2325 23.7721 21.6974 11.312 20.0091 16.0979 9.3471 9.6768 15.2069 13.6051 17.9098 10.7443 
22.0914 6.399 25.4253 7.864 11.217 27.9357 13.6548 11.1817 16.6054 21.9808 30.6043 29.9788 15.6901 24.4722 10.7974 
15.6703 14.3158 20.7169 8.6213 13.3499 23.8747 1.9369 12.579 11.2745 8.5767 19.9841 17.3243 7.4903 19.0852 1.5987 
4.4483 27.3754 18.9516 21.2256 25.5341 27.0426 13.537 21.5942 12.5195 19.9978 5.4398 6.7098 20.287 23.6166 17.6846 
22.9723 33.1774 37.4431 24.9423 37.0038 2.9532 22.652 37.0325 24.6041 9.969 25.404 30.8559 12.9494 1.574 18.9865 
15.6354 41.134 32.7234 31.9027 39.292 27.0056 21.1864 32.0583 28.1631 21.6643 6.56 15.3764 29.9019 28.2768 22.3883 
11.2536 36.0236 22.3653 30.4462 33.8395 35.5705 23.101 27.8897 22.8873 22.7835 4.4565 10.8148 27.2162 33.7762 24.7728 
2.4292 21.4462 11.9014 15.0725 16.3463 30.1358 11.7725 13.9566 6.6233 17.9093 10.749 6.8479 19.1908 26.3635 9.7066 
21.8357 9.1066 23.3101 6.4896 15.2697 24.3219 10.3328 9.7225 13.008 16.1661 31.6975 26.151 12.8082 22.4893 7.732 
13.2852 9.7075 18.1943 5.8686 9.9932 26.3626 3.8173 9.2227 5.0133 14.8691 21.6092 17.3655 13.752 24.8368 4.3087 
16.6607 33.0753 30.0891 30.7915 28.2148 18.287 16.0648 33.5022 20.313 13.1572 11.9796 20.9289 17.2998 17.4019 19.2668 
10.4177 26.3746 25.6885 19.1999 24.2723 20.429 12.2298 21.5583 15.2999 9.8325 10.652 17.0107 15.2228 15.7646 13.5528 
17.5814 12.0497 9.8451 13.8485 6.018 39.7005 20.5863 9.8986 12.3063 25.944 28.3504 15.5794 29.3242 33.3722 15.4635 
17.6745 8.9593 24.2294 6.0042 12.213 25.7592 4.684 10.1775 12.2131 11.8823 26.0762 19.3817 11.4033 21.5584 3.8547 
29.676 14.6237 31.8514 17.4248 19.2259 27.0772 15.9538 16.9902 24.5055 19.9239 37.9646 37.5413 15.2388 21.7626 14.3748 
18.197 15.8047 5.9441 14.9355 10.1677 42.1497 18.4105 10.8682 11.4902 28.0074 25.9998 12.9597 30.3739 39.5649 19.0653 
19.2088 4.6374 27.0516 6.2313 11.4292 27.4918 10.5355 7.6123 14.7338 18.8589 28.5464 24.4342 14.7779 27.5228 9.5492 
1.6277 25.528 14.4182 18.7918 22.4062 28.6715 15.0095 21.8054 11.3196 17.8692 8.1876 5.8808 18.369 26.6768 12.3807 
5.8059 28.2412 18.5672 19.7271 22.4985 24.5197 16.2779 27.1239 13.2921 15.84 3.6779 8.384 19.0438 25.2997 18.4103 
14.6364 11.5492 20.2841 6.2749 12.9268 23.1793 3.9265 9.6693 11.2846 11.0824 24.2671 22.662 8.9986 23.5109 3.1001 
7.7957 19.9177 6.3533 17.4818 16.4367 31.4116 18.3669 15.1362 8.0239 20.6751 15.7508 4.5351 24.5747 33.0751 14.6702 
21.5739 8.2354 25.1266 7.6262 15.0335 24.0857 10.2324 10.1149 13.8372 16.2382 25.7106 27.9974 13.9219 23.2233 8.6842 
1.325 20.0411 15.5618 17.4497 22.8206 29.6184 13.2181 21.421 9.4831 19.0928 8.7528 5.6972 19.9062 21.8518 12.6008 
14.0963 11.8294 8.0268 9.9963 7.4268 42.85 14.2747 8.1093 6.8341 24.0979 25.5615 14.8777 22.3707 38.1164 17.225 
18.9857 30.3324 30.1124 26.445 38.1045 8.3179 15.9817 29.86 26.6682 11.1897 17.4037 27.3125 15.1356 7.018 21.0564 
20.6988 5.3239 13.7781 6.4359 1.3101 37.3565 15.9541 1.9215 8.1084 22.2285 25.7681 19.2762 25.4474 36.4728 12.1933 
20.2673 18.3263 33.0451 15.2739 24.5837 20.1673 9.499 17.7147 19.907 11.5528 28.3257 28.4736 6.2643 17.7935 9.7823 
10.5897 31.5152 26.7388 23.9564 28.4826 24.1826 16.0461 27.9118 14.5766 12.9805 6.6439 12.1973 20.0783 16.1252 13.9271 
5.2942 26.131 14.3563 21.0767 21.009 31.7301 16.2248 20.9699 15.9125 17.685 5.3196 4.68 24.61 31.5164 18.016 
15.6661 6.3234 15.7024 3.3223 4.2302 37.8084 12.1549 2.9469 6.8035 21.9983 25.6275 20.01 19.7342 30.3899 10.8269 
13.4435 21.1697 2.5406 15.2977 12.8709 36.2485 18.5419 15.4432 10.3756 26.421 20.489 9.0648 27.5671 32.6115 19.3728 
13.0199 16.5719 27.6291 13.3961 17.8884 16.4768 4.8126 19.1643 11.7213 5.2634 20.2758 17.4599 6.2736 15.8911 5.827 
8.8517 24.733 24.392 16.8415 23.1798 20.6432 10.0366 20.3804 11.5428 7.6715 11.2861 14.5523 14.306 17.9971 11.9016 
21.7682 30.8971 38.6759 30.305 39.448 9.4979 18.5645 37.2413 23.8178 11.9756 23.8976 30.8338 16.7096 7.0789 23.186 
25.4214 13.5473 35.0212 13.9751 19.1864 30.5568 15.9997 14.0594 19.8836 18.6399 35.0858 31.3167 15.8971 26.3618 14.9044 
22.6479 21.4179 30.5773 18.9938 22.616 12.602 12.4608 23.6381 21.0488 4.3157 23.0133 22.5438 2.6782 9.0319 11.2032 
15.0947 34.2563 30.0594 31.4183 34.914 25.0604 18.5417 29.7438 20.4419 20.6767 6.3134 14.052 22.2729 25.2195 22.5063 
14.1341 35.5122 28.6249 29.8504 35.7527 26.5427 21.448 34.088 25.9271 20.3606 8.1778 16.7158 24.4177 22.0395 24.3784 
19.6306 12.0251 24.7992 9.0835 17.279 21.5157 5.4731 14.7761 13.854 8.0081 24.6193 25.4076 6.1412 18.5143 4.9917 
19.1426 33.5389 35.1808 23.4313 34.8353 14.1156 19.9422 33.0639 21.5946 13.1248 14.9119 23.9498 18.0721 14.4695 20.3162 
15.4122 8.337 25.0352 5.6766 14.4354 25.6138 5.8449 9.445 11.9005 14.3588 21.9108 22.5992 11.1465 18.4375 5.1345 
17.3363 28.8685 33.0068 29.7058 32.9784 13.6018 18.4297 32.1146 21.8706 11.7202 18.3027 19.6479 15.407 11.9258 20.6459 
4.7744 18.2128 11.0229 12.6713 14.4096 35.8913 11.0767 15.8387 6.9975 18.4782 12.9459 5.8653 22.1129 27.4733 14.3395 
24.492 9.8566 30.7897 10.0758 14.4713 23.7837 12.1284 13.9324 14.9287 15.9428 29.1862 29.2885 10.0177 24.9054 11.7949 
4.8073 18.8295 12.0619 11.5104 12.9379 34.2037 12.3456 12.9714 4.9222 18.8046 16.2883 7.2936 23.6613 28.1595 13.067 
15.9133 23.6613 30.3965 17.5112 24.5321 13.5747 10.3301 27.7352 20.829 3.3208 18.4242 22.037 7.0868 7.8331 11.5043 
29.8682 14.236 33.7402 14.8664 16.2798 26.346 19.1589 18.1122 19.4109 20.3724 33.989 29.276 17.2732 27.4886 16.8862 
13.7285 11.1446 6.8919 13.6015 8.1201 38.9155 17.0137 8.3312 8.6294 28.7557 22.8228 14.0515 30.3334 33.1825 17.8443 
12.9463 8.5663 10.6262 8.8429 6.0277 32.2231 15.1005 6.1188 5.7594 19.93 25.9459 13.3083 20.6193 34.3742 14.0991 
16.4791 5.1168 14.9476 5.1448 2.7137 37.4753 12.0164 1.3743 8.7101 23.7728 27.2439 20.3487 21.5029 34.1511 10.5505 
5.4014 22.644 20.5091 19.5724 26.3523 27.7908 15.7435 22.9136 12.6254 15.7047 5.3968 8.4882 18.839 18.5894 13.0885 
14.4655 14.5812 5.6866 12.9286 9.2311 33.0637 17.1658 9.4906 7.2485 27.0944 20.625 11.1579 24.0068 34.7229 18.4721 
18.4577 8.177 12.3396 7.9989 2.5206 32.6825 14.9169 3.788 8.2768 25.4162 25.0181 20.7541 23.4785 37.0095 13.7029 
9.2263 13.8638 9.2068 9.3607 8.3687 31.5858 9.8694 8.5826 2.329 19.251 19.2708 10.8656 20.8062 31.8336 10.8999 
22.0644 19.482 32.075 20.5996 23.3282 10.8374 11.1989 19.9886 21.7641 4.2449 22.7149 28.7113 2.0769 8.59 11.1754 
28.3711 30.359 39.5846 24.523 36.0775 5.8147 18.351 28.7037 29.5854 9.8514 27.664 28.2259 8.0793 4.0415 20.8944 
26.0781 8.4058 25.0056 8.5444 14.176 25.6263 12.3082 10.1449 15.7059 20.627 28.0482 23.8643 15.9777 27.8003 10.3237 
32.4178 14.5625 30.7041 16.143 20.9039 23.6381 18.4616 22.0284 24.2489 15.2613 37.0866 30.5903 12.9182 21.1384 17.5847 
21.6627 1.3915 22.2285 4.1078 5.1072 32.6043 13.0788 3.6828 9.8203 18.183 30.1982 22.6031 17.2943 32.5277 12.2271 
10.7784 11.4921 8.9717 9.7073 9.0509 38.2877 14.1965 9.6747 4.8743 22.9791 18.3798 13.7928 21.5853 32.5189 11.2876 
22.6602 14.5447 27.2759 13.9624 20.3133 26.3491 11.342 17.8948 18.9254 17.9224 29.3098 27.6622 10.797 23.6537 12.3542 
12.3045 12.5249 21.9559 9.1318 14.3112 20.0153 0.1094 11.8724 8.1912 9.2307 21.4 15.2698 10.6149 16.7806 1.137 
20.9293 18.8949 4.9132 19.1788 15.4055 49.1137 23.9203 14.9824 13.235 35.4015 27.6715 17.8902 33.0497 46.8928 22.8216 
12.4771 24.6417 25.4726 19.1372 24.8113 19.2911 11.0602 22.8198 15.1459 7.2203 11.6799 14.8583 12.2778 15.1512 10.4894 
7.3253 14.3496 9.1472 10.729 13.2127 33.2999 13.9334 11.1964 4.5759 20.2731 18.9611 8.4362 24.7608 31.3703 11.097 
16.5523 31.5911 22.0638 32.6374 37.0172 29.4112 23.9505 37.5854 25.441 26.4138 5.5758 13.1807 30.8408 32.3265 28.8366 
25.506 6.2549 26.5509 6.6403 12.4156 28.3634 14.2115 8.2442 16.1788 19.2246 35.3538 25.8422 17.5581 30.5691 9.7673 
12.8716 23.7793 3.1361 18.4213 15.9533 39.0484 20.2022 17.2616 12.5388 31.6604 17.1156 7.8691 32.4015 41.0073 22.7197 
6.8704 23.1948 9.7602 17.2868 18.7833 31.4891 14.7827 21.7238 10.6357 22.1728 12.1764 1.7372 29.3931 27.2194 18.7704 
4.5258 15.0027 14.1304 14.2644 14.3021 30.4948 9.3221 15.1761 5.581 15.3475 15.0228 9.2207 16.7829 25.5167 8.6043 
22.4475 25.174 31.0143 21.869 25.6197 8.9407 14.5631 27.3816 19.9614 6.5469 25.9141 26.3528 5.8854 3.7729 15.7862 
6.9027 22.1592 8.1926 16.6848 18.1294 31.0967 17.7304 17.131 8.8477 25.1058 14.0821 4.1517 23.7886 27.3769 16.3526 
3.095 22.8581 9.9202 15.2577 18.9927 34.7612 13.4105 19.031 9.4087 20.8752 12.501 3.1981 21.8245 25.5992 12.6185 
17.3559 7.8506 13.0343 8.1822 2.5038 42.1367 15.962 4.958 10.5338 25.9054 30.1869 20.1609 22.0781 39.0245 15.2466 
17.9738 17.9214 4.0414 17.0724 12.8527 41.4833 21.5483 14.6156 15.2516 32.1982 22.5998 16.1898 35.5167 44.1787 21.4956 
22.5425 17.3122 30.8023 11.4806 18.7275 22.4146 9.9158 18.8034 17.1531 11.931 29.0755 28.7094 7.2676 15.8615 10.6144 
19.6812 25.8217 32.3745 25.739 27.6625 8.2394 15.0148 26.9596 25.0544 8.1706 21.4653 21.9667 11.856 6.6336 16.6997 
22.3294 20.9466 33.0826 16.2408 25.8053 15.1567 12.8735 24.008 17.9662 9.1809 31.1362 33.1421 4.2327 12.7373 13.6046 
16.577 29.2387 34.1091 26.4812 38.2754 22.6039 23.2323 27.8196 23.0605 17.7695 10.2015 18.3226 22.431 19.0478 19.5685 
15.7625 15.1308 5.827 12.6417 9.4325 43.4606 18.7902 11.8261 10.4558 24.5317 24.9519 13.3077 28.2874 32.6428 18.2312 
12.4804 33.5765 27.1065 33.5621 32.1851 24.8438 20.7084 28.2205 25.2335 18.9463 4.3468 13.8173 24.5312 23.6053 22.6044 
18.1513 15.0004 30.0643 12.8259 19.0919 15.9872 5.5061 17.6255 15.354 5.8847 22.8872 19.4557 4.8298 13.9768 5.4813 
8.9926 29.1157 19.9067 22.3735 25.945 34.866 17.6944 29.5462 17.0518 25.8284 5.077 6.6338 23.83 27.13 18.9462 
12.3282 13.8189 23.4497 8.8706 15.8015 23.9772 2.1139 11.624 10.0993 9.1994 23.9919 17.9651 9.1312 20.734 1.4418 
13.2748 32.3339 26.4768 27.5963 32.1345 17.5684 18.1576 29.73 20.1944 13.972 9.549 15.6732 19.1196 15.2242 18.3387 
3.6881 21.3041 9.8137 15.0077 19.5184 28.4487 14.3561 15.5591 9.8702 22.8723 12.1371 2.5444 25.0481 25.7533 13.9748 
14.0059 36.0827 29.1636 30.9686 32.1093 20.1998 23.0533 28.1975 20.8479 16.0019 8.8016 18.182 22.3618 22.229 20.3589 
30.9343 17.6612 32.941 15.2831 19.9929 21.4585 16.9081 16.8409 24.102 17.4006 36.5508 30.1064 12.1448 17.8824 13.3472 
11.3941 32.9155 23.6549 27.7217 31.9255 24.5908 21.9708 31.232 18.8309 18.9464 3.4102 13.481 27.2019 26.1032 18.9054 
27.2211 27.0956 43.0998 22.9764 30.3235 5.4252 16.3359 33.408 26.2066 10.5007 30.3945 35.5454 8.8489 3.2436 20.4402 
18.0929 8.6571 11.0509 9.9991 3.7444 39.3988 15.9055 5.839 7.563 27.6311 23.6279 16.8651 22.7871 30.0161 13.1298 
19.6787 21.9974 30.1155 17.7188 28.0132 11.6029 12.3258 24.0257 22.8341 5.6007 26.3949 26.4219 3.0813 7.7584 14.4903 
11.4159 14.9743 19.2016 13.6318 18.9505 20.7417 3.7879 14.2433 10.5026 6.916 19.0136 15.3355 8.323 17.9081 5.2854 
18.8716 19.5421 34.5215 17.8609 21.1781 12.9154 9.941 20.9967 18.8024 4.234 21.2721 27.2892 0.665 10.4705 9.0692 
14.2944 6.1756 16.4416 2.1519 6.9991 30.6584 6.8755 4.6356 5.6333 16.2754 23.5609 17.073 16.3124 28.513 6.7878 
20.4817 32.2042 28.6909 23.7297 36.4131 13.8019 18.6622 32.5517 25.149 11.8704 15.0517 26.2791 15.0081 10.1702 18.4542 
25.7245 11.3533 28.7793 11.0184 14.832 27.1825 13.8938 11.7729 16.8854 18.8688 37.4687 25.4257 14.7761 24.0747 13.1801 
19.943 22.8808 28.9228 18.1799 27.3195 12.3175 11.3508 22.1273 23.1764 6.5758 28.5843 30.7403 2.8518 10.2321 12.094 
20.9986 13.7504 27.4397 10.8635 17.8639 20.9151 10.0519 13.4035 15.4133 15.5074 29.0869 25.7301 10.3485 23.5798 10.2075 
6.2815 15.086 10.3331 9.7954 12.43 26.7446 8.9384 11.8393 2.2947 18.0232 16.3717 8.7152 22.097 23.2702 11.541 
16.3917 17.2714 24.4095 11.6776 17.828 18.0895 6.8034 15.6764 14.6921 6.4152 21.5147 22.4278 3.3 15.1941 7.078 
17.4901 26.6776 34.6477 19.915 29.0044 9.0113 13.918 27.4032 19.6241 6.4964 20.2389 20.6162 11.132 6.9863 15.7038 
6.0906 19.4524 16.2651 12.8704 17.9799 21.6622 6.2294 17.823 8.8227 10.3119 12.1459 10.658 13.2155 17.9139 7.5019 
5.9912 28.8235 20.3639 21.4629 25.3035 24.3196 14.0822 21.0728 14.2544 16.6078 3.924 8.8972 20.5429 22.8013 16.4008 
20.9768 13.3091 25.044 11.2867 15.1725 19.1878 7.4685 13.2975 16.2749 11.12 27.8029 26.6433 8.537 19.8097 7.7073 
15.0141 39.2274 24.5311 33.8988 34.5508 25.5133 25.7331 36.3961 22.9926 22.3181 6.0463 16.7788 23.2609 24.0841 25.3015 
15.4163 34.5475 32.2178 30.9392 29.455 16.5917 17.1815 28.4196 23.4965 10.754 14.9655 21.7549 17.3906 11.5498 18.3839 
19.6599 9.438 24.9473 6.7258 14.8844 24.9699 5.7727 12.102 10.2413 13.5945 23.8972 23.1093 10.4514 23.1339 4.7611 
19.3754 15.3872 5.545 19.7676 12.5432 48.5125 21.3006 13.3544 14.6561 27.9093 25.8636 16.5506 34.502 46.0099 22.2936 
9.6059 13.042 7.5874 13.1735 10.8751 31.872 13.5188 10.6294 5.0268 23.1179 20.0973 8.6676 20.0315 26.7923 11.6591 
13.0816 37.2322 26.2724 27.9138 32.7289 26.3874 19.0001 27.5861 21.7644 22.1285 6.5224 17.9547 22.7001 22.0848 21.688 
10.9211 27.1134 22.1685 23.7419 27.3524 23.2356 13.8187 24.9937 16.9506 12.5883 9.0333 16.112 14.5128 18.376 13.3848 
8.2974 15.1954 20.2918 11.0709 17.1952 23.6874 4.849 14.7316 6.7296 11.8159 16.5264 10.8311 12.9118 19.3994 5.6023 
22.1242 24.9189 31.4785 24.1115 26.9812 8.1812 12.4666 25.6402 19.911 5.6215 25.1663 28.9489 5.1349 4.732 15.4142 
10.2795 12.8162 16.08 7.0845 12.3076 28.232 6.2294 11.0382 1.3991 16.6479 16.1944 12.9213 15.7165 26.1218 7.3582 
8.4983 27.1827 15.5333 23.9458 24.4468 36.3134 21.9342 23.0255 18.8035 24.6288 6.3099 4.6507 28.9479 33.5417 24.5 
33.7119 15.9486 38.3867 18.6287 22.7657 27.9718 18.6201 16.2795 27.0888 24.8213 35.8306 38.0988 17.0317 30.3242 15.6905 
19.8675 2.75 17.852 6.3053 3.6027 38.2373 15.5882 2.1251 10.0111 20.8947 26.8231 21.159 21.6109 29.0867 12.8865 
20.4585 6.6991 12.7997 6.7366 1.4186 34.4678 13.9234 3.4786 8.6682 24.7922 27.3664 19.6155 22.959 30.2301 14.3544 
5.9544 19.1978 7.6582 15.0374 15.4158 36.421 13.1614 16.6359 9.4121 22.9262 11.8798 3.6866 23.2379 27.5106 16.8111 
18.0456 4.6649 21.7001 4.0023 9.3957 32.0408 8.8577 6.3233 11.982 18.1101 26.2651 21.8245 14.7053 23.1356 9.6583 
10.7463 34.503 20.1317 23.5027 29.0771 29.9528 18.1703 25.8633 16.97 20.151 0.9207 11.4273 23.4398 27.1442 24.0805 
16.4573 4.3155 18.6393 3.0627 3.6575 36.0527 13.0421 1.3615 8.0112 21.9733 25.0207 20.6515 18.3757 30.4214 11.7697 
11.0195 14.4716 5.0436 12.5218 11.7342 40.9401 14.034 10.7171 7.8565 25.758 19.5092 10.0099 26.1292 32.033 17.7084 
21.1936 9.4525 28.245 7.9853 16.8532 24.4785 6.9635 13.5847 13.2581 11.0778 24.6145 26.0888 10.4838 20.5671 5.9418 
3.9304 18.2613 10.6954 14.788 13.8925 34.4541 11.2245 15.4719 5.3522 21.2993 13.8931 5.949 21.0375 24.0875 10.9689 
25.9329 21.1522 38.2109 19.0266 26.3357 13.9543 13.5408 20.49 21.1474 10.2609 30.2323 28.5904 5.5057 13.7519 12.4096 
21.4926 11.6116 25.596 9.0918 18.5541 23.3344 7.5463 14.6318 16.7892 12.2224 26.2259 28.48 7.4993 20.9419 7.1859 
18.6653 4.6649 17.3286 5.8068 1.9006 37.7433 12.6783 1.0349 10.4878 22.4861 27.4106 19.3822 21.8357 35.2274 12.2756 
28.7086 15.3241 31.3295 15.503 24.2506 22.563 14.2827 16.9132 22.1955 19.6921 39.8235 28.8736 13.0209 23.9219 17.5172 
8.4782 29.3596 16.5752 26.4376 28.8628 39.437 19.8506 23.1443 20.015 22.8461 6.7444 5.7368 32.0534 28.3631 20.7924 
0.1181 19.1144 15.9074 16.37 18.4096 25.6865 12.582 20.2079 8.5076 16.5181 8.8585 5.1149 23.0499 25.6256 13.4025 
15.5082 34.7181 26.2057 31.7761 36.4623 24.804 22.8929 29.4004 20.7321 18.3819 7.444 15.8301 24.3163 22.9694 22.3141 
9.4684 15.0369 6.2805 11.94 11.6358 33.861 13.8475 10.5785 7.048 25.063 16.7689 10.2267 24.1714 34.3014 13.7342 
6.3716 23.3012 9.9467 19.07 19.8101 39.0519 17.2325 18.0445 11.0937 20.2512 13.6423 2.1133 25.9373 32.3706 15.9953 
6.1094 17.2295 10.4352 11.6719 12.0761 33.4083 11.345 13.0559 3.7215 20.3754 13.8928 8.2124 21.1766 30.4679 11.5661 
13.5884 31.7751 25.3567 29.0767 35.439 24.2984 21.9753 27.211 21.1414 17.9668 6.6906 15.5545 27.1493 22.8508 23.1706 
21.8016 16.9741 29.561 12.1975 21.831 20.5485 11.159 20.3865 20.0865 11.4042 30.9617 31.5624 6.1562 14.603 10.5126 
11.9348 10.5296 10.7034 7.0195 7.9825 31.3467 11.149 7.5439 3.4133 18.362 19.827 13.1247 22.7941 33.5626 11.9823 
17.2455 20.1297 28.9096 15.4215 19.516 18.3168 7.608 19.5256 16.0407 3.7836 23.3209 25.1501 2.6594 12.613 6.922 
13.2456 19.1008 22.038 16.0825 25.7569 17.3779 8.4099 18.838 13.2931 3.5415 16.7228 18.7925 8.7697 12.1045 9.7754 
18.996 20.6782 5.035 16.9339 13.6095 47.7423 21.7453 14.2962 16.4164 32.1177 26.4797 15.2831 28.7589 43.5683 24.8903 
13.0344 10.9322 22.8605 5.5435 12.1235 28.3479 3.0942 11.353 7.8386 13.4748 24.5107 17.5652 10.1674 23.8824 2.3327 
19.2065 3.3152 18.9304 2.2757 8.6184 29.7973 9.6893 4.5347 9.8019 20.3953 26.0394 22.762 19.1225 28.3646 9.1592 
25.5161 13.159 33.2995 11.6873 18.349 22.0531 12.8018 16.1086 15.8186 13.5099 32.8677 32.3615 11.7962 21.2842 11.1963 
25.4587 16.9787 36.7824 13.1547 23.5439 22.7277 15.277 18.2479 21.3663 12.6944 31.2318 29.9875 7.8318 20.9925 14.798 
4.6778 15.7677 10.9763 11.9011 16.1425 27.7129 10.1746 12.3666 4.4347 21.1573 15.124 6.4899 18.2385 27.9015 11.261 
10.7634 33.4391 28.4912 22.1397 27.1506 23.3848 18.1851 25.854 17.5291 15.0623 7.1448 15.4027 21.2144 20.5548 19.0218 
10.2386 31.2359 22.7152 27.5633 31.3057 27.2008 21.3274 27.3432 19.4349 22.6315 0.1965 10.1839 23.4382 23.8836 19.374 
17.6873 4.0164 16.0706 1.5354 6.425 33.5348 9.4041 3.6067 9.1516 16.8585 29.3572 17.3598 20.0142 27.7926 8.7581 
10.6021 22.2301 21.7706 18.6608 23.2356 21.0893 10.1312 25.0497 13.527 9.4939 11.5421 16.2654 13.5265 17.7283 13.5352 
23.3056 5.5938 25.7905 8.9288 13.5008 30.0014 13.4616 9.4217 14.4451 17.3835 31.8869 26.191 16.0616 28.7529 12.9427 
12.6837 11.7829 24.215 7.8575 17.2034 23.4027 1.8939 13.1085 9.3205 7.9794 20.7378 16.6747 7.4149 18.2983 1.4975 
3.8592 24.8404 15.9866 22.8911 26.6162 27.9025 16.3868 20.8225 14.9204 16.9537 4.7701 7.5548 19.8302 22.8714 14.961 
22.8697 33.2327 44.5942 25.8927 31.6845 3.6157 18.2044 33.4871 30.5976 12.1192 28.8497 31.9824 13.4844 1.4736 21.5844 
16.4931 36.9571 28.7283 27.4439 34.4033 28.7761 24.6548 38.81 23.7047 23.7925 6.6946 16.1063 30.2362 27.0727 24.0047 
12.1044 38.6441 20.2575 31.1767 27.9884 37.0589 26.171 31.5135 20.7679 27.8701 4.2738 13.1949 29.9838 25.876 25.9202 
2.4071 20.7254 13.4983 13.8708 18.9268 31.5097 11.98 14.5165 5.9287 18.3938 11.5344 6.0632 18.0492 24.7851 10.381 
18.8214 8.7535 23.5876 7.9582 12.2768 23.5078 10.732 9.6213 12.7083 13.5013 28.0272 24.2397 12.2374 21.7569 8.4618 
11.0682 11.1916 19.7536 5.3526 11.4682 27.2198 4.496 8.0203 4.8033 12.8348 23.0999 17.2765 11.8407 20.7827 4.1369 
16.4466 27.8273 29.6849 30.7915 33.1027 20.69 16.9083 29.0161 21.6855 15.0311 10.6561 21.8929 20.485 16.6488 21.5681 
10.0 25.4669 27.3643 22.4009 28.4306 18.6026 12.5267 22.0553 15.842 9.1672 10.7154 13.5578 13.0286 16.6634 10.9547 
16.7135 12.5249 8.2727 12.716 6.8144 40.1117 17.3537 7.9588 12.2008 25.3218 26.9767 14.958 24.8847 31.8466 20.44 
15.4598 9.7198 25.4494 6.5015 13.6485 25.9278 5.4625 11.0654 11.8924 13.7777 21.9237 23.6921 10.3235 22.9691 4.3752 
30.1961 14.7096 32.3824 17.3794 22.2064 23.861 19.0415 18.3758 24.1474 18.6025 35.211 30.0253 14.7883 20.702 14.6477 
13.8735 15.1862 5.608 11.6753 7.8699 39.7135 16.2548 11.6072 11.3324 29.4872 21.8224 12.9725 28.683 32.7293 16.4235 
24.6745 4.8086 27.0994 5.8387 11.077 34.444 11.1227 8.6411 15.3289 19.0331 32.588 25.7083 14.4469 26.629 9.9965 
1.5294 20.619 15.0169 17.4006 20.5801 27.103 13.3848 19.8754 10.8439 16.6809 6.8451 5.9536 20.0262 27.7156 14.093 
6.2751 25.6073 16.8377 19.0656 26.1937 30.8239 18.1987 24.5668 15.2235 16.0106 3.2114 7.5755 24.7014 22.719 19.4898 
17.7026 11.307 22.6564 5.6644 12.7275 24.9413 4.4275 9.6149 11.3018 10.7575 25.0495 18.3671 8.9752 18.9873 3.3748 
6.7501 21.2588 7.6972 18.976 15.3151 32.9929 15.1399 15.1121 9.4016 24.421 15.5761 4.8637 22.4754 28.1683 18.2088 
22.086 7.8531 22.7668 6.8179 14.0718 29.1379 11.0067 11.5981 14.4781 15.0112 25.8886 25.4128 14.0096 25.7383 10.0652 
1.1972 22.5782 17.2889 16.1505 18.6301 29.7899 13.2518 19.0254 9.536 15.9058 7.2662 5.6704 18.9895 22.7964 13.3422 
12.5712 11.2039 8.4137 10.1828 7.3755 34.2472 14.1532 8.9233 8.2708 27.4931 26.2441 16.2524 24.5632 37.8724 14.4038 
23.1177 35.7485 39.9002 24.1825 33.0322 8.9168 17.6864 35.235 24.4417 9.1358 18.9752 22.8031 14.0393 7.035 19.2135 
17.7607 5.6123 13.7868 6.4252 1.147 32.0199 13.2627 1.6934 8.9836 26.186 30.2723 17.998 23.8409 30.7463 11.8965 
25.7161 16.7262 34.9995 12.5539 22.0125 19.8475 10.8783 20.2377 19.2702 9.0074 28.9774 31.9957 6.1746 15.7959 11.9367 
9.7531 24.6047 24.5698 24.0526 25.8691 24.2013 15.0733 28.5765 17.3224 12.8395 7.9054 15.4994 15.7083 20.7149 14.6338 
5.6906 26.9445 14.4447 22.8021 23.9934 30.3316 15.9532 24.9878 16.0274 18.9025 5.9997 4.9162 26.7366 27.4988 19.6318 
14.2756 5.3776 15.8493 3.5211 4.2145 36.9296 12.2112 2.7705 6.8911 18.8319 28.2823 16.0461 20.9516 25.5605 10.7777 
11.763 21.1107 2.1959 17.8861 14.5968 45.2478 16.4937 16.5829 10.6154 27.2484 19.2473 9.9891 26.2497 40.1158 17.0867 
13.4134 19.9743 22.092 12.4453 20.5237 20.0906 3.9424 17.4555 12.2215 4.2898 20.9951 18.0181 7.2998 14.642 5.9755 
9.6837 26.0961 24.4052 17.9909 22.0151 17.6584 9.6158 18.7972 11.7808 8.1749 10.8987 15.969 14.0051 14.7681 9.7489 
21.6202 36.6465 34.0092 28.7253 31.5744 7.5203 22.4375 29.8247 29.4343 11.2048 19.2224 28.2688 15.7154 6.8179 19.3986 
27.9547 12.5927 32.845 12.5008 17.7313 31.9621 14.8773 18.3804 21.0834 21.7973 33.8111 34.1125 14.2293 23.8442 13.9316 
23.5421 24.0066 32.0497 20.7195 28.3638 10.5934 12.7816 24.818 17.378 4.2595 25.04 26.2299 2.7819 8.17 13.6464 
12.1477 32.2887 29.7371 29.4622 29.3481 23.9824 23.8967 32.8287 24.9116 21.3659 5.3865 14.4537 23.4736 21.9205 23.3967 
14.7762 36.9744 31.4809 31.258 34.1415 23.0032 21.5031 31.8143 19.8502 19.2692 7.7098 17.2545 23.6997 19.74 24.4945 
15.6383 15.9322 27.0775 9.2032 17.2235 18.5464 5.4535 15.562 11.6816 8.6443 26.7142 24.0154 5.5874 17.0593 4.636 
19.0822 32.9407 31.1617 27.7303 35.5546 15.957 17.6628 29.4825 25.0288 10.76 16.4975 19.0189 15.5304 12.1984 21.2328 
18.4362 8.3531 19.9641 5.2309 11.9849 22.1813 5.0545 11.2419 10.4826 12.7949 21.737 19.11 9.3933 22.0295 4.4783 
16.8068 29.7937 31.1065 29.5624 32.4548 14.8201 15.4274 33.6273 22.9833 10.2637 14.6923 21.1321 13.4691 11.3362 18.9016 
3.9781 17.3059 10.2351 12.2837 14.3056 28.3901 13.6414 14.9417 6.229 17.1584 14.521 4.7472 20.1627 30.676 12.5374 
22.6266 10.5115 27.8093 9.6743 17.9675 28.7938 12.0893 15.3958 17.6084 13.765 30.2735 30.326 10.4001 24.7229 11.8877 
4.64 19.452 11.1266 13.2401 14.637 35.5817 12.6083 13.1553 4.8852 20.5855 14.5135 6.7968 21.8127 24.6931 13.769 
18.9855 24.356 31.9167 19.3578 30.1826 11.9426 10.6701 25.5153 16.293 3.2766 18.4667 22.497 8.3237 8.2463 13.3838 
25.3021 12.077 34.2131 13.9345 19.7313 31.5909 15.0824 14.7726 22.0711 24.077 42.0567 36.6997 19.1078 29.4526 14.8209 
16.5348 13.1215 7.9009 12.884 6.7298 42.6859 17.4354 8.4359 9.7825 26.1036 24.2738 13.3822 25.3765 37.1575 16.7024 
14.2359 11.1121 9.8295 8.7382 5.4118 40.9275 13.9527 6.1794 6.3191 23.9239 22.0472 17.0735 20.7455 31.7122 11.7082 
15.3336 4.8746 16.3561 5.1838 2.6629 39.1576 12.0826 1.2629 8.5551 21.0428 29.8133 21.4373 21.3881 35.7246 13.5894 
5.7885 27.1903 19.5832 17.69 22.6137 22.4603 13.8468 26.2831 14.207 14.5243 5.629 10.5654 19.1339 19.8752 13.0628 
11.6951 12.5847 6.2667 10.997 9.8958 38.2993 16.2495 11.3217 6.8855 21.7127 21.1816 11.045 28.8379 29.9284 15.008 
17.8659 7.5143 12.8031 6.694 2.1351 33.7818 13.859 3.6934 7.526 26.1974 23.8754 19.8961 25.7545 29.5152 15.5831 
9.1803 11.8524 9.3195 9.2252 9.7152 34.5606 12.11 10.0007 2.7794 17.0453 18.5986 12.7703 17.8339 26.144 11.6226 
23.3252 20.1802 33.8662 17.6908 23.8965 11.0356 12.2857 20.6495 21.3496 4.5176 22.9008 27.9132 1.9513 8.7466 11.7904 
26.4079 33.2471 36.6732 25.1232 33.7076 5.698 17.6052 32.174 26.9279 10.4353 31.8939 31.7403 9.855 4.7168 17.5504 
22.1135 8.5002 24.1922 7.4497 14.8106 28.2022 11.1278 11.4443 17.745 16.9379 33.3209 30.8582 16.5913 25.1582 10.9559 
31.1659 17.6701 33.4153 17.5958 24.1501 24.6705 14.385 17.2984 20.7857 19.463 35.8691 36.332 13.4481 20.5258 15.5086 
18.4133 1.213 22.4558 3.9292 6.0777 29.5264 12.011 3.432 12.4055 19.4364 32.6231 19.7965 20.6188 31.0037 12.1723 
12.5832 13.6982 9.4085 8.7061 8.2049 38.0243 12.8925 9.125 4.637 21.0615 19.9179 11.3258 21.5268 29.925 14.7063 
28.172 13.0853 30.072 11.8081 19.1517 27.9831 13.7964 17.3846 18.5214 15.4703 35.8293 29.7607 9.8184 21.9655 12.2058 
12.4658 11.9436 24.2766 9.2381 13.944 21.7996 0.0952 14.1421 7.7153 9.432 19.7504 15.6916 8.8199 20.1824 0.9927 
21.1645 19.2251 4.8754 18.3694 14.1078 41.3786 21.1097 16.863 15.5713 32.2104 29.3041 17.64 28.5037 39.5761 21.4638 
12.3389 23.1521 25.0375 21.5675 26.6085 18.0004 9.9844 24.276 14.1079 7.1969 14.7321 14.5837 10.7038 11.8412 12.9762 
9.3412 13.9338 7.9287 12.2564 12.9311 38.0971 11.016 10.0952 4.0044 23.16 18.6197 7.8226 20.6403 33.4673 14.293 
14.2016 39.6278 24.2615 34.0002 36.1298 34.6447 25.9007 32.0807 26.8688 26.6842 5.3408 14.7156 27.7601 26.4694 29.5555 
24.2883 6.1935 22.9847 7.4606 11.4392 31.0743 11.7965 9.1358 13.7294 17.9235 34.3342 26.8837 15.4886 30.29 11.7337 
11.7843 21.1059 3.298 18.9036 19.0038 42.9056 17.6806 19.6516 12.9269 24.3377 18.0719 8.817 30.5881 34.6484 19.052 
6.713 23.2271 10.5467 18.2917 20.5947 36.9598 18.3016 18.3393 12.2301 23.699 10.6104 1.7832 24.6849 34.1473 18.0601 
4.5571 15.122 16.9028 11.2083 14.7024 24.3989 8.2048 13.2203 5.8759 14.386 12.8686 7.99 16.3139 23.4107 7.7921 
21.1017 23.9771 36.9597 20.877 30.7301 7.639 13.2814 24.5679 23.4812 5.396 24.9711 27.8114 6.5808 3.8106 15.4167 
6.783 19.2803 8.508 18.8728 18.0758 38.234 16.3579 18.2482 9.0939 19.7034 13.5275 4.2735 22.8655 30.7219 15.9444 
2.8406 23.0289 10.1305 16.9052 17.3284 30.6308 15.2429 17.7098 8.5989 18.552 12.3219 3.3803 20.1047 26.9736 14.8487 
16.9253 7.9768 14.1135 7.9477 2.4314 34.7323 16.1888 4.0356 10.4799 26.4213 27.7916 16.219 24.1791 38.6536 15.1534 
15.185 19.1526 3.7943 20.2308 11.6517 38.6497 19.5514 17.2541 15.3573 34.4756 25.7079 13.3333 27.6221 45.3801 19.9978 
19.834 14.0291 31.7201 13.938 18.6573 20.2087 9.5804 16.8863 16.9781 10.2969 25.7641 31.31 6.5492 15.7219 10.8175 
20.6466 31.3189 34.1043 27.0759 30.5393 8.7793 14.2869 28.1835 22.3712 7.5055 22.0763 26.0514 10.8182 6.7665 15.4861 
22.1054 21.8672 35.0998 20.1108 23.0114 16.1925 11.3432 23.8554 18.8794 8.5542 24.6259 26.0147 3.7068 12.0848 13.0545 
15.4152 29.8861 29.6642 25.9982 31.4512 18.8935 22.8837 29.9182 25.2919 18.7296 9.4763 20.0139 19.8237 19.4432 24.328 
14.3203 14.419 6.0993 14.5119 8.5767 42.0989 15.7393 10.3022 9.2061 26.3821 20.1046 12.3054 30.635 37.9822 16.4026 
14.6279 38.3647 29.8315 32.2115 37.6031 31.0448 24.3337 28.4765 23.5269 21.7934 5.2832 13.4581 30.0654 23.9669 26.8248 
17.8699 15.2145 29.2903 13.5116 18.3587 20.2013 5.3433 18.9571 13.7109 6.4643 22.0932 19.4873 4.0157 15.8654 5.475 
8.1023 27.567 15.817 23.1953 28.2091 30.7917 20.6405 24.4701 17.5874 23.0001 4.2575 5.98 25.5189 31.6166 19.2372 
12.7543 11.8186 20.0686 8.6431 15.1139 21.2702 1.9591 11.7501 8.4345 10.0805 20.4077 16.7271 7.7036 16.2748 1.4637 
13.4913 25.8143 30.6475 23.6862 31.6813 19.0114 18.5141 29.714 19.7685 14.0058 8.8802 16.8722 19.8701 17.6291 17.3018 
3.3979 19.4924 10.1281 14.9443 16.3858 33.7062 13.7351 18.0579 9.0581 17.525 10.6361 2.5227 25.2614 33.0135 16.0243 
13.9319 35.4679 34.1594 32.2854 32.6113 20.3452 22.1421 34.3027 23.5952 16.7363 10.2836 21.3431 23.1612 22.4739 20.1827 
29.6577 17.9753 30.8286 16.8158 23.7439 22.9292 14.033 21.2658 22.5313 16.5092 31.1531 29.0831 10.3195 20.9069 14.5272 
11.8464 30.242 21.7371 30.0364 29.9981 28.7092 22.4551 29.6434 20.6054 21.7339 3.5853 12.0119 21.5491 25.8692 23.7532 
26.4229 32.7573 39.6689 21.833 28.7246 5.5106 16.0696 27.253 22.8999 8.4249 29.1781 33.9058 8.4997 2.6167 20.0284 
18.154 9.6815 12.0473 10.34 4.5332 39.8771 13.8997 5.867 7.6542 21.1701 27.6971 19.3674 26.3019 36.6841 14.3073 
23.3527 24.4574 36.7555 20.1933 27.1208 12.3272 14.0739 24.9098 18.3887 6.9097 28.437 27.9827 3.3467 9.2015 13.3925 
11.5304 17.985 22.0131 11.4196 20.1511 21.4592 3.6489 17.3218 9.1229 6.5344 15.1833 16.5273 10.2068 17.4783 4.5213 
21.215 18.6109 32.8316 18.2139 24.985 15.1001 9.9759 19.4183 19.1346 3.8546 21.1051 26.3653 0.5878 11.948 8.7083 
15.8809 6.4598 17.0933 2.5144 7.5273 31.5728 6.9507 5.027 5.845 18.6775 25.4525 16.848 17.7163 27.6819 7.1716 
18.0095 33.5873 32.9776 25.2957 30.1983 10.8121 15.6329 31.6864 24.8049 9.6922 18.56 24.4747 13.0273 10.3433 17.5437 
27.5966 10.0684 27.0022 11.2411 15.0829 24.8312 12.93 11.6849 17.5304 19.3812 31.0721 29.4394 14.4083 23.1151 12.5905 
20.3567 21.1104 34.3993 17.8313 22.6817 14.8183 10.4803 19.9165 19.0256 7.6104 28.6236 31.6368 2.5114 10.8486 11.3362 
23.2411 12.8531 26.2018 10.7997 15.8512 23.3048 10.6326 14.5384 16.9252 12.5515 29.3059 28.531 9.2941 21.4258 11.2285 
7.2356 13.3252 10.5111 11.5762 12.1724 35.045 8.7641 10.9439 2.8198 19.0876 14.8152 9.4833 20.122 26.3342 10.2516 
15.4053 14.6566 26.7885 14.2178 18.0473 19.7233 7.0445 17.4347 14.443 6.0966 23.4204 25.8313 3.1546 12.965 6.9898 
16.9082 29.1715 31.3042 21.3514 25.8992 11.3424 13.2142 28.0609 20.6718 6.4147 20.7161 23.6975 10.6256 6.2235 17.0599 
6.6988 16.0416 18.0089 14.661 20.9827 22.0395 6.3614 15.8295 8.7595 12.1487 13.712 10.2263 15.7801 17.5126 6.9868 
5.9668 27.1097 22.1526 21.222 22.3608 24.8676 13.8758 22.1871 13.361 17.7836 3.6128 9.6475 22.7828 26.4274 18.1213 
19.9289 11.5235 25.0996 9.7423 15.2921 22.4431 7.5367 13.9805 14.5334 12.719 28.5006 28.5113 6.8922 18.8755 8.9127 
15.8144 36.9368 29.5913 28.5415 31.2356 24.1245 21.1935 33.166 25.9877 22.8756 5.7852 16.6592 28.7801 27.6521 24.1139 
18.3224 32.0752 34.5941 26.8766 29.9579 13.7546 19.709 28.6058 23.8501 12.8629 13.8425 24.3379 17.1496 13.0099 18.1075 
17.4649 9.815 21.7929 5.4422 15.4594 27.0307 5.0579 11.8446 10.7311 10.5856 26.829 21.4929 8.7683 18.9251 5.1854 
20.5369 19.8313 6.0165 15.2302 10.4303 47.7686 20.0853 14.4147 14.9631 27.0576 26.5992 18.6797 29.3373 40.9677 21.5117 
10.605 15.3814 6.9582 11.8877 11.1008 37.9785 12.1336 11.9287 5.2892 23.3465 17.1038 9.644 25.932 31.6749 13.0707 
15.9063 34.7638 25.9516 29.4548 33.9109 27.3836 22.785 29.468 24.1863 18.0792 6.1574 17.517 23.1064 25.7861 21.2982 
9.7316 27.8283 21.1615 21.0199 22.751 22.0913 14.5898 23.5597 14.2532 11.2492 8.1649 13.43 14.3971 18.9804 15.4982 
7.2321 19.363 17.9227 12.0307 17.1805 22.9753 4.6212 13.4054 7.5924 10.3717 13.3883 10.9494 13.9027 22.4824 6.6846 
19.1101 27.2484 36.3841 18.5198 29.8992 10.1889 13.4522 24.5043 24.6557 4.8566 23.055 26.0643 5.153 5.7734 14.1619 
9.9264 13.2496 12.73 7.41 11.4632 28.2818 6.6571 10.6115 1.3982 17.2554 20.6338 13.6364 16.5881 27.5936 6.4679 
8.2714 29.4466 15.9288 26.6631 24.9755 30.4925 23.0043 23.0622 14.7164 23.2068 7.6251 4.599 26.289 27.5447 20.4761 
35.3117 17.4862 38.0273 16.9797 21.5799 33.5155 17.5555 17.2514 23.3849 22.9961 35.5423 39.2588 16.1774 26.5519 16.4861 
20.779 2.5671 16.3618 5.8755 3.1201 31.4309 13.9634 2.213 10.4806 21.8232 29.1227 21.8931 20.1874 28.3437 13.5261 
18.6452 6.2488 12.2798 6.9936 1.8229 40.4547 13.0927 3.9258 8.321 23.6466 30.741 17.2439 24.0423 32.0401 15.3021 
4.9216 20.072 9.3502 15.2429 17.18 37.5172 14.4211 15.1128 9.4363 18.6522 12.7352 4.3031 24.7917 33.8438 13.5787 
17.4092 5.1447 21.9909 3.5826 10.5149 30.3937 11.1557 6.3959 12.1207 19.8943 25.2656 24.9033 14.692 29.3361 9.1176 
11.7009 29.5215 21.1984 23.1018 33.5133 27.4056 17.8369 31.3366 18.4786 23.1374 0.7327 9.8696 28.6623 23.6935 22.4047 
15.7976 4.4821 14.8373 3.6666 3.8349 34.9314 10.813 1.1861 7.68 23.0876 23.2117 17.7869 18.5495 32.6755 11.4182 
11.8194 14.1466 6.1916 11.2494 9.9023 36.816 14.9311 12.8796 7.8078 20.8131 18.8548 10.6081 27.4054 34.5333 17.145 
21.5835 10.4738 26.2428 8.1075 14.8511 23.2821 7.2533 12.2684 13.2036 13.6189 26.1358 22.0772 10.443 23.1503 5.8079 
4.8925 20.6682 11.9732 15.3577 17.2726 28.3511 13.748 14.6667 5.3043 16.1963 14.245 5.8974 19.1763 29.7487 13.5303 
26.2377 20.3659 30.9266 19.1081 24.8558 16.792 12.4533 21.9404 22.2527 10.7119 26.2833 31.6937 5.6275 12.7873 12.5183 
21.5227 13.4776 24.114 9.1031 15.6562 23.8894 9.5195 12.7715 14.0222 11.8099 31.3595 26.287 8.2247 17.587 6.9135 
16.2059 4.5908 17.0859 6.0862 1.6832 36.6625 13.3503 1.1742 10.4097 21.7759 23.9553 21.6669 19.8597 30.9568 14.4795 
28.3539 13.5142 29.762 15.7119 22.3679 27.4926 18.1908 20.5469 21.4731 20.2578 36.252 34.7818 15.2786 25.842 14.7847 
10.0239 28.3949 14.0639 24.5633 23.8756 39.1944 22.6111 25.827 16.1951 25.3822 6.9357 5.7896 26.8052 32.3849 23.5699 
0.1147 20.747 15.7525 17.7596 22.1575 25.9668 11.422 20.192 9.608 16.2868 8.0544 5.775 22.174 24.258 12.3849 
14.5222 32.6037 27.368 33.7504 30.2141 26.9584 22.6949 37.1216 21.0299 20.2139 7.3509 15.4364 27.5776 21.2996 24.5684 
9.2861 17.2538 6.0453 14.997 10.2721 31.5153 14.7384 11.5479 6.9866 20.8858 19.8977 8.1516 23.48 33.587 15.4456 
5.2452 25.336 9.4497 16.6261 19.6375 30.9449 16.5216 20.3074 9.621 19.3507 11.3742 2.0471 25.9012 28.4738 18.8349 
5.1411 15.9864 11.2744 12.0049 14.9206 29.9624 10.2554 14.2234 4.3169 15.4773 16.3738 7.3816 22.4848 29.8856 10.3127 
14.6077 37.9412 29.5672 29.1265 33.1838 25.3885 23.3003 32.6677 22.3184 19.017 6.1458 17.6335 27.2059 23.3159 21.4433 
23.9779 18.0256 32.7996 14.5252 23.3865 21.1655 9.1882 15.9224 17.492 8.9655 25.6144 28.1818 5.3658 17.6289 10.5412 
11.2867 10.3509 9.5939 6.975 7.9737 29.3652 12.8197 8.1784 3.7111 18.7501 18.4086 12.0155 19.6485 30.9586 12.1174 
15.0163 21.2681 26.6821 13.7389 18.9897 16.927 7.3945 19.1855 14.0737 3.5821 20.2423 22.7475 2.5269 12.7916 7.0152 
13.1831 21.0837 28.2218 16.69 25.1181 18.3518 7.411 20.2996 15.2031 3.6777 17.0496 16.782 9.342 12.7659 9.312 
18.7888 16.479 5.6636 16.6706 13.5825 45.4788 22.1675 14.6928 16.1114 29.7817 25.3637 14.4938 37.2329 40.4267 25.2539 
16.248 11.7812 18.5412 5.1499 11.9154 23.7748 3.2247 11.4565 7.6954 12.1639 24.9145 17.613 11.2925 18.9481 2.0864 
19.6254 3.5737 20.9227 2.1035 7.3305 30.0386 9.7722 4.6108 9.0956 19.9587 29.4066 22.4899 15.3191 27.8391 10.1209 
26.9159 14.4674 26.7519 12.6171 17.9479 25.0388 11.2688 13.9081 18.4922 15.0105 29.9932 30.5522 11.7903 22.6893 12.3739 
23.0281 15.7467 32.4094 14.8105 23.0983 22.6054 13.0818 17.881 19.7902 11.9938 32.2261 33.7249 9.5393 17.1227 14.1167 
5.7796 17.5122 10.0019 11.96 14.8241 27.2965 11.6953 12.3392 5.2798 19.9547 14.0889 6.4919 20.8873 27.4265 13.1837 
12.9885 27.7271 25.6877 23.4189 25.6801 22.4141 15.1834 30.2619 16.5982 14.5873 6.5707 14.5201 17.3105 17.0703 18.7058 
8.9027 31.192 19.5761 23.5454 32.9092 31.7909 18.0686 25.1919 20.4682 22.7602 0.1981 11.0676 23.2595 26.9727 19.6377 
18.0753 4.6887 18.7414 1.4381 6.1628 33.1246 11.2934 3.5453 7.1825 18.0941 27.4345 17.8169 19.8277 26.7535 8.7147 
10.3229 24.3495 22.6735 19.888 22.3856 20.9721 10.1867 23.4462 14.3799 8.2931 11.4651 13.5691 12.8278 13.7443 12.2558 
24.306 5.8215 25.7085 8.9128 10.7497 33.8579 12.0354 10.7495 15.7231 18.5996 35.6317 24.9336 18.0765 23.8978 12.4011 
EOF