I 150
J 15
bounds (0, 100)
cv 0.5
D 25
k 5
t 3
FLR 0.6
FCR 4
λbounds (80, 120)

λ 
91.6237 96.2765 111.8973 
110.2962 105.7853 113.1286 
117.0865 104.8513 81.3178 
115.9766 83.9796 118.518 
80.4173 108.3795 114.9018 
106.9224 105.469 104.8323 
89.7562 87.4282 105.8269 
102.2707 92.2914 95.8684 
84.4617 80.3053 96.4222 
95.7922 100.2323 99.779 
84.2647 92.765 88.1371 
102.0213 99.56 94.7658 
100.1065 102.5035 88.3456 
97.9481 82.3273 80.8108 
93.211 98.4246 91.2663 
82.3377 105.2254 107.8543 
111.7014 107.1076 95.3775 
82.9529 118.5265 103.182 
113.7307 83.0019 103.2677 
88.8969 118.0122 89.9662 
85.299 115.7786 104.9599 
113.3667 84.4374 105.3296 
98.5716 91.182 92.1536 
99.0278 95.0257 112.7198 
98.1023 111.2126 81.9043 
117.3196 94.4752 97.008 
114.1381 86.2161 114.8878 
115.0992 116.9011 112.4915 
84.1078 119.4551 81.3961 
110.4682 93.7268 96.8404 
112.2705 91.4619 97.4123 
101.4363 109.8941 89.9861 
109.2073 118.6686 96.4262 
80.466 98.0213 87.3075 
107.0488 82.2623 88.9339 
103.3049 91.4314 112.118 
103.7823 101.207 107.0149 
94.88 119.5815 85.6696 
81.4873 80.6136 101.0131 
89.635 119.0996 108.7048 
111.2411 85.2443 106.7891 
117.2156 91.1407 112.9636 
80.4203 111.3607 115.0765 
112.1425 101.1934 87.4594 
86.3029 108.7085 88.8521 
117.533 109.1697 102.6502 
91.0996 80.5672 99.1701 
110.2834 80.2025 84.6528 
90.6657 86.0784 105.3021 
113.6863 99.0684 115.903 
102.7166 96.1513 119.201 
92.7441 90.1092 82.0446 
97.0269 118.7361 109.7931 
115.5468 93.8659 106.3222 
102.0634 117.2926 112.7711 
92.4524 104.3668 100.9502 
100.0176 97.6445 106.7143 
101.0386 86.1898 81.0296 
94.2239 116.965 115.6063 
106.8777 86.6469 105.5533 
90.6904 111.5828 102.047 
109.9606 106.9649 81.7797 
102.4529 86.0811 102.7874 
113.2144 91.1637 117.2032 
113.343 98.4781 81.3407 
85.4891 96.1409 116.2241 
93.8023 106.208 95.5386 
104.128 80.0557 85.4417 
86.2328 102.0437 83.5766 
99.0907 80.4839 84.5235 
92.2015 105.0397 90.1369 
100.3694 97.273 109.387 
114.5751 80.9814 83.2173 
87.1832 110.2934 110.3995 
100.0356 81.725 80.9589 
99.4905 102.3759 86.0831 
105.7439 88.8713 113.23 
99.6896 96.9035 102.7319 
107.0441 92.4497 86.9994 
90.8446 107.7959 111.9996 
117.8567 95.9794 92.0549 
93.3607 105.9942 95.838 
110.4444 114.8252 102.5133 
89.7132 116.0658 83.2267 
97.5932 80.4465 104.4671 
80.5822 99.3314 117.1294 
119.7528 95.7581 110.8986 
112.6039 88.1313 110.9614 
107.1954 87.5367 91.1928 
119.9468 90.6669 90.4449 
116.2401 98.9682 98.408 
83.0961 83.2409 80.5299 
93.2724 83.2465 81.2154 
91.1637 117.6962 103.3926 
107.9345 108.0151 98.0941 
115.0829 117.8172 96.4461 
88.2657 96.3473 100.6799 
113.2259 86.066 82.5621 
80.376 80.5661 87.3032 
111.4253 104.0543 82.3645 
81.583 91.3056 104.7645 
104.5295 89.0333 84.0265 
100.8765 110.6806 102.941 
102.5005 110.9402 107.2278 
81.93 93.9934 97.4961 
89.1259 86.7697 97.6186 
112.4593 104.1841 80.0314 
93.1232 91.4657 110.7626 
96.3658 84.6828 104.2721 
86.5521 118.7135 91.9881 
81.5482 115.8642 82.0287 
93.7582 101.2061 88.5036 
84.6438 106.9253 89.9591 
100.9506 84.0431 87.9718 
104.0652 115.499 100.7571 
87.1864 83.6448 83.2178 
89.9397 96.0888 96.7938 
113.6034 87.7121 92.5436 
104.5785 88.1348 86.6988 
107.4075 81.0672 108.1824 
103.827 83.2023 88.8182 
104.1104 113.6731 99.2335 
109.1347 89.1277 102.6482 
108.0979 101.33 103.0559 
95.868 112.3836 91.4878 
114.0943 93.1979 97.4846 
117.7392 113.5932 116.9537 
84.873 103.3063 98.38 
85.7732 86.3757 84.6413 
95.0915 85.5405 118.3407 
97.4493 82.2235 96.3423 
88.8661 109.7053 98.6112 
109.6156 113.3073 81.0426 
85.3273 113.1913 84.6637 
85.3482 107.1654 112.1628 
102.4353 98.3944 104.1676 
111.9582 92.3626 106.995 
112.4751 119.0243 87.0471 
89.0352 87.1135 95.2514 
110.7158 106.3965 107.6554 
90.3116 105.8383 83.8292 
85.8802 112.0107 102.1247 
93.5548 115.8626 86.0535 
80.4454 108.302 86.0342 
104.4593 88.3229 107.2787 
92.6998 84.2169 118.3131 
98.083 81.6035 93.8854 
101.4053 93.2779 92.0773 
107.1891 89.6426 102.0419 
93.7018 90.9011 117.905 

Icoords
45.3332 41.3821
93.8059 84.9739
53.7913 11.8223
25.3416 99.7618
43.6671 98.1007
64.2404 70.4565
42.7233 9.9653
8.5309 12.7883
45.287 71.4254
47.6647 17.0078
25.9246 76.5095
82.3781 87.6392
14.9616 70.4251
11.5016 55.4121
39.8486 57.3598
47.1727 72.6921
42.1346 54.7551
86.3541 44.9369
79.3993 13.6781
71.0672 10.0391
83.4805 0.7697
72.7331 85.8851
91.5467 75.9111
49.9654 4.1545
34.1039 35.634
29.019 62.0574
6.3965 35.0568
90.5776 1.0066
63.7452 43.1048
49.6453 25.2624
75.1613 31.9824
19.3803 91.781
72.9205 40.3039
22.5684 6.5625
64.2727 35.2322
43.2806 39.4145
18.003 47.4867
90.2402 95.502
46.5886 81.6153
66.3726 27.4389
0.3228 78.623
15.8176 20.6063
46.6328 38.1597
69.1171 34.5416
42.2214 47.1507
3.9174 56.0266
56.3069 77.9781
67.1922 81.6068
42.3331 24.5265
36.6067 22.3199
40.5256 47.0495
59.1165 87.8748
69.6817 14.6631
27.4279 54.6922
32.8082 48.2431
34.557 37.8158
57.4328 76.1659
62.0095 7.7905
4.1016 75.7658
89.3889 56.278
14.1739 41.377
21.0095 79.9986
13.7665 94.1002
9.9551 49.527
5.3384 17.8932
42.8192 6.4821
10.4998 12.3527
32.5837 94.2862
79.6062 40.4427
61.8646 33.1467
13.8753 88.2728
60.9161 41.5988
11.4961 56.7055
10.5775 52.5516
86.2294 21.8693
75.9907 40.4936
94.7219 40.4204
69.7575 51.3758
91.9416 42.2776
84.0493 86.3476
54.9889 81.9008
93.2118 33.9446
8.735 64.2904
55.2804 35.4131
92.8444 61.7244
1.3665 53.9963
91.7505 34.7475
44.5665 38.9309
75.701 75.9146
90.3631 97.5354
87.9204 65.501
92.8005 34.4479
77.065 67.9998
72.0134 32.8233
46.8101 23.0593
72.0196 26.9549
69.1372 77.7676
98.0519 26.8087
78.4531 66.657
75.02 45.8413
83.615 21.595
42.7267 89.0969
40.18 91.8891
66.3192 21.3636
51.0214 16.8104
61.3758 25.3813
90.1851 93.8016
45.3911 59.6434
48.2509 55.6417
78.4698 60.8553
96.1741 15.2019
63.2898 82.2293
21.3276 32.5882
90.1061 7.6259
78.4613 28.6214
70.3437 88.7557
65.2689 12.932
27.0476 14.7341
9.0345 64.1246
84.7031 22.3433
45.1518 63.9072
71.2609 2.5701
74.8861 45.6667
80.311 28.0263
16.0239 81.4784
11.7483 63.1059
30.0143 61.5222
82.059 74.6016
28.6499 42.8383
41.0369 32.2032
3.3444 19.2184
30.1006 75.8092
36.9423 81.4197
58.1089 43.4909
37.2993 55.4136
30.2686 48.4966
39.3965 28.5416
70.312 42.7417
45.3231 18.6523
48.2804 64.4636
79.2886 60.6682
0.859 94.5915
83.9362 39.5982
75.671 43.5967
15.9705 66.7423
52.138 13.6252
71.829 37.1814
73.7456 83.8468
90.9355 2.5646
82.7385 69.4123

Jcoords
68.8604 87.4287
36.235 30.7061
50.4489 84.1422
96.7882 36.9016
42.6234 83.0978
3.0072 47.3984
86.7907 41.1562
33.4547 38.2337
34.9238 37.464
3.1195 26.577
95.492 11.1445
42.3797 94.781
0.2902 16.4201
49.1057 71.253
98.9636 11.0353

C
18.6463 4.6008 15.8049 16.6674 13.7659 14.5184 15.1529 3.7702 3.8628 16.0821 19.0698 17.6486 16.5255 11.8295 22.7628 
9.0338 27.1211 16.5351 15.9907 19.698 37.8916 13.5523 24.2819 28.0922 34.2138 27.8188 18.2136 36.9654 15.7389 23.4584 
23.7679 9.602 21.8132 19.6368 26.2536 22.2352 16.9545 10.3401 11.9255 20.5247 16.4948 28.0361 20.69 21.3601 17.6877 
17.9483 24.007 9.7313 34.4395 8.5898 20.585 28.6334 20.0456 24.4054 23.886 42.5191 5.8561 27.9787 12.5633 43.4887 
10.7663 22.1988 4.8651 31.6778 4.5524 20.1345 26.1721 18.6386 19.4574 25.841 40.4408 1.2355 32.8503 9.2342 37.6362 
6.4942 17.7579 6.5147 15.0245 7.6603 25.5965 11.2029 17.2245 13.5806 26.7782 26.7295 11.7997 32.3757 5.55 26.5931 
29.9138 8.5972 29.518 20.8573 27.4613 21.1266 17.1739 10.9447 10.7588 16.3669 19.7404 30.5678 16.559 23.6309 21.1727 
31.6327 11.9139 29.8086 29.3873 29.2865 11.4853 26.7458 12.5519 11.8294 5.3207 29.3459 29.8226 3.595 25.7972 27.8495 
11.0721 12.6934 4.9669 22.3146 4.7172 17.108 18.7754 13.8766 11.5328 21.0223 25.0097 8.2587 26.1805 1.2855 28.8283 
22.1728 7.0309 21.9584 16.0799 21.9195 17.1505 14.9843 10.0053 9.247 15.099 15.1929 26.0751 16.7955 17.8747 17.8332 
14.6375 18.4605 9.0153 32.3021 6.0963 12.2597 24.9527 15.3736 12.9063 16.7755 33.8303 9.5774 21.7153 8.6521 31.2219 
4.5817 27.7747 12.0065 16.2927 14.4288 31.3598 15.2496 26.4561 25.2833 34.6182 30.0431 15.1066 39.2757 11.1933 25.0969 
19.6059 13.7605 13.864 33.9119 10.2963 10.2456 30.3195 12.3924 13.5835 15.3517 34.1189 13.8223 20.0233 13.6036 40.2657 
20.1864 13.1306 19.0008 32.1685 15.0371 3.5875 30.145 10.9299 9.5931 10.3449 35.8406 17.1265 13.839 13.7633 34.4639 
16.2327 10.7187 9.1827 20.4744 8.0794 13.4033 15.3847 7.4293 7.8931 17.5685 25.1357 12.651 21.5249 6.2489 27.8784 
10.365 13.4804 3.8254 23.6573 4.5177 19.1317 17.6368 13.0181 12.2595 19.7512 25.0318 8.666 22.2292 0.7801 28.9236 
16.8467 9.1125 11.3978 19.5026 10.5621 14.6233 15.4327 6.0672 6.0344 18.4325 23.3061 12.5324 19.363 7.0387 28.1711 
15.1688 18.7561 19.4202 4.9675 19.2286 29.8929 1.2239 16.0554 18.5119 28.213 10.5438 23.2842 35.2144 18.229 12.1642 
29.1145 18.44 27.2113 9.957 28.8313 33.3095 10.6962 19.1866 19.2415 24.9959 5.3499 30.7843 24.0399 22.7704 6.2424 
29.6445 13.4304 28.575 11.704 27.4323 28.9983 13.3007 14.746 14.5548 23.0354 8.8777 29.2375 25.9739 19.6338 9.1056 
32.2533 21.2763 27.1274 14.6472 32.646 32.5615 15.8684 23.7684 23.2737 29.3132 4.9599 34.8132 33.0049 28.4425 6.3571 
1.5609 25.5699 8.628 17.0317 11.672 26.8714 16.8086 20.2612 23.5661 34.4409 26.6263 11.6683 35.7404 8.4152 26.2843 
7.6607 22.8376 14.016 12.1741 17.7322 36.5093 13.5404 23.978 25.9943 30.9951 22.8791 19.612 35.3822 14.0768 22.2733 
31.7056 11.8521 24.9886 19.7355 24.7128 25.3687 15.9796 11.599 12.8138 17.6633 15.3933 28.7654 19.3207 24.6876 19.6085 
23.8524 1.7363 18.3765 18.8467 15.3202 11.0482 17.4978 0.8556 0.7035 12.015 20.72 18.9084 13.3981 14.2925 27.6708 
18.4732 10.9253 10.5951 27.6427 7.5292 9.8173 19.6842 8.4622 8.1011 16.1346 27.3798 10.9078 20.805 6.9942 28.3192 
32.3366 9.0583 23.704 35.7664 21.6669 3.8613 29.4121 8.255 10.71 2.7818 28.634 26.9074 7.4112 20.1376 31.5876 
27.8466 21.9228 35.6239 12.0687 33.2179 29.7597 14.2962 26.3867 20.2457 31.5182 4.1246 34.973 32.0578 30.6151 4.9651 
16.7318 10.2052 13.817 12.4462 15.0971 21.013 7.5396 10.112 10.925 24.1173 17.6048 17.0776 25.0294 11.9168 15.6613 
25.3961 4.3593 17.8187 18.9815 19.5696 16.4012 13.139 7.8751 6.1244 14.3589 15.5667 25.9668 15.9498 15.3711 17.4777 
22.1762 15.4387 18.562 8.752 20.5592 29.0999 4.928 16.4937 14.7168 27.6479 11.2055 23.3701 23.7367 18.0501 12.6828 
17.9958 19.9451 10.1773 30.5919 8.2947 16.8789 25.3078 22.0634 19.3446 26.1009 38.4767 8.0646 27.6448 14.0887 39.4084 
16.2994 14.1253 19.2911 9.4748 18.6085 27.3078 4.7387 15.6697 15.1039 26.8546 13.8686 22.8644 29.9174 15.1245 15.3772 
30.2272 9.1525 29.4137 28.4964 26.7898 16.6266 28.3033 11.1421 12.4035 10.8421 26.0047 35.8408 9.1454 23.1931 25.552 
19.2404 9.4347 19.0598 10.9852 20.131 21.2932 8.6315 10.2026 9.9309 23.5069 13.943 19.554 25.3225 13.394 14.4187 
17.5885 3.7436 14.183 21.1802 13.9103 14.9078 17.2133 3.2085 2.6894 14.1035 19.6408 17.1548 17.444 12.1635 22.9054 
22.0903 8.5041 18.6167 27.0912 16.5034 4.9007 27.1547 5.5076 7.1605 9.1062 31.8901 20.5538 11.7691 13.5006 35.462 
7.553 27.7261 14.4668 20.0835 18.7327 39.7571 21.2756 32.0337 24.7586 44.08 25.7619 17.6482 41.6082 18.6607 28.1497 
7.4325 15.6582 1.7952 23.9593 1.4237 17.4039 19.8144 15.9639 18.2391 27.8362 29.2242 4.5295 29.65 3.5936 33.4773 
21.2426 10.7373 17.8457 10.6837 21.2404 22.4217 9.0299 11.9517 13.0514 22.2735 11.9459 22.4474 26.684 18.5031 12.128 
24.8971 21.8385 17.4938 36.365 16.6956 12.1692 29.7881 17.9862 21.1803 19.1493 35.6409 13.7505 24.4271 18.3976 39.089 
30.5857 7.9157 28.3584 29.7917 21.5758 10.2455 26.3042 8.2388 10.164 4.8817 30.1601 25.4719 5.0159 21.77 29.536 
18.8313 4.1438 14.9726 19.8728 17.2436 14.4838 12.548 4.6717 3.8719 14.2335 20.0934 21.4575 16.5133 11.8605 20.347 
17.2044 11.312 17.9078 10.7143 20.0623 21.1474 6.9407 11.6235 11.1499 23.0141 14.0217 25.3938 25.0314 13.8437 12.4574 
17.9012 5.4146 13.9379 16.7618 11.9244 14.1605 17.8893 4.1816 4.8196 16.1979 23.9895 15.8705 20.4983 8.2919 22.3844 
25.5003 15.1043 21.3768 31.0913 15.0817 3.4184 27.0104 10.6516 13.3458 11.6516 37.1316 17.6688 15.0975 14.8585 37.0468 
5.597 17.3535 3.2484 18.9105 5.6759 23.4428 16.1287 13.9188 17.147 29.2536 27.8131 8.3064 24.9857 3.287 30.8703 
1.8199 23.1748 5.2801 20.8238 7.7436 24.1179 17.8984 16.842 18.591 27.7031 27.0625 8.4785 28.2375 7.3712 30.4466 
23.4224 2.8563 22.7606 20.1483 17.6185 13.9073 17.8567 6.5064 5.4656 15.2946 17.0811 21.821 15.4699 18.3146 18.8443 
27.4 2.7038 23.4343 18.8865 19.2264 16.5946 16.8419 6.374 5.394 12.6723 18.0708 29.0254 14.419 19.03 22.3632 
18.6513 5.5237 12.2487 18.6318 11.0819 12.6067 16.7713 3.5553 4.3943 14.2041 25.3163 18.6054 19.8072 10.2512 23.9431 
3.5251 20.8687 3.1142 20.9291 6.7585 25.9168 19.0756 21.9839 17.4456 31.0761 27.2071 5.9785 32.2552 6.9426 28.6763 
26.4447 11.8186 22.5287 11.9315 24.1448 27.8985 10.3411 15.5722 16.4281 26.8249 7.8668 26.5861 22.6358 21.8097 11.3922 
19.6222 9.7404 11.5542 22.4698 10.3151 8.9127 19.8977 6.4115 7.0794 11.7484 29.5577 13.8713 17.2467 10.1535 27.4126 
19.6696 5.8395 12.6237 25.965 12.221 10.2199 17.9562 3.0201 3.7996 12.6213 25.603 17.2801 17.9264 11.0165 27.0891 
19.6875 2.2806 16.6961 19.5116 17.7816 11.0361 17.2514 0.3981 0.191 13.1307 22.0635 20.2342 16.1026 12.307 25.6131 
5.8275 16.9387 3.6025 18.0787 5.1621 19.3547 15.0959 17.5238 15.5268 26.7928 22.7982 7.8307 26.6125 3.0707 27.0435 
28.5198 10.9121 23.8153 13.892 26.0971 26.4286 15.6688 16.2908 12.0529 19.5332 11.7203 33.5754 18.8455 22.1807 11.7855 
22.971 19.7909 17.3321 36.835 13.2188 10.4896 33.7136 15.695 17.2809 16.6685 42.4771 15.8655 21.0398 16.5586 35.9228 
13.5871 21.5355 14.4366 7.4336 18.8955 29.8285 5.0756 18.5016 17.5693 29.5523 16.1773 21.055 37.491 15.5661 15.4134 
26.9389 9.2977 21.2255 30.761 17.9014 4.094 22.4823 7.2593 7.9859 6.7167 31.6573 18.3903 10.7495 15.7155 31.5373 
17.5199 19.8675 9.9594 26.2402 6.6684 13.6822 25.7139 15.5274 16.4735 16.9858 31.4136 8.8816 22.0468 9.0691 35.7517 
18.5025 25.094 12.9348 33.8245 10.1019 18.7196 29.1338 21.0341 18.6697 21.9428 37.136 10.1749 30.3693 16.2603 42.7408 
23.5633 11.8372 20.137 30.1759 14.3994 2.2534 24.6092 8.0459 8.4549 8.6662 32.917 21.8955 11.8848 17.1309 33.6406 
33.8584 12.9377 26.834 32.402 26.7549 10.5573 33.7397 13.0169 10.8866 3.1836 34.2728 29.5465 1.7801 25.9214 32.7346 
33.4687 7.9903 26.6408 23.1141 30.5008 22.4588 21.1057 10.7289 12.095 15.3154 19.0522 29.2891 14.1812 21.5594 20.5769 
29.7066 12.3403 26.3311 30.3677 27.6057 13.113 32.1622 10.7207 12.9121 6.3828 33.7028 30.4729 3.6179 26.5361 29.736 
12.2461 23.9774 7.7226 33.2994 4.5248 21.1491 24.5469 19.8338 17.8516 25.4239 36.7201 3.2319 30.7516 10.4994 37.6816 
18.7687 13.513 17.9875 6.9418 20.7925 28.3736 2.7053 15.0718 17.1334 26.6392 11.0015 25.3061 27.912 14.1377 12.9631 
21.2903 8.5913 17.6317 10.836 18.4621 18.6943 9.2525 11.0194 9.9125 20.1806 14.1092 21.2151 21.7004 13.9926 14.7791 
19.1701 21.9236 13.0993 31.9533 9.0698 12.8872 32.1472 21.23 19.1716 21.6374 41.2795 11.2215 24.3435 14.2928 45.0355 
16.3587 10.5592 14.3704 12.174 16.0681 22.7906 9.6242 8.4218 8.7248 17.9927 18.0294 19.0474 20.0944 12.0879 16.5931 
20.2379 11.4843 19.0106 27.2753 12.9327 4.9531 28.7544 9.3717 11.1929 11.7361 34.496 15.7961 16.0987 14.755 36.6964 
26.6795 11.8784 16.441 34.1804 15.296 3.1082 23.9889 10.7413 8.8504 9.1287 35.6255 18.9574 12.9871 13.9702 33.465 
26.0569 16.099 26.8608 6.2109 23.8963 27.5251 6.7745 20.5046 20.5109 33.0225 4.5291 29.2937 28.7872 23.3904 6.4236 
17.7599 13.9206 17.4981 7.6718 20.5693 28.1801 4.1864 14.2569 13.4571 27.0861 13.9152 21.6898 30.7894 16.0715 12.6827 
16.863 19.3042 20.8696 1.5029 26.9253 33.1035 2.525 22.2909 23.7688 33.5922 9.6117 24.2692 30.0389 17.4151 9.8035 
12.0779 13.5161 13.1097 11.0782 15.9253 21.5785 6.0068 15.4163 12.7193 23.2506 18.831 20.3836 26.1451 11.3995 16.0715 
17.1142 19.8566 22.4573 2.7831 19.731 35.0269 2.0902 21.8266 18.0703 28.4849 11.4153 26.8877 36.5108 18.7055 10.7881 
5.2123 26.0073 10.4756 19.9238 13.0976 31.1469 15.1172 27.4391 25.3649 39.7707 25.8558 16.4956 34.7631 14.0572 25.1515 
4.5753 20.6691 1.7128 19.064 4.824 20.9194 19.4082 16.0184 15.1927 28.2036 27.6301 6.743 31.108 4.0874 25.7792 
19.9983 18.9069 25.4869 1.4042 25.8441 29.7593 3.6336 18.2069 18.6861 27.814 8.1825 31.5684 28.9447 19.3758 8.5694 
21.5305 14.333 15.9333 32.0445 11.7396 6.027 27.2892 10.9007 12.8966 12.6475 37.3187 14.5569 15.6911 13.2077 39.3631 
16.9072 6.5761 18.6372 15.2681 16.2512 21.1569 11.8829 8.684 8.0836 16.0246 14.2405 18.384 20.0946 12.3578 18.5893 
13.0851 21.5534 17.9074 8.244 20.855 33.214 8.4819 23.3241 19.831 29.227 20.0165 23.7992 40.9201 17.1627 16.3025 
24.9536 13.8164 18.7836 29.8869 18.6906 2.6345 31.4178 10.8646 12.1092 8.5421 33.4153 23.0261 13.5292 15.5028 40.4676 
20.5403 17.1218 23.9519 2.0639 21.5128 29.1511 2.9498 21.1641 18.9961 33.6891 7.566 29.8938 35.4178 18.3789 8.6574 
21.3498 3.614 16.2172 19.692 15.6016 13.6104 12.892 3.5594 3.7542 17.0142 22.3349 21.692 18.6909 10.4642 22.6191 
4.6326 21.4121 9.5824 15.1136 12.4224 27.9942 13.0359 17.0054 20.3169 30.8222 24.2325 12.8775 32.2934 8.2919 24.1784 
7.6339 34.1678 13.1314 19.4078 16.8977 31.3848 22.2693 28.3721 25.2425 37.8305 29.9179 15.3367 48.134 15.9423 29.4942 
10.5755 23.4209 14.6483 11.8363 18.7965 33.5825 7.4843 23.3772 18.5204 29.2332 18.3413 17.8774 36.3991 13.0351 20.8291 
19.6334 20.8843 23.8254 1.4299 27.201 29.9565 3.5747 21.8063 22.6721 31.3199 7.6756 29.9022 30.7539 20.8639 7.5875 
7.2635 21.6714 11.5176 12.7489 13.4665 26.8737 9.7788 19.8107 20.1973 31.4788 18.9342 17.1166 28.5154 9.1678 21.2929 
19.0398 11.9171 19.0432 7.7032 19.596 24.9107 5.1997 11.7899 13.789 24.9796 11.8654 26.2906 24.7286 15.6185 13.6232 
22.7939 4.206 24.4153 17.9642 19.8608 16.8172 16.6897 6.309 6.7942 13.4959 18.7996 24.3456 15.0936 17.1378 16.7041 
19.4689 13.2445 19.3934 8.5439 21.5786 25.9548 6.5426 12.6207 14.8401 26.1204 10.1882 26.9431 22.7139 15.6004 10.1304 
3.5674 17.8125 5.9928 18.7252 10.4283 27.4051 12.8073 20.8603 19.5133 32.9228 27.4406 12.0302 28.3466 7.5073 25.0861 
23.9323 22.3974 24.1891 3.7666 30.138 38.2579 6.5934 25.8266 23.3805 34.584 5.8361 27.7818 29.8967 21.8572 5.3087 
7.0836 18.4708 11.05 12.2468 13.3758 23.5931 8.9905 18.5644 17.3432 29.6614 18.2452 14.9848 28.1068 9.3274 23.6657 
12.7553 16.312 15.7856 8.7588 18.7218 27.4721 4.2466 14.8191 12.8539 28.338 13.5764 20.7126 29.4909 11.5998 15.2678 
25.3068 19.2896 22.4991 7.056 22.5578 32.2298 7.8516 17.5138 18.5233 31.0662 6.2094 26.1502 27.7004 21.9693 6.9081 
7.8796 22.3429 3.3067 27.7366 2.0598 20.0061 19.86 20.4634 18.0574 28.0794 32.9555 1.7124 28.328 6.2383 38.07 
11.1602 24.1684 3.9079 24.9777 2.9782 20.7207 24.2025 19.5374 18.2407 22.7836 31.9066 1.4337 32.3524 7.0172 38.2263 
20.3631 10.8365 23.5832 13.5646 25.2865 22.2619 9.8438 14.7249 11.033 19.1892 9.6411 23.5063 24.956 16.0279 11.9701 
28.4718 8.1124 23.0485 17.8538 22.5174 19.692 17.0694 10.7522 8.4266 18.5234 17.3358 24.3346 17.8275 17.3017 17.7027 
19.2304 8.7349 22.8255 13.3093 22.539 19.1329 9.7096 9.8758 11.5102 20.0677 11.7039 27.7089 21.084 17.384 14.9584 
7.9078 30.0933 13.6543 21.5552 18.8716 31.82 16.776 26.5551 25.1979 40.4463 31.64 17.1514 36.8411 17.0152 30.1378 
11.7005 10.4075 9.811 19.1936 9.0902 15.6219 13.8241 9.2583 7.8138 19.3152 25.04 13.8914 22.1639 4.3967 24.5732 
13.6078 9.7626 9.9962 19.4746 11.0034 16.6018 12.3557 6.8631 8.1887 18.5842 24.6741 14.5684 21.6351 4.8311 22.2271 
11.1617 20.3519 12.7556 9.6195 14.3603 29.0439 7.7625 17.5976 16.3122 25.7863 17.0822 17.5344 30.7994 10.5974 16.6029 
29.1115 22.8764 31.7667 8.2188 28.0517 34.8358 10.5205 26.4786 21.8908 30.6835 1.5494 36.7701 33.0442 26.0492 1.7284 
2.6411 20.4961 4.1233 16.9933 6.2964 21.0049 15.7343 17.1487 16.9958 27.0882 24.6134 7.9652 35.0018 6.358 29.3682 
27.7374 4.9975 22.7368 28.4044 16.5214 7.1899 22.5595 5.1768 5.3038 7.2672 29.5608 24.4515 8.1163 18.377 31.4554 
28.4992 22.8685 33.1717 10.498 31.2617 36.6531 11.3279 19.5234 20.6516 34.8096 2.4679 36.2491 33.6074 26.379 3.2421 
22.595 14.3575 24.1473 6.8316 20.723 29.4149 5.8273 16.982 14.1409 27.6305 8.7093 25.6823 27.8494 15.8026 8.8111 
0.7495 25.9014 7.4461 22.9514 8.8242 25.9828 15.622 22.7204 22.7453 28.8724 27.2653 10.0178 37.7413 9.1039 29.9735 
27.0364 11.6731 24.9921 15.5145 28.0615 23.7193 12.1104 12.6417 13.474 23.5748 9.0949 29.9332 23.7319 22.0411 12.8917 
27.7834 6.3238 24.5817 28.1958 22.0934 14.8521 22.3347 8.2937 7.4381 10.1161 25.6197 25.5835 8.2523 23.1338 22.3522 
23.9932 17.0072 15.8832 32.121 13.0584 5.8244 30.8095 11.3534 13.9582 13.2391 35.8953 16.2884 17.7604 13.1706 31.893 
22.6546 16.8309 27.4362 6.6393 24.7948 29.0792 7.0073 17.7224 16.7729 28.2332 5.8376 31.721 27.1801 21.5171 5.5145 
12.9781 13.6651 6.7122 21.3392 6.527 16.4892 15.5206 8.7177 10.3514 19.136 25.7935 9.3614 23.2498 2.7838 26.6906 
32.2337 17.4497 27.1413 13.7715 27.4609 32.1082 15.5936 19.0066 19.5014 24.535 7.9989 37.0568 26.9136 22.4803 8.7075 
14.785 12.7942 14.85 7.1999 17.7355 21.8719 4.257 12.9772 14.4131 25.9472 15.35 21.6153 31.1283 12.818 16.0828 
20.853 13.6049 23.0747 6.4887 24.4041 29.702 4.8435 18.1223 14.116 25.7479 7.3242 25.4368 31.1142 19.8539 8.2834 
18.8649 17.6674 12.6199 32.3242 8.0559 11.6667 25.982 15.461 17.9532 17.675 34.6703 9.9226 21.2113 10.9038 41.1221 
19.6097 15.6235 14.6505 30.3619 13.0798 6.394 26.7945 12.1286 13.1547 12.0072 30.9363 17.5549 15.0848 15.1298 36.4153 
15.6466 9.6797 11.6325 23.8627 9.0463 9.9783 22.0947 7.5191 8.6749 17.5901 29.4027 12.6497 16.5991 7.397 27.0985 
7.1374 23.8911 10.7871 12.9116 13.9376 28.3074 12.8291 23.274 20.8167 33.8185 23.3443 14.5656 31.0098 12.0634 21.8178 
19.2679 4.6087 17.3643 22.2015 15.3075 10.1237 17.5077 2.1782 2.7476 10.346 25.5733 16.5048 12.7979 11.5924 26.8943 
19.5904 1.9436 16.0466 20.9417 17.6181 16.1355 14.8769 3.5904 2.9591 14.3977 21.947 24.0917 16.8669 15.603 24.0155 
36.857 11.3819 28.3067 28.5307 26.5088 10.0694 27.6188 10.9792 13.2683 2.8815 36.0105 32.2424 1.5165 25.7706 34.28 
13.5069 17.3835 6.7615 24.6988 5.5596 13.4107 21.3014 13.1283 14.6744 18.8072 27.6355 7.783 24.4207 7.1217 37.7687 
11.2312 15.5757 5.3873 26.4788 1.821 18.5242 22.248 17.309 17.1168 19.3366 32.3345 5.1123 27.9307 4.7654 30.4887 
15.7822 8.5459 15.0864 14.8589 16.2239 18.8148 9.8157 8.3163 8.4443 22.961 16.5903 17.7199 25.1602 11.432 18.8986 
17.2902 9.8699 10.7012 19.1518 10.7579 13.3998 19.4119 6.424 6.4838 16.8099 26.1029 15.036 17.9291 7.6611 24.8508 
16.725 6.8978 15.6064 20.7564 12.5102 8.5261 19.4416 3.8514 3.857 13.5665 28.1555 18.2137 16.3413 9.3439 26.9086 
21.2817 1.3506 22.3636 21.9056 21.2922 14.7013 18.7741 4.3519 3.0381 12.0435 18.5062 24.8384 16.217 13.5477 21.2025 
13.5473 11.413 17.5502 8.5378 18.9795 23.9301 5.1519 12.2907 11.8037 21.9423 16.0805 20.1401 29.8549 13.499 16.1663 
25.8713 5.4964 26.0396 19.7288 23.3497 15.5157 17.4851 7.1738 6.6397 12.9897 19.4084 29.6743 17.1651 20.8942 21.2543 
11.4869 10.8243 6.6956 20.2132 7.5248 16.5469 15.2103 11.1209 10.814 19.5708 25.9016 12.2495 21.4312 2.6188 26.3717 
10.9885 19.8535 12.9033 9.0904 16.174 27.8737 7.0532 16.2938 17.4232 30.6012 16.5492 17.1081 30.0795 11.9176 17.4213 
21.2859 24.4783 17.4335 35.6976 13.4413 15.2733 32.0775 23.4639 21.763 20.9941 40.5888 13.1871 29.2682 19.9267 49.1748 
15.2657 16.6142 17.5263 5.1845 18.8793 28.0417 1.0494 18.387 15.2328 26.4568 10.8808 26.8515 28.652 16.0683 10.2343 
17.3795 13.0608 15.7767 6.6681 16.8515 25.1179 3.5201 16.5329 13.3178 26.7605 11.408 21.8956 27.8132 12.6012 13.0234 
20.4449 13.0769 14.5598 32.3582 12.3834 9.305 24.4425 10.1132 13.3093 13.17 37.9387 12.6415 20.4773 10.176 39.5124 
23.3001 8.0749 23.6582 16.5762 23.4625 17.9394 17.4465 10.3259 9.8946 16.4727 13.6354 26.7046 20.0371 22.7714 17.8256 
16.8974 12.1414 20.6085 7.7503 17.6096 24.122 4.8996 15.3324 13.8509 25.2994 14.0487 25.2879 27.1965 13.3018 13.0303 
2.3595 19.6244 7.4556 17.8798 11.7458 30.3743 14.0301 20.0046 20.1477 30.0153 28.9198 13.2736 39.1561 9.0293 27.4855 
29.4632 20.3922 27.3944 13.5915 30.4184 32.087 12.6571 25.95 20.8807 31.2904 2.9669 39.6239 29.2058 28.7029 4.4068 
7.6731 22.8827 12.3366 13.7736 15.6953 29.893 9.2258 18.3294 21.5705 32.1409 21.7832 15.4593 32.6568 10.6641 23.2725 
18.4187 5.0118 13.3071 19.911 12.888 14.8732 14.3943 4.199 3.3845 15.514 19.5559 17.579 16.6697 9.7791 19.3921 
10.0114 30.5785 13.4995 16.3567 16.8606 33.7054 17.2533 24.5262 29.8778 38.0214 24.6507 20.3601 39.47 14.397 26.0007 
23.3362 9.6613 24.4123 17.1281 22.5021 19.7674 15.9699 12.5302 11.814 17.0678 13.0123 30.8498 17.6023 22.7134 15.248 
16.0078 23.4826 11.7272 37.618 7.3006 22.0708 28.2089 20.6414 24.626 26.8689 38.8233 7.0508 29.3624 11.9694 35.7064 
8.5392 24.3549 6.1439 29.1575 5.7329 25.8733 26.4221 22.4222 20.0578 32.0402 40.0662 1.3149 31.9532 10.623 34.4285 
6.3675 19.0562 7.0277 15.8145 7.8907 20.2573 14.0683 16.1237 14.7193 27.5983 25.9183 10.6224 29.5543 5.4803 27.3295 
27.126 7.5736 26.3932 18.2962 22.7516 20.2534 20.4888 9.2847 10.3072 13.2447 20.6219 30.1098 16.2714 21.1846 18.0002 
34.4256 12.4187 28.9893 31.1165 24.9498 13.3709 32.2482 12.3417 13.4047 5.842 33.9209 27.0638 2.7404 23.2068 33.8734 
10.7387 13.2565 4.3562 23.0896 4.6884 17.7402 17.1676 12.0724 13.333 20.062 28.281 9.3414 23.1957 1.2114 29.6363 
24.1364 6.4903 20.8699 21.1307 20.627 18.6144 16.3038 7.8188 8.483 16.229 18.6815 25.319 15.6774 20.0724 15.788 
14.7483 17.2164 9.0744 29.0873 6.4177 11.5631 27.8879 14.1878 15.4146 20.909 32.9234 7.6447 24.5898 8.3598 34.1352 
4.5979 28.7127 10.0279 16.0184 14.953 28.5032 15.0021 27.805 22.0996 35.6988 24.9363 14.684 42.8837 12.4914 30.4188 
19.7471 13.9227 14.7314 27.9342 10.3906 10.1263 24.6652 12.0174 13.0787 14.6885 34.9088 13.683 18.1822 13.5114 37.0354 
25.3561 10.4947 14.587 26.4784 15.5203 4.301 28.2983 9.5891 11.579 10.3239 37.0369 19.6432 13.0682 12.4821 35.9841 
13.5001 9.5083 9.681 19.8875 8.5738 14.6399 16.6709 6.4029 7.518 15.8481 27.4648 14.095 21.8437 6.1437 23.2671 
9.8852 13.1073 4.104 19.6869 4.1123 16.2001 19.6876 12.5656 12.6212 21.1989 31.2682 8.675 22.6174 0.7772 24.2211 
13.0181 8.3003 12.0696 17.9214 9.6153 14.3685 14.0603 7.4072 5.9126 14.6113 23.568 15.5864 22.2232 5.8745 23.5608 
15.3342 18.4279 16.0391 5.144 22.0726 25.4736 1.1539 17.2338 16.1628 31.2303 12.3747 22.7126 29.6566 17.6954 12.0051 
22.4095 17.3264 27.2113 10.0411 27.4565 27.6897 9.6661 18.0821 15.943 26.7211 5.0518 34.0473 25.7892 24.3903 6.1891 
27.0742 14.4511 23.6215 12.2507 24.6334 23.3151 13.5865 14.7601 16.592 22.3361 8.9315 28.8975 23.3801 23.1392 8.6255 
34.6525 18.586 30.1227 11.8479 29.5119 30.5898 12.4564 22.7747 24.071 27.1441 5.1504 33.8077 30.8548 25.7606 7.0779 
1.5096 23.2544 7.1371 20.5843 10.1117 29.2607 14.394 23.8305 18.9524 35.4652 30.4546 11.1686 30.8626 9.1933 25.3484 
10.1185 23.8805 15.4537 14.886 16.1103 34.7885 13.1581 22.4478 22.935 32.9899 23.8588 19.2644 36.7221 13.4663 24.7742 
26.6847 10.0077 28.0922 20.9411 30.8494 23.8174 18.0886 14.8443 13.4863 19.7303 17.9358 32.4577 20.3236 22.0034 18.614 
21.6193 2.0338 17.5421 20.7151 15.653 12.2484 18.7321 0.907 0.7229 9.8167 24.1701 19.2428 15.4827 13.106 26.9355 
17.127 12.8459 11.3675 25.4813 9.3106 10.098 23.3827 9.4339 9.4366 17.5184 29.7996 12.6609 20.6055 8.2821 32.8731 
32.5241 10.774 22.7873 27.7831 23.4539 4.6356 31.7986 9.1377 10.8073 3.0546 34.5102 24.4321 7.6721 20.2999 32.63 
32.4 23.8983 27.768 13.7225 31.1929 34.1102 13.1711 24.9276 24.6301 32.9579 4.1133 36.797 29.0626 27.915 4.2761 
13.4791 11.9222 15.7841 12.537 13.8126 21.5671 7.4726 11.5509 9.7385 23.8597 17.8886 19.8679 24.4855 12.104 16.0567 
25.0187 4.7139 18.49 14.6113 19.2666 19.3283 13.6925 6.7154 6.6081 17.8777 16.3678 24.7995 15.4334 18.1124 18.6069 
20.6304 13.3277 21.9905 8.7386 18.8444 26.3551 5.8775 13.4066 13.8193 26.9255 9.9129 24.8577 23.1402 17.7344 10.0194 
15.0305 21.377 9.6974 28.8554 8.8257 17.2905 28.6631 17.3019 18.2147 23.7824 37.8003 8.445 26.4087 13.442 35.2136 
18.1393 12.2217 18.6507 9.2313 16.3224 26.851 4.9791 12.35 14.2847 27.4308 11.6635 24.5319 24.986 12.512 14.053 
33.1157 10.3372 28.8531 31.4712 28.5937 15.3361 25.597 11.5138 10.4033 9.5975 28.394 32.3869 8.8287 26.4025 25.7051 
17.265 10.0652 18.0381 12.8703 16.5009 23.1671 9.0715 12.3577 9.5836 20.4558 15.2798 21.0196 23.4618 13.2416 15.6411 
17.0608 4.3742 17.8476 18.6572 14.6312 13.5694 17.3483 3.1065 3.0043 16.3803 21.2795 16.8613 19.4478 12.1765 22.3055 
25.0197 8.8337 17.9167 28.0929 13.9491 5.763 23.4176 6.1379 6.4034 10.1046 33.9185 17.2444 13.1387 14.624 29.0426 
7.2993 25.8367 14.173 22.0471 15.0718 36.2705 21.7167 28.9449 28.9599 36.0594 33.783 17.7726 46.447 18.8708 31.3425 
7.7479 18.7804 1.7376 24.6046 1.6201 17.7585 22.3412 13.9967 13.878 24.056 30.0048 4.1674 30.3057 3.5883 26.7801 
23.8905 10.3644 17.7986 12.6045 20.7684 23.3119 9.5981 12.9494 11.3382 21.9003 10.3909 27.0942 22.8988 18.6256 12.2813 
23.3147 21.2816 17.6249 36.6382 16.5382 11.5268 37.6191 20.3997 18.5724 19.1545 40.2725 14.2731 21.4662 15.8025 39.3879 
28.3589 7.5239 26.694 28.3215 21.4602 10.7355 27.2204 9.6601 8.123 4.7077 27.5926 26.181 5.0609 18.7396 27.5357 
16.5125 4.1834 17.9302 18.2623 13.9094 13.7659 15.8581 4.0233 4.5464 17.6377 19.6858 21.8947 18.909 12.5541 18.1602 
18.9391 11.9377 18.5173 9.8672 20.0291 20.4066 7.371 11.1108 11.9392 23.2003 11.1977 20.6024 26.768 14.8096 12.826 
15.3563 6.9476 14.9876 20.5705 11.2306 14.6703 14.3276 4.2003 3.8542 17.3378 22.9415 17.8234 19.6821 9.3171 20.4002 
27.2604 14.702 16.8372 36.553 15.2753 3.3785 29.5615 11.2585 12.9953 9.825 35.1124 18.7554 12.8663 17.4287 39.5601 
5.9412 20.0446 2.5843 19.4123 5.394 23.0987 17.9213 17.9257 17.541 23.3585 26.2327 6.9904 31.1198 3.6023 28.3222 
2.0082 19.785 6.6958 16.2129 8.5386 24.1979 16.2938 18.2048 17.738 30.8028 24.7769 10.3439 31.8337 7.8673 24.3093 
25.8595 2.9449 18.4588 17.1272 18.0636 17.6924 17.6099 6.219 4.5085 12.9464 21.324 26.9356 16.6645 17.7056 19.6477 
22.0668 3.2646 23.7447 18.614 21.9015 15.7309 19.6239 6.1404 4.6078 13.2934 23.2313 28.6838 14.7134 18.1209 23.3834 
16.9198 5.326 14.134 20.2498 11.3708 13.2483 14.3928 4.4165 3.797 14.123 21.4952 14.6598 15.8731 8.5743 27.1282 
3.1096 21.5399 3.4219 20.308 6.0682 23.4399 21.7091 20.6595 20.0401 26.5928 30.9009 5.6798 34.6616 6.735 30.3382 
23.1409 14.2446 28.3249 12.8992 25.9257 23.8727 10.7889 14.738 13.2522 20.313 9.3203 33.8568 24.5169 22.3878 10.3536 
19.4057 7.7422 12.9335 28.0909 11.594 8.0538 24.312 6.5622 6.884 11.845 26.1074 14.0681 17.4156 8.8277 31.5526 
16.7143 6.5578 14.5957 20.8188 11.9277 11.5197 20.6621 3.7674 3.7348 13.7239 24.1899 18.1211 15.8426 9.2063 28.0606 
21.9675 2.8095 16.0104 23.3019 14.7276 11.3757 19.188 0.447 0.1931 12.0791 24.2851 19.0324 14.9391 13.5104 26.1502 
6.3602 18.4886 3.9523 17.5061 5.5317 20.2596 15.2467 14.0595 15.5223 27.8665 28.2454 7.3089 31.7382 3.06 24.8189 
28.2721 11.5364 25.0817 13.6925 29.3398 25.6114 16.1093 15.502 12.6355 24.2187 11.7069 27.4222 20.6465 19.7327 11.6631 
23.3658 21.2963 14.3367 40.0211 14.6815 9.1553 27.2236 14.5134 15.2013 19.34 43.2046 12.8565 23.365 14.5685 45.2251 
14.5048 23.4761 19.062 7.3154 16.9817 34.0748 5.9287 19.7182 20.387 31.5961 16.5371 18.4117 29.7898 15.9787 16.1949 
28.0328 7.8028 21.2928 29.5945 16.3309 4.4429 22.8453 7.6852 7.2215 6.059 30.2172 21.1443 9.7328 14.07 32.807 
17.2197 16.1839 9.4689 27.1817 7.4414 14.3525 30.4121 15.2529 16.3034 21.1266 30.521 10.2354 23.0766 9.3427 39.7484 
19.9565 21.5697 11.593 38.0992 10.63 14.9047 30.0629 20.187 18.3372 27.1721 43.6922 9.3305 26.7505 13.424 44.8112 
26.2671 9.8201 17.3295 30.7989 15.177 2.8914 30.7847 9.6572 10.9173 7.6078 29.9918 20.7821 11.1951 14.5966 35.1534 
37.0888 11.0579 27.2908 28.0493 28.6102 10.5988 30.0718 11.2401 13.2065 3.5287 35.2311 33.2334 1.8926 23.7406 36.2361 
28.2052 9.6546 27.5304 20.252 23.4828 18.3141 18.0482 10.229 9.9881 17.0374 18.0951 34.331 15.1726 21.566 18.8082 
29.7636 10.6523 28.9847 32.1709 27.8232 10.9807 30.7107 12.2636 13.7388 5.1488 28.6368 28.3518 4.1795 26.2192 33.0714 
11.2197 21.6147 8.0472 27.4524 5.2764 20.8442 26.6721 17.5073 21.7359 28.1486 34.8226 3.2388 31.7631 8.7136 40.4607 
16.4359 17.4691 20.5985 5.8875 17.6874 28.589 2.698 15.2705 17.8186 29.6475 11.998 21.9008 30.6303 14.2721 13.2447 
16.8024 8.2205 17.9557 11.9284 21.2081 18.7367 9.8232 9.4811 9.7788 19.3176 12.8836 23.484 25.4011 13.2974 14.0103 
17.3993 20.5155 12.6613 32.5872 11.1437 12.7814 34.6821 18.0007 17.8847 21.5497 33.9915 9.7567 27.934 12.4851 40.324 
15.5913 10.0142 17.2795 13.2087 17.8595 21.1436 10.3384 8.6735 9.6749 20.2679 17.7714 21.0918 24.9916 12.3848 14.9533 
24.4156 10.9101 17.0857 29.8233 15.2589 4.773 24.9564 9.2684 10.6835 10.3039 37.4201 15.2323 15.4297 13.2105 37.2786 
23.3174 13.2735 18.7301 33.1553 16.9473 2.8215 25.4222 8.5688 10.0391 8.1207 31.8088 16.6683 11.5783 16.6769 36.9413 
20.421 18.0891 27.9956 6.9769 28.3914 27.943 6.7147 17.0236 17.6528 31.3161 4.6042 31.9908 27.1424 18.9915 6.0791 
15.6758 12.4507 18.9344 6.606 20.8994 24.1774 3.4787 15.1429 16.2449 28.5476 10.8672 23.8927 31.2184 13.0688 14.5132 
18.7838 22.7252 21.7593 1.4808 21.7396 34.8052 2.932 23.7316 20.7813 33.3606 10.8768 23.3787 38.8566 20.0359 9.3641 
14.2489 15.6861 14.0567 10.5968 15.8835 21.8393 7.9296 12.5863 12.3817 22.4116 16.9541 15.7393 24.0609 8.6421 18.0138 
18.4275 18.6504 17.8774 2.3408 20.877 33.6016 1.9194 22.9347 21.2746 34.9431 10.751 26.2451 29.2734 16.7403 12.5141 
4.888 24.0779 12.3141 15.8492 13.9785 28.6292 15.9366 25.8891 21.6572 36.7424 29.0278 16.5551 32.7773 11.9674 29.3127 
5.9535 19.7096 1.8055 21.2812 4.8389 19.3159 17.4441 18.594 17.7329 23.1756 24.6788 6.5466 29.8965 4.7066 31.4338 
21.7966 17.3033 21.3985 1.8172 21.8801 34.8758 3.4549 19.459 18.5635 31.2851 7.3439 26.3519 32.6326 20.3001 8.7112 
23.3794 15.4268 17.7257 33.686 12.3171 5.7827 27.5823 13.7525 14.295 12.0374 37.5934 14.5978 16.8529 12.9004 32.2176 
20.4983 7.7532 16.9429 16.2815 18.6934 20.5991 10.5345 8.695 6.2484 17.9133 18.0308 21.0511 22.0959 13.5943 16.3132 
13.9534 24.6841 15.4328 9.003 17.9295 33.5779 7.5106 22.4172 24.6601 29.4583 18.2995 22.0437 38.6119 15.6273 15.4295 
29.8796 14.8898 17.6431 31.0696 18.5291 2.6019 27.496 11.8192 13.8824 8.4102 35.3906 21.4298 11.8226 19.2339 32.6087 
19.2364 18.3408 20.8806 1.7368 25.8002 31.6969 3.0495 21.9175 19.2749 28.6335 9.4946 26.194 29.2428 20.832 9.0763 
20.6175 3.5461 14.9315 19.7599 14.6599 14.4501 14.8328 3.7543 3.482 16.3005 18.245 19.2775 17.6627 12.243 22.8942 
5.1522 18.1414 9.6753 17.0161 11.1159 25.3002 11.8502 21.0926 21.5051 27.2503 20.4533 12.8928 37.4035 9.966 22.731 
7.2585 32.1296 16.129 19.1578 17.4912 36.169 19.3712 30.4104 25.9292 34.3218 25.9802 14.4476 38.8127 18.4028 32.5975 
10.6946 21.5829 16.3307 9.917 16.5174 27.1751 8.4811 23.7122 19.4077 32.0418 17.348 17.7691 38.2773 13.4431 19.94 
21.8485 21.2584 21.5467 1.7872 21.2325 32.6328 3.1667 19.9629 19.6932 33.8497 8.2268 30.3346 28.36 18.2474 9.6284 
7.9278 21.6327 11.1223 12.2997 13.9892 25.3286 9.0878 16.6427 19.9995 33.6232 23.0999 14.5837 27.9327 10.4992 20.2371 
20.1337 11.0534 21.9545 8.7653 20.9529 26.6316 5.2879 13.6238 13.1237 22.4754 11.6162 20.6726 24.2135 14.5313 11.8107 
26.6858 4.5675 19.7954 17.1707 19.9631 19.5332 15.1888 7.7907 7.3843 14.2235 16.3387 21.7444 15.5682 15.4395 20.3222 
19.7292 11.3699 22.8039 9.4887 20.4949 27.1496 6.684 13.589 13.7721 23.2541 10.6269 29.1341 24.0189 18.2936 10.2587 
3.8641 20.9248 7.1499 18.6314 10.147 24.4507 14.2706 17.8087 18.5722 31.1518 21.8593 9.7757 29.9419 7.8169 26.5918 
23.6699 20.7622 22.7508 3.2183 29.4586 32.7633 5.749 21.7529 23.3677 36.6535 4.9044 34.2132 31.2731 25.4339 4.8774 
7.7608 20.6168 10.8486 11.8239 13.8646 25.3139 8.6149 20.6241 17.275 31.735 18.762 15.3278 30.6526 10.5394 21.5612 
16.5726 15.2087 14.7936 7.4927 17.0876 27.1336 4.9586 16.1248 12.7269 28.5613 15.3691 22.8009 29.8201 11.4873 15.9818 
25.6846 16.5491 22.7823 6.1432 28.9955 32.8815 7.1501 17.3447 16.014 28.3886 5.8281 26.965 31.8997 23.717 6.0381 
8.9245 20.4452 2.8975 28.4204 2.3382 21.4171 20.9019 17.1132 20.2402 23.2687 31.7412 1.8747 30.7349 6.0033 37.4254 
9.3519 21.9735 5.099 31.0702 2.9545 20.0192 27.3027 17.861 20.5044 27.8675 29.6457 1.4323 29.3989 7.9525 32.3784 
26.0225 10.134 20.7341 11.1704 23.6201 21.8238 9.4765 13.3063 12.2327 19.2272 10.5499 27.2748 22.7775 17.4317 13.0281 
26.0464 6.7833 26.3681 16.3843 22.9718 20.6655 14.9839 9.5359 10.1549 15.2089 16.6992 29.8652 18.7863 19.2519 19.1658 
23.0365 8.609 18.3488 13.6593 19.7717 22.8634 9.4673 11.5664 9.082 17.7195 13.8776 26.6009 21.5409 16.8047 14.5119 
7.4782 30.1597 16.022 17.6085 19.1056 35.3654 15.9425 26.0468 30.501 34.2534 25.635 17.773 37.7426 14.2129 28.0404 
14.3119 9.7701 9.8286 18.4629 8.4384 15.7278 17.2564 7.5988 7.7083 17.4744 23.2898 10.8233 23.0322 4.443 25.2314 
13.6229 8.8603 9.5274 16.613 9.1284 16.7306 15.876 7.9301 7.8281 21.2521 23.7007 15.0512 18.7107 6.2461 22.4297 
9.308 18.8263 12.5443 9.7311 12.909 25.9164 8.0277 19.8445 15.0962 32.3922 15.8579 16.7221 27.9488 11.3606 16.382 
27.2119 19.4898 29.9633 6.7991 26.0369 30.8732 9.665 24.3406 25.6967 28.4148 1.5021 34.1862 36.5922 29.2624 1.7043 
2.4529 19.629 4.1233 18.1318 7.9015 21.9099 14.8115 18.0258 20.7214 30.8584 28.9523 8.1822 27.8867 6.0101 30.6662 
24.9796 5.4213 20.9308 24.1566 16.916 9.1923 25.1079 4.8237 5.7733 7.202 24.9132 20.4463 10.2787 16.8154 27.5154 
28.5405 17.7931 28.0007 11.552 35.6665 29.0314 11.8939 23.5929 19.7797 28.7646 2.5521 36.1001 29.8803 28.9602 3.3731 
19.7289 15.3849 20.0367 7.3343 24.3485 26.1802 5.576 15.6059 16.8731 24.073 8.9802 24.552 24.1863 16.9776 8.9219 
0.6138 23.7064 6.6986 22.4682 10.004 29.847 18.976 20.1306 20.6073 34.7421 26.9798 8.9536 31.5686 9.2057 29.6505 
24.0829 10.3761 24.4975 15.6808 28.7324 27.6405 11.8407 12.4913 11.7922 20.8196 9.7488 27.1201 20.5368 19.6748 10.337 
30.1567 6.8342 22.2597 27.0103 25.2556 12.7553 25.2743 8.6298 7.2456 9.9986 26.4216 26.4718 10.3328 18.6138 26.14 
23.8263 15.0682 18.2568 29.1992 13.992 6.1675 27.0313 13.7201 13.3562 14.1589 39.9918 14.6532 15.8399 15.2626 35.2766 
22.2125 15.8472 27.2808 6.6733 29.3104 26.3105 7.2212 18.7204 17.3764 25.2269 4.7693 32.9794 33.3574 20.3012 7.2763 
11.178 10.6227 8.2831 18.5713 7.0128 14.1265 15.5585 10.907 9.9176 19.1641 23.9704 10.0372 21.6036 3.12 25.4458 
27.4967 14.5474 26.0637 13.134 31.0506 25.1999 14.666 18.4816 17.2495 26.3845 9.7107 35.9456 24.8239 23.3535 9.3419 
13.2955 15.4136 14.6813 8.5659 18.1457 22.2242 3.893 14.4589 12.2794 24.1872 12.7568 19.1828 29.6861 11.2199 13.4087 
20.0786 14.8987 23.685 6.9865 20.1866 26.5461 4.6429 19.0478 16.5915 26.8983 7.3424 27.2948 32.0279 16.122 8.8839 
16.6264 21.7113 11.2009 27.721 8.1998 12.6918 32.1721 14.025 15.6156 17.895 39.085 10.95 23.0252 12.6351 42.7761 
24.3647 12.8294 13.6021 31.848 14.095 5.8691 26.3332 10.7487 12.2146 14.4169 39.3824 15.3297 16.3635 14.5486 32.2709 
17.7104 12.179 9.4742 26.1544 8.3466 9.4205 18.3308 8.1712 7.5725 16.8184 31.3028 13.0046 20.0669 7.1506 32.3626 
6.53 22.6411 10.6121 16.0363 14.1353 31.2586 12.0927 21.1008 20.8587 30.9633 19.5498 14.4498 39.2791 10.2118 22.0414 
21.9158 4.5715 15.3094 24.8416 13.931 9.5142 19.4271 2.5841 2.9351 10.5216 25.5141 20.5827 13.9917 13.182 26.2692 
24.2221 1.6825 20.7867 21.9599 15.3369 14.3213 17.7908 3.5284 3.0026 12.7264 20.4407 21.7383 13.428 15.0926 21.1662 
33.8778 13.852 27.5207 31.6215 26.2013 9.3987 32.4851 11.2961 11.7876 2.7077 31.7647 30.703 1.4448 23.1651 35.3453 
12.5681 15.7038 6.9704 24.6679 4.8366 12.7119 25.5205 12.1135 12.2937 21.4402 29.5484 8.6034 25.7497 7.5087 32.2759 
11.8255 19.8411 5.2041 29.0148 2.3352 16.3907 21.7866 13.6999 15.5811 20.8379 30.6514 5.4196 27.1099 5.4296 31.8678 
16.3567 8.5256 15.6159 15.3297 13.3236 18.2182 10.61 9.4002 9.3882 21.6723 16.1009 16.942 23.462 9.1409 20.4692 
15.3166 8.6581 10.9729 24.1111 10.9439 12.7202 20.5965 6.85 5.6763 15.8261 28.6474 12.7457 16.413 6.0708 28.2088 
17.6679 5.877 12.7882 22.5458 13.7521 10.1167 20.1939 3.5742 3.6367 12.8372 22.9017 15.7929 16.9515 9.7693 25.555 
19.8923 1.2544 18.1913 19.2551 20.0188 16.3694 16.8908 3.9585 3.5202 12.4867 21.5485 21.6557 12.7165 16.5787 20.7368 
15.1524 11.5323 16.4298 10.5306 19.0823 26.035 6.0127 13.4158 13.4245 25.7571 15.131 21.026 29.9073 12.2198 16.4441 
26.4165 4.6133 23.5959 21.0447 22.4531 17.0248 17.084 7.1325 6.6376 14.381 15.2487 25.4688 17.1921 17.7036 18.8487 
10.5093 11.8064 6.3016 20.1072 7.2502 18.1145 16.6688 11.7476 10.058 19.8774 26.6423 11.8758 24.161 2.2864 27.6605 
11.3245 16.9634 12.1708 9.5685 16.2127 29.8636 7.2392 18.6974 16.6472 29.0991 17.6226 16.118 30.9759 12.4646 18.1634 
26.216 22.6819 18.1887 34.5111 16.3479 18.5803 31.9662 24.8702 23.4125 27.1324 46.481 13.2411 23.9524 20.5752 51.4429 
17.1563 18.7492 16.7684 4.4465 21.5849 28.5296 1.0566 19.6849 18.4461 26.8989 11.0313 27.1002 32.5405 16.5248 12.3387 
15.1172 13.7164 15.0175 8.5157 17.7168 24.594 3.6988 12.856 12.5761 26.9021 12.4803 21.8895 27.1801 12.095 15.0972 
21.6546 13.8706 12.818 33.9262 11.3952 7.1022 29.2015 11.705 13.9127 13.3682 31.6511 13.0421 16.3555 12.8781 30.7064 
26.6752 7.1018 22.4661 18.0063 22.593 18.6191 17.3093 11.9634 11.0678 19.1446 13.3662 24.563 20.7069 17.5373 17.2957 
15.7901 10.9946 15.6757 8.4193 18.8775 22.16 4.9647 13.152 12.2234 21.8372 11.9975 25.6695 22.9654 14.8253 11.9978 
1.8452 20.0602 8.1219 17.1477 11.2788 24.5652 14.3783 19.4143 22.053 29.6516 26.3169 12.9082 33.5723 9.2064 29.5583 
27.2184 22.213 28.4964 12.9785 35.9593 30.5571 13.7943 26.3424 24.5698 28.6957 3.7956 32.7559 35.5055 26.1857 3.8536 
8.4259 22.4773 11.499 12.6438 13.0462 24.955 9.7339 20.3005 18.2467 27.6927 18.3415 18.5816 31.6375 11.2097 21.4427 
20.5595 4.2992 14.1899 15.8771 15.3586 15.7838 14.6554 4.6967 4.0752 14.5835 18.9936 16.3971 18.6935 11.7994 20.3781 
8.6703 30.7921 14.2194 16.6602 17.3574 34.5112 13.823 29.9459 25.8149 34.7208 23.0556 16.7739 39.2149 17.0903 25.8525 
24.9783 8.6892 27.1851 19.6518 26.8091 23.1281 15.8816 12.4235 11.6517 20.5141 16.6491 29.2838 19.5569 21.4912 16.2284 
17.6769 22.9583 9.9205 37.3896 7.8864 22.7369 31.1384 20.2504 18.9785 26.2035 36.0881 6.5271 28.7619 13.0495 44.3534 
8.5583 25.8601 5.4424 25.5756 4.8501 23.9495 26.4721 19.7621 21.3811 26.4248 34.7922 1.096 31.315 9.352 33.1083 
5.773 16.7513 6.8819 14.903 7.9408 24.7721 11.5246 13.4498 15.9154 27.8316 22.9483 10.2692 27.1012 5.2787 21.1905 
32.3828 7.9148 28.5709 20.4405 25.6403 19.7895 17.9297 11.8491 11.2819 15.2074 16.2515 29.2192 13.7949 20.4945 18.2252 
36.8825 11.683 26.4322 36.1577 28.888 12.8276 31.9818 12.2563 12.8736 4.4778 34.2949 33.0248 2.7503 26.395 35.4472 
11.0607 13.536 5.0877 23.691 4.5412 16.7384 17.2292 13.8555 10.986 21.7795 27.4495 8.7601 26.3226 1.2603 31.9309 
23.2906 6.5778 23.8935 17.8977 22.4696 20.0621 16.3084 9.4485 9.206 15.295 15.6506 29.6766 15.5874 18.6723 18.8919 
13.8844 14.8783 8.5016 32.0992 5.7104 11.7225 24.8049 13.9615 15.3304 20.7279 36.5986 9.484 24.3546 9.2107 32.5559 
4.3316 22.3517 11.5857 17.2526 14.4528 27.7646 14.5959 23.9183 24.3717 34.6782 30.5864 14.3346 38.5258 12.573 26.8055 
22.2735 15.7655 14.7086 32.9923 9.4566 9.3012 26.1466 12.6857 12.8243 16.9095 30.049 13.6206 19.3798 10.8405 36.5004 
21.6906 13.2215 18.2797 26.3911 16.42 4.2788 27.0953 11.1139 11.7472 11.0025 36.154 19.5081 14.9629 12.2576 32.0709 
13.5503 10.5869 10.8591 23.8383 8.887 11.7394 15.1066 7.1248 8.0427 16.5382 26.5606 14.3201 22.1397 6.6111 27.7507 
8.3854 14.474 4.085 24.2446 4.261 19.5236 16.457 11.2527 14.1094 23.0484 24.4918 6.8487 22.4709 0.7914 25.8235 
15.268 9.6671 10.0906 19.7211 8.796 12.3181 14.4337 7.3214 7.1135 18.548 23.7265 15.3582 22.541 5.6059 28.3862 
15.904 20.3764 19.0534 4.7279 18.0562 27.0328 1.4816 18.0443 17.4932 26.9429 12.9208 24.1483 27.7073 15.6751 13.8281 
27.6171 14.7047 27.2646 11.396 28.737 31.5559 10.8328 17.5039 15.2873 29.6299 5.4575 29.6699 28.061 23.7788 7.342 
23.3192 12.6852 25.8444 11.7709 30.976 30.0697 13.1647 17.3408 18.0756 24.413 9.2983 31.2594 24.4745 19.6013 10.4343 
33.9494 16.7794 31.6293 14.574 34.4842 30.7479 12.8009 20.0122 18.8917 25.3632 5.4885 39.5227 31.1341 30.897 6.8197 
1.3845 22.5267 8.6526 20.8899 11.9714 31.5703 14.9988 18.668 18.8234 34.9256 29.0483 10.4885 33.3818 9.6825 30.5672 
9.4417 26.6736 12.8927 14.0397 19.7348 35.0768 13.8105 26.256 24.1396 33.1418 23.9237 17.2263 39.2821 16.4294 21.0326 
25.9332 10.764 26.6124 20.1926 25.4026 21.73 17.8745 14.227 13.68 16.8635 14.6425 29.8022 17.9392 20.4332 14.913 
19.8541 2.0773 15.7966 23.2669 18.8983 10.064 21.116 1.0212 0.6539 11.5243 20.687 19.7982 13.3125 11.8306 24.5007 
15.8328 11.9419 11.1706 23.826 8.7143 11.8477 18.4862 8.3919 8.6828 14.36 29.3559 13.2654 20.325 7.2504 27.5314 
26.0438 9.4292 20.2019 30.4955 21.5345 4.1467 30.6456 9.1349 10.3808 3.2209 30.3498 24.983 6.06 19.1186 30.6983 
26.804 23.5763 31.8113 13.963 28.8161 38.3516 12.8928 23.8162 25.0226 27.345 4.0885 36.7127 31.8929 27.4174 4.752 
15.6253 9.1732 17.061 10.6912 16.6529 23.1989 7.2205 9.8451 11.3303 22.3138 14.9785 17.5585 20.8303 11.5742 18.7955 
21.8369 4.601 20.1152 17.2091 19.523 15.7249 13.1673 7.483 5.8987 16.9468 17.5479 25.4216 19.199 16.6498 16.0199 
19.2354 11.9685 18.1234 7.8404 21.0197 27.9562 5.0376 13.9886 13.8802 24.4258 10.4515 21.3936 27.1626 14.6428 11.1481 
16.764 19.0581 12.0105 30.9714 8.3071 18.1515 28.5198 17.5621 20.452 25.9866 41.7145 8.939 27.3105 13.8539 35.1795 
14.7811 12.1345 17.3157 8.144 20.4542 22.0304 4.2509 13.6028 11.9452 24.5995 13.9054 19.2983 26.798 11.8793 11.8003 
34.8209 9.2857 28.0287 30.1161 25.6504 17.1427 26.5745 12.8467 11.4583 9.2737 27.1884 34.9457 9.1917 26.9759 23.5011 
19.8273 9.8153 18.8666 12.5903 20.215 24.3476 8.0936 10.6701 8.8978 24.1307 15.402 25.1753 22.6748 15.1371 13.632 
18.0944 3.7088 16.1716 17.1306 16.8855 13.7829 14.0606 3.3787 3.2575 16.7556 18.2989 20.4772 18.1217 12.8626 19.1931 
23.7716 7.8301 17.2362 25.0085 15.4947 5.4331 21.4834 6.7323 5.9845 10.1816 29.1941 19.3833 12.5809 14.3187 32.9404 
8.5723 25.9716 14.3675 20.5199 15.6918 31.7081 19.5222 29.6627 31.5736 33.4821 32.2362 17.1073 41.201 19.0857 30.8585 
7.1195 19.9441 1.4686 24.4366 1.6751 19.8918 19.6833 17.8585 18.0473 22.8637 34.0105 4.6995 26.6114 4.1183 32.0799 
22.2153 10.3402 22.5162 11.1902 18.487 23.9098 8.0288 11.5845 9.942 19.8064 12.2729 24.4705 24.433 18.3665 13.9195 
22.1745 19.3954 15.1791 39.8859 12.8928 11.1476 29.5148 18.9579 19.4274 18.92 41.9058 15.5842 20.471 15.911 46.7537 
26.1834 6.902 23.966 26.7274 20.5354 9.3457 28.0111 8.533 9.4429 4.2755 31.4679 29.6555 5.2829 24.1397 30.942 
17.9881 4.2551 15.8355 17.2238 15.1682 14.3055 12.1815 5.0394 3.7887 17.9664 20.0878 18.8796 19.6307 10.7156 21.744 
18.8703 11.1961 19.201 10.0866 18.2701 25.882 6.835 13.3839 11.1019 20.9002 13.983 20.1345 28.2341 14.7803 12.826 
15.6171 5.9344 11.7779 21.7365 13.5852 13.7802 14.5885 4.773 4.0907 16.4453 22.8643 15.1465 19.7185 8.7857 23.0502 
22.8673 14.7882 17.2558 37.2357 15.3556 2.615 29.7215 11.9172 13.288 10.5291 31.5022 21.3926 15.0935 17.3429 32.7354 
4.7957 19.1047 3.0894 22.6073 4.6854 20.8189 18.7961 17.1601 17.628 26.1396 23.3971 7.9572 25.5101 3.3688 29.4811 
1.8199 21.6199 6.7449 16.5775 9.6856 27.98 17.8355 18.7982 17.1365 32.34 25.9463 9.9702 29.5639 6.9044 24.7582 
23.4565 2.7634 20.3239 19.4335 20.6349 16.1775 15.0942 4.9778 5.5312 13.5511 17.9253 23.8584 14.3652 15.359 20.2182 
22.3429 2.5536 23.3139 24.0013 22.9642 15.5213 16.9706 5.0729 5.9471 12.5474 20.2885 25.7325 13.8818 17.3381 20.5571 
19.2333 5.3311 12.9821 18.8376 12.2916 13.1733 17.8394 3.5723 3.6382 15.2957 19.7357 14.8939 18.007 8.071 24.6227 
3.7085 22.3712 3.7484 25.0681 6.4803 21.2883 20.7317 21.8721 20.5825 29.9636 32.9559 5.8699 30.6818 7.4626 29.6977 
26.4301 13.9664 22.745 11.125 25.3885 24.0064 10.2465 15.8401 12.4749 21.5775 9.6824 28.5329 26.9395 20.6476 10.6457 
20.0077 9.8784 14.5409 22.921 10.9175 8.9051 21.8217 6.0925 7.2316 12.7407 30.3092 13.9441 16.679 10.2981 28.6781 
17.9071 5.7573 14.2877 23.6648 10.874 9.9814 18.6204 3.7955 3.882 14.2972 27.2492 16.0496 15.2011 10.8784 28.6374 
20.0434 2.418 14.9966 21.0986 18.0162 11.9329 16.0947 0.4265 0.1994 13.1975 24.5645 17.4627 16.0743 14.3527 22.6556 
5.1585 17.7864 3.9873 17.8397 5.7753 19.2008 17.4672 15.6884 17.0401 28.5579 24.8852 8.4963 28.2742 3.6121 27.816 
25.6822 13.4229 29.3057 14.3546 28.2356 27.8215 15.3196 14.0369 12.7641 18.81 11.017 34.6277 23.1268 23.4953 12.3753 
23.5764 21.1247 16.0605 34.3727 14.8619 10.3419 33.4895 14.5324 18.9476 15.7977 41.9398 15.3782 20.6889 17.6668 38.5871 
13.8184 21.2229 16.0263 8.1471 19.6503 33.4235 5.743 22.9919 22.1849 35.054 17.5027 19.2563 29.9753 15.2438 16.1348 
22.7136 8.962 22.0499 27.253 19.7849 4.6332 23.7313 7.4469 6.8203 6.7739 30.8852 24.152 10.8324 16.382 34.8333 
16.7839 17.6026 10.8691 33.3538 7.1357 14.6132 26.0424 15.4446 17.8742 21.904 38.6762 7.8032 23.3575 11.4437 33.6597 
16.9763 23.7623 12.1708 34.8931 9.6603 17.2914 35.2853 23.4153 22.4182 23.474 38.4752 9.7885 27.3024 15.1367 47.2386 
22.2394 12.099 17.1005 26.473 14.999 2.6567 23.929 9.4695 9.1149 7.5287 34.1826 17.2135 10.9916 16.1593 30.5083 
36.9193 10.5763 29.6552 29.5438 29.9922 11.6406 26.4886 11.5421 13.9479 3.2732 34.987 26.9605 1.799 26.5218 35.457 
32.4228 8.5099 31.1512 24.4771 23.8965 21.3969 21.7161 13.1157 11.3597 15.2709 16.9053 27.6732 14.2816 20.0107 20.0136 
36.4485 10.4722 30.3075 32.1709 26.7821 14.1451 29.9115 11.8312 10.8278 5.5783 32.1558 33.575 3.9168 23.4656 31.125 
12.379 25.1874 8.0821 31.3618 5.096 17.7398 23.545 19.7721 20.7918 26.369 37.1372 3.5987 30.4144 8.9801 39.7473 
19.1013 14.7132 19.8262 6.5401 18.4213 24.2434 2.3609 14.9841 13.4748 24.999 12.5946 22.7702 25.6827 17.1508 12.9243 
16.7148 10.2699 15.9177 12.8171 19.5808 18.6822 9.7761 11.5302 9.8251 21.0495 15.1581 23.5681 22.8489 12.7589 16.3296 
20.3359 24.2086 13.3349 32.5287 10.1389 12.7434 31.6957 19.7416 20.8435 23.9546 35.1482 10.0315 27.8463 14.7075 43.9553 
15.0889 9.0835 16.3025 12.7456 16.9253 22.7789 8.7003 11.064 9.4512 22.2983 18.3473 21.3115 21.6568 12.1773 17.0372 
20.4722 12.3241 14.3889 31.8547 13.9571 4.1369 24.0107 10.6888 10.1166 9.5503 31.4573 18.9485 15.0994 12.2467 34.5256 
25.0833 11.9896 18.1197 32.8311 15.9689 3.1942 24.2355 9.0222 8.7674 9.026 32.1867 19.8243 13.8436 16.3685 36.1211 
25.4872 16.5153 25.9559 7.3351 23.4002 27.8124 7.4305 20.6869 18.6502 25.5223 5.3453 33.335 32.1628 20.6782 6.151 
17.8263 12.8315 15.723 7.4692 16.3429 25.8416 4.0836 15.0875 13.3542 22.7609 11.5543 19.6083 29.2801 15.8631 12.8658 
20.5972 20.3596 24.2794 1.2287 24.8915 29.9026 2.6947 19.6057 21.1345 32.6009 11.5563 29.7629 35.2224 16.9912 9.085 
11.7749 12.7324 14.7489 10.3607 14.7606 24.2132 6.998 14.6133 14.1071 24.4665 17.9761 18.0845 27.9104 11.3737 15.8374 
18.3007 18.2635 20.9661 2.8808 21.7284 34.9824 2.1039 19.7982 22.5506 35.5565 10.7009 25.7324 33.4445 15.5715 10.1285 
5.7026 28.2449 13.294 19.9034 16.2805 30.0409 15.0674 21.6999 24.866 35.022 27.3847 13.341 38.0365 12.8239 24.1611 
4.5156 21.2035 1.5508 21.49 4.1792 21.0192 16.4052 18.224 19.4686 27.7485 26.448 5.7535 31.8418 3.7128 33.0601 
20.9797 22.7819 24.9792 1.4089 28.0237 34.3103 3.6509 21.1186 19.7606 34.9279 9.0303 26.8831 36.5946 22.1256 7.4687 
20.0938 14.4892 15.7854 29.6101 13.7938 6.2161 27.4114 14.3631 11.7456 11.4616 36.5047 15.5059 19.2348 16.1982 39.1954 
21.4929 6.5663 17.2171 14.915 15.526 19.5963 11.0918 8.3033 7.742 21.1034 18.2562 23.5359 19.7746 12.3105 17.934 
14.0202 24.1031 14.7709 8.2917 16.7615 33.1776 6.9703 23.5029 20.3271 35.587 15.7468 18.3336 32.4805 15.9899 19.3353 
23.5753 13.9799 21.6579 36.5467 19.2409 2.4788 33.1541 13.7712 14.7877 10.6027 32.6603 19.1856 13.5931 17.8379 33.4405 
21.5971 19.1256 22.8573 2.0738 26.4963 33.7048 3.0187 18.6296 21.2604 27.5654 8.8206 29.8317 30.67 21.006 9.4109 
17.8945 4.0203 17.8631 20.1885 16.3399 13.7334 12.9132 3.5828 2.9514 14.0905 20.2349 19.3334 16.262 11.6914 21.5982 
4.7692 22.9124 8.2412 14.9184 11.7827 29.0093 11.6751 22.2418 21.0119 27.8822 25.1061 14.8457 37.3362 10.2846 22.8137 
7.6933 32.766 14.4492 19.5602 17.98 34.1344 19.0944 30.9118 29.6894 34.8841 27.3649 15.1877 45.6976 17.2631 33.9883 
10.4912 20.3617 16.4228 11.0279 15.9343 31.959 8.4007 23.8462 22.7233 29.6158 20.0262 20.2001 38.9101 12.6584 19.7955 
17.9241 18.8661 22.5653 1.8653 26.2715 28.0241 3.0974 23.2811 20.6436 33.0214 8.3676 28.2667 33.8642 22.475 7.3817 
7.4765 19.5978 12.4048 12.4212 12.6768 28.9108 9.6274 19.9902 20.7906 27.0375 22.4963 14.277 27.794 10.699 22.3609 
17.5958 13.4153 19.0209 9.403 19.3398 21.2926 5.3558 14.1884 11.8752 27.5115 12.1115 25.3909 28.1572 13.7663 10.8334 
20.7662 3.992 19.5445 17.8656 23.0987 15.4942 16.2464 7.5603 6.3609 16.0031 19.9473 24.0151 16.3718 18.9182 17.0787 
20.3469 12.255 22.26 8.6399 22.8524 24.2346 6.9135 13.2475 13.3557 26.8094 10.0977 25.596 24.6206 16.6179 10.4778 
3.2707 20.3161 7.0768 17.6397 8.2188 24.065 14.8111 18.0484 21.0623 31.6363 24.5317 11.6528 36.1571 7.7537 29.1794 
23.5421 22.9238 24.271 3.5977 27.452 33.9011 6.6208 23.3535 20.794 36.7579 5.3298 27.9663 35.3727 20.363 4.7668 
8.0834 16.6409 11.433 12.6976 13.088 28.1482 10.6324 19.4904 20.1262 31.9312 18.7736 16.3021 34.4343 9.2234 19.9902 
13.4321 12.9938 17.7879 8.8482 15.8681 26.5069 4.7711 16.2685 15.4713 22.4352 12.4726 22.8715 25.5395 12.7068 15.2425 
26.7101 15.1258 23.2354 8.0577 22.2621 26.229 7.7426 19.7651 16.4493 30.3645 5.469 30.9552 25.8804 21.1832 5.9785 
10.3307 17.8896 3.1718 28.6609 1.8042 20.2192 23.0702 17.4234 16.4282 24.5787 37.3044 1.9937 25.9463 6.532 33.5385 
11.0847 20.8209 4.1073 24.2201 3.3624 19.1379 21.1298 18.0882 18.0438 24.8187 33.5802 1.2208 30.372 8.7102 39.5658 
23.1333 11.9454 23.9523 12.1862 24.8567 26.5746 9.1462 13.8937 11.9363 21.916 9.3969 29.2439 24.3203 19.49 13.6272 
21.8947 6.2152 25.4119 15.3846 24.4752 21.1665 14.7848 9.2727 8.4319 15.3311 17.9186 31.2537 16.5338 21.3765 18.031 
24.9614 9.0279 19.4844 12.5533 22.4904 20.8172 10.3079 10.5059 9.2448 22.8763 13.8813 26.1836 19.4232 17.8684 12.1542 
6.7994 30.0518 13.319 20.8506 17.1751 34.5062 19.2027 25.4751 24.1088 35.7164 31.3419 15.5687 43.8749 17.5869 33.2423 
11.5513 10.5289 8.978 19.1317 7.104 14.7793 16.9617 9.4176 8.0835 20.936 26.5182 11.645 20.8771 4.103 22.3524 
14.8579 9.2506 8.9243 19.0532 9.4759 17.7562 15.913 7.2104 8.4186 18.917 20.5402 13.9272 19.1754 4.7514 26.7994 
10.6361 16.1539 10.9375 10.1292 12.7361 25.6021 8.0405 16.3179 18.5909 32.0693 16.0891 18.6142 34.864 10.613 20.7886 
29.3895 21.5825 29.8888 7.9865 30.5076 37.1326 10.7303 21.394 24.6996 35.5302 1.2388 33.5138 36.5539 28.5305 1.9926 
2.6686 20.9384 4.6036 21.7729 6.2157 24.5068 16.5435 20.471 19.7092 30.924 24.5509 9.3333 30.9842 6.9229 29.5832 
24.6168 5.2124 22.8019 25.6758 19.9473 9.3384 22.5793 4.7381 5.6823 6.5194 27.4454 24.8651 9.5411 15.0872 25.0821 
26.319 17.588 30.4311 10.2037 26.9995 29.0506 11.2975 24.6232 24.8924 30.1356 2.3482 39.2699 35.286 23.1167 3.5582 
21.582 16.019 22.7854 6.2242 21.988 24.4696 5.6046 15.3574 14.1987 22.6711 8.3994 25.8707 27.074 19.2861 10.7694 
0.7269 21.801 7.3236 20.1283 8.9459 28.8513 17.2536 23.177 19.6287 32.8283 25.3726 8.8792 38.7886 8.7956 27.2734 
23.1357 11.5165 26.0613 14.5998 22.6571 27.9892 12.1069 15.9587 13.3569 24.5674 10.3877 27.6385 20.5889 18.1679 13.2933 
32.2617 6.2132 24.025 27.2738 24.7929 16.0242 22.4718 9.1633 8.2608 10.6794 26.216 32.5763 8.5954 19.3722 28.1995 
22.3111 14.7063 18.2798 29.9894 12.5993 6.1018 29.042 13.1044 11.6281 14.4554 33.2488 16.8002 17.8429 14.005 36.3209 
26.6269 16.403 21.8119 6.3157 23.1689 31.8307 6.3808 18.935 19.1869 30.8393 5.5126 27.7779 25.6908 23.3985 6.3099 
13.0582 10.9046 7.7497 17.9886 6.918 13.8956 14.4292 11.0424 10.4422 21.171 27.1426 11.7389 22.479 2.8698 23.0921 
26.2827 13.6803 27.798 13.5062 33.8454 26.7106 12.6446 16.6002 17.8591 22.317 10.0397 34.9407 24.5997 27.5176 9.5186 
15.9115 12.5248 17.2657 7.5397 18.3334 27.5089 4.9661 14.9935 12.8179 23.9198 15.2495 19.972 28.1557 12.3713 13.7166 
22.3049 15.7642 21.8225 5.6221 22.589 25.7332 5.5492 15.6909 17.5048 24.4509 8.6478 24.2237 27.233 18.0199 9.444 
19.2105 21.7223 13.3554 35.9035 9.4123 11.6448 25.9168 16.2909 17.9053 17.4438 37.1217 9.7632 23.7146 13.7639 37.4332 
20.6215 14.1655 17.0644 35.5587 11.6416 5.9087 27.553 10.5638 12.3045 13.6662 37.0466 14.3735 15.6905 14.0515 36.5778 
18.0512 10.2455 10.8033 22.297 9.7261 10.4872 19.881 7.7733 8.5227 15.5264 27.5686 13.7497 16.2264 7.7099 28.9358 
5.9098 19.2208 10.2126 14.6196 15.1519 30.874 11.0658 21.3922 18.3264 33.8739 20.5292 15.4915 32.0736 10.086 23.7976 
19.7242 4.3955 16.4209 20.5805 13.9268 9.6601 17.8858 2.0331 2.7617 11.2753 27.8813 20.0185 11.9452 13.7772 28.1676 
20.1284 1.9778 19.7943 17.6295 16.0141 13.7193 16.863 3.6504 2.6502 13.1787 20.8669 23.7976 16.8713 15.6867 21.7953 
35.7694 13.0646 26.1089 36.3861 23.8841 10.9741 33.0028 12.5319 14.3333 2.8336 29.9609 33.1949 1.3839 23.1997 33.234 
12.1473 17.2924 7.8367 24.7528 4.6439 12.8296 21.3745 14.1695 13.8473 19.0766 29.8518 8.9875 26.5804 7.4305 31.5196 
12.7349 18.9535 4.2189 27.4634 1.8085 15.4537 22.1006 14.2674 13.3238 19.7876 34.4017 4.567 28.4829 5.1569 30.0197 
16.2029 7.6008 13.1836 14.9138 15.3478 18.3508 8.9035 7.6836 9.1223 17.576 17.7965 16.8883 25.2624 11.1459 17.2811 
16.2472 8.7719 9.9019 23.5006 10.0193 12.5582 18.4642 6.2004 6.0348 16.8591 22.1399 12.2098 17.0904 6.6991 23.1034 
17.498 6.8527 14.1809 24.7403 11.8416 10.7879 22.2116 4.0695 4.3276 12.3452 23.9014 16.0751 16.1173 10.9716 26.087 
22.783 1.2744 20.7083 23.1584 21.4343 12.3037 17.8619 3.5492 3.8625 12.9081 18.2537 20.4489 15.9837 16.9861 20.3581 
15.917 13.3465 15.2313 9.9016 15.7738 23.8019 5.9515 12.7548 13.7429 21.8317 14.0361 18.7403 24.7083 13.7016 17.0809 
27.4632 4.6058 25.8819 19.5922 20.0537 16.7946 15.2723 7.247 8.4195 16.2704 18.1757 27.7087 16.7052 17.0286 17.5214 
10.5278 13.0036 7.1925 18.4948 5.924 18.579 15.2553 9.5873 10.0339 20.1014 22.761 10.2048 26.205 2.6845 25.4733 
9.4146 19.03 12.0034 11.0029 15.4132 28.2686 6.7145 15.7376 17.1929 26.437 18.5553 15.932 35.5666 11.0604 16.3481 
26.9476 28.6627 16.4706 38.5073 13.8441 16.6386 38.4323 22.585 21.4571 25.2201 46.645 13.9179 27.2278 20.3286 48.6465 
15.5365 14.5763 19.3653 4.7117 18.1894 30.8223 1.1463 16.0691 16.1403 32.056 11.7991 26.4163 26.6817 18.5157 10.2698 
16.9048 13.9736 16.3163 7.3216 17.3923 22.9859 3.898 12.7794 14.76 24.6888 12.5792 22.1093 30.9302 14.4036 14.1363 
17.4974 14.1476 14.3513 28.3781 9.7816 9.1677 23.4862 11.1198 13.9022 14.1864 29.9046 12.6492 17.1356 12.4701 36.4038 
30.1184 7.2044 24.7797 16.7072 24.4302 18.7562 14.5033 10.2888 8.8566 16.8732 15.976 25.454 20.6083 18.7953 18.0789 
17.0937 11.6675 19.8294 8.4392 21.212 22.0278 4.6829 13.5666 14.6776 25.4385 13.6405 21.6457 24.7085 12.323 11.7303 
2.3074 25.6151 7.3321 19.7363 9.8966 31.6237 17.0165 23.0293 21.7748 27.5148 26.4156 12.9646 32.9242 10.9497 28.911 
34.2335 20.995 34.3614 12.4246 37.2553 35.9658 13.3945 22.2902 25.9292 29.1965 3.1097 39.9783 36.0282 29.9736 3.6237 
7.9551 22.1808 14.1288 10.9296 16.7464 26.8739 10.1335 20.9887 18.3732 30.5497 20.7572 19.0345 30.2948 12.456 19.2312 
EOF