I 150
J 15
bounds (0, 100)
cv 1.0
D 100
k 5
t 3
FLR 0.6
FCR 2
λbounds (80, 120)

λ 
97.7449 96.7766 91.3226 
112.4387 98.8361 107.335 
82.4622 106.2616 94.0528 
115.7804 94.6258 87.3274 
94.7398 100.5465 118.4215 
114.7735 111.154 82.8041 
110.2516 98.8061 113.5193 
89.8174 106.6376 89.752 
89.2796 107.201 107.793 
80.8726 115.3345 106.7732 
116.5258 112.8296 93.0583 
103.6327 108.1846 91.7471 
100.2957 81.143 81.9449 
114.005 91.9099 108.0093 
118.5462 114.0811 112.4651 
89.0718 85.1825 116.7416 
90.7375 116.648 112.3441 
110.2704 85.9283 83.2519 
112.8572 100.5658 80.084 
96.112 86.5356 83.3322 
110.132 86.2396 90.0078 
98.8586 112.1122 113.3086 
116.452 80.8547 104.1783 
113.124 106.8405 106.0854 
94.1333 115.1087 102.7406 
110.7522 103.6495 118.3373 
97.6599 103.2151 106.2658 
100.7584 100.8459 84.5823 
92.5411 81.1802 100.376 
104.6148 115.4415 99.0199 
106.7506 83.2153 109.7236 
100.6788 85.7812 89.9643 
93.4007 113.6054 88.1883 
102.5947 101.4884 87.5501 
109.1193 114.0237 95.521 
101.3051 90.4135 114.8536 
89.8157 109.0486 89.1687 
89.5431 119.5515 112.4392 
108.6744 115.222 84.5356 
114.7153 85.8195 92.9537 
99.1562 110.6389 94.6989 
100.2641 114.4631 106.3947 
80.6573 109.5102 100.1126 
112.3297 90.7797 102.2754 
92.9829 118.7328 94.109 
107.2549 80.1333 106.002 
95.1482 86.989 98.8858 
119.0725 95.5855 97.4929 
119.7775 98.3224 109.1433 
95.5528 101.0455 107.1568 
93.1123 119.8261 104.8488 
89.4537 99.49 117.4076 
102.6088 105.6877 89.1544 
89.9306 80.9441 97.9055 
104.1576 114.1498 107.0929 
85.2485 101.2736 113.9087 
99.4314 93.9298 102.8064 
100.754 118.3147 111.6102 
89.637 93.6627 99.8597 
81.5981 83.4875 81.0973 
115.6815 82.6769 82.8528 
112.0277 80.1878 80.4165 
100.022 119.0357 81.8374 
81.5969 102.7785 119.6623 
117.3524 97.2541 114.4543 
116.2955 102.8157 88.5043 
91.3586 109.0744 114.8993 
93.9592 89.3762 90.7944 
87.7956 118.9374 89.6436 
102.7368 100.3251 84.4214 
118.8044 91.5039 88.838 
96.4703 106.5748 112.9309 
98.8571 107.8635 104.0886 
98.4794 86.2265 85.7075 
117.6752 112.1838 99.9733 
108.4877 97.9206 100.688 
82.225 88.2757 98.3259 
118.216 108.0735 80.3432 
92.2007 107.5936 94.3253 
109.8528 87.9608 87.2497 
98.0843 80.3766 118.5567 
110.626 100.457 91.962 
93.1233 92.6045 109.7583 
89.7792 106.5865 115.3192 
97.9998 83.0533 91.2741 
83.2336 100.9162 87.6962 
114.8719 97.9235 106.9193 
118.3271 91.2424 91.9989 
85.9182 116.2027 104.1567 
91.7331 102.1417 108.0421 
97.8102 117.4927 107.9182 
96.941 91.2128 116.7877 
86.0607 100.189 86.0377 
96.9334 92.1199 81.9144 
110.9375 97.738 117.2112 
118.6966 105.5088 86.6683 
86.4666 106.7133 113.9624 
94.4485 114.4292 112.9483 
117.105 85.9952 82.255 
112.6962 95.7252 80.073 
115.1222 117.876 91.6676 
117.1813 111.0645 111.0314 
98.1815 89.3847 88.6698 
117.1412 118.9043 97.4386 
93.3562 111.1788 116.7758 
86.8317 112.76 105.188 
108.1985 111.5256 101.3173 
80.0785 112.6839 98.4026 
106.6631 85.9628 97.7307 
103.4875 108.5644 94.9211 
89.6604 91.0406 82.9934 
112.3382 115.0159 112.5419 
113.2735 99.8924 111.8693 
105.1471 94.7769 81.4114 
97.8924 112.8153 104.5591 
113.4681 84.3307 84.0694 
103.2044 117.1972 86.3068 
89.9861 94.6542 93.1301 
96.7484 95.0598 118.6969 
90.4556 108.0074 90.9765 
82.0105 105.9739 89.3798 
86.027 90.2559 109.1717 
105.7328 81.3136 106.5666 
104.0583 87.3043 88.8658 
104.9016 88.4544 117.6425 
83.4897 93.3218 119.4278 
86.6372 105.2281 105.397 
113.9235 112.9031 94.2464 
105.6058 115.2288 104.2198 
117.4877 90.675 102.6252 
86.9407 96.8941 102.169 
92.3879 114.5555 87.3948 
95.3907 94.0426 95.094 
114.6069 118.4922 116.1347 
91.4167 112.7899 82.6263 
103.9601 89.3156 93.9983 
90.187 101.3951 82.0815 
91.0921 118.7732 87.9081 
86.9283 95.2458 92.7886 
105.0228 118.5788 97.3388 
82.1786 91.5093 97.1463 
85.0308 105.651 115.0766 
88.4847 94.8696 118.0181 
112.4689 106.2199 81.4257 
88.493 104.5053 114.9612 
118.3392 109.8205 118.1103 
115.4461 96.0692 106.7028 
115.9552 119.5959 111.4201 
115.8565 98.7025 104.9599 
113.9733 118.3925 87.7772 

Icoords
41.1198 56.3254
47.5769 49.297
43.4581 42.9636
0.4999 67.8661
26.9184 19.5929
75.4396 97.8903
86.12 28.4132
16.4865 43.559
99.1032 28.7735
11.6668 13.2968
84.6795 70.274
73.4723 7.2498
49.0701 82.1255
33.0593 92.4564
73.9353 89.0265
93.4486 40.7142
24.8128 22.0099
84.2952 52.0598
19.2404 75.0251
10.963 2.8732
25.8637 13.9822
83.4267 31.1832
6.3027 28.0934
60.3573 39.4127
27.332 35.2702
17.9854 18.6646
16.7116 67.9836
21.0615 19.8289
99.4361 70.9224
15.1375 39.0262
94.2278 86.1181
71.9581 88.1247
15.0681 29.7649
32.8464 84.4815
28.5892 43.4485
13.7758 67.532
55.1878 28.6258
31.24 69.6896
11.1603 29.33
97.8254 93.9735
82.879 3.3056
69.3326 74.8719
23.1641 74.8111
84.0481 29.0869
64.6942 39.8365
19.8812 57.2919
21.8407 70.8394
62.1076 44.7856
44.5309 30.4922
6.7867 7.7649
89.6226 61.0284
39.6505 61.8704
92.2206 72.93
91.4572 27.6015
78.0005 65.4868
70.177 54.3044
15.8743 62.7081
65.6155 87.2634
37.2351 22.975
53.4155 35.1744
37.3713 48.2443
9.9358 23.7686
89.9683 80.1066
53.1355 60.7717
94.8562 58.6323
2.5943 58.1778
75.9638 50.6994
28.7498 85.0582
94.7977 34.2721
85.4356 26.6359
41.6707 21.617
68.3261 9.1723
21.0755 91.6367
73.9961 21.8945
14.8394 34.6394
90.5058 9.945
46.2784 49.9201
64.9546 91.8979
17.1887 48.3418
59.8251 54.744
74.9965 35.6804
10.2222 16.3661
33.1415 31.7566
60.6737 41.7275
5.769 49.3607
85.6737 3.452
8.0418 51.0679
91.3635 14.3348
19.4573 94.989
81.4593 12.3069
48.79 47.2413
10.0398 4.8223
65.8734 5.9892
56.8535 27.7004
20.4104 21.7928
54.9135 99.6724
54.1247 27.1766
72.8225 85.7381
55.621 40.3881
39.8992 51.0754
6.1486 52.5897
41.9108 69.5002
83.3452 59.802
96.6652 68.786
1.0748 64.1654
22.9609 15.325
25.361 61.2596
83.0109 16.7416
19.0332 99.4595
20.8553 35.1151
53.8733 70.2185
77.3781 95.0448
75.0426 80.446
69.5547 54.5034
93.6962 62.0213
5.0812 12.3433
84.3612 9.7246
93.1973 34.5761
60.9739 74.3478
46.3103 7.1859
24.8256 74.0567
19.7398 85.9458
5.3096 62.8093
93.0237 44.7712
72.9332 83.3067
11.7237 65.51
63.7609 90.0162
10.992 25.0346
82.5156 10.8848
23.7507 78.0494
14.1085 80.3936
7.6044 62.8755
5.6868 51.3306
39.7563 27.1203
86.4075 56.9771
60.5923 64.8706
16.0995 75.5368
90.9482 9.2259
15.7429 35.2271
92.8578 56.5538
54.2856 61.4318
15.5381 51.3306
0.8159 85.4487
55.8753 46.3996
82.8335 26.0421
74.3627 89.8427
36.2219 65.9875
81.7485 91.1221
44.1456 64.3301
10.7173 39.0817

Jcoords
79.9744 76.0635
60.045 85.8996
39.3971 52.2985
33.8014 92.8743
64.3765 33.522
17.711 66.7024
22.0607 30.7836
31.7705 63.9462
84.8931 93.9518
84.168 34.8189
72.0467 81.6484
5.6283 39.4631
78.6546 15.6149
72.9969 81.9723
6.0784 90.221

C
15.2445 12.8753 1.4287 13.0013 12.5138 7.9659 10.8833 4.405 21.4784 15.0861 14.2139 15.6231 17.055 13.3623 16.2736 
14.6875 14.195 3.2875 16.3479 8.2594 10.5189 12.0141 7.3876 17.6794 12.1753 14.8664 15.2222 16.4435 13.5829 19.3499 
19.3741 17.4218 3.2678 19.4296 8.0143 13.5144 9.1862 8.1686 21.5829 14.0907 15.739 13.2362 14.5753 15.4279 22.2155 
26.2698 21.2841 13.5829 13.9223 26.2102 5.2286 16.7634 11.834 30.1127 34.1031 23.9352 10.832 31.5882 26.5662 9.1079 
27.848 27.1209 11.0162 23.6416 13.6877 18.0531 3.9441 17.2627 29.286 18.1747 27.0089 10.5596 16.1945 26.0267 25.6041 
8.0388 6.8784 22.7531 14.8507 25.9942 24.2118 33.673 20.3596 3.527 24.8641 5.5884 30.9883 29.8394 5.4883 25.7084 
15.0237 19.2779 17.7678 29.68 7.7907 28.5281 23.5322 23.5517 24.8042 2.6378 20.671 28.3876 4.4464 18.4896 34.6262 
26.0265 19.2261 9.1855 19.3387 17.6639 7.0802 4.9119 8.1486 29.3296 24.1104 21.5965 4.4134 26.9572 22.4806 16.5801 
15.7067 25.7293 22.3709 33.8753 12.3621 29.9918 27.5829 25.7828 24.3756 4.9223 17.9137 37.4643 7.4141 18.8029 36.9469 
29.8151 30.2303 17.3092 27.5549 21.1431 20.2839 6.294 20.8655 32.7465 23.7321 29.0111 10.32 22.2332 33.644 28.0896 
2.2403 9.1863 15.1713 19.4295 16.0181 22.6541 24.2304 18.389 8.5765 12.1482 5.7882 26.0724 17.3879 6.1105 24.7332 
25.0837 30.1039 22.4074 36.5488 8.7438 30.0447 22.5263 24.7742 29.9432 10.2701 26.3345 25.8881 3.2109 28.4923 34.3875 
11.8572 4.3637 10.3664 6.4496 16.6577 12.9652 17.6475 9.8097 11.3362 17.8835 8.4365 23.6669 28.1202 8.9345 16.7158 
17.5876 8.5145 13.0096 0.2844 21.9303 11.0059 22.5337 10.2171 20.4414 23.8727 14.848 22.8066 27.6451 14.0554 8.2384 
4.4389 4.5704 16.6677 15.8449 18.2426 20.6708 24.9038 18.5791 3.985 19.6332 2.3564 32.112 25.0997 2.574 25.0024 
14.5722 19.3974 16.7329 27.8517 10.2993 28.6018 25.7309 24.7552 18.4139 3.659 16.6936 32.2772 9.0755 16.5868 37.2564 
28.753 28.1408 11.144 27.4657 13.6511 15.7979 3.0694 16.6383 31.4651 19.9774 27.6313 9.285 19.0421 24.9616 27.2621 
8.5753 13.9758 15.1847 24.0747 8.6828 25.2998 25.7625 20.7441 16.415 5.6259 12.0409 31.047 12.052 11.0314 28.0322 
21.995 14.2184 9.4596 8.3963 19.6582 3.0997 15.946 5.4174 26.5516 26.6602 18.5365 14.9571 28.8614 20.619 6.3105 
30.4602 36.8628 20.3279 28.7103 22.5452 23.6072 9.5123 20.8788 43.169 28.1388 31.5099 14.2989 23.9222 33.0118 29.176 
25.1177 26.5397 13.3693 30.5109 13.3791 20.5012 5.3695 18.9978 30.7631 22.4011 26.6909 9.9177 16.4205 26.0267 27.6541 
17.8341 20.3976 15.9091 27.4812 6.8692 29.7681 24.0314 20.963 24.0218 1.4337 15.7939 28.5411 6.2577 18.0382 30.0964 
34.3827 29.9457 13.7068 26.032 20.117 15.842 6.1306 16.7687 40.7481 29.7615 33.2656 3.8417 25.7117 30.9772 24.6897 
14.6952 18.1256 8.4442 22.1584 2.6749 16.8549 15.1138 13.8403 22.5521 7.7745 13.9578 16.9332 11.0649 16.8219 22.9811 
25.1874 19.6568 7.7738 21.8359 12.6091 11.2849 2.0774 8.9084 32.2799 17.4776 20.4801 7.9313 19.0428 19.9349 22.4654 
25.4714 29.1294 13.6997 25.2289 18.306 18.4804 5.0415 15.5301 35.3834 23.5033 27.5406 9.002 22.0811 32.0298 25.0989 
23.2913 15.8679 9.6034 11.4069 18.8629 0.4901 13.1502 6.2254 26.4769 29.9696 20.5647 12.0313 26.9216 19.2842 7.6239 
32.0318 23.1907 13.7895 22.63 14.1871 17.0867 3.3969 15.4355 34.7064 22.6759 29.168 8.3212 19.8997 30.5487 25.11 
7.2284 13.5319 19.487 21.1155 16.2147 29.3866 29.445 25.5431 10.2656 14.4684 10.854 38.3204 19.7869 8.8115 35.1297 
29.2855 21.9798 8.6609 22.3233 19.3823 10.3233 3.5275 10.2167 29.876 22.0408 24.7217 3.5497 24.1262 27.6263 18.4877 
5.8312 10.5285 25.2211 24.1813 22.9207 28.7269 28.846 25.4831 4.0787 18.6313 8.2702 35.9376 21.7908 6.7297 27.1441 
5.4019 4.3168 15.9615 12.9196 20.1432 22.4313 29.386 15.2614 4.6207 20.9394 2.4476 27.6165 22.6028 2.0696 22.4632 
26.3577 23.1329 11.2582 25.5885 19.1426 12.2094 2.1468 12.9729 32.3894 26.3489 25.1528 4.1359 19.6663 27.6684 22.4313 
14.6877 10.2297 10.5787 2.6735 21.6929 7.1331 18.1619 7.7442 20.8484 23.6245 13.803 15.8084 27.8899 15.1904 10.3866 
21.9834 19.3271 4.6223 19.1792 11.3198 9.676 5.252 6.6191 28.5599 22.1886 19.3021 8.1868 19.1494 18.2774 19.4394 
20.9783 18.8921 11.0259 10.5652 18.5526 1.5053 12.9512 5.5871 23.8523 25.9025 19.9655 11.5624 31.3265 21.2859 7.2836 
19.3057 20.9512 11.0552 25.6435 3.9825 20.2378 12.2863 14.8239 24.0046 8.9407 17.4037 18.958 9.9655 20.9553 30.0216 
16.7305 11.6181 6.3793 7.9681 17.1094 4.7037 14.1749 2.1018 18.0597 21.0493 15.5038 13.8584 23.9128 17.1579 10.6941 
26.9346 29.465 13.4821 26.4366 16.1424 13.4467 3.3013 15.7322 36.4133 29.1903 30.0235 3.9068 25.0012 31.1276 21.6181 
9.7076 15.3993 23.0161 25.3252 27.0481 33.5553 38.3974 25.0911 3.9715 19.3849 10.4722 32.4638 30.0494 10.5068 32.3679 
22.7768 26.5817 25.3245 31.5591 11.0439 35.6125 24.9999 25.346 30.9633 9.9445 31.3822 28.3517 4.1762 24.3405 41.3604 
3.8164 5.5407 14.2809 12.069 13.8223 17.0799 19.8576 15.0646 8.6443 15.0304 2.7871 27.2002 19.6334 2.4394 23.3087 
22.1728 14.3148 10.8993 7.3621 20.6456 3.0596 17.4139 4.8817 24.4489 26.2745 18.9586 14.071 28.6661 15.6622 7.6963 
17.4749 24.6577 17.2158 30.0687 7.7677 28.2466 18.6838 21.6652 25.7795 1.8169 18.444 28.4851 5.0007 19.2393 30.6451 
14.7638 17.3151 11.2688 20.0034 2.3741 16.2799 17.2942 14.3683 22.4348 6.8574 14.4809 18.677 8.9461 14.8636 30.0134 
20.4295 19.2509 6.9116 13.3997 17.2375 3.8147 8.2054 5.0098 23.7267 24.8911 21.6642 7.6101 27.5738 18.9238 11.0257 
18.2633 14.2456 8.4109 9.5273 17.7225 2.1172 14.5765 4.1703 20.8919 25.4331 17.6461 10.6552 25.3223 20.0619 8.7861 
14.1743 13.8358 9.4177 20.3004 3.6089 18.1064 13.8006 11.683 17.4761 8.1748 13.7216 19.9631 11.5636 12.1825 25.2116 
20.7142 22.7334 7.7378 24.1419 7.4259 14.6718 8.4697 12.5676 27.0748 13.3453 22.3576 15.1869 12.0612 23.4363 26.2905 
32.3341 29.7295 18.7338 27.3686 19.5381 20.506 9.0804 24.2378 36.3363 27.6171 36.8781 10.3754 22.267 38.587 26.3127 
5.6577 13.0426 16.2621 24.5369 14.0047 24.0138 25.945 17.76 10.464 8.6578 8.3233 30.6376 14.796 10.6775 32.7441 
15.6803 9.5687 3.0564 10.6547 11.5633 7.2361 11.0798 2.496 17.9976 18.0551 15.0003 13.5658 23.8028 15.2593 16.2759 
4.6884 13.5157 20.1149 20.9017 14.8762 23.014 27.271 20.9682 6.9993 13.2594 7.9118 32.9563 18.4706 7.5714 34.6434 
15.3296 23.052 21.1527 30.1768 10.4838 28.6722 22.8624 24.5983 20.409 3.1686 21.5867 26.8165 6.0208 17.6679 34.9724 
3.9906 8.8219 12.8338 17.554 10.5492 18.9167 21.4671 15.121 11.469 12.3814 6.7843 28.4101 15.7808 6.8309 28.369 
9.2207 11.3542 11.9679 20.173 7.3555 21.4404 16.1476 14.8098 13.1946 9.2786 9.601 25.1089 14.1082 8.6103 23.5636 
23.2049 15.0415 10.1144 13.4749 18.2047 1.3304 10.5392 4.9666 25.7967 27.1395 20.6827 9.4804 26.3929 18.3322 11.3227 
6.8052 1.7641 16.2182 10.7576 19.8197 20.6333 26.9887 14.7712 7.6294 19.6483 3.2801 27.429 22.8599 2.8354 20.9769 
24.5833 22.6562 10.5204 26.8037 10.2235 15.6211 5.1487 15.0332 29.1957 17.2513 22.9299 13.3755 14.6271 21.2972 22.3748 
18.9374 20.0176 7.199 23.5177 3.7855 14.9994 10.1884 13.3865 24.3699 9.7492 15.2462 18.4864 10.4382 16.2638 23.9657 
19.6911 15.1248 1.4109 16.1584 11.5156 10.7114 7.6751 5.0096 22.939 14.839 15.5951 11.2243 18.6753 19.0103 17.0685 
31.5106 25.5982 16.0559 25.3621 17.0292 16.7679 4.7697 16.5808 37.4493 28.7217 27.8808 5.1543 24.4071 29.3919 25.9401 
3.8326 11.9233 20.4187 21.8073 19.7989 27.9556 33.2529 21.0675 5.0741 16.0578 5.7201 35.0616 21.365 6.4385 30.3768 
10.2028 8.0319 6.04 11.7147 9.9427 13.3541 16.7557 7.2099 17.8112 14.8347 10.721 20.452 15.7525 9.0231 19.0019 
7.2312 17.5373 18.6661 26.0336 13.9008 23.7585 23.5459 19.7904 12.7708 10.3547 12.1288 32.1796 14.8658 12.5321 34.8841 
25.4224 19.4876 11.7697 16.2305 25.4773 5.5951 11.8025 10.4034 33.7235 29.4692 26.2747 6.6451 33.4779 26.7088 9.9436 
9.9712 12.2967 11.6356 17.992 6.2575 22.2675 21.8595 15.2018 16.2128 6.0881 11.8139 26.6818 10.7181 11.1517 30.549 
18.3173 10.5566 12.3732 3.5365 23.2626 7.1948 17.9586 7.2874 17.8431 25.5669 14.2323 20.2752 28.3483 14.3044 8.5009 
13.4003 23.2882 20.9735 32.4133 9.2782 27.6232 27.417 24.2498 18.8385 4.2554 18.8781 28.6272 8.1935 17.6533 33.9101 
17.032 21.0507 20.1818 30.1425 7.2717 25.9201 24.9469 23.935 24.4365 3.2998 19.12 28.2264 4.6468 19.8227 31.1168 
24.7974 25.058 11.9463 22.9123 10.1345 19.6312 7.2668 13.8848 32.6609 17.3642 23.5207 14.1288 11.2741 24.6299 30.3894 
22.7526 23.4837 20.2788 32.6135 8.7472 23.5013 20.0784 24.5035 32.0308 11.85 28.39 22.6929 3.8625 22.7165 40.5507 
19.2334 13.7154 13.726 5.0696 22.0462 9.4024 21.3075 9.9382 21.1758 33.1556 19.3738 18.4675 35.4666 17.3069 4.9635 
16.4039 22.8492 16.7335 24.9361 5.1083 25.367 17.8516 21.7932 28.9101 5.5937 21.4392 25.3273 2.4919 18.5606 35.1351 
27.7658 23.8253 9.4978 22.1643 18.3433 11.0352 2.5623 10.8646 30.5203 27.5097 23.8126 3.9397 21.7485 25.0149 18.906 
26.1046 28.5031 25.668 34.9709 12.3214 36.1934 22.5373 31.3563 29.1985 8.771 24.293 35.8646 4.4248 25.1135 38.3867 
15.0762 13.0902 2.2359 16.9212 9.3927 12.1131 9.4573 6.9478 18.8814 15.5362 13.7214 16.3991 17.3069 15.5144 19.5018 
8.7037 2.899 16.6701 11.1895 21.8103 18.9004 28.1337 14.0836 7.8753 22.0789 4.583 29.3193 25.5607 4.9847 20.3559 
22.8755 20.7994 7.5615 14.5395 15.58 5.5986 5.7945 7.6587 32.6292 23.3691 20.3763 5.7679 27.6871 24.141 13.397 
8.9412 11.6026 6.1845 16.9885 7.5185 14.968 17.5721 11.3997 17.2744 10.4691 9.1133 17.9628 13.088 9.9694 24.6007 
14.4201 16.8406 12.3912 24.9941 4.2807 19.5829 18.5056 17.2399 23.0631 3.6065 16.3107 23.7314 7.6832 16.3656 33.4504 
35.4296 32.5055 17.2597 29.0215 19.6495 20.1933 7.0442 18.0932 36.1486 26.3089 33.5459 8.9605 21.318 27.5763 22.4132 
21.2559 19.6189 8.5185 21.6675 9.6138 12.3847 3.9811 11.6117 28.9983 19.0773 23.6368 10.146 14.5259 22.0474 24.2107 
12.439 17.0875 7.3056 19.5631 3.4677 17.9347 13.8542 11.0317 22.0424 9.443 15.9603 21.6512 12.3648 15.7877 27.3761 
27.3342 25.9034 11.7573 18.5772 18.4133 6.3799 7.551 9.0005 35.712 31.7828 24.6386 3.8218 29.3966 26.8619 13.1329 
27.5534 28.207 26.114 31.5924 12.5799 31.6218 20.84 30.8139 33.9387 12.5329 26.4477 27.7011 4.9375 26.0484 39.9043 
24.0792 20.3232 11.7265 18.2819 19.3002 6.5241 9.4068 8.8095 33.3545 23.5703 24.6641 4.2967 27.1331 21.6948 12.1135 
20.4256 26.0991 19.6351 35.756 10.7947 28.4852 26.9171 24.0765 27.854 7.0974 22.8159 33.53 3.8805 23.0165 44.5562 
23.727 13.7298 15.1012 5.1994 27.3767 10.9621 22.3297 10.0187 23.7954 33.401 19.2985 19.4841 34.5969 17.9954 4.5024 
21.2367 27.4006 21.7357 31.0309 8.6943 27.3528 20.5777 22.4449 26.8522 8.8476 21.763 29.0372 1.6008 21.2989 37.7486 
15.6649 13.0816 3.8041 16.8158 8.2434 12.3722 11.746 7.2927 20.1964 14.7845 16.2714 13.486 13.4323 16.6206 20.0685 
37.0172 36.8648 18.6438 27.5612 19.2524 22.6282 9.7329 22.4122 35.5461 24.0222 29.944 11.3981 23.8312 36.087 31.7939 
23.2378 25.5752 16.6699 33.7028 10.591 27.7825 18.7272 21.3842 35.1432 10.9262 29.7949 25.3075 5.5409 25.5812 32.3839 
18.4189 18.1912 10.5449 21.3199 3.4454 18.7651 13.2277 15.6302 23.2872 8.8237 19.5098 17.5703 9.6068 18.3512 26.9733 
26.8655 25.7915 12.9319 22.394 15.3484 14.8469 2.8163 13.3941 34.5865 20.8044 29.0432 7.28 22.0402 27.4679 22.0086 
13.0215 4.8605 15.3788 7.6631 26.2885 15.7579 26.0943 15.4604 10.2305 25.883 8.7908 23.7161 32.9643 9.2436 19.5384 
20.1515 20.6336 10.9115 20.6858 4.1608 19.8417 10.0509 13.2322 28.2475 12.2636 20.8619 16.0542 9.5266 20.7767 26.8394 
3.7333 3.9958 14.832 12.8248 16.0113 22.5704 27.179 16.9689 5.3977 18.1544 1.4369 32.0392 25.1556 1.2282 20.0884 
17.2392 15.9492 7.5695 18.2801 4.1246 15.8379 13.6908 11.9545 20.1006 10.875 16.0141 17.1554 11.3286 17.5902 22.9149 
16.7374 15.7024 0.4723 13.2384 9.7652 9.8921 10.0047 5.8212 20.9513 15.2513 15.4077 14.1374 17.5661 14.996 18.3908 
25.5567 22.9297 10.0481 17.61 19.2757 5.7707 8.8677 9.739 31.3715 26.0618 27.123 4.301 24.661 23.4689 14.1682 
15.2415 8.5329 5.3179 8.2956 15.1893 8.4094 15.8589 3.8917 17.3819 21.3365 10.2676 17.7388 22.8729 10.5877 16.5403 
5.9404 11.3038 15.1408 20.4081 11.3956 21.7127 20.8169 17.1832 11.5101 8.6713 8.5763 30.7359 16.1834 8.6269 30.2511 
6.8955 12.1831 18.2656 21.4956 14.4396 29.7287 32.8121 22.0929 9.7074 13.5073 10.4883 34.4314 18.7391 10.0734 31.0543 
30.5203 21.6071 14.9558 16.4734 24.7065 6.4453 15.094 9.8167 33.9981 33.0991 24.3621 9.0452 28.1239 28.0371 9.8167 
27.5156 27.6963 15.7277 31.2665 17.1584 17.2029 4.9381 17.2698 32.5189 20.6648 29.399 11.7855 21.771 26.952 23.6161 
19.9969 16.2141 5.0424 10.2256 14.5861 3.2447 9.2116 2.3553 26.9906 25.2043 17.6367 9.241 26.8395 18.4194 11.5653 
19.4593 26.2775 21.8783 33.0426 8.4407 30.7339 20.4403 22.0435 29.5494 6.1534 23.5658 24.2351 1.5294 21.9961 32.405 
26.0263 17.2695 17.6763 5.4978 24.9594 10.3466 22.0526 11.3977 21.9154 31.7234 17.6053 20.705 38.879 20.4385 6.1578 
22.5096 22.8109 9.8743 19.5157 14.1756 11.9228 1.7004 10.423 26.5151 22.1344 21.5012 4.9265 21.411 25.2369 19.0214 
10.346 6.3329 7.4823 10.1066 13.6763 10.9543 18.6759 7.0856 12.0063 17.3186 8.0723 21.1636 23.0981 7.9619 16.4554 
5.9294 7.5255 18.7615 14.6206 24.9703 23.9388 31.3981 20.5348 2.4605 20.7277 5.2353 32.0927 31.5775 4.405 21.4745 
2.2755 5.8503 15.288 16.4367 17.0252 21.9257 23.4703 16.0005 6.5762 17.7561 0.9985 31.5668 21.6157 0.9898 22.2613 
9.2671 10.9109 9.4222 15.8073 8.13 18.8273 17.8428 12.4667 15.5842 7.6612 9.1045 25.6449 12.1415 10.0326 24.9825 
7.7729 16.245 18.8822 22.53 12.614 30.0863 27.923 19.2434 11.3277 10.7019 9.503 27.9915 14.7716 11.054 28.055 
36.3928 28.2265 16.1219 33.148 19.437 16.8314 8.3573 19.2531 42.292 29.8864 36.8431 10.5165 22.602 31.4267 23.6612 
22.4117 29.2021 21.6541 38.8675 11.4452 32.0402 20.847 29.4894 31.9986 8.048 25.2332 26.5026 2.476 25.3197 42.8479 
13.111 23.1079 18.5962 29.72 10.7631 28.8119 25.6954 27.017 21.4274 3.3303 16.6893 27.3027 9.4246 16.2189 32.1388 
7.406 4.3285 10.1805 9.9846 14.6417 16.1894 20.3452 11.9011 11.3129 15.4084 5.0956 25.7306 18.585 4.4447 18.1662 
24.6552 31.4099 15.3302 27.4771 12.5545 21.8762 13.5244 19.4529 33.2162 14.3984 23.7221 15.8909 12.7649 27.6171 27.7912 
19.3811 11.411 9.5975 7.8183 20.7051 4.005 16.3776 4.3299 21.1154 25.8457 15.3765 13.048 25.1632 16.7248 9.8396 
21.2175 15.4006 14.9406 5.0508 23.8299 6.759 20.2956 9.952 23.2115 26.6488 16.5899 15.5642 32.4048 16.2886 5.3666 
24.5165 22.3427 13.9296 14.5429 20.0095 4.6299 12.4365 10.0512 27.8343 28.6013 24.257 7.3431 31.7732 21.9485 10.6674 
13.2328 18.5724 17.345 23.2323 10.4579 24.3951 27.709 21.0011 18.5385 5.017 13.1224 33.788 10.3723 14.1324 32.6994 
3.5447 4.5487 15.1001 15.864 17.3569 21.1975 24.2396 17.4448 6.1099 15.1856 0.7292 25.3508 25.9097 0.5255 20.8759 
27.2932 19.2271 10.3281 13.8109 24.52 2.2759 14.2357 6.2434 25.7489 27.301 23.2044 9.3654 28.7679 23.4751 10.1162 
7.2813 2.0508 17.9385 10.4161 21.0341 17.5698 26.1143 13.5565 7.8631 20.9679 4.0451 24.0054 26.6557 4.2439 22.7444 
27.4405 26.1874 15.3276 25.7443 20.5463 14.5273 4.6211 17.4727 36.8628 27.1241 27.6351 4.9104 21.0137 31.4502 23.0957 
23.3191 23.837 23.1549 30.709 9.3812 30.2859 23.3834 25.5137 27.4233 8.6272 27.1757 28.0777 2.3532 27.7134 36.9281 
20.0281 12.8557 9.6361 5.4825 23.9415 4.1507 14.2739 5.7222 19.9196 26.5367 16.6938 15.074 26.0898 19.2224 8.2014 
23.6441 17.5253 13.3019 8.0063 23.8699 4.7441 18.4242 8.167 23.3223 28.9433 22.8562 14.5087 31.1559 20.2885 3.9989 
29.0054 21.7578 11.4758 12.8602 24.5229 4.2179 11.844 7.2981 25.957 24.6421 24.8213 7.4857 27.0932 24.9129 9.049 
30.8175 22.7593 11.2639 19.8394 23.5822 7.4161 8.8068 9.379 28.7466 26.4497 26.6879 4.6901 24.5019 22.4828 14.9463 
20.6704 21.0611 9.4252 20.9689 9.5447 16.8996 6.5904 14.5339 28.8148 15.3161 22.1548 11.4427 12.2504 24.6867 27.4944 
7.549 15.458 15.4389 19.2462 9.937 25.0328 24.3367 19.9444 12.8114 8.4096 9.2548 32.6574 14.5227 8.5607 34.705 
8.6304 6.7968 8.0658 12.8938 11.1306 16.3312 16.4265 9.79 15.053 15.0224 8.0549 19.516 16.4314 8.2078 20.8676 
19.5847 17.654 10.8557 9.7253 21.9454 2.8674 13.5536 6.3133 27.7029 29.5775 21.9942 14.9838 30.5351 20.6309 5.44 
20.9361 25.8252 24.2644 37.7566 13.6423 28.2925 26.7001 31.4016 30.3413 8.2234 29.5052 30.4417 5.4643 28.7801 41.7059 
27.6445 20.8453 10.1749 23.753 17.6503 10.8991 2.5296 10.383 36.0345 25.2151 22.3297 3.4553 23.7232 24.5761 21.4357 
7.2407 17.4896 21.0443 25.195 11.9812 28.3525 23.7476 24.0225 15.2756 9.2929 11.681 28.9686 16.3278 10.8837 28.3619 
10.4389 9.9314 5.3186 11.6107 10.2122 13.1846 14.9648 8.5682 14.5676 13.229 10.0026 16.4912 18.1371 10.2806 19.7534 
25.8134 19.4988 8.0495 16.9634 18.5427 5.918 7.9439 7.3599 26.6437 22.7294 20.1297 4.847 21.9739 24.7711 13.4042 
28.0191 20.5294 18.9632 11.7121 25.5336 9.1557 19.4829 12.9013 25.8758 35.3622 22.4839 15.628 37.4478 25.6973 2.1902 
12.1881 15.7091 6.9904 20.3744 5.8698 15.2468 14.4851 9.0518 22.1713 10.2321 15.1208 18.0018 13.036 14.6229 23.3757 
19.4099 19.9896 16.9879 26.7153 7.4642 30.5866 20.3659 23.7268 20.6744 3.1321 21.4733 24.9116 3.6497 17.2013 31.8464 
4.8175 5.5304 15.5915 12.6985 20.5574 18.3648 26.9011 19.6447 3.6556 20.2045 3.3065 28.7363 29.079 2.9468 25.6753 
13.6669 11.7706 4.5811 9.5159 14.7527 5.5963 12.4385 1.571 17.4798 21.2906 12.2808 12.4793 19.996 15.017 12.365 
5.1326 8.927 19.0574 14.8255 20.8584 21.7189 26.7688 17.7721 1.3389 19.2847 5.0281 36.5401 24.9005 4.9176 29.5286 
14.6544 9.3546 4.6888 9.9947 12.3471 9.56 16.0132 4.4956 16.0802 18.538 10.9255 16.8625 21.9993 11.3019 16.1039 
23.9306 21.6403 11.4062 20.0019 19.8199 8.9381 4.6394 12.4392 31.6191 22.7786 23.5832 1.9837 24.1432 22.8069 17.0274 
14.8218 11.7482 1.3433 12.6919 12.4324 7.9608 9.7647 4.0757 20.4625 16.3565 14.114 14.3893 16.6341 13.4319 15.6788 
13.7377 13.2322 3.1106 15.9823 7.1163 11.3105 10.9927 8.2518 20.1119 12.5295 14.907 16.3425 14.9724 14.3571 21.6113 
16.1705 16.7406 3.6841 18.6671 8.6569 12.2677 9.0729 7.412 20.8733 15.5355 16.8887 14.7635 13.6126 17.6493 23.2037 
29.1301 19.7598 15.5982 14.4679 24.9918 5.4115 17.0551 10.5513 26.6677 31.9981 23.3742 8.6847 37.4358 28.7893 7.7531 
26.5307 25.4755 12.0523 27.0862 14.3751 19.1475 3.9661 17.4233 35.4996 22.0075 24.9985 9.0278 19.6348 28.6014 26.3626 
8.7477 7.2004 17.7666 15.832 20.619 25.7865 31.4521 18.4625 3.8701 23.3105 5.1138 34.5022 31.6096 5.9763 26.8528 
15.5474 24.795 15.9627 31.4898 8.043 28.5438 23.1669 25.6036 21.8544 2.1509 19.9827 29.3625 4.6509 20.0226 35.7993 
23.3875 21.3886 7.3906 20.1018 15.1048 7.8357 4.9119 9.5576 31.3518 23.6464 21.482 3.615 23.7196 22.2278 15.0693 
16.7218 21.9301 20.8821 32.036 10.6867 35.1281 27.7679 24.0812 20.5732 5.1817 19.7312 33.3622 8.6348 22.0741 35.1519 
32.3476 33.7026 18.3141 29.8594 21.081 20.3269 7.9906 16.882 37.311 25.7741 31.6104 10.4945 26.5699 28.7365 24.4801 
2.8551 9.6939 17.4173 19.3627 14.2211 22.5736 26.0441 20.4672 7.5914 10.6554 5.7457 32.2659 17.08 5.3781 30.7828 
26.1827 26.6092 19.4307 29.9524 8.3768 31.8624 17.5054 27.3783 34.342 10.9946 29.7575 23.2295 3.6104 24.4646 32.859 
9.8196 4.3359 9.5605 6.162 17.3304 12.5808 19.1153 9.8975 13.264 22.3603 6.8945 23.4356 29.0446 9.0732 16.8515 
19.5954 8.4923 13.8877 0.3257 23.859 10.5622 24.67 8.6759 17.8797 27.0465 12.6835 18.3551 29.039 14.1256 9.8303 
4.9595 4.7683 17.4643 13.1194 22.1625 23.1753 30.0436 18.1817 3.7687 22.0053 2.8514 30.0528 22.834 2.5142 25.8846 
12.7336 19.0209 17.352 25.847 9.6254 24.9665 27.749 20.7809 17.6429 4.1791 15.2986 28.8168 11.0683 16.7158 38.5217 
26.9458 23.3911 12.4047 27.0371 15.0685 16.6532 3.4693 13.0887 30.4153 19.2123 28.8562 8.6936 19.4054 27.7155 26.7598 
8.9095 15.283 17.8293 21.0167 8.6339 26.6906 20.5797 17.0606 16.5909 5.7172 10.1483 30.1309 13.553 12.3808 31.4264 
19.5896 15.0503 11.9566 8.2834 23.3986 3.0193 15.0859 6.3708 24.0714 23.048 21.0379 11.9984 29.4327 18.7382 7.9188 
40.1978 35.8212 18.469 29.6946 19.5154 20.1476 9.0498 20.2013 38.3712 29.9839 31.9585 12.8679 20.8088 38.0681 26.4815 
25.9824 24.6685 15.7953 29.052 16.3287 19.5836 5.7932 17.262 30.2164 23.0388 27.2644 9.781 19.2092 26.5066 27.7644 
15.9886 19.3622 18.3555 28.6054 6.4201 28.4235 22.712 19.3359 21.0332 1.2708 17.9977 25.4586 5.1211 15.8554 31.4197 
31.4112 26.6701 12.4973 21.2886 23.22 13.5875 6.3544 15.379 35.2316 25.6036 29.6109 4.0126 26.6662 30.2485 23.124 
15.3978 16.5218 8.0431 20.8451 2.7277 15.6347 12.5896 11.5989 18.7187 7.4811 17.4593 17.5078 10.7557 17.3991 23.271 
25.7202 21.1697 7.7592 22.4155 12.3013 12.7181 2.7585 9.9501 31.2935 21.7802 23.566 7.8893 20.9333 23.2334 23.2313 
25.9783 31.342 12.7667 26.5112 16.0945 15.0697 4.1171 16.7466 30.3071 21.9569 28.3872 9.244 18.2845 27.1738 25.701 
20.7657 17.7248 9.3551 11.7209 22.0567 0.5673 12.8082 4.7349 28.4833 27.1357 21.9326 11.2785 31.9588 21.0647 7.4341 
32.0643 27.4176 14.8671 22.4372 17.1899 18.6328 4.0789 15.5626 33.8749 24.4207 24.8089 8.2513 22.6946 28.4835 24.3543 
7.6552 14.9858 21.3037 27.3581 19.5366 31.5552 31.1099 25.8152 10.124 12.3752 11.1129 36.1338 20.5136 9.4677 31.4213 
27.9638 25.5176 9.2029 19.8214 16.8753 10.6513 3.9397 11.7807 28.8904 27.2347 21.5933 3.5497 21.1341 24.9458 19.0336 
5.8556 13.5538 19.4747 19.6454 20.4291 26.6191 27.391 20.0286 4.827 15.7822 7.1728 30.4604 23.2276 6.9027 34.0978 
4.7067 4.8064 15.6807 13.9539 17.6184 18.1562 24.0272 17.5032 5.4861 21.5573 2.2417 28.4885 22.2533 2.1701 25.6336 
31.2689 28.2184 11.6761 24.1666 17.9113 13.5944 2.6753 13.224 36.7523 22.0879 28.1274 4.5 21.3991 28.2767 19.0575 
14.4436 8.6064 12.904 2.926 23.964 8.945 17.7511 8.174 20.3935 25.3528 13.9209 17.5023 31.2728 12.1773 9.297 
18.7272 20.0721 5.4605 19.1146 11.862 8.7107 4.2859 7.8367 24.642 20.67 21.4198 8.5503 20.129 20.6701 18.8321 
21.252 16.876 11.0289 11.1627 19.6378 1.2845 14.8046 5.9082 24.8614 28.0759 21.4764 11.4893 28.1939 23.0475 8.1916 
16.6135 22.9688 10.9328 22.8672 3.919 17.8924 13.1826 15.2519 25.1815 9.646 18.1325 17.6289 9.4477 21.1409 31.3215 
17.4775 12.0908 7.6471 7.8281 15.9861 4.3491 12.5879 2.2691 23.5418 23.6417 13.0758 14.2942 28.4724 15.3211 11.6651 
30.0373 27.0052 13.5039 23.8057 16.5962 12.5247 3.3914 13.1981 33.7073 25.7932 29.2208 4.3905 24.6981 26.5799 19.4612 
9.7178 12.7259 22.3343 24.3647 24.9409 28.1222 37.4108 25.316 4.3698 18.79 10.8608 37.8727 30.5738 9.4451 35.3429 
24.386 28.2613 23.1497 33.6631 13.3895 27.739 26.1211 30.2947 35.9682 10.8118 28.2503 31.8402 4.0474 27.2423 42.6246 
3.9835 5.3547 11.5777 14.6939 14.8301 18.5276 20.7626 15.5028 7.5979 15.197 2.8747 24.2192 20.3052 2.6288 23.2306 
19.2747 13.2519 8.3514 6.3035 19.8522 3.3771 13.873 5.2961 23.053 23.4151 17.3002 14.9193 25.2421 19.8408 9.1573 
14.9522 22.6286 17.9606 28.0386 7.7637 27.667 20.5317 19.2775 22.2116 1.7968 18.5788 28.8015 5.1675 17.3537 31.6557 
15.1295 17.7179 10.1943 23.6432 2.4411 17.8278 17.1809 12.5687 21.8456 6.8816 15.0964 17.7379 9.8519 14.8851 25.5767 
20.5743 19.67 7.2682 12.2458 16.3648 3.6216 9.0459 4.3572 28.5407 21.343 19.5743 8.0118 28.5609 21.905 11.8397 
22.4075 13.4654 8.4952 7.6018 19.6124 2.0845 13.7754 4.0869 23.1685 28.1758 19.007 12.082 24.2209 16.1406 9.1634 
14.0735 13.4694 8.5422 17.0863 4.3052 15.413 15.0945 12.1925 19.0151 8.5839 13.8132 17.8414 13.1364 14.2981 23.3505 
17.666 19.2639 6.9694 24.1735 6.4844 16.3526 6.8607 12.478 28.7294 12.7951 17.5654 13.4862 11.7522 21.2421 24.9408 
36.9189 34.7033 17.9776 32.628 22.8187 22.7657 10.3484 19.4603 37.9996 26.3875 31.0324 10.8702 28.3614 34.42 28.704 
5.5523 13.7536 15.37 21.2465 13.1086 28.7531 29.4906 18.6868 10.0449 9.7206 9.6401 31.3574 16.9357 9.0972 34.6203 
16.3685 10.0288 3.5476 12.0051 13.7865 7.9887 12.9621 3.1177 20.7652 18.9719 12.5218 13.5455 18.8171 12.3819 17.3261 
4.1512 13.1549 17.3021 20.6363 18.4276 28.8909 25.3231 23.3883 8.3506 12.2467 8.2546 35.0822 19.9078 6.6324 27.0786 
16.1016 24.7473 21.6943 34.6794 9.7825 30.6254 23.5779 21.1322 22.6559 3.9821 21.8509 34.0947 5.3719 22.9677 33.596 
4.2015 9.5885 14.7266 20.4554 12.3248 19.2845 22.5204 16.0322 9.3808 9.7162 6.8067 27.9256 18.3495 6.1366 28.9319 
9.3305 10.0005 9.7255 17.2465 7.075 20.6587 16.9349 15.1384 15.7659 9.0555 8.8582 19.956 15.6845 9.581 23.5195 
21.1162 17.1568 7.9279 13.8223 17.5424 1.7436 12.4871 6.0843 27.8271 25.8707 21.8149 9.0155 28.6296 20.9304 10.0961 
6.3772 1.9705 16.6377 10.1955 19.594 16.588 27.6876 16.148 6.5275 16.7166 3.1845 27.4903 24.3892 3.541 18.3779 
24.8014 22.3283 10.2058 23.1296 9.4781 18.7147 6.6624 14.223 26.99 18.6163 22.35 12.1991 13.2725 22.4769 28.8819 
15.3586 18.9535 7.9735 23.8895 3.4995 16.2902 9.9351 13.5773 26.3902 11.5791 18.5858 15.0895 12.2743 18.846 22.078 
15.4222 15.5556 1.7222 16.3867 12.0293 8.7293 7.4521 5.0746 22.8203 17.3316 14.9499 10.7204 19.9487 16.6211 20.3146 
32.542 24.0577 15.6991 26.7219 17.4163 14.5557 4.5974 14.5047 41.0125 23.6108 28.611 6.4351 22.7463 28.3622 21.3538 
4.0191 9.7136 18.8835 21.6575 17.8429 28.9404 30.7099 21.2124 5.5283 16.076 6.7292 31.0171 24.4686 6.3838 26.7857 
12.1581 8.4306 5.8286 11.5049 10.0252 13.1638 14.0567 6.9702 18.1787 13.8233 9.2731 18.463 16.3127 10.7517 20.5895 
7.685 17.1437 16.7626 23.1915 14.4892 23.5026 27.5676 24.1081 14.5764 7.9977 10.0582 34.2969 14.282 12.4394 37.6733 
26.3596 19.9023 14.3152 16.7672 26.0693 5.7721 10.5154 10.7454 29.6135 26.0072 23.6428 5.9948 31.1595 23.4241 12.78 
8.713 13.0307 12.7996 23.0133 6.8978 18.22 17.9002 17.0795 14.5257 6.9979 9.7643 22.4081 10.704 10.9381 27.7952 
16.4814 11.5646 10.3891 3.328 20.1613 8.0901 18.5273 7.441 20.4409 27.3995 16.026 18.4501 32.6155 13.8697 7.5382 
15.0942 19.1869 20.117 33.7582 10.5715 30.4332 23.4337 24.2846 22.3654 4.2032 20.3812 27.1445 9.5776 17.6586 32.5256 
16.4999 23.7264 16.877 28.3872 7.737 31.3261 21.5555 20.1114 25.5607 2.726 18.7577 26.3834 4.4397 18.1211 38.052 
24.3847 25.847 9.5035 21.8011 9.05 20.0294 7.3837 14.9064 30.7228 15.375 23.8504 12.701 14.3052 23.8002 28.7972 
25.9913 23.4065 19.2609 27.2896 9.2381 28.0912 15.8554 22.3963 31.1065 10.611 23.2882 26.5017 4.0403 27.1811 35.9622 
19.3613 14.9956 14.8456 4.2871 24.474 8.396 20.3215 11.0069 22.8617 32.1452 19.1817 18.4403 31.6234 19.0128 5.6218 
19.8645 21.2115 18.0324 25.9476 4.8563 28.5109 20.9867 20.0293 26.7093 5.2631 20.6859 25.1932 2.9235 20.958 29.2102 
23.968 21.8023 10.6593 21.509 17.9915 10.4622 2.4591 13.2981 27.9961 22.6081 29.5065 3.607 21.9283 27.8193 21.2974 
23.855 31.9075 20.5769 38.467 10.6462 29.4181 24.3618 31.7632 30.7393 7.7596 24.5447 28.6755 4.501 25.2321 37.8042 
16.9784 12.3737 2.4318 13.9288 8.9336 11.8845 9.7938 6.8086 17.9327 13.3989 16.272 13.4274 17.8541 13.2611 19.5587 
7.4925 2.851 16.1564 10.9962 18.3893 17.5297 27.3124 14.409 7.1156 21.332 4.77 30.5544 30.5829 4.5146 22.9593 
22.5392 21.6884 7.3494 18.6176 15.1942 6.9688 6.8349 6.5417 26.4005 22.392 22.2695 5.2475 22.6733 22.473 16.2393 
11.6957 10.2878 7.5095 15.5897 7.5923 15.8524 14.1999 9.1115 18.0934 11.2084 9.7427 20.6038 16.9266 10.7195 20.2795 
14.7171 19.8849 11.9904 25.5791 4.1745 25.4916 17.2776 17.9836 19.7413 3.5659 18.425 22.6268 6.4126 14.818 33.4855 
35.852 28.2284 15.2185 27.3082 17.684 16.7327 5.9211 19.2005 38.9268 23.6033 27.7826 7.2768 26.4849 28.3935 25.1798 
20.6176 23.5427 6.8414 19.351 9.8798 11.6857 3.5117 11.4151 26.0208 19.6141 22.8333 11.1831 16.5782 20.9062 22.948 
11.9545 13.8891 8.3913 17.4543 3.375 15.0823 14.4522 12.9311 22.4166 9.1319 12.6064 21.2049 12.2855 15.3668 25.1927 
29.9919 20.5644 11.8721 20.2543 18.5408 7.239 7.4967 11.0129 35.7755 24.1202 26.5038 3.5952 27.7501 27.0188 15.1106 
29.0611 29.2258 25.1114 41.3203 13.9028 28.1031 23.3741 24.8343 31.6309 11.2486 25.3762 31.2471 4.387 28.3549 42.1533 
29.128 22.7392 9.5236 17.2703 19.7899 6.412 9.5843 9.0876 26.8332 23.9128 23.5646 4.1545 30.5465 26.1761 12.8152 
23.0243 25.9585 21.6238 32.8737 10.3146 28.9551 25.8059 23.5027 26.2883 7.2689 26.7166 33.8159 3.9776 26.3246 35.6518 
20.3411 14.021 18.5502 4.8065 29.8662 9.5309 21.3851 10.5263 25.4315 33.5247 16.4447 17.4871 30.0421 21.5052 5.1032 
25.2736 24.5341 20.2557 32.7814 9.0539 25.1991 21.6663 23.8853 30.3252 8.6004 25.3878 26.4919 1.55 25.2007 38.746 
15.6734 14.6921 4.138 15.0963 7.2156 14.1984 11.3945 7.6671 19.0452 12.4635 14.3693 15.0342 14.8417 16.1634 22.0075 
31.0972 35.5216 16.8799 34.4925 21.0713 20.2712 11.0975 20.976 44.7643 27.7647 32.0765 13.4794 26.2205 36.7442 26.5106 
23.6381 25.3909 16.2912 36.1293 10.5689 25.3646 16.4971 20.7185 27.4756 11.4418 24.3597 26.0794 5.6433 27.1075 36.4125 
19.0461 18.5293 9.1454 26.3595 3.0801 20.7268 10.8071 15.498 22.4095 9.7862 17.6939 19.8513 8.6022 20.0499 28.9869 
27.5988 23.1234 14.1823 23.2547 16.5725 14.5365 3.2597 15.5158 29.264 23.7848 29.5728 8.9042 18.8188 28.5867 22.47 
11.9817 4.474 15.6579 8.2552 20.8758 15.3752 26.9949 17.0141 11.9885 27.4482 8.654 26.8829 26.3173 8.7021 15.39 
18.7413 22.1741 10.7339 23.361 4.2307 21.11 11.1222 14.7598 23.145 11.2189 18.0233 16.9097 9.7083 18.2093 26.7997 
4.5802 4.0636 18.17 14.2251 19.0739 20.8154 25.5631 14.9936 4.856 19.0256 1.3974 26.2302 23.0095 1.4416 22.0484 
15.2177 15.9858 6.8772 18.3937 4.4184 13.9735 10.968 11.0527 20.9246 10.2642 16.7779 16.4304 12.9523 14.3633 26.2667 
16.5579 13.8678 0.5224 15.6969 9.5393 9.4769 9.8669 5.2808 19.5156 18.4582 14.7999 14.2894 20.4763 14.5613 15.618 
27.1215 20.7564 10.5635 16.0659 22.4985 6.2122 9.7072 9.3074 29.4325 24.1013 28.6426 4.1972 26.1423 26.4262 12.535 
14.9171 9.7236 5.4135 8.6197 14.7736 7.3254 14.6842 4.3079 18.0989 21.6262 10.7582 14.7949 24.1381 11.2342 16.234 
5.5136 13.4449 14.9223 18.8295 11.8623 24.0621 26.3432 19.1183 13.4518 8.3564 9.4519 31.2661 14.6326 8.6122 30.2428 
6.1617 16.1606 20.2203 23.697 16.902 25.8744 28.517 21.4422 9.5074 13.8873 9.6772 31.0457 19.5868 8.6402 33.1674 
28.6851 19.332 12.7654 16.9827 24.2704 5.1159 11.9356 12.0637 34.4161 26.4634 23.1341 8.5478 35.3264 25.8809 9.1906 
32.6972 28.4059 14.53 26.8032 15.6113 20.3946 4.9768 17.3143 36.2221 19.4829 26.9236 10.3918 18.8526 30.9106 25.9731 
19.5103 15.1547 5.1873 9.9508 15.3329 3.6137 11.2409 2.4554 22.3858 25.3591 20.0667 11.0374 27.7938 16.7832 12.1916 
20.2018 26.7438 16.9545 32.5894 8.6563 27.7329 21.8288 26.8367 23.363 7.1624 24.2899 31.5984 1.6392 23.5272 38.6179 
21.5091 16.3149 15.7294 5.7225 30.6891 13.048 26.8577 14.1029 24.2351 32.4484 19.8536 22.5247 30.9776 20.4215 6.1227 
26.055 23.2535 8.3019 18.9475 13.4309 12.1672 1.6038 11.949 30.3502 19.0257 25.5552 5.5805 22.7652 22.2014 18.4052 
9.6719 5.1954 8.77 12.0407 14.1076 13.8392 19.4562 8.2827 13.4983 17.3093 8.3171 19.6302 23.6018 8.449 18.7196 
5.803 6.773 17.4749 13.8004 19.575 20.0811 28.193 17.0903 2.4916 18.9459 4.8518 29.3518 23.8479 4.7414 24.919 
2.3758 6.0897 14.8883 13.3053 15.2207 20.2396 27.6023 14.4028 5.4245 14.0616 1.1896 24.3925 23.226 0.8637 26.6216 
8.1009 12.9152 9.7669 16.8353 6.6562 17.8473 16.1971 14.858 14.0055 8.9606 8.9055 20.6538 14.5258 10.7164 23.9701 
6.642 14.6646 17.7569 25.6292 12.8675 28.0841 24.2656 21.1393 11.5264 11.1458 11.1774 29.0097 14.874 10.6084 34.811 
36.855 31.4863 16.0798 33.1395 20.4318 18.8572 8.2746 21.577 39.4383 26.7539 30.4054 8.5418 23.0881 30.8723 23.3886 
25.6495 31.9208 19.6478 35.3447 11.7404 33.5484 25.3913 24.3001 28.0145 9.0944 27.8601 27.8997 2.8557 24.3323 38.6933 
14.8745 23.004 18.0015 30.96 9.6066 29.8291 27.8681 24.1028 23.8855 2.7784 18.7587 30.6969 9.188 16.6363 36.9146 
7.5834 3.836 10.452 10.3628 12.3312 15.1965 17.6758 11.8949 12.2994 17.8879 4.6792 26.1362 23.6391 4.664 17.5262 
23.2676 25.1774 14.1071 32.2486 10.156 24.042 12.357 22.57 34.8969 15.1202 31.3721 18.4719 12.347 28.4747 34.7298 
20.3799 14.168 8.8066 8.1372 17.8055 3.1424 16.8675 4.4992 24.178 23.9178 18.3131 15.3031 31.6944 17.5938 7.7355 
20.2469 12.7324 14.999 6.2406 26.9971 5.8283 18.827 7.9987 20.2378 30.1855 20.5209 18.8626 35.7627 16.155 5.6114 
25.3431 22.6101 13.6478 15.4831 26.1145 4.3024 12.6714 9.0235 28.065 29.9737 21.5039 7.5999 30.1248 27.8014 8.756 
10.5544 19.321 19.5869 25.9027 9.4269 24.2696 25.2426 21.0589 18.06 5.2009 16.0964 29.6116 10.7721 13.769 38.9292 
4.0144 4.6052 14.8854 14.4943 15.8566 22.7486 22.2873 15.3114 6.1963 18.6049 0.591 29.6803 26.3649 0.4589 22.6502 
26.4023 20.7847 9.5185 10.548 19.3634 1.9945 13.0328 6.4546 30.1686 28.8352 23.1607 8.9106 31.5896 19.5922 8.205 
8.5391 2.0053 17.3458 11.7673 21.7177 16.5272 25.4116 12.8137 7.8222 22.2331 3.806 24.2442 29.5998 4.2806 17.4491 
29.3368 29.8927 12.2684 27.0612 18.2922 13.8731 3.8865 14.4511 34.4578 25.0717 32.1397 5.5939 24.3133 31.5764 25.1745 
21.6688 29.8745 19.1851 35.0102 9.7786 29.6444 20.4366 28.2596 29.2183 7.5428 28.1486 24.69 2.341 24.2062 40.8501 
18.346 12.6663 9.5246 6.2186 20.1803 4.2946 17.4144 6.2479 20.9367 29.2111 18.0934 13.113 30.646 19.7214 6.6349 
19.8684 17.8029 12.7122 7.1343 21.9111 5.2806 16.9873 8.3432 25.7511 25.7255 19.8949 14.1869 30.662 17.991 3.9697 
25.8423 18.2012 10.9732 14.4334 25.2963 3.9445 13.3751 7.6343 27.6147 30.4887 23.4655 7.7653 32.6995 23.1008 10.3116 
23.8257 24.5502 11.7259 18.5151 22.2084 5.9504 10.152 11.3666 28.4138 27.6367 25.1996 4.1691 31.7566 24.5018 13.8107 
23.2106 24.1267 8.7856 20.5134 7.6953 17.9417 7.091 14.9898 31.0648 17.9259 21.8062 12.7129 15.1061 21.839 22.3589 
6.4875 12.9848 18.1081 25.2072 11.3464 23.2914 22.4748 20.2748 11.8492 8.0109 8.5954 29.0949 13.9419 10.0414 26.5417 
7.2428 8.0526 8.6917 14.9013 10.5212 16.4986 17.6663 10.0697 14.0487 13.6015 6.6166 18.2141 20.5393 6.3634 19.2925 
21.8907 16.7013 12.2542 9.1282 24.8381 2.7327 15.3144 7.7791 27.2542 31.3542 17.0247 11.3252 31.8431 19.3539 5.7689 
21.715 30.2149 20.8115 31.1008 13.1166 36.7085 23.0332 24.6474 32.0656 9.023 24.3482 33.5013 5.4061 23.9697 36.6144 
24.3944 26.405 9.5506 22.5811 15.8692 12.2363 2.8246 10.9322 29.9652 25.3383 28.0727 3.8128 20.771 25.5148 17.2256 
7.7434 17.2078 16.2177 25.7358 13.4573 25.3421 30.0688 20.9274 14.8626 7.2564 11.7756 32.1241 15.4958 10.5063 31.6663 
11.0952 9.0114 6.7299 11.4868 10.8532 13.6207 13.7374 8.2918 17.122 12.8008 8.501 17.2653 18.1683 9.1219 21.3424 
21.8448 17.8758 8.9569 17.7076 18.5895 4.8949 7.7952 7.7916 24.4295 23.6612 25.2792 5.1222 25.9263 25.0707 12.7598 
31.4627 22.2826 15.8806 13.1288 28.7509 8.7065 23.0136 12.2078 33.5151 35.8499 24.1245 18.2681 38.8072 27.6557 2.5795 
12.6468 15.2126 5.9017 16.5156 6.1059 13.8245 11.5575 9.0279 22.0042 9.5351 14.8416 16.9873 13.8555 12.3095 22.3674 
15.3265 21.4563 15.79 24.9332 7.6753 24.8977 21.8106 22.7411 25.077 3.4303 18.0861 24.3082 4.1901 20.7733 39.9905 
5.5644 5.3863 19.3213 13.1988 22.1704 23.1931 25.631 16.8981 3.4216 18.4383 3.1592 31.1736 29.4954 2.6864 21.4621 
14.6456 10.9044 5.5142 9.0327 15.1523 6.5355 14.6811 1.5965 20.9824 22.5544 11.9836 12.1513 24.422 12.2783 13.3899 
4.849 8.447 22.292 17.5939 23.1326 21.8217 26.7858 19.3308 1.6646 17.194 4.7271 30.1097 28.0745 4.7556 25.0108 
13.8024 9.8824 4.7639 11.0543 13.6297 8.1693 15.475 4.0053 17.1633 15.5246 11.5856 17.3623 19.2889 12.7899 15.8277 
28.5707 23.9458 9.5368 21.12 19.8901 9.7871 4.4806 12.1981 36.5645 27.8037 25.5914 1.6861 22.2025 22.754 16.9299 
15.2968 13.1772 1.4401 12.5242 12.2402 9.9529 11.9031 4.6161 18.9848 15.2305 13.2426 12.1181 21.5402 14.8107 18.1213 
14.9901 12.7952 3.0557 15.9731 7.3122 12.714 10.4474 6.5967 19.8733 13.2142 15.2721 13.9555 17.1492 16.5346 21.0285 
19.655 16.6439 3.224 15.7999 7.5828 13.1677 9.393 9.1221 24.9862 14.8795 18.2981 11.7431 16.0195 17.9136 18.8413 
30.3685 18.8701 15.506 16.1379 21.7645 5.803 15.6653 9.8044 35.183 33.8063 23.5855 8.8059 30.3096 27.9843 8.8037 
25.7171 28.5144 12.3149 24.2819 14.6149 16.7043 4.8298 15.0719 33.7741 21.4744 25.5126 10.8975 17.2738 26.0034 23.2624 
6.7681 6.7184 21.5443 14.7416 23.5581 26.2065 27.6107 21.6594 3.609 19.7448 5.1536 36.2046 31.3132 4.9617 27.0133 
15.6915 21.1717 20.0924 25.4459 8.8762 29.022 25.1412 20.3699 23.5456 2.2527 19.1953 24.4552 4.8005 17.0503 35.0408 
27.3246 19.1107 8.3714 16.9971 17.9722 8.9551 4.3851 9.0353 30.0943 24.2947 20.4109 3.4838 26.6436 25.7604 18.153 
19.0378 23.1619 25.5667 31.6792 11.3912 30.4587 29.2245 24.4458 23.1015 6.0888 21.8278 29.8811 9.0603 21.6 34.1597 
28.8596 34.3133 15.9405 30.2228 21.3407 19.1553 8.0618 18.7075 37.8012 28.7312 34.6747 9.0659 24.3311 30.0899 28.9303 
2.3992 11.065 17.3832 18.5944 16.7151 22.3993 29.457 21.1226 7.2812 10.8078 5.5162 31.6211 20.5883 5.6228 24.9684 
21.4203 26.6491 17.6288 33.6988 8.3851 24.4938 19.0094 24.3097 28.5702 10.6841 23.1869 29.3729 3.88 25.3464 35.4244 
10.1818 4.4937 10.3695 5.6392 16.3112 13.6292 22.2073 8.9113 11.3476 22.9493 7.6046 23.8861 25.0119 8.5301 16.5365 
15.5451 9.6392 14.3674 0.3225 24.8067 11.2127 24.2565 11.1246 19.9851 24.1269 13.699 21.4461 32.2913 14.2329 9.8628 
4.3474 4.4892 17.0307 12.18 21.1882 20.6708 27.5244 14.9094 3.7519 21.1337 2.9466 31.8166 24.1581 2.3868 25.2263 
14.0728 19.9593 17.4239 29.8168 10.1136 31.2762 24.4191 22.6 20.382 3.9988 15.1139 32.9974 11.1149 14.1785 38.6422 
26.8454 24.1134 12.1324 23.294 15.5547 17.9157 2.9379 16.1792 29.553 19.522 29.8072 9.8685 18.8307 26.9693 26.7245 
8.0998 16.5237 15.5798 22.4516 10.2964 25.8861 22.4016 17.206 16.6873 5.969 10.3981 25.4543 12.6679 11.2488 33.1409 
20.4461 16.2159 9.4049 6.9935 23.7603 3.1682 14.8687 6.2671 25.5609 27.7446 20.362 14.4011 25.4249 18.039 6.6623 
34.8663 29.6581 21.0463 37.0022 24.4543 23.3954 11.6509 21.9756 37.7612 27.1884 32.4868 13.1526 23.7637 31.9864 26.8927 
26.526 26.0938 12.8044 28.6318 16.0825 18.9915 5.6279 19.2644 31.8863 20.556 28.2639 12.0587 18.755 27.731 25.6457 
16.0516 20.1298 17.9502 29.7139 6.8654 27.3404 23.9148 21.0609 23.3123 1.4794 19.3634 26.0375 6.4694 17.9656 31.6241 
34.8926 26.5517 14.8343 24.4556 18.2855 15.3065 4.8358 16.2893 40.8916 29.9334 26.8211 4.5035 22.3564 27.2305 22.3537 
15.4144 15.2155 9.7876 19.12 2.4645 16.7992 12.9194 14.9591 22.4684 9.615 16.2103 17.7869 9.558 14.3934 23.6428 
22.1106 22.5682 7.5359 21.1924 11.8378 12.1001 2.5778 9.9095 27.6602 20.6264 21.6848 8.1457 19.2022 20.4639 22.7482 
28.8338 27.7573 15.7251 27.7556 18.0089 18.9272 4.8778 18.7298 32.5934 27.0799 32.1639 8.9295 23.2231 29.7737 26.5715 
20.7274 17.5701 9.6806 10.5101 17.9453 0.5497 14.6948 5.4614 24.8572 26.0007 17.3386 10.7033 24.399 19.4118 9.1004 
28.6193 29.4966 13.7783 26.0556 17.9349 14.7135 4.2846 14.3913 37.5138 21.4759 30.0976 7.5171 18.6465 29.6093 28.4062 
6.6829 15.6179 21.9763 26.6314 20.3824 32.0053 34.6314 26.5499 10.8567 14.4684 10.0275 30.5831 17.9907 9.1096 35.2155 
27.1425 21.9863 11.0114 21.2462 18.7184 10.9709 3.7761 11.52 29.0946 21.0173 25.9873 2.9481 22.6911 26.1131 18.3733 
6.3806 11.9574 23.733 20.8311 22.824 28.9085 31.6651 25.397 3.6754 18.1399 7.3832 37.7801 22.029 8.3953 31.6622 
5.3135 4.4441 17.5155 13.904 20.9867 22.1689 25.7907 18.5069 4.9512 18.134 2.4567 28.4885 26.8045 1.9049 26.1543 
26.27 22.5934 10.8636 22.7776 18.0398 12.3205 2.8181 13.2354 32.3041 25.8293 28.7516 4.389 23.184 30.0313 22.633 
17.6655 9.9845 11.7479 3.0206 20.2367 8.6205 19.323 7.0903 17.4839 22.7961 13.1545 17.86 27.038 14.5266 8.8836 
24.217 18.1489 4.6684 17.7627 12.1554 10.1612 5.3004 6.6917 26.2757 19.5676 19.7187 8.1052 21.3663 23.104 17.6797 
22.7204 16.1392 11.0528 11.2984 23.4361 1.4518 12.9135 5.9559 23.9889 24.8236 18.1668 10.5745 31.0938 22.8951 8.8169 
19.8035 19.3648 10.062 22.3526 4.0075 17.684 10.238 15.0824 25.2533 10.7307 18.1603 18.2326 10.6229 22.3838 29.1 
18.4753 10.134 6.8039 8.9478 16.0646 4.18 13.6072 1.7511 22.3347 24.941 16.3713 12.1469 24.6895 14.4724 11.7626 
31.1853 28.5678 14.4539 24.2374 17.146 12.9079 4.2646 15.4058 31.2562 25.6175 24.8136 4.0176 23.7959 25.2724 20.115 
9.1286 12.3627 25.7576 19.908 26.1223 28.6045 39.3149 28.008 4.0219 18.3468 11.1066 38.1083 29.6461 10.8984 28.6949 
28.4565 33.8056 20.3853 37.6667 13.6198 31.6575 21.1692 27.8917 27.9078 11.7548 24.8653 31.0043 4.5861 25.2126 40.4673 
3.8122 5.7036 14.6484 15.9127 13.081 20.0641 21.7774 13.9928 7.4453 14.3129 2.7206 24.9772 20.5091 3.1649 23.7318 
22.724 14.5844 10.5357 7.7163 19.7647 3.3547 13.6792 4.5463 22.6846 27.5291 19.5756 14.1854 27.0677 16.7094 8.543 
14.7023 21.1546 15.3589 26.4796 6.711 27.1256 20.6867 19.3718 24.7481 1.9281 18.1475 27.4647 4.6713 18.6504 35.0938 
12.7547 15.6392 11.0347 21.6913 1.9024 16.4585 16.6971 15.466 19.8528 7.9494 15.4912 17.8796 9.8995 16.2465 30.0056 
22.6771 18.5211 7.804 14.1982 18.2465 3.3782 8.5911 5.2851 28.3616 24.0943 21.5663 7.1901 25.4699 18.5373 13.2108 
17.954 15.0218 9.3582 9.9109 17.4961 2.2768 12.786 4.2525 22.7924 24.3461 19.6284 10.7576 24.4428 16.706 8.0542 
13.5296 15.7129 8.9249 17.9345 4.0548 17.2499 16.5751 11.9018 21.1501 9.4845 11.5607 20.8311 12.6971 13.8525 25.3703 
18.4627 17.3824 8.5578 23.4899 7.7732 15.6316 7.6495 13.0724 26.3378 12.2608 20.3013 14.7118 14.5143 22.7716 25.3883 
34.6365 36.5188 20.4062 30.1903 23.9164 19.0074 9.7131 23.9488 45.211 29.2812 36.5133 12.0724 25.2672 30.0044 27.1538 
5.7613 12.6832 17.2052 24.8133 14.1839 27.5917 27.7141 20.8069 11.5284 9.9963 8.5103 33.378 17.6225 10.2925 29.6998 
15.1886 10.3597 3.7708 9.5252 14.6479 8.2852 13.5336 2.6712 18.9017 19.8419 14.1046 15.2239 22.3325 12.1366 16.8955 
4.6202 10.4316 19.9164 24.3092 19.0838 26.8422 25.9533 23.1194 7.9565 13.5983 7.5272 34.4324 19.1362 7.7583 27.3685 
16.5498 24.1447 20.6456 29.5759 10.0791 26.335 23.4946 22.3272 23.236 3.1461 17.6875 30.8109 5.5859 18.3684 39.6629 
4.1886 10.4041 15.8525 20.523 11.8036 18.7237 21.612 18.3496 9.0909 12.3814 6.2228 26.8642 15.307 6.5984 26.9544 
7.5956 10.4351 10.4349 18.1531 7.8194 21.4188 16.1101 14.2791 15.1865 7.6642 8.5183 26.1024 13.0902 9.0859 28.8611 
20.5138 17.4411 8.9645 13.6785 17.0216 1.7383 11.9635 5.1468 22.9935 24.3437 19.7342 7.8343 31.345 20.6893 8.8549 
6.5776 1.9889 15.803 11.6589 19.938 16.1918 21.4397 13.1067 7.3172 20.1712 3.339 26.7463 22.7725 2.7654 22.1393 
26.628 23.7606 9.0003 25.1101 10.573 18.8632 6.4969 13.5989 33.5729 16.1283 24.1169 12.8407 15.9817 21.8422 28.2149 
14.8662 19.5367 8.7525 21.5249 4.2067 18.8338 10.0301 12.796 24.5699 11.0778 17.9299 14.4514 12.1434 18.3032 25.0547 
16.0073 16.4259 1.7617 13.5616 12.2231 10.0291 8.8199 5.4314 20.5455 18.1398 15.0077 10.8159 17.1492 15.792 17.9586 
29.7449 30.7386 16.1954 28.6155 21.4095 14.8699 5.3048 17.8154 31.6579 29.217 30.3174 5.9208 23.2376 26.2768 25.9934 
3.8423 11.6277 22.8715 18.1439 16.2962 28.6832 30.3742 19.1166 5.0564 14.7657 5.5636 33.3295 22.6745 6.6331 29.2023 
9.7488 8.7303 5.3976 12.0407 11.7791 12.9698 13.4262 7.1473 13.8016 15.1259 9.1999 16.6459 16.6654 10.9085 20.2454 
7.002 13.394 19.5592 21.3785 15.7609 25.1392 29.368 22.4178 11.4607 9.1096 10.0549 33.4938 15.3485 10.5559 34.2433 
24.4217 20.7124 13.022 18.3538 25.9695 6.3119 12.5183 11.8815 32.4582 28.6631 22.6604 6.1351 31.787 25.1556 11.2426 
10.038 12.7564 14.5931 22.0592 7.3163 19.1926 20.3827 17.4348 17.339 6.6028 9.939 28.263 12.7695 9.6879 25.9085 
16.3566 12.3066 12.697 3.503 22.1912 6.8842 20.9663 7.2235 18.2012 29.2172 14.962 19.1352 29.4344 14.8987 7.7382 
14.3137 24.8503 22.3018 32.6586 9.1535 32.8083 21.8972 27.1687 23.9262 4.0947 17.5169 30.2439 9.0841 15.9541 36.3855 
16.7933 23.591 19.1751 27.0014 6.6491 27.1241 21.8159 22.6801 24.0056 3.2377 20.6714 25.9954 4.5588 21.8305 33.9234 
23.4926 24.4964 9.5927 21.9946 7.9451 20.3102 6.6499 13.6283 28.4898 13.4526 22.7538 15.7657 14.204 24.3783 26.4709 
26.2968 23.8541 19.5362 33.4012 9.3195 28.5203 19.7669 20.368 27.8067 9.354 25.3855 21.0844 3.8625 28.6838 35.0935 
23.6259 13.353 16.3515 4.08 27.0541 8.5621 20.072 11.4581 20.4989 31.2112 20.4646 19.2511 32.1479 19.4828 4.6547 
20.7746 23.668 15.9643 32.5711 4.7582 27.0721 15.9231 22.3415 24.7926 5.9226 21.3375 24.0285 2.4739 21.631 30.0098 
29.8422 25.5613 11.1251 22.446 15.9401 11.84 2.8144 10.3264 28.6937 26.5599 28.4329 3.8368 23.2468 26.3721 20.3971 
20.8957 25.999 24.0152 36.8194 12.2229 28.5412 22.8235 29.5371 25.5192 9.4486 24.2189 31.5062 5.2485 22.7119 43.1516 
13.0121 15.0318 2.324 14.4298 7.7247 11.4671 9.482 6.4635 19.7599 13.0236 12.2827 13.2259 14.8918 14.8092 20.2588 
6.5867 2.9223 16.5193 9.9989 22.4875 20.6459 28.955 14.4177 6.1856 18.7363 4.2552 30.1269 25.2119 4.8238 22.3997 
22.0107 20.3264 8.9104 18.456 16.4505 6.1331 6.7456 8.1456 26.7924 26.0409 24.8045 5.73 21.8238 25.2227 15.884 
11.3525 11.9765 7.063 14.5603 7.4295 13.5277 15.1526 10.8358 15.2966 10.7868 11.7432 21.0711 17.2653 10.4775 23.3707 
14.5625 19.6544 12.2811 21.2725 3.6749 19.5698 18.8618 16.3877 20.3915 3.6479 16.2785 24.051 7.1958 17.5934 28.4319 
31.3533 33.0871 16.4775 24.4741 18.9678 17.9795 6.5106 15.7845 42.4049 29.144 32.1793 9.01 21.7697 30.9178 22.8275 
22.0811 19.6975 7.6015 20.0233 11.1061 14.6042 4.3937 11.4216 29.4675 18.1061 19.1068 10.9945 19.2632 22.8936 24.3975 
13.4592 17.1582 8.6954 22.4635 3.2804 16.7967 15.4877 12.8764 20.9198 8.9336 15.9437 20.2408 11.2805 13.5233 27.9676 
26.9398 20.6167 11.2408 19.9541 20.5321 8.1865 8.5715 9.883 34.6766 23.9448 22.1688 3.9545 30.8584 29.2604 12.2993 
27.1747 30.3137 24.277 35.0969 14.4997 30.8419 24.8488 24.3157 33.2509 10.1055 28.4242 33.9681 5.0414 24.9746 44.9086 
29.2651 22.2635 9.737 17.5993 18.3148 6.9359 7.6709 10.6994 34.8594 26.4115 24.1818 3.8937 25.2052 21.7451 13.9403 
23.6017 27.2865 21.952 34.1493 12.9901 34.7208 27.8217 25.6971 25.218 6.5676 23.061 29.322 4.7555 27.5091 35.0125 
24.2216 13.0269 14.1919 5.0674 27.5442 9.9532 20.5112 13.2948 25.2287 31.8635 20.9642 17.3497 33.4681 19.7971 4.5251 
21.0709 30.0678 21.2714 34.7003 8.2912 25.1991 23.3646 25.0678 26.4927 9.0584 25.3108 29.4641 1.364 24.2253 38.1172 
13.6734 14.1647 3.3614 14.4959 7.2343 11.9285 10.4779 8.1154 21.7018 13.5697 15.0338 16.8893 14.5589 15.9898 20.8622 
33.8226 30.9397 17.84 30.0601 21.6613 23.6383 11.1748 20.0437 39.7711 24.2461 38.7604 11.7159 24.1507 32.2233 28.4683 
26.676 27.9468 16.4352 36.1941 9.0 27.4493 17.2824 25.2105 35.8452 13.2037 23.6993 25.845 5.3329 26.2146 37.9929 
19.0353 20.9657 12.05 20.7945 3.7878 19.7542 13.6852 13.9817 27.8626 10.8363 17.1222 20.0353 8.3305 19.7214 26.7478 
25.4231 24.48 10.837 26.1697 13.6921 17.1055 3.6162 16.5068 35.1672 23.6221 30.9799 8.8051 19.8321 30.0652 23.4978 
12.8872 4.4681 19.1724 7.6741 24.4241 15.7629 27.7963 12.817 9.4034 26.3597 9.1539 29.1549 34.3531 9.7092 15.8625 
21.2796 22.3098 9.4263 26.6481 4.3814 18.5949 10.8673 15.8313 23.3876 12.0714 21.3608 16.9247 10.812 22.8515 31.2228 
4.7667 4.1837 17.3378 13.7411 17.0903 20.9553 27.8822 15.8674 4.8823 17.5545 1.2675 29.3876 23.6287 1.4563 24.2359 
15.0622 17.385 6.849 20.0478 3.3936 15.4179 13.7187 13.0105 24.0438 10.1856 16.507 16.8554 12.1439 16.8511 25.8381 
17.8614 16.0564 0.4273 13.5848 9.7772 9.1811 8.4971 5.981 24.8234 17.3169 15.2124 13.4716 16.4577 14.3983 20.5429 
30.5378 19.3942 10.5069 17.9862 19.0735 5.7233 9.9286 10.5293 32.5812 28.8544 28.0088 4.0054 24.8645 22.9285 13.1221 
13.4146 8.2371 5.6864 9.0626 14.4173 8.9868 16.4506 4.3958 15.75 21.2927 11.4665 17.8801 25.4621 13.1199 12.9144 
5.9254 10.5831 14.9847 19.9375 11.3761 25.2698 24.3565 17.5246 11.4793 9.5987 9.6044 30.9849 16.3167 8.0642 28.7149 
6.3311 12.1346 18.2895 26.3629 18.5898 25.7322 32.1423 22.6135 10.2909 13.5326 8.98 28.9798 17.7061 8.7052 29.1925 
27.6558 24.8186 15.361 16.7912 25.5504 5.3414 13.7178 9.3655 27.2643 33.9891 25.8824 8.3167 28.7005 26.8293 9.4081 
26.3993 28.7567 15.2097 27.6411 17.6289 20.503 4.9815 19.7207 34.2304 22.8039 29.5228 11.7944 17.7276 28.4521 30.0728 
21.2361 14.7207 6.0649 12.2806 14.768 3.7545 10.2845 2.7452 23.9207 21.4904 19.9597 11.4608 26.8395 20.4504 10.4519 
18.1466 24.1496 17.2697 29.063 8.9823 29.9693 22.4918 25.729 28.2055 6.0574 21.5318 32.2194 1.3814 20.3594 41.2456 
21.3067 13.7102 17.1472 5.4606 25.8236 12.2152 24.0737 15.0348 21.0166 29.677 17.9297 19.0821 31.42 19.1281 5.7679 
21.7616 19.5457 9.5608 23.2093 13.2175 10.9356 1.4176 10.5956 32.559 24.5276 24.0886 5.6976 22.8933 23.5544 22.2563 
9.8404 5.9774 7.374 12.0407 11.5922 12.7201 15.6916 8.6572 14.2248 16.0419 8.083 18.3887 23.8357 7.5354 19.1962 
6.6268 6.4888 22.5469 14.961 23.7567 25.1939 32.7972 21.5009 2.4256 21.2732 4.6513 30.0688 24.9283 4.9827 23.8042 
2.106 4.8226 14.7158 16.1223 16.4959 20.4695 25.3075 14.1249 5.3292 16.4114 1.1644 27.7136 23.4143 0.8216 26.7887 
8.2398 11.3013 11.9501 18.9541 8.076 20.2706 21.0333 11.937 16.7609 9.1493 10.552 25.8419 13.7949 10.8105 28.1945 
7.5589 12.6882 19.0477 20.6704 14.1678 27.8709 28.4623 22.5518 11.7814 9.8027 10.2102 35.8281 16.5668 10.8556 34.0103 
30.719 33.7819 20.9306 31.2756 18.9459 17.808 7.7281 20.8275 44.0842 32.8052 34.453 8.341 24.8408 37.36 30.515 
23.9275 25.276 24.6015 29.7491 12.334 31.4176 21.7151 29.0891 32.1839 8.3265 25.007 32.2172 3.0222 23.9374 42.4324 
14.4086 23.6028 20.896 27.0817 10.3075 31.0351 23.9715 24.1505 22.0809 2.9004 17.1176 33.4157 8.9084 17.4245 33.1002 
5.7691 4.3042 11.2911 12.1255 14.1665 14.8758 19.7319 11.3028 10.5861 13.9602 4.5585 24.1866 20.1858 5.6449 19.5319 
26.2115 28.6932 13.8195 31.4865 12.3852 25.3164 10.9291 20.4431 32.0767 14.2531 25.3056 18.4615 10.2079 28.0618 32.6814 
21.6657 12.979 8.186 7.4826 17.2618 3.655 17.1711 4.4697 21.2482 22.559 17.7584 13.7403 28.3334 19.4098 9.8742 
23.0243 14.1874 12.8791 6.0854 23.8781 7.4653 21.7587 8.5729 22.0233 25.5549 17.881 18.0708 32.0195 16.7425 5.5197 
28.5129 18.8794 11.7501 16.0589 23.4708 4.795 12.8702 8.9414 33.2952 25.455 23.5774 8.7837 33.5262 24.3754 9.5814 
12.6598 20.1117 21.0382 27.4592 10.9996 23.6656 23.4778 21.3156 17.5565 5.0783 14.8661 30.7936 10.2033 12.7381 35.054 
3.5457 4.4553 14.9448 13.3986 18.8167 20.0038 27.8006 14.4972 4.9138 15.8226 0.6017 27.2706 21.9356 0.475 20.7818 
24.2407 17.082 11.7141 11.522 24.1688 2.2655 11.8661 7.8179 26.5104 29.9839 22.5987 9.2263 28.8848 22.7771 10.0326 
7.6492 1.7386 13.9511 10.3107 19.3843 16.2691 22.2388 15.2938 8.1576 23.1982 3.9414 30.5074 25.8742 4.0773 19.791 
27.6979 27.4303 14.8788 22.5093 17.4057 13.6325 4.1509 13.7056 40.1671 28.2906 26.0115 4.915 26.9093 33.5379 25.6778 
23.1038 24.1658 20.2971 34.2568 11.055 26.2831 23.1861 23.5313 29.6172 7.3605 23.4059 29.4968 2.1267 27.3189 38.7129 
19.8537 13.3941 9.1811 6.6538 19.1676 4.8345 16.2462 5.646 20.4882 27.0196 17.5801 14.8609 28.7836 15.537 7.7636 
23.5121 18.2609 14.0049 8.1159 24.2617 4.7922 19.0925 8.0512 27.2574 25.7756 19.6746 12.5817 28.0009 23.5579 3.8987 
28.7921 18.0465 13.0807 15.2339 20.8608 3.4506 14.0016 9.2139 26.1569 28.2789 24.9623 7.3494 29.5763 25.5056 9.5748 
29.095 24.4084 11.8237 16.8697 22.8401 7.4434 8.3733 9.4051 29.3133 27.5084 22.1864 3.9519 30.6518 28.8948 14.9502 
20.759 22.3048 9.2212 21.7282 7.6469 13.6148 7.0187 13.2678 25.097 16.0869 24.715 11.2358 14.8384 25.4051 24.1041 
6.9951 13.3487 14.7491 23.6533 11.5652 27.593 25.483 20.3409 12.7818 6.9909 8.7153 28.9792 15.7809 9.9449 32.149 
8.2902 6.3529 7.4571 13.7891 10.0412 15.2239 18.0367 9.692 12.1235 13.3838 7.224 22.8645 18.0368 7.2592 19.8336 
23.0469 14.5656 10.7504 9.5098 20.1022 3.2948 17.9962 6.5063 25.7516 25.0643 20.3171 14.8448 26.0739 17.9797 5.9875 
25.5893 29.6527 24.8891 31.192 13.1886 32.6774 28.1004 28.4436 32.4818 10.5877 23.1955 31.546 4.4238 25.176 46.0701 
29.9051 24.0694 11.5576 21.4695 17.295 11.7002 2.9629 9.8798 33.3763 24.4145 24.8035 3.6746 22.1021 22.743 18.9677 
8.5476 13.3912 20.449 27.2056 12.4757 24.8112 26.4599 20.0598 13.6581 8.7123 10.5693 33.0397 13.1081 11.0773 32.9229 
9.4071 7.8878 6.316 13.2768 9.6216 12.841 14.6402 6.8985 14.0629 13.5891 8.1027 20.2443 15.7085 10.4834 22.2295 
22.9905 19.5721 7.7223 14.4901 19.4836 6.1322 8.1336 7.0022 28.2473 22.92 24.3301 5.6881 26.1801 20.9161 15.0092 
28.2423 20.5472 17.8339 12.8685 26.4118 7.7475 21.1955 13.625 28.6053 35.8889 22.3626 17.1492 33.1707 22.2286 2.5639 
12.8914 12.1661 5.6777 20.4156 5.9115 15.1214 13.5465 10.6051 21.6755 10.1251 11.9951 19.072 15.0121 14.5676 22.3542 
19.6454 24.0823 19.6576 25.6046 7.1894 26.4869 19.1589 21.9907 22.9165 2.6757 20.3235 24.1515 4.1755 20.5177 37.3792 
5.3606 4.773 16.1148 14.7241 22.3077 24.3803 28.0845 14.989 3.6692 19.0196 2.9267 30.4066 28.7741 2.5218 23.3672 
13.5052 12.0594 4.6823 8.7681 14.8214 6.6318 14.9467 1.8932 22.0602 20.5014 14.8574 13.9613 23.5921 15.1614 14.6546 
5.8589 7.7037 18.8563 17.5076 22.4106 21.671 27.7534 20.3776 1.5656 22.0236 4.845 32.8603 26.5555 4.6188 27.5383 
13.1841 10.212 3.9503 9.3177 13.3164 8.7054 12.9849 3.7911 16.4127 19.4082 11.5856 16.8855 20.1964 10.4226 16.5505 
24.5037 20.5725 11.4157 19.6858 18.2447 9.0862 4.7097 12.9768 32.062 23.5585 28.8836 1.7872 25.7891 24.342 19.826 
EOF