I 150
J 15
bounds (0, 100)
cv 0.5
D 50
k 5
t 3
FLR 0.8
FCR 4
λbounds (80, 120)

λ 
88.5318 104.3977 99.1492 
118.6763 117.8268 87.943 
82.5112 105.72 91.2471 
86.8832 83.6287 104.7249 
106.891 96.2989 109.2209 
84.7798 113.3938 100.6308 
86.628 119.9112 99.7539 
83.028 89.4708 81.2817 
117.5216 97.431 99.3115 
86.0141 83.1036 97.2293 
90.5995 86.8956 113.901 
119.8546 108.7877 96.0791 
113.3074 99.2881 106.3872 
100.4279 112.5255 91.2439 
96.8543 108.7123 98.1488 
83.0095 101.7905 87.3441 
96.4495 85.1423 97.9204 
99.5106 115.6943 109.1711 
101.611 86.3616 116.9861 
80.7548 116.7031 85.169 
91.6948 106.0691 81.9193 
111.1053 94.9632 93.0055 
88.1496 102.1786 99.8919 
103.1535 80.3529 98.8454 
113.6584 83.0569 94.0024 
110.9083 94.1875 89.1396 
112.9669 86.4243 107.1183 
80.1359 101.6752 118.1703 
80.7117 99.6448 116.9445 
111.0457 98.8742 100.6863 
93.7191 105.3157 95.1364 
107.119 107.9505 103.4917 
86.5345 91.7514 111.4686 
92.4854 99.6231 82.829 
110.6345 92.4041 108.6839 
111.461 102.7057 96.8227 
80.3667 103.0208 81.383 
92.4425 109.5379 93.7518 
86.6066 113.4691 113.7773 
96.465 105.6331 119.1595 
97.6904 80.6259 95.153 
92.79 101.162 109.2689 
89.3123 105.7204 100.4298 
81.2242 108.7121 94.5737 
99.3765 95.5795 98.7835 
89.1927 115.7902 81.6868 
110.3085 110.6044 108.9084 
80.8078 117.4159 96.7959 
81.5845 96.4878 115.0414 
101.0796 98.2527 99.81 
118.1777 80.1693 102.3766 
86.2342 114.6988 97.1328 
100.5857 86.067 87.8761 
102.8607 89.2155 101.2919 
81.0931 85.3554 100.3327 
84.9011 88.8475 95.4312 
106.9492 119.3515 96.4701 
96.2523 112.105 111.9891 
94.6775 91.0295 81.1416 
94.6273 90.1151 108.6674 
88.1417 108.4614 84.3694 
116.5663 97.2742 82.156 
91.2915 92.798 100.742 
85.3911 114.8069 88.463 
109.8153 83.368 86.854 
95.2804 84.3121 92.533 
85.7735 95.4551 116.1044 
99.1643 92.2093 83.7004 
110.3454 94.6101 102.7897 
107.84 100.8587 102.5326 
104.5183 86.6494 117.4559 
96.217 93.4737 106.9923 
102.6658 116.1856 104.1225 
99.8939 99.3225 106.1921 
110.294 92.7018 86.6459 
106.5428 118.5942 104.3831 
105.2822 116.526 114.1639 
85.9858 87.9451 115.2742 
102.6312 95.0558 109.6458 
82.7563 118.359 101.281 
99.2831 108.6412 93.3437 
109.8987 80.2021 102.9224 
119.4674 96.0854 86.5915 
110.8935 88.3211 96.5561 
88.7482 88.03 82.2548 
99.1206 108.9013 86.4632 
110.751 105.4749 100.0171 
97.1815 98.6112 90.3167 
116.1823 107.4073 115.9065 
84.7985 112.3539 80.395 
107.8927 99.0227 103.7711 
112.8795 106.945 88.2016 
82.9246 106.1262 86.4136 
95.6743 111.4074 102.1956 
93.0192 102.2174 94.6996 
88.3803 82.4365 92.0039 
112.9479 103.6305 106.6261 
110.1501 113.1416 112.7529 
88.5034 89.2428 83.8729 
109.3112 80.4282 115.1983 
93.8134 114.7427 101.7256 
92.4987 88.611 94.8699 
114.5432 111.781 92.4931 
112.7285 83.5699 89.4437 
104.8172 108.5485 92.8128 
101.6176 119.0983 97.4782 
84.3155 104.563 93.67 
105.0995 102.9774 95.2078 
115.7424 93.0894 92.6449 
116.0445 102.0876 101.5074 
88.5882 90.3511 99.1649 
90.8032 97.7397 100.5444 
117.8903 99.5668 82.4822 
105.724 94.6818 113.8371 
100.921 94.6384 87.7852 
103.6357 110.7416 106.856 
111.903 80.4989 108.2118 
80.6068 109.0142 83.2806 
91.8409 99.8194 91.8822 
108.5316 89.4286 82.8931 
89.0349 116.5237 117.8263 
83.8734 99.8655 88.4334 
100.4751 91.4203 96.6304 
117.9742 107.7033 92.8104 
104.939 88.0942 111.9767 
109.3636 89.0148 92.3405 
84.2264 109.2099 112.4538 
86.5212 111.3024 97.4339 
86.8157 101.7502 91.212 
114.3009 99.0044 111.3738 
111.2678 85.789 89.9658 
110.3418 99.5908 98.3465 
108.3152 118.9271 85.5559 
80.7252 92.7467 95.7552 
86.077 117.2336 119.9515 
106.3634 81.0929 118.4002 
92.4348 88.9641 84.7603 
91.6372 90.3093 91.4325 
88.6315 118.2678 114.6698 
107.1601 88.6784 103.7436 
100.1821 88.9855 112.636 
110.5413 84.0675 85.1176 
111.1911 109.6039 88.8162 
89.1132 96.7081 88.281 
97.1558 101.0844 86.3187 
94.0319 111.3506 85.7973 
116.0868 115.3522 83.0417 
87.9359 81.7815 114.7763 
94.2639 91.6147 80.3896 
94.8785 101.7574 114.2235 

Icoords
39.9286 6.3653
62.6564 27.798
2.2444 69.2729
28.5817 62.7966
64.2489 79.4328
32.7672 32.4132
72.721 43.7991
76.8131 20.9227
23.066 24.7109
25.0598 0.3118
0.7941 93.4499
78.8349 68.0153
53.7679 87.3637
46.4488 43.9554
7.5207 37.9375
41.7615 75.4789
38.0235 70.9881
5.2098 59.3424
11.5943 79.3313
20.5631 82.5428
91.7418 51.4266
31.3016 35.1752
53.1275 45.6201
28.9364 2.425
35.2568 32.0221
31.8409 46.7539
90.5848 18.2343
73.4606 17.8874
59.1647 35.854
4.6008 23.2118
20.1168 84.4436
98.9954 43.3092
21.4036 21.6962
23.8413 36.6386
76.9302 71.4059
35.4396 69.0653
22.8911 8.7157
88.5982 85.9706
84.3089 22.4229
0.4909 69.2332
60.8774 62.2242
66.3675 5.1077
15.5666 73.2537
53.6641 87.2763
12.0123 13.1465
89.619 10.0166
95.0454 43.5032
0.3041 80.8555
9.9615 29.8079
70.2157 21.113
96.0446 6.2117
51.0929 93.355
78.5813 23.5233
39.3557 52.7825
14.6586 41.1515
3.9128 16.5844
10.8372 31.0929
20.1073 44.23
58.2674 48.8431
12.3519 80.4173
95.4895 25.5542
44.1213 84.2427
96.5537 40.796
81.5719 40.2515
69.8498 23.2765
72.4194 8.946
4.9424 85.5283
88.4466 78.0576
53.5088 21.5793
70.5698 33.2498
12.7512 45.0677
25.2725 45.4468
16.283 74.0453
3.2398 34.1236
49.4936 12.3844
20.6249 48.8869
38.9119 81.477
17.0792 56.4301
35.1299 42.064
81.2418 32.1796
22.2321 22.3208
5.6377 54.3615
51.9333 50.2828
24.3094 79.6139
50.1398 79.6428
26.509 2.0466
41.7281 82.7678
80.9841 82.3456
25.0839 28.5562
40.0968 65.6774
50.1988 32.6724
13.8462 81.5204
41.1565 61.8795
44.3035 88.4143
47.2108 17.1968
67.3093 97.7418
52.5154 93.4995
54.4002 41.9547
94.0335 4.7446
90.6985 81.6021
44.3444 23.0274
54.1249 7.4872
14.7211 69.9504
17.3007 12.0987
60.2932 19.2706
1.5562 41.4664
63.114 15.399
67.6705 57.5892
79.5087 36.4391
99.0117 57.2955
87.9273 85.3354
72.1849 12.2116
87.5025 2.5117
35.7134 50.5818
16.0495 21.0449
40.6027 14.3645
37.452 95.9903
43.0776 18.8926
6.4298 74.815
36.9915 44.9452
38.5637 80.7958
82.1413 66.2065
15.0419 9.2718
26.6312 35.9173
33.1299 70.428
51.5504 45.0588
94.1581 42.4846
35.6214 20.396
41.1132 84.2282
22.3836 33.2074
11.8626 6.4466
53.2076 48.6271
1.8394 3.5777
27.2318 74.5004
2.676 1.1541
84.4719 18.5483
25.0081 64.5822
79.9893 92.1739
75.6555 49.8514
94.0821 62.5563
64.813 85.8022
54.9281 68.1434
13.4138 47.9451
15.6841 23.93
76.8498 90.0887
68.1419 13.7722
88.1145 42.8572
75.1872 7.6332
91.346 12.2032
51.9381 15.2235

Jcoords
39.5697 38.6971
87.218 55.3366
5.6917 47.4612
39.2021 67.4261
77.1317 6.7725
19.4033 13.8473
87.36 73.4259
75.789 65.6485
41.52 72.3823
86.727 73.6282
18.0183 55.7864
14.338 57.625
26.0805 70.4472
78.1527 93.517
65.2822 71.4594

C
10.1108 25.3927 20.6413 20.2248 13.6246 7.1722 25.1593 26.2592 21.3825 28.2206 18.0345 22.3842 21.904 32.8607 27.88 
9.967 11.893 18.1934 15.2191 8.2425 15.193 20.6974 12.1594 18.8481 16.1461 19.5416 22.5031 21.2267 21.7284 17.3693 
16.0141 32.6611 8.632 14.6313 38.9484 22.9763 33.1494 28.8129 15.4206 28.5338 8.1063 5.0574 7.6607 27.7865 25.142 
10.1178 23.4781 9.5634 4.5045 27.941 16.2953 23.594 18.0235 6.114 21.6591 4.474 5.3886 2.5001 22.6508 14.5255 
18.9228 12.5369 21.4962 9.1244 29.4805 24.0103 8.797 6.9536 7.9697 8.6942 16.8815 17.6909 14.9162 6.2124 2.974 
3.1533 21.239 10.6589 11.8546 18.3597 7.2447 24.5951 16.9888 12.9459 25.1024 9.7423 11.814 14.2614 23.9078 17.53 
12.8766 6.6311 23.6295 14.1769 11.9435 18.4442 11.8569 7.8039 13.5575 11.3097 22.3891 21.3952 18.4355 18.435 9.0025 
14.163 10.8756 29.0817 19.3902 4.5108 21.385 18.2131 17.6355 19.9304 17.8641 23.842 26.9979 27.5933 26.4288 19.7182 
7.1995 23.3949 9.0601 18.2143 17.4423 4.1237 24.3125 25.5987 16.087 28.9667 12.5774 10.774 18.1554 32.6562 22.7202 
12.6761 27.7434 16.4182 24.7534 20.936 5.6963 29.8065 24.89 25.3272 34.4794 22.1051 17.9004 24.3466 35.6446 30.5589 
25.5958 36.2612 15.7986 15.4678 38.4733 27.7456 30.2273 25.0904 17.0433 28.882 13.9527 13.0487 10.8533 23.8342 23.1453 
19.1946 5.7864 24.4188 12.5135 24.2615 29.2463 3.7097 1.4191 13.0892 3.7382 20.527 22.0222 17.9872 9.166 4.7278 
15.8727 16.9727 21.4675 8.4346 25.8693 27.3968 11.5616 11.576 6.8289 12.8758 14.8772 17.4831 9.9253 8.3722 7.8147 
3.2262 13.0709 14.7022 7.6247 14.5974 15.9297 16.7901 12.7711 9.9853 16.2341 11.714 12.2008 12.4411 18.9564 10.4569 
10.281 28.755 3.3409 14.772 25.9619 9.3155 28.1336 28.6166 14.7518 31.814 7.8128 8.1379 11.9042 27.9609 23.0872 
11.3747 16.2085 18.1276 2.8391 24.3884 22.3369 17.6782 13.7638 1.2349 14.1761 11.3332 11.8393 5.6569 13.4481 7.7622 
11.1273 16.5662 12.3356 1.1668 22.7892 22.663 15.4908 14.8788 1.3363 18.0175 9.1709 10.4647 4.6984 14.584 8.4542 
14.0018 25.067 3.6898 13.0607 29.9419 16.5992 31.0141 22.0092 12.1221 25.0596 4.0078 2.9444 7.7614 30.0136 20.0945 
19.4274 27.9036 10.0413 9.8404 34.8763 21.2353 23.1938 20.5902 10.6267 25.9727 9.1033 8.2856 5.8134 23.5532 17.863 
18.3315 27.6599 12.6123 8.0875 30.6839 26.0462 22.153 18.1515 7.3457 20.4158 9.5387 8.2547 4.7994 19.3231 18.1893 
16.4652 2.3236 26.187 19.2171 16.7966 30.0962 6.7339 7.1745 19.1716 7.6021 24.3713 26.386 23.7417 14.3039 10.1986 
3.4276 21.1072 8.6633 10.745 21.1411 7.3413 22.9587 18.7924 12.297 21.3775 8.5823 9.2856 11.1961 28.9199 18.0204 
5.456 12.0772 15.7226 9.0892 14.275 14.8871 15.3697 11.4805 10.3995 15.9047 13.8055 12.2626 11.4805 21.1406 9.5774 
12.6096 26.323 18.0019 22.9007 15.2238 4.6404 30.2417 27.3926 28.2117 28.5475 21.0079 20.5038 21.4322 35.4201 24.9735 
2.3937 19.8022 10.4697 10.9185 17.1731 8.5859 20.5709 19.96 13.9766 21.9597 9.2332 10.484 15.1939 29.1439 15.4399 
4.2101 19.4285 9.6892 7.4257 18.3898 10.6662 18.5889 14.7962 9.4048 24.121 6.1475 6.6036 9.2779 23.7525 13.6415 
20.2055 12.4095 29.1886 27.0095 6.6559 26.8364 20.0632 17.8858 23.843 18.1632 27.9275 28.4582 27.4192 26.4464 19.5835 
14.0348 12.7189 22.3449 21.677 4.475 20.2955 17.2327 15.3304 18.9939 22.5639 26.6415 28.0385 22.7786 27.5669 20.8154 
7.5696 11.8244 17.7068 13.2382 10.5765 17.6191 14.379 10.7951 13.7724 15.0242 15.3117 15.7624 17.3518 20.7989 14.3244 
11.8863 32.4611 9.5688 20.9417 22.5715 6.1358 30.2989 30.8552 20.3771 38.0552 10.5865 11.9631 18.0784 40.5874 29.4593 
16.4592 27.4795 14.1636 9.9367 36.5363 23.2344 25.4093 18.4269 8.7043 25.1575 10.0626 10.0025 5.5409 22.0631 15.3109 
20.0152 5.4928 32.1843 24.5838 13.8339 28.0919 10.1928 10.3431 23.207 10.4924 30.5691 31.8967 23.9473 16.9936 15.4864 
8.4768 27.8654 9.159 18.6226 20.8555 2.583 28.8182 24.8515 16.8886 25.1271 12.7063 14.6431 16.3429 34.2067 20.9054 
4.8095 22.2218 6.6965 12.4105 21.9004 7.5649 22.953 22.6692 12.29 25.5352 6.9968 8.1945 12.8043 29.0983 16.5307 
16.9375 6.1115 28.8069 13.2022 24.4962 28.3276 4.2176 2.1206 13.4043 3.9158 20.1858 25.4122 15.3644 6.7498 4.2259 
11.9986 16.8363 13.4376 1.4935 23.2668 21.8038 19.2782 13.9461 2.5468 16.3738 7.8705 7.7315 3.0747 14.7946 11.6431 
11.7849 25.2714 15.3881 20.0108 20.109 2.1437 27.942 28.1948 22.5941 36.0526 18.4083 19.6074 24.2372 30.3857 23.9205 
25.1928 11.0241 28.4022 20.6037 26.0238 35.5017 3.7893 9.3974 18.0467 3.8773 26.1226 24.5692 25.3928 4.8465 9.7795 
18.6953 11.2739 25.3217 24.5822 6.0744 22.9799 15.875 14.8252 25.1275 18.3212 24.5645 30.2499 23.3679 26.0893 18.0518 
16.8075 30.1444 7.2235 13.742 33.9419 21.6429 27.4304 30.1534 12.847 32.3719 8.7327 5.9935 8.0929 32.1248 25.8021 
11.8778 8.6116 20.1713 8.6132 17.5146 22.7996 11.0014 5.0229 6.7397 9.3406 13.5307 16.6534 11.7349 11.9816 3.2497 
16.8311 16.571 25.9281 21.9038 3.7284 17.3455 24.2071 23.5459 22.5907 22.5666 25.4955 28.1956 25.7918 31.761 22.4697 
13.3504 28.7675 9.4344 7.9554 32.9183 18.9842 22.1986 22.9509 7.9514 26.166 6.1805 5.3458 3.4561 25.3337 17.382 
15.8778 18.4327 24.8809 9.1239 26.6238 27.6793 13.4395 9.9688 6.1092 12.2223 15.2867 16.524 12.1655 10.0984 6.8767 
14.2653 29.0946 12.767 18.7105 25.23 2.3987 31.3505 32.5637 24.1485 29.8089 15.489 17.1298 19.1404 37.4607 26.2219 
20.2415 13.8193 32.8272 23.0284 4.5427 24.2815 24.4598 19.3186 26.148 22.7201 28.7146 31.0237 32.5318 30.0557 26.296 
19.4391 4.4139 32.333 18.2438 13.5226 25.1543 9.7903 10.0629 18.8661 10.8321 27.0895 26.2188 25.5813 15.8686 12.9892 
19.7263 36.1969 10.9732 14.6168 39.7667 24.5751 29.759 24.6712 15.2154 29.7032 11.0813 10.2048 10.5551 30.3734 20.786 
10.1923 27.0376 6.691 14.7226 23.8311 6.6611 29.6113 22.9728 16.5611 33.5006 8.1734 8.5154 15.5903 33.4371 26.2656 
13.8715 13.4896 21.4386 22.011 5.5644 15.4655 19.4714 15.4981 18.5661 21.9813 19.7643 20.1249 21.3876 24.5172 18.8084 
23.1809 16.1714 37.7728 28.4106 7.5098 29.9688 23.1716 19.0327 30.9696 22.7788 32.2349 35.815 34.9146 30.5859 25.7092 
16.8249 17.8574 21.1164 11.0137 33.254 26.9096 16.3376 14.3154 8.0482 14.9235 17.6788 19.0071 10.5958 8.9651 9.8834 
15.111 11.0531 23.9826 20.0755 6.3336 23.26 19.1528 12.6822 18.4956 18.5588 21.8694 27.4932 21.9904 22.1814 16.3667 
4.8502 16.4066 10.7154 4.7404 23.2528 15.7718 16.1363 13.0559 7.4735 15.8991 8.1386 8.7429 8.5758 20.077 10.765 
7.9976 24.8193 3.9976 12.7352 23.5958 8.5967 24.388 23.807 15.5011 29.0264 5.335 5.9942 10.3418 27.3079 19.9724 
13.3507 30.8709 11.9939 23.3259 28.3969 5.9933 37.0853 27.8134 21.7139 38.2629 13.2737 16.7471 19.9435 40.6694 28.8468 
9.6982 29.8106 5.1886 16.8382 22.3284 6.8204 33.3629 26.6698 19.0746 33.8506 8.4119 8.4354 15.9486 30.571 23.4237 
6.8369 21.5634 5.1086 11.3568 23.5381 10.5791 23.344 23.0403 10.6465 22.5007 4.3945 5.0346 8.1931 25.8065 17.9181 
6.9669 11.5327 17.0089 10.2953 17.0501 20.8043 14.4696 9.3107 10.2296 14.6277 15.3613 16.9025 13.9942 14.8704 8.4937 
15.6614 30.9742 10.6213 10.3264 34.7307 25.813 26.6303 25.6366 10.8039 28.7161 8.1636 8.2592 6.629 21.4896 19.1219 
17.5949 11.5911 33.4602 26.7987 9.7857 30.069 16.2132 17.0025 27.0379 18.3199 31.9339 34.5894 32.9242 21.3013 20.173 
15.137 19.8854 19.4747 6.9016 31.4777 29.7316 15.9476 12.5813 4.4987 15.9913 13.2566 12.9539 8.3531 13.3965 8.2845 
18.3955 5.8526 29.5639 19.7476 13.7902 24.7453 11.516 11.3025 22.5198 12.0635 25.4571 30.5806 27.6698 18.7511 16.6208 
13.059 5.0786 25.6792 18.1812 13.0732 22.1813 12.4431 9.9604 19.1577 10.3918 25.8035 25.2353 19.5969 19.61 11.9516 
11.0743 12.9478 25.6365 19.6221 6.5734 18.9987 18.9473 16.1903 19.5757 18.13 23.9349 21.2941 19.781 23.5246 17.6559 
15.2725 18.4452 28.0908 22.2078 2.0607 18.7253 25.6943 19.0572 24.4425 21.1191 28.0188 29.6691 25.6425 30.7104 19.568 
22.3011 29.4208 12.8045 11.7368 36.8582 28.4969 32.5958 25.445 15.3063 32.7443 12.921 9.4393 9.9166 28.4417 19.8452 
20.659 8.8036 33.5803 16.1868 21.6821 31.2654 1.8407 6.1526 17.4515 1.7951 27.7144 27.2825 20.7586 6.7829 7.6232 
7.3003 18.5099 18.9814 15.2775 10.112 13.6037 19.8822 18.5772 19.3186 21.9259 19.6872 16.3688 16.9294 26.2116 16.9486 
10.3427 8.8203 20.9942 17.8552 9.3537 16.6135 16.6118 10.5931 18.7294 16.0873 18.8923 22.9338 22.7614 18.5568 12.089 
10.2596 24.1752 2.8177 13.1334 23.1694 10.6808 26.954 19.96 15.7332 24.6457 4.7186 4.7313 9.2651 25.6141 23.2154 
6.0064 24.4835 7.8638 7.9262 20.805 9.8059 26.6069 16.9801 12.2114 24.2307 3.9458 5.167 7.8267 26.999 16.9892 
13.8967 28.8454 9.7696 7.9726 34.3789 22.8517 23.8828 19.9397 8.6118 22.5777 6.4561 6.0337 4.1624 20.0876 15.8095 
14.1487 26.2013 4.1497 16.2971 25.5757 8.8656 29.9159 29.5606 19.3592 28.5952 10.4134 8.4 15.8545 33.0779 25.3363 
8.8556 17.6645 19.2646 19.2289 10.0766 11.5683 26.6786 19.9529 23.0844 27.2504 17.151 20.4999 22.0247 27.9218 20.2279 
7.1805 20.5264 4.8364 9.5165 27.5837 13.2811 25.1209 22.3295 10.3037 22.4587 2.3705 4.2951 7.0945 27.7115 19.6349 
13.5329 21.7779 15.0199 4.2555 32.1138 23.3193 19.478 13.3996 3.3124 17.1725 10.4707 12.743 5.9458 13.7957 10.0339 
10.1588 21.9491 5.0444 9.4571 26.3384 16.3932 25.5676 22.9218 9.3337 28.0215 0.3581 0.9467 5.5806 28.5237 20.1967 
1.8282 16.2601 10.2626 9.1291 20.1556 12.4271 19.0017 15.7511 10.1877 18.7265 7.734 8.6584 9.0445 20.8722 15.3954 
12.8561 8.2987 26.8701 17.9832 8.3003 20.9943 13.6143 12.8282 21.1427 14.2781 26.1445 26.2696 22.9603 20.789 16.8278 
7.3693 27.4073 11.7606 16.8768 18.7895 2.9497 32.7084 26.9492 17.4197 27.0565 11.5592 14.0001 18.6747 33.2252 22.4341 
12.9498 27.0132 2.1012 12.5341 31.4079 14.4327 25.5694 23.4619 12.8049 31.3884 4.8541 3.4428 9.4634 25.0365 19.371 
6.0048 10.8895 17.0486 7.7941 17.5076 18.253 13.7485 8.7171 7.6441 12.7753 11.6785 14.6212 10.5016 15.5179 7.7001 
14.2888 21.362 13.2528 7.1261 35.3884 20.8004 20.818 17.7836 7.1051 23.1942 8.4184 7.7189 3.7289 20.948 14.7805 
13.5956 16.8074 17.9277 6.259 27.0582 23.4493 12.6905 11.065 4.197 12.5399 13.0838 16.4801 9.8957 10.1628 5.7299 
12.7346 26.5443 16.0516 22.7107 19.6965 4.8557 31.4501 25.8355 27.6244 34.0961 20.4405 21.5065 22.8052 39.8951 26.4204 
14.8034 18.4753 20.0588 6.1758 31.2965 23.458 15.4687 14.5584 3.9878 15.3824 10.8367 12.4442 7.1319 11.5072 9.7066 
21.6248 8.3213 28.5123 13.4118 24.6007 32.699 4.0611 6.5312 13.1387 3.7069 21.0003 22.8461 18.2523 3.8008 7.5681 
6.2721 20.7039 8.4226 13.2996 18.1398 6.2156 26.412 22.315 14.6505 23.1304 9.4664 10.3666 12.7133 32.3869 22.6 
8.3385 15.2446 12.5199 0.6076 25.508 18.5172 18.9421 12.9456 2.2811 17.2609 7.7296 9.7022 4.8977 16.8238 8.5662 
4.7772 13.9203 14.1262 12.0437 13.0668 11.9795 18.636 15.1393 15.9703 20.6948 14.2517 16.632 16.8783 23.2079 15.0028 
18.6933 27.1963 12.1736 10.6495 39.1076 24.8517 22.964 25.4752 11.0541 26.4565 10.0708 8.6042 6.0791 23.8572 18.2599 
7.4264 14.1991 13.1581 1.9866 21.8227 20.8699 17.7925 12.3741 3.7833 15.0217 8.2333 9.1047 6.527 19.4035 8.522 
18.2888 17.1543 19.1032 7.3891 28.4487 26.8705 16.6315 15.3978 5.9181 13.6397 16.2273 17.1556 9.548 10.9644 10.6896 
8.3787 17.6766 19.154 17.3344 12.6232 8.5706 20.7828 18.2031 16.7821 20.9706 18.6583 19.8056 18.516 29.5074 21.7447 
24.6723 15.1547 27.8908 13.9359 28.8402 32.7601 12.4333 10.141 14.341 11.9412 20.6421 22.2201 15.2587 4.2849 10.4678 
20.2831 18.5746 21.3545 9.0374 27.722 27.4567 12.4419 14.431 7.6329 15.3587 15.7268 16.6698 10.7784 8.5116 9.6432 
5.2613 11.5149 18.8869 10.9182 15.7243 16.617 16.4423 9.6015 12.3443 16.0211 12.354 14.6046 14.9843 20.3351 11.5035 
21.1987 15.621 34.9235 29.7974 5.3742 28.5997 24.5657 25.2786 27.3503 27.3547 27.6425 30.6538 32.2037 35.8021 25.1574 
24.776 8.8573 36.5144 18.8224 28.5338 32.3687 2.8464 8.1252 18.5581 3.4421 23.1927 26.292 22.5246 6.3603 10.0404 
5.5401 18.1507 14.7701 17.1452 14.3052 8.3638 25.6425 21.1702 18.8646 21.5838 15.0665 14.3757 20.3008 24.329 16.7948 
12.6109 18.332 19.1788 23.0767 8.5074 13.5796 22.7578 21.971 23.541 24.7249 19.8579 22.671 21.0768 32.6741 19.7671 
12.1939 27.2672 8.5014 9.0469 32.1478 20.729 25.3582 18.7637 10.36 26.3669 5.071 4.7686 4.0444 23.6838 15.9288 
10.9932 27.8352 12.5727 20.4755 18.5068 0.9153 36.9923 31.0221 24.9602 35.7156 15.9394 17.0857 20.6283 35.2407 27.852 
9.2885 15.7572 23.1111 16.0501 6.4713 13.7191 20.6995 18.5618 17.1418 23.6155 18.306 23.1709 20.2345 24.5664 18.0977 
13.6868 26.0766 2.8236 14.6744 27.5337 12.5155 28.6957 30.9869 17.4972 32.4197 8.049 6.185 13.6559 36.9692 22.1788 
10.9538 16.9005 19.7696 18.6951 5.4382 15.199 22.1117 18.6305 24.3385 22.6519 23.6701 22.4188 22.8495 30.3492 18.6484 
11.8988 7.674 21.7794 9.4185 17.9726 24.1796 9.8445 3.5474 10.2933 8.2171 18.3685 20.0477 16.564 11.3849 4.9091 
14.065 7.1229 22.8907 18.7299 8.9732 23.2059 14.3681 11.2775 19.1096 12.0089 25.54 24.3342 20.4377 21.8841 11.3588 
18.8968 4.3577 31.7825 22.469 18.9067 32.0419 7.3107 7.7147 23.6802 7.4534 31.7954 28.1965 25.6708 16.4685 13.5868 
23.588 10.6466 27.1705 15.7398 27.0734 36.0454 4.644 8.1966 16.2948 4.0602 28.7196 30.4627 19.6502 5.0745 8.2171 
16.037 14.2719 28.4554 21.4107 2.7806 18.2765 24.9052 17.6635 22.7387 19.0922 23.7474 25.6446 25.0238 28.5253 19.7437 
19.6629 20.6865 33.4178 28.8291 3.7179 24.3353 27.8126 20.6641 29.4677 25.3403 34.3837 33.6721 29.7103 31.1687 22.0579 
4.1857 18.2533 11.4787 6.1256 19.7325 13.8383 19.7204 13.007 8.8189 20.1297 6.1439 8.3834 7.5086 20.079 12.1946 
9.9191 30.3594 10.3226 18.5635 25.0534 2.8062 34.552 27.1003 20.0867 33.3519 10.9298 12.7475 16.8018 37.222 25.2269 
8.2489 22.783 16.736 16.3115 14.9052 7.7401 22.5988 18.6769 22.6878 23.2352 17.3335 15.5624 18.8512 30.3035 21.907 
20.4676 25.4278 18.078 11.2296 30.914 28.4266 17.4065 16.1097 7.2515 17.9759 17.4108 13.6386 11.0414 15.8088 14.0788 
6.8725 21.7917 15.3342 17.1966 13.6237 7.6442 21.2641 21.9007 19.837 25.9453 13.6163 18.0333 19.526 31.1685 22.7229 
18.6954 29.7759 8.5457 13.1558 34.9031 21.6793 31.0008 21.6253 12.6065 26.501 8.0853 7.4419 7.2026 28.9443 18.7573 
2.5245 20.1878 9.5772 7.2037 21.5202 11.4863 18.5278 13.7556 10.4114 19.8077 8.2929 8.6527 8.768 22.5126 12.6168 
13.3533 19.181 16.0018 4.8119 26.5846 23.8853 19.0391 15.8546 3.0561 16.4146 9.7811 10.6099 6.426 16.3877 10.9787 
18.6171 4.6872 29.6359 14.1499 18.2573 26.5006 3.3913 1.9902 15.634 3.4678 20.6391 21.5079 16.9394 10.9932 6.1752 
11.6723 33.8041 15.1293 20.9134 22.0225 2.3072 38.6015 30.2749 20.7715 36.1836 15.3719 19.0242 21.1604 38.3577 30.7872 
4.0416 19.7231 9.0431 12.4026 19.288 7.0228 28.2801 21.3999 13.7147 21.3128 6.8778 8.0304 10.7125 25.5333 17.3121 
12.0996 22.1864 12.792 2.3247 27.1925 17.9556 16.9293 13.8608 2.7722 17.7776 6.5754 7.2082 2.7563 16.0497 11.4746 
4.1821 14.0384 16.9726 9.019 16.7147 15.8345 15.5828 11.6972 11.5756 16.6811 12.3116 15.6715 13.5866 19.0992 11.1623 
21.1601 5.0552 29.5945 20.115 13.4832 31.7007 11.3602 10.8704 18.4878 10.0408 28.2738 29.2557 28.526 20.5376 14.4646 
6.1615 19.2613 15.5437 16.5506 16.6716 6.1881 25.9234 19.1327 19.463 27.2223 14.6881 15.1635 18.8779 26.0539 22.7767 
15.3528 21.1652 19.1043 5.7292 27.7618 23.2965 18.9776 12.1717 4.5752 17.2004 11.9182 14.7543 6.9868 11.5476 9.0314 
6.4589 23.7582 8.2728 14.8625 23.6314 6.4778 26.7534 24.2135 16.5371 23.267 7.8397 8.7822 13.8128 31.8468 22.134 
13.1423 35.1848 15.4457 20.5495 21.5652 3.2574 30.3283 31.2793 23.7862 31.8866 16.0106 16.0785 24.369 38.8378 30.5529 
6.6805 12.6808 18.6889 7.8275 14.5689 15.7968 14.7131 9.8012 10.5025 14.7486 14.2671 12.1647 12.2683 18.8114 7.8389 
19.3863 38.9585 17.0306 25.9215 22.9848 7.7965 38.923 35.3845 24.7176 39.225 20.0431 17.9513 27.5407 40.6464 29.3978 
13.5611 22.4247 10.6822 4.8388 28.0474 23.0681 21.4752 18.6916 5.0382 21.2064 7.8618 6.779 1.6538 18.3451 12.1768 
17.2806 35.9083 18.2001 26.6136 25.6333 6.984 43.7197 29.6869 30.1728 38.0669 17.4039 20.3837 24.2675 39.2788 31.5746 
18.1852 14.439 26.8455 21.9984 4.9247 20.3347 20.3493 18.0225 21.7282 19.3106 25.755 31.5923 31.0222 25.9936 20.8756 
10.8018 20.0441 9.7569 5.5429 29.5164 16.9413 25.1211 18.6153 6.145 23.1611 4.1884 4.4837 2.2072 23.2846 13.3358 
23.797 11.7425 30.4367 17.423 28.3691 33.8661 7.9149 8.8651 13.6578 7.8552 28.6163 26.1287 21.2728 0.8546 9.956 
12.4831 4.6788 23.5916 13.2212 15.9184 22.0066 10.5202 5.1959 13.0514 8.414 19.0397 19.995 20.3727 15.5572 8.9452 
21.648 3.9589 33.7698 18.1099 19.3272 34.5405 4.1395 5.9053 19.6619 4.8238 25.4294 31.7908 23.44 10.818 9.6372 
17.9033 11.5796 27.4462 11.2185 31.4017 30.886 10.1518 6.9351 10.6373 10.0149 20.3363 21.3251 14.2578 4.8865 5.7101 
11.8596 12.0259 18.9477 6.1631 23.0251 23.0861 12.4767 6.597 5.2016 9.9613 13.6582 13.6569 11.4253 11.6815 3.2671 
8.6252 27.9337 3.0608 10.604 26.7264 13.5745 25.4819 22.7455 14.3353 24.7882 2.7625 3.5094 7.8397 28.6438 21.8288 
9.5085 29.4374 7.7104 17.9888 24.709 4.231 28.1959 26.2075 20.6517 30.6053 10.7516 13.4348 15.3004 35.3012 26.5781 
24.0625 13.8862 26.6433 14.8614 25.07 31.1204 6.4244 9.5406 12.5629 5.8089 20.6687 25.1044 16.5976 1.3064 8.7495 
11.8563 16.752 27.9431 23.0311 4.4503 17.5654 23.258 16.5858 20.2324 20.0246 23.1331 24.294 22.966 24.2478 18.0032 
16.2247 4.8733 31.7492 21.3471 13.6204 26.6639 10.0112 8.9806 21.7557 12.2501 26.1022 24.9044 25.548 16.0569 13.6693 
14.1829 16.8451 30.1093 25.458 0.6411 19.5946 22.2808 22.6214 26.2724 25.9946 23.9936 30.4768 24.4934 29.2007 20.1457 
23.183 14.3597 36.773 28.2386 5.1736 28.2953 22.3813 18.2799 29.6109 23.2719 26.6143 28.8244 33.0132 32.1601 22.0228 
9.321 17.9065 17.4758 17.6301 8.7824 10.935 21.796 17.7273 19.3417 21.3391 16.9204 18.8943 22.4093 31.7217 19.68 
12.1672 24.7324 18.6676 19.4798 12.5531 8.6796 25.2578 24.0628 22.9674 25.0249 21.5214 22.6248 21.5237 36.9528 25.7145 
8.4709 13.3469 18.6152 16.7433 8.6356 15.7429 16.3753 14.7195 16.2331 17.2746 20.0526 17.1599 21.974 24.2874 15.4709 
18.2481 32.2908 8.7888 12.3445 31.0866 23.0343 26.6047 23.8942 13.0724 33.6095 6.8092 6.006 9.515 26.6948 19.0741 
9.3205 18.2706 9.6736 3.7607 23.8859 15.0104 20.4282 17.229 5.0465 20.8784 4.5425 5.2325 3.173 21.362 15.0044 
17.1939 12.993 20.6355 9.2188 27.8792 26.7911 8.9451 7.0992 9.0906 7.7772 20.5631 17.9034 12.3439 7.8075 3.0375 
3.5218 22.0484 11.4302 10.7332 18.1803 8.2718 23.8987 18.1739 12.995 24.8037 10.0159 12.4355 14.9758 23.3141 16.3512 
11.2197 6.1623 25.6568 15.7434 13.0509 23.5445 11.4604 7.3494 14.3361 12.4862 20.6419 22.1632 20.3317 16.2895 10.4118 
12.632 14.1904 22.819 23.4572 5.4237 18.5101 19.7018 17.1792 20.4358 18.5935 24.3273 28.976 22.6518 22.7186 18.0958 
8.5385 25.4422 11.3015 16.566 20.3361 4.251 25.7483 25.1115 15.719 26.3334 10.7829 11.0191 14.947 34.4455 18.9156 
15.4789 26.9381 16.7037 26.8179 18.3702 5.5775 38.3652 26.9827 26.6874 32.1226 22.3567 18.3727 23.3155 38.7768 31.1719 
21.5569 33.9187 14.1891 17.4906 43.6939 31.9883 30.7871 25.2184 15.5577 33.3532 13.7581 13.5044 11.5267 28.4834 22.8523 
17.1756 5.8123 27.0628 14.4042 22.7054 25.5392 4.0166 1.5021 13.8557 3.3315 18.7653 24.5178 17.8341 9.8931 5.3067 
18.8029 18.1212 24.5727 8.1408 33.1275 29.7339 11.4234 11.2296 6.5251 13.5186 15.8121 17.0534 10.9474 8.2515 7.3689 
2.6374 14.0741 14.8454 9.4498 15.8894 14.0842 19.5128 11.6546 9.9334 18.6355 11.6801 10.6338 12.9958 18.1798 12.6303 
9.8354 30.2967 3.5096 13.3264 23.712 10.5968 29.7412 26.8999 19.0399 33.6384 8.1193 8.0046 12.039 27.2688 26.5734 
11.6142 15.7063 13.8435 2.6101 24.1488 20.4159 15.9072 10.7638 1.2023 14.7477 10.2844 13.086 6.2564 13.3425 7.7049 
11.8708 16.0758 13.0634 1.4265 24.7366 21.2807 19.4129 12.6628 1.2768 18.9735 9.2839 9.6352 4.4772 17.1105 9.0349 
12.2421 31.9721 4.0215 12.1208 33.4875 16.785 29.3054 24.9145 14.4639 27.4182 5.3119 3.2026 8.0711 31.2379 18.973 
16.8374 25.69 12.1578 10.571 31.5324 23.7281 28.5211 22.1196 9.6006 23.6595 7.5535 6.916 6.3861 27.2009 16.5336 
18.384 23.6498 11.8121 7.9291 36.9247 23.1125 22.126 19.116 7.893 26.3375 8.8103 8.7581 4.7541 23.0576 16.4155 
17.7219 1.923 30.0633 17.0642 16.3502 28.0175 8.1448 7.0612 21.7021 8.9928 25.7597 23.9788 27.3033 16.051 12.5151 
3.0789 22.0166 9.0042 10.9708 16.5851 9.6419 23.4202 16.4413 14.3265 24.5885 7.6211 8.5259 12.9325 25.8521 16.8969 
5.4377 11.4001 17.2274 8.7373 17.8232 17.4957 15.6211 11.6015 11.6246 16.9763 14.5512 14.6583 14.3736 19.4168 10.791 
13.857 26.937 19.796 21.1371 16.1287 4.6984 32.2462 24.5912 21.6083 34.0956 21.3075 17.9972 26.3818 40.6488 27.9693 
3.0239 18.4923 11.4203 12.0228 17.0802 7.8406 25.9349 20.6499 13.9562 24.7261 10.5866 12.6165 13.7045 24.6377 15.093 
3.3929 16.8843 10.1915 7.4148 22.1294 10.7576 20.3505 14.801 9.6897 21.6154 5.7627 6.7705 8.9439 21.6859 14.1779 
18.5675 13.4527 27.8598 25.6295 7.0589 28.0631 21.6609 16.7931 28.0081 17.3359 32.4949 26.6903 25.7014 27.8122 20.1316 
12.3684 13.9038 26.6408 23.496 3.6697 16.5497 20.3929 15.9903 24.4514 21.7502 20.275 23.458 22.3328 27.5594 17.1899 
7.2766 11.5307 18.8067 13.4063 10.6415 15.5468 14.1723 10.5563 15.8453 15.3609 17.84 18.902 14.8005 19.3844 11.1452 
11.9437 33.7642 7.3817 20.6666 25.0629 6.5667 34.8002 29.3883 18.9014 29.1991 12.5136 12.1563 16.0599 34.4418 27.9709 
17.9903 25.8777 13.5522 9.883 30.707 23.3262 20.5033 20.7949 7.4931 25.252 11.4562 9.9696 4.6631 18.8323 16.7865 
20.9033 5.1224 35.8174 23.0493 13.5784 27.0735 11.0451 10.6974 21.8608 11.6208 28.3651 32.9013 25.5189 17.4231 14.1688 
7.8175 27.8876 9.1831 17.7982 20.6132 3.1387 28.8936 27.4038 20.9512 32.8881 12.1102 11.2707 17.0236 28.202 23.8578 
5.839 21.3826 7.4256 12.5447 18.7909 8.1686 27.6214 20.783 15.189 23.7624 6.2823 8.2176 13.0753 24.4819 20.049 
15.0109 6.3519 22.8095 15.0574 19.6422 26.7651 3.7894 2.1054 10.6484 3.8827 20.8867 22.0538 17.4038 6.8428 3.7845 
9.602 16.2577 11.5663 1.5538 24.9384 21.3093 16.152 12.9256 2.1825 18.0318 6.9264 7.3882 3.2034 17.5113 9.9426 
12.5877 29.7441 16.9142 22.4298 19.4523 2.032 29.6136 24.9386 26.3951 34.6051 18.0392 19.1655 19.8979 33.7056 26.1997 
23.5855 9.6932 32.9364 20.9361 25.9838 33.7026 4.9036 8.9074 17.0814 4.0509 27.4966 31.6673 20.13 4.2641 9.071 
17.9098 10.7948 26.5841 20.5489 5.8282 22.9864 15.8392 15.2262 21.9898 17.0191 24.8317 28.9653 24.8925 27.8304 20.7395 
18.4789 28.9411 6.89 11.7423 34.3571 18.8044 33.614 30.1383 15.0403 33.4167 8.5052 6.1796 9.7042 29.1386 22.5153 
9.6146 10.4821 20.4912 6.8321 18.2138 23.029 9.555 5.1545 7.4283 8.7699 15.6934 15.531 12.1961 11.4025 3.7162 
12.951 21.1665 25.0846 27.0024 4.2262 14.9617 21.9344 24.1279 22.4043 26.1335 25.3274 25.0907 25.976 30.1467 22.7949 
14.2803 28.5016 9.9702 8.6346 29.6745 20.3534 22.4211 23.3758 9.5796 24.7784 5.9512 4.9147 3.5443 24.3798 18.8396 
20.2178 14.1523 19.2763 8.0138 28.4267 32.0387 11.5961 11.1136 7.17 12.8912 14.4734 14.7805 12.5112 8.9309 7.1221 
11.5859 31.2245 13.3915 20.6713 25.7797 2.7848 36.1462 31.8863 22.9705 33.5097 14.2316 16.386 19.2171 32.0794 30.6053 
17.9399 14.0871 29.6382 27.0091 4.4498 23.8315 20.399 21.5371 27.4554 21.9941 32.9806 34.9251 32.6371 29.8534 23.8706 
20.0683 5.6212 35.5976 19.4284 15.9092 31.256 9.8521 9.79 19.6568 10.2977 25.7401 28.3244 26.729 20.7358 13.2669 
18.5164 34.811 11.9778 15.0283 38.8382 21.6905 26.5699 28.9833 15.3879 26.1995 9.4882 8.7012 9.154 30.0737 26.1893 
12.2759 30.7479 6.7818 16.8286 23.0002 6.216 31.6014 28.4068 20.1277 31.1847 9.6421 9.7065 13.5311 35.6114 27.1797 
13.2956 12.1942 21.808 18.4382 5.0932 15.6913 19.1686 14.358 18.0609 19.9665 24.2574 22.6279 26.2728 22.9002 17.9383 
22.9333 19.181 37.147 27.3497 6.8116 28.3128 25.2793 21.3121 32.5558 22.8945 30.7096 35.9888 33.6324 33.2595 24.1367 
21.1316 20.81 23.7438 9.7357 31.952 26.105 12.9402 11.7247 8.454 15.7869 18.4647 18.3971 11.9627 9.555 9.5468 
13.7338 13.1464 27.458 18.4064 6.11 22.1746 16.1482 12.7877 20.7278 16.0867 24.7034 22.0527 22.7227 21.9504 18.3516 
4.2331 16.4689 13.3022 5.3071 18.4368 15.3431 17.7405 12.5188 7.6628 15.5524 7.4814 9.1481 7.7781 21.5115 11.4456 
7.5896 24.4644 4.0623 12.1671 25.4711 10.4895 31.2128 24.8804 14.1458 26.7736 5.1398 6.1622 10.8984 25.8429 18.1315 
13.6025 30.4299 11.1836 21.5125 24.6663 5.8864 33.2283 30.8854 22.7569 34.2706 15.3818 13.4485 21.7957 42.3693 27.0027 
9.2405 31.5495 6.8031 14.2569 22.7803 7.2402 30.7481 28.1265 19.3164 32.3195 9.5485 10.3355 14.9146 31.4983 20.8482 
6.0721 23.6042 5.0259 11.8496 26.0488 9.9135 26.7166 19.2102 11.6722 26.7678 4.6834 4.3754 8.911 27.1923 18.0446 
7.8264 11.4734 17.7715 10.5483 15.252 20.0512 11.5749 8.1599 10.0244 13.6691 13.7847 16.7099 13.9128 14.7139 8.0888 
18.2566 29.782 10.3154 10.4159 36.2902 24.3403 24.8524 24.1776 10.8493 23.1745 9.6649 7.7078 6.6391 21.6439 18.7193 
21.0703 10.3826 36.7045 26.3357 10.1219 28.4678 16.0238 16.2743 27.6167 14.6794 31.6844 29.2404 25.7326 26.3162 20.7006 
14.3909 18.7541 21.0493 5.9467 33.204 26.5235 16.5092 11.4246 4.7841 16.9924 12.7739 13.0059 7.4969 11.5835 8.5465 
20.2373 5.5191 35.0303 19.071 14.5698 31.806 12.0923 11.8304 20.7812 11.097 24.0739 28.7595 23.2276 17.4612 16.2442 
16.6191 5.4651 25.077 16.0369 13.0867 25.4504 10.3586 8.4184 20.4414 10.5877 23.9651 25.3881 24.1202 16.5676 13.1168 
12.9262 14.0927 23.8332 18.0098 5.4749 18.8653 19.266 13.2124 18.2264 20.6153 21.3163 21.4638 24.62 22.8881 17.5882 
16.5135 18.8786 25.5868 21.0443 1.5719 18.6774 26.2569 20.4546 25.0917 24.862 27.3009 29.169 26.736 29.3457 24.2618 
19.6686 28.4568 14.2779 13.7749 34.1552 22.5957 25.7901 24.0027 14.0897 29.7194 12.19 8.8593 7.899 28.0955 21.1835 
23.4767 8.9765 27.4483 15.3555 26.4025 34.0846 1.56 6.6826 17.0828 1.8051 29.4725 29.1044 19.6717 6.0734 8.589 
7.8257 18.5004 16.9207 18.8891 9.0358 13.6492 21.2692 18.8784 17.8675 24.5007 17.1142 20.0951 20.6336 27.0937 17.0152 
12.0361 8.8203 25.3976 16.1017 10.6249 21.0952 14.2779 11.9517 16.3024 15.4219 21.2538 22.0881 20.8883 20.3426 11.9193 
8.7987 23.3257 2.4658 13.1611 24.4353 12.7046 27.3132 22.7385 14.6066 30.4265 4.4905 4.0478 9.354 26.4687 20.5111 
5.502 19.3961 7.6138 9.1882 21.0314 10.3555 26.7091 21.4741 9.7798 20.7895 4.7162 5.6711 7.7492 26.2129 14.6985 
15.7126 22.0962 8.9311 7.5694 32.0295 18.6261 24.5651 19.6632 7.6988 21.2956 5.5922 6.414 3.412 24.9652 19.1118 
13.4163 33.1826 5.3336 19.1202 24.4963 8.9097 33.6298 28.2159 17.4379 35.6702 7.9589 10.1075 17.0431 30.1716 23.1567 
10.0508 20.4771 20.5721 19.0665 10.1669 10.541 22.3256 22.4181 22.0252 22.2045 19.762 17.5435 22.97 28.5843 20.5704 
7.7053 23.2226 5.7184 10.2252 27.4568 10.7637 23.6064 20.7844 10.2503 24.2374 2.2451 4.2295 8.0553 26.2334 16.9679 
14.2046 17.5212 14.2877 4.4242 32.5082 23.4882 17.8475 14.3427 2.9198 17.2209 13.1 10.969 5.5127 13.1677 9.2187 
9.5574 25.737 4.7791 9.5757 28.0761 16.0947 24.0275 22.1849 11.2512 26.4289 0.3558 1.183 6.3735 24.8153 19.7019 
2.0099 19.6143 10.1878 9.7944 20.6494 10.8119 22.523 14.7499 9.9491 23.1117 7.405 9.0532 11.3056 26.4524 16.006 
13.3496 8.8345 29.645 17.3523 9.0004 21.5425 16.6499 10.3223 18.3791 14.5582 24.2751 22.3256 21.7049 21.9068 16.6879 
8.6071 26.9554 10.1446 16.3901 21.0547 2.8693 29.0327 23.8836 17.9025 28.0454 10.8037 11.5618 16.1159 36.086 21.428 
12.5275 27.5598 2.6346 11.6408 33.3918 13.6625 25.4351 23.0711 15.6598 30.8633 4.9201 3.6602 10.2828 28.6708 19.0546 
6.6792 11.9339 17.484 6.7413 18.2065 17.9991 14.4256 10.1813 8.4259 16.1357 12.7299 14.4488 11.9212 17.3635 9.4899 
16.4461 20.7619 13.6764 6.1158 31.4743 20.3849 24.1123 21.2027 7.1201 22.3289 9.8403 9.607 2.9558 20.9425 14.9184 
13.7013 14.7724 20.1337 5.2292 29.1874 27.5596 14.2075 8.7772 4.3762 12.5733 14.4722 15.5555 8.5203 10.3754 5.6318 
14.3376 26.3181 15.637 24.6421 18.4763 5.2179 32.5944 30.5826 21.691 36.3785 21.3001 18.1496 26.4442 39.0758 24.3691 
13.9386 16.8127 16.1742 4.8931 25.235 25.1968 16.8893 14.81 3.3718 15.6993 12.7942 12.1208 6.5822 15.1151 9.7458 
22.3228 8.762 28.5372 13.7135 25.7887 36.4939 3.9219 5.6954 14.5674 4.0055 23.9798 23.9763 20.2073 4.0866 7.4477 
7.0466 24.8582 8.1924 13.5312 21.3785 4.9006 29.3211 24.093 15.0343 24.0086 10.0093 12.0835 15.0306 28.6961 22.0708 
9.909 16.4121 13.061 0.7665 25.355 17.775 14.579 12.403 2.4381 18.7746 7.3183 10.0882 5.1479 14.1644 8.4654 
4.0905 16.1123 16.0304 11.3001 14.6324 12.6003 21.8735 15.1351 14.1127 18.4063 14.9729 13.4078 15.7086 20.255 15.1193 
17.3645 28.9101 12.3592 11.163 38.1967 25.069 26.9577 23.7424 9.9292 25.1589 8.637 8.4823 6.457 21.3975 17.1016 
7.3079 17.8698 14.812 1.956 23.3758 20.1897 17.3353 13.9139 3.221 17.6571 9.3555 8.2656 6.6761 16.6531 8.4779 
19.2477 17.3223 18.0281 6.9528 28.9767 28.1833 16.1026 13.6377 5.7928 17.391 15.7916 13.8301 7.7412 11.8099 9.4057 
9.0084 18.5831 18.1521 19.0841 11.359 9.6125 27.0011 17.0893 20.5713 24.6356 18.7163 19.7482 20.7045 25.0109 21.6303 
20.4385 17.0848 25.0278 14.0517 32.253 30.5864 12.3608 11.4024 11.1762 10.7462 24.8236 20.8713 17.6964 4.3536 9.6163 
18.6332 19.4154 20.2185 11.1511 29.6242 29.6564 12.7797 11.727 7.5782 14.3854 16.2277 17.3247 12.2269 8.7782 7.7915 
4.8908 10.8379 15.0929 10.4733 13.7012 13.9059 14.984 12.27 11.1879 17.3291 13.7396 13.727 13.7993 18.6036 10.6796 
20.9227 16.7339 30.8807 29.2144 6.4262 25.0436 26.3391 19.9253 27.0763 23.2539 36.0388 32.6241 34.4628 33.5656 26.0365 
25.1565 9.5594 29.5248 20.6117 23.043 30.8933 3.2915 6.8194 16.5717 2.7072 28.1135 29.7655 24.7607 5.9433 10.0404 
5.9381 18.3547 14.8981 13.8467 14.3198 9.6288 26.2322 17.468 19.1662 24.7323 13.8393 16.8717 16.9622 29.7154 17.5599 
11.0095 21.4329 19.5053 23.0829 7.0412 10.6674 26.4498 23.7399 23.0386 24.8724 20.5333 25.3273 23.9854 27.9578 25.4946 
14.1983 29.301 9.0418 7.7352 29.4215 16.957 22.0057 23.5449 9.2217 24.6581 5.3444 4.8142 3.9273 26.4988 16.9506 
12.8352 25.6649 13.0677 21.0051 23.8889 1.0102 33.6962 26.0976 21.8613 29.8249 14.8646 13.7324 23.431 30.5243 23.1273 
9.7316 16.2208 22.2816 20.0456 6.3644 13.3479 22.8669 14.777 19.519 23.9359 19.9595 18.9689 22.0198 23.5507 19.9274 
13.1303 31.292 2.7027 17.2901 26.5857 12.0847 30.2981 25.0144 19.9326 32.7656 7.1304 6.7351 14.1799 35.4782 26.0244 
10.9935 17.7681 21.5979 20.5503 5.3691 14.1406 20.5143 20.6413 22.1082 21.9168 22.1809 23.464 23.022 24.884 21.1618 
11.6414 7.5953 22.9851 10.798 20.1126 20.0107 8.4724 4.5438 9.8216 9.7688 18.1002 20.949 15.0839 13.6566 5.0034 
15.3891 6.3167 26.8538 16.7521 11.741 23.5719 11.9369 11.3983 17.3733 13.9751 22.3813 26.6025 23.6424 22.535 12.1904 
19.6692 4.5167 33.237 20.5885 21.2741 29.9106 6.1427 9.6175 22.5866 7.0732 28.5146 26.4014 28.3091 15.2522 11.6296 
24.8981 10.8926 31.0455 19.5657 25.5508 34.5105 4.7048 8.9414 16.29 3.6483 27.1864 24.8561 19.5612 4.7329 9.3113 
16.7513 16.7701 29.6821 25.5333 2.535 18.9366 24.0728 20.711 24.7377 24.9429 26.4169 26.9978 29.4655 30.4737 21.5391 
20.1074 17.5117 34.1833 29.9376 4.0857 22.1675 26.5007 22.3658 30.6387 26.7912 31.398 28.7532 34.1705 36.2461 24.8469 
4.1208 15.5947 11.4425 6.375 22.4153 15.9886 18.9185 17.0443 7.3231 21.0309 5.5942 8.3159 7.9723 23.2122 11.3042 
9.1663 27.0256 10.612 20.2223 21.3775 2.911 29.7651 27.5104 20.9119 28.8591 12.9132 13.2089 16.3078 37.6133 25.8822 
8.507 24.3097 15.7402 19.1195 11.9353 6.9109 25.1524 23.4223 18.6783 29.3631 17.4891 16.9035 22.472 27.8856 20.775 
21.9296 20.2869 17.4459 9.6671 38.8524 29.7555 18.4362 15.9874 7.6946 21.1794 17.2411 15.7572 9.6182 13.1502 14.0899 
6.4321 22.0092 17.3574 14.957 12.0007 7.5522 27.3265 21.2159 19.3447 27.0585 13.3977 14.9707 16.4155 32.3476 22.5289 
18.6807 32.967 8.4527 10.7168 30.9388 24.4968 31.5269 26.8865 11.7729 28.1071 7.4815 7.2792 7.7904 25.6904 22.6242 
2.6367 16.3667 11.5053 7.7391 19.7033 12.7939 23.0064 15.563 8.8514 18.2518 7.3663 9.538 8.7347 24.7346 12.9193 
13.1343 19.2799 14.3773 4.7222 29.0803 24.0246 16.8727 15.0468 2.6789 16.1566 12.4384 11.4614 5.9865 16.263 10.8003 
18.5563 4.6548 25.8419 13.9566 22.3847 30.1124 3.1695 2.1662 15.7203 3.2393 23.4196 22.1093 16.945 9.7926 6.8868 
14.7752 31.7662 12.8293 23.6465 24.0296 2.1985 29.5432 32.9518 25.1927 30.7984 17.0498 15.7116 23.6718 41.4735 25.8386 
4.5193 24.9402 9.4495 10.1873 17.9528 8.6507 22.2843 21.7848 12.5292 25.7754 7.3283 9.3875 11.4861 29.4282 17.4433 
11.384 21.8551 11.3571 2.0524 29.6069 23.2189 16.4622 13.2513 3.2667 17.3642 7.5033 7.3014 2.7909 19.6168 9.879 
5.1913 11.7333 17.7395 9.4763 18.133 17.004 17.1132 11.1915 10.3852 15.4258 13.9699 13.6998 12.0582 20.1606 10.0553 
20.0711 5.7139 30.7552 20.3504 13.7839 29.7554 9.7762 11.3198 21.442 11.789 25.8932 25.1448 25.7147 18.8529 16.0313 
6.0697 21.7103 12.3075 17.0128 16.0862 6.3822 28.2424 21.3291 16.2506 27.8422 12.5695 16.5272 18.9951 33.2611 20.8279 
14.7925 17.6993 19.3749 6.4564 31.2811 27.944 16.0474 12.0537 4.4531 16.0109 12.7535 14.9845 8.0065 13.6364 9.9088 
7.1697 22.7169 7.8997 11.999 20.7558 7.657 25.8517 23.32 16.3235 24.9919 9.1023 7.8798 13.5433 25.7025 20.5649 
15.8209 33.6667 14.6826 21.6655 25.2986 3.8195 40.0475 29.7719 25.4129 35.8095 17.5967 20.1059 22.3432 36.1677 28.5839 
6.5591 13.277 14.4017 8.6339 17.7218 16.5147 14.7933 9.5467 9.3694 13.8454 12.547 13.617 12.895 17.4505 8.8411 
16.8245 36.8019 15.3787 26.0177 26.2027 6.1607 41.8823 31.6964 27.1163 35.45 21.6173 22.0397 27.8323 43.1706 31.1818 
14.2919 22.6577 12.6976 5.2684 26.7855 19.7106 18.3059 16.6828 5.4874 23.0271 7.4634 8.2975 1.3353 21.688 14.2266 
20.202 35.8078 18.2697 28.2556 28.5304 7.4627 41.8159 38.1201 24.4206 35.0926 21.2626 22.4595 26.0228 38.6824 33.0809 
18.8398 11.6243 26.0315 26.4353 4.9968 19.7802 19.8822 14.8902 21.2393 18.4396 30.1123 31.9134 30.8426 25.3014 19.7949 
10.2464 22.195 8.2598 5.2418 23.5306 19.0341 24.3339 16.2433 6.7057 21.2648 4.1075 4.0265 2.1243 22.6432 14.1611 
24.6885 12.2943 29.1013 17.3991 26.3184 34.8366 7.3609 9.6923 14.6312 6.6516 27.9192 27.3899 18.1807 0.7404 8.6833 
13.79 4.2245 21.4844 14.1155 14.3106 25.2725 9.0252 5.3823 14.4462 9.9064 19.7872 21.6082 21.4303 14.6125 8.8278 
21.5706 3.0982 30.5416 17.8951 22.0849 27.4791 4.6533 5.7086 17.7315 4.5872 27.7356 28.0996 27.0819 10.5708 10.635 
19.6669 13.6671 25.0081 12.1862 25.4589 30.4946 9.3056 8.5736 9.1239 9.5661 21.8985 22.1575 13.1578 4.8017 5.634 
11.7666 13.5161 19.941 5.9239 20.7017 20.2896 10.4328 6.3344 5.0427 11.081 14.4951 14.6297 11.1648 10.9453 4.2967 
9.0441 28.7051 2.8883 10.158 29.283 10.656 27.8986 22.5704 12.9349 29.1772 3.3145 3.3567 10.1043 30.821 18.4004 
10.146 26.4452 9.3107 15.1852 22.0103 3.5078 30.3909 24.5028 19.6853 34.6629 11.1828 10.3088 16.3061 34.2351 24.0845 
23.8276 13.7919 27.506 13.8155 26.8863 30.6526 7.6005 8.156 15.7758 6.9146 25.79 24.2239 20.7947 1.1248 8.414 
14.1389 16.601 26.2898 18.3981 4.3557 17.6093 22.3492 20.6549 24.7643 21.3533 23.9572 23.579 25.8314 26.9322 20.585 
15.8544 4.2652 27.8776 20.8435 12.27 27.6857 11.2405 8.4728 21.4688 11.8127 23.9211 27.0036 22.1262 15.7936 12.7031 
16.4751 17.0812 30.8543 27.419 0.8085 17.9444 20.4408 18.3976 22.4629 23.0132 25.8024 29.0514 28.5757 32.2514 20.2619 
21.7348 13.7618 31.2431 26.4841 4.7125 21.8331 20.5653 18.0628 27.4936 23.2041 29.1477 31.9625 34.0629 31.4187 25.8811 
9.4165 19.9792 20.9259 17.5441 9.8268 12.993 21.8574 19.78 22.0782 21.176 19.5114 19.3136 18.3116 30.508 17.7785 
9.8909 24.5622 20.5343 22.1361 12.1401 8.5354 25.496 21.326 20.108 26.5818 18.2345 18.9409 22.9398 29.0731 22.3613 
7.8888 14.0849 22.9602 16.1125 8.628 17.1654 19.2186 15.8133 17.0719 15.8717 19.1833 19.7946 21.6986 23.889 16.3283 
18.8995 26.8315 8.7181 11.8856 36.705 22.4309 29.6555 29.1222 13.9786 27.1718 6.2945 5.6937 7.4554 30.7906 20.4933 
8.0863 19.6537 8.6928 4.1384 22.6108 16.7386 22.7638 15.2332 6.4007 20.4289 4.1888 6.019 3.0208 21.7236 12.5118 
18.4989 10.0202 22.5369 9.7799 23.732 26.9421 7.307 7.1046 8.4814 8.7337 15.7858 17.9524 11.8498 6.2797 2.9427 
3.6784 18.6514 9.5469 14.2219 16.0487 7.2126 21.6932 19.2884 14.0834 23.8803 9.2531 11.7547 11.9636 30.408 15.8533 
12.2527 5.9215 25.4823 12.4914 12.7191 23.1715 10.849 7.5877 14.8608 12.529 21.0563 19.6853 18.4624 18.5701 10.4891 
12.8548 12.9141 28.11 20.0182 5.3869 22.8947 19.2145 15.4658 19.9179 19.8269 23.4182 25.2734 21.3331 27.9826 18.8318 
7.2081 25.2431 9.2948 17.365 18.5759 3.7924 27.8295 26.2596 19.7522 26.7027 10.9151 10.2223 14.979 34.2604 21.7312 
14.5514 26.0831 18.2379 23.6217 15.9775 5.532 34.2252 31.8797 23.9595 30.3215 17.3687 19.8187 26.7104 37.8114 27.8455 
20.8993 29.0071 17.9584 16.3818 39.9863 31.8821 27.9616 25.7863 15.2826 33.2474 14.5284 15.2969 11.4926 30.6649 26.9744 
17.0335 5.867 26.0067 15.3634 18.6679 29.2382 3.6279 1.1696 14.8325 3.7082 20.0556 22.3358 20.8812 8.2094 4.2048 
16.5723 18.3111 20.3429 9.842 29.2341 27.6565 11.0816 9.9647 6.8366 11.2583 15.979 15.9817 10.1427 8.4501 6.2733 
2.8816 15.2973 13.0086 8.2682 16.3088 14.2501 18.4439 14.2453 9.44 16.5293 12.0373 11.7366 10.1988 23.2337 12.8837 
9.7809 31.3654 3.1333 14.2526 28.7305 9.4015 29.3305 27.6367 19.2625 33.1606 6.9017 8.2025 14.5995 30.5584 25.4514 
14.1456 18.1625 17.0132 2.7833 24.3652 24.153 17.3496 11.5714 0.989 14.6262 9.3713 11.9996 6.4524 14.6341 8.5831 
9.8697 18.1305 13.6671 1.2483 27.8117 22.6029 19.5265 14.4135 1.3355 15.1983 7.8216 8.7568 4.4545 17.1335 8.4051 
13.2803 29.7963 3.7718 12.0754 28.9352 17.2378 32.3143 26.2113 12.4616 29.9672 5.3172 3.1869 8.4824 28.0562 21.7981 
16.872 29.6887 12.4754 11.6954 33.4683 23.3918 24.2654 20.052 12.003 23.7123 7.7683 7.5701 5.3937 26.7177 20.2668 
16.3722 27.2279 11.7168 7.9531 35.9413 26.0118 24.7822 20.9352 7.73 24.5617 10.5331 9.2307 4.4484 19.6631 15.5355 
19.58 1.9421 30.4854 16.6468 15.3401 28.58 8.3041 7.4609 16.7663 7.0627 29.12 24.1108 26.3941 14.7816 10.1886 
2.7725 20.2691 11.126 11.7013 17.6418 9.6639 22.2937 20.1135 13.0301 26.7269 8.4572 10.2536 11.9128 28.9498 18.423 
4.7374 10.6415 14.4361 8.1449 15.8322 17.3289 16.6972 11.3807 10.9041 15.301 13.546 15.2146 11.9064 19.5356 10.6825 
13.4941 27.5667 16.4004 21.5056 17.6288 4.4738 33.1565 30.7291 22.9304 35.6729 18.949 18.454 23.4679 38.7851 30.2085 
2.8331 17.7804 12.671 11.3531 15.5155 8.7523 21.2364 15.8995 13.3272 20.2058 10.0435 10.8708 13.8191 22.6133 17.1401 
3.9467 19.5574 8.9097 7.5552 23.3014 11.2079 22.4139 16.4849 9.1391 19.4276 4.9668 7.1641 7.5881 26.2469 13.7746 
19.0897 14.8087 27.4917 21.4326 6.9687 26.2302 17.9126 18.5464 25.3264 21.9336 29.1694 32.7492 26.8881 29.2238 20.7622 
13.7206 15.9345 22.3597 21.5927 3.569 21.3363 20.8166 18.6203 22.967 19.4984 20.9063 26.9628 28.1708 28.5444 19.6503 
6.6271 11.8791 16.9298 12.3977 11.332 15.5286 18.6818 10.7269 13.0706 14.9494 15.8283 19.1013 15.8823 20.7139 11.6004 
14.747 28.6317 8.3017 16.9106 25.2488 5.9922 34.8873 25.1947 21.4285 33.0827 11.0797 13.2149 20.6366 40.0583 26.8313 
15.4501 25.7168 13.2228 9.6221 29.1558 23.651 25.3889 20.2778 8.4783 22.6809 10.7637 9.9311 5.5805 21.0351 17.3551 
23.8298 5.1477 29.84 22.0822 16.5887 33.7018 11.6004 10.1692 21.2489 12.674 31.667 34.275 24.1807 17.1567 15.8421 
8.5066 22.5436 10.9063 17.0278 22.4825 3.1994 29.1954 27.0752 18.1592 26.7294 11.6237 11.6405 18.0178 29.4652 21.3367 
5.7042 20.2858 8.2941 12.5034 22.0836 7.2236 23.2613 23.276 15.3645 23.2371 6.2342 8.3788 10.7916 29.2477 19.6106 
15.0059 6.5866 24.245 12.6521 24.27 25.7479 3.2073 2.1271 12.7277 3.8646 20.0334 19.5671 16.0154 7.9057 3.6843 
11.9097 18.4111 13.2612 1.4783 29.8556 17.7098 17.4337 13.9704 2.5357 18.0061 8.6262 7.9691 3.456 17.0241 10.5354 
10.9855 29.5773 16.1766 23.5449 20.0439 2.1363 30.1251 27.4798 25.2276 31.6735 15.7725 15.3324 22.7289 30.9626 24.8443 
24.5186 11.9993 36.017 19.4429 28.8566 38.1903 4.2922 8.7633 15.533 4.2094 24.1574 27.9791 24.8324 3.9303 10.5485 
16.1388 11.7167 26.4356 21.0713 5.9745 19.9748 17.6122 15.6183 23.1936 16.3681 27.5404 23.9602 25.0586 25.1045 20.9447 
17.4225 30.2937 7.3959 15.234 32.8049 18.3186 33.6053 26.8968 12.8511 33.1231 8.5449 6.5284 9.3815 27.1938 20.9983 
11.5508 9.5891 21.468 8.4616 18.1329 20.856 11.2659 5.4712 8.1672 9.4197 13.8168 14.3198 14.1734 11.5384 3.8257 
16.5088 18.6376 28.5624 24.9833 3.5378 18.1289 28.4882 19.1528 27.281 24.1821 24.3749 27.3898 23.5811 30.2448 25.5555 
16.0979 24.7349 10.9506 8.3936 29.2577 22.3417 22.6796 22.7203 8.2163 24.9848 6.9549 6.0748 4.1308 19.7815 15.2776 
19.2365 16.1582 24.1515 9.0969 30.4979 25.0783 13.7893 11.4384 7.0951 11.4461 15.672 15.7606 10.4142 8.9789 7.4007 
13.9834 33.0009 10.9875 20.2828 23.9411 2.4136 29.4014 29.2264 24.4132 36.6146 14.3737 13.7047 22.0551 41.4784 27.0749 
19.7627 16.8782 30.7686 24.5107 3.9815 25.4418 23.3304 17.232 31.1256 19.8164 29.5304 32.3242 34.3733 25.9342 21.3197 
18.8099 4.9317 34.3365 23.0128 15.9909 28.7698 9.9664 10.9257 21.8584 9.5507 25.4359 31.4625 29.5055 17.1619 13.3363 
19.8818 34.4396 11.7681 14.1189 40.279 22.0597 33.9617 27.0429 15.0218 29.5037 11.0721 9.2061 10.8164 25.9329 21.935 
10.0006 27.6804 6.2424 16.7905 25.0382 5.936 32.7297 23.5649 17.6422 32.599 8.9349 10.174 15.6122 34.4449 21.4737 
14.0446 13.1151 24.6586 19.3969 6.1105 17.6778 16.6088 17.6749 19.0655 17.8416 24.0819 23.9095 23.4264 23.0677 17.8422 
25.8521 18.4074 39.1931 27.6421 7.3452 28.3744 22.7649 22.3608 28.1916 23.9494 36.5613 32.2528 32.6256 27.645 22.2684 
17.5399 19.5041 19.6445 9.5931 35.659 30.7783 14.7817 12.1998 7.8868 13.1762 16.5126 16.6133 10.8637 9.4928 8.1013 
14.2864 12.5728 26.3302 21.5853 5.9519 19.7461 18.6411 16.0216 18.7838 19.9041 26.4121 25.0203 24.3141 27.1371 19.3813 
5.0854 17.5713 12.5558 4.6467 20.562 16.9618 18.6445 12.202 6.876 19.905 8.4726 7.6548 7.7118 22.2259 12.3084 
9.502 29.0557 3.82 13.2889 26.662 10.8664 25.9311 22.3055 12.4981 25.6669 4.9071 6.2315 12.502 29.3654 19.5122 
12.7549 34.2703 10.9516 18.8451 23.5213 5.0589 34.5611 28.8751 22.7367 31.6762 13.6653 14.1006 20.724 38.3601 31.8023 
10.0697 26.0362 6.5132 17.1101 23.6842 6.8512 28.9815 23.2781 15.9212 31.8323 7.7252 8.3712 15.3789 32.7743 26.2839 
6.3534 22.094 4.627 11.5191 22.6443 9.3726 27.4131 18.8284 12.0825 24.6707 4.2935 4.7312 8.2361 24.413 16.2882 
7.1946 9.2333 16.8616 9.6724 17.004 16.4217 14.721 8.9198 10.478 13.4427 16.1291 14.0847 13.6608 16.6503 8.7424 
17.9677 28.8188 10.6449 10.2936 36.3098 24.5879 25.6736 24.5879 10.1686 23.6226 8.9901 7.6895 5.5838 24.8912 20.4156 
19.7089 9.6933 35.1054 27.1494 9.9196 25.9582 17.9176 15.8008 28.2669 17.6651 28.1583 28.1671 27.7165 23.3844 16.6616 
16.588 19.958 21.0333 6.1587 33.5661 27.0606 13.7814 14.4322 4.8278 14.8453 14.5309 14.6596 8.7392 13.6505 8.8432 
19.2565 6.1533 28.4889 22.9788 12.0116 29.9673 11.3227 11.6523 19.6644 13.1704 24.8255 28.7343 25.2996 18.9186 14.8033 
16.2408 5.4313 29.3226 16.1023 12.7152 26.7269 10.5809 9.6374 16.5492 11.5907 22.5911 26.2214 19.5463 19.7114 12.6381 
10.585 13.7901 26.137 16.8328 5.7148 18.6138 17.7575 13.4263 19.7968 18.0079 18.3795 23.9901 21.4991 25.3565 16.9154 
16.5977 15.9326 26.5653 23.869 1.8168 19.3163 20.2139 18.137 26.1572 20.0526 24.8601 28.5854 27.8217 30.2781 19.6183 
18.4163 26.4148 12.3818 12.6474 39.9244 22.9686 28.1642 29.2051 14.5561 27.5293 10.4941 9.5159 9.7348 26.3501 18.5937 
19.4227 8.0209 34.3567 15.8644 23.6814 29.2005 1.6147 6.0781 18.5198 1.492 25.4615 26.5983 24.61 7.171 9.5163 
8.6955 17.1312 21.3574 16.3773 9.9838 13.5967 21.0215 17.2686 20.8011 21.895 16.1678 16.5179 18.4144 29.3293 16.2003 
11.8189 8.9807 22.6015 15.3502 8.2353 19.6013 15.0921 10.6194 19.3581 14.7087 19.5727 21.4078 22.3729 18.9334 14.8972 
8.9448 28.9861 2.4554 10.9549 29.8363 12.2514 31.7749 26.2266 14.4003 26.6678 4.4248 4.3743 10.6154 25.1665 20.3994 
5.706 24.7972 7.1217 8.5221 22.3706 11.6443 22.0237 20.1194 10.692 20.7151 3.846 6.2063 8.8048 27.3134 14.9323 
14.9126 26.2778 10.0272 8.2708 30.9954 22.5503 23.9752 23.912 8.7459 24.7826 5.7408 5.1788 3.9328 20.2822 19.3473 
11.7796 33.4857 5.2522 17.6743 25.7491 9.2312 35.3661 23.8415 19.8462 36.2798 10.1905 9.5254 16.451 31.9211 26.9945 
10.1408 17.19 19.8257 17.0339 9.3152 11.011 25.1558 21.2954 23.5202 28.1391 16.1002 21.9723 23.74 31.2862 19.0172 
8.013 23.5304 5.0314 9.9916 22.7421 10.7567 24.5948 17.7864 12.3318 27.3076 2.8492 4.1175 7.1768 27.0344 19.6499 
12.8868 20.4982 17.5113 4.6251 33.3137 23.2559 17.376 15.6509 3.2954 15.8835 11.58 11.9724 6.4924 14.1979 9.8196 
11.1326 22.5243 5.3155 9.6646 29.8138 15.229 28.8142 21.6262 10.8338 26.4074 0.3894 0.979 5.7971 22.4288 18.0861 
1.933 16.8998 11.5107 9.7379 21.8782 12.0266 19.3307 14.4021 11.0862 21.4604 7.7121 9.5544 11.0673 23.2464 15.0122 
14.5137 8.3609 26.8624 19.245 8.5371 21.3877 12.8429 13.2284 20.018 14.4788 21.4271 21.5095 26.5185 23.4421 16.2851 
7.2048 25.1914 10.4575 16.2262 18.0306 2.8381 25.2081 23.0225 18.9326 32.776 12.9286 13.1102 17.1346 32.1116 22.9437 
13.346 26.3768 2.1481 14.144 29.6301 15.4896 25.1917 25.359 12.1785 28.1628 3.877 3.6435 10.3764 31.4645 23.8694 
6.5961 13.7732 14.9638 8.2105 19.6948 19.2543 14.2267 8.5412 9.3933 14.9876 10.5997 14.0045 10.3704 17.8792 7.9629 
15.4722 24.4031 12.963 7.5302 28.9909 25.252 23.4788 20.2693 6.2912 24.8559 7.5682 8.5664 3.0063 18.6736 13.7152 
13.2996 15.9207 21.4836 5.9556 29.3273 23.8051 11.7472 10.2557 4.1857 13.8154 15.4885 13.1891 8.1597 10.0065 5.6542 
12.3261 28.7173 16.4413 25.4213 17.3272 5.2689 30.3245 27.0746 25.4164 35.1344 16.594 19.646 25.6644 39.685 31.4612 
16.1845 17.2854 15.5234 4.82 27.4986 23.4943 14.3554 12.1454 3.5484 14.0187 12.4135 12.1431 7.6497 12.4111 7.9952 
24.0196 9.7294 31.8979 16.1225 27.7411 34.5596 3.3287 6.6816 15.3204 3.2319 26.0846 26.3007 19.4095 3.666 6.9586 
5.5701 25.9678 10.5378 15.0985 21.3616 5.9492 26.7958 21.8439 14.0795 28.4453 9.9559 10.4999 14.4439 30.6757 20.6128 
8.6677 15.2784 13.1233 0.6912 24.7357 21.2463 18.0225 13.4238 2.0583 14.3518 9.4884 10.7494 4.5202 14.6359 9.0339 
4.0221 13.2258 14.3326 13.2284 13.8215 14.109 19.9045 14.1918 13.8079 17.4789 14.2517 13.7355 13.5484 25.1765 13.8167 
16.7051 29.3074 10.8077 10.3217 39.1076 26.4338 25.0496 24.2987 11.0221 24.4772 8.0999 9.4072 6.0312 23.203 19.7746 
7.043 14.0735 13.4261 1.7719 22.8033 18.8452 16.8352 13.2624 3.839 18.7678 9.255 10.066 5.3322 17.7533 8.7427 
16.5958 17.6636 17.7186 6.9982 30.4462 25.2038 14.9036 13.3502 5.5796 17.3191 13.2232 14.9644 8.7802 10.961 8.6801 
7.2058 16.6762 19.3133 19.2316 11.397 8.425 27.2084 16.8756 18.8126 22.8858 18.1744 18.8468 20.8534 25.2827 18.8507 
21.7824 18.1997 26.7138 14.8082 31.0178 29.5237 11.2199 10.5891 12.764 11.4366 25.8075 21.3696 15.6741 4.6119 9.4871 
17.8167 19.6423 24.71 9.74 28.3801 28.6471 13.206 13.1897 7.3353 13.8118 19.5601 16.607 11.6798 8.6628 8.5734 
6.0114 12.3229 19.4212 9.011 13.2781 16.9178 16.7021 10.7666 11.6967 15.0752 13.798 15.3574 13.743 20.6757 10.0192 
20.3194 19.5262 31.3811 27.224 6.4041 24.4346 23.1166 22.5765 33.0361 26.3572 30.2429 37.215 33.6877 34.2871 26.9445 
20.3841 10.1741 28.6912 18.2936 25.2941 31.0704 2.9471 6.9286 17.9427 3.5045 28.9002 25.6116 20.9312 6.0627 8.4176 
5.1485 17.5441 17.0336 15.8177 14.3308 9.7776 24.4101 18.808 18.5136 23.7488 14.0032 17.8242 18.5375 24.9778 20.9473 
11.3815 19.6061 21.9231 24.1515 8.8642 12.9972 22.3959 23.504 22.5494 26.7822 19.3815 20.1171 27.4247 27.2611 20.2801 
14.5936 25.1891 9.2138 9.3176 29.4303 19.0907 28.5288 20.9064 10.1851 21.9183 5.2601 4.2198 4.0819 20.7538 17.0669 
13.3139 28.2544 13.5962 18.4286 18.5609 1.0151 28.7987 29.4995 23.7584 29.361 16.2147 16.4926 19.4364 40.201 28.2565 
8.7005 15.5367 20.1554 16.2394 7.8155 13.1622 18.6168 15.579 17.9755 19.2635 16.8089 23.2547 19.9206 29.8355 16.1055 
13.6068 30.6064 2.2067 16.8008 26.9433 10.1249 33.4295 29.0897 16.6939 30.2347 7.8264 8.1525 14.5064 35.0615 23.2987 
11.5301 16.6253 21.2494 19.1703 5.6423 16.8873 22.25 15.915 23.5159 19.2463 22.8105 19.4705 21.0781 28.7582 17.992 
10.8355 7.7232 24.2035 10.5209 17.8227 24.9808 9.5564 4.0816 11.6874 8.5334 15.0794 19.349 17.1909 14.3266 4.3377 
12.4809 6.9372 25.0029 15.7252 9.6339 25.5046 12.6856 10.4914 20.4118 15.0358 20.5699 27.37 25.099 19.5547 11.5062 
23.7051 3.8771 33.4904 20.9646 19.3526 30.9717 7.0759 7.7444 19.157 7.8601 27.1132 28.8485 27.7607 13.2542 14.077 
21.109 9.9624 35.3913 17.3283 24.8054 30.1335 4.5665 8.9182 16.3238 3.7495 30.025 23.9754 19.9429 4.4244 10.1426 
15.1463 16.2723 25.0687 20.9026 2.2983 18.5458 19.0841 17.294 20.706 23.2451 25.7773 28.5422 28.1879 25.4029 20.4117 
23.6508 21.0246 35.2194 24.4598 3.7269 24.3353 22.5791 24.8958 26.0049 22.844 32.186 31.2355 34.9307 29.9337 22.0724 
4.0883 20.1412 9.7251 6.7827 19.413 15.8922 17.7043 14.5568 8.6339 18.0025 7.2616 8.8808 8.7715 23.007 14.1854 
11.6895 26.9624 9.5792 18.7708 21.1643 3.1651 28.9246 27.2196 22.5567 29.5374 12.5479 13.3297 17.4168 36.0863 24.4659 
7.4135 18.8296 15.9952 18.6523 12.6778 8.2935 25.2127 21.9919 19.1309 24.4968 16.7343 17.8752 19.7839 33.7027 21.6831 
21.6831 24.7209 18.832 8.8315 34.0093 29.2593 17.6585 19.0089 8.1474 19.2909 13.6464 16.5992 9.6406 15.1401 14.5759 
7.6187 21.3567 16.4634 16.2959 11.979 8.3099 26.048 19.2701 18.6972 25.2802 17.3537 18.9015 17.5284 32.9331 18.3404 
17.3572 29.3687 9.0985 11.7952 33.5588 19.0676 29.7624 23.7872 13.6512 28.4042 8.7982 6.9027 7.5227 27.3359 22.9308 
2.4671 16.5873 9.4893 7.4274 21.3651 12.1294 22.6997 16.724 10.645 20.1809 7.4996 8.7617 9.0482 25.2503 14.9277 
16.7643 18.0443 17.6217 4.9685 28.8299 25.3268 19.4981 14.2028 3.1043 17.0282 11.2279 10.6468 6.0595 13.8845 11.1711 
17.9024 4.2937 31.2968 15.0949 22.5875 29.3688 3.1472 2.0342 14.1179 3.4565 24.9852 27.0233 18.373 9.7953 5.3894 
14.1929 27.7762 15.2787 22.2863 24.1849 2.5089 38.5918 30.6892 24.5768 31.0778 14.5189 14.6284 21.1107 39.0209 25.1351 
4.1977 21.9054 7.7997 13.1896 20.8914 7.6312 27.8875 19.7109 13.6005 21.3199 8.476 7.9356 11.0095 24.034 19.8377 
12.0931 19.2215 13.2213 2.4263 23.718 18.4796 19.7264 13.9338 2.7154 21.3643 7.6254 7.0263 2.2255 16.8643 12.3496 
5.0109 14.0347 14.5617 8.7558 18.1744 16.7217 16.6655 11.834 11.3719 17.9998 10.8506 15.3141 11.3425 20.2048 8.9781 
21.2531 4.6929 27.8933 18.1234 12.6009 25.8889 10.771 9.8357 22.7798 12.455 25.0429 30.5312 25.1406 19.4145 15.2827 
6.008 23.3928 13.5745 18.3241 13.6134 6.391 23.0784 22.0371 20.0751 26.0638 13.0952 13.1051 16.6258 27.3989 22.5995 
14.7788 20.9639 17.5319 5.3234 33.2714 25.4472 14.4374 12.5809 4.1971 15.7112 12.651 12.014 6.7115 12.2961 8.7033 
6.7385 21.3742 6.9251 14.8968 22.4094 6.991 30.3373 18.9834 14.4836 28.3201 8.026 9.011 13.4573 27.3864 21.4731 
15.9698 30.3342 15.9725 24.7864 24.0911 4.0202 32.589 29.3276 27.1192 37.2479 17.5569 17.4517 22.1465 43.6857 30.3257 
6.5742 10.6806 17.4816 7.79 17.2687 17.4022 13.5735 8.851 8.1224 14.9828 11.3871 12.7911 10.7818 16.4439 8.1644 
19.4791 31.7698 16.6782 22.2745 23.4747 6.8037 39.2101 29.8427 23.8995 38.0584 16.791 18.395 21.6086 41.3777 29.4536 
12.8302 24.8177 11.899 5.121 29.2756 21.6187 20.3566 19.3827 4.8533 20.4745 6.6061 7.4076 1.6719 16.8558 11.5011 
16.1384 38.9006 14.3392 26.2125 24.9837 7.1436 34.2231 30.4083 28.3149 38.4665 18.7091 17.6159 28.5169 47.1513 34.54 
16.0738 13.7307 29.5225 24.6499 5.13 24.1512 20.1569 17.2274 24.2351 21.2786 24.2848 29.5852 24.8037 24.0751 18.5454 
11.6483 22.195 9.6949 5.3344 27.5782 15.9205 21.9912 17.7976 6.5523 21.6141 3.885 3.8647 1.8125 22.6311 13.54 
26.2906 14.9897 28.555 15.758 32.3169 36.6784 7.8887 8.9511 16.1324 5.957 28.3576 25.1865 20.5172 0.8209 8.3022 
14.4812 4.8605 24.8726 13.0593 13.7028 20.7309 8.8173 5.7914 13.5177 9.6388 20.807 23.8951 16.7813 16.8606 7.6078 
22.0288 3.2645 32.7027 21.8454 21.7059 33.542 4.4437 5.6418 20.6672 4.7693 23.0163 25.0315 22.5021 12.3535 11.0118 
20.693 12.283 23.0351 10.9442 31.4417 29.0227 8.8555 7.0407 10.5755 8.9144 17.4676 18.8856 14.6286 4.7231 5.4618 
12.1685 13.068 21.2601 5.8766 24.709 22.4113 10.331 6.5067 5.4744 12.062 11.8483 13.9504 11.4137 11.6746 4.052 
9.9347 25.0929 2.4898 12.388 23.9726 12.9409 30.3545 25.1575 13.4154 30.024 2.9399 3.7388 9.8874 28.0421 17.7056 
8.6099 30.9139 7.9967 17.3411 25.2066 3.8839 30.8613 28.5561 17.39 33.7959 12.7224 10.8618 18.575 34.9926 22.2503 
23.2435 14.2126 26.0129 13.3629 28.9942 33.2492 6.8184 9.3229 14.8827 6.0123 26.0419 23.8999 17.6864 1.1714 7.9008 
14.0062 15.2062 26.7439 22.3666 3.5195 17.1658 22.2928 18.2166 21.6937 21.2531 21.341 24.1482 24.8434 27.8645 21.3474 
18.5195 4.4203 32.938 18.0465 14.8274 23.8297 11.8979 9.1231 19.6706 9.2746 27.1571 26.8306 20.9042 18.1015 14.006 
17.6093 18.5276 31.9997 25.2417 0.6803 21.4019 23.9803 19.3956 27.6079 26.0549 25.2493 25.0272 24.7805 34.0303 19.4869 
21.7464 13.8614 34.1331 29.5753 5.452 22.5959 23.3936 21.308 28.7828 20.4507 33.2593 33.3483 28.4732 32.7614 22.5796 
8.5648 19.8296 22.3465 16.4748 9.6594 11.5797 26.1294 17.9002 21.9039 24.5818 20.7962 17.0298 19.086 32.1758 18.2929 
EOF