I 150
J 15
bounds (0, 100)
cv 1.0
D 10
k 5
t 3
λbounds (80, 120)

λ 
92.8895 110.2146 116.2746 
114.3653 91.1673 107.9992 
87.7986 93.652 88.9548 
84.9276 92.083 90.3406 
102.1172 114.2199 106.5411 
84.7427 116.6317 106.4667 
96.6258 109.2676 103.0463 
90.7095 105.314 85.5476 
111.1392 80.6738 103.7654 
100.3836 116.6426 92.0375 
116.6797 113.0452 107.2203 
97.6621 82.146 118.3435 
83.7604 117.1061 94.8008 
107.9768 118.4559 81.726 
110.4169 98.8848 118.1875 
82.2223 108.826 91.5213 
92.6698 83.9526 102.9788 
108.211 87.5491 112.8284 
113.9356 91.6445 86.3038 
96.5155 86.4579 106.539 
91.6276 96.4473 117.8263 
97.9232 89.9686 87.867 
100.4626 87.4037 104.0078 
106.9464 97.4175 82.4734 
87.1026 107.4365 82.2415 
90.9427 95.3102 85.7041 
115.7675 107.1559 93.3755 
80.3535 85.2637 91.3163 
90.9443 83.066 114.7142 
88.8243 96.5461 118.5104 
93.7569 90.6186 109.2025 
82.9293 118.2653 87.2295 
117.5398 94.6875 102.1609 
82.0765 116.5225 91.9929 
101.2743 105.921 103.9792 
97.2529 100.5664 117.6128 
114.5673 119.4537 91.9238 
112.2646 92.0027 102.5985 
91.5065 104.4675 103.345 
96.0212 85.6379 114.7283 
89.6569 84.3493 113.4856 
119.7471 105.0066 115.8488 
81.9544 104.5435 98.3413 
88.7935 97.0352 115.3307 
118.6805 117.1791 81.4878 
117.8557 111.3834 112.0936 
99.0799 92.5007 116.4104 
93.9154 81.1056 105.4126 
108.4104 119.0148 110.4344 
89.569 99.9513 102.7933 
89.8522 109.5678 109.785 
105.9203 88.8555 103.357 
102.999 97.9338 98.2549 
102.6982 110.5397 102.4845 
110.5065 111.1299 101.3376 
86.5517 86.7692 95.5297 
113.452 107.4142 81.7924 
90.5329 106.7153 105.8356 
111.4729 89.832 110.4243 
110.3123 95.3471 117.7682 
81.1224 93.2542 82.4254 
99.2327 98.0768 93.3266 
99.9129 92.5686 116.2167 
102.2743 111.469 108.7145 
87.3388 109.7281 117.6473 
83.8539 84.4665 96.5383 
113.8197 80.5785 100.7385 
92.1776 104.0141 83.2497 
113.5151 105.5974 83.7113 
99.4536 82.5115 101.2177 
93.4065 93.3124 80.5212 
116.5851 118.6343 93.6186 
115.7973 97.2391 114.4104 
96.1877 119.749 83.9775 
114.539 86.6695 81.0033 
117.3417 116.9318 86.473 
108.3029 110.5157 115.2782 
115.9573 95.8957 111.3289 
109.388 108.0384 108.8057 
119.6514 114.7073 84.8102 
112.2637 92.7135 109.9988 
95.0362 107.1468 91.9916 
96.6149 104.8711 80.9293 
118.9049 80.7331 116.8149 
112.1921 90.7603 98.1971 
110.9109 93.9752 97.3245 
91.0767 92.0704 96.3833 
92.5292 93.6934 82.7665 
99.5955 81.7762 113.225 
107.6175 94.3391 81.9089 
101.8843 90.8083 116.2119 
104.2489 89.0996 96.193 
109.0991 83.4392 102.0308 
114.126 113.1102 85.808 
112.4724 101.6866 99.927 
110.3799 114.0917 84.5012 
85.9688 118.9854 98.8709 
90.8697 94.6129 93.026 
86.235 84.6057 103.406 
80.9406 104.6354 99.246 
95.1501 112.3326 111.787 
81.7116 97.1769 113.6135 
110.5695 112.7794 86.2466 
96.0833 110.8517 81.4614 
118.6216 99.4122 86.7818 
105.9353 115.8239 108.8994 
85.947 116.7212 80.3299 
96.0113 80.9227 81.6052 
93.6622 84.3768 94.2803 
109.8919 83.7298 91.9025 
90.8755 109.647 81.2025 
114.6482 98.0433 85.889 
93.4757 81.1724 97.4944 
83.7485 112.2124 103.5022 
80.1666 80.8954 95.3571 
108.0936 92.7909 117.6973 
116.5935 115.5111 105.3481 
81.0318 101.3391 96.3603 
118.1468 100.1237 90.5294 
83.203 108.8244 113.8594 
82.141 119.8706 113.7208 
87.0745 85.3945 107.9845 
119.6138 115.0354 87.9287 
97.6871 111.7166 119.1293 
108.2259 97.0036 116.2061 
93.1258 102.69 106.086 
90.7457 95.1771 85.3831 
112.1463 85.5916 100.2709 
117.6801 108.9194 111.9679 
103.5201 81.575 117.8149 
87.6555 81.5639 80.3394 
114.4622 99.0659 95.2249 
119.6254 98.0859 115.7482 
84.4963 101.4737 81.828 
95.4624 118.388 97.787 
95.0309 98.4552 94.8363 
97.7742 105.8444 95.5052 
87.0151 112.2839 80.1277 
89.3923 94.7264 114.9971 
105.6494 93.4707 91.293 
95.2233 81.0432 109.1754 
110.0683 99.5231 101.3918 
94.7263 82.5755 88.5341 
97.0946 86.2524 97.9193 
85.1612 97.1393 80.0935 
93.1968 107.3977 94.0464 
107.6475 82.2472 113.7234 
82.3626 101.9209 98.9825 
90.523 113.4812 95.3955 
118.5319 91.0519 82.191 

Icoords
94.5124 9.6289
86.6457 48.1469
61.2063 94.9339
12.8504 80.3049
83.3715 47.9002
80.1358 73.9576
19.4349 66.0059
1.034 58.7451
23.8562 3.5117
27.3444 85.8875
59.6095 9.8839
63.9752 57.4858
4.4214 55.5694
74.5947 74.637
23.2319 56.1198
97.6648 44.1467
18.3146 32.1806
97.9629 69.8324
24.0861 68.6706
72.2883 45.75
39.6812 65.6866
53.3808 3.988
75.1298 2.46
55.4793 89.2967
94.608 52.2838
19.5311 65.3559
14.6668 98.9409
1.0353 79.6251
69.8513 59.9974
26.8914 74.2549
36.864 74.4332
9.8852 19.6173
35.8033 61.3823
61.9517 22.5115
69.6785 57.7312
56.6305 3.0777
40.1047 24.452
25.9206 62.7123
84.5858 51.6932
98.7526 34.6344
27.9589 80.9358
62.89 70.7915
50.3237 30.8727
77.0317 2.8889
40.6681 55.9742
46.5125 72.782
12.104 57.0766
86.9802 22.1333
70.1953 56.9208
91.0589 5.8661
57.351 42.9629
13.2233 98.2503
17.0368 27.2684
17.9123 5.1311
9.5078 35.4699
17.7143 27.3651
16.8999 42.1026
96.5583 35.7262
15.2938 66.5192
29.2439 22.3186
87.7561 60.259
28.9365 81.2318
99.7858 46.9312
75.0569 7.8431
2.1296 0.1324
95.7646 62.9347
27.7006 76.5891
40.0547 44.6217
99.0313 22.5791
5.4981 95.0668
31.2527 22.5163
35.6061 52.5116
51.2391 58.6438
15.2434 1.1886
46.7713 92.1924
14.2043 86.372
73.2651 92.5481
44.8251 25.6254
52.4857 27.9368
70.4173 17.9543
95.5991 76.4835
54.9609 38.4742
74.6421 75.0483
88.6552 87.4973
82.5277 37.4593
39.0161 34.9528
63.8261 24.4859
6.5105 3.6104
70.6109 71.8335
57.6072 78.3573
94.7262 58.9477
28.508 48.2133
51.7151 94.3269
90.4236 2.6896
8.9718 94.5795
13.3802 41.336
15.5668 37.1239
49.1442 16.6292
83.4119 18.1338
16.6971 80.1997
38.0381 26.7671
70.5715 2.8929
92.965 59.6736
75.2894 92.3524
85.4028 7.7996
65.7034 49.5152
78.3643 28.4023
33.8065 87.0912
84.9274 27.716
47.3722 3.0525
11.2858 12.7422
75.5989 54.6457
57.7085 66.9113
57.1329 51.1193
73.5889 11.6769
29.2077 72.5648
46.7506 33.1551
46.6463 57.5326
69.4593 97.467
64.4302 38.6195
88.4744 20.1321
60.993 17.2174
83.5166 5.5642
36.6196 87.8272
62.3868 30.7737
55.8822 59.082
23.0113 8.6663
3.6981 41.9714
50.5472 67.57
93.0345 70.59
55.8832 33.874
55.5009 24.4014
31.9978 77.5518
6.2323 62.4363
51.4333 34.6277
98.8127 5.5921
54.0588 68.1804
75.8742 91.6425
65.7519 75.9877
35.2215 22.9757
9.1501 76.883
33.366 24.7883
82.7922 56.6186
85.4791 45.0705
80.7623 85.0326
6.9005 80.473
63.9745 6.2655
81.4375 64.7528
48.8753 81.3088
94.061 78.4203

Jcoords
58.4305 1.6505
37.4642 53.0934
37.666 67.0506
96.1874 16.3801
55.4336 75.6725
13.1094 66.5379
34.7074 85.9371
93.5081 15.3822
86.3518 15.9994
38.2359 61.708
68.8975 67.4771
65.1883 4.7476
63.6886 66.4938
28.2207 69.6433
98.0371 69.9361

C
12.6566 26.8015 29.1933 2.317 23.1829 37.4945 37.5299 2.1083 3.3346 25.5639 19.7009 11.7662 19.9737 30.8327 23.572 
19.275 18.5905 16.6218 12.8131 14.5196 25.1281 23.6565 12.7709 10.5416 17.4801 8.9538 17.3516 10.1858 23.1274 9.4046 
32.3837 17.0011 12.7318 29.0132 6.8769 18.1022 10.3487 32.8413 32.1596 12.7521 9.113 32.0112 9.5437 13.808 15.5929 
33.3628 13.3229 8.848 38.5777 14.3667 4.347 6.839 39.8838 34.7966 10.158 21.7394 30.7636 19.9502 6.8932 30.4645 
18.822 18.4616 17.4385 12.4977 15.1703 24.2791 24.2369 12.9433 12.3865 16.6334 7.898 17.2932 10.1185 23.5113 8.6107 
29.6543 15.2568 14.4444 21.2912 8.4957 24.3106 17.8153 22.4949 20.6057 14.8859 4.5626 24.0173 6.0253 18.6862 5.5942 
25.4715 7.245 6.6488 35.6545 12.4831 2.0605 7.9347 29.7779 25.93 5.9594 15.4095 29.2761 17.2113 2.9858 28.4895 
27.1694 12.2285 11.3361 35.6534 21.2279 5.0459 13.8718 36.4831 32.407 13.8867 21.2522 28.8458 21.5659 9.9526 32.5944 
11.2218 15.4811 19.8578 29.0782 29.0888 22.4287 28.6572 25.7683 21.5666 22.7677 26.1765 14.6712 27.0734 25.5625 39.4911 
30.4029 11.7958 6.5791 37.909 9.3134 7.9103 2.4372 31.0563 32.7726 10.0296 14.4891 32.3745 13.4501 4.9942 24.9804 
3.0783 17.1978 21.9094 14.7821 20.0004 22.9262 29.2496 11.9612 8.5288 19.0487 21.3223 2.7034 20.0124 23.639 21.9018 
19.3242 8.0832 9.6411 19.3854 7.9185 19.6224 13.4535 16.3749 15.3429 8.9622 3.7301 18.3578 3.4014 14.0712 13.306 
25.1616 12.9957 13.3616 39.2849 19.3223 5.3185 14.1876 36.6395 34.8111 11.3721 25.2038 25.7933 21.5028 9.5031 33.3669 
25.5363 15.8619 15.0159 23.336 6.9656 24.1182 13.0673 22.0375 21.0513 15.3623 3.3608 22.6862 5.2755 17.8919 8.5475 
20.3183 5.551 6.8024 30.215 12.4283 4.7325 11.7701 32.0208 27.8374 5.3572 16.2628 20.4092 14.1878 4.8403 28.922 
19.6129 21.5938 21.251 9.4763 18.2081 28.6901 29.1832 9.7275 10.4749 21.2121 13.4969 16.0631 13.6599 22.9402 8.5785 
16.4898 10.1202 12.4465 28.5737 21.1217 13.1631 18.3438 29.8018 24.3863 11.8363 24.4563 17.7326 18.3974 12.2838 31.4119 
28.302 23.5143 18.3799 20.6386 14.132 29.8824 20.3979 16.854 16.8847 20.1205 11.0519 26.117 13.2305 25.728 0.0408 
28.9106 7.6036 4.9645 27.682 11.499 4.4683 7.2634 29.5104 29.5149 6.0242 15.7747 24.3342 12.2279 1.4811 22.4252 
18.1482 12.6985 15.2519 12.8287 10.7768 21.9784 17.4197 14.6225 12.9095 13.5533 7.4898 14.1358 7.0533 18.2668 11.6225 
24.9349 4.189 0.8675 24.508 6.5241 9.1826 7.4235 22.2054 23.1773 1.3613 10.5347 25.9293 9.3466 4.2447 19.3201 
1.8814 18.9241 24.1572 17.7811 23.3142 25.0629 27.8457 14.9001 12.1975 21.8645 23.7052 3.9968 22.73 25.7128 31.8501 
6.1191 22.9645 22.9757 8.5144 29.2572 26.8601 30.4774 8.5867 6.482 25.1266 22.2855 3.8979 25.6939 29.1704 21.7766 
31.5705 13.6963 10.8439 27.4415 4.2372 16.112 7.8486 24.9787 31.5431 10.8111 9.6595 27.3697 9.5076 12.0608 15.4197 
20.9092 20.991 18.2771 13.5488 15.0016 31.1914 25.0574 11.5221 14.468 22.7475 11.0885 17.9842 10.3344 23.8041 6.3711 
27.1476 6.9498 6.3202 34.4306 13.2873 2.1998 8.3721 32.4067 25.2956 6.9063 16.0885 26.7177 13.5609 3.0939 29.8987 
36.8687 15.9343 14.9725 39.2282 14.833 10.3485 7.7475 42.2538 34.8942 14.4227 20.1571 37.7525 23.1152 10.417 30.8333 
34.5747 15.9446 13.9424 44.7874 18.9042 6.2713 13.145 38.0244 35.9198 14.3526 27.3557 32.6075 23.6086 8.9515 36.9369 
22.0931 13.0108 11.8814 18.205 7.239 21.322 15.7249 17.8262 16.6675 12.0282 2.955 19.3674 2.7051 14.2815 10.0419 
25.6949 8.4262 4.1489 32.2589 9.9021 5.6927 4.5976 27.0888 28.4272 6.2908 16.7389 28.5297 13.7942 1.4912 27.3132 
27.009 7.4697 2.5018 26.8596 6.216 9.5874 4.0134 31.3232 25.3306 4.7241 11.0534 28.464 10.7424 2.9813 20.2355 
18.4485 16.278 17.1066 31.1166 25.7203 15.9624 21.4138 27.7482 25.3464 17.7264 30.3085 22.2942 24.7761 16.6927 39.9209 
19.3155 2.9749 1.849 23.293 7.8281 7.3843 9.6424 28.1532 22.5398 0.763 10.7379 22.9695 8.7034 4.3474 19.6686 
6.753 15.3381 15.9495 12.0236 17.2407 25.0071 26.4245 9.9417 7.796 15.4709 13.7407 6.986 16.1673 21.7344 22.8358 
20.185 11.2253 12.583 17.9774 7.0742 22.4651 15.5856 17.6393 16.5017 12.1131 3.5119 17.3877 3.8954 17.0427 9.9165 
0.8293 17.4024 23.0267 15.7712 23.9886 28.5176 26.116 12.6231 11.3755 21.7035 22.1256 3.2226 22.8304 28.8341 28.8773 
9.0041 10.7573 16.7814 21.9107 17.975 15.3899 22.874 20.9089 18.1612 12.433 18.6218 12.5868 19.1132 17.0276 28.6589 
21.7631 4.8368 4.1507 32.2781 11.8844 4.9323 9.1851 32.1549 30.4225 4.4013 14.3644 25.7859 12.9926 2.5618 26.1861 
20.2655 18.1923 17.1509 12.6973 14.729 25.755 18.6104 13.0308 14.245 15.345 6.7119 17.6259 9.9946 19.3967 9.0369 
15.9773 23.3692 22.5099 6.7246 20.145 29.8853 27.4161 6.5388 6.8585 21.4271 15.9606 13.7747 14.4403 29.0166 10.6527 
27.4779 8.9996 5.4146 28.6482 10.0344 7.8515 2.6467 36.655 33.3337 7.3211 15.9965 33.8767 14.3747 3.7207 22.7989 
25.573 10.6413 8.5603 23.9919 3.2208 19.6101 9.6367 19.3463 21.368 9.6663 2.6717 20.3538 1.6183 10.6667 11.7637 
9.9803 9.8355 12.9895 15.2426 15.236 15.8759 21.3719 16.8191 14.7997 10.5851 15.2654 11.0222 12.8709 17.5569 21.5703 
5.8183 24.6165 23.6741 8.2754 26.6861 35.9113 28.7464 8.0973 5.3163 22.0614 20.6232 4.2835 25.1379 24.9991 25.5327 
21.307 1.5097 4.082 22.4282 9.4459 9.7573 10.0296 20.5892 23.6442 2.3929 9.6509 18.2702 9.5242 6.8865 20.1811 
24.017 8.0887 3.5059 22.7354 3.4482 12.5053 5.8664 29.2657 24.0071 5.3144 7.8125 22.7245 6.6159 5.9686 19.0673 
26.1643 8.4843 9.6969 33.1154 16.4323 3.6374 11.3421 33.5843 28.9095 9.4612 21.2649 23.8604 17.9282 7.1407 31.4194 
12.0767 19.8321 20.8918 3.3472 20.5255 34.0191 30.5103 2.8633 2.044 20.4936 19.3313 9.8937 18.4431 25.397 18.3257 
21.1964 10.8056 13.3248 15.0299 7.4936 22.2241 16.4017 14.7711 16.5995 12.8811 3.7427 20.8603 3.638 13.5879 10.3573 
12.5578 24.3304 30.647 4.078 29.5382 39.383 37.383 3.4313 4.1911 30.0013 24.7628 9.5759 22.8628 31.2829 25.2124 
15.9355 7.0459 9.6622 17.0838 12.0479 17.6861 15.1456 14.1611 15.103 8.8671 8.999 13.7357 8.0711 12.4116 18.911 
34.3321 18.1842 14.3397 44.0589 15.0405 12.2664 9.3577 38.918 36.9468 15.7337 20.8714 33.4824 22.5445 12.6099 27.0749 
17.4955 12.0119 14.5193 26.3577 20.0489 15.6678 21.3349 26.2118 27.4861 15.1816 20.9794 17.7547 20.4734 17.4471 35.9521 
15.295 17.4961 22.306 24.4909 25.0884 21.946 26.0969 26.2353 22.6948 21.5878 28.4544 17.0199 26.8559 23.7281 32.7086 
21.3869 11.722 15.2531 34.6152 18.4696 11.7629 22.5015 29.0113 30.2345 11.6915 24.038 23.8732 21.7022 14.6144 31.1701 
14.8129 12.0624 13.6943 26.838 23.0263 12.2075 21.3272 29.2668 27.1192 14.9507 20.4709 18.9732 23.6052 17.2949 29.3174 
21.4625 7.6783 11.5329 29.1161 16.8342 9.1393 16.0204 30.0278 26.5397 10.7645 21.8937 19.8719 16.5312 10.0675 31.5236 
16.8544 24.471 22.8263 6.1764 19.6247 29.72 31.6513 7.2288 7.5206 21.9254 15.9091 15.6204 16.7215 23.3833 10.4266 
24.9053 9.1052 6.8657 35.2517 12.6104 0.7845 10.1842 34.557 30.2886 8.6521 16.4375 29.8246 18.3368 4.1187 25.6557 
11.8449 11.1966 18.1434 22.2252 17.9435 15.1945 25.2793 24.9436 19.449 13.7652 20.8418 13.3871 20.8439 14.8492 33.1483 
21.6203 17.0078 18.2379 15.5983 13.5897 22.6753 19.1603 17.1791 15.4987 15.0358 7.1907 19.8706 8.6594 23.1861 4.7553 
33.4307 10.2731 6.1731 31.2136 8.7016 8.4054 2.5651 36.4201 32.4488 8.3885 14.1493 29.0656 13.3817 4.3714 26.0956 
21.5124 21.2739 23.004 10.2562 17.5622 32.063 24.1882 11.5063 12.8215 19.1859 14.3382 21.5718 13.8445 27.3226 8.7486 
7.0082 18.8722 26.2387 8.1747 26.7403 33.4354 34.4224 6.4101 4.7299 21.1271 22.2479 3.9209 22.5348 24.4725 23.822 
20.5742 22.1686 24.496 29.8379 28.2353 24.2777 34.7024 35.5654 32.1475 22.0281 34.3105 23.1728 33.5456 27.2335 38.8126 
25.7836 22.2725 21.7076 18.5109 13.2382 25.3662 20.8462 16.6097 14.6578 21.5321 8.8557 21.8097 11.9152 24.0757 2.332 
24.8248 9.2182 4.7798 31.7249 9.8728 5.6538 3.7022 31.9494 29.6073 5.7069 15.7167 29.8043 11.5757 2.4873 22.0571 
15.1843 3.0988 7.3915 25.0279 13.6974 13.1533 13.9936 20.9958 18.0055 5.3404 13.6125 15.2432 10.1274 10.6758 21.8969 
15.3796 22.4695 29.1698 2.0645 27.1433 34.7064 29.6955 3.0491 5.2869 23.4104 18.4713 11.6558 19.0306 25.7369 17.2607 
40.4572 20.5499 16.3038 37.6291 20.576 11.3206 10.6835 39.3333 39.0833 18.2798 22.3883 40.7712 24.8806 10.7681 33.3412 
12.3419 10.2872 17.1831 24.0155 18.6639 18.8027 25.1836 24.4886 18.2151 13.7261 18.1314 15.0696 20.8854 14.9701 28.3235 
21.92 0.7718 5.812 25.0973 11.3479 10.1219 10.9909 26.9014 19.5988 3.7686 13.2716 19.7651 11.35 6.5892 23.898 
22.0302 5.3924 6.1117 24.5494 6.8976 14.7615 12.3012 20.9575 17.4337 4.247 6.0497 18.8339 4.4639 8.7096 16.7435 
15.5612 19.5073 23.8779 26.1072 33.2362 22.0017 28.6603 31.6574 26.4317 24.5299 29.4221 19.0422 24.8979 27.3818 41.8515 
30.3264 15.8676 9.8509 28.8952 7.2244 14.2292 5.062 30.6959 34.3012 12.2733 11.5905 30.8839 11.7869 11.0811 22.0201 
30.6494 15.9442 9.7624 35.2387 13.2939 6.3764 6.825 31.9415 30.82 10.4823 23.0592 33.6162 18.0408 7.4989 28.892 
35.5323 16.3505 13.7583 30.3216 8.6272 23.4626 15.0339 30.6264 24.9908 15.196 9.3473 28.2501 9.3046 19.2684 10.1292 
9.6124 11.0621 16.2902 19.0694 19.819 18.2216 20.0648 17.8997 16.3179 11.5797 17.9943 8.793 14.4578 18.6771 22.7403 
10.6103 10.0734 12.8159 17.521 18.2602 17.976 19.1395 16.7827 14.3059 11.088 16.6706 8.7518 12.3025 14.6347 24.5666 
6.9146 15.3287 20.4024 8.8453 20.6742 24.5376 26.9844 8.6824 6.0026 20.1995 15.4832 4.4601 18.4401 21.0719 20.6495 
32.3108 23.0603 22.0932 19.9793 12.257 28.7648 23.0155 22.0888 23.9853 21.7395 9.0766 25.5252 12.2214 22.6336 2.7541 
12.1872 7.4352 12.6629 15.6458 13.7645 20.1357 19.1862 17.8436 12.9372 9.7677 10.1134 13.4382 9.5819 12.9281 17.6937 
30.0066 16.5927 14.0997 20.4998 6.3152 22.667 16.4825 23.8546 22.3037 14.1794 3.2275 24.7416 4.4307 14.7122 8.8484 
28.7416 21.4269 19.7715 26.0172 11.3583 29.8623 20.9297 28.8029 24.0 17.505 9.3609 28.41 10.9722 23.3981 7.2851 
15.3224 17.0951 20.6746 9.3113 17.8006 23.8206 26.1415 9.0097 8.4751 18.355 12.0793 12.1177 10.6117 20.5416 12.485 
14.3399 7.1043 12.2626 21.0273 15.2613 12.3042 19.8933 20.3112 16.6735 10.0509 17.6138 13.3809 13.2347 14.4599 25.3239 
7.715 13.0009 18.4056 13.1576 19.0933 22.9272 21.9916 11.6053 9.1327 16.8937 16.2898 6.6795 16.736 19.2358 19.0912 
15.6806 21.3156 24.4615 27.573 31.3386 24.9927 26.6721 26.741 31.1068 24.2209 30.7127 22.425 30.7756 26.2332 42.8391 
23.7559 13.548 10.9858 21.6606 4.789 18.7786 12.1972 22.9905 21.9222 10.3902 1.7999 23.1663 3.1718 13.1627 9.9355 
23.8802 10.1651 8.7889 28.6468 1.0937 16.2754 8.0952 26.8212 21.6292 8.3883 5.8124 25.8405 5.0393 9.8084 15.2347 
24.926 21.4528 19.6931 13.8639 16.2275 31.2958 22.8946 15.4282 13.6566 19.4389 8.7912 18.666 11.1988 21.9055 3.7356 
21.9235 3.1231 7.245 25.8556 12.0719 7.2357 14.9134 28.6623 24.2325 5.8158 15.6395 20.6909 14.4234 6.7661 28.8387 
29.8457 16.3556 9.8427 35.7619 6.7031 16.2537 6.3721 30.9064 26.1214 11.6824 9.8245 28.6708 10.4684 11.9748 17.1764 
10.2688 23.1251 25.9316 5.3178 29.5258 35.1848 33.5777 5.0197 4.8479 29.1811 24.939 8.6136 20.7537 32.4066 22.4008 
36.5606 16.6938 13.5119 43.5174 19.2319 9.8726 8.5869 45.5478 38.8199 16.812 20.7634 39.199 23.433 10.534 34.6914 
23.8948 8.6593 12.7969 30.0279 16.8627 9.3454 18.3019 32.3261 24.5948 11.0136 22.2321 22.7063 17.0038 10.1926 34.2597 
21.9272 10.7703 13.6308 29.7523 16.8142 11.1218 18.0103 31.7032 24.6504 10.1626 19.937 18.8591 18.4802 12.4399 30.5505 
6.7587 13.8492 16.3408 16.7335 22.314 22.7949 25.4935 16.1593 13.2813 18.167 20.9417 6.9996 20.4497 18.7168 22.0256 
11.5408 17.9615 21.4853 4.3019 23.5192 29.6009 25.3454 3.1477 1.0939 18.9365 18.1921 7.03 16.1017 30.0087 18.5812 
32.5904 10.4797 7.8534 34.7002 13.069 5.5751 6.4664 31.7696 31.033 9.0188 17.6659 27.4454 15.4631 6.2199 31.9004 
9.7737 8.7846 12.6375 17.9513 17.3473 16.7474 22.1943 21.9087 17.5029 12.0513 15.9843 13.3466 16.338 16.4551 28.8195 
4.6621 21.2636 22.8065 11.2324 28.2184 27.8764 31.4521 10.1828 6.3756 25.7129 19.679 1.8681 19.7546 26.8618 23.4017 
26.1921 20.4723 16.7869 13.2975 13.4556 30.3048 23.325 16.7478 13.8038 19.5901 8.4404 21.3579 11.946 25.5741 4.5298 
29.4756 21.0814 16.5264 24.3316 8.7158 24.8095 14.5198 30.4603 27.0411 18.6565 9.7391 28.0605 10.3929 20.5384 11.8261 
11.0298 23.1227 29.142 5.215 26.1018 31.335 32.3297 3.5229 3.2911 25.0919 21.1202 7.1553 22.83 31.274 20.2906 
15.8072 9.0946 12.1299 14.2908 8.5118 19.7737 16.9208 13.5948 13.593 9.8361 6.4127 16.2875 6.6373 16.0012 13.6258 
12.0136 17.5144 16.8488 7.9287 16.2029 25.7959 24.852 6.5766 5.3551 19.8898 14.7955 8.1501 16.3038 20.9317 18.2726 
33.2109 11.4276 6.4737 30.6551 9.1345 10.7778 0.5312 34.9627 28.8547 8.5314 14.6571 33.0277 11.309 6.4267 24.6915 
14.5812 17.0776 22.7508 6.2809 18.7367 24.5081 25.7421 5.8808 3.6884 18.7759 16.3252 11.5204 14.7982 23.9709 13.8771 
4.452 20.3029 25.5554 17.574 26.2161 25.17 31.5599 17.1679 15.7024 20.1418 21.1656 5.4441 24.7809 21.6185 25.3315 
18.0699 16.7673 23.6132 26.7091 26.4977 21.3692 27.3051 25.1483 28.86 20.9708 26.24 21.0285 24.1421 17.9112 37.9473 
21.5307 11.8277 15.034 15.9081 11.4262 22.8427 18.7631 16.2349 13.3942 13.3961 4.7105 16.1022 6.6863 19.2172 9.6202 
25.7535 7.635 6.9449 24.4529 3.2912 15.8466 9.6774 23.8931 21.3103 6.0971 3.5929 19.5538 2.2492 10.3294 15.3801 
16.5085 6.6182 8.9627 17.5781 7.8684 16.8717 16.5204 17.3377 17.5066 7.2176 6.216 18.4217 5.422 11.4412 17.9964 
6.7899 20.6475 22.9236 8.3652 21.9719 30.6614 29.4807 8.0699 4.4279 18.8746 22.354 3.5696 20.0367 23.3269 23.1748 
25.9321 7.3728 3.5723 29.191 8.7785 5.6983 4.7122 27.8282 28.4637 4.3292 13.1768 27.745 12.331 1.0081 26.987 
11.0544 8.1909 11.261 19.9999 15.1535 16.2844 21.3901 18.5779 14.9109 10.926 14.754 11.5247 12.6731 13.7299 23.1054 
19.355 3.1372 4.3864 19.5659 7.4417 13.6261 10.7656 22.2115 17.5882 2.9634 8.8666 18.1324 7.2244 7.0646 17.4565 
38.5314 20.2411 16.6671 28.1663 10.2245 21.0581 11.6252 29.5524 28.3963 17.4128 9.6345 33.3308 11.1091 17.2623 12.341 
14.3032 10.8617 14.9042 15.035 14.3444 20.1501 20.7588 14.7586 11.699 11.7567 10.3577 11.6379 9.7678 14.9103 14.4608 
11.418 23.7162 24.973 3.2705 23.1423 34.2077 32.6484 2.4196 1.457 21.5848 17.4192 9.1124 17.7376 24.1914 15.4981 
5.8452 14.9861 18.8783 10.5824 19.4007 26.2591 28.2456 10.1641 9.0127 18.8748 17.7461 4.693 16.9073 24.372 25.5732 
9.3307 24.5397 24.1604 5.7041 24.87 34.5548 30.5136 4.3621 3.3662 25.4612 21.661 7.2505 19.9272 31.6127 25.0627 
30.5706 13.2236 7.7928 28.9948 8.4958 12.3537 0.8096 36.2828 29.7126 8.1098 12.4775 32.9805 13.469 6.1492 20.2978 
11.145 12.4155 17.4938 11.4879 14.5252 22.5772 21.0398 12.065 8.705 12.1857 14.7391 10.1852 11.5238 18.2836 17.6247 
18.8963 6.7727 7.5933 17.7156 6.5905 13.3206 12.7904 22.9165 16.1999 6.6599 5.9226 18.6325 3.3488 11.4469 14.7 
13.32 14.1325 22.9344 24.5174 22.4729 20.0034 28.7049 27.0659 20.8634 19.4908 23.7059 15.1729 23.1688 18.3658 34.9877 
23.6506 12.1121 16.0996 34.4033 23.7159 8.742 17.41 34.3557 31.1984 12.1009 22.8655 21.8011 22.1128 13.8801 37.0069 
24.3316 6.5406 4.8821 22.9886 3.1167 13.464 9.5803 21.7997 22.2434 4.5448 6.1199 25.725 5.1107 7.1169 15.8052 
26.5273 19.1907 17.166 17.2624 15.124 30.2665 22.593 18.0923 21.1578 19.0246 9.3819 23.3196 11.6744 25.0013 1.7133 
10.6766 8.5105 14.3902 13.8534 13.5393 19.2835 18.8567 15.2811 12.3601 10.4869 12.6124 9.8274 13.3492 17.7616 18.473 
8.6089 10.4518 16.1937 15.858 20.288 23.5616 21.1945 15.5626 11.2838 12.6489 15.8294 8.6704 16.4578 16.668 19.0487 
31.6345 8.9446 3.7375 33.9604 8.377 8.7438 2.9089 30.2423 25.0536 5.4012 15.1968 25.052 11.2979 3.2208 22.5756 
31.9848 10.3112 12.0919 33.7338 18.1384 3.1669 11.9844 32.0162 32.8374 10.8072 22.6763 27.8057 20.7415 7.0228 29.0977 
12.9924 7.8817 11.0746 15.4805 15.7369 16.6814 18.3001 15.5505 13.8518 9.1158 13.7429 11.2958 13.5473 13.1452 21.8206 
15.5845 27.6836 31.8865 3.7017 29.7782 41.6239 31.9046 4.3782 6.0931 32.9472 24.4701 10.41 21.6749 28.6054 25.4435 
20.4154 8.7445 6.2473 20.0908 2.7879 12.4545 8.9559 25.3944 20.183 6.0313 4.8845 22.766 3.453 9.6505 15.189 
34.7051 20.9456 13.9314 23.9012 9.8363 21.1653 12.493 27.2701 27.9344 17.3271 8.2626 31.9643 9.7781 15.7617 9.4493 
23.8059 13.5849 9.3844 26.7445 3.7659 20.8534 10.1646 20.1444 20.4107 9.3653 2.9407 22.9614 3.3878 12.9226 11.8251 
11.2584 10.9026 13.5915 24.0565 22.4519 17.6359 23.1013 22.1127 16.89 15.0619 20.1241 12.9708 20.5668 14.4306 28.9402 
35.6956 13.9716 9.5105 38.6583 15.251 3.3707 9.4166 33.4695 31.1873 10.5473 22.0522 29.0658 19.9314 7.7046 26.8812 
13.5456 9.7212 16.5674 23.223 20.5602 18.2508 20.4531 21.5613 17.6866 14.0914 21.4556 13.0459 19.7282 14.0504 26.0512 
23.6891 14.7852 15.076 12.7228 12.3257 23.5087 20.359 13.0417 14.2223 15.3284 5.8705 17.4848 8.2407 21.9368 7.925 
20.0787 16.5027 19.718 11.7625 13.492 27.1374 25.5227 10.3521 10.1707 18.1015 8.4489 17.6725 9.6257 21.0353 10.9422 
33.691 21.3924 18.3848 25.8517 8.1765 21.9874 15.4406 24.9665 25.1895 14.6818 7.3123 32.1974 8.7253 21.8449 8.4609 
29.1556 13.5576 12.4597 39.1607 15.5722 5.4112 10.6752 38.8293 31.4736 14.0217 22.0882 37.8037 20.1358 9.5485 30.5873 
2.7729 16.4662 23.3542 12.2291 25.4058 24.3699 27.2455 10.2308 8.0553 20.2204 23.9864 0.6847 18.2132 23.5912 26.7392 
22.4602 17.3419 17.2697 15.8693 9.5469 21.6264 18.1014 18.3274 17.601 16.8818 4.1218 22.5788 7.1265 18.3623 6.9508 
29.0831 9.5811 7.0461 28.9457 2.6807 12.1467 5.3567 28.8442 25.511 8.3076 7.9138 26.9909 7.517 8.0201 17.5349 
31.8059 19.7363 22.0511 22.1179 12.3533 25.2821 22.0764 20.0595 20.3718 23.2334 10.4656 23.9363 9.962 26.3765 3.5998 
11.8103 24.3917 26.8582 2.6015 23.9963 29.9956 38.4121 2.2024 3.3884 24.0381 20.264 11.1478 19.715 32.5765 21.3006 
18.4972 18.5905 18.4646 11.1846 16.5546 30.1234 22.5517 11.134 9.9597 17.2639 9.169 17.2305 10.5326 24.0052 8.7137 
32.8316 16.6259 13.6113 28.0243 6.7502 22.079 9.4448 32.2317 25.6067 15.9351 11.2715 29.8085 8.8071 13.8662 14.4889 
28.4902 13.9466 8.8761 41.2665 15.1291 5.4678 8.8523 32.1182 36.4373 10.3028 19.129 28.7874 16.0887 5.8045 33.1333 
19.7416 17.0294 15.937 12.6815 14.8828 28.6116 20.2344 12.0475 11.9861 14.9059 7.7617 17.6164 8.7295 22.2367 10.5536 
28.3256 15.2235 15.5761 19.755 7.6093 26.8529 18.1019 21.8339 20.0928 17.3917 5.0854 25.5609 6.159 16.2429 6.906 
27.3151 8.4647 6.4461 27.7577 13.5901 1.9996 9.5392 31.348 25.5124 5.8745 16.0379 28.4503 13.5203 3.2407 27.8442 
29.1367 12.6672 13.4283 35.0701 21.359 4.6463 13.0321 39.7106 34.974 11.7258 21.3959 28.5272 22.7843 8.8513 36.2561 
11.3499 15.5017 22.4457 22.9144 28.6792 19.6923 26.7201 21.4866 23.2045 19.5785 25.0265 15.0806 26.2463 21.6522 36.5935 
31.9742 13.1617 7.5973 35.9817 9.0803 7.6942 2.6427 32.0135 34.2178 8.2608 18.1296 30.2436 13.1247 5.0056 24.4006 
2.9169 16.6831 23.4463 12.1964 20.1718 22.5891 26.6328 11.3018 10.5423 20.7024 22.8041 2.6086 18.2473 25.2995 22.6076 
19.1615 10.0637 10.2178 19.5421 7.597 17.1011 15.825 17.1257 15.5691 9.2022 4.4385 15.9892 3.5654 14.5282 11.8554 
22.9713 13.1846 11.1247 36.0718 18.9165 4.6875 14.3892 38.9362 35.9393 10.4236 21.0075 29.9285 20.2312 9.7796 33.3575 
25.4616 15.0462 12.7576 20.8818 6.5128 23.6034 15.1401 23.1322 22.9829 14.6677 3.0881 27.5732 4.09 16.1568 9.3102 
25.2665 4.4728 6.806 32.4581 12.2776 5.5634 10.9746 31.1029 27.9571 5.9192 16.5122 21.6562 14.973 5.6 23.384 
19.1502 23.6266 22.0088 10.6552 19.1198 31.6729 23.0322 10.4715 10.7995 22.9968 12.6821 18.4986 14.4976 24.4271 8.514 
16.9132 11.0786 13.0247 24.3464 22.1909 10.6507 17.5682 23.222 22.2952 13.6849 19.5218 19.0035 18.4145 11.8886 29.877 
27.9473 23.3762 20.4443 18.1357 14.484 27.9463 25.4109 19.3124 19.0325 19.1319 11.2531 28.2012 12.6967 22.75 0.0504 
28.2554 7.1313 4.509 29.7839 10.5032 3.9171 7.8715 27.06 25.8041 5.3366 14.0937 27.1309 12.7316 1.6553 26.9147 
16.4656 12.88 13.9917 14.9453 12.2364 21.301 19.6811 11.592 10.142 11.406 7.8417 13.4742 7.3363 19.9461 11.0184 
23.2869 4.0113 0.8539 25.2579 5.6848 8.736 7.7967 24.7398 23.7772 1.4066 9.8936 25.2092 7.8573 4.1526 18.0505 
1.7612 17.4477 23.0848 15.3301 28.6282 24.0958 26.7698 15.6593 13.1976 22.3657 22.117 4.1707 23.7309 23.3855 29.3731 
5.4788 22.365 22.8637 9.8219 29.6591 28.4652 35.1983 7.2342 6.489 23.8633 21.3123 3.9612 23.3717 26.2452 27.912 
34.1663 14.2665 10.7869 31.0074 5.2304 18.1704 6.6387 25.8515 29.3797 11.4553 8.494 32.7313 7.2707 11.9701 18.6738 
23.3797 22.7684 23.0243 11.3781 18.1771 27.8571 27.1254 12.4118 14.7917 22.7074 10.0164 18.8283 13.2439 22.7954 5.4109 
29.6183 8.1229 7.1544 28.2267 14.5349 2.5302 9.8783 27.0949 25.1378 6.4833 17.6203 24.2895 17.183 3.7829 28.3889 
33.551 15.9906 12.7785 44.2173 18.6586 12.3825 8.1249 39.6919 33.0634 15.7095 19.2167 34.9841 18.9178 11.4016 35.1586 
37.7117 17.4903 13.1717 35.5328 21.1676 6.4351 12.4838 39.4432 35.0045 13.3079 24.0811 37.3995 24.3255 10.4111 36.6639 
22.111 12.2657 12.4844 19.4023 6.6831 22.8242 14.6241 18.6493 15.2953 10.1254 2.4702 17.2382 2.7508 12.9397 9.7969 
24.2543 8.6012 3.948 31.8075 10.5279 5.8206 4.9195 29.507 29.8589 6.6544 15.7858 29.2677 13.6437 1.8828 26.4508 
25.1189 7.0663 2.556 32.2548 6.1602 8.1655 3.7536 27.7392 26.6783 5.0402 11.1026 24.9135 10.4962 3.2738 22.9712 
19.3854 15.172 18.7942 33.457 24.6658 16.2634 21.8387 31.7253 28.6611 17.975 23.3411 18.5775 22.3713 20.6941 30.9379 
24.9044 3.346 1.8084 22.7809 8.9256 8.8574 8.411 27.8506 21.6092 0.9066 10.6303 24.2137 10.5518 4.2678 20.2717 
6.4166 14.5702 17.791 13.2061 20.3899 20.2924 25.5616 11.3263 8.2101 17.7707 18.0039 7.1756 16.7703 22.088 21.3877 
20.8028 10.5548 10.6959 15.4282 9.1566 17.5702 15.1948 14.8112 14.3401 12.148 3.2597 20.5728 3.3392 13.4107 11.8245 
0.8987 17.622 25.262 16.5891 26.3119 26.8786 33.8557 12.627 9.7356 22.6313 20.8669 3.1215 22.8368 24.0356 28.5942 
11.3034 9.5291 16.214 18.664 19.6431 17.9749 19.4608 18.3847 16.055 13.9251 17.2137 10.6601 14.9821 16.6398 27.7235 
23.2573 4.7692 3.9904 27.5311 11.5299 4.6782 8.4253 32.8892 29.4601 4.9202 14.4249 21.249 12.26 2.3018 26.8891 
17.8827 15.4816 15.0379 12.7456 13.2531 24.5358 20.8793 14.3544 12.6546 14.6052 8.3765 20.0031 8.115 18.7933 8.2481 
17.587 21.3466 24.4808 5.79 19.065 31.96 27.4735 7.8139 7.3554 22.2691 15.4591 15.2938 18.9173 29.9142 11.7614 
30.5781 9.4821 6.0076 31.4942 8.5545 8.0686 3.1087 30.7776 30.12 8.6074 14.2943 25.6768 14.2938 4.4538 23.4728 
24.0418 10.7218 8.5833 20.7385 3.3036 17.9014 11.758 24.8287 22.9415 8.6757 2.4974 20.3274 1.4233 13.5354 11.7953 
9.2494 9.4324 15.1473 16.3921 16.3768 19.2057 18.2526 17.5302 14.8816 11.2012 15.368 10.0754 11.467 16.3206 24.524 
6.3999 22.6733 24.2613 9.1728 29.6318 31.6896 34.9263 6.5713 5.8423 24.6967 20.506 4.1336 19.5423 31.3915 22.371 
19.8838 1.5856 3.5908 21.0303 8.668 9.412 9.7791 24.9269 23.6564 2.4384 10.0533 19.3038 10.0456 6.3689 21.9288 
28.3732 6.9165 3.6545 23.9229 3.5504 13.2257 6.1174 23.828 25.9701 4.2526 7.3846 23.3454 7.2103 6.9727 18.5874 
23.571 9.6446 10.0097 35.2826 16.0504 3.058 11.4375 29.807 27.1615 9.2887 17.4888 28.2434 17.2099 7.9684 26.2408 
14.0198 20.7139 22.2125 3.4102 23.819 27.9513 24.8767 3.3723 2.0786 22.5404 18.6625 10.1251 15.487 26.0619 16.736 
22.0836 13.1355 10.6332 14.6976 8.6773 21.4426 15.8287 16.7384 15.2224 12.5353 3.4332 16.9765 4.1172 14.0134 10.2067 
11.7155 26.2306 30.6226 4.6336 25.4942 37.9013 36.0416 3.1503 4.4603 24.1286 21.2992 10.0498 26.5147 28.955 20.5463 
15.4437 8.5479 11.7278 14.5706 12.4542 16.8038 15.0193 16.2757 15.3446 10.1869 8.2105 11.7071 8.6365 13.881 19.3747 
36.8278 17.8357 15.6714 37.7415 17.9989 9.8753 9.2785 45.7947 38.5317 13.3468 19.8281 34.7554 20.6186 12.0705 28.9169 
16.259 11.8011 17.1454 25.8863 20.0366 14.4325 19.0495 30.7701 22.3035 12.3386 24.3721 17.7334 21.083 16.3646 28.3717 
15.2259 17.3615 21.513 26.4599 25.7037 19.7902 30.6197 26.0828 27.2823 22.3754 26.2718 16.5992 23.1659 26.0146 33.904 
22.9214 11.1371 14.5169 33.7986 20.203 12.2258 21.1702 30.92 27.7691 15.5549 20.9885 19.269 19.03 15.4833 30.0111 
15.7087 10.3856 16.0662 24.5084 21.1754 15.2564 20.2417 27.2487 27.0705 13.0223 24.4832 18.0003 19.1558 17.0205 33.6628 
19.4044 8.1656 11.6141 25.1734 19.5172 9.53 14.7665 30.2469 22.6741 10.3067 18.6073 23.2908 18.5257 10.1151 25.948 
18.5368 23.467 25.3611 6.1087 22.5773 32.0951 29.8509 6.8626 6.912 19.3268 15.3448 14.5799 17.2303 26.5952 11.4299 
24.4379 10.0176 7.4878 35.2327 15.4635 0.6866 8.8936 35.0055 31.1779 9.21 16.9254 30.3328 15.2879 4.2105 26.5501 
11.5158 11.7222 16.9236 22.0907 22.4665 15.1898 22.623 24.3748 21.5979 14.7995 22.0137 12.5149 20.4237 14.8256 29.7682 
19.7787 15.5447 17.2774 15.3481 11.2872 24.0013 22.1307 14.1975 14.9009 14.9466 7.7823 23.7297 7.9061 23.6441 5.272 
28.9155 10.0144 5.7618 29.0181 9.7114 7.6236 2.5436 29.1066 31.38 7.5278 15.6707 33.2976 13.6535 4.0277 22.0766 
21.4633 22.351 25.2502 9.8193 20.5958 30.6322 25.7512 11.4291 11.3546 24.5979 13.8856 18.6748 15.0352 28.9143 8.1142 
5.9791 19.3546 23.2486 7.3292 22.0659 28.7077 29.4472 7.0021 5.3123 24.7222 23.4109 3.5093 19.9659 24.0926 20.2864 
19.0197 24.4542 26.5114 34.0282 29.8255 20.6498 30.7742 35.7229 29.0707 22.1209 29.8723 23.274 29.3909 29.305 39.4531 
22.1381 20.7056 18.2304 16.6207 16.7952 31.6456 20.0176 18.6806 16.5247 20.7093 10.1255 22.4473 10.408 25.983 2.7876 
31.8309 8.661 4.2101 28.7612 10.2002 6.2279 4.4791 34.6365 29.8181 5.6577 15.4341 25.6635 14.0613 2.5381 24.5934 
17.8436 3.4426 6.7938 25.0907 12.8658 11.4827 16.3224 18.4612 18.5879 6.5879 11.1248 15.4648 11.1418 9.4551 20.7834 
16.9052 22.82 26.4188 2.4198 21.5649 34.8898 32.7021 3.3666 4.6612 23.5333 16.2489 12.0689 21.9393 31.8587 16.2328 
39.1258 16.0126 16.8626 38.1334 19.4779 9.8324 11.9229 42.0877 39.7053 15.2137 25.2854 39.7535 20.5891 13.0732 30.196 
11.9307 12.2841 17.75 22.9393 19.3706 15.0936 20.8964 22.2328 22.1489 15.6609 20.4359 11.8825 16.5247 16.6655 30.9855 
18.8483 0.642 4.8267 26.6703 10.6802 10.3844 11.4056 25.9109 24.2 3.0369 13.9614 17.7706 9.5054 7.0911 24.2804 
18.2446 4.8593 6.0765 21.3843 5.3262 12.7796 10.8588 23.9211 19.6654 5.126 6.1563 21.7789 5.1527 8.9928 17.1816 
17.0728 18.8242 25.1719 31.5181 29.8 20.2887 33.295 26.0895 27.0128 19.655 31.9123 16.2432 25.4508 26.5179 38.2572 
33.5124 14.911 8.1129 28.9133 6.2451 13.1372 5.3256 35.9557 29.9567 12.5741 11.5673 29.7401 10.9715 11.23 21.1594 
36.9475 14.2106 9.3916 42.8707 14.1628 6.6605 6.8024 40.5841 30.4269 10.8301 18.4531 38.0432 21.3044 6.7896 33.4027 
31.5259 16.8513 13.8809 28.5875 9.5749 23.7838 12.362 29.6291 27.7244 14.5473 8.8663 30.6483 8.4636 16.2819 12.6916 
10.3181 9.9502 13.0406 15.9956 16.5449 18.0042 19.8752 19.1384 14.5958 12.9661 18.8102 9.9362 15.2725 14.3583 27.3105 
8.4758 10.9759 16.6263 13.8279 18.1645 20.4132 19.9827 16.1477 13.6631 14.2366 15.7159 9.6772 13.0091 16.2077 23.4018 
6.089 15.4058 18.0535 9.4985 22.642 24.8756 30.4246 9.2144 5.9946 18.5972 17.8663 5.4004 18.9448 24.555 18.2243 
28.342 22.2144 18.5655 22.2814 13.5867 31.9802 20.9697 19.5455 20.2223 18.7362 11.1958 27.5198 11.1113 24.11 2.5278 
13.6481 7.0316 10.7356 18.4241 12.4104 18.236 18.3296 16.6393 12.8253 9.2753 9.9429 11.7043 10.2657 15.1498 20.8729 
24.091 14.3346 11.512 19.4998 5.902 24.3318 14.5329 24.0987 19.4141 14.5788 3.2617 26.3376 5.4259 15.6936 9.2411 
31.381 20.8471 16.8654 27.1185 11.8661 25.2838 21.3507 28.7378 24.5651 22.0582 9.3384 32.7795 9.8434 24.0723 7.9621 
16.9971 15.855 18.3314 9.565 17.0511 30.0223 23.4994 7.979 7.0059 17.0724 11.4364 11.4031 11.7435 22.2587 12.7729 
12.2853 6.7202 12.5646 19.0075 16.9868 12.533 16.4652 19.2517 20.3141 9.9411 15.591 13.3249 12.6941 12.2219 26.0031 
8.1585 13.2616 15.4429 10.5087 19.5861 25.7668 23.712 11.5121 7.6667 14.59 15.359 7.7993 14.4172 22.0363 21.4293 
17.0211 21.3623 23.3872 34.7199 29.1872 20.108 34.5128 33.6149 25.249 23.4266 33.4804 22.2959 27.07 27.4566 37.244 
21.4124 11.705 12.0111 20.8484 5.5983 17.3754 12.1933 19.6461 18.8476 10.7497 1.4442 21.4971 2.7548 14.521 9.6331 
27.8615 11.3057 7.5785 24.0914 1.3476 15.3086 7.9698 27.952 21.0661 10.1789 5.7058 23.0803 4.1834 11.8682 14.322 
21.0532 18.1373 21.9811 14.013 14.3742 24.7956 20.1833 13.5367 13.9148 17.6799 9.6018 18.5426 12.2305 21.5552 4.0994 
16.8425 4.037 8.2881 23.5072 12.791 7.4056 14.7376 21.8463 23.6631 5.7925 14.7222 20.3838 14.13 7.1411 24.3297 
33.4603 16.155 11.0547 34.6401 6.182 17.5951 5.8373 32.4785 29.0504 11.5694 12.703 30.8992 12.0925 10.4072 15.721 
10.5313 23.9732 26.0148 4.8336 28.2713 32.9788 38.416 4.4319 5.2529 29.0945 25.8061 7.7375 21.8121 31.9863 23.24 
35.4552 16.714 13.2972 37.9533 15.1939 10.1788 10.2267 38.9913 41.213 15.3861 21.4211 41.488 18.6172 12.0681 28.3981 
22.568 9.6965 13.0905 30.8755 20.2776 7.7097 16.1563 33.042 30.3187 11.6017 22.5144 23.6577 18.1963 12.4267 28.1297 
17.9824 9.025 14.8324 26.2643 16.9196 11.6118 18.1571 27.1314 25.5221 11.4902 23.6924 22.8585 21.7444 10.9988 33.7369 
6.6741 11.6208 20.6484 17.7261 20.8177 24.5616 26.4634 17.3798 12.2133 18.2412 17.3687 7.3689 18.6577 22.3644 25.0708 
11.9688 19.6935 23.7959 4.1626 24.5877 30.941 25.6794 3.4637 1.2076 24.6545 16.0833 7.5704 17.1724 27.6684 17.2301 
35.2499 11.9822 8.2419 32.3556 12.172 4.9593 7.2622 36.5034 36.7641 10.5886 16.3657 34.8448 18.6742 5.3729 32.4005 
10.0067 8.6898 13.5117 18.3589 15.6552 17.1135 22.2417 19.5757 17.5177 13.2603 18.1605 12.1371 17.6999 14.3526 25.6042 
4.5962 21.7447 25.7772 10.086 27.7724 31.3149 34.5096 8.5061 7.5469 23.3705 19.5497 2.261 22.6398 30.2294 28.053 
22.0259 21.9534 19.727 17.3566 16.1361 29.8239 21.721 15.2728 13.6845 17.4378 8.5492 19.259 10.9149 20.6807 3.6964 
32.6953 19.7948 15.0664 25.6396 8.8817 26.8293 15.8797 27.3201 24.4952 16.3533 7.7487 34.3834 8.9163 20.5123 12.5479 
8.5953 25.2332 26.4104 4.836 26.8734 35.8154 34.0435 3.6949 3.2242 24.877 24.4452 7.6132 19.3316 29.6653 23.8921 
16.5576 11.2294 11.2403 14.4168 9.1666 18.7621 16.2416 16.879 15.3409 10.8759 7.157 17.2009 6.6407 14.9419 14.8878 
11.8435 16.6783 17.9825 7.8277 19.497 24.0726 24.0431 7.7849 5.6871 15.7178 15.3745 9.7801 12.6422 24.4701 15.1705 
30.579 10.6617 6.7472 32.9559 7.6206 9.5294 0.5392 32.0794 33.0538 8.6422 15.3687 26.6213 13.2906 6.5 20.7956 
12.0946 16.5986 19.6886 5.2791 17.6445 25.9286 24.0505 4.9943 4.661 22.7898 17.1397 11.0389 14.9927 27.0105 15.9284 
4.1076 20.3999 21.0243 18.9352 28.2327 28.0917 32.7002 18.5051 15.1602 20.771 23.02 5.641 24.2634 23.5586 27.0516 
14.6652 17.0415 22.2004 28.8081 26.736 16.1964 28.089 32.1573 27.2746 21.8651 29.7366 16.9634 29.6371 18.9383 35.5055 
16.9906 14.507 14.0203 16.5468 9.8821 23.5233 18.0423 17.0765 12.3793 12.0804 5.6963 18.0647 5.1458 15.3211 9.9976 
21.0153 8.113 6.4939 23.316 3.4885 17.2828 10.8535 19.6641 18.0214 6.9658 3.9996 23.9053 1.8566 9.6246 12.169 
18.7155 6.6696 8.4772 20.6307 9.419 17.2775 14.052 16.7869 16.2777 7.6486 6.2301 15.2447 5.554 13.6732 16.1999 
5.5595 19.4 26.2635 8.1667 26.5818 28.375 30.2099 6.5929 4.5855 21.8887 21.0437 4.2154 19.3125 28.8697 19.5293 
23.2246 6.3978 3.3583 29.6543 8.4431 5.5264 5.0245 29.8073 32.09 5.3416 14.9935 23.0927 10.8045 1.19 27.421 
12.7848 6.88 13.6332 18.3815 15.6135 15.6114 19.7876 16.9322 15.3036 10.8187 14.8357 11.2098 14.8233 14.1146 20.2022 
19.0523 3.1668 4.1155 22.4447 7.3066 13.6538 12.0566 20.3143 19.0419 3.3446 8.0697 19.3017 5.8823 8.4868 17.3983 
32.7734 18.7312 14.3703 34.1257 9.1722 23.8415 12.9323 25.7461 31.6412 17.1517 10.7713 28.2444 12.3914 17.6851 13.718 
14.5803 11.4585 14.42 14.5232 14.1995 21.0907 19.0378 11.5054 10.9713 13.3105 10.1475 12.1495 8.9592 17.4326 18.3424 
13.3439 19.7868 25.7476 2.713 24.5447 34.9423 31.5777 2.1137 1.8467 20.1828 17.4858 10.6222 18.9099 25.096 16.7761 
5.7584 13.9264 16.6003 11.5013 20.9274 24.7193 25.5086 11.8641 7.8728 19.8693 16.6369 4.6509 17.5242 21.5774 20.0062 
8.1831 25.5655 26.5535 6.4805 29.0917 31.8351 29.6015 5.1718 3.9848 22.9439 21.8328 6.2635 23.7525 26.1873 21.6577 
29.7706 13.6822 6.7089 30.2971 7.5215 10.6632 0.8604 30.9035 26.882 9.489 15.1103 26.7165 10.4188 7.2048 22.927 
10.2515 10.4617 16.1022 12.4284 14.0346 24.2517 19.8609 12.4191 9.1526 14.4383 11.8502 8.1094 12.2387 18.0818 16.9945 
19.9771 6.2072 6.0862 21.7907 5.4271 14.6969 13.2658 22.1668 18.5217 6.2745 5.777 18.7978 3.5254 11.4913 15.8187 
13.2586 15.3892 19.8765 29.3885 25.1303 20.0562 23.7423 27.9652 22.4703 20.7214 24.4668 13.4701 26.817 20.8199 35.3849 
24.6771 11.6286 13.1525 30.8142 24.358 8.8314 20.7941 31.143 26.9445 15.4543 27.7802 26.1857 20.9722 14.0724 38.5714 
20.2553 7.4401 4.3458 24.9911 3.2937 12.655 9.4517 26.43 19.3241 4.9389 5.7272 22.6867 4.8957 7.4129 17.1461 
29.4585 23.2223 16.7221 19.9938 14.5852 27.2415 23.2022 19.6216 21.2238 17.8033 8.9803 24.8066 10.0862 22.0326 1.9515 
10.6831 9.7031 13.9739 14.2796 15.7255 20.6236 18.5813 15.9184 12.0916 12.2567 10.9908 9.6286 10.1561 14.9807 21.4687 
7.3014 11.8413 14.6913 13.7389 18.5448 21.6011 25.8581 15.5118 10.1519 15.6128 14.2144 7.4565 17.0925 19.9012 24.5072 
29.4564 8.4107 4.0227 31.9831 8.7931 8.0288 2.6675 31.5454 32.1895 6.2934 11.6396 26.5723 11.2777 2.9825 25.0552 
30.5426 11.7716 10.3286 35.3002 16.2125 3.1933 14.7349 34.7925 34.2543 10.4999 22.4626 27.2448 21.1044 8.5014 28.4806 
11.5327 8.0183 13.72 15.6303 13.6337 18.352 18.3055 17.9472 15.1262 10.3299 13.8917 9.9406 13.602 15.7457 21.5399 
14.1888 25.9767 28.5834 3.6484 30.4294 37.2385 32.6857 3.9896 5.5054 31.1223 21.6794 10.6522 22.1248 32.5992 20.7782 
20.0954 7.2194 6.1274 24.5109 2.6813 15.9749 8.5068 23.1601 24.0429 6.751 5.5648 23.8802 3.3298 8.6489 16.395 
32.0926 18.7907 16.126 27.2688 9.8025 25.7689 13.3409 28.9139 23.5129 18.8035 9.1077 33.2863 10.1358 16.5017 11.5309 
24.3811 14.0799 9.2399 22.2536 3.9816 19.1847 13.0237 25.7971 21.6031 9.5265 2.7864 22.7263 3.6666 13.4289 11.2568 
10.7195 9.616 13.7107 20.4814 21.0409 16.9715 21.2691 21.2075 19.4753 14.3665 20.6821 12.3114 19.6151 15.2989 25.8031 
34.0228 12.729 9.96 41.0646 17.052 3.8348 10.1324 36.6223 38.7579 12.6535 18.7256 34.5647 19.193 6.4256 33.5502 
11.0691 9.8013 15.8877 23.7935 17.776 14.9051 22.4531 18.5724 16.2902 14.1212 18.9118 11.6018 16.4385 15.5945 27.5419 
23.3645 15.7263 15.4465 16.8705 13.1992 22.0236 16.9686 16.5908 15.0582 15.0683 7.0343 17.1232 6.7225 19.9114 7.9918 
18.764 19.0585 19.1549 10.9908 13.2175 30.089 23.0982 11.1794 10.86 19.4639 9.3408 14.7203 11.6517 21.4404 10.0563 
26.5177 20.1495 17.4321 21.5947 8.352 27.7035 13.8376 27.027 25.0025 19.3381 7.6725 27.8548 7.7147 16.6327 7.5065 
29.052 12.6466 11.7783 33.0277 19.4007 5.3883 11.0209 37.3667 38.8099 11.6878 22.2783 34.2298 19.2644 9.448 28.8626 
2.5153 17.8223 21.5327 13.1036 26.8953 27.7533 27.95 12.3078 9.3926 18.8878 22.0459 0.6721 18.3819 22.5288 26.0387 
23.8169 16.2318 17.5108 17.8416 10.2859 23.4035 15.6591 15.9336 15.2343 17.1633 3.9062 24.4749 6.9446 17.0156 5.8204 
28.6098 11.8759 5.8926 30.9944 3.2316 14.4955 4.4967 30.9778 28.8015 6.9315 9.4908 26.5682 6.5868 9.0117 17.6106 
29.1399 20.5299 20.1987 22.5524 13.2478 24.9466 19.5996 24.6425 21.5982 19.7779 9.5134 27.0698 11.8088 22.1852 3.3759 
12.5531 28.4654 26.5188 2.7163 28.3551 33.7003 29.512 1.8093 3.9278 27.8259 19.8085 10.9546 20.2454 33.0594 19.1258 
20.1778 19.0255 17.6824 11.911 14.7985 27.7963 21.2285 11.2645 12.3387 16.8215 9.4656 19.0751 10.4708 24.3538 8.522 
30.2745 18.4588 13.8813 26.6915 6.5612 17.0019 10.2451 26.1099 32.8721 12.9945 10.915 30.3863 11.0681 15.5288 17.6093 
31.9083 11.4406 9.4978 36.9813 14.7093 4.5549 8.2 38.7966 37.2674 12.5622 19.3188 28.9253 17.7218 7.4151 32.1894 
17.3402 15.648 17.5376 12.1064 13.0352 25.8202 22.0256 10.7702 9.8138 17.6954 7.6618 14.39 8.4262 22.7703 8.878 
26.257 17.1045 15.5589 18.7508 7.7529 21.7818 17.759 20.1276 20.5066 16.1475 4.8389 23.4438 6.2565 16.3315 6.4547 
28.1955 8.0766 6.9921 32.4556 11.991 1.9329 8.3339 30.5675 26.8239 6.349 16.7109 23.0141 16.2377 3.0438 27.6396 
27.2099 14.0718 13.5635 38.2157 18.573 4.8375 16.9578 36.4013 37.646 11.2519 27.0613 26.8249 22.3171 10.433 34.1079 
13.8186 17.4298 21.2558 24.0237 26.7573 24.3596 27.8923 21.4371 23.6251 23.2473 30.4167 15.8993 27.2523 24.3496 39.74 
27.2782 11.6036 6.5555 34.2208 11.2532 9.0153 2.826 31.8395 33.047 10.2656 14.3437 27.495 15.8394 5.671 24.6398 
2.6882 16.8045 23.9913 12.0478 20.6926 22.9409 25.5284 10.5806 8.9951 16.84 22.1915 2.4334 18.1394 21.1482 26.7926 
17.9664 10.4157 9.4032 20.3463 6.7732 15.9077 15.5066 16.4263 18.4256 9.0822 4.1834 20.3782 3.1724 13.7729 12.0657 
29.1148 12.6643 13.031 30.1746 19.5909 4.6217 13.437 34.0106 30.2345 11.3515 22.3778 24.7081 22.8527 10.8994 35.6211 
25.3345 13.7884 11.3439 18.9744 6.2672 24.3228 13.2248 21.882 18.8564 13.429 3.5557 23.7792 4.8073 16.2408 9.095 
19.9681 5.8129 5.8971 28.0467 12.6883 5.0579 10.8883 27.3176 26.1322 6.1898 15.9052 23.4869 15.0649 5.5322 23.4525 
18.9825 20.5409 20.2877 10.4522 20.7482 31.8303 26.0019 11.3056 12.022 18.9254 11.8931 16.3848 13.3102 26.3431 7.797 
20.0085 8.6202 15.3018 27.048 22.7227 12.4681 17.7087 23.6689 21.0714 13.172 20.8665 16.6681 17.1516 14.7174 33.8994 
29.957 21.0348 20.3296 16.3013 14.4454 28.0737 23.6486 20.7875 18.4928 21.5852 10.7457 24.4119 12.1182 22.8058 0.0448 
23.9779 7.0697 4.5501 35.4575 12.212 3.3926 6.3471 28.6878 31.5048 5.5937 13.9906 30.2772 15.4564 1.3698 23.7639 
14.0248 11.6379 12.2113 14.4531 12.6657 23.2015 21.3977 13.2036 11.5471 12.1995 7.3051 14.8141 7.9291 19.0788 14.1094 
21.7188 3.9831 0.8678 29.8251 6.7367 8.393 8.3201 24.8576 22.632 1.2843 10.04 24.0597 8.184 4.7067 21.409 
2.2097 19.5332 24.8266 16.716 22.0879 28.232 32.7037 13.9866 11.7027 20.9336 21.8033 4.3731 23.0721 23.2167 25.351 
6.0656 21.532 28.0756 9.9633 28.9009 28.1442 35.8383 7.2679 6.5963 22.1184 25.0418 3.8969 20.6917 25.8847 22.7671 
34.2452 13.5063 8.9117 32.1432 4.4729 16.9248 8.2926 24.9537 24.8622 10.1377 9.7338 27.5399 9.098 10.3133 16.7522 
20.1127 19.2994 19.4066 12.6827 16.6487 28.1384 25.1123 11.7842 13.1618 22.8332 9.019 21.8918 11.5901 25.3755 5.722 
23.9305 7.8188 7.1526 35.9134 14.3781 2.3422 8.4284 32.4156 29.5822 6.9216 15.2041 25.1015 16.0213 3.2189 28.6169 
37.6048 18.689 12.2595 43.8924 17.4241 11.1238 8.7532 40.8408 43.4561 14.8942 24.3202 40.6598 19.2352 11.4371 34.6643 
32.3091 13.6687 14.5776 40.6285 17.7751 7.11 13.0902 43.812 35.6963 16.3841 22.6195 36.946 20.3246 8.8936 34.9969 
20.6187 10.047 12.7612 17.3235 7.7139 17.9806 16.9042 16.7506 14.567 12.538 2.5298 18.3693 3.0158 16.1191 10.7771 
26.9852 8.658 4.5598 32.1506 9.2505 5.1224 5.4114 26.8754 26.5459 5.4788 16.9857 24.0697 14.6102 1.7278 27.9262 
30.1745 8.123 2.9288 25.4652 5.9629 8.2531 3.8776 26.9455 23.2019 4.7522 11.1092 26.5308 9.3968 3.5733 22.7626 
17.1026 13.5932 16.7988 29.2511 27.8077 18.7184 26.3848 31.583 28.8142 16.4424 27.9304 18.1423 21.4222 20.0707 37.7386 
22.8988 2.6731 1.994 24.6185 7.7966 7.3819 9.3548 27.1274 22.533 0.8529 12.0705 24.6986 9.6957 3.7767 21.2014 
6.4886 12.3645 16.0662 12.5453 19.0456 25.1321 26.5211 12.9277 8.5915 14.628 16.002 6.233 15.8372 20.952 21.1076 
21.6779 12.9502 12.7231 14.9173 9.1108 18.3202 13.6537 16.8958 14.3222 11.4475 3.903 17.0102 4.1395 15.2871 11.0465 
0.7429 18.3022 25.242 13.2797 27.0816 29.0332 29.0302 14.2093 10.993 20.0997 24.407 3.1311 20.0356 23.225 27.7842 
9.7735 9.8628 15.1259 17.8991 16.6811 19.5299 20.078 19.9718 15.3639 14.1042 18.7254 11.4034 15.9462 15.6398 25.3371 
25.5747 4.631 4.7242 27.6068 11.0173 4.2196 9.0858 26.0738 25.1751 4.6274 14.0141 26.5841 11.6869 2.2974 27.5777 
18.7636 17.9565 16.119 11.7234 12.0678 28.7261 24.0375 13.9843 13.4945 15.3544 7.4952 19.9371 8.1022 21.3488 7.9059 
17.3526 23.9133 27.3438 6.5698 23.7551 34.0437 28.4418 6.8242 8.8014 24.079 15.2904 16.7454 16.8565 31.3867 10.6739 
32.3958 10.809 5.8788 31.0152 8.8567 7.9342 2.7475 35.3479 34.6611 8.3654 15.251 33.563 13.0875 3.9026 26.4521 
25.6076 10.5483 8.4507 22.4673 2.9035 18.6608 12.6954 21.0429 20.4024 9.0462 2.6841 21.7284 1.7315 11.8946 10.8848 
10.6868 8.3259 15.0247 18.0852 13.5767 18.6233 18.6876 17.0026 15.1037 12.367 12.7574 11.7556 14.6172 13.4109 24.2712 
6.0439 21.0688 22.673 7.2492 25.069 35.3069 36.4363 6.2653 5.5206 21.7937 19.7118 3.9849 19.9582 25.9749 21.9705 
21.0384 1.5916 3.6322 20.5188 8.9511 10.0672 9.9929 22.728 22.3088 2.3493 9.7332 20.9451 9.9773 6.1138 22.4424 
24.5867 6.8276 3.9844 25.7041 3.0796 13.3242 6.7802 24.1396 24.4995 4.5996 8.0633 25.469 5.5184 6.6609 19.8311 
24.669 9.3006 9.0576 31.8169 16.6068 3.6194 12.5262 34.6453 30.5726 8.9861 21.1841 27.0731 18.956 7.5842 30.0553 
12.6565 20.0131 25.3809 4.1245 19.3013 26.4775 31.3846 3.1188 2.02 19.6083 17.8082 8.7256 18.428 29.5983 15.5585 
20.134 10.8847 11.1647 14.8855 8.1093 17.506 15.3565 14.9902 17.211 11.9569 4.2288 20.6402 3.5107 13.2502 10.7046 
10.0837 22.0517 25.864 4.3049 28.8407 32.4191 30.2256 3.618 3.6402 28.1257 23.2045 9.2134 23.0557 34.5687 21.3906 
12.6294 7.8873 11.1834 15.686 12.8409 17.8365 17.6424 16.494 12.1569 9.946 8.1617 15.2337 7.613 14.833 16.5044 
38.6623 17.7844 15.39 40.7254 18.8366 10.2654 9.4098 43.164 36.1434 15.2466 19.7518 39.5049 19.0743 11.9057 30.3565 
17.2423 12.598 16.1953 29.7293 21.7913 15.3678 20.036 27.0786 23.6869 13.4871 25.6517 18.3182 19.3458 14.6554 33.8739 
15.6854 19.5835 20.8891 28.8719 31.5204 20.1598 27.665 25.5869 26.0626 19.2673 31.8773 16.3533 23.5334 25.9036 37.3048 
18.1575 13.186 14.4746 34.1625 18.6222 10.3086 19.5795 28.1044 27.8008 14.7573 25.7853 19.7268 24.7053 14.5638 33.5167 
17.9335 10.1585 13.8275 29.4687 23.0263 13.6156 23.352 26.7499 27.0427 14.9987 20.4124 17.9425 18.8721 13.8708 35.79 
21.6654 8.0374 9.9684 31.8919 16.5838 8.6472 15.2965 28.1618 22.3105 10.8746 20.9448 24.0234 16.3571 9.2427 34.1742 
18.4345 18.6073 23.6201 6.5866 20.6452 34.07 28.7674 6.5582 7.3007 19.4289 16.1197 14.2052 17.5589 30.3411 10.3444 
24.0483 9.8232 7.6534 29.903 15.2247 0.7657 9.8959 31.1742 33.1396 7.6067 18.507 30.2613 16.3768 4.2491 30.7819 
13.1073 11.3877 16.696 21.8152 18.3239 15.5663 21.1608 20.2445 19.9891 14.2096 23.2577 15.6556 19.3986 15.2895 30.1112 
24.4449 19.0296 19.0113 14.1417 12.032 24.226 22.5197 17.1746 13.9001 19.0635 7.8166 20.4579 7.9534 18.7622 4.8555 
26.1063 9.4646 6.3613 32.0638 8.1818 6.9973 2.6828 29.8351 27.1913 7.5862 15.1594 29.3534 12.0039 4.6361 26.6768 
20.3902 22.6892 23.0628 11.4713 15.9926 28.2151 24.2792 12.1464 13.0947 20.7557 14.4717 19.1985 12.3254 27.1198 6.9237 
6.0288 21.3077 25.2513 7.7053 22.9485 32.2748 30.502 7.5064 4.2674 23.1432 22.8834 3.9737 18.5918 25.1394 23.8485 
22.3709 22.7607 26.4811 30.6683 31.0828 22.6623 33.8488 34.8057 34.2387 24.762 29.8249 23.9063 32.559 25.3848 41.0901 
28.4387 19.0088 21.8532 15.6523 15.7675 30.5701 21.0681 18.9948 18.382 20.6748 9.2808 22.3356 11.5924 20.7837 2.2105 
24.3227 8.7679 5.3868 30.9407 9.6425 5.3172 3.9382 30.8439 28.4351 6.6623 14.3792 24.6344 14.1285 2.6384 23.8021 
15.0581 2.966 8.5441 23.8403 10.6758 10.7845 14.5643 20.7277 21.7177 6.5655 11.6032 15.1867 10.2305 8.8766 21.7134 
15.3796 24.7439 23.5313 2.6803 23.2824 31.7628 35.8079 3.4737 4.4241 28.052 17.4493 14.3258 21.9055 29.0444 15.3518 
39.7915 17.015 17.0247 43.7045 18.7708 9.8679 10.3193 42.9543 38.5179 15.653 23.543 32.6624 23.422 10.9523 37.8481 
11.7422 12.1437 15.3878 21.9935 18.3486 17.779 20.9408 21.6437 16.8502 14.2556 18.4128 11.737 17.9182 16.5994 26.153 
17.9452 0.6258 5.6167 22.0078 11.2777 10.5488 10.262 23.4416 22.9684 3.7638 13.7242 17.9167 10.9296 6.7236 25.5573 
21.4902 5.2766 5.9584 21.156 6.2627 11.7321 12.1193 23.903 17.8149 4.5943 7.8484 18.511 5.4824 8.7606 18.3369 
14.9911 19.4565 25.9999 26.4696 29.1229 25.539 26.1473 27.3543 28.7633 25.6046 33.1063 17.2797 28.565 25.0269 37.0411 
29.9703 13.9465 8.4525 35.067 6.4577 15.0883 4.5225 30.7948 29.2784 12.0264 12.3402 29.9992 10.6516 10.0912 21.1482 
29.1776 12.2576 11.7805 37.7719 16.7143 7.1134 7.4217 38.7853 38.2075 10.7543 20.137 37.5331 20.5898 7.8568 29.8403 
30.5681 17.3148 17.0161 30.1386 7.5789 24.8389 15.0222 28.3048 24.1365 16.4608 10.0649 33.3728 9.6072 18.1567 11.0951 
10.2492 10.4251 14.2639 19.0903 15.4347 19.3915 20.6641 18.4121 16.416 14.4847 17.9605 10.7761 14.2507 18.3242 25.9948 
8.1982 11.222 15.3631 16.5446 16.6819 19.2939 23.4709 13.2391 11.4907 13.203 13.25 10.087 14.8079 17.9882 24.4613 
7.37 18.8406 19.2693 8.4064 19.3504 22.8622 30.1635 7.9714 5.8581 20.1723 19.4122 4.8621 18.7733 20.7316 23.0864 
26.9884 20.1402 21.7938 20.6766 15.0852 25.7404 21.5304 19.5639 22.7799 22.5925 9.6853 27.4341 11.5427 26.5074 2.1882 
11.6545 6.872 11.1832 14.0835 11.9491 17.3693 16.7505 14.824 11.7867 10.4548 11.6579 10.7069 10.3743 12.6406 16.8402 
28.0071 17.2058 12.768 24.4372 7.6528 19.8779 15.8989 23.7357 19.071 12.012 3.5982 22.1738 5.1757 14.371 7.948 
35.0488 20.6929 16.9807 22.6059 13.1144 28.5295 18.3014 27.5163 27.2048 20.5461 9.8672 33.2611 10.6231 23.9526 6.7715 
17.1827 14.3811 18.2347 9.5449 14.7043 25.1076 25.3312 7.4834 7.0778 19.4659 11.6111 12.2621 12.6018 21.7789 13.3847 
15.0801 5.7516 11.1349 21.0393 16.517 13.1008 19.2486 17.781 16.5817 10.0723 14.2615 13.5247 15.5373 13.9113 26.3462 
9.1018 13.7051 17.3764 13.1009 18.2271 22.756 24.2084 10.2268 8.1433 17.9823 16.7313 7.4551 14.6986 19.2473 19.9274 
18.2681 22.8448 22.2352 29.3484 33.7425 20.6775 27.3596 32.4298 31.438 22.9897 31.4091 20.9871 29.8492 26.7059 35.8311 
21.6902 13.0454 10.1269 21.9354 5.0019 20.8863 15.4104 21.9184 18.2559 11.3637 1.6955 22.3317 3.3274 15.0686 10.4799 
27.056 9.9098 7.3631 29.1724 1.2308 17.85 9.2024 25.3714 27.2734 7.8953 5.2699 26.6175 4.3314 11.2122 14.8506 
26.8319 19.8123 17.8719 16.3386 15.3649 29.8203 24.2305 15.559 16.9209 20.095 9.017 19.9006 10.8187 24.6942 3.521 
17.872 3.5749 6.5978 27.5459 14.9254 8.691 13.4645 26.0554 24.2656 5.6794 15.022 20.8274 14.1499 8.142 21.9405 
30.4218 15.5224 11.6253 29.3543 6.9295 16.3345 6.1786 29.2003 28.5623 11.6894 11.8902 31.5877 11.6501 11.1331 20.7415 
12.7976 27.1535 31.6156 5.2703 28.7084 35.1647 33.0868 4.5613 5.4088 28.5115 22.3789 8.5047 25.3679 30.981 26.2922 
40.0977 16.2358 14.2555 35.8565 16.1671 8.7785 9.4366 35.018 39.1287 15.8394 24.1506 35.1933 21.9077 10.6947 36.5303 
22.8502 8.0563 12.9455 32.0431 17.7531 9.2496 19.0336 29.1592 26.495 11.7463 23.3183 21.2919 18.3313 11.455 27.8974 
19.4457 10.7812 14.5497 32.874 19.3707 10.8355 20.3383 24.4045 28.4178 13.1321 24.3429 20.7788 17.1553 11.8956 31.2162 
6.045 15.0017 20.2605 14.3108 18.2229 23.0596 26.1943 14.5749 11.443 14.2572 20.2108 7.5826 18.4136 19.1157 26.0184 
10.7147 21.9856 24.901 4.7377 23.8519 25.9819 27.9752 3.8635 1.342 24.2403 16.3611 7.4528 20.212 27.9402 16.8856 
30.6068 10.9271 8.0142 36.7186 12.3904 4.7813 5.8275 36.5637 36.2715 10.336 19.4819 27.0417 18.5127 6.0152 28.416 
10.6472 10.2513 14.9861 18.0871 16.5739 17.1464 20.766 20.4931 15.6417 13.1939 19.0749 13.441 15.1322 14.137 25.7077 
4.4583 18.3411 22.9651 11.4611 26.2633 28.571 34.0211 9.7232 7.9018 22.8469 23.8719 1.7884 24.399 26.514 28.524 
25.2535 19.5893 20.1119 17.0701 14.447 26.8262 22.1555 17.4167 13.817 21.1291 8.1849 22.1396 9.496 20.8772 4.0169 
31.3392 21.1686 15.2251 25.2062 8.2542 24.8566 12.9955 29.9224 30.2429 15.8003 8.2521 26.7642 10.1746 16.7757 12.2349 
8.5704 24.9628 30.0626 4.6485 26.0721 35.6104 29.8707 3.5451 3.2069 27.5775 24.0241 6.9978 20.8148 30.6423 20.0433 
14.9357 8.9494 11.2767 15.3534 8.9558 20.9899 15.969 14.5986 15.5259 10.2147 5.7249 14.3311 5.4764 14.4739 12.9795 
10.8993 18.403 17.4774 8.5414 17.5426 28.479 28.817 7.689 5.777 17.0998 13.2476 8.6077 12.3524 23.3793 18.3232 
31.806 10.5967 7.535 30.2214 7.8897 9.1881 0.4413 32.7419 32.8858 8.1784 15.3687 29.6879 11.4541 6.4011 24.5053 
14.2244 19.4565 23.2427 6.3496 18.4834 24.6061 29.2405 4.8275 3.7262 22.218 14.8161 10.5755 14.8379 21.1852 14.6375 
3.5235 18.543 22.9921 18.5405 25.4343 21.9886 33.5051 18.677 14.4086 22.1364 22.7211 5.6052 25.5408 21.5076 26.8586 
16.6751 17.7967 21.8201 30.2272 26.859 19.7651 27.0669 31.1865 23.1421 20.6802 25.795 16.4839 25.5008 22.5657 37.6771 
21.5975 13.5758 14.0482 17.1986 10.1705 22.1875 18.1298 17.0419 14.4532 13.0196 4.9826 18.6815 5.7321 15.0626 10.242 
22.3728 7.3703 7.8428 19.2638 3.5492 15.9135 9.361 19.9841 17.7293 7.3669 3.7352 22.1459 2.1803 11.1408 13.6694 
18.1613 7.2626 8.7589 17.8656 8.8234 15.3464 14.5449 19.0102 13.7239 6.7302 6.2542 17.9181 6.0237 12.516 17.8028 
7.028 19.6363 25.6563 7.6265 23.2358 28.7098 29.6734 7.4033 4.2743 19.5485 21.3069 4.259 20.5658 27.4858 19.504 
28.862 7.9755 3.0604 32.7404 10.3551 6.563 4.4361 34.1011 25.7861 4.966 14.5253 24.1752 11.6273 1.0959 24.8655 
13.3358 7.7202 11.647 20.5376 14.993 14.6256 21.114 17.9127 15.8992 9.6358 12.4216 10.3801 11.3119 12.8173 25.0492 
22.5246 3.4156 4.1822 21.4078 7.3268 11.4106 10.9689 25.0289 22.1504 3.4686 7.6797 21.6123 6.2963 7.5673 17.1763 
32.6962 19.6831 14.2999 29.7971 9.6621 23.5393 10.9954 27.9272 32.4815 18.742 9.7934 30.2586 9.7795 18.5955 13.9362 
11.4755 9.2366 13.7562 14.3371 13.3301 20.3312 22.2508 11.4161 12.3006 13.314 8.9706 13.4641 11.0812 16.9654 16.9965 
12.0846 23.6737 25.7199 3.0972 24.8097 30.579 25.5953 2.6314 1.7613 24.9693 19.9654 8.9951 20.997 23.5051 18.972 
5.6416 16.1402 18.3006 11.9167 17.645 23.7088 23.2056 11.8608 9.7744 18.49 18.8145 4.5719 19.7351 23.9083 20.9276 
7.6423 20.8005 26.6225 6.0257 26.894 29.8046 33.9552 5.0555 3.5144 24.0547 24.5047 6.0837 23.0861 26.3227 21.9084 
29.8684 12.7615 6.6611 35.5529 8.8654 11.1009 0.8367 32.4234 30.6911 9.2665 12.2752 31.8209 10.6669 8.006 23.4067 
11.0098 12.4055 13.6043 12.9684 14.6207 20.6045 22.7 12.1761 9.0625 13.5828 14.8472 8.6801 12.3209 18.4544 18.2655 
18.5341 7.0225 7.8736 20.3169 6.325 14.914 11.4054 23.0607 18.9333 6.3798 4.778 16.885 3.5813 8.9123 13.6422 
14.0133 16.9263 19.3047 28.2038 22.9493 20.978 30.2288 22.6824 22.1068 21.4939 24.146 15.4609 27.1634 21.64 34.0384 
26.8389 11.3015 15.5634 36.5145 21.7833 10.2573 18.8627 34.6742 33.1391 14.0859 22.0534 21.6789 23.2729 14.0206 30.5521 
21.9151 7.0928 4.7686 21.2877 3.4072 11.7262 7.7952 25.0172 20.5232 4.917 6.9695 20.7193 4.4066 7.2873 18.2492 
30.0448 20.6181 20.7501 21.2265 12.8398 31.0908 21.8572 19.2682 18.6169 20.3403 7.9606 27.8306 10.2432 23.6336 1.8662 
11.9534 9.7351 11.9906 15.4571 16.156 17.3298 22.2964 16.1489 11.039 10.187 10.9151 11.2583 10.2366 17.1873 18.5507 
8.1937 12.2547 15.6251 12.7602 19.5138 18.5468 24.7929 12.4258 11.1751 13.4505 16.7045 8.6441 14.5239 17.7721 19.8774 
26.7639 7.8093 4.4404 29.1191 7.6904 6.7213 3.3918 33.3383 28.987 6.164 12.3816 27.8205 13.2681 3.4917 21.2062 
26.2 11.5304 10.5733 39.4033 18.8772 2.861 12.4865 38.4711 35.8378 12.2766 18.9986 31.2454 20.2807 8.0571 34.5231 
12.3653 8.5346 13.2093 17.6216 13.2337 15.8436 19.7357 15.3516 14.2357 11.8873 12.597 11.0689 10.7477 13.893 22.4286 
15.3492 30.438 32.398 3.7683 32.1931 33.4526 35.3787 3.5264 5.8593 26.4238 25.3087 11.4561 23.7629 30.7119 21.9751 
26.236 8.9239 5.2729 22.4811 2.5358 12.5898 9.2133 26.1721 23.8527 6.7117 5.755 23.0236 2.9632 8.9854 13.3448 
31.4418 16.516 14.3766 26.193 7.9038 22.6322 15.8553 29.0156 24.2689 16.6827 9.0247 32.7085 10.3901 17.1053 9.9332 
25.5538 12.2749 11.6243 22.856 3.7524 18.3985 10.947 23.8906 21.6666 9.3777 3.6184 23.4601 3.0652 12.0548 12.9288 
12.5129 9.6855 15.3572 21.9286 21.4359 14.9832 24.5369 22.3185 17.9685 14.8949 17.9588 10.74 17.509 15.9596 24.8462 
34.0408 11.6048 10.4878 37.4287 15.7973 3.7617 8.5164 32.7074 30.7055 10.6195 19.5058 35.3411 21.014 7.7413 28.6732 
11.3011 10.2503 13.6702 19.4962 18.8187 18.339 19.5662 21.1656 18.4439 11.5554 19.5672 12.2674 18.9909 15.0121 25.294 
22.7812 17.8268 18.017 12.9179 10.0886 26.1763 18.7989 15.091 13.7208 17.0684 5.7523 21.8395 7.6665 18.5537 7.9412 
19.1937 14.7161 19.3917 12.081 14.9887 26.911 20.5042 12.2281 9.3942 19.6342 8.9478 18.0381 9.2529 19.2969 8.3821 
32.2581 20.8059 17.0679 23.586 10.2935 24.5754 14.8095 23.4938 27.0665 14.7352 7.8399 25.8512 7.8155 21.2481 8.0571 
30.9825 12.5441 11.0701 38.831 17.6742 4.6042 10.9841 36.6841 40.1094 12.5461 20.3526 34.3827 20.0832 8.5561 34.6424 
2.4569 17.7416 20.1948 10.9833 26.7344 24.6223 26.6599 11.2075 9.5561 24.3892 18.8649 0.7105 20.6887 24.0714 25.5477 
20.2571 17.8696 14.8634 17.6899 9.7415 23.4719 19.1942 17.9615 15.8468 14.2832 4.005 18.8551 5.9512 16.1338 5.7874 
29.9977 11.5807 5.6877 25.6519 3.2921 13.8996 5.5147 27.7376 27.2654 6.7174 8.8605 29.2845 7.8103 9.2323 15.5266 
29.6224 20.6415 21.9591 20.2804 13.8752 27.1557 19.785 22.9657 24.07 20.4655 10.0869 26.1994 11.9132 20.4383 2.9768 
EOF