I 150
J 15
bounds (0, 100)
cv 1.0
D 1
k 5
t 3
FLR 0.4
FCR 4
abounds (80, 120)

a 
78.0 92.0 101.0 
73.0 102.0 75.0 
88.0 92.0 81.0 
89.0 112.0 85.0 
81.0 73.0 96.0 
101.0 82.0 84.0 
75.0 90.0 83.0 
69.0 77.0 87.0 
103.0 95.0 76.0 
92.0 87.0 80.0 
100.0 105.0 81.0 
97.0 91.0 90.0 
87.0 82.0 97.0 
91.0 77.0 88.0 
71.0 93.0 91.0 
97.0 90.0 87.0 
100.0 82.0 84.0 
88.0 89.0 85.0 
78.0 94.0 104.0 
77.0 94.0 86.0 
92.0 87.0 80.0 
84.0 93.0 77.0 
87.0 90.0 90.0 
82.0 83.0 97.0 
87.0 85.0 100.0 
104.0 86.0 87.0 
93.0 70.0 105.0 
83.0 86.0 88.0 
97.0 110.0 93.0 
91.0 89.0 90.0 
92.0 92.0 68.0 
99.0 84.0 97.0 
93.0 95.0 96.0 
92.0 89.0 82.0 
108.0 96.0 88.0 
105.0 87.0 67.0 
98.0 75.0 92.0 
87.0 106.0 86.0 
92.0 90.0 98.0 
88.0 84.0 85.0 
94.0 93.0 88.0 
86.0 100.0 82.0 
101.0 87.0 92.0 
102.0 83.0 78.0 
92.0 87.0 92.0 
84.0 77.0 86.0 
81.0 100.0 67.0 
99.0 85.0 87.0 
102.0 91.0 71.0 
93.0 108.0 89.0 
93.0 65.0 101.0 
87.0 93.0 76.0 
84.0 98.0 105.0 
88.0 96.0 87.0 
86.0 73.0 82.0 
97.0 99.0 86.0 
82.0 93.0 84.0 
85.0 95.0 85.0 
81.0 78.0 77.0 
87.0 87.0 91.0 
85.0 89.0 82.0 
89.0 90.0 97.0 
95.0 93.0 85.0 
87.0 75.0 85.0 
75.0 93.0 89.0 
71.0 108.0 84.0 
86.0 95.0 83.0 
85.0 77.0 79.0 
100.0 98.0 95.0 
86.0 93.0 88.0 
75.0 86.0 76.0 
94.0 113.0 93.0 
94.0 95.0 82.0 
90.0 93.0 75.0 
82.0 89.0 85.0 
102.0 77.0 78.0 
98.0 90.0 87.0 
74.0 80.0 91.0 
97.0 106.0 81.0 
76.0 110.0 92.0 
78.0 95.0 103.0 
85.0 97.0 90.0 
99.0 89.0 77.0 
94.0 77.0 76.0 
90.0 83.0 85.0 
93.0 82.0 109.0 
94.0 102.0 82.0 
93.0 90.0 68.0 
69.0 82.0 102.0 
120.0 68.0 82.0 
86.0 82.0 74.0 
94.0 110.0 81.0 
92.0 88.0 92.0 
84.0 99.0 83.0 
93.0 90.0 91.0 
92.0 97.0 91.0 
86.0 88.0 90.0 
87.0 90.0 91.0 
78.0 84.0 93.0 
103.0 93.0 99.0 
104.0 83.0 85.0 
95.0 95.0 85.0 
92.0 94.0 94.0 
88.0 75.0 79.0 
81.0 82.0 96.0 
101.0 106.0 96.0 
98.0 98.0 102.0 
78.0 99.0 79.0 
98.0 94.0 85.0 
85.0 86.0 73.0 
96.0 92.0 100.0 
86.0 87.0 98.0 
100.0 75.0 91.0 
75.0 84.0 102.0 
82.0 95.0 78.0 
88.0 82.0 76.0 
80.0 90.0 89.0 
104.0 96.0 102.0 
94.0 85.0 101.0 
92.0 92.0 94.0 
99.0 90.0 83.0 
84.0 93.0 94.0 
89.0 86.0 94.0 
75.0 90.0 90.0 
99.0 93.0 97.0 
101.0 95.0 99.0 
85.0 89.0 100.0 
83.0 88.0 99.0 
89.0 93.0 86.0 
105.0 89.0 89.0 
81.0 82.0 92.0 
85.0 88.0 79.0 
82.0 86.0 92.0 
83.0 90.0 80.0 
94.0 85.0 87.0 
92.0 96.0 96.0 
72.0 93.0 91.0 
80.0 89.0 100.0 
83.0 100.0 94.0 
91.0 85.0 91.0 
91.0 80.0 79.0 
76.0 88.0 85.0 
84.0 103.0 79.0 
106.0 99.0 94.0 
78.0 98.0 84.0 
86.0 92.0 98.0 
74.0 91.0 72.0 
84.0 81.0 88.0 
106.0 101.0 105.0 
83.0 87.0 79.0 

Icoords
4.0873 39.3664
47.3866 17.588
96.7049 69.6811
15.9575 96.2
7.1319 39.2281
83.8009 24.5699
75.9241 99.5408
75.3628 94.6427
77.6137 44.3529
86.4822 59.5875
35.7371 65.8432
62.6101 26.5924
12.5294 96.9942
74.9283 44.1678
6.502 17.372
49.4905 91.3932
0.7308 64.7942
33.4298 72.6235
51.3212 28.6902
79.2192 79.3644
52.4884 89.9329
39.6101 32.2605
25.8795 0.7957
70.4351 13.0165
88.3749 23.7315
64.5667 94.9462
68.0775 64.0549
0.2586 76.0817
86.4578 52.763
26.74 64.0055
83.2685 63.086
97.5594 28.6122
71.1024 47.6905
30.5408 90.1886
86.2257 97.105
22.9285 83.7741
90.1556 29.3635
87.0148 39.8853
43.9934 46.6626
72.3067 48.7139
56.0949 28.7071
63.7124 75.9218
92.1644 93.9412
58.7524 9.4841
22.1842 94.6948
14.2096 2.6756
70.6295 52.5374
61.3459 25.5111
59.5929 54.6434
44.7462 7.6578
3.0384 69.9866
14.879 64.8606
17.0191 4.7613
29.1843 93.3015
87.1541 58.7471
50.0634 80.0555
59.7281 10.0342
12.9239 18.7838
52.3641 23.355
91.894 46.9553
75.1641 2.6853
4.7784 85.8722
20.301 82.3389
33.9688 94.2616
61.7989 83.1858
98.7448 19.5004
78.0804 86.803
49.4386 10.3641
26.567 67.4338
9.035 42.8155
22.897 6.1297
92.4655 76.5232
61.452 78.0768
11.8678 64.1195
77.5369 60.0268
82.1318 24.5821
26.3012 61.8498
48.783 3.9175
44.7911 5.6365
0.2393 18.9249
75.4804 91.9388
57.9073 93.497
34.1245 44.4844
87.5168 69.0987
51.7618 79.2027
28.8251 28.9766
23.5466 94.7892
87.63 98.4527
44.9035 35.0051
60.6601 19.85
71.0183 74.6241
12.6299 75.0882
90.3281 2.5033
83.853 25.6629
64.4075 47.2795
56.682 45.6499
50.7816 4.9732
10.9347 42.3023
73.7491 88.5959
6.7093 93.5839
52.0975 32.0923
85.4385 72.7231
30.7387 35.9917
41.7382 64.7131
67.1153 34.8432
67.9752 89.3681
84.5578 92.6205
83.1635 66.3929
54.0169 2.0554
78.7075 34.7864
13.0526 48.8722
96.9785 34.9559
66.9547 36.8468
43.526 63.2467
37.9916 12.1763
90.5841 23.6461
99.7977 52.9077
67.4653 43.4918
85.6018 68.5115
99.7568 9.7287
95.3292 47.0499
39.8949 27.7637
25.4969 96.568
3.8441 75.5052
97.9327 77.1203
92.0379 83.5735
90.6379 66.2163
58.6542 75.7479
68.9547 49.4122
99.9859 6.1212
62.4285 23.8851
81.8676 22.5015
86.9556 75.7456
61.0096 22.1559
47.3304 14.8624
76.1701 44.4904
25.8628 83.1626
1.73 53.3301
42.3245 20.0464
57.3117 32.2536
38.3531 77.4674
1.918 66.6123
26.371 52.2292
51.9753 99.3483
81.324 56.0396
79.928 48.2777
89.901 38.7904
26.0271 33.067
97.2795 72.8657
76.8361 32.4865

Jcoords
10.5971 59.5126
55.4167 54.8904
51.501 52.3496
11.0621 25.9745
75.3271 26.8504
29.0252 58.4574
35.1653 77.2875
72.0095 64.0133
77.9829 16.8606
89.6792 29.8654
29.3974 88.0137
22.2815 13.8474
50.5292 47.3549
95.6563 91.2316
7.7844 80.2556

C
7.9183 19.6806 17.0681 4.8786 22.4153 11.8779 16.4198 26.9803 29.8945 32.6127 18.9903 10.6747 17.1767 35.0019 13.0476 
16.8448 13.4045 13.6166 11.9744 10.2024 15.3456 22.9613 18.3455 11.8869 13.2908 23.914 8.7873 10.8924 29.6827 25.8425 
32.0813 17.3062 15.7099 34.2489 18.2239 22.3718 19.055 8.2372 20.2474 12.9338 24.0461 31.1215 17.3257 6.5677 34.592 
12.5209 17.9551 22.3302 25.1384 35.8958 12.5334 10.4427 21.9892 30.6149 39.2425 5.3143 31.9065 21.4772 31.5741 6.1921 
6.9884 16.198 17.1934 4.8854 24.4316 11.5303 17.5133 22.0854 28.5601 29.0187 19.7613 11.6637 15.9343 40.4927 12.8638 
28.934 13.5606 16.8622 23.2953 3.031 25.5582 26.5959 15.117 3.0385 2.6813 31.0984 21.769 14.7028 23.4946 34.0549 
26.6697 19.4229 19.6446 34.6211 25.7042 19.3218 17.3632 11.0158 30.0057 25.7661 18.301 35.6877 19.924 7.0526 26.1241 
25.8984 17.6657 18.0158 34.0077 26.5475 22.4528 16.5985 10.0264 24.6943 23.4116 15.2837 36.5034 19.709 6.8937 26.0688 
21.9528 7.9635 8.2748 21.1892 5.6802 17.1262 20.674 6.8588 9.0403 7.3473 25.3552 24.2438 10.1617 19.6503 23.9952 
25.2849 10.8017 13.1172 27.1164 12.5338 18.2634 20.9535 4.9868 15.4783 10.8663 25.4318 25.6822 14.549 9.9797 28.1854 
9.6622 8.9909 8.1113 16.7292 20.888 3.2994 4.093 13.8664 20.2073 24.4898 7.3051 16.655 7.3897 20.6226 11.5105 
22.5109 9.2937 9.1922 17.4915 4.7037 15.1943 19.358 13.4887 6.408 10.4866 26.0311 13.2932 7.4851 26.6648 27.5416 
11.5784 20.1396 17.9918 21.8574 37.1599 15.3046 10.9095 25.4092 36.0585 40.3747 7.0496 27.8191 24.5932 29.8475 5.6353 
22.2878 6.7348 7.844 22.7245 5.8929 16.6535 17.6104 7.5843 10.6365 7.1562 20.9795 19.1982 9.4243 17.9837 23.3942 
12.9473 20.8488 18.1527 3.4856 21.9748 18.7042 20.0053 29.1988 26.3056 27.8741 27.6393 5.8012 20.1509 36.2143 19.1206 
17.863 11.6045 13.8867 24.8931 27.2179 14.4092 7.2898 13.2551 27.7839 22.4145 6.9439 32.4943 15.7613 16.726 15.031 
3.5912 21.9023 18.0865 15.052 25.1996 8.7363 14.6267 22.1975 31.3384 34.2681 12.3916 17.0211 17.3909 31.5716 6.5615 
8.4201 11.1886 8.8565 15.7273 20.6326 5.3614 1.5283 15.7918 22.776 26.609 6.2223 23.7202 9.9647 25.9602 8.2866 
19.2597 9.894 8.4514 14.0057 7.4853 14.2071 18.1087 15.3263 10.8768 12.1652 21.2124 9.9535 6.3536 26.7166 23.843 
28.3672 13.2395 12.5599 30.5883 20.6525 21.07 17.2398 5.244 22.8746 15.638 17.0158 28.1495 13.8111 6.0921 21.9036 
16.9292 13.4716 13.6362 29.5894 25.1989 15.4325 8.0214 11.013 25.4233 23.0386 7.9545 26.5971 13.6479 13.5695 17.166 
15.8583 10.3155 7.2345 9.3951 12.77 9.567 14.6099 15.229 15.6294 15.7347 18.0358 7.8964 7.1669 29.4915 19.1366 
22.6432 22.6503 20.5754 11.4115 18.5561 22.7121 27.8394 24.7376 21.1007 24.3213 34.3918 4.8915 16.8687 40.8927 24.6438 
24.7873 15.3654 15.4663 21.8653 4.5135 19.5933 26.1139 20.0207 3.1501 8.3307 31.5034 17.6461 12.2446 25.435 33.4803 
27.8843 15.4798 14.2549 24.5571 4.9717 24.7545 29.36 13.7438 4.1336 2.309 31.1005 25.7824 17.484 26.4302 31.9821 
24.314 13.0535 13.8166 29.2514 25.9631 15.755 13.4306 9.7388 28.5069 23.8641 12.9834 28.3803 16.5974 11.0339 20.9446 
20.5211 5.4891 6.5545 26.2527 12.7548 14.6562 11.2129 1.2009 14.6886 13.8757 17.6628 23.8935 8.7015 12.9438 23.9675 
6.7261 19.7534 18.8049 18.3711 27.1201 11.7571 13.7056 28.1431 36.7115 33.0862 11.4487 24.8286 20.9191 30.1081 3.2289 
26.2373 10.1338 11.6904 26.2284 8.9175 22.5951 22.1901 6.259 11.7529 7.7347 22.3078 27.8298 14.21 14.7335 25.2516 
6.3909 10.6791 10.7608 14.9158 21.4629 2.3263 5.4422 16.3513 23.9113 26.3998 9.3793 18.7676 9.5678 26.2164 7.5327 
26.1424 11.2269 10.3381 26.1903 13.7513 16.4791 15.5684 4.05 15.3817 10.573 20.3661 30.6241 11.0748 12.0575 23.9591 
34.3131 15.6294 18.5603 32.5727 8.8138 24.137 29.3511 16.4417 6.8864 2.756 34.0949 23.8959 16.145 21.6763 38.9213 
22.539 6.5223 7.9462 23.087 8.4758 13.0733 14.1065 5.7185 11.6782 9.5155 17.7223 19.8588 7.4917 15.0511 25.4047 
11.2329 14.5915 16.7748 21.3053 24.5595 10.1433 5.1722 18.9633 34.5068 25.6217 0.9624 26.7602 14.5065 22.4352 9.2938 
31.0799 18.6835 18.3422 40.8144 27.1938 23.5816 17.4556 12.087 29.6288 22.7098 17.3286 39.0944 18.4001 3.7152 28.6182 
9.0464 15.4584 16.4113 19.4658 24.6342 8.0075 4.81 17.4814 32.2602 33.368 2.6475 22.9789 16.0166 25.6832 4.7124 
26.5533 14.6787 15.655 28.294 5.6009 25.8955 26.2156 13.3691 6.8787 0.2635 28.8642 24.7169 13.5128 23.938 37.5583 
29.9734 10.8962 13.1656 29.0101 6.2239 22.2922 22.6319 9.3963 8.288 3.9782 29.7894 24.5813 13.2508 20.7493 32.1633 
14.1916 4.9836 3.4716 13.0555 11.281 6.5651 12.6691 11.86 15.7492 15.8878 13.287 13.5435 2.6033 24.5495 18.69 
19.8717 5.7189 6.9214 24.7143 6.6544 13.6732 16.8511 5.5073 10.0916 9.6048 21.5058 18.9577 8.2523 17.5936 24.8998 
21.7036 9.6544 9.4894 15.2491 7.1664 12.6258 18.6251 12.3927 9.3057 12.7091 25.3261 11.8375 7.3445 28.2861 27.4821 
18.6679 6.9136 8.6491 23.1579 19.6464 15.4799 8.7511 5.3672 20.0754 20.7893 13.3235 27.1955 10.1056 13.0464 17.7094 
29.9516 19.5078 19.3637 33.6707 22.4668 23.0318 20.7184 13.5018 27.1489 23.9888 22.0851 38.7764 21.7306 1.7291 28.9701 
22.6649 14.9698 13.6684 19.9876 8.6543 20.6529 24.7169 19.9498 7.3242 11.3635 27.2973 11.4344 13.7652 32.1544 26.4259 
13.4163 16.6657 18.4382 27.6926 34.1877 11.1481 7.6349 17.9463 32.0155 30.0974 3.0322 27.3669 18.9312 25.4275 7.9143 
17.8885 23.4536 22.1809 7.6856 23.4704 22.994 25.1251 26.4977 25.0613 29.3518 29.9043 5.0087 17.7689 42.8322 27.5651 
22.1801 5.3555 6.4562 20.0752 9.4921 16.5782 15.3569 4.2617 11.5473 11.0248 19.1084 23.2149 6.5366 16.5528 21.6018 
24.1413 10.9606 9.2794 18.1834 4.3105 17.1735 19.7149 15.6091 6.5931 11.0192 26.6178 15.9731 9.287 26.9713 26.6834 
19.4044 1.5287 2.7604 17.9357 10.1402 11.5641 10.6488 6.1926 15.5056 15.5047 15.2923 16.8012 4.6441 17.051 19.4707 
22.8116 18.4685 14.17 13.3009 11.5355 16.8463 25.2326 19.4072 10.3496 15.7532 31.8399 7.8061 12.7248 33.1449 27.8041 
4.2056 18.0538 18.2927 15.4255 25.6835 11.3519 11.709 21.0457 33.0436 30.5343 10.2572 19.863 20.1698 34.3319 4.4153 
2.2259 13.9097 13.3206 14.0155 21.8144 5.0683 8.1219 18.9637 30.3978 27.9374 8.6167 17.3354 11.9745 31.8308 5.126 
18.6163 21.1031 23.2132 6.7357 20.5636 20.7158 28.589 26.9513 19.6652 28.3206 29.7701 3.9207 16.7681 38.6171 29.3808 
13.347 14.2844 16.2813 27.3803 26.503 11.2478 5.1301 16.2081 30.9341 28.0941 2.0009 27.7701 16.1563 25.6041 9.9249 
25.0737 12.2736 14.3803 30.2649 12.5802 19.578 18.2808 6.279 13.4382 9.6456 24.8569 26.0669 14.7555 10.0938 24.9411 
15.3856 8.7141 9.5187 24.0638 21.3213 10.9388 5.0414 10.5095 22.0873 22.9292 8.2779 22.6962 12.434 15.5521 14.041 
23.4146 17.9846 15.6611 16.8072 8.3147 19.5116 28.3744 18.3237 6.6634 13.9626 26.3311 12.1841 14.4795 29.3188 31.9858 
12.5649 19.2432 17.3248 2.6406 23.0359 15.3154 21.7997 23.0075 20.2682 29.3221 26.7146 3.2004 15.7741 37.0488 20.2023 
21.3903 10.7056 8.9517 14.2157 8.7939 13.7925 17.0957 16.4818 8.83 13.2576 25.4361 12.0045 9.0479 25.3035 26.4633 
27.6397 13.5061 14.2916 28.2015 10.0115 21.6343 20.7653 9.0883 10.2314 5.7144 29.8884 27.4498 14.164 14.3661 30.8022 
25.9157 18.1958 20.4595 25.5551 8.1776 26.6732 26.6304 24.3426 4.846 11.0034 35.2161 16.3711 17.1656 27.5114 31.2662 
8.6058 19.2518 19.8045 18.1342 36.2869 12.7291 9.5518 22.474 36.7714 38.5684 9.0915 29.1148 18.0673 32.1994 2.4628 
9.1202 17.3468 14.2248 19.7167 29.5706 8.7869 5.1823 21.5983 27.566 31.559 3.6367 26.5104 17.5829 27.4451 4.1327 
13.5307 17.5436 16.0826 24.345 30.8282 13.5214 6.6414 19.2314 34.886 30.2538 2.7769 29.6839 14.968 21.8328 11.7266 
20.409 10.4364 11.9118 23.231 18.7078 15.2606 9.0211 8.3716 26.4892 22.6298 10.4338 24.0703 14.5025 12.8692 20.7775 
31.5581 19.7484 20.8243 31.2385 7.4393 27.4417 27.6137 15.9045 6.6533 4.7893 37.7848 27.9546 20.0237 28.518 39.9582 
22.2527 13.5664 15.4215 33.8135 23.1901 19.2233 16.2467 7.6343 24.1511 17.8679 18.7488 27.9769 18.9051 6.5813 27.3859 
20.9856 13.5317 16.2427 15.5196 9.7478 16.9591 26.0097 20.092 11.01 15.2664 30.8667 8.2248 14.54 30.7093 29.4045 
6.0218 9.6892 9.3632 16.2404 23.4345 3.625 4.5628 14.8698 23.5038 28.4829 8.002 19.7989 11.5609 25.9775 8.9216 
6.2284 18.9698 13.2441 6.6273 21.5199 9.5388 16.7791 23.5885 27.31 27.3048 16.1807 10.1516 15.578 37.1135 13.8493 
16.7522 20.027 19.8396 8.972 20.2616 18.345 23.0848 23.2896 20.0129 27.2797 28.3635 2.98 16.189 33.9479 30.1015 
28.0033 13.0208 14.5455 37.1211 17.5715 25.8045 20.8878 9.5648 22.3601 15.8919 24.2065 31.8985 19.6822 4.9606 33.6934 
18.1198 9.1404 9.6188 25.0501 16.9884 11.4193 8.2525 5.8805 21.1595 21.7155 10.3229 29.4606 9.8013 13.7828 20.3031 
1.6124 14.2229 14.6854 12.8463 25.4856 5.9189 8.4191 20.9835 25.2827 27.1971 11.1694 16.1565 15.3557 28.4012 5.4362 
21.8163 7.2804 9.5439 26.7686 10.0947 17.4879 17.967 2.5045 16.1191 12.4723 19.0995 28.4663 10.1193 13.9934 23.6762 
25.5699 13.1386 14.5777 28.1063 2.5284 22.4499 27.6452 14.11 3.2336 3.3286 30.0509 18.8314 13.9412 22.0414 33.3168 
6.0619 11.6809 9.4474 13.7592 22.9021 1.652 6.2928 15.7825 22.7076 23.2213 10.4912 19.1718 9.2406 23.6285 9.399 
24.7055 15.5904 14.6253 15.1277 10.6323 19.0326 28.506 24.444 11.4664 16.3608 28.2638 9.1015 13.6851 36.0031 29.2187 
20.7961 16.6327 18.037 12.8517 13.3594 19.9823 22.1077 24.6563 11.2368 15.4049 30.5463 7.4637 15.7454 39.7177 30.2349 
16.4622 25.4367 18.9892 3.9059 29.3639 15.3016 26.8114 28.8686 27.9276 30.0595 24.9266 7.3581 17.822 44.0447 22.2702 
28.8834 15.9092 14.0429 34.0775 24.3171 19.2462 17.1279 8.5012 27.3136 20.5039 14.7907 36.6244 16.7068 7.0982 25.9537 
23.2597 14.0163 13.813 28.7717 21.3201 13.8678 10.8163 10.1088 25.9453 22.3112 10.2281 29.0469 15.2661 12.177 18.4611 
11.0162 8.0577 6.054 11.6779 17.183 5.3816 10.6336 12.8932 20.4895 20.491 16.6734 12.1663 6.1603 29.2718 14.9882 
25.8977 12.497 12.7938 26.9391 16.0585 18.9294 19.0174 5.9666 17.6242 12.6484 23.1461 25.9459 14.575 9.065 28.8706 
16.7696 9.2319 9.34 25.4084 20.7256 10.4555 5.585 8.5807 23.6915 20.2977 9.0718 21.9535 12.3024 15.3697 13.3774 
12.9377 14.1911 11.9742 6.3737 14.2864 11.5273 15.5531 17.3558 17.5429 23.2853 19.9673 5.794 11.0176 36.324 21.3453 
14.2196 19.4302 20.1447 26.1079 30.3419 13.2861 8.071 20.5639 29.2401 35.7817 2.9112 31.2959 19.8968 28.4386 6.938 
29.0193 16.6167 17.8531 35.4249 24.44 28.1182 19.942 14.3248 29.282 24.7162 19.7183 38.3037 20.6615 3.3415 31.4059 
13.5042 7.4206 6.6582 12.0033 12.3407 10.6774 16.4749 14.5744 12.3109 15.2831 20.4406 10.2772 4.6656 24.8746 18.4829 
23.0381 11.3555 11.872 19.1703 5.7922 19.2115 24.3762 15.3529 5.8748 9.6364 28.7141 14.3416 9.8427 25.384 27.1824 
21.3441 9.4889 10.1018 23.4876 17.5801 14.8177 12.8959 4.2084 20.9396 15.7311 13.1558 27.2042 13.4593 9.3179 20.1689 
6.1558 15.4435 15.568 16.9823 29.3247 9.2737 7.9656 18.26 28.6222 35.3073 6.8679 19.2438 15.5587 32.2762 2.7726 
36.0796 19.4402 24.667 29.5703 10.0634 26.2112 31.1681 25.3959 6.5383 10.6031 32.1504 24.0898 18.9425 29.7775 38.4416 
24.6211 14.4274 16.2679 25.4043 3.1377 21.153 22.0195 13.6628 3.3137 2.6551 28.7092 20.3508 14.9147 23.9442 29.3627 
17.5097 3.8649 4.3097 18.3988 9.0364 11.9852 13.7641 5.5598 11.1025 9.5141 16.554 18.253 5.4931 18.9289 23.1436 
18.1767 3.1114 3.3394 16.7875 10.4083 9.2167 12.8136 9.1469 11.5532 13.0877 19.6269 16.3455 2.4351 19.629 20.9545 
20.9467 15.9169 14.5178 15.4559 11.5507 22.5301 22.2832 23.8727 11.5298 15.3227 28.649 11.6444 14.1642 33.419 26.2169 
5.3379 17.003 15.601 6.4072 22.2103 8.239 14.1076 24.4821 21.6501 27.8544 17.0673 9.5424 14.8087 34.536 14.7613 
24.8142 12.815 14.7833 34.2464 22.6001 19.0916 15.8817 8.7511 28.7153 19.2233 16.3361 30.8835 16.7638 7.9567 26.4829 
13.5284 20.2916 23.5855 26.8355 33.1851 15.5768 10.0376 28.3867 34.2645 32.0223 7.1978 24.9659 23.6634 33.5447 5.1628 
15.8972 8.4759 6.0839 14.0647 7.4846 11.5475 18.6922 14.7404 11.5212 14.2609 21.1719 11.8219 5.2289 28.1899 22.3044 
25.7711 12.0295 14.06 33.3911 14.172 22.1002 18.6271 4.8499 19.5674 13.4412 18.1588 29.7711 15.4187 7.6363 24.5837 
10.8692 9.6886 9.1164 7.8515 16.2947 7.843 13.145 18.9961 19.0427 22.4351 17.5997 9.2613 7.7545 32.425 16.0954 
11.4355 5.5134 4.8741 18.1298 19.8256 4.7097 5.2158 9.6622 21.0283 20.5482 9.1045 16.7137 6.2828 23.4097 12.2781 
24.6423 8.465 7.143 20.5834 3.9111 17.6934 17.3827 9.314 6.8224 8.4732 26.0369 15.3619 7.4918 19.5983 24.828 
24.2488 11.6943 14.0762 31.0103 20.175 17.6673 12.6497 8.7137 23.4882 23.2765 14.6223 33.2065 16.4588 10.2735 22.7192 
29.5932 18.2351 18.2926 37.2348 24.2148 25.2062 19.7665 12.2891 26.9731 21.414 16.6666 38.0981 18.2404 3.9405 25.1096 
28.8579 10.9453 11.2882 28.6078 14.9072 21.2301 16.6311 3.9017 15.1649 12.6154 21.4938 27.456 12.7588 8.3966 23.6444 
21.663 18.5516 17.3228 19.6121 9.8868 22.6591 23.9112 20.8843 9.0765 16.4162 31.9389 10.5358 16.4106 30.8149 27.3351 
25.7232 9.9902 11.2758 22.839 3.1114 19.4267 18.7772 11.1873 6.9573 4.7474 23.204 22.9188 10.5398 19.8728 31.6768 
4.3036 15.5796 12.6085 8.0398 23.667 6.5216 10.8737 20.2028 27.5961 26.4873 14.9054 12.2932 11.2822 28.063 10.616 
34.8889 15.7415 18.4731 33.8109 7.7333 28.646 25.1203 14.7423 10.3025 2.8539 30.519 26.9039 18.2928 22.2519 34.063 
21.3821 8.0914 7.3243 19.9974 3.9131 15.1916 17.618 9.5361 7.332 7.1912 22.1578 19.9829 7.3863 24.0502 28.07 
10.5451 4.4167 4.7114 16.5139 16.5538 5.0838 4.909 10.6937 20.6576 19.2354 10.2192 16.6161 5.3176 19.0813 15.3421 
17.0802 17.0595 14.2961 11.7041 12.7568 16.773 22.6018 21.18 15.5663 20.8252 30.3002 4.9734 13.6761 31.3028 28.2875 
29.9272 15.1193 17.801 27.1923 5.1836 27.6162 27.4111 13.3929 4.8818 1.9803 33.9605 25.2961 15.886 22.1965 32.0564 
27.0392 13.9762 15.4705 29.7951 10.899 27.2033 26.063 9.9531 15.3958 8.8887 28.4227 32.1772 18.7166 15.0719 36.8127 
19.178 6.3276 5.6524 18.1612 5.7829 12.8001 17.9281 7.9114 10.1389 8.149 20.3558 21.5729 5.2148 17.492 22.6339 
23.5542 11.6867 13.306 26.5107 15.6533 20.4453 17.104 4.3167 17.5216 13.0455 21.6848 33.2014 12.9064 9.6624 24.5067 
39.7848 21.2908 21.1047 28.1061 10.9484 25.8449 32.7138 20.7159 8.4271 8.7076 32.8085 24.478 23.0617 27.7379 35.1527 
33.4781 15.839 15.4251 29.9589 8.6845 21.2263 26.3347 11.2925 12.5658 5.8375 26.2825 30.8441 16.8452 13.4537 28.96 
15.8376 10.1543 9.7576 11.1162 11.2038 12.6013 15.472 16.9647 13.0144 17.4998 22.2859 8.5391 6.9237 33.5063 19.7279 
15.2486 19.6293 16.4513 23.2807 28.3307 11.6313 7.8511 19.1213 32.3528 32.565 3.7437 29.6612 20.7493 24.6549 7.6838 
6.194 19.0391 18.8042 15.4566 34.493 10.1597 9.5182 27.5058 37.046 31.7114 10.7799 23.1551 21.1902 34.9776 2.0367 
26.9684 18.1784 19.6768 36.3617 19.027 25.1079 19.9538 9.5976 19.6141 17.3748 27.1753 32.8514 17.9228 5.4002 34.0155 
28.0493 16.0995 17.566 37.9799 23.2039 21.4965 22.6587 10.2603 20.5214 16.4183 22.3371 31.4627 18.4106 2.8561 32.5133 
26.6585 14.0368 15.4956 28.2766 14.6356 20.2071 19.9228 5.9782 18.5517 11.3381 22.9919 28.4166 17.3743 8.6415 30.9583 
19.1133 6.5348 9.3416 22.388 16.568 10.9227 8.3023 6.9228 19.5232 22.1217 11.7347 28.2158 11.7747 15.5511 16.9039 
19.0054 4.5478 5.3416 21.6788 9.3544 13.0725 15.1385 5.8819 12.2961 9.7772 17.7861 22.1338 6.8227 16.2942 24.1554 
37.3583 22.8724 22.8776 36.3997 12.1286 32.0157 29.562 21.1217 9.2574 9.7274 35.5162 24.746 24.6231 25.694 44.2121 
20.6611 10.0197 10.9002 19.7513 4.4311 19.1139 21.4354 15.9331 5.499 10.3032 28.4791 16.5076 9.6704 29.0252 27.6822 
28.71 15.3428 15.7971 26.109 2.9006 19.7689 23.2457 16.5332 2.7376 3.5513 26.2463 20.3334 13.4871 22.4108 37.1327 
29.4383 11.4982 14.4001 33.3172 16.8468 18.5597 18.4196 7.2526 19.7159 17.148 23.3403 26.9371 17.9515 6.1495 30.9268 
19.8337 13.2404 11.0129 18.5145 4.8894 17.6255 22.1026 13.5289 5.9474 11.2637 29.0674 14.9604 9.8304 30.8724 23.914 
20.2538 14.35 14.6687 14.8771 11.2959 17.2769 24.1551 16.7801 11.172 15.4192 24.2823 9.1729 12.9488 34.5594 26.327 
24.3389 8.9557 8.6346 25.0113 5.9285 16.9687 17.2645 6.7769 10.245 7.6671 21.1796 21.9079 9.0869 16.9088 30.5453 
9.1681 12.6992 14.7671 22.0222 24.4118 7.5393 4.2139 17.7116 27.6789 28.8514 1.8889 24.5148 13.4922 24.9909 6.1231 
4.2709 20.0282 19.9073 11.4343 26.8906 8.6567 14.6884 22.8686 33.3706 32.8784 15.9367 16.8386 15.8602 34.5889 10.3326 
15.4851 14.3902 11.0214 12.6546 10.8706 14.2065 18.7483 17.4534 13.5612 18.8902 22.9766 6.6317 10.1454 30.8914 22.6495 
16.5287 7.5235 8.192 16.5926 6.3891 13.6922 18.3877 10.8102 8.3221 11.6905 21.9559 14.5346 6.3172 24.3542 24.5403 
10.8394 9.8399 10.555 17.8156 20.535 7.1233 1.0042 13.0594 22.0571 26.3139 4.57 21.5951 12.3948 20.7386 10.2124 
3.7295 18.4896 18.7646 16.0951 32.9686 9.6726 12.7629 27.3194 28.167 32.2252 10.55 18.1438 17.8141 31.9634 5.388 
5.6379 9.0098 9.2957 10.3637 19.6641 2.1502 9.5578 14.2537 23.9322 25.0171 12.2892 14.2122 9.8555 29.4341 11.7838 
20.2524 13.9034 16.3846 32.3689 26.4372 18.1375 8.5508 13.4531 28.9138 24.9256 7.7584 35.6883 16.9928 16.4164 18.5383 
27.7583 8.7005 11.2959 27.4439 10.3641 18.7377 18.8826 3.8096 15.3156 9.1933 22.6485 28.28 11.4706 13.0715 23.413 
27.2513 7.926 9.356 22.3895 6.8004 19.3212 18.1413 6.2025 10.5512 6.4714 25.7003 20.3317 9.524 16.0832 24.4788 
27.5818 14.9147 14.8885 31.3345 7.3063 19.4928 26.4393 10.6441 8.4437 3.4542 27.9075 21.8454 12.813 20.5432 29.9801 
9.9631 13.3063 11.3579 5.9072 16.0003 8.3143 13.8038 18.2241 16.3329 22.3 20.5722 6.4187 10.4832 28.3703 16.1692 
32.0035 18.1233 18.4057 38.2074 19.2514 25.9502 19.0115 10.4157 20.3654 14.6327 22.1661 36.294 20.0675 6.0733 34.9051 
23.9016 9.6582 9.6837 20.027 2.2487 18.3849 19.0713 11.7753 5.9679 4.5536 27.577 22.8643 10.9479 19.7519 30.0677 
6.3981 17.4551 17.4613 6.0262 28.1657 11.2498 17.6799 25.5424 30.4198 29.2628 20.0157 11.3391 14.6225 33.1918 12.3332 
21.4911 13.5953 11.9889 11.5941 9.0309 17.5679 22.1447 18.1721 9.6865 15.942 25.2224 8.8279 9.1473 33.83 28.1035 
32.4974 13.6879 19.3214 37.9122 18.6403 26.9339 21.6594 9.3166 22.1639 12.5538 26.2575 33.4754 20.3108 7.1179 29.3804 
11.7497 18.612 20.5578 24.0613 35.8136 12.7691 9.8928 20.5607 37.4831 39.5797 5.8966 25.431 21.9081 31.1429 6.434 
6.797 18.2132 16.1802 4.2813 20.9453 11.5944 18.747 22.6062 26.554 28.0799 16.7582 10.3661 13.8857 37.7925 12.3673 
26.2734 16.2436 15.3498 26.5474 2.7019 23.5936 25.3048 14.5818 3.3881 2.7043 32.8117 22.6932 12.1985 23.8805 29.0324 
30.4315 18.9905 20.4151 36.1119 28.1903 19.5276 14.289 14.0611 27.723 22.1086 14.4855 37.7805 22.6227 8.0117 26.3295 
27.0921 17.4745 15.9714 36.9993 26.2899 19.3015 17.5005 11.5146 23.4879 21.1294 14.1784 38.4755 16.8729 6.6221 24.8389 
25.3402 7.4868 10.8611 24.9796 5.9273 15.5223 19.2288 8.0118 8.6609 6.1803 20.4117 20.0041 9.5267 17.6511 24.1837 
26.6129 10.4844 12.6135 27.3311 11.5619 19.43 19.9438 5.636 13.8621 10.4508 24.0926 26.4863 13.5996 11.861 25.785 
9.5792 6.9301 6.5551 15.346 17.0594 3.2834 3.6324 13.3761 23.8813 20.204 9.1314 17.133 8.119 21.7549 11.5671 
20.2087 10.8763 10.4938 16.5378 3.9087 14.7453 20.0036 13.8051 6.7373 9.1097 26.6525 13.6527 8.285 24.8716 27.1887 
13.485 21.4498 23.4616 25.3026 35.2675 14.2357 10.3873 22.4303 33.9995 38.2782 6.7304 31.7956 24.2743 28.1477 6.025 
24.4373 7.4673 7.6082 21.2967 5.6885 14.5814 16.4149 6.9705 10.9855 6.17 22.7114 19.6174 7.468 19.6037 23.8592 
13.5019 22.877 17.9361 3.0592 25.8099 16.1131 24.834 30.0914 28.1427 25.4686 22.7233 6.0922 20.2148 37.4646 22.3975 
15.615 12.2702 14.9657 25.2573 25.6745 14.797 7.2858 11.0146 26.1561 26.1845 6.5445 30.5302 15.2283 17.4369 13.1057 
4.3354 20.3962 19.6181 15.3855 26.2458 11.0182 11.4215 23.0102 28.7655 36.7909 13.1515 20.9155 17.7919 37.3657 6.1639 
10.0841 10.9287 10.209 17.331 24.1138 4.6745 1.8487 14.0841 27.137 23.592 5.5382 20.1607 9.9281 25.9407 9.0332 
16.3128 8.0855 9.1778 14.5181 8.5013 12.7195 18.9076 15.7479 11.3785 12.6986 20.7127 10.7623 6.8318 25.6587 22.5675 
21.5808 10.6004 13.601 30.9519 19.9626 20.896 14.7171 6.6737 21.0179 15.2029 20.1156 33.9131 15.8143 7.5579 25.5114 
19.9682 10.7252 14.4859 24.461 25.7758 14.2391 7.4294 12.749 27.8921 26.5499 8.2997 24.5833 13.8909 15.0119 16.8001 
11.9892 10.4231 7.4095 11.6138 14.2728 9.7591 16.7681 14.4532 14.7239 15.1231 18.3702 8.2176 7.165 30.964 19.7585 
23.9113 22.3483 19.2686 9.7579 19.9031 20.9392 27.6313 26.3263 19.9012 23.7744 30.5686 4.3039 19.8136 36.4265 27.6917 
29.8418 17.7765 14.9425 21.9686 4.6163 20.4848 27.7121 17.8931 2.796 8.0186 26.8185 19.0669 13.0702 25.7062 32.8186 
33.2694 14.4094 17.933 23.4202 4.0917 21.7427 27.8048 15.0264 4.0401 2.4965 26.5815 22.9422 15.008 26.4031 38.5971 
20.1885 13.9657 14.3201 28.6579 24.1017 16.1166 11.8598 12.1663 28.3405 22.19 12.2486 32.5783 18.6416 10.9055 19.0149 
17.6727 5.0593 8.0663 24.2713 13.9071 14.1512 12.4013 1.4974 17.8231 12.2094 15.1512 22.9081 7.655 12.9244 19.9282 
6.3258 23.4287 22.436 20.3138 30.6661 12.6038 11.6798 21.9441 30.2232 37.4044 11.2189 20.4187 18.6958 33.4695 3.3425 
26.5571 10.1151 11.5086 28.7408 11.058 22.9933 19.5237 6.1052 12.7563 9.1221 26.2516 25.7659 12.6694 15.6591 29.9186 
6.4094 11.3893 9.3624 12.8426 20.6923 2.2411 5.8873 14.364 23.027 26.3067 7.273 16.1139 10.3896 28.3875 8.6563 
22.8609 11.3082 10.9853 25.0537 14.1371 18.5043 17.4141 4.3878 14.1534 10.3395 18.4903 28.1551 12.5386 10.0864 24.0365 
35.1068 19.7515 18.3375 28.0555 7.1701 25.789 29.8021 15.2847 7.4207 2.8877 30.6863 26.6958 16.4691 22.1838 34.5093 
21.1457 6.3065 7.783 22.0272 6.6833 17.1343 15.559 5.184 12.4458 9.3868 18.1632 17.9935 6.7551 15.8409 26.9569 
12.1549 16.7636 13.6907 23.8284 24.9164 11.4172 4.8406 15.354 28.4631 27.421 0.9558 27.9504 18.5621 22.9887 8.7426 
25.5734 17.8107 19.9 34.8641 25.3524 21.8696 17.1818 13.4124 26.507 22.4068 19.7284 36.4279 20.3779 3.4697 24.1734 
10.2494 16.1279 14.8823 19.4186 28.0462 9.674 4.3059 16.7724 28.3002 33.1535 2.4363 21.9789 16.533 24.5866 4.9301 
33.6404 13.3553 17.8586 24.1457 4.9241 24.616 22.3642 15.36 6.3413 0.2664 28.1379 26.0189 13.9523 21.6461 33.8499 
26.2573 10.5639 14.8819 29.2186 6.954 23.9606 21.6985 10.9534 7.7983 3.4049 27.9651 22.816 14.1409 20.2494 30.1625 
11.8943 4.4923 2.8557 12.2233 13.661 5.8657 10.948 9.9092 13.7376 18.6818 15.6901 13.4294 1.9743 25.7367 17.2378 
24.4137 6.4796 7.0903 21.7614 8.0405 16.2419 18.3273 6.098 12.6217 9.1306 21.3138 23.7444 6.9605 15.2847 26.6378 
21.2695 8.536 7.5554 17.3199 7.3422 14.1342 19.2016 12.8613 7.8945 11.9631 21.04 14.6334 6.2702 26.7471 26.0197 
18.4121 8.494 10.088 25.5238 17.6747 14.3653 8.7168 5.6648 18.8784 20.7893 14.2549 23.2997 9.9924 12.9649 16.8792 
31.439 19.1164 19.9454 41.4905 21.7682 22.0395 18.2422 12.9137 24.9074 24.9763 23.1128 38.4256 23.6488 1.7238 26.2517 
21.8664 16.9685 15.103 17.3737 7.9413 20.6643 25.9158 20.4493 7.9853 13.1487 28.9237 13.2966 13.8504 30.5848 34.8247 
13.3385 19.3051 19.8648 25.5207 34.1618 12.9219 8.2711 21.2582 38.0011 36.4239 3.3203 26.5018 18.9699 28.8404 7.1883 
18.1619 26.5333 22.8517 7.5257 22.8131 19.4329 24.6137 31.4028 23.3235 28.2929 31.1178 5.3091 21.9204 39.3671 26.0082 
18.2941 4.9429 6.921 24.3342 9.0978 16.1328 14.0076 3.4861 13.7329 10.7464 18.1674 23.3883 7.8879 18.3085 21.959 
18.8146 11.2004 9.9026 20.044 5.1672 18.0781 20.1848 15.6011 6.5987 10.5691 27.3619 13.4373 8.9116 27.3123 27.074 
16.6963 1.3525 3.0018 17.7046 9.8368 11.6011 10.8653 4.9155 15.7787 14.5264 16.6919 16.7459 3.6404 20.5084 18.5691 
24.0224 19.2239 14.3508 11.8784 13.9761 15.9583 21.9573 20.4965 12.443 16.1992 32.519 8.7428 12.7008 35.6012 27.2746 
4.6745 20.3215 19.3602 13.8955 30.2293 10.8203 12.8292 24.1195 33.7693 29.7228 10.2699 19.3882 20.8221 31.7473 3.559 
2.1142 15.6672 12.9258 12.8511 28.148 5.031 9.4137 19.6665 28.8756 25.2287 8.5894 18.8509 13.6505 26.1292 6.5058 
19.829 19.9223 20.2866 8.2538 20.4639 16.7432 27.6245 28.5034 24.5566 26.8754 32.3035 4.1128 19.1418 42.6962 27.2969 
15.144 17.2939 17.6011 27.3246 32.1661 10.7112 6.2156 20.5558 28.1862 34.3265 1.6056 24.9548 18.0055 19.9646 9.8121 
25.1119 12.702 13.6993 26.0479 12.4441 21.7463 20.2845 5.3586 13.7898 9.8891 25.7958 28.9545 14.0689 12.4476 27.8768 
17.757 9.8333 11.0973 22.1235 23.0116 11.7981 5.4915 8.4244 27.566 20.3652 7.6379 25.5754 11.5085 16.1154 13.9311 
21.8876 14.8482 14.135 18.9887 7.9913 18.2789 24.2647 20.4439 6.7063 13.3089 27.536 12.0674 11.5813 33.1635 34.746 
15.6246 16.8622 15.3765 2.931 21.7837 13.4572 24.9729 28.0971 23.1256 26.1425 23.7542 3.7516 16.1661 40.8208 19.6903 
20.3296 10.7024 11.1824 13.3467 7.0333 13.6829 18.5789 17.2359 8.0873 13.3674 23.8236 11.771 7.4954 31.3818 23.6731 
27.5574 12.7931 13.5132 27.2494 10.0324 20.0237 22.1548 10.0367 12.6517 5.3939 27.6301 27.604 14.7059 14.1262 30.9922 
28.7197 20.4953 21.7963 24.1502 7.8514 21.867 30.6936 22.2178 4.4934 11.8969 37.3366 19.6788 18.4052 32.6192 39.9176 
8.927 23.1758 19.3905 21.3563 32.626 11.3347 10.7991 25.4432 33.3508 33.31 8.5553 29.3001 22.8757 35.595 2.3341 
8.4331 14.3071 15.3889 18.1574 29.4924 8.1818 4.9845 19.2174 31.2571 26.4616 3.6807 26.5241 14.3465 26.4587 4.9499 
15.88 13.5848 15.0286 23.135 28.6612 10.9335 5.2053 19.0662 28.6977 33.7364 2.5896 27.8231 15.9579 22.4072 9.3717 
22.0505 10.0739 11.6192 27.2455 17.3869 12.8958 10.4369 8.6475 27.288 19.4288 12.1209 31.1095 12.7784 13.6904 18.7381 
37.0662 20.4029 18.4076 30.922 8.7966 24.894 32.468 19.5964 7.8295 5.3291 36.2153 29.6031 21.0482 26.5149 43.7429 
26.8095 12.3413 14.2727 28.5188 22.2959 20.6058 14.884 7.2333 26.795 18.2805 15.525 30.0251 18.5394 6.0049 22.0344 
19.5072 16.1733 13.8131 16.2944 9.7294 18.5736 23.7926 17.7871 11.2852 17.2339 25.1088 9.5117 14.4549 33.2428 27.8667 
5.6956 9.9913 8.8999 15.417 24.7604 3.3728 5.1631 13.9584 25.6025 29.0632 6.5832 19.4333 9.6758 27.9577 8.8488 
5.2792 18.9985 13.1135 5.2584 26.9818 7.6249 16.0524 21.7812 29.2033 32.3034 18.0793 10.193 12.6269 34.1265 12.7555 
19.7542 18.1222 16.9425 7.1305 18.7958 19.7043 28.5725 27.7305 18.84 24.3101 31.3617 2.7616 15.6878 39.3111 29.6249 
32.0253 15.2345 14.398 28.9284 17.4664 23.9246 18.6701 9.1404 22.7776 15.9807 21.4051 29.8567 19.8558 5.6936 33.4306 
17.979 7.9089 8.4767 27.2174 18.225 14.9895 9.7567 6.5154 22.7638 21.2629 10.7491 27.0156 12.4098 14.1676 19.8626 
1.4413 13.9647 16.1861 14.7807 26.7072 5.7545 8.8553 20.0392 27.6558 31.2779 10.7545 17.9534 14.5213 30.6029 5.1682 
23.2221 6.9648 9.2073 25.4914 11.7239 19.0993 14.1238 2.5468 17.2415 11.6237 21.1709 25.0385 10.0327 12.0917 27.5618 
24.6465 15.6475 15.1069 27.1823 2.7486 23.7601 24.9978 12.7421 2.9996 3.6004 29.2755 21.3609 15.4526 22.497 32.4994 
5.5109 10.687 9.1593 13.6539 20.5047 1.5419 6.2412 15.3111 27.2916 27.3175 8.8313 18.3481 9.9267 29.1798 8.2528 
20.8611 19.862 16.0708 16.1283 10.8042 21.1847 29.4164 20.8811 10.9107 18.8697 26.0717 10.0298 14.2329 32.5247 28.7161 
19.322 16.6327 15.7009 14.9944 12.4893 18.946 26.3153 19.716 10.7883 19.0878 32.5073 7.2049 15.3201 29.9899 26.0953 
13.2703 24.5673 24.0256 4.1345 22.9686 17.1941 22.6557 26.9361 30.2918 34.9073 26.8163 8.9347 18.7347 39.8425 20.058 
25.7426 15.0623 14.5567 35.2392 20.8153 22.8194 14.3097 11.1211 26.1868 24.5155 15.6695 30.7282 16.0528 6.0908 26.8673 
21.9257 12.051 13.2758 31.3768 23.2006 15.8749 10.6041 11.1023 31.4829 24.2244 10.1904 27.6857 16.2614 12.6535 15.6461 
9.7516 9.3895 7.1907 10.1668 17.062 4.7687 11.0339 15.4591 16.3895 19.3306 16.7347 10.3991 6.0004 29.3028 15.3747 
27.9363 13.2307 13.2823 32.2322 17.0434 19.1375 17.3324 5.1783 20.9377 13.5796 23.8979 28.3054 13.6482 8.631 27.9769 
17.2396 9.5785 9.5682 26.0584 22.3389 12.1483 5.2559 7.996 25.3282 20.4034 9.2641 23.4018 11.6268 15.0739 16.2455 
14.1326 12.5499 12.6907 5.4531 17.7451 10.7607 18.4961 19.7526 18.11 23.2305 22.4883 5.372 9.3681 31.8303 22.0825 
11.638 16.448 15.3473 22.1843 33.1864 14.3075 6.674 19.3526 37.8429 33.3351 3.4385 29.5878 17.392 26.9441 8.3187 
33.784 16.5409 21.8946 33.5904 26.8375 22.4065 19.4781 12.3016 26.8747 23.2066 21.3334 37.2561 24.6965 4.1427 30.5133 
15.4014 8.4688 6.3131 13.0435 11.8903 9.8985 13.6546 13.296 11.33 14.8189 21.2138 9.921 4.5503 26.2077 21.9243 
24.1366 13.4175 11.0717 17.9559 6.179 15.4131 22.1453 14.6735 5.7571 9.4184 27.0568 13.6813 11.6512 26.5923 30.4979 
19.3075 9.5467 9.8175 30.3053 14.6637 16.3341 14.201 3.5616 21.312 16.7592 13.2302 29.0739 12.7908 9.9656 24.9493 
4.8066 17.2887 17.1082 18.5843 25.5988 7.7604 7.3203 23.8473 33.3839 29.7682 7.9667 20.0807 16.1223 33.6211 2.6911 
33.5704 22.0969 19.8713 26.8836 8.7708 25.0326 34.2811 23.6246 5.9058 10.6605 36.4448 22.2341 19.776 35.5375 37.2736 
27.1469 13.5669 15.3495 22.3689 3.1472 19.1853 22.1969 13.3337 4.0596 2.8131 30.6877 24.52 12.3143 26.4891 34.4844 
19.6508 4.5423 4.5732 22.7357 7.9732 14.3303 14.38 6.1002 12.7047 11.9754 20.7812 18.5273 5.4834 20.1584 19.9788 
15.1497 3.4798 2.8855 19.2468 8.8012 9.6007 13.4143 9.044 11.2595 10.9808 19.38 18.5286 2.2187 19.0952 18.0312 
24.1645 19.8723 18.8059 15.1953 13.1356 22.738 28.7713 19.8762 9.6596 16.5742 28.8976 11.2802 14.2066 31.7563 26.6243 
5.9112 16.3465 13.5406 5.1891 23.5016 9.6506 15.5758 24.3201 25.2143 27.7268 15.7757 9.7385 11.9946 33.5968 12.1449 
22.1235 14.2424 14.4516 32.5363 20.1233 20.8012 13.5256 9.0616 24.6839 19.0469 15.5111 34.9221 17.3033 7.7802 22.1278 
12.3761 24.7954 22.9585 22.1202 33.6733 16.3758 11.9756 24.186 37.9926 40.3182 8.1206 24.7141 22.5551 29.9767 5.3206 
15.1759 7.734 6.5095 16.413 8.4729 12.7282 14.947 12.6561 11.6053 13.7715 22.3246 11.7485 5.6938 25.2887 23.6527 
28.7046 10.9365 12.2352 31.23 14.5948 18.574 18.4252 5.7878 17.4596 13.7728 20.5579 29.4171 15.5481 7.3192 28.2115 
10.7422 10.4781 9.4627 7.9973 17.9423 8.9493 16.2724 16.6316 19.639 19.7151 18.3907 7.5332 7.4647 28.9984 15.0383 
10.7946 6.0607 6.0651 15.5702 16.5002 4.5581 4.5134 11.2306 19.5396 19.8963 8.7459 21.7295 7.3938 19.3118 12.6888 
20.8189 8.2538 8.4848 22.3313 3.6521 15.3361 20.2249 9.7488 7.9948 8.8567 24.4788 19.357 7.5479 22.9732 28.8178 
23.6667 14.4867 13.4238 31.4021 22.2838 16.9811 13.6637 8.9422 28.5533 25.0246 12.3023 31.9796 14.63 9.874 19.8823 
31.5056 18.5879 18.8605 38.9512 20.6218 23.035 16.5548 12.2392 23.551 20.0162 21.2498 32.2639 20.6245 3.8052 23.982 
26.9044 11.2637 11.6 27.7812 14.2098 20.7814 17.9847 4.2666 18.9299 13.773 18.2254 24.979 13.6505 9.3725 28.9175 
22.1024 20.4702 17.2876 17.7979 10.3576 18.9576 29.1851 23.6392 10.6906 15.5299 35.6317 10.441 17.7509 34.0922 31.4776 
22.3176 9.9009 11.5478 26.8502 2.7845 20.731 21.0832 10.1678 6.6631 3.8816 22.6671 23.7734 10.2775 19.9436 27.1107 
3.371 13.5086 13.6933 8.5961 26.111 7.0395 12.5696 18.5532 26.5608 26.8426 15.2871 12.7025 11.3235 32.1383 12.2071 
29.5276 15.7553 15.2401 33.4049 7.2432 25.5254 26.6861 12.0797 9.198 3.3798 29.6683 29.7293 17.2063 20.5575 36.1338 
20.878 7.0955 6.6588 18.7162 4.9641 14.0871 16.759 8.8066 7.0855 7.3434 23.7827 16.9983 7.1367 24.4807 27.9012 
12.9743 4.5082 4.1226 18.1549 15.998 5.4197 5.9303 11.1382 18.0227 22.4935 8.7765 18.2024 5.4826 20.0457 12.4407 
18.2834 18.222 14.7962 9.5043 13.7958 14.5432 23.8792 22.5999 15.5985 20.5029 25.8887 5.4237 13.6724 36.4595 28.861 
33.4599 17.1468 18.1453 25.3068 6.2313 24.0094 29.0925 13.7039 4.5627 2.0193 30.044 24.1576 17.0637 22.5761 34.2831 
30.9837 15.0646 16.4606 30.3515 11.8713 26.7135 25.1167 11.4464 15.5812 10.0237 25.6221 30.9967 19.6834 13.0405 29.2678 
19.3138 5.2495 6.3954 18.0195 6.6111 12.8908 14.2537 6.3266 11.1038 8.0787 22.9743 19.6329 6.8442 21.2454 27.3163 
22.7534 13.2299 14.3212 29.3085 13.0959 20.8648 16.9351 4.331 17.9967 13.2864 19.1802 25.564 12.718 8.3158 26.3247 
38.8862 22.9363 25.6051 27.3667 10.8052 28.8082 36.6862 22.0937 7.4877 8.7346 38.2398 26.79 24.4991 30.5696 38.6065 
32.202 15.2329 15.9682 28.795 9.6027 21.5358 26.2337 10.785 13.1646 6.9446 30.8078 29.4238 15.2637 14.1562 30.2053 
16.7016 10.5574 8.5668 10.8418 11.1507 11.1588 18.0937 17.943 15.3796 15.412 20.5979 7.8634 6.6985 31.6476 20.2202 
14.5497 16.2996 16.1896 23.7995 32.4098 12.9977 6.7769 18.2584 35.3877 34.9717 3.3554 29.7854 18.9935 26.5406 8.1245 
5.2357 21.3274 19.0426 18.1095 26.6069 11.5707 12.4735 23.13 30.4573 37.2429 11.1213 21.9709 18.5298 35.5365 1.9701 
29.7303 16.552 19.2348 30.3938 21.1931 25.7004 20.5376 9.2054 23.2323 14.511 27.4737 32.6739 17.184 4.5683 32.5271 
29.0259 15.3739 19.8021 32.0076 21.5896 23.1652 21.7661 9.1517 26.746 17.3376 23.3168 37.6171 17.733 3.1762 29.6465 
25.9196 11.8577 15.5205 28.0893 15.5142 24.7714 19.6852 7.3288 19.7593 11.0981 21.9974 25.8591 17.7112 8.4093 33.1012 
18.1394 7.6472 9.1557 23.1869 17.4772 11.8661 8.3211 7.0366 19.0273 20.6318 9.8979 22.5224 9.3707 14.9374 18.9671 
20.563 4.6763 5.3841 24.2271 8.304 14.6979 16.0321 4.7929 12.2555 10.7401 18.6704 22.7205 7.086 18.9834 22.5934 
41.596 22.5288 26.6827 35.2152 11.6841 27.2984 35.7998 24.4909 8.3564 8.6843 37.0514 24.7694 22.4274 32.8184 38.0245 
19.1705 11.1609 9.4397 18.245 4.1638 19.0706 17.9997 12.8183 5.5673 9.5527 25.1753 12.9238 9.7572 24.4067 27.2268 
27.6579 16.5973 14.8816 26.2791 2.3964 23.0542 25.7798 15.9487 2.6917 3.3731 26.263 23.8557 14.155 24.2895 29.956 
29.5788 12.2053 14.7697 29.5689 17.3745 19.7446 20.3367 6.5629 21.2586 15.9163 18.238 28.6469 14.5201 6.9346 28.1751 
22.0925 12.1611 10.2247 16.0649 4.7131 18.6947 18.3762 14.2863 6.2853 10.9371 23.4131 13.4038 9.6748 30.2079 28.6259 
21.0864 15.085 11.9341 14.7178 11.4634 16.7426 24.5557 20.5696 11.5867 17.7959 29.6826 7.7515 10.5426 30.3841 27.2288 
26.1283 8.8861 7.9692 26.2636 5.5364 15.9066 20.8718 7.9566 10.8819 6.9604 19.4035 24.2821 9.1308 20.1853 27.96 
9.1203 16.1961 12.4662 19.1926 29.5236 9.6389 3.4118 17.6516 29.2981 28.2361 2.2484 23.0989 14.0227 26.6771 6.7713 
3.4234 17.3481 17.3934 11.3042 25.6548 11.0285 14.7871 21.7312 27.9863 30.3843 17.1789 15.984 15.9192 40.4837 8.3649 
15.3231 12.6296 11.28 10.335 12.6868 13.8448 21.2058 20.8592 12.2581 16.1432 25.2459 7.1499 9.2814 30.1176 20.8586 
20.5798 7.4849 7.6125 14.5109 6.3948 12.1537 19.0502 11.3596 9.5386 10.3598 22.9474 14.6138 6.4149 27.1399 21.9331 
10.9584 11.0653 9.1063 22.472 19.601 6.7824 1.0233 13.353 23.1288 24.1158 5.4499 21.5163 9.9197 18.3694 10.4365 
3.9773 17.093 20.0286 13.8249 30.3555 10.6577 13.9327 24.0369 28.5578 31.4546 11.5775 19.2071 16.2716 33.5722 5.2707 
6.3954 11.1828 8.7654 10.7223 17.9326 2.1252 8.8965 14.6826 21.7361 20.2635 11.2333 14.6213 9.7298 28.8935 10.822 
19.8963 17.3369 18.5231 30.7643 25.4394 18.1187 9.9958 12.4539 31.3701 26.3011 9.4283 30.5111 20.6494 15.0302 18.2302 
27.1281 8.6849 10.6499 24.1806 11.0405 20.2508 15.8897 4.2645 14.5056 10.1467 19.5567 23.1204 11.6273 12.3115 28.6392 
24.2522 8.157 10.4846 25.8568 7.9685 20.0894 16.8985 6.2042 10.7936 7.5339 20.0691 26.489 11.6535 15.763 26.0808 
28.5654 12.6846 13.6709 31.5901 5.9102 22.3653 25.3418 10.9564 8.566 3.297 27.1276 26.2491 13.3288 20.137 31.8936 
11.6195 11.7396 11.0863 5.773 16.7904 8.2402 14.7159 17.7752 20.0446 20.1268 19.6969 7.8286 11.0704 32.081 17.343 
31.6527 13.6859 19.0729 35.4398 16.381 26.3687 20.0576 9.3046 20.8689 13.1743 21.568 36.9429 18.5071 5.6345 35.7852 
22.3778 11.5335 11.3739 23.2723 1.9628 19.8703 18.8388 10.9365 5.0811 4.0149 27.7741 19.7973 9.6304 24.1131 25.6259 
8.4031 17.5409 19.4277 5.3542 24.1947 9.8962 17.9348 23.7433 28.0947 33.982 18.5077 10.9724 14.4906 33.1813 14.5502 
17.0624 13.912 11.0578 14.241 11.3652 14.1583 20.2069 15.9492 11.0943 15.1977 24.3937 9.8864 11.8203 34.2439 23.8038 
30.3211 16.7799 15.2499 36.8161 17.075 21.5554 22.05 9.7727 22.4161 12.3193 26.3761 35.7362 19.2696 7.9961 34.5831 
12.0352 22.331 17.7863 28.1161 29.1767 13.0127 10.6826 23.9929 39.8397 36.0293 4.9838 33.005 21.0643 24.4352 6.0506 
7.8712 15.6955 17.4387 4.8246 27.1762 10.6299 16.4261 26.1552 24.1394 31.3531 20.8553 11.7051 15.2235 34.1477 13.8937 
27.62 14.7775 14.2677 26.8675 3.1345 20.4311 26.7608 16.4261 3.4866 2.7074 28.7333 20.7885 15.3601 25.5258 36.9478 
24.5092 19.6293 19.6074 33.9836 22.4912 24.8147 14.2332 11.2768 28.6576 22.7407 17.1458 32.6143 18.8213 8.3543 25.7063 
25.3164 14.5391 17.506 33.2551 20.941 21.5709 13.6562 10.3129 23.8459 24.1546 16.245 37.4025 18.8865 7.6263 27.6233 
23.3819 9.3371 9.0914 24.0061 6.9599 20.0455 20.8943 7.6581 9.4005 6.7874 20.4182 21.0719 9.8619 19.1932 30.0333 
25.3001 12.0867 10.7273 26.9843 12.0081 21.0965 20.5409 4.8854 16.2581 10.3671 23.8376 28.2914 14.2831 12.9054 26.0861 
8.7393 8.7521 7.5137 14.0848 18.6097 3.7086 4.3165 14.3131 21.4556 25.0215 7.8032 20.4576 7.6976 21.8655 10.1362 
24.2406 9.7142 8.6284 15.7542 5.0217 15.6156 22.9263 12.0148 6.4881 9.9549 23.9992 15.797 7.8598 22.2944 28.1247 
13.5638 21.6421 20.7949 23.6972 37.0846 14.9734 10.0421 22.4643 34.1029 33.891 7.4471 30.8245 22.4864 30.2725 5.5257 
22.3209 7.1734 9.7299 20.4334 5.9414 16.2737 15.7888 7.488 9.6199 7.4583 21.6621 23.457 9.3554 18.1843 27.0379 
15.4072 22.205 21.35 3.6804 25.928 18.0013 24.482 29.4079 26.1913 31.6675 23.1912 6.4091 18.4623 37.3257 25.0832 
16.9829 12.8915 14.9383 25.6898 21.4267 14.099 6.5299 11.8725 26.8264 27.3971 7.3371 29.0591 13.4134 15.0871 15.877 
3.3886 21.4633 19.3567 13.8308 31.6272 10.1889 11.7182 28.0427 29.4473 34.8892 13.7823 19.7593 17.7655 34.6165 6.514 
9.4996 9.4006 10.0297 18.4899 18.9013 4.7146 1.7995 14.349 24.6888 23.0126 4.8779 21.2734 11.6642 22.5828 8.3295 
19.4334 7.982 7.9332 14.2478 7.4709 11.4512 18.2214 12.4035 10.7106 14.13 22.7682 10.8895 6.6656 30.2891 25.1995 
28.5172 11.273 15.0525 33.4454 16.3503 17.9924 17.3059 6.4057 20.5365 15.982 19.0739 28.679 15.3844 7.6755 27.0973 
15.9145 13.2887 11.4368 28.0425 23.1459 14.9025 7.2621 11.5906 30.7169 24.4233 8.0518 26.8427 13.1876 15.785 14.1564 
12.1843 10.0808 7.3675 8.9713 13.9585 9.4144 14.8135 16.1862 14.9017 18.2811 20.1614 8.3187 6.6844 28.8976 20.9736 
18.6448 19.4515 22.2277 8.8113 19.769 21.4358 27.0149 30.3096 19.803 22.3231 30.9614 4.7872 16.5052 42.2177 28.6208 
22.9232 14.2221 15.2873 18.7842 4.6705 21.2901 22.5729 17.7145 3.0002 8.1184 29.7679 16.0857 14.5031 31.6068 27.5985 
29.999 17.6796 17.7743 25.988 4.6632 21.6052 26.7026 15.7352 4.4687 2.0519 26.5117 20.2089 16.2884 26.7765 29.8362 
20.3887 12.6879 14.5473 28.1167 27.4108 19.1983 11.8976 11.8418 26.9064 24.9663 13.6394 35.5874 15.9077 10.5548 21.3845 
23.0119 5.5516 7.2141 21.6042 12.9936 15.6306 14.0082 1.5434 18.5802 14.6077 13.9774 24.4983 7.7785 15.4837 20.3652 
7.5737 21.8747 18.692 18.7145 27.542 11.2342 11.9382 26.0477 36.9362 39.2465 12.2328 24.7956 21.585 29.8666 2.6859 
24.615 9.6298 11.3303 27.0765 10.1499 18.0184 18.8698 5.5759 11.3803 7.9636 23.2535 23.9496 11.5104 12.2338 33.2938 
5.7257 10.8386 10.613 14.7965 22.4966 2.3833 6.1311 15.6542 26.613 23.0989 7.9397 15.9376 10.7932 25.5198 8.896 
27.5976 10.2224 12.8665 29.4134 14.5452 21.7707 18.6279 4.2647 15.6702 11.8214 19.6716 25.2471 14.2457 10.7414 26.2118 
34.4977 16.3843 16.3115 33.1352 7.5648 24.3538 30.9971 13.8877 7.7107 2.6986 29.8545 23.543 18.6562 19.1265 32.7072 
22.9644 5.4039 6.2719 24.8428 7.5381 16.3872 16.0618 5.5714 9.8272 7.8781 22.4676 19.2172 6.8621 17.2956 23.8027 
12.2464 16.7464 16.6191 22.7682 23.6132 10.5468 5.2325 15.7856 26.4806 27.6322 0.7907 30.3768 15.485 26.043 9.6265 
28.3351 18.8821 20.7723 35.7126 26.6037 24.769 21.5416 11.3127 26.2005 23.9688 20.9313 41.2674 18.8165 3.5074 24.1895 
9.6125 15.4106 13.4255 17.9553 27.7289 8.1351 5.256 17.6613 26.3246 28.7605 2.5098 21.2516 14.0014 24.338 5.339 
29.7183 16.4246 16.9502 29.7427 6.016 22.7 27.3973 13.3143 6.3814 0.2446 32.8501 25.434 15.5974 20.4908 30.035 
27.3855 13.4603 11.4719 29.373 6.3832 21.732 25.055 9.3565 8.3374 3.9979 26.0582 24.1068 14.1819 18.1563 28.0017 
13.9698 4.6021 3.4302 15.5134 11.5479 5.8238 10.1193 11.2372 15.261 16.8467 15.9751 14.9443 2.3588 27.1968 18.1862 
24.3385 6.5174 6.5517 21.4608 7.0937 14.3697 17.3432 5.339 12.1688 9.874 19.0794 20.3785 8.6407 19.2186 23.7578 
19.8079 10.228 8.6344 13.7873 5.8854 14.8783 17.5883 14.4646 8.0862 11.281 25.6903 13.6362 6.1593 27.2503 21.9998 
18.8902 7.2234 8.3492 28.8984 17.9269 13.6546 9.3141 5.4979 20.8288 21.0801 11.0495 22.6504 10.0112 12.3981 20.4413 
28.9246 18.548 20.8121 40.5911 25.9807 22.2785 18.6995 11.6797 28.8339 22.9756 23.3208 33.1534 21.6744 1.6663 32.0474 
25.9147 17.4147 13.7814 17.8228 8.0998 19.0717 22.5058 18.1653 7.9565 13.3562 30.3741 13.3003 15.2959 27.1137 33.8828 
12.5681 16.7383 16.96 26.1681 33.8688 11.6164 6.7402 20.0821 34.7545 36.4426 3.4117 31.5548 21.188 23.8314 7.0455 
21.2658 23.2275 23.5723 8.3016 22.7474 20.5237 27.1944 28.2001 19.7106 28.1485 26.9139 5.3684 18.195 47.8373 26.195 
20.4577 4.6982 7.1601 20.8187 8.3718 14.4687 15.4996 4.5275 11.631 10.9241 19.2716 20.5336 7.425 17.2947 26.5885 
20.3051 11.8478 10.9975 16.529 5.0507 16.0335 18.7344 14.838 6.4374 10.936 22.1324 12.3039 7.8927 22.8863 27.725 
16.4058 1.5358 3.3584 17.6764 10.3255 11.3115 12.2076 5.8052 14.4593 14.542 17.421 18.4708 3.5625 15.6176 17.7715 
20.328 16.5219 16.5837 11.5716 13.1927 19.3563 28.0089 19.5449 10.4703 16.4799 28.723 7.7828 15.1238 31.7455 25.2217 
4.7378 20.2942 20.4432 17.4342 28.1248 9.6376 12.76 23.3095 34.2011 34.1817 12.1508 19.4832 18.5021 36.2324 3.6382 
2.3095 14.0182 13.2006 12.3353 28.0195 5.3152 8.5216 19.9179 29.0421 29.044 8.215 20.3664 14.9174 31.7119 6.2007 
20.6449 22.3534 17.9653 8.6064 20.9689 16.9248 26.0246 25.5771 20.6099 30.6883 26.8831 3.1574 17.8845 41.7378 24.2926 
12.8264 18.4195 18.1188 27.715 27.1583 12.335 6.1626 19.2017 34.7339 34.6947 1.9205 28.0413 15.4825 20.3104 7.5515 
25.4947 10.8381 14.2282 26.603 10.4472 20.0489 20.2458 6.0208 13.8713 10.2457 24.8375 25.9959 13.0908 13.1326 31.5608 
15.8794 9.3625 10.3538 24.4239 22.6052 10.1036 5.9082 10.5203 23.1996 24.7452 6.8053 22.4018 12.2051 14.8198 13.6605 
24.5093 15.2268 15.8895 18.4305 7.2826 19.2708 22.6752 22.0272 6.7999 11.9295 27.536 12.6358 14.8523 32.2045 29.8634 
15.1269 20.9718 20.2702 2.3086 23.1806 15.7222 20.1661 24.1385 24.4208 27.0033 21.8684 3.8214 15.7741 39.3911 20.9363 
17.9984 10.091 9.2679 13.3715 7.4723 12.9241 19.0374 18.0262 8.5842 14.6894 21.9367 10.9886 7.5724 30.6089 23.6442 
26.7431 13.1814 15.2982 32.4688 10.2173 23.7115 23.4221 10.3065 11.2758 6.3382 23.3529 30.3328 13.5807 15.6859 33.6789 
34.1558 16.9567 19.6948 25.3642 7.2738 24.7116 28.2557 18.9201 4.6668 11.4039 30.1811 19.895 19.2163 28.7838 32.3657 
10.436 23.4192 18.6487 24.0725 29.1951 11.3859 11.2917 22.4033 36.369 37.653 7.6681 26.3871 19.6282 30.852 2.0194 
8.8969 13.7589 13.2943 21.5901 29.9144 8.7717 4.8573 21.8452 26.3269 31.4981 4.1813 24.9961 18.0129 25.3433 4.7748 
12.9234 16.4138 15.9782 25.0509 30.4407 13.76 6.3266 19.2703 26.9258 30.3986 2.7382 28.9364 17.4652 24.6615 10.4348 
19.9069 9.1428 11.1055 26.2897 22.578 15.2647 8.3392 8.2065 22.8435 21.6731 12.1995 25.1158 12.0422 11.5433 19.9606 
31.3451 20.6659 18.1774 26.3852 8.5463 26.3875 29.1859 17.805 7.7479 5.4489 32.1502 23.1549 18.2919 23.3414 37.0157 
24.2982 13.1046 15.5433 32.3292 18.833 21.7502 17.0027 9.0541 22.7383 21.8366 14.9844 33.6439 16.0084 6.3185 25.8821 
23.8547 15.8633 15.3138 13.1789 9.2629 19.9267 24.4838 20.738 10.7729 14.4078 31.6767 10.563 13.3965 31.4358 29.6323 
6.8899 9.5949 9.6576 16.9087 21.303 3.5915 4.5275 17.5312 28.7901 25.4642 6.712 17.2132 12.1455 28.4254 7.9369 
5.4284 18.409 13.2833 5.7062 26.4976 8.7722 15.17 20.1931 25.9913 25.1076 16.607 12.015 14.7975 37.1829 12.3659 
17.3767 20.8417 21.318 8.4845 21.7555 20.3787 24.5939 25.0584 17.392 22.3681 26.4167 3.0589 17.9112 33.7688 25.7969 
25.4697 14.5009 17.7371 35.4059 17.3403 20.3164 20.7216 8.4187 21.4024 16.9716 20.5461 34.4862 19.0079 5.5702 30.5063 
19.013 8.9942 9.1029 25.7025 17.0999 11.84 8.2393 6.132 19.549 17.8942 12.4304 23.1186 12.7913 13.1635 16.2908 
1.6334 15.8121 12.4486 12.6097 27.8406 6.947 8.8393 21.8134 31.6054 27.7327 9.8951 16.9882 13.3077 34.9093 5.7791 
23.4698 7.4371 10.4587 27.6499 11.9633 15.7891 16.2787 2.3682 15.4371 10.8238 22.2289 27.9694 11.0858 13.2789 22.1874 
24.129 12.6215 12.4692 28.4333 2.4933 18.9665 21.2845 13.4871 3.4729 3.4695 26.875 23.3006 11.7365 25.503 29.3972 
5.7983 10.0734 8.1871 14.0827 23.5707 1.6185 6.7895 17.3566 20.8028 24.3571 10.478 16.8982 10.3587 28.7203 7.8482 
20.7599 20.2013 15.0376 16.8755 11.1059 19.7983 29.5507 24.5729 11.6996 15.7409 27.9876 9.7496 16.963 36.8058 27.9276 
20.4004 18.1897 14.1813 15.1204 13.088 21.0462 27.4214 19.5678 10.6551 18.8072 28.9791 8.9516 13.9557 36.1233 29.1937 
12.8975 21.0501 23.2852 5.1187 24.4258 14.8517 24.5533 30.7841 30.0896 27.924 26.0814 8.6022 21.3112 44.344 23.642 
24.3717 15.0876 17.269 34.0406 24.4538 22.7507 14.9574 8.9712 29.462 19.3258 14.7028 28.8479 15.7411 7.074 23.1371 
20.1316 12.345 15.687 30.5386 24.165 14.0585 8.7218 10.5761 23.9251 26.7492 10.4517 26.438 14.2661 12.4115 19.5809 
10.8404 7.842 6.5976 11.6779 17.5595 5.8352 10.7878 15.506 20.0282 17.6704 15.4036 11.0134 6.3501 23.963 16.4986 
24.3474 13.8907 14.9506 27.457 16.507 22.2884 18.7154 5.632 17.0454 13.4342 19.54 25.8347 13.7598 8.2726 24.7244 
15.9619 9.431 10.304 21.033 22.8211 11.5235 5.9709 7.7555 25.7204 22.8115 7.3987 26.4847 12.0602 17.5134 13.5841 
13.1866 12.5834 10.8051 5.8566 16.7117 11.2089 19.11 20.5757 17.2138 19.092 21.951 5.8913 9.5928 36.0865 20.2866 
14.8509 16.4939 18.925 25.6882 27.54 12.1287 7.4008 18.9278 32.5196 34.8828 2.794 31.6845 16.5953 25.1464 8.4667 
34.4486 16.2917 20.36 40.1482 25.7986 21.8106 18.4372 13.2244 30.6458 25.4092 23.0313 41.6926 23.9261 3.2476 31.3404 
16.5777 6.9999 6.2296 10.9525 9.8083 9.3859 15.2774 13.2444 14.5784 15.5175 21.6281 10.5932 4.0943 27.465 23.4109 
21.5626 12.7727 10.3525 18.0409 4.9032 17.744 21.9631 17.5189 6.2844 10.0508 28.1891 13.3123 9.5701 26.4413 31.4612 
20.1732 8.2361 10.2943 23.8891 17.9974 16.1181 13.3561 3.6884 18.8044 15.0231 17.4099 27.9209 12.6919 10.2806 22.3083 
5.9878 18.7839 14.0729 15.3362 26.1447 8.3536 7.3792 22.893 31.2044 32.9576 6.3874 24.4019 14.164 30.9737 2.2895 
36.5893 24.6213 25.0461 31.1328 11.4361 30.3031 34.5785 21.4874 7.4755 10.3239 32.0769 26.6147 21.0292 34.3286 41.5827 
25.7751 14.7781 16.595 28.3596 3.173 19.4728 22.9065 15.7379 4.2267 2.3821 31.5735 18.8461 15.4754 23.1514 32.8458 
17.0682 3.5433 5.2846 17.968 9.0364 12.1188 12.6663 6.2288 12.5914 9.5478 18.7885 20.3881 4.2496 18.821 20.9027 
18.5521 3.1627 2.5781 18.6755 9.9582 9.2532 11.5625 8.4532 13.4477 13.3986 19.0272 16.8233 2.3413 19.8689 22.518 
21.0212 15.8116 16.6168 15.1099 10.7123 22.6167 24.3916 20.6165 9.2797 16.8467 33.7339 11.7876 16.9488 30.2297 30.9852 
5.6874 13.9103 15.3335 5.0748 22.2964 8.5252 16.9845 23.6719 23.6007 24.8409 16.1356 10.8719 14.6011 38.5473 14.449 
27.6996 14.603 13.1714 29.0983 20.5618 21.3135 13.7186 9.2415 24.3534 24.1402 13.4397 29.6765 18.8983 7.4095 22.2874 
11.8034 19.7318 20.2797 24.6066 34.1136 15.9638 12.5003 27.8491 33.6153 32.6918 8.4243 30.0355 25.3514 29.514 4.6894 
15.5888 8.5565 7.7964 15.7824 7.9585 13.8423 16.9258 14.0331 10.0945 12.4952 20.5261 12.7342 4.8561 27.5509 24.1173 
23.3011 12.8396 12.6943 29.9035 18.6862 21.047 19.5913 6.0375 17.0595 13.4498 22.9163 31.5498 14.8102 6.5032 23.6474 
10.1694 11.793 9.9041 8.249 13.6593 8.4243 13.3402 15.5241 16.647 21.1433 18.6613 7.8129 8.5509 30.6009 19.3763 
11.565 5.7643 5.8587 19.2466 15.3563 4.313 5.4201 11.0611 22.8052 21.6684 10.3727 18.7669 7.5008 22.7848 12.3565 
21.1643 8.9873 9.0572 20.5721 4.4291 17.1063 17.9724 10.1688 7.9381 6.9759 24.5831 15.8916 7.4129 24.3573 24.5366 
22.1531 12.4428 14.2383 28.5311 21.8305 19.2436 10.7023 10.1309 25.9403 22.6622 14.8307 33.1801 15.8947 10.3984 19.4745 
31.8378 15.7132 20.5017 30.6073 26.174 19.8011 17.2634 9.9588 28.9882 21.5965 19.6446 30.8179 21.6552 3.5434 26.9604 
25.1914 9.3774 10.7479 25.6569 13.7744 20.4039 16.7542 4.1708 16.649 12.5301 21.9922 26.6437 11.4516 10.8962 25.7368 
24.054 20.6499 18.7278 16.7408 11.1389 19.0316 30.744 21.9618 10.2737 17.5921 32.0551 10.529 18.0871 29.7717 29.6153 
23.2161 10.7101 12.9079 25.5882 2.6421 17.1593 21.278 10.0418 6.6936 3.8804 26.7158 23.2016 9.2686 19.867 28.1048 
3.7751 15.7593 11.682 9.1477 24.3275 6.2497 13.7109 19.308 26.988 30.6479 16.8396 11.739 13.4539 34.6911 12.2007 
31.0902 14.1881 17.2948 26.6928 8.6742 23.8357 22.603 12.911 10.3156 3.5552 33.7925 28.0139 14.7592 18.4129 34.9233 
20.0822 8.025 7.1885 17.7767 4.3799 17.3393 17.9009 8.9751 7.4119 8.4512 25.0521 19.3498 7.7197 20.1946 28.3635 
10.396 5.1201 4.4872 19.5734 15.6258 5.6824 5.4254 10.3717 20.4785 17.3728 11.3769 18.966 5.3211 21.7143 15.5757 
19.2351 16.1968 16.1313 11.3137 14.5981 15.4059 21.3701 18.9665 15.1878 21.4262 27.5373 5.6243 13.6948 31.4593 24.6305 
26.9643 15.0581 15.7014 28.505 5.3925 28.2385 24.2026 14.2816 5.6504 2.2801 27.957 22.3773 17.3243 22.4405 33.4707 
31.1089 15.5622 18.7066 35.0994 11.6425 23.0149 26.2081 11.8893 14.4731 7.9751 25.9289 34.3039 17.0705 12.3235 31.5812 
23.3314 6.4967 6.788 18.1317 7.0344 12.6804 17.9375 7.5898 8.9879 9.4599 17.8077 20.2706 6.872 19.7651 23.3629 
24.8913 12.1635 13.9664 26.3219 14.4433 20.8533 18.7883 5.4735 20.7168 13.3564 19.0433 32.1808 13.1644 8.1071 30.2203 
38.4266 23.835 20.4158 35.4279 11.5182 28.4389 31.7884 20.3501 8.5737 8.6738 32.398 26.8986 24.5177 27.8276 44.1582 
28.6735 12.4832 16.9041 30.7754 10.5124 23.8165 22.7862 11.2868 11.1522 5.9641 28.7431 24.5854 13.9421 15.8617 35.7763 
16.1054 11.6388 8.4934 11.2549 11.0408 12.8748 15.7307 15.6039 13.1016 15.2924 22.8241 7.2191 7.7217 32.9825 21.937 
13.084 16.1457 18.2313 24.3471 30.5073 11.972 7.7734 21.9032 37.9549 30.6211 3.142 30.9857 21.8149 24.1342 9.1286 
5.2323 18.1505 20.7593 15.2564 27.2727 10.6766 11.5354 22.335 33.6618 30.642 10.5409 21.1665 18.1155 30.9535 1.9448 
30.4609 18.0057 21.0188 39.1642 21.6672 28.1848 22.4896 11.4857 21.493 15.7486 27.0643 37.4374 18.9807 5.596 32.464 
27.871 15.8204 17.2897 32.0871 19.3189 22.8329 17.6749 8.9893 20.5146 16.7355 21.3638 32.7054 21.0438 3.1389 29.891 
28.2891 14.3661 13.7434 32.6906 13.5923 24.3429 17.9146 6.194 19.3109 11.4836 24.032 26.66 14.2717 9.5651 27.4037 
17.1655 7.8055 8.3556 23.8618 17.0174 11.2829 9.2627 5.9041 22.0705 21.7007 11.408 22.946 9.3944 16.0244 16.0663 
18.1288 4.5726 6.5098 20.4547 9.3426 14.137 14.4026 4.8824 12.6474 8.8684 21.5445 20.1739 7.1676 17.3957 25.2378 
36.1297 21.4718 22.3215 35.9806 11.8452 31.0017 38.37 25.1403 7.5631 8.2313 39.5381 24.9958 22.9103 28.421 44.2476 
22.0951 10.0006 11.5496 15.618 5.0492 15.667 23.6119 12.7523 6.0588 10.1637 26.7839 13.797 8.3363 24.3616 23.6625 
27.4893 16.2544 14.5751 25.4355 3.0255 24.3836 24.6567 14.5108 2.5712 3.7649 29.9897 22.8562 13.9151 27.3248 32.9431 
28.8059 13.2413 14.7187 27.7084 19.3899 23.4808 17.518 7.3343 18.8344 16.2656 18.3203 27.5816 15.4853 6.7499 26.8588 
24.7341 12.6924 9.522 19.8119 5.0853 19.0721 20.0019 13.2692 6.3368 10.2097 26.81 13.1859 10.4117 30.7797 25.7026 
17.386 13.0432 14.0803 11.759 10.1782 15.3336 21.2549 17.3411 10.7297 17.2568 30.0441 9.2406 12.9162 33.3664 24.2713 
25.2605 8.9302 8.7252 26.7171 5.9091 18.8027 18.824 7.0204 8.3372 6.6319 20.611 21.04 9.8403 19.8105 23.7463 
8.9992 13.8035 13.8692 20.9293 29.0064 8.4359 3.7969 16.4775 32.7643 28.5853 2.312 23.4043 15.6924 26.5296 7.2748 
3.257 21.4462 18.5085 10.9631 24.4972 8.7123 14.0961 22.6767 32.3816 34.1983 15.9367 13.616 16.4551 34.8522 8.4642 
16.7966 14.6731 10.8837 12.2601 10.2606 14.3407 18.0849 16.7319 13.1853 18.7306 20.8387 7.0093 9.6094 31.5763 25.6273 
17.3833 7.3009 7.3636 16.1678 6.3459 15.381 17.5848 10.9537 8.9535 12.2487 22.9723 11.9862 5.4762 25.8666 23.7816 
10.9683 10.3776 9.9994 18.0661 21.8826 8.1884 1.1296 11.1927 22.1657 26.5659 4.1839 25.6766 10.6798 18.8763 10.501 
4.1601 19.1413 20.3743 16.3575 27.2331 8.9791 11.7433 21.9467 32.3207 31.6544 12.2184 20.2025 17.5265 35.4427 4.5251 
6.5883 10.6374 9.6551 10.9715 17.8223 2.4298 8.6017 18.1188 18.7829 20.3709 14.0704 15.3161 9.2468 24.8147 13.0113 
20.8842 14.278 17.5408 29.3361 25.4928 17.0684 9.2248 12.5473 27.7375 27.4158 7.6421 35.1361 16.3166 15.0969 17.0845 
25.9739 8.9235 9.3337 23.2941 9.041 19.7796 18.2983 4.7414 14.3326 9.0284 21.6179 26.9737 12.4112 12.4635 25.6583 
25.067 9.5737 10.7948 26.0305 8.4091 18.6567 18.0293 5.3939 12.3517 8.0256 19.8056 21.2852 11.4565 17.0118 28.7717 
32.3112 14.2754 12.9542 25.5516 6.2739 23.6256 23.1938 10.1709 8.6408 3.5363 29.9199 26.5662 12.6841 17.5625 27.9103 
9.4609 14.6205 11.0096 5.7664 16.9096 8.547 17.8136 19.776 18.4554 24.843 20.407 5.9409 9.6125 33.8592 18.4003 
33.2226 18.0595 16.8506 34.262 19.4247 22.2739 22.7477 8.6539 21.7456 16.4668 24.3709 34.9961 20.7439 6.7315 35.1296 
24.5526 10.9414 12.6906 23.8737 1.9126 19.9084 20.6499 10.6207 5.1485 4.6244 23.122 17.3356 11.0416 22.5093 30.6302 
EOF