I 150
J 15
bounds (0, 100)
cv 1.5
D 50
k 5
t 3
FLR 0.8
FCR 8
abounds (80, 120)

a 
133.0 114.0 121.0 
119.0 104.0 107.0 
115.0 118.0 125.0 
95.0 115.0 101.0 
117.0 126.0 110.0 
118.0 110.0 125.0 
112.0 125.0 120.0 
106.0 126.0 108.0 
120.0 103.0 109.0 
123.0 114.0 124.0 
98.0 109.0 121.0 
109.0 111.0 108.0 
121.0 111.0 130.0 
111.0 129.0 121.0 
112.0 109.0 114.0 
107.0 101.0 139.0 
97.0 108.0 94.0 
120.0 115.0 113.0 
112.0 118.0 123.0 
110.0 106.0 121.0 
104.0 126.0 124.0 
85.0 124.0 115.0 
124.0 123.0 128.0 
120.0 112.0 119.0 
135.0 131.0 103.0 
115.0 105.0 123.0 
119.0 124.0 113.0 
108.0 108.0 101.0 
140.0 120.0 130.0 
134.0 119.0 116.0 
123.0 118.0 112.0 
111.0 106.0 131.0 
112.0 97.0 129.0 
117.0 126.0 124.0 
109.0 124.0 118.0 
112.0 137.0 137.0 
141.0 107.0 121.0 
93.0 105.0 113.0 
112.0 124.0 124.0 
110.0 111.0 119.0 
128.0 118.0 127.0 
124.0 111.0 101.0 
116.0 127.0 113.0 
105.0 113.0 117.0 
102.0 113.0 117.0 
142.0 124.0 107.0 
142.0 120.0 119.0 
100.0 128.0 106.0 
101.0 123.0 113.0 
115.0 135.0 98.0 
111.0 101.0 126.0 
128.0 119.0 116.0 
117.0 112.0 137.0 
92.0 114.0 111.0 
123.0 129.0 124.0 
96.0 103.0 112.0 
105.0 120.0 99.0 
107.0 129.0 110.0 
119.0 122.0 108.0 
123.0 105.0 120.0 
116.0 128.0 138.0 
105.0 122.0 131.0 
122.0 118.0 122.0 
128.0 124.0 129.0 
115.0 113.0 130.0 
132.0 132.0 98.0 
116.0 128.0 110.0 
100.0 119.0 110.0 
127.0 120.0 105.0 
119.0 106.0 126.0 
115.0 118.0 106.0 
110.0 142.0 139.0 
128.0 110.0 119.0 
101.0 116.0 117.0 
109.0 113.0 118.0 
91.0 115.0 127.0 
111.0 124.0 104.0 
120.0 114.0 132.0 
113.0 114.0 137.0 
119.0 113.0 122.0 
121.0 107.0 128.0 
119.0 119.0 145.0 
116.0 102.0 106.0 
124.0 115.0 101.0 
107.0 107.0 130.0 
117.0 112.0 122.0 
128.0 120.0 135.0 
134.0 152.0 113.0 
134.0 119.0 119.0 
112.0 118.0 127.0 
101.0 105.0 121.0 
131.0 103.0 98.0 
107.0 117.0 118.0 
110.0 112.0 139.0 
126.0 122.0 97.0 
99.0 120.0 119.0 
106.0 104.0 132.0 
123.0 116.0 120.0 
110.0 107.0 120.0 
104.0 111.0 124.0 
128.0 87.0 113.0 
129.0 115.0 131.0 
122.0 116.0 109.0 
99.0 119.0 104.0 
136.0 126.0 120.0 
115.0 117.0 116.0 
119.0 111.0 112.0 
113.0 106.0 119.0 
116.0 139.0 131.0 
120.0 125.0 116.0 
143.0 110.0 88.0 
118.0 114.0 127.0 
97.0 121.0 135.0 
118.0 136.0 98.0 
108.0 113.0 113.0 
105.0 132.0 126.0 
112.0 115.0 120.0 
116.0 118.0 113.0 
137.0 125.0 106.0 
121.0 113.0 157.0 
140.0 98.0 108.0 
113.0 115.0 125.0 
114.0 109.0 104.0 
99.0 132.0 125.0 
112.0 105.0 127.0 
142.0 117.0 119.0 
143.0 124.0 128.0 
128.0 104.0 116.0 
115.0 105.0 117.0 
122.0 113.0 115.0 
104.0 117.0 123.0 
134.0 118.0 118.0 
115.0 124.0 110.0 
117.0 113.0 129.0 
120.0 136.0 101.0 
101.0 114.0 94.0 
101.0 109.0 118.0 
123.0 112.0 110.0 
121.0 104.0 122.0 
110.0 126.0 115.0 
124.0 110.0 124.0 
131.0 116.0 125.0 
129.0 101.0 128.0 
112.0 102.0 118.0 
120.0 121.0 107.0 
122.0 123.0 121.0 
132.0 131.0 119.0 
96.0 105.0 103.0 
107.0 129.0 102.0 
111.0 96.0 112.0 

Icoords
10.4283 18.2454
29.3139 15.7053
7.9513 73.2661
33.3766 58.9049
8.5551 70.6159
27.4287 75.1148
70.22 60.3127
63.1932 93.6154
36.8644 79.9859
68.7797 19.3168
96.7969 81.4288
42.1114 97.6653
48.5647 85.0152
88.3146 26.9583
11.5858 35.607
54.4148 54.8077
38.2152 11.2983
1.9896 20.8741
38.5713 23.6381
87.3884 26.7699
29.6116 14.4576
14.8218 36.794
95.2749 71.6392
91.3266 19.1532
49.8762 89.8891
69.299 11.0236
60.2679 99.7471
98.655 29.6572
43.0884 22.0081
64.7438 41.8211
59.6572 91.6631
21.6218 68.4585
55.7988 47.6606
67.0568 28.6151
24.8876 26.5198
74.6688 6.675
64.5364 4.0331
53.6047 73.4865
67.1672 57.6282
94.8852 58.1896
43.7716 29.7628
54.4599 86.2747
94.0765 95.7388
95.1177 59.829
74.5822 33.2795
7.4113 22.0449
85.0653 34.914
96.029 48.0392
13.1181 80.5479
53.5121 72.3779
79.9317 74.6121
34.7751 16.1291
49.2415 93.3696
89.5756 28.2836
65.8746 45.673
71.5177 9.6587
92.5656 14.6525
78.5992 23.8168
68.119 99.9598
58.0219 49.2239
87.9776 85.9445
67.0895 58.8386
4.485 90.753
89.5791 49.1024
88.5504 29.7684
59.1845 15.3744
69.3817 49.1336
69.9903 87.4056
82.041 71.1161
23.4773 4.9953
1.1102 34.3317
17.1725 45.0448
89.6653 41.0995
7.9155 64.4802
81.7633 56.256
36.9713 20.0973
64.0417 40.8331
1.5191 37.7147
66.6776 9.2876
60.4693 94.8267
59.3574 96.3523
96.0429 3.3706
35.9754 77.7553
64.3402 35.2903
48.9195 38.8386
36.5437 43.7051
37.8102 16.0561
57.7279 55.0964
10.7288 6.3342
2.1143 29.2609
64.4157 6.3217
25.9345 94.2919
65.1581 44.4381
16.2719 79.335
1.9526 14.7498
20.3934 13.5594
21.9222 25.4293
8.9148 6.1497
0.7583 25.7648
74.3315 20.4046
97.022 4.5782
43.6738 60.5997
36.5208 15.0297
52.188 34.6959
44.9942 39.5487
4.4926 61.9916
69.7264 38.1918
30.6403 80.4687
76.7838 79.3888
79.9533 65.4281
33.0427 50.3978
96.9438 74.4059
61.0068 22.5474
1.7941 59.0266
85.4587 84.722
58.6527 67.7535
65.19 14.5766
16.9148 14.9537
28.8021 88.2794
11.2348 37.0916
26.0262 48.2329
41.4545 65.7045
60.8959 9.3875
74.9601 10.2862
70.5875 35.7074
16.4003 19.6656
48.483 66.5136
10.2174 98.1481
59.0532 99.9701
41.2276 28.2829
39.6356 53.0897
66.2054 90.292
83.1155 10.3095
71.3055 27.9056
10.5882 2.576
33.3552 24.9213
75.8135 42.1014
74.1576 68.1695
75.028 38.0457
1.3429 81.773
80.3783 11.3353
56.3809 44.6199
90.4221 34.2774
2.7146 19.7753
83.4813 40.9698
85.5405 33.7881
12.2736 66.7483
67.7443 0.7204
72.4347 25.7126
96.4945 59.5245

Jcoords
89.9163 2.6732
64.1463 13.1918
54.8215 54.6703
22.5162 41.5118
47.2872 15.1983
46.643 34.2799
73.6647 1.4748
38.663 44.3501
13.4817 55.1956
97.6693 12.0571
80.4783 54.2966
24.3415 95.3117
68.4753 56.4415
42.3458 0.1489
16.2213 5.6848

C
27.7908 18.5444 18.1632 8.0257 11.2618 12.6421 25.096 11.5975 12.2277 34.6167 25.8407 28.2002 22.5067 11.176 5.1926 
22.421 11.5141 16.8449 8.5264 5.7286 9.3458 18.389 9.6874 13.8146 21.9117 24.3272 28.9694 17.8901 7.3077 6.4613 
34.8428 26.6113 17.1241 12.6221 26.2382 17.9227 34.5213 14.9325 6.0114 39.1861 25.9235 10.2658 21.3208 31.0849 22.8903 
31.3066 21.0443 8.1862 6.2767 16.4433 8.713 27.2822 6.0361 7.403 27.1744 15.6651 12.6488 12.4766 20.8444 20.309 
33.464 30.8428 18.0284 12.9118 21.5477 17.1396 34.1616 14.8711 6.3021 41.6719 29.4047 11.2933 20.3933 27.5557 25.1133 
36.6124 28.3355 11.1498 12.0593 23.8916 17.3343 28.9636 12.39 7.9831 32.1408 19.5925 6.961 16.9916 27.1499 22.0691 
20.1984 18.5387 5.0495 19.8383 18.0875 13.2763 22.3967 13.7285 17.3868 19.3697 4.6915 22.418 1.2976 26.1649 23.6273 
32.3509 32.043 13.1295 25.297 25.7405 19.5458 35.4892 18.7613 22.9384 30.0879 13.8515 14.2177 14.3243 35.6814 34.0243 
28.72 23.2542 11.9588 15.4354 20.1127 16.3357 34.5184 11.6249 13.0348 27.715 18.3994 7.0181 12.68 26.7443 28.7178 
9.1927 2.8032 14.5841 16.543 7.924 10.6183 6.8482 12.7277 25.0488 10.6015 13.9422 30.6358 11.7169 12.2282 19.7371 
28.7683 26.1131 17.0095 28.241 30.1572 22.1584 30.0721 25.5812 32.371 23.4564 9.5491 26.4773 14.5183 38.5267 41.0611 
34.051 30.9653 17.6019 18.6155 25.8712 22.6355 30.7041 16.8294 17.2043 40.7306 20.5675 7.0087 19.4412 33.9846 31.7337 
30.1673 23.5622 9.3817 15.9622 24.3143 16.7445 34.7784 16.6952 17.2342 32.0116 15.4991 9.6465 13.4674 33.6291 34.0197 
9.3409 8.5834 17.0972 24.5632 16.2652 15.9931 11.2963 20.1915 26.8264 6.1808 8.7962 37.1391 10.7534 19.7642 26.406 
32.0601 19.6564 16.6893 4.8091 13.2375 11.5175 23.435 8.6983 6.9431 31.5666 22.25 24.2804 23.731 18.1802 11.7483 
18.9727 16.7364 0.1652 11.8225 13.9451 8.2926 17.6055 7.2774 13.4717 23.8337 8.3654 17.3944 4.6655 20.4254 22.8424 
19.9966 8.0574 17.2348 11.0999 3.5549 9.7692 12.4004 12.2865 19.2675 23.6171 18.5516 25.9371 17.1356 4.3791 8.9706 
27.1168 23.6239 21.9321 8.7643 18.142 14.1499 29.4788 13.3723 12.545 35.3017 31.1547 27.8164 29.8967 16.9491 7.537 
19.4499 10.7107 11.9451 8.9304 4.1093 4.2755 13.2487 7.794 12.1915 22.6615 16.1381 24.0335 14.7147 9.2141 9.5894 
7.9277 9.4643 15.1123 26.5306 13.4603 15.6695 9.563 17.1768 29.528 6.3413 10.657 31.5892 11.0557 16.6905 28.8141 
21.7701 13.564 15.482 8.5474 6.3246 7.9761 16.7172 9.3917 17.3814 24.4207 20.417 26.2928 19.7376 6.4417 4.8313 
27.8462 17.3338 15.755 3.0561 14.2321 9.8443 25.5231 8.866 7.0535 32.4318 24.387 20.952 21.1981 17.631 10.264 
27.6073 25.6007 13.7351 26.011 24.2772 19.5505 25.2187 23.9757 28.583 18.3363 7.2608 28.5881 10.1916 35.1002 39.1121 
6.4176 10.5323 16.5835 21.9081 16.7935 14.5015 9.3635 18.1565 26.7388 3.0237 13.9064 40.063 14.7819 20.243 23.2268 
34.7403 27.1175 12.4831 19.947 29.5206 18.5993 34.307 16.682 17.7895 35.6662 15.3023 10.1989 14.9984 28.5386 29.9156 
7.583 1.847 15.6119 16.8471 7.1425 12.9741 3.4039 17.0164 28.3941 8.5792 14.1143 31.8587 14.2045 11.0067 19.8232 
34.6422 26.0879 15.2605 24.2974 32.5649 26.2331 31.4206 21.2335 23.8586 28.762 19.7225 12.2643 15.5899 39.2951 37.7339 
9.9159 12.721 19.087 25.0509 16.6869 17.4927 12.17 23.9401 27.7963 6.9947 11.2492 35.7576 14.1552 20.6293 31.2747 
15.6091 7.2003 11.0191 8.5186 2.8705 4.8447 12.8651 8.7392 17.305 16.9771 18.5603 29.4253 12.9967 6.684 12.4051 
15.8152 9.5557 5.6041 14.7463 10.3752 7.3122 13.516 8.1282 16.1 17.3366 6.6385 21.5515 5.3928 17.2303 19.2814 
36.3474 25.2305 14.7141 23.4213 24.3996 22.1946 28.969 18.3909 20.1818 29.3318 14.347 12.1991 13.0857 29.422 34.2733 
30.9036 22.3217 11.137 10.0728 19.0312 15.4989 27.8226 11.6499 5.7703 32.5321 21.442 8.637 18.516 25.8767 19.0781 
19.0952 11.8206 2.3335 10.7359 12.011 6.1821 19.739 5.5028 15.7489 18.6704 8.1294 20.247 4.8976 16.0385 20.971 
13.1391 5.5264 9.3897 16.2898 8.3886 6.4806 9.9945 11.8682 21.7576 11.3634 11.078 27.9426 9.3785 12.8467 17.4497 
25.1495 14.8964 12.8657 5.49 9.4696 8.3938 21.3677 7.7014 10.5699 28.7321 22.4216 24.9791 21.132 11.338 7.2571 
5.0539 3.8419 17.9443 23.193 9.6901 12.5292 1.9729 19.0579 29.7915 8.3763 17.6835 37.3973 18.5406 11.4094 19.8516 
9.9327 3.4349 17.3038 18.2713 7.958 12.1912 3.4754 14.7883 23.2159 11.3931 16.6788 39.8747 17.3278 7.8938 15.6052 
27.2484 19.5747 6.03 16.0682 18.1752 14.8807 23.4128 10.0394 15.9802 29.0755 12.1686 13.7116 6.9557 29.6268 26.3244 
22.2981 15.9494 5.0082 17.6685 17.7585 12.1673 20.8136 11.0184 19.1209 18.5788 4.9508 21.7169 0.6 22.4706 22.9185 
17.9031 20.6426 15.0657 25.8445 24.5845 17.7033 20.5765 17.4281 26.7265 16.4484 4.6577 31.7345 10.0842 26.759 36.8282 
18.8886 9.2077 8.6487 9.3575 5.3249 2.0538 16.1537 4.7574 12.1976 21.4274 16.4329 26.8139 11.5188 11.7644 13.0989 
28.8229 23.3994 11.6185 21.1884 21.7813 20.5479 32.301 13.8527 20.2534 27.6361 15.9956 9.4461 11.5925 26.153 34.6727 
34.3941 35.0696 19.833 30.994 36.3545 30.7588 29.33 29.542 34.4632 29.8516 16.4564 24.4286 16.27 42.4108 47.5338 
17.9465 21.666 13.8694 24.3723 26.1153 17.425 21.5491 18.7791 29.2073 17.0263 4.7231 30.5527 10.305 28.7991 29.6538 
10.951 8.9642 9.3858 16.731 11.0467 11.0263 9.9622 14.997 24.1603 11.5747 7.1052 30.1421 9.2652 16.6829 20.3093 
32.1113 19.6784 18.779 9.4913 12.1945 16.1915 27.6036 14.8589 12.0855 28.4413 31.0289 26.6199 22.5114 13.9437 7.2449 
10.4267 9.5779 11.4046 20.3595 16.0056 14.4718 13.1637 14.7028 25.728 9.4097 6.322 33.6846 10.6322 20.186 27.0897 
15.8705 17.9434 13.8652 25.0484 21.2465 18.3741 18.5551 22.7696 26.6385 12.9418 5.9456 26.0532 10.2032 24.8049 28.0447 
35.2618 32.1111 16.5792 14.2056 23.7897 18.8781 33.5324 17.1766 9.6171 41.8597 25.9321 5.6249 19.5022 28.3759 28.1727 
27.5707 20.5959 5.9678 17.4797 19.6767 12.357 24.2511 10.0293 15.0159 23.0697 12.8115 14.3008 8.3987 25.8509 27.9663 
24.1853 22.8743 10.4213 20.5911 20.5069 19.5742 27.0205 15.4702 20.7893 24.2074 6.6659 23.5793 7.66 27.7677 32.279 
19.2301 10.8714 17.0209 11.2667 4.3261 8.295 14.9488 10.4863 13.9351 23.912 23.0854 24.5431 19.1257 6.4631 7.0794 
31.0127 28.1108 11.812 19.8295 26.0783 22.5822 37.9199 15.7113 16.4976 35.3485 17.9938 8.2994 16.3799 29.7252 29.8141 
9.1463 11.2368 13.6974 25.7891 15.1215 16.9799 12.0023 20.1378 29.5328 6.7491 9.4413 31.4829 10.855 18.6859 23.05 
18.1786 11.9635 5.0538 15.7112 13.0754 6.8825 15.4475 8.3556 19.4154 14.9406 5.5526 24.7369 3.6137 15.6912 20.7709 
7.2836 3.2689 16.1644 20.9816 8.18 11.5428 3.1626 18.2233 28.6296 8.5849 17.879 35.281 16.3992 11.3342 18.5832 
4.6597 10.6286 21.3492 27.6532 17.7414 16.985 8.0875 21.0844 31.6824 2.2525 14.4107 39.9119 17.0271 19.5707 24.7134 
9.4033 5.4065 12.3714 19.3891 12.7795 11.5369 8.2369 15.6586 23.8247 8.3703 10.4164 29.0437 13.1309 14.2398 21.6771 
37.9553 28.4984 16.5865 28.66 33.1242 25.2084 35.8856 21.3142 23.422 31.7809 14.8541 17.5214 16.7508 31.3275 37.4718 
17.7751 13.4792 2.1049 13.6651 13.8362 7.1601 15.1743 7.54 14.5601 17.2815 8.9487 19.9562 4.5921 18.5052 18.5899 
26.7373 26.4273 14.6261 29.8191 29.9194 24.0046 33.0015 19.3799 29.0697 23.1386 12.1771 20.866 13.7787 33.4091 38.9405 
20.4737 17.6837 3.9272 18.0482 17.5877 9.8265 19.2272 11.9647 17.9732 18.2591 4.3263 18.4819 1.0951 19.7192 29.2009 
44.407 29.7669 22.2898 17.3153 31.1482 23.9821 37.7799 19.3295 13.0317 40.4692 25.9431 6.8841 25.9794 33.4163 29.2143 
17.4253 13.2938 13.0806 26.9627 17.6814 18.0419 19.529 16.8702 23.2687 14.3256 4.1831 28.3566 8.7341 24.768 28.0281 
10.8356 10.8566 16.3844 22.6631 14.3095 14.1369 12.6859 19.5009 28.2476 7.1516 8.3122 30.5998 12.1283 16.5254 22.992 
10.7773 1.6782 14.0318 13.7748 4.5405 8.333 7.2961 12.3741 24.2288 14.0759 15.7544 26.9364 16.7367 9.0556 16.9475 
20.2422 11.3031 5.1234 14.515 13.7275 10.1742 17.3842 12.3485 20.4219 15.413 4.6398 23.0351 2.3859 21.1045 21.8605 
29.3599 27.693 11.9746 20.9779 25.9095 20.438 30.2667 17.1027 23.6174 25.6548 11.527 15.3718 10.559 32.1457 38.9728 
25.2843 20.5581 12.1134 24.9168 23.8399 16.5779 23.6803 16.9632 27.6466 19.4272 6.1385 23.4815 7.0305 27.5575 29.2998 
23.813 15.0057 19.2834 14.3961 9.3099 14.4952 16.8239 13.7601 17.9969 23.7295 23.1744 29.7245 25.7127 6.758 2.8579 
32.6398 25.6505 20.1475 8.101 16.9146 14.5705 27.3828 14.8197 8.4969 31.6014 24.9205 25.5736 27.5094 21.371 10.6201 
25.8278 18.2241 14.3821 2.4509 15.0475 10.953 28.437 7.5944 3.5179 31.544 24.3565 17.5734 18.3884 17.2945 15.6895 
12.5926 15.0924 13.7308 24.9464 17.7359 15.3198 15.5848 19.9262 27.8839 11.3391 5.3755 32.5295 8.3976 24.6747 24.6322 
33.8245 27.7261 16.7387 8.2465 20.5256 18.4559 32.8285 12.8812 3.7033 37.1177 25.3308 12.4086 22.8297 26.7564 17.9503 
17.8967 15.0519 9.7239 19.8915 20.8929 13.5888 16.6351 14.2013 26.8857 14.2754 0.8827 24.6044 4.1808 20.6531 31.3503 
22.1839 9.7603 14.4898 8.3297 4.2311 5.998 16.3318 8.7935 13.2655 18.497 21.6654 29.3477 16.7958 7.704 8.3776 
14.1035 9.3262 5.6484 15.8233 12.2191 6.5574 12.759 9.3364 15.9311 13.4592 6.8372 22.8113 5.9143 16.1746 18.1012 
37.3416 23.197 21.9989 8.2385 18.5155 17.8483 25.4965 15.0663 7.7018 35.1784 27.6657 21.2563 23.2494 19.7508 13.3641 
7.9395 1.723 15.3007 16.7558 7.5835 9.8208 3.4264 17.907 21.2345 10.4578 16.2511 33.6242 15.4022 9.3361 15.9039 
34.644 29.9904 12.8021 20.3727 27.5955 19.1906 29.3776 21.9777 23.1124 30.7263 17.1806 12.4905 12.9044 30.1144 34.9513 
36.6362 29.0878 12.5868 24.7286 26.3616 19.8257 29.8309 22.1524 20.0796 27.815 15.2761 10.7687 14.8609 30.3737 39.7808 
2.115 11.938 21.5394 25.8929 19.9927 21.223 8.8082 21.5904 31.9634 3.1276 17.6741 41.8807 23.5388 19.4464 27.6858 
34.1694 23.3655 10.7104 12.5922 22.3072 15.5693 31.8893 13.3784 11.9944 27.6772 16.6617 7.8095 12.0677 24.7385 23.1136 
14.3911 8.6121 7.9823 12.8925 8.7176 6.1332 13.7153 9.206 21.0705 12.5458 7.9663 25.216 6.5538 14.228 18.4915 
17.8111 9.3148 6.6807 9.0549 9.3294 1.8517 15.0264 4.0555 14.1057 19.6957 13.9581 22.123 8.2355 12.0558 16.3538 
25.7911 15.1745 6.5393 5.3114 11.8475 5.1568 17.7505 0.7282 9.4767 27.4711 15.9306 20.5596 11.7607 15.8407 14.6103 
18.2427 9.4442 14.1734 10.1415 3.0146 7.246 12.7885 10.4027 16.4014 21.2433 21.5836 30.0987 15.892 5.3147 9.2498 
18.8302 14.7868 0.992 12.1187 14.084 8.9524 18.7063 7.071 13.6987 20.4512 7.4235 16.318 3.5656 19.5544 19.966 
24.6298 19.959 25.6339 14.4727 13.9374 15.5631 20.5087 15.1386 17.7452 26.522 27.7563 30.9644 27.4704 10.2738 1.7256 
28.0631 21.6332 18.9872 7.4938 18.4135 16.2394 28.5073 13.5823 11.2247 30.4381 30.4466 27.5486 25.5939 17.3064 10.2534 
9.0032 2.1761 15.7535 18.9867 7.275 10.3462 3.4804 16.8325 23.1605 10.1369 16.478 35.535 16.9758 9.1324 16.0887 
41.7938 34.7041 16.2254 17.4434 28.9442 20.6833 33.5864 20.5741 16.2116 36.5244 22.1644 0.6435 17.652 30.4845 29.3709 
15.1967 9.9009 5.1618 13.5365 11.0379 8.1772 14.6809 9.072 18.4322 18.1937 6.6423 22.9 4.6575 17.0381 22.9092 
41.7137 32.2113 17.2716 13.5438 28.3901 20.5443 31.9683 15.7798 8.8695 34.0251 20.8057 5.7939 20.6008 31.1965 27.7072 
28.9807 19.9829 25.618 12.393 13.8187 19.1574 28.3262 16.1797 15.3634 36.5208 26.7722 30.7035 26.2844 16.7638 6.0384 
26.3817 16.3816 21.1649 10.4058 8.3552 12.6913 18.059 12.1157 16.5448 24.1456 27.1352 25.4873 20.5455 8.7438 3.152 
21.6609 14.5337 14.1687 5.6343 9.1351 8.3761 18.3714 8.5871 10.6805 29.6751 21.3221 26.9698 19.6786 12.5123 7.2401 
30.5495 21.3138 26.7116 12.9311 14.2126 18.3443 25.5129 16.6894 15.3193 28.9001 33.2071 28.4762 30.0432 12.6113 2.9219 
31.6823 23.0833 23.8662 9.5831 16.4469 15.7412 24.4064 14.041 11.2222 33.9531 28.5175 22.1191 26.8001 17.4176 9.9171 
9.1335 3.7566 11.8489 20.8915 9.6035 11.5056 6.6352 15.8654 25.4019 8.1843 12.2934 32.9695 12.3804 11.6571 21.0589 
2.6543 11.0555 20.678 24.9556 18.5777 18.4923 8.6687 27.7618 35.0862 2.7528 17.2025 38.1778 23.5678 19.5065 26.8041 
24.6228 17.7278 3.8536 8.6911 17.9311 8.0334 24.165 6.6199 9.2537 22.8787 14.3461 14.2917 9.1261 21.7978 18.7683 
21.6486 9.9312 13.1245 11.0152 4.1617 7.4013 14.7049 9.8603 15.1508 24.4638 22.1975 30.0442 16.4558 5.8632 7.5064 
15.5386 9.4657 6.3222 9.2917 6.1197 2.1086 15.1787 5.7113 17.4586 18.8636 12.046 25.3483 10.623 13.4311 14.0382 
22.2537 9.9664 5.5456 8.1432 7.8462 2.1619 16.6768 2.5371 13.0143 19.2097 11.9123 19.7423 11.235 15.598 15.8596 
35.2974 24.6474 15.8221 8.9892 22.2447 16.4044 30.6697 13.821 3.4551 35.6783 28.3196 14.8388 24.3277 23.1952 19.0376 
15.0431 10.1103 8.3167 17.5866 12.7902 9.1402 11.695 9.7854 22.7162 12.2662 7.7321 25.9721 6.6969 18.6877 22.1374 
34.7403 29.6952 13.2244 14.744 25.5698 18.3211 29.9176 11.4142 11.8738 36.7493 20.7605 6.0982 15.1266 28.6281 27.0144 
26.0969 26.1146 10.3794 23.4008 22.2456 17.2521 28.1495 19.7583 20.9944 27.3174 8.598 20.8428 8.0268 32.9097 29.8775 
22.1376 17.8135 10.2652 20.146 23.4038 17.2431 25.0813 15.9986 25.1599 16.8928 3.8402 20.0572 5.2873 27.031 33.9989 
23.0158 15.2418 6.9689 5.1466 14.7143 7.8578 20.8446 2.637 7.4138 26.6911 18.6575 15.271 12.0521 18.2693 17.6328 
23.0139 25.6675 17.8856 27.2761 24.6814 19.4965 26.6263 25.6986 29.9156 22.3348 8.6236 29.4125 13.4247 31.9456 36.9879 
12.0471 3.5861 10.1247 13.9583 6.0684 7.2813 9.0339 10.7486 22.3428 12.0198 11.8884 31.3535 11.5263 9.6615 15.907 
39.131 29.4377 18.6966 8.3975 21.2759 16.1405 36.3968 12.4524 4.1031 38.8188 29.3628 16.6522 26.3655 26.7235 19.6499 
25.0207 26.2575 15.0762 27.7522 24.7458 24.5172 30.8904 21.1617 23.705 27.4988 11.25 22.6774 9.9426 31.9718 32.7308 
24.4325 17.8222 4.2288 16.859 16.8677 13.3574 23.724 9.6275 14.7685 24.3586 10.1922 14.3686 4.9709 24.6462 22.7137 
9.4758 0.6631 14.6187 18.9591 6.4131 10.1148 6.059 15.4641 24.6316 10.3464 15.8496 27.7866 14.4038 9.4079 16.8519 
28.9002 15.4602 19.3313 9.4211 10.412 12.2897 19.6626 11.1456 14.3539 28.2095 24.4969 26.954 24.1621 10.9761 3.1779 
40.5899 31.4449 13.4567 17.3511 28.2157 21.8496 31.0921 17.14 10.9924 32.0504 22.4944 3.1229 18.0227 31.0919 33.1014 
31.9303 20.2103 14.6728 4.391 14.0879 11.7393 24.186 9.4821 6.0056 33.1782 22.4036 22.8504 23.6373 17.1939 11.3495 
27.0567 16.2378 11.4189 2.6478 14.4687 9.216 25.8395 4.8107 4.4534 30.8754 20.5841 16.0971 16.2782 20.0573 14.8804 
31.0637 21.6009 5.8325 10.2832 20.3164 9.6538 26.9308 7.6625 9.0542 30.3051 14.8154 12.1639 8.755 20.9535 22.9702 
9.2667 1.7673 15.566 16.3362 5.262 10.5185 4.7664 14.3565 20.0619 13.3286 18.3576 33.765 15.7995 7.5102 16.779 
6.5132 4.0008 17.4828 23.0716 11.0117 13.4024 3.2596 17.1534 29.1747 8.3322 13.3065 33.1392 17.1753 10.8232 19.1133 
13.2886 7.6041 9.4353 14.9813 11.2305 8.8152 11.9816 10.3455 18.7173 11.1281 7.6478 27.4379 6.8026 16.6289 21.271 
23.7077 16.9604 16.3881 7.1166 12.321 11.5142 23.3848 13.0537 13.3294 25.0995 22.7617 28.4775 20.528 12.2821 5.4515 
24.3163 19.7291 4.8694 12.191 18.4169 11.4003 23.4966 9.0785 14.2361 22.0217 10.7129 11.5404 7.3538 25.0663 25.6828 
45.9664 33.7605 21.122 17.5028 36.0063 24.9765 42.2875 24.1048 15.7832 37.9687 29.551 5.6947 27.8352 34.3118 33.116 
33.6438 28.3819 16.6701 21.8117 32.2824 25.6646 30.6984 22.4222 19.5174 29.8143 18.1616 12.5592 15.766 37.7613 33.2732 
17.4777 10.0297 10.8521 6.9938 5.2502 3.1901 13.0957 6.4041 13.8691 23.45 14.4373 21.9328 12.1312 10.6205 10.9202 
22.5716 15.9768 5.4949 7.1445 13.6031 7.8866 18.9735 2.7911 9.236 21.4858 15.8334 14.8147 8.9802 16.7353 16.4115 
28.3748 26.3622 14.1995 22.0815 30.0622 22.7352 30.83 16.6267 23.821 28.6114 14.8073 14.6561 10.965 31.6015 34.856 
3.8367 7.1183 16.2478 26.603 14.2472 14.4986 3.8863 18.5716 32.5009 4.4034 14.6255 33.6588 15.7975 14.9748 25.7554 
10.1334 6.3636 10.7566 17.819 10.1354 10.0924 8.2261 14.5618 19.6488 11.5353 9.6476 32.5821 10.9026 12.4874 18.2231 
24.5997 21.1739 25.0057 13.0066 15.2713 14.6771 20.0361 16.851 17.7385 34.9682 28.614 37.4906 24.9473 10.8259 1.9933 
20.0815 12.076 12.6124 7.4375 5.5708 5.5942 18.182 6.582 11.1323 25.5859 18.3135 28.1803 17.418 8.1037 9.1966 
16.3646 10.6494 9.5324 19.1349 13.6887 9.2294 15.2481 12.2486 24.2094 13.6723 4.3675 27.9026 6.3387 19.3683 21.0772 
22.8908 18.7036 8.0014 19.6548 21.0205 16.9111 20.8893 16.7607 23.6029 19.6267 5.5751 19.4415 4.2993 22.7604 30.5823 
11.9279 9.979 8.8285 18.2455 13.5451 10.0418 13.9176 11.6443 25.3839 13.6906 6.3711 25.0075 6.8211 19.3416 22.721 
45.9926 31.9244 21.1579 16.0077 29.84 23.3522 40.8813 16.9071 9.4609 41.5702 29.9225 9.3887 25.9243 27.5402 24.0961 
4.1178 6.1087 18.8964 24.9809 10.1913 12.5904 3.8996 21.1413 31.2453 6.4033 16.1535 37.0408 17.2699 15.6354 22.909 
17.8782 11.0619 3.6726 13.4158 10.5165 4.3676 14.3293 6.1807 15.8707 16.2064 9.151 18.1944 5.6825 15.8879 17.1777 
10.7499 12.462 14.3802 21.8597 14.7535 14.6178 14.7009 20.2958 26.1047 8.4982 8.3264 35.4331 10.2464 21.6023 31.1874 
27.1654 21.9146 19.4783 10.7 14.2397 14.8822 26.2315 16.9958 11.6356 34.306 29.0895 27.9557 29.0251 15.3062 6.2401 
14.5004 12.8948 10.3589 24.0517 17.3151 13.5049 12.5956 15.5107 25.7007 12.4896 5.2745 31.2106 7.2786 20.6484 24.7001 
11.0131 11.7838 11.2734 23.3284 16.9742 11.8413 11.6155 15.6411 26.4453 7.6875 6.3942 32.403 9.2119 20.3828 26.2396 
36.1095 25.9317 13.6402 9.5843 18.7074 15.4749 34.8932 13.3677 3.5242 35.6347 27.3376 11.2776 17.9245 23.2741 20.0951 
7.601 4.8039 18.235 19.2889 8.273 12.8679 1.8651 19.6259 27.0804 12.0674 19.4943 38.4968 21.5381 8.5564 15.5544 
9.0349 4.6113 11.7136 20.1321 9.2838 10.8628 8.9237 13.111 22.3318 9.4025 10.4227 32.8075 10.6147 13.0726 21.0592 
17.9303 20.6084 16.2785 23.4967 24.1203 19.5129 23.061 21.1893 32.6684 17.1125 6.0568 26.6267 8.9131 30.2149 29.4029 
31.7597 19.0138 22.8261 10.2333 12.5637 15.2363 22.0343 13.947 11.2192 32.6227 28.5351 25.3966 25.6475 14.5442 4.4304 
18.9931 11.2697 16.4118 8.8707 6.2122 9.1298 14.6674 11.0494 13.2615 23.2465 25.4231 29.2007 18.879 7.1413 5.1704 
34.4642 30.2472 17.7948 11.9653 26.0839 21.6962 31.1636 12.8487 6.1021 40.4025 26.1784 10.7768 23.4378 29.986 23.1627 
25.8124 17.9309 8.6168 7.1194 14.3013 10.8864 26.7841 5.8441 7.8907 27.5403 17.5866 12.1611 13.891 20.5413 17.0155 
37.0998 25.9355 16.1933 12.2468 21.257 19.2716 32.3476 12.4379 5.3049 33.4399 23.2464 8.884 21.7787 25.7582 24.1783 
28.7675 26.2046 10.7636 11.9608 23.9105 16.549 29.4767 12.1443 9.5418 33.4623 21.5928 7.1674 14.0334 24.9409 24.1298 
23.9567 16.4767 6.5336 19.1204 19.4792 10.8669 20.2926 13.1414 21.2436 20.8409 4.129 21.5294 1.5367 22.0207 28.1208 
36.6921 28.2226 13.022 25.9382 31.7256 20.8271 28.0612 19.4987 20.9593 28.7951 14.5087 14.2838 14.0502 31.1997 39.7964 
34.5803 26.5227 10.5125 12.7253 19.8634 17.2191 34.4317 12.4206 12.142 31.5623 20.1103 7.2813 15.4509 30.0654 26.5277 
10.5352 2.6473 13.5959 18.9752 8.7118 8.1548 7.0795 11.827 23.7897 9.264 14.7389 31.5866 11.4682 11.9148 20.0955 
29.2901 27.8075 17.1738 26.9002 30.5458 22.9844 29.6892 24.8434 31.4801 22.8598 9.8911 28.2552 13.423 29.6728 38.2743 
39.4851 32.336 16.1717 23.4329 28.6476 23.0104 37.1426 17.4384 18.8689 34.2806 19.9595 6.1214 15.9278 32.6973 31.6191 
34.8942 23.1727 10.7233 20.1504 22.415 15.3584 32.0569 16.306 18.0952 31.1058 15.5389 8.5384 10.4758 34.0205 32.1521 
8.9174 10.1661 14.5629 21.032 16.9779 14.9312 10.3116 17.1191 24.8348 6.2653 8.6228 32.7296 12.5587 16.8001 23.016 
33.2752 22.5134 15.4135 4.1072 15.7624 12.9243 26.6938 11.3388 7.4647 29.148 23.0423 21.0019 21.9559 16.0304 9.8135 
24.6305 15.7022 0.1662 13.6472 12.4802 6.6069 20.69 6.8898 14.8757 18.7434 9.2543 17.3994 4.4504 19.6754 19.1712 
16.6367 9.295 15.4421 12.5061 3.4275 8.5478 13.9932 11.589 15.7405 22.9036 18.8772 26.0988 16.8856 3.8464 7.1456 
28.5085 20.2858 20.0129 11.5645 15.6494 18.1174 23.7093 16.1635 13.7828 32.8803 28.1347 30.8242 22.6883 18.0651 6.7606 
21.8901 9.4703 12.8663 8.0102 4.2573 5.3066 15.1829 7.8189 14.8967 20.5357 16.6781 26.8834 16.3215 9.4924 10.6644 
9.1367 8.2772 13.9502 25.2999 12.8927 13.254 8.9759 19.4975 30.4307 6.5567 10.7279 30.3599 12.1394 20.0181 25.3849 
19.5457 13.3601 15.6291 8.6173 5.8982 9.6958 15.0684 12.0621 16.1765 22.7114 19.9842 25.831 19.7033 6.2291 6.0895 
30.8073 20.9864 15.4045 2.7167 15.3706 10.2943 20.9318 7.633 6.3838 34.1091 20.9624 23.5192 20.1353 17.3835 12.0919 
26.1685 23.5081 16.9463 28.9641 23.9513 18.9434 25.2701 21.7133 25.9717 19.7257 6.9508 23.7424 9.2827 31.6578 32.6981 
5.8106 10.9525 18.743 27.1319 15.6571 17.549 9.401 17.8237 30.3503 3.0847 14.322 32.5981 15.1929 20.1485 23.2954 
35.9495 28.1083 13.9697 19.6469 26.3817 21.351 30.9285 16.3397 16.5727 36.0224 14.5606 9.6481 15.2127 27.8542 27.9932 
8.5974 2.2071 18.1595 21.5377 8.769 11.2501 4.1484 14.8797 23.8243 8.5763 17.6272 33.1197 16.1987 10.312 18.7243 
36.5504 28.2367 14.0028 21.3895 28.3649 25.1097 31.5396 20.7162 23.4968 32.8423 15.3701 11.8842 14.1089 31.7559 33.6105 
11.1328 12.7477 18.8397 26.3147 19.5259 20.1662 11.6766 23.5448 32.9003 6.1838 11.9106 39.4266 12.3676 19.7774 28.4073 
19.0187 8.7275 13.7573 8.6518 2.7553 4.4308 11.6976 7.3225 16.2153 18.414 16.52 28.0709 12.8983 7.4342 11.7135 
16.8298 9.5098 6.1155 15.7429 11.187 6.4631 13.078 10.0908 19.7555 17.2123 7.1887 23.2944 5.2057 17.4243 18.5554 
31.7793 28.6181 13.9605 24.788 26.8705 22.1593 33.4229 19.4365 18.6344 31.0961 13.2049 11.7446 10.9035 36.1652 36.5947 
37.6172 21.1362 11.1334 9.5686 20.6157 15.9268 27.2797 10.6667 5.2536 35.8459 18.8147 9.6356 18.0323 24.6989 23.1609 
20.055 13.6399 2.7609 13.0408 11.6888 6.1594 18.6248 5.5098 16.7633 21.292 7.9122 17.2493 4.947 19.5444 19.1998 
12.0776 5.6598 11.1196 17.1338 7.7865 8.2707 9.3297 11.9072 19.3474 12.324 10.3536 26.8972 9.0163 13.9097 19.396 
22.6006 16.4843 13.4533 5.3322 8.2297 7.4075 17.6666 8.0912 11.3784 22.3356 19.5816 21.278 16.4001 9.7725 8.6629 
6.252 4.1327 16.6406 23.9142 9.6184 14.2364 2.0423 18.8547 30.0804 7.3771 17.103 32.464 18.5406 13.1769 18.1973 
7.9909 3.0251 15.8446 22.4829 6.3471 11.1966 3.4356 14.4913 22.8617 10.3329 15.9986 38.0296 19.6508 8.7904 15.552 
24.7495 18.9565 6.5051 15.2655 22.1737 14.1201 28.952 11.2444 15.72 28.4102 12.0101 13.7882 7.1706 25.9763 25.2869 
22.1316 16.9471 4.4991 18.8173 14.4505 9.4441 20.2879 9.704 16.6005 18.184 4.7765 18.5965 0.6641 23.8167 23.2895 
21.3199 16.9642 15.134 26.6169 19.8831 21.4346 23.3378 21.3132 30.2374 14.4842 5.4531 26.003 9.5628 24.8958 29.4134 
19.429 9.5543 10.8831 9.6028 5.704 1.837 14.705 5.3864 14.195 19.7255 17.4263 26.2191 13.4749 9.0635 11.7598 
29.2951 23.7385 11.0686 18.9172 23.5529 18.8654 30.4838 15.4477 16.3653 29.3536 13.3489 9.9775 12.3869 31.8758 33.8966 
32.1397 26.9739 19.4921 30.536 33.3832 24.7189 31.7027 27.0102 34.4632 30.1699 15.3136 24.2403 14.8395 34.1286 39.4627 
20.8103 21.0277 14.1782 22.6801 22.9425 20.6305 19.7771 21.7353 31.7176 17.2702 5.4556 26.1665 10.4903 26.2498 32.113 
11.0195 8.0066 9.3479 18.2703 12.1991 11.0514 12.1481 12.0878 20.8108 10.5305 6.5616 31.2996 7.5765 13.877 24.641 
33.4588 21.2115 22.1745 8.5328 15.8641 16.2943 22.7683 12.847 12.3315 34.4166 28.7846 29.8308 26.8987 13.7005 7.4233 
12.3438 10.359 10.8844 24.5358 13.9345 12.243 12.8952 18.008 27.1416 9.8325 7.4214 33.5561 10.2571 17.8617 24.1354 
17.2392 14.8639 14.1616 27.1739 22.9803 16.2567 17.4651 22.235 25.4039 12.9418 6.063 30.5357 9.4139 27.9487 27.1051 
42.6226 27.4381 14.7681 14.9404 28.8706 22.792 36.062 15.9671 9.4624 37.9099 24.0235 6.6504 23.2034 25.8009 24.5162 
28.5536 18.3769 6.2732 14.842 17.5198 12.5002 26.2707 10.2958 16.1746 25.417 12.2791 14.2971 8.4665 28.9644 28.3178 
21.8031 19.0376 9.7575 22.7782 23.6863 18.3871 29.1052 15.46 23.0116 20.7418 7.4504 23.6861 7.413 29.0105 33.7057 
21.8921 10.7002 15.861 10.7988 3.8067 7.6987 15.327 11.2441 13.993 21.6242 21.6444 26.0766 20.8544 5.6726 6.694 
30.1578 24.7182 14.3378 18.5227 27.0792 20.6363 33.4223 16.6942 15.9746 30.9666 17.2984 9.3534 14.7311 36.7171 36.3072 
8.0987 10.7577 13.6276 20.6354 13.5323 13.5467 12.4606 21.0026 28.0315 5.8914 9.9649 33.4003 13.6453 17.6304 28.9295 
16.075 10.0216 4.6505 13.9515 11.3549 7.6291 14.2403 10.3199 19.1172 14.6491 5.5272 24.6981 4.1432 15.8193 19.3173 
7.5414 2.7777 14.6618 22.0453 9.5272 13.7792 2.7819 17.3394 25.7747 10.5046 17.6787 38.8991 14.8755 11.2821 19.7585 
3.8696 9.146 20.9201 28.8386 14.9248 17.7441 8.7211 18.518 34.2952 1.9244 16.2592 39.1619 18.0353 17.1662 24.7442 
9.5639 6.9456 14.0814 22.9705 10.1067 11.3957 8.1706 16.8216 26.398 6.7773 9.8484 28.1283 13.5886 14.6944 21.0795 
29.9096 30.5222 17.8515 28.0373 33.6741 23.7849 38.3713 23.1265 23.528 35.8799 15.0623 14.2769 15.393 38.3475 37.192 
19.8065 13.2307 2.3721 11.2997 10.9819 7.0173 15.6868 7.6878 15.4769 20.3465 9.1651 21.5888 4.9427 20.2414 23.9194 
26.6707 23.9009 16.4857 27.2953 30.809 24.9772 29.6431 20.767 29.9804 27.1179 12.1576 22.5641 14.1147 37.4807 35.7861 
22.2319 17.3086 4.4623 18.7608 17.5446 12.383 19.3138 11.5754 18.2794 16.778 4.5794 20.5105 0.9375 20.5281 27.4866 
48.3458 37.6538 23.1692 20.7762 31.6779 25.3493 43.3142 19.318 11.3555 46.2383 32.0201 7.538 25.4712 35.2133 26.329 
17.7503 17.1398 12.2534 23.6151 21.2535 17.733 16.7571 17.6424 25.3605 13.9009 3.742 28.0368 7.7063 25.1693 31.7788 
8.9392 11.7151 15.8059 25.9897 13.128 15.4731 10.5599 17.2972 31.5526 5.9942 8.6453 30.9852 10.3957 16.6187 24.8216 
11.858 1.9726 15.6331 15.5715 3.6505 7.3144 7.003 11.0284 20.6887 14.1763 14.3569 30.1367 15.2378 8.7469 14.393 
20.1762 14.0672 5.516 17.1692 14.2053 8.7972 17.3316 11.2449 20.4331 16.4576 4.7989 23.4609 2.4492 20.9702 23.6662 
27.0706 29.1074 10.8453 24.6822 29.2854 19.9506 27.0757 19.3977 23.5329 29.4838 11.6312 16.9701 11.1635 31.8162 37.6424 
24.3473 19.8184 10.2561 25.8807 25.7097 15.4284 23.2946 17.8756 23.7333 23.7219 5.777 23.6567 6.8646 29.2326 34.4043 
21.8518 14.6863 21.9031 12.4856 8.6001 12.6282 17.976 15.7216 20.0904 26.7106 28.3444 28.6316 26.1707 6.6002 2.3834 
34.12 26.0627 22.129 8.5413 15.2601 14.0742 27.9324 11.8542 8.3635 38.1218 26.7292 20.7316 26.7083 19.5125 11.3391 
28.1428 19.1322 15.1515 2.4548 15.7599 10.5043 22.1732 6.6376 3.8149 28.2991 19.4302 19.9548 19.0348 16.8055 15.6738 
11.9009 13.0579 11.375 21.609 18.5604 16.8575 13.2772 18.9551 24.103 9.0677 5.0957 30.2715 10.3519 20.8387 29.0596 
37.7368 27.4749 14.4481 10.5654 22.8469 19.5903 34.5588 12.7709 3.5918 35.7144 23.5502 12.1466 23.7216 22.6558 19.4348 
16.3249 17.6621 10.2367 21.9124 18.164 12.4412 21.104 15.3147 24.318 16.7415 0.8761 27.6669 4.9994 22.285 27.8403 
21.3199 9.5107 11.9062 9.9807 3.5631 6.7825 13.9 9.0585 15.8839 21.5646 21.3831 24.4666 16.31 7.3156 10.0198 
17.6167 8.9973 6.3551 12.5673 11.5148 6.0182 15.0604 9.6823 17.3554 17.6638 7.6935 23.9034 5.632 18.3463 20.5819 
34.8312 21.6703 17.5522 8.3004 18.0513 13.7709 31.584 12.5723 8.0175 31.576 27.8916 18.9393 21.8728 22.1309 13.1774 
7.3669 1.4122 16.9095 17.8328 7.7335 10.0578 3.4746 15.5912 23.0403 10.1591 16.2228 32.5696 16.8603 9.1568 16.7132 
29.0812 26.9015 12.4088 21.9107 29.5971 19.5446 36.7032 20.2127 19.412 31.4976 14.3013 12.3352 11.7869 35.8596 36.7825 
37.4935 31.3118 15.5931 22.6343 25.935 20.8142 32.3352 22.2531 19.0565 28.5557 16.7256 10.6811 14.1936 30.5886 39.9916 
1.9479 10.5063 24.6719 27.4087 19.9876 19.6438 8.0132 27.2454 38.0071 2.9137 21.2793 43.8395 20.3991 17.9241 26.6636 
30.8782 26.9792 9.7062 13.2649 22.2818 15.8379 27.9925 12.3998 12.4977 35.5721 16.2392 6.8744 13.1248 27.7675 23.6068 
14.0139 7.1889 7.3454 16.5331 9.0787 5.7468 11.3335 10.0392 17.8045 15.7879 9.2179 28.0362 8.6077 12.5905 16.9717 
16.6959 9.3894 6.2093 8.5958 7.9099 1.7671 16.1782 4.187 12.9933 19.273 12.0218 24.6174 9.2564 15.4347 14.5983 
21.193 14.1459 7.8864 4.3502 9.5109 4.4965 21.7595 0.8015 8.3508 21.8131 15.8764 19.1066 10.6743 15.9286 14.8517 
21.336 8.3104 14.1439 10.5988 3.3971 7.2278 11.7009 8.9619 18.3047 23.0311 17.5614 26.3685 16.749 5.1245 7.226 
20.9833 13.6422 0.9694 13.8699 13.5314 9.0043 19.2601 8.5089 14.9818 19.6937 7.0206 20.097 3.8657 19.0922 20.45 
24.5109 17.1262 21.8261 11.8534 14.464 14.2161 24.2772 17.0398 14.9068 29.3885 33.8002 33.5838 30.3833 10.0837 1.7621 
29.7235 19.5507 20.216 9.281 15.4708 15.9885 27.5402 12.1628 11.151 37.4384 28.7108 21.2277 25.2497 15.8911 10.6244 
8.1403 2.3576 16.0147 18.5161 6.6577 13.182 3.6537 15.5971 26.09 12.6104 17.8086 29.7671 17.0412 7.7115 18.5275 
38.4749 32.7855 17.6915 18.8397 29.4521 21.8133 31.6973 18.6208 14.439 36.6663 25.6274 0.6215 17.3103 38.0913 31.2785 
16.8475 11.8517 4.5641 15.8531 11.9974 8.1814 17.4926 10.0337 16.9912 15.6746 6.4073 21.8369 4.3101 17.8601 22.9467 
35.261 28.4717 13.9628 13.1413 25.6686 21.5441 35.3635 12.6064 9.0542 33.835 26.8151 5.5075 22.1741 32.522 27.6557 
26.8675 20.8601 22.723 11.9138 17.5499 16.914 27.5677 15.4488 13.8451 37.44 33.2344 30.4025 27.2501 14.0021 6.6807 
23.4614 13.8439 16.1458 8.6425 9.9395 11.3102 16.961 13.1719 12.953 28.9685 22.9901 26.625 23.0839 9.41 2.8936 
26.178 14.9118 14.3844 5.3543 8.2489 9.9857 17.9323 9.8124 11.8036 30.2135 24.8083 23.2778 20.8421 11.0336 7.3408 
26.5605 20.6512 25.9168 12.3817 13.2822 15.1724 25.4805 19.3524 18.5949 26.8187 27.1091 33.652 28.9519 10.4817 2.2886 
29.8956 22.5534 21.3772 8.4282 18.3745 16.9172 30.531 14.5898 12.2257 32.1717 30.3041 23.7053 23.648 18.077 8.3052 
9.0698 4.1248 13.4616 20.069 9.3309 12.0569 6.8777 16.7633 26.2991 8.7122 11.6975 35.365 13.5122 11.4072 23.8463 
2.8095 11.2628 20.5208 32.3899 19.961 19.4572 8.9986 22.3097 38.3584 2.5261 18.1299 42.456 19.181 19.3475 26.5778 
24.9415 19.8089 4.1617 10.6858 18.2043 8.7459 25.67 5.6302 10.5665 28.2444 14.8988 12.1859 9.018 22.8015 19.241 
19.5714 10.2274 15.9625 10.7606 3.59 7.1446 14.2423 9.2576 14.4609 23.6312 23.0345 31.8306 18.3388 5.7929 7.4975 
18.8146 8.8653 7.5774 9.7362 6.6625 2.0357 13.8297 5.1629 14.8306 15.9525 12.0735 20.5388 8.7022 12.551 14.5696 
20.2253 11.5433 6.0217 7.3016 8.2424 2.2056 14.6607 3.0202 14.0698 20.5347 13.9681 21.0446 10.0924 14.2712 13.4111 
38.1886 30.1349 19.7179 8.4872 24.3499 16.8887 36.5058 11.5559 4.4186 39.558 26.1276 14.1019 19.9541 24.8339 21.3842 
16.0278 9.4238 8.1412 17.1465 10.4577 7.389 14.6787 9.9153 21.2824 14.6421 7.6585 25.2206 5.8335 14.324 24.1909 
38.2417 26.8617 13.1749 12.5792 25.8864 17.9545 32.4272 14.6368 11.883 37.9752 19.6347 5.6015 14.4857 31.7693 29.6267 
26.7663 26.8627 10.5777 23.1163 22.7895 19.3246 29.093 17.6717 26.1516 23.1792 8.8541 17.3462 8.4442 33.0998 32.2719 
19.1004 16.8093 8.9858 21.4961 19.5511 14.101 24.3359 18.0059 23.2365 18.6024 4.1923 23.1822 5.1721 25.1099 30.3561 
26.4904 15.3873 7.2685 4.8463 13.9853 7.6786 19.8335 2.6461 7.6092 22.5582 14.5262 14.4933 13.2706 17.3801 17.0548 
26.9853 23.1952 14.5969 28.3583 27.5019 20.5389 30.3775 23.7183 25.9331 20.4954 10.2818 27.7957 11.8863 30.0009 33.9029 
10.8894 3.4717 10.1312 14.9538 5.7182 7.2053 7.5147 10.9484 18.9697 12.096 14.2348 32.2824 13.5775 10.0405 17.8499 
33.3152 25.9012 18.6753 8.3894 23.1521 16.3812 28.6165 13.6508 3.7587 40.3775 31.3492 14.1232 22.6152 28.4607 17.9203 
28.0199 23.3317 13.7373 24.6143 27.8152 20.2973 28.9398 20.4756 30.8468 27.1009 11.2777 24.1164 10.8861 29.1144 36.7131 
24.9957 21.3702 5.0577 14.5947 19.4809 11.1596 26.4559 11.5327 15.4858 23.1278 10.046 16.9475 5.0608 21.0439 23.7663 
9.4264 0.6794 15.4138 16.0575 5.5084 9.7197 5.2663 12.9081 24.4804 12.1121 16.6753 27.2528 15.9912 9.4701 15.1647 
24.8509 18.8301 18.8097 8.4901 11.6603 12.4848 22.8007 14.2391 13.8854 29.8741 24.325 29.4718 21.7995 9.1281 3.3461 
31.5758 27.0382 13.6225 16.5913 25.208 19.0345 30.2713 13.9074 13.9419 37.6386 21.1151 3.257 19.5081 32.4739 25.8078 
29.0619 22.5791 16.4493 4.1753 13.6577 11.0076 27.4348 9.0565 6.0621 34.7799 25.9996 20.7199 20.296 16.7544 11.7057 
27.4804 18.485 11.1415 3.0223 13.9147 8.85 22.7756 4.1233 4.9814 30.8273 20.3047 14.519 16.2911 15.5736 16.8802 
27.6449 19.7074 6.2745 9.509 17.2608 11.5648 25.7093 6.8959 9.8191 25.6584 14.7911 12.0682 10.6945 23.1039 22.879 
9.368 1.912 18.0698 16.9769 5.8035 11.1065 4.7153 15.094 24.8284 14.0291 15.8443 34.0918 16.4858 6.9113 14.8604 
6.1927 3.6022 16.2496 18.6343 8.4766 13.1537 3.4529 18.2734 24.028 7.2298 16.3049 32.1397 14.3042 12.7221 19.5375 
14.41 7.3582 8.9001 17.4169 11.1653 8.3451 12.559 11.7015 23.1945 13.1883 6.3233 28.6224 7.2466 17.192 21.0971 
24.168 18.0686 18.9713 6.892 10.0366 12.2901 18.8424 10.3179 14.2563 24.8628 24.6482 30.0292 22.3896 12.6652 4.6755 
26.843 19.4956 5.1555 13.741 19.1561 9.7246 24.201 9.6409 14.0301 28.1637 10.5143 13.2276 7.3941 20.7808 20.9662 
47.1354 32.7039 20.5863 17.8042 27.8111 26.4176 39.1769 18.7921 16.7136 46.608 26.1719 4.4111 26.6602 38.5608 36.9613 
32.0004 29.7379 17.2752 25.2654 25.8722 21.6601 34.1237 19.7624 20.5588 36.8046 18.6056 11.2809 13.9934 36.7492 32.4862 
20.9985 8.6686 11.8673 8.8087 5.5962 2.9663 13.1294 5.1448 13.4748 21.2829 16.674 21.8844 13.9846 8.7087 10.964 
24.0455 17.4612 4.73 7.3078 15.4084 7.6236 22.8869 3.4823 9.1362 27.6835 14.342 16.7591 10.516 18.7179 17.6276 
29.7545 26.4548 12.2548 24.0919 29.1717 18.2617 32.7909 20.7083 24.4923 29.6823 14.5749 15.1284 13.021 34.2591 34.8265 
3.5013 7.078 16.916 22.7247 13.1515 14.6077 4.1062 21.4327 29.129 5.3063 15.3658 35.7256 18.0239 16.8025 23.1537 
11.6227 5.7336 10.0085 20.1794 8.4942 9.6007 10.4684 14.1378 22.5133 11.5599 9.9326 26.5191 11.0574 14.4449 21.8997 
30.8904 21.8291 23.5706 12.636 13.3658 18.1723 22.0928 16.3376 20.5052 34.977 28.8227 28.3969 26.0464 9.8385 2.5054 
23.2785 11.6312 14.2779 6.837 5.4009 5.9859 15.8411 6.866 13.2871 21.7162 19.5796 23.4753 18.3901 8.9602 8.5139 
14.7147 11.0796 8.5708 16.4592 13.822 10.229 12.4695 13.7522 20.0185 14.0141 5.147 29.2055 5.464 20.1303 22.1318 
26.4544 21.4866 8.5226 18.0276 18.6624 16.6797 22.5367 16.6496 23.2864 20.0647 4.9958 20.0712 3.9787 29.9166 25.9809 
15.1555 8.8585 8.8809 19.5032 12.3987 8.7104 11.2424 14.4456 22.183 10.7505 6.5562 27.7759 6.0986 15.8386 25.7684 
42.4182 36.3322 23.0824 16.549 24.8896 20.6875 38.4066 20.9133 8.8152 45.9817 28.6409 8.8416 26.6705 34.4276 23.4371 
4.0521 5.7803 16.889 22.351 12.3435 13.2759 3.6825 17.0876 26.1337 5.7318 16.2652 39.2619 17.9044 13.9862 22.8188 
16.933 10.8353 3.7449 12.4262 10.2824 5.3178 17.6943 7.0632 13.3037 16.5797 8.9926 22.7879 5.6741 16.9045 17.4965 
10.8321 10.4877 12.5176 27.2751 18.857 15.7692 12.5755 20.6175 26.2562 7.9863 7.9196 35.4151 10.2838 23.3416 27.8476 
30.6666 21.1176 22.8334 11.5086 15.091 13.9662 24.2385 14.9318 13.32 35.6588 28.3578 30.3128 30.0415 13.6831 7.1184 
12.683 13.5074 10.4606 23.7956 17.6528 14.8191 14.3781 16.3557 22.6935 10.3318 4.3538 26.4398 7.9015 18.4347 24.0165 
11.3147 11.3146 12.306 22.814 15.1496 14.9106 11.2471 18.6732 24.754 8.0433 7.8243 34.6853 9.8955 21.1985 29.082 
33.3412 23.2103 16.117 8.642 22.515 17.0778 27.4647 13.8107 4.1154 34.7829 26.9008 9.7179 22.587 23.7491 23.1302 
8.8964 5.1063 21.0088 20.1476 8.6514 12.9273 2.0244 17.2401 27.4034 10.1313 20.5957 37.4249 20.8805 8.6707 20.0939 
11.1808 5.8756 13.3981 16.6293 10.355 8.5065 8.249 11.7455 20.3214 11.1155 9.6358 25.8788 10.3824 15.3981 21.1308 
22.5889 17.6304 16.4715 26.7859 22.6169 17.546 23.7721 20.699 31.7872 14.7194 5.3121 27.0938 10.9342 31.9908 33.7042 
28.7627 16.2081 20.1444 9.0666 14.0283 14.4284 19.8819 12.3243 12.2092 27.996 31.001 26.8376 26.4744 14.4488 4.9616 
24.6959 13.6828 17.7903 9.2657 5.7789 7.7251 15.0773 9.1149 16.4567 23.6983 21.4754 30.6364 21.2749 7.8962 5.6271 
38.8453 29.7866 15.8383 11.8501 22.7033 17.8897 33.7816 13.5658 7.4023 39.8703 23.4271 9.4197 24.5622 24.5075 22.3456 
27.4391 20.361 8.0529 6.5843 17.9064 10.7046 24.7357 5.9896 6.3465 27.4528 17.7948 12.7913 10.7912 22.7464 20.3202 
40.9793 31.0666 17.8865 9.7387 24.5497 17.0712 33.8956 12.4739 4.9827 41.7146 23.9102 9.2152 21.8033 25.9614 24.6425 
35.8853 26.1182 12.5376 10.3816 19.4036 16.7747 28.5724 11.5908 9.0676 28.9786 17.8715 8.1236 16.8022 23.7333 24.2564 
24.2003 15.0989 5.7481 18.3872 18.4772 12.4755 19.2081 11.7587 21.4373 20.0636 4.0612 20.433 1.3966 22.8694 28.0594 
34.7774 27.6596 13.7987 25.8655 24.2682 23.0447 28.6362 20.3573 22.907 33.8953 13.7356 13.5527 12.0302 35.7101 35.9683 
30.7266 23.2037 11.5305 12.5035 22.6654 17.7333 29.5067 13.0272 11.9375 28.5537 15.2105 6.6856 12.6327 29.4812 25.8182 
8.4448 3.049 14.7172 16.933 8.5871 10.0705 6.5004 13.0528 21.9309 9.8002 11.3788 33.9371 12.0474 12.9302 18.9824 
29.4877 23.7983 18.5277 26.2593 26.2624 21.9519 31.7451 21.9061 30.9735 25.4753 10.7586 26.6986 13.3286 34.8775 40.6519 
37.3689 29.909 14.1766 22.5051 26.2431 22.4957 31.8076 17.0377 16.477 40.7714 20.7238 5.5962 15.3357 31.8392 33.4441 
32.1944 29.1257 9.5335 19.6079 23.1202 17.4147 33.156 12.5643 17.2802 31.8709 15.096 8.6095 12.2032 33.2717 28.6824 
7.4474 9.2398 13.1631 25.3382 16.3121 13.8946 10.1705 20.4335 27.5542 5.3961 10.2466 34.162 12.6049 17.0555 25.8873 
33.6576 21.3249 17.4406 4.3407 15.2114 12.7173 26.3113 9.882 6.8644 33.5121 27.1825 22.2962 20.6472 16.7016 11.4122 
24.8576 15.0055 0.1354 12.099 12.5244 7.5397 22.5271 7.4305 14.2044 23.706 8.3211 15.2857 5.4525 19.7537 20.2787 
20.5469 9.2196 16.4267 11.471 2.9861 7.762 14.2911 12.3956 16.9699 23.736 19.4801 27.6316 17.7986 3.7025 7.67 
35.1261 20.4235 24.5411 10.6214 14.6268 16.9425 26.3156 13.5334 11.1406 31.9099 26.9745 29.0755 29.8364 17.6795 7.2248 
18.9896 9.8156 12.4985 8.6637 3.7878 4.8939 16.5402 6.572 14.0259 23.1373 19.1653 23.4709 16.9962 9.2735 8.8956 
8.8266 10.1776 16.5532 20.7096 13.982 12.4337 9.7242 19.2851 29.8289 6.738 10.3675 34.8673 11.1155 20.1803 27.8566 
21.6533 10.7302 16.8679 10.4353 6.4608 10.0878 14.2739 10.0882 13.9419 21.2881 22.9886 31.1463 20.2353 5.982 5.025 
27.1863 18.3344 15.755 3.4036 12.8986 11.4147 27.2937 8.6959 6.2454 29.3624 21.2206 20.5133 22.5637 14.8399 10.8183 
20.9528 22.8525 14.9547 24.6643 29.4038 22.9356 23.1337 20.538 27.2982 22.0334 8.2548 23.032 11.7813 35.0291 34.7984 
5.0067 9.8032 19.5631 28.0001 16.5901 18.7047 9.2511 20.3516 32.4263 3.3807 11.1847 31.8273 16.916 20.9681 24.0508 
35.9687 28.9196 12.3764 16.7513 29.3039 17.0117 32.8421 14.6654 16.8543 30.8528 14.9408 9.6246 13.9039 35.9052 36.1454 
6.8112 2.216 14.0484 18.4665 7.8728 12.6202 3.8575 16.1789 27.5257 10.1122 16.8227 31.916 14.7496 11.4106 18.1215 
35.2715 27.2749 16.9995 23.8949 33.3433 21.4586 30.4784 21.947 21.3002 37.7996 18.3148 12.4742 13.3464 39.2647 37.36 
9.17 13.2219 17.4317 25.0663 16.6282 17.0854 11.5109 23.8104 35.2833 5.8418 11.8494 35.1329 13.5217 22.4538 27.8493 
17.433 7.8235 12.9105 10.3357 2.6297 4.9917 11.2777 8.7734 14.5386 19.3072 16.9399 23.2436 14.2843 8.0182 12.3579 
15.4801 11.0705 6.3947 15.8569 11.9001 6.2101 16.0531 9.6611 17.1808 13.524 7.516 24.9099 5.7474 15.688 19.239 
29.702 31.377 14.6469 21.0873 25.3136 23.495 35.8142 16.2428 19.87 28.5378 13.2434 12.4156 12.276 35.1965 34.1384 
32.1173 22.1613 14.0417 10.4206 21.0414 14.3214 32.4371 10.0202 5.6333 35.5524 18.8086 9.6761 17.2923 26.7548 22.7828 
17.3731 11.8099 2.5422 11.8968 10.4605 6.2843 15.4456 5.988 13.8576 18.1757 9.7624 21.5031 5.351 16.9471 20.2325 
10.8294 5.9753 9.3753 14.7596 7.9227 6.5928 8.8129 12.4331 19.9814 13.6012 10.2811 26.0101 10.2032 14.2678 21.5375 
22.7322 16.364 16.1324 5.0832 8.2699 7.9988 19.9969 6.9082 10.8785 27.76 23.478 26.1142 15.8662 12.3184 7.5572 
5.7964 3.9904 20.001 19.4299 8.7724 15.2356 1.9623 19.3706 28.5967 7.7267 16.3114 38.5593 17.8535 12.7284 19.7464 
9.8564 2.7519 19.8973 19.0595 6.7087 11.773 3.2772 17.6961 25.9769 10.3465 19.0517 32.5341 16.4133 8.3984 17.3552 
27.9646 20.1317 6.8408 16.367 19.5237 14.2635 24.2949 10.2195 14.2252 27.9944 10.1047 12.4923 6.9738 28.0093 30.6989 
19.2291 15.0765 4.6134 16.0593 16.3013 12.2357 18.5977 11.99 18.6641 21.1123 4.4143 22.1276 0.627 23.8418 22.4601 
17.3513 17.7926 15.4276 28.1691 19.8575 16.4273 19.317 22.3843 25.2929 16.6518 5.1352 24.2891 9.3775 24.2695 32.2601 
17.9308 9.6988 8.319 7.3952 5.7249 1.9071 12.7913 5.9753 12.3637 20.4914 17.338 24.4347 12.8132 9.0457 13.4648 
36.124 22.1829 10.3258 17.3335 25.6317 20.4217 33.4226 15.1117 17.0185 27.3097 12.9201 11.6001 10.1093 34.4328 31.8004 
28.8326 27.7114 18.9695 32.3228 28.9029 27.8475 37.9911 29.0961 27.1646 28.1932 15.3267 27.8178 16.345 40.3131 43.1054 
21.0916 17.7359 13.9872 22.9197 20.7836 16.7401 19.4414 20.3713 28.8639 17.6577 4.8624 25.3114 10.3238 31.0217 33.4813 
11.5364 8.5544 10.2099 18.7921 11.0729 8.5549 11.8776 14.2866 20.2591 11.7441 8.5328 28.3461 8.0627 17.2006 23.4983 
28.823 22.0154 21.5299 9.5134 12.5303 15.0368 21.4016 14.5863 11.4249 34.3621 24.9988 22.86 24.663 14.2695 6.7116 
12.6959 10.2022 11.6394 22.9571 14.5269 13.3728 11.6622 15.0532 23.9572 9.1695 7.4175 26.0022 8.4144 20.0814 27.5085 
15.8431 14.7505 14.5998 27.1222 21.9929 19.8454 18.2348 21.2233 27.3179 10.9283 5.3673 28.0111 10.3847 21.841 32.4809 
38.0618 27.7845 16.7362 14.7838 27.3367 22.6206 35.9226 16.9994 9.6653 34.5802 23.5102 6.6764 20.7762 31.6267 29.8061 
26.5012 23.4582 7.0083 14.6452 20.528 12.055 27.6344 10.1943 17.3682 29.8276 11.107 12.8611 7.5352 28.1458 24.2756 
26.277 20.1917 10.1167 23.2355 23.1372 16.5777 25.4276 19.728 23.7316 25.3128 6.7431 19.8303 7.95 26.7334 28.4025 
20.5071 11.4824 15.5873 10.6353 4.444 7.7659 16.3576 10.4065 15.0964 23.2061 20.1796 28.233 19.1625 5.8318 8.2292 
39.074 31.6419 11.9214 20.4013 26.5709 20.4707 32.8138 16.3984 17.413 36.8249 19.9697 8.1171 16.6172 35.3337 36.9444 
9.9941 11.4852 13.9723 22.809 16.2104 14.6521 10.3656 16.3526 29.4521 5.5832 9.2099 31.9132 13.6101 19.3841 29.2749 
16.3903 10.4217 4.9241 15.1406 11.7582 7.7163 14.0877 9.7669 20.2461 17.74 5.7239 24.012 3.5793 19.1554 24.5323 
6.6952 2.6052 16.7069 22.8811 8.4335 12.2778 3.2312 18.7632 22.6174 10.2918 17.8562 30.3722 14.6271 11.0213 18.0343 
3.8009 10.6514 17.5425 28.2684 16.4101 17.3296 7.3202 21.1521 34.0819 1.7309 15.5588 34.6615 18.4211 17.5164 28.8413 
8.1442 5.968 11.8455 19.8831 10.8277 12.9694 7.5826 16.4354 22.3862 7.5346 10.3614 28.9091 13.4895 16.1361 21.1444 
37.0181 26.822 16.1004 26.6807 26.7176 24.7592 29.7008 24.7627 25.8165 32.2353 15.7861 15.9145 15.7019 36.3889 37.3534 
21.4881 11.5166 2.1093 13.5888 12.8087 6.2134 16.1441 7.5261 14.8567 17.689 8.6517 20.5042 3.9557 17.7119 21.2033 
33.076 26.9172 13.7465 24.5262 28.6626 21.2588 31.6907 22.0379 29.4082 22.5573 12.1706 19.5345 13.9838 32.5539 37.1103 
23.3595 14.0061 4.9586 17.9143 16.5094 10.9673 19.3947 12.4752 17.8442 20.1482 4.749 19.19 1.1034 22.4134 28.7227 
43.3149 38.7498 23.7762 20.6294 33.8922 24.1442 35.2161 19.439 12.2504 47.6044 28.8762 7.1917 23.7649 34.6339 25.8309 
16.6732 15.7888 11.2959 22.0223 17.031 16.87 16.8927 18.1333 25.2841 12.0012 3.6739 26.4219 7.5879 21.7749 29.9034 
8.6218 9.2783 12.804 23.2063 13.815 14.7523 12.5964 18.082 30.7125 7.9624 9.4226 34.5452 10.7262 21.7118 25.3247 
10.2852 1.6625 14.6644 17.0305 3.9551 8.9932 7.3924 12.0048 21.0645 12.7316 16.5885 29.8838 12.9978 7.042 13.6839 
20.0136 13.032 5.1094 15.9917 13.5574 9.5767 15.3841 10.5205 18.6451 14.2891 4.2628 23.1319 2.5251 21.6751 21.7781 
27.6712 28.4374 12.0071 20.344 28.7934 20.6759 34.0425 18.4552 22.219 24.7237 13.2531 14.9965 9.6692 27.7888 35.2653 
25.615 24.0562 12.2406 20.3762 25.341 15.5612 26.458 19.7667 21.4318 23.1416 5.0693 24.1885 6.6468 25.9312 35.6479 
23.8263 13.898 22.9193 13.5706 10.1362 11.2392 15.9837 14.7008 17.4339 24.0201 26.0986 29.2096 23.2932 7.169 2.6881 
32.3664 22.3328 19.4239 8.7806 18.854 15.299 26.0208 13.1601 8.8438 37.3885 28.0304 20.0856 23.6666 19.9838 12.1067 
29.9191 17.1912 12.2642 2.1941 14.7296 9.8769 25.5548 7.345 4.2081 30.7958 20.6138 15.4561 20.2961 18.5658 13.4651 
14.5024 14.9676 14.4301 26.6184 16.1118 16.9707 15.6404 16.7423 26.8999 10.4956 4.9574 25.7384 9.1563 19.6747 32.2966 
32.9208 30.0854 17.9272 9.8523 21.8061 17.6161 30.3243 11.2421 3.7954 38.0012 27.8001 12.6357 19.5369 22.7944 18.8945 
21.2625 16.9316 9.902 23.28 19.054 15.7141 22.0787 14.0493 21.5727 16.0134 0.804 23.4307 4.0811 25.5558 25.1664 
20.6678 8.4761 14.3264 8.5493 4.1341 5.3594 12.9453 7.7384 15.6517 23.0034 21.2227 25.8775 18.2483 7.2102 8.0618 
15.2377 8.7319 5.3824 14.54 9.7049 5.9754 12.4349 9.5003 19.4158 13.6849 7.6935 23.0271 6.0717 18.2218 20.3505 
33.0625 24.7036 18.9002 6.5485 17.2097 14.0832 29.17 12.5194 7.8692 34.0042 26.9557 19.4783 26.6144 17.5372 11.4364 
8.3382 1.481 17.5428 19.8501 7.47 11.4992 3.5804 13.8275 26.392 10.8219 15.8274 31.9368 18.847 8.3276 17.1027 
31.8578 31.6901 12.9522 20.2091 31.4858 21.563 37.2594 21.1859 20.752 35.1909 16.5658 12.6134 11.8496 34.9631 39.2904 
32.8721 32.7196 13.9956 20.4145 28.4702 22.1574 33.2084 17.6973 20.6589 32.1205 17.8975 12.9791 15.0246 37.9451 33.3247 
2.0848 13.0694 19.7757 26.7792 17.8504 23.0761 7.9503 26.1172 34.9755 3.1249 17.4505 44.1077 18.3358 21.1355 30.4248 
28.456 22.485 10.1502 12.1746 22.8095 14.486 29.2432 11.2839 10.1689 27.1274 19.2023 7.7189 12.2309 28.4527 23.973 
16.4303 7.9381 7.4339 14.5669 8.9548 5.6209 10.639 10.0555 18.6947 14.305 8.0859 24.6245 8.1293 15.5919 18.3559 
19.5004 10.4959 5.3543 8.0995 8.8317 1.8069 14.3901 4.4048 14.1642 16.7923 13.7965 22.3879 8.4486 14.2613 14.7426 
21.6373 15.3309 6.8271 5.6692 9.7851 4.7755 19.2855 0.8664 8.8042 20.6705 13.9602 19.1755 13.7168 16.3197 17.2271 
16.9623 10.3581 14.6882 9.797 3.615 6.9868 15.138 10.8472 15.3738 23.3671 18.3922 30.3238 17.9051 6.2245 9.2115 
21.0509 16.5291 1.1591 12.0131 13.5066 9.1152 17.2015 7.5678 13.3226 19.1594 8.7598 17.9488 3.7129 21.5972 23.5281 
30.1789 17.18 24.7179 13.8568 14.1254 14.794 24.8327 14.28 18.5674 31.741 28.298 30.6584 22.9442 12.4097 2.0768 
35.4389 24.4079 22.4804 7.8056 14.4252 17.2521 23.3493 15.678 8.897 33.3509 25.7986 26.7751 27.2218 16.3678 10.4568 
9.9615 2.3108 18.1983 21.5802 7.057 11.1148 3.542 13.8151 22.4617 12.4315 19.5995 35.3886 19.7867 7.0676 18.6432 
40.5311 34.731 15.5732 18.4271 32.1474 20.8864 36.3835 17.1829 15.5099 41.4132 22.9422 0.7398 17.9082 30.6852 27.6327 
15.085 10.3948 5.3393 14.2716 10.3937 7.2289 13.7786 8.1844 20.2111 17.1292 7.0486 20.0758 4.9265 19.5241 19.2513 
32.5715 25.6058 17.2488 14.6517 23.339 17.0179 32.007 12.9138 9.0737 37.8795 22.8663 5.8387 18.2979 26.9447 26.2858 
30.9163 20.3748 25.2205 11.0498 16.3711 17.6553 28.0491 14.831 15.4349 32.4034 30.1308 29.0562 26.8026 14.6893 6.1263 
21.1603 15.3009 20.811 11.0366 8.2044 12.4806 18.6981 12.9857 12.9826 28.5666 27.411 27.0015 23.9022 9.2737 3.0291 
24.1704 13.36 15.2647 5.924 10.798 8.5862 17.9095 8.097 11.522 23.0986 24.6255 22.8373 17.2733 12.4311 6.6935 
25.6119 18.7191 25.4492 14.3253 15.3875 16.4243 24.4353 16.8395 19.122 34.7798 28.5409 29.5892 30.1991 12.5434 2.7045 
32.2533 19.878 19.82 8.1569 17.4059 16.9825 26.7579 14.8389 10.3244 37.7702 28.2296 25.2695 26.8819 16.6899 8.4699 
8.8739 4.2084 11.8332 17.4394 10.9062 9.7805 6.478 13.335 26.1379 8.2834 13.7538 34.9057 12.9463 14.5193 21.982 
2.8654 12.2042 22.9246 26.7269 19.722 18.1823 8.5956 28.235 29.4599 2.5839 20.928 39.2009 18.8909 18.5246 29.4304 
28.4252 17.1598 3.9571 8.5971 14.3148 9.9352 26.4788 5.1507 9.6709 22.6536 11.4373 13.7951 7.7958 19.9717 22.8817 
16.5023 10.0419 14.072 9.9488 3.4834 8.2386 14.1316 10.3806 14.8035 20.7477 21.3547 26.0979 18.501 4.9171 7.1153 
16.7362 8.4077 7.1483 9.2156 7.3259 1.9985 12.0179 6.6169 13.7619 19.3564 10.6383 24.5545 9.9329 12.9749 16.2886 
18.2609 12.2177 6.698 8.793 9.2501 1.9847 16.9532 2.7429 11.0722 18.8176 12.3119 22.5193 10.3874 13.6354 15.4641 
36.639 26.0039 15.8831 10.8334 24.128 18.9972 33.0685 11.5905 4.0208 35.6043 27.8155 15.374 24.8993 25.936 18.0368 
16.0196 9.4597 8.1345 16.7868 9.6545 7.89 11.9461 11.1978 19.0672 12.3312 7.2054 23.4697 6.8725 16.5738 18.9821 
32.3929 24.7498 12.6834 12.9214 22.7609 15.6424 31.3208 14.5258 11.8463 30.1407 21.999 5.5371 16.2112 25.6086 25.5978 
31.1248 21.8621 13.1271 20.3103 25.8696 16.5848 26.1299 16.2271 20.4726 25.844 9.7824 20.3167 9.701 34.1452 31.6996 
19.3799 19.8601 9.0514 23.6364 22.8106 13.8821 24.0917 16.0032 25.8392 21.8246 4.3127 20.7895 4.9403 27.9275 29.9718 
26.7206 17.7781 6.9134 4.7967 11.7373 8.3851 23.3818 3.238 7.9173 26.4507 14.6737 15.605 13.5941 18.7598 15.6168 
24.7581 26.1258 16.2575 28.3014 26.791 21.2145 27.7976 24.656 28.7508 21.8423 9.7646 24.1314 11.6103 36.5541 38.9809 
13.0926 3.8733 11.25 16.58 5.2684 7.0254 8.9183 12.2158 22.5677 12.6147 11.7395 30.8646 10.6378 8.9909 14.3852 
37.3946 25.2821 20.33 9.86 22.4193 18.3431 31.6181 12.7461 4.4967 36.3419 29.954 16.6736 23.1825 22.5913 16.7046 
31.8572 24.1602 14.1836 26.8742 30.6626 21.1439 31.7564 23.3928 25.9144 23.0704 9.4094 20.6491 10.4375 31.4496 35.1475 
26.252 20.2186 4.8764 15.9479 21.3252 13.3716 22.5143 11.9051 17.4596 26.1199 8.723 16.1862 4.8825 25.3625 22.7363 
9.174 0.5429 14.805 18.0508 5.9706 8.1828 5.5643 12.5093 25.881 12.7441 14.6877 30.673 13.4841 8.9162 15.7869 
25.2063 16.2448 21.0553 9.7387 9.2457 13.9775 22.964 13.6028 12.7223 24.5247 29.2737 31.9332 23.1562 9.9403 3.5543 
37.771 32.4823 15.7264 17.6153 25.3135 20.5814 31.6783 15.3166 14.0221 34.7931 20.7131 2.5375 18.2923 30.1111 26.1002 
31.0371 21.714 14.5929 3.7464 12.7803 11.8636 26.7376 10.4666 5.8067 32.4763 27.6406 20.7796 20.8035 15.5856 9.7658 
31.3725 15.9064 10.1088 2.481 12.1351 8.8102 21.6275 4.5212 5.0632 29.1579 16.4695 17.1335 15.2967 15.7615 16.4086 
30.0539 20.411 5.4737 12.099 18.8725 10.4564 27.8505 7.0617 9.4725 27.9895 13.1241 12.735 10.3203 22.4024 25.7177 
10.2378 1.6077 14.2868 19.6996 5.2531 9.787 5.6512 14.8081 20.2596 14.0586 17.1426 34.1198 18.8497 6.4097 15.609 
6.629 3.6548 18.0189 23.5233 9.8173 14.4156 2.9657 18.4029 29.2204 6.863 14.3267 31.2887 16.299 11.7078 22.2949 
14.3794 8.7141 9.2256 17.8236 9.9951 7.3496 12.6106 12.8591 20.8232 11.5991 7.6309 27.8529 7.901 17.9321 22.5566 
24.3793 15.5149 20.5462 8.8113 9.9586 12.6831 21.3599 12.9008 11.5362 25.8831 24.6482 26.0436 25.0735 11.9185 4.6462 
28.8142 20.4682 4.4167 10.8609 16.4253 9.8344 26.2375 8.1088 11.3815 27.0116 10.5519 12.2844 7.2956 24.2265 21.2692 
43.6034 35.753 20.088 21.7742 30.991 22.1091 41.0617 21.0621 13.4872 46.7307 26.1387 4.9701 23.3286 30.96 31.059 
39.0537 30.7028 15.3143 23.6868 26.3771 23.8194 32.7297 18.8205 22.2071 30.16 18.7569 11.1863 17.641 30.7171 38.6168 
18.5229 9.319 10.3119 7.4177 4.6013 2.5453 13.041 5.3514 11.8088 22.9919 17.2721 20.9167 12.1508 8.9114 11.5235 
26.5305 18.6599 4.8766 6.9689 13.9897 7.0495 23.9317 3.4831 9.947 22.6657 14.8038 14.6979 10.8093 19.4865 19.7636 
27.7122 25.375 12.0267 24.2425 27.3441 19.7035 26.9618 21.2922 23.2699 26.1154 13.2894 13.2352 13.272 36.9539 32.586 
4.0054 6.537 16.5793 21.2729 13.7409 14.7823 4.5396 18.0677 30.9516 4.7581 16.3573 40.7584 17.2737 15.5588 23.6767 
10.1397 6.218 11.7687 15.2662 8.2415 9.4428 9.2557 13.6371 19.2715 10.5756 10.5891 27.5954 9.3369 15.7085 18.1102 
24.2348 18.6241 25.4158 14.668 11.7824 17.4809 23.0012 19.4381 19.5408 32.2615 31.1354 29.2125 26.6394 10.8864 2.0254 
21.4673 12.9459 11.7539 6.625 5.2327 5.994 16.2001 6.6364 13.6384 21.6703 16.7698 24.9514 18.7818 7.935 10.2115 
12.7927 11.4693 9.5764 17.6212 13.0848 11.579 15.956 13.1419 20.2414 11.9224 4.9133 23.9123 6.2969 19.159 26.776 
22.9244 18.4522 8.5815 22.2875 18.9475 13.6502 20.9961 14.7602 23.0196 24.0314 4.6131 17.2858 4.2667 27.2208 26.0831 
11.9241 8.5302 9.242 16.4036 11.0007 8.7447 11.2717 14.0396 24.713 11.078 5.2399 28.5025 7.7702 19.5167 23.2983 
42.7744 36.5554 23.5141 14.7385 28.8289 24.2383 35.3808 20.3425 10.5536 40.1909 33.3822 10.3735 23.2909 30.9017 30.655 
3.9993 5.545 15.8576 22.227 12.72 15.0384 4.4316 16.4811 30.6293 6.379 15.9559 35.7587 14.3123 14.9932 22.9798 
17.6956 11.9166 3.7927 11.3311 9.7651 5.305 14.32 6.785 14.3906 15.954 9.5068 19.4957 6.6245 14.5262 21.3001 
11.2525 13.3278 15.3854 27.2956 17.6354 16.9075 13.5148 16.8631 28.8555 8.996 8.1767 33.9039 10.5084 21.9561 24.0546 
27.7341 24.4786 21.3284 9.1063 14.6384 14.142 26.1948 15.1146 14.0974 30.0856 26.3073 29.7943 24.0859 13.9264 6.0937 
15.1606 12.4887 11.0387 18.9609 15.0491 13.737 14.7648 17.2276 25.9578 11.7167 4.9507 24.7934 8.0869 21.5351 29.6826 
12.3234 10.4029 12.1574 19.1186 13.4781 15.4124 11.6912 16.1505 25.7011 9.9223 7.7272 32.4551 10.9675 20.0707 29.8225 
36.8142 26.1628 15.405 8.5984 21.8482 16.8792 35.5742 11.637 4.2293 32.1869 27.5456 12.2451 20.8672 25.1156 18.8285 
6.9667 5.0375 19.9936 23.2051 9.3556 14.5249 2.1772 18.7345 25.7887 12.141 16.7629 40.2349 20.2285 8.3303 15.7045 
9.1535 4.8906 11.3374 18.0168 9.927 10.0067 9.2805 13.705 24.0126 11.3278 10.5711 26.2849 10.0044 12.6461 20.3192 
18.9719 19.772 12.9514 30.2959 22.6765 19.4682 21.5889 18.427 28.6783 18.6461 5.9439 26.4334 8.7581 24.855 29.0936 
EOF