I 150
J 15
bounds (0, 100)
cv 1.0
D 1
k 5
t 3
FLR 0.4
FCR 8
λbounds (80, 120)

λ 
116.2942 113.3371 84.5324 
80.6589 83.4879 108.7592 
101.9619 99.2282 105.2299 
114.9531 101.0882 91.7005 
108.8863 98.5465 111.5261 
89.7217 114.2624 89.065 
111.9008 83.3123 83.2713 
82.6197 81.7133 100.4882 
104.494 94.8757 98.1092 
98.3214 110.5422 100.7595 
84.2845 101.5803 89.3065 
116.9916 99.9935 98.1046 
82.9293 107.814 89.8323 
118.281 86.268 87.8958 
114.1528 92.67 112.7379 
85.8954 99.8483 82.0092 
93.0824 98.9722 90.2795 
109.5875 88.7182 98.1107 
81.2467 83.3257 108.2396 
103.7554 86.4771 104.0125 
95.4333 86.8388 118.3023 
119.2496 118.5639 98.5335 
81.4653 90.6375 118.1728 
105.846 80.7771 80.4978 
92.1139 106.0988 102.0914 
106.9884 109.435 115.9472 
105.3673 95.3464 89.6093 
113.2571 119.5718 88.8258 
83.0347 98.3096 82.078 
118.9793 96.6331 105.1046 
98.8649 114.2903 109.3483 
118.2589 90.5584 110.1429 
81.4087 94.391 88.6797 
93.925 119.0788 119.0511 
100.9728 118.3608 115.9737 
94.9565 85.5308 83.5834 
105.2458 85.2546 119.4124 
82.0414 119.3125 118.703 
92.1804 115.4917 117.508 
105.1108 109.1475 115.0647 
112.1999 99.5193 91.4564 
89.7399 89.9818 86.0844 
114.2544 101.9932 86.4321 
114.2277 109.7989 116.3001 
102.1564 85.7431 91.6493 
89.0256 93.3702 110.7885 
92.675 92.3317 80.9029 
105.0104 99.5256 119.2612 
111.664 96.7847 117.3754 
95.2893 108.9072 100.9722 
117.8097 111.4999 118.9324 
92.9274 82.5561 81.3299 
100.0898 90.5455 107.1208 
115.3972 113.9029 86.1182 
93.0574 102.047 107.9698 
94.8726 114.0944 118.543 
99.3394 89.4929 110.9429 
105.767 101.0991 86.0333 
91.77 95.6493 87.0344 
111.8127 88.866 110.2299 
113.4712 93.3797 114.2776 
101.0046 106.4579 110.075 
100.1509 115.6626 110.762 
80.7627 111.8614 87.719 
89.1704 86.9206 99.0267 
119.1934 110.1109 108.5996 
117.683 82.6278 85.7392 
117.9266 101.8452 93.3341 
89.1825 104.3413 110.1634 
119.7046 111.5474 89.0691 
86.2238 85.8484 81.8346 
83.4642 85.1005 107.041 
82.536 91.4951 107.7627 
91.0559 102.9938 117.6612 
119.4249 93.58 80.1354 
105.2411 85.4755 117.1346 
86.2156 115.1627 109.4055 
98.7585 114.7703 93.4213 
82.6636 114.0646 81.7781 
84.6272 91.2087 90.6054 
90.9999 116.3871 87.9118 
103.841 94.0744 116.1282 
86.4995 109.1503 109.385 
105.8088 118.1054 93.8939 
108.4394 107.3261 85.6036 
113.7098 92.9382 115.8762 
93.2837 118.2826 108.9162 
115.405 85.2216 98.1195 
95.2687 94.2939 98.3399 
91.493 102.0834 113.9719 
100.0653 101.832 106.1889 
104.6265 88.5608 114.6496 
85.5955 104.3192 83.5388 
81.7763 119.2069 118.1095 
107.5116 94.7775 82.3148 
89.2581 115.2046 82.0661 
105.9824 91.4762 112.5147 
112.061 89.9336 110.1969 
100.3378 118.8803 114.5406 
86.0975 114.8347 111.9326 
82.8104 100.4184 115.1043 
94.2116 102.6981 119.9629 
114.3487 113.0925 100.7029 
90.245 102.5346 111.8642 
83.3139 118.4875 82.8303 
104.2085 88.7879 83.5969 
89.1616 89.0212 105.369 
112.4998 99.4146 80.3831 
103.7816 94.494 91.2043 
104.9747 101.0998 114.948 
102.4101 89.8526 116.7652 
113.6236 96.4666 86.3447 
88.6652 84.5892 108.2176 
85.5494 98.4916 112.4933 
101.4621 92.4763 92.838 
81.0069 80.8615 103.7521 
108.6041 111.8859 93.3429 
91.8 116.4316 107.3989 
81.7143 105.3613 91.6989 
101.0967 83.8817 94.5909 
80.1511 95.6436 91.5272 
99.3181 99.1193 100.9166 
83.5139 119.7706 91.8756 
96.634 86.6148 112.088 
117.6896 83.3727 111.5123 
113.8505 102.4278 115.9264 
93.5051 94.8874 94.5494 
87.5841 92.7211 94.4896 
110.7301 107.6628 101.9639 
108.6509 119.8493 107.9977 
82.1542 93.5635 88.804 
117.005 119.741 87.7153 
93.9289 97.5571 101.1707 
108.4365 81.7713 115.4294 
115.3745 106.4725 92.8133 
81.4369 92.463 88.2307 
80.9906 101.476 87.8116 
107.7314 82.5388 86.8527 
115.6438 117.3377 87.8633 
94.2022 84.5161 97.5062 
92.1141 107.419 110.1493 
94.3759 93.2278 96.9145 
104.7421 96.2583 104.8512 
81.7471 91.9443 80.3116 
97.9186 109.7664 104.1811 
84.6706 119.4351 84.4402 
95.816 115.9981 115.2875 
88.3846 85.607 94.9645 
92.9753 110.7939 80.1515 
90.5538 88.3826 109.7446 

Icoords
49.3978 15.8326
85.3199 3.1785
20.27 46.186
77.2562 70.681
85.3818 24.7995
99.311 50.5426
28.3693 38.8436
4.7934 97.9851
88.3387 49.885
65.328 70.3895
39.979 9.1871
63.7078 0.098
75.3793 49.3152
73.1948 59.7589
95.3848 54.994
67.8919 30.3792
99.1861 56.6685
84.7686 99.1718
69.0181 65.4212
7.273 19.2963
26.1877 81.3299
70.8057 15.3838
15.0422 8.6365
42.3087 1.3466
91.2226 47.3105
30.8827 77.6785
4.9795 12.9582
59.0346 57.8853
40.6974 61.4419
8.3597 74.9339
18.7949 49.8386
6.7928 90.9065
65.194 95.6867
49.2217 66.5132
70.85 85.1697
50.0678 79.9484
90.9241 51.3981
88.5004 19.5948
25.2571 11.8569
54.8024 21.3462
16.6452 43.1508
24.1144 99.3009
13.6042 64.1426
18.3434 60.1163
93.0142 4.5921
1.4075 8.548
65.1458 38.1996
56.3721 63.557
39.4074 52.4834
45.1438 72.6904
99.8605 75.9465
41.493 69.5378
54.4023 19.1344
42.9749 62.2432
28.3453 12.9289
60.7822 2.9172
47.6056 83.5926
25.8905 70.0828
75.4803 74.0054
45.828 84.6694
90.1985 93.7912
82.6305 14.9865
49.4956 52.404
62.9718 23.5285
97.731 16.0805
96.8257 62.6237
40.9906 89.6619
7.0333 75.0034
72.713 74.8284
31.042 65.9927
26.4256 47.3223
72.1872 8.209
36.5866 34.5135
43.8515 96.2729
63.651 76.8609
65.2371 12.6153
38.4513 78.7923
81.0273 70.3378
50.371 39.4905
12.4926 43.8411
76.6652 67.3378
6.3096 13.8738
41.4629 20.2689
95.1877 49.0931
44.1918 73.9575
99.8207 99.6679
33.5716 46.6081
17.4904 77.1098
58.1889 43.127
63.832 64.3604
32.6305 88.9262
46.9291 97.2134
68.8144 89.1468
14.0385 54.6851
44.8742 59.8127
46.1036 98.9533
24.5863 74.0243
1.7607 34.2983
28.7393 48.8419
93.3092 46.2409
2.6254 49.7396
55.4919 55.9975
33.1644 15.1281
70.4152 74.6851
64.6126 45.9812
63.6544 60.6668
37.5219 22.9529
30.7852 78.9365
40.4058 27.5144
70.1469 96.3557
70.3286 32.0223
15.6016 86.7519
87.2264 55.0254
12.0326 73.3117
13.7449 31.1041
2.9703 57.7509
31.7205 20.4799
67.8429 14.9793
45.4825 57.1833
67.2947 81.1327
7.0081 44.3622
67.3997 94.7414
7.9297 35.4316
46.7332 72.8624
85.308 74.343
89.0809 68.7025
35.142 54.4913
46.5474 27.8499
89.2958 84.0755
7.2725 17.2171
19.0215 82.1995
35.6714 67.8178
82.2473 27.9796
37.5627 82.4712
68.8752 30.2378
20.8141 37.7253
18.7651 61.2614
40.3352 39.8298
40.3823 46.052
41.5705 64.4414
53.0793 66.0469
20.4889 30.519
29.6273 7.3255
59.2435 51.397
65.4526 29.6691
72.7901 38.386
96.727 69.7504
15.8456 6.1734
70.8668 44.2012
94.2257 99.2348

Jcoords
42.4739 14.4494
31.467 37.3901
33.7494 50.0661
54.8066 0.9931
61.0539 57.7717
30.0102 27.8192
68.5752 83.7593
33.5706 20.8116
68.6284 81.143
1.9088 45.2645
24.4909 81.6919
36.525 28.5332
98.2361 98.6638
94.3678 26.684
25.6438 12.1262

C
2.5814 10.1869 14.1679 5.1727 16.8369 7.3578 22.7838 5.0273 23.4545 19.9567 26.7424 6.3401 31.8761 16.1912 8.4794 
17.6594 23.0513 22.7846 9.2019 18.9028 22.1674 27.3326 18.6483 26.5505 34.4933 32.3685 18.6798 29.6869 7.6845 19.7141 
13.4635 4.4111 4.3974 18.1215 16.128 8.16 19.2711 11.2934 18.6827 6.9309 12.418 7.7126 32.3674 26.4726 12.3304 
23.4063 20.3577 14.6261 27.7118 7.0498 23.1434 5.4563 21.3744 5.0554 24.9689 19.8952 21.3585 13.0209 17.2118 27.5767 
14.7379 18.9128 19.2626 11.784 13.3745 16.9467 20.1643 15.9479 19.7623 28.6197 29.2333 15.2878 25.6637 3.6671 20.7752 
23.8614 22.5704 25.8778 26.2877 15.231 28.6328 17.722 25.6929 13.0868 36.2185 24.9052 20.4985 17.9104 8.9859 32.4935 
10.2231 1.2726 3.8145 15.0881 11.3725 4.0671 18.0967 5.8178 20.4851 10.7879 14.4043 4.801 33.6821 23.75 10.6055 
30.4614 26.0719 20.027 42.385 20.8639 24.1722 20.7875 30.4336 24.513 17.8251 8.6198 24.3962 30.0239 36.2582 28.0878 
21.4217 17.876 17.6051 21.6097 9.7418 24.6084 13.895 19.9413 12.0173 34.4828 27.6839 19.5134 17.8485 8.7376 25.9376 
22.1168 15.3003 14.1238 24.7418 4.0539 17.9381 4.9503 20.7541 3.8448 23.9775 15.4405 16.8991 14.1874 17.0382 27.1403 
2.2148 9.536 12.8643 5.9463 20.1031 8.0553 27.674 4.4361 30.6003 17.5652 27.7805 6.5422 34.0171 17.2487 5.4231 
7.7425 15.494 22.6984 3.2653 21.714 16.1056 26.9929 13.9731 32.1854 27.3571 32.9345 14.0082 32.9817 13.1119 12.7023 
18.3041 14.8111 15.0642 20.1621 6.3813 18.1336 13.0713 18.9449 11.4299 25.4594 22.2984 16.4663 18.6431 10.5554 21.6922 
17.9938 15.9648 16.0241 23.2448 4.6811 20.298 9.3535 17.846 6.8944 23.7875 16.2861 18.9379 14.241 13.4622 26.3701 
26.1037 26.4727 19.4462 26.8637 12.0448 25.5863 15.713 23.0697 14.4561 28.2977 26.1504 20.4444 13.3652 8.5551 32.2702 
11.9929 14.166 13.3724 10.1682 9.8562 12.8712 16.9603 13.069 16.3172 25.4399 24.4428 11.7892 27.4757 9.9659 16.2045 
26.8525 26.6501 22.7758 23.9157 11.6276 29.4031 15.2472 24.623 14.6972 36.6505 27.4217 22.6052 14.0804 11.434 33.6352 
35.9643 27.082 26.6961 33.289 18.2209 29.5012 8.2246 33.9405 8.2273 33.2538 22.9517 26.8941 4.4636 28.071 34.6617 
20.9935 15.4262 14.3826 23.6131 3.389 19.7325 5.5342 20.2501 4.751 26.9773 18.043 14.9244 14.9061 14.5411 22.7445 
13.4741 11.5196 12.5473 18.5712 21.1143 7.984 28.9912 10.5233 26.7364 10.0974 25.5739 9.7579 41.6849 33.1013 7.6023 
22.4608 17.6979 10.1996 30.2666 14.6225 19.4417 14.7751 21.5457 16.1828 13.1429 0.5809 17.9743 29.5083 27.681 25.62 
9.3461 15.4429 18.5559 6.5439 13.1616 14.3939 26.4549 12.3836 23.9034 25.5332 24.96 14.6461 28.3736 9.2193 15.4493 
9.3853 11.888 17.7329 14.1399 24.2672 9.1413 30.5056 7.4604 33.7195 14.4128 28.2501 10.0171 38.1963 30.5317 3.9276 
4.4684 14.6678 16.5265 4.1022 23.7056 10.6572 30.447 6.6057 29.8456 19.006 28.2444 9.895 42.8881 22.7538 5.9562 
21.4702 22.7878 20.2365 17.8053 11.3323 20.3515 14.8475 22.1188 13.694 30.2942 27.3323 20.9521 18.2856 8.0705 25.3553 
20.0884 15.4764 10.4769 25.2399 11.491 19.0242 14.5045 22.4989 14.055 15.9035 2.6265 15.8941 25.3546 30.5606 26.2125 
14.2366 13.9202 17.0867 18.1044 26.6596 9.8304 30.4066 10.4102 34.2881 11.6145 25.2931 10.6985 45.0396 31.4536 7.1081 
18.3805 10.4635 9.2977 21.5703 0.74 15.9595 8.8467 16.0206 7.8042 19.4114 13.085 12.4433 19.0625 16.385 19.8943 
18.5424 8.5788 4.4615 23.9728 6.9025 11.392 11.4202 12.9733 11.8844 14.3144 8.4761 10.4492 26.2807 21.6509 17.0 
26.6101 15.0198 12.6378 28.7802 19.1028 20.5538 21.5258 18.8253 23.4656 11.7139 6.3942 16.8051 35.9648 33.2243 25.1841 
14.5029 6.6845 5.6744 18.3574 14.546 9.662 19.6318 10.2209 22.8986 5.9797 11.7818 9.6319 30.7245 29.411 12.6832 
31.1253 22.7767 15.2089 34.8703 25.0307 25.2896 19.3984 26.8778 20.9716 13.9268 7.692 26.9825 28.798 42.3756 28.1652 
27.12 22.569 20.2127 37.1139 12.4719 29.3474 3.9436 30.0733 5.9297 28.7009 15.5295 24.3366 10.2281 27.0374 33.0593 
17.5873 11.0307 8.2624 21.871 4.8076 14.5543 10.2628 18.4389 7.7528 19.8748 11.3632 13.4915 21.7473 19.6928 20.7709 
27.3485 22.5508 17.8969 33.4541 9.7648 24.466 0.8212 22.93 1.5724 30.3336 17.4056 21.742 11.0275 19.51 33.9738 
26.3619 16.5532 11.2698 28.3485 8.7388 18.6052 5.7934 23.9992 6.6231 21.1103 9.2393 19.8267 16.2057 25.5709 24.0262 
18.6572 23.2795 18.0607 20.3266 11.6428 20.6863 15.4325 20.3839 14.5608 30.1496 25.4236 22.0163 18.4281 8.6986 28.439 
15.552 23.7188 24.387 12.1544 17.7168 18.4521 24.1739 19.9224 21.0781 27.5103 30.4286 21.0268 25.047 2.9273 21.4899 
6.4542 9.6544 12.5018 12.5398 17.9667 6.627 29.1366 4.6444 26.0183 15.9038 21.0356 6.6296 40.2485 21.4877 0.1462 
5.2494 9.3423 13.927 6.6412 13.7854 9.291 21.9355 8.4104 22.5244 18.1987 22.535 5.9626 28.4226 12.2606 10.4314 
13.8849 5.1808 6.5606 21.182 14.0682 6.5879 20.8579 9.3274 20.4557 4.8428 14.3285 9.0164 34.1155 26.4164 12.6823 
31.2534 20.0442 16.4955 32.266 18.7974 24.1353 15.0198 24.9741 16.3599 17.7717 6.3724 23.3721 26.4995 39.0311 31.1697 
20.063 12.1402 7.6628 29.3918 14.5781 12.0885 21.6656 16.8798 17.5075 7.9058 7.5049 16.5583 33.4347 28.8182 16.7276 
18.0414 10.29 7.0855 22.7561 14.2098 11.0608 21.341 16.5654 17.7902 8.6589 7.5648 11.1551 33.5841 25.862 19.281 
17.6774 21.9823 27.1911 11.7126 19.1221 23.4418 28.1702 21.5227 26.3278 30.4604 38.6604 23.7375 30.366 8.6873 25.4214 
16.3132 15.9677 19.5883 18.9028 24.9791 11.3158 37.3402 11.3661 31.3435 12.2718 23.5469 12.2632 49.5634 33.0737 7.727 
11.2884 11.4406 13.1437 13.983 6.3725 12.7973 14.9722 13.4813 13.9895 23.4287 18.8785 10.2802 20.871 11.0843 17.4936 
18.6181 11.3105 8.4656 21.3034 2.7262 17.4704 8.1993 15.7451 7.7768 20.4591 14.4585 15.0197 18.3085 15.9209 19.5011 
15.2401 5.512 2.0901 16.897 8.7149 8.9079 15.3701 11.1301 12.6473 12.7278 11.3149 7.261 23.9401 22.179 17.0132 
19.0998 14.8968 9.6209 21.7181 8.4668 16.4367 9.4976 18.1149 9.0578 19.9783 7.865 14.001 20.8405 21.7828 22.2691 
29.5071 29.3716 23.2868 31.509 13.2241 29.9602 10.7605 28.686 10.6478 33.3903 23.4097 30.5943 8.3335 19.5842 31.4988 
17.2895 12.9985 6.3892 24.7043 7.5626 14.6426 10.1281 18.7147 8.8598 14.3434 6.4914 16.4764 23.9883 24.9168 18.7075 
4.5444 11.5584 13.5494 6.9371 13.1182 9.4636 24.2016 6.8382 19.6394 19.9191 26.4812 7.9679 27.9148 14.4753 11.7483 
17.852 9.4872 6.1017 21.7091 7.2391 11.9696 11.9185 13.2767 11.4455 15.6909 10.4963 13.4266 20.9338 20.4485 17.6587 
5.0162 7.5187 14.5948 9.1034 21.5246 4.6238 25.2031 2.8514 30.4286 13.8165 25.8404 6.1664 36.7788 21.8978 0.9061 
8.3283 16.9877 18.6742 2.5092 20.1319 15.2999 29.2868 9.9333 25.1814 24.9111 26.6702 10.6154 40.6414 14.7297 11.911 
25.2859 15.5091 11.1769 31.6064 10.8883 18.5391 6.4064 22.7988 7.2046 22.02 9.233 19.337 18.8536 26.3985 27.4611 
20.7828 12.4203 7.9781 22.7012 13.2297 12.9515 17.521 16.2265 13.9898 10.8885 4.3627 14.7924 27.5987 29.6641 20.3545 
22.647 22.5575 15.4 25.8305 8.0963 22.2438 3.9545 21.176 3.9477 24.77 19.1463 23.7412 11.8781 15.4434 28.452 
23.6138 14.9275 13.8467 25.4069 10.1935 18.4169 6.841 22.0105 8.9748 20.4926 7.8096 20.8545 21.6055 29.9532 29.841 
36.6653 30.5191 25.6837 34.6421 16.694 34.9262 8.2882 34.0763 9.0768 31.4229 20.7987 28.1369 3.458 20.561 37.5171 
13.7669 21.8388 23.1458 10.9006 15.7746 19.8885 23.0027 19.5049 26.0683 34.1577 33.5629 15.017 31.9285 5.7799 20.7864 
13.5173 7.3505 5.5031 20.2035 4.9688 10.3898 11.5618 13.1257 10.7684 18.2757 12.9778 10.4267 20.5492 20.6314 17.3994 
7.0977 12.2636 12.2883 7.5239 11.0848 11.5209 20.4338 10.6856 22.8324 25.6672 26.1597 8.6966 26.8171 12.4229 12.7006 
20.5093 26.861 28.8414 16.5934 20.2233 26.5369 29.2556 25.573 24.098 30.1105 37.3264 21.9422 32.9596 3.8412 27.9397 
27.4971 23.9747 23.5326 25.6297 13.4867 27.5733 13.2448 26.4175 13.0689 37.6605 24.873 25.8239 13.9041 12.7992 32.6843 
22.8615 21.0138 15.5214 34.5763 12.4822 24.2949 8.7561 23.0945 9.4918 21.2579 6.9246 20.1036 21.1108 28.1678 28.8891 
26.2339 13.9716 11.0588 34.1965 18.2071 17.1929 24.1498 22.7966 23.355 9.4787 6.5601 17.7829 30.3112 39.4849 22.2032 
26.417 20.5044 16.0244 23.9019 8.223 22.3044 3.0592 24.9821 2.5051 28.1824 15.9957 21.1068 12.6418 17.1568 27.8175 
20.5217 8.9736 6.2197 23.3368 11.6379 13.3694 15.676 15.7567 13.2314 12.1101 6.3078 12.1489 28.9225 29.6348 17.8108 
12.251 4.2861 2.4487 21.5641 13.6689 6.8988 22.2473 9.3765 19.8158 7.6122 12.045 8.2851 33.0506 22.7295 13.5292 
10.6083 18.8063 22.0836 6.9028 15.4832 17.354 25.8375 15.5985 25.55 26.0116 29.4003 14.1407 31.8256 8.7092 17.3146 
7.7513 1.8563 6.0502 13.0862 10.4042 3.5754 21.6043 5.5474 19.9831 12.9685 16.2867 2.3504 27.6701 22.4432 7.655 
26.8501 20.9516 18.6166 37.9122 16.4798 21.7269 8.9892 28.1177 10.669 20.8351 8.0758 22.0075 16.8592 29.6928 29.4097 
21.8216 19.246 13.4826 27.8258 6.974 20.5888 2.8614 22.69 2.5712 21.3759 14.3545 17.4462 15.1802 17.6909 23.9841 
7.5887 13.9388 14.9527 5.8187 17.8678 12.5501 22.784 12.8452 25.2353 25.7922 28.639 10.4233 30.6705 11.4293 14.0567 
20.0304 15.8628 10.22 28.9618 12.0287 17.7271 9.7606 21.9477 9.8948 17.6204 4.6639 15.4962 20.721 29.8163 26.3938 
22.4668 21.5377 16.5382 25.8439 7.5182 20.435 5.6444 26.0447 5.5918 27.8868 22.0685 19.9293 10.7452 17.0399 24.9162 
8.796 6.8074 6.9583 13.8345 7.5738 8.5403 17.538 7.9966 17.7365 16.7157 18.8168 5.3766 28.6321 15.3094 11.2451 
12.902 6.8159 7.1654 22.3235 16.6514 8.297 27.3633 11.3451 26.9125 3.4793 14.8822 10.9615 32.8417 31.0605 13.0502 
21.7778 20.1805 14.4288 24.1761 5.7362 19.9141 6.4163 21.6001 4.8657 25.1068 20.4709 20.1771 12.1102 15.7721 27.6875 
12.1781 10.9648 17.3362 19.2785 21.3179 10.4304 35.8676 8.4699 36.4138 10.9864 24.5043 12.0633 39.7313 27.6388 6.4801 
1.8535 6.2629 10.8928 8.0576 16.1376 4.402 21.8502 2.6256 24.931 14.5189 20.2517 3.8104 29.5607 19.1107 6.0848 
20.9106 23.375 23.8656 23.5072 13.8026 25.3335 15.2437 27.0377 13.6029 33.4686 27.8783 24.5972 16.8213 8.2835 30.511 
21.789 14.1205 8.4323 23.9262 7.4514 15.5473 9.219 16.3837 9.4065 16.2087 8.0701 16.6992 23.2822 25.2106 24.5497 
31.3801 33.0859 26.3717 41.973 21.7761 34.5616 12.8118 31.4744 11.9211 33.7937 27.7872 30.8507 0.6693 22.2855 45.8395 
13.127 3.3046 1.0938 15.5123 10.6728 6.7563 16.4259 9.782 17.8534 11.336 14.1589 6.9266 30.9392 23.1535 11.1947 
24.5073 13.0911 10.9685 32.4422 17.9355 16.3857 17.3248 22.243 15.4557 13.7309 3.1409 16.351 28.7324 32.6845 24.0032 
10.2813 9.2105 7.7893 12.7992 4.6453 11.4708 12.7788 11.7491 12.3631 22.4832 15.5279 8.5441 22.2732 15.0695 17.4035 
17.861 15.1919 10.921 22.7864 2.6864 16.2618 6.057 16.6145 5.5104 20.3993 12.9098 16.5864 16.5621 18.6325 21.3397 
23.1534 17.9701 13.0896 27.9858 14.2964 23.2971 11.6169 25.6272 11.6456 20.1429 3.3061 18.561 25.8134 28.2026 25.5335 
25.8515 19.0496 17.7706 35.6337 12.9538 25.278 7.8524 26.743 9.9017 26.6652 10.5533 24.2915 18.7448 30.8036 28.6721 
30.5813 20.6217 18.1933 34.1865 11.0763 23.2379 1.7473 26.5419 3.0006 25.7801 14.1895 22.7598 10.4859 20.7457 34.3376 
19.4565 7.4593 7.3368 25.1528 18.7713 12.2113 19.4184 15.3356 20.6196 5.6365 11.3519 10.7402 31.5846 31.731 17.354 
14.3549 8.7676 5.1056 19.5361 6.0095 11.3171 11.1994 14.9999 11.1452 13.7627 11.6711 10.3793 22.2113 21.1549 19.7959 
28.4787 19.4204 16.1206 35.3062 14.3745 26.2847 9.4915 30.8489 10.7539 27.2941 9.2494 23.5806 17.8609 27.4964 35.2717 
19.177 12.8859 9.0624 25.0231 13.371 16.3387 14.5657 19.9134 13.4243 14.1483 2.9814 18.0884 25.5897 33.4598 22.5466 
14.4397 9.4887 11.5729 19.0096 19.7498 11.3642 27.516 11.5261 32.4861 3.8594 16.1998 12.5874 44.1172 29.6971 11.3342 
13.1247 3.6459 1.9851 19.2835 12.7565 7.6115 20.8819 9.9894 20.3667 9.9393 11.9642 6.973 25.8156 21.1337 13.6809 
19.5222 24.9639 23.0434 18.6733 10.6634 25.0515 17.0988 21.9903 15.4573 32.1931 30.7715 20.5745 20.693 6.7844 27.9018 
19.0559 11.392 11.9896 27.1565 21.7511 12.3894 29.3341 13.0048 23.7771 1.734 12.2038 14.411 35.249 28.9839 15.2534 
15.1823 12.1491 7.0608 19.264 2.299 11.4847 10.5513 16.1346 11.0019 18.7987 14.89 13.1472 21.6574 19.3782 19.8187 
3.0336 7.2115 12.6982 8.476 19.2096 4.904 27.2692 2.0234 22.796 16.92 22.9304 4.4334 40.4709 22.5346 2.6544 
22.2243 16.6412 16.8663 23.035 7.6378 19.9683 3.1665 23.2875 2.6634 27.7575 14.4106 22.2679 13.3104 20.7071 30.2639 
12.9568 12.9465 10.2052 15.3236 4.5446 14.1662 12.068 13.5877 13.3493 24.2554 17.7358 11.7284 23.3555 11.1572 19.3682 
15.7247 14.3436 10.4672 19.244 1.506 17.6608 9.1233 15.7294 6.5975 24.5768 15.2198 14.5803 20.0784 15.9266 18.6929 
3.6439 5.8567 9.9862 8.8226 12.6285 2.8229 24.013 1.4121 23.3051 14.5953 18.0922 2.069 34.5006 19.1698 5.495 
20.1464 15.2163 8.9592 28.4322 11.1283 17.2081 11.4632 19.8957 11.3874 16.1952 2.3609 19.3075 26.8737 32.3845 25.2083 
4.1019 5.2469 9.2173 11.317 11.7073 3.951 20.9158 2.9668 19.3743 16.6304 19.8424 1.3554 33.4659 18.074 7.892 
33.8384 25.0275 23.2127 34.598 15.2578 24.6453 3.8793 29.6115 4.7271 28.9578 14.4962 24.0874 9.0329 29.3277 29.0268 
12.9664 11.9732 14.4143 13.8155 8.5062 12.7448 20.6135 14.6609 18.5247 24.7955 20.3238 11.5407 24.03 9.2983 15.9362 
27.2517 20.1796 13.7931 32.513 18.6619 19.8629 20.3159 24.3034 16.0234 16.4619 3.4481 24.2447 32.3685 37.394 28.8694 
22.0673 19.913 19.098 24.1841 9.1317 23.7898 11.6986 21.1208 11.5394 27.1963 23.7019 18.4659 16.6071 11.6646 29.3452 
23.8432 14.9971 10.5805 31.0291 16.3996 18.9989 20.8379 17.0239 21.797 9.7029 5.7596 15.6078 35.6092 34.5842 21.8569 
11.0547 5.8875 10.6835 19.5121 19.8331 5.6983 23.452 7.3738 23.2912 6.0442 18.1008 8.7206 35.8944 30.9492 7.8623 
21.9039 11.9149 10.5546 27.4182 21.6768 15.3361 27.0856 16.6208 25.2525 3.9812 10.0985 13.5925 38.7865 37.4645 19.0138 
4.7047 6.6515 9.8131 11.9907 18.6795 2.4635 28.7938 0.6847 27.1323 13.7551 23.1017 2.9052 37.3236 20.9573 3.4265 
9.452 13.1124 17.0203 6.6976 15.8882 15.4975 21.5706 13.0751 24.6014 24.1324 28.2681 10.5617 29.2918 10.1503 13.6191 
13.3103 7.3001 4.368 18.6255 5.9323 12.8449 13.0056 12.7103 11.5332 17.862 10.2552 11.926 25.3537 18.3402 15.7048 
28.4469 19.7559 15.1383 27.917 9.6455 24.1103 0.9906 26.8002 0.4241 25.4758 15.8602 19.7989 12.5608 23.3989 28.5734 
14.754 7.8716 10.4532 19.7948 19.0886 10.472 23.0171 14.1216 26.4446 2.0289 12.4157 11.1466 32.8478 35.3224 13.0583 
31.1907 23.843 18.5466 36.1619 14.4565 30.0425 4.1882 28.4313 4.2955 26.8646 16.8902 26.8836 9.3566 25.2633 31.1584 
13.6247 7.4965 9.4616 18.7416 19.8018 8.8472 23.5276 11.3607 28.8898 3.7645 19.0744 11.4368 33.8667 33.5355 11.2849 
20.739 13.3155 8.9407 24.0396 6.5595 15.207 8.9875 19.9295 7.5353 17.2235 9.0482 15.0797 17.4023 22.6431 23.3 
25.9708 25.9445 22.5046 26.5405 11.5853 27.7861 5.8465 22.7585 6.6178 30.9926 20.6077 24.9545 8.3401 14.9613 33.4549 
23.9604 25.4751 18.8527 23.6625 11.0074 24.3533 8.1026 27.3094 7.5384 27.8657 22.5255 21.6109 12.3091 16.1988 27.0983 
13.3765 6.2497 1.4233 17.9429 10.1758 8.4146 16.4051 11.005 15.9636 10.6851 9.3915 9.4595 27.5501 23.6983 14.7009 
5.5198 6.9398 7.9583 8.6683 11.5122 5.8773 22.8651 4.5705 21.517 15.7018 18.8518 3.4567 30.1941 17.5744 8.5351 
25.9351 29.082 24.3069 34.2015 13.1027 32.577 7.2344 25.4016 7.2768 30.6742 22.8916 24.187 5.6309 22.7868 31.5762 
11.5322 11.5924 15.5136 15.7862 21.5883 9.2249 27.179 9.5951 35.1324 9.5804 25.7795 9.7075 40.8784 29.4627 6.4549 
24.0176 17.3931 13.259 29.8881 18.0654 20.4941 17.3672 19.0148 16.3988 15.1551 1.6616 22.3593 27.638 29.827 27.4644 
19.4757 9.6113 5.9798 24.6345 9.6772 12.5918 13.2392 18.0825 12.3106 16.2045 6.3184 14.2991 26.0536 26.9999 22.4142 
14.8596 20.6476 16.2162 13.3974 13.184 15.9428 19.0211 17.7569 18.5934 30.5534 24.6318 17.1654 25.7196 4.8575 22.4017 
26.6999 14.0887 10.0986 29.8902 11.8383 18.5376 9.5632 23.3314 9.3313 18.7782 3.9481 17.1447 24.0136 26.5287 28.2251 
9.5578 12.8768 13.6577 11.326 11.1831 14.5481 17.17 12.5556 15.2972 25.38 22.6484 9.8157 24.3035 9.4797 18.5051 
9.7928 3.6856 5.5511 16.9711 17.061 4.6862 20.6499 7.3279 21.1841 6.3685 17.2951 6.5365 34.061 29.6693 9.149 
17.2375 9.7832 6.1426 25.4137 16.0607 13.5801 18.233 15.0889 18.4018 7.9778 7.8208 12.3439 29.178 30.5686 15.4648 
7.8041 3.0362 4.5267 13.2128 10.5711 5.6876 18.1686 6.207 17.0298 12.2869 14.9051 4.4051 28.6107 20.1804 9.6551 
10.2901 4.4674 2.7531 17.245 8.6924 7.5431 15.843 9.3907 16.3295 13.8303 11.9525 5.5609 26.2905 22.4543 12.5652 
15.5901 10.3984 6.1582 20.598 7.0162 13.2492 13.2048 16.9223 12.2452 13.6966 8.4017 13.1373 25.5127 23.2764 18.8502 
19.9537 10.9689 8.0233 20.0241 4.0441 15.6629 8.9736 15.1286 8.5344 20.5786 10.9598 12.416 16.8729 22.4188 20.8601 
9.3296 4.4228 7.1759 14.0975 15.5063 3.6905 27.8931 5.3806 23.207 7.3722 18.4734 5.8381 37.2908 26.8246 6.7849 
4.6757 11.7622 13.9766 8.1681 18.8407 6.6555 27.2796 5.2494 26.3903 17.7654 22.706 6.8598 39.777 22.4747 2.3094 
15.2806 9.8644 8.1079 16.3333 2.0013 13.9072 10.1817 14.0361 10.3899 19.6742 16.0486 11.8806 20.1961 15.4996 17.7634 
10.3743 13.7943 12.6137 11.1556 9.0198 13.6674 17.018 10.0294 16.9826 24.8698 20.7513 9.8574 27.4078 8.9416 15.1477 
13.8632 12.4501 13.2113 13.8253 8.4618 16.8375 17.1019 16.7439 15.8218 25.8152 20.7392 14.0849 24.3068 9.5584 21.4138 
25.6658 23.0183 22.3218 26.035 13.8368 24.8455 9.6567 26.2626 11.7036 34.7549 26.0578 25.8351 9.233 15.9498 28.7512 
11.0507 13.8407 17.5773 15.1792 26.7821 7.8304 31.4445 8.3171 32.0629 15.646 23.6244 10.0537 41.6436 26.5139 3.7822 
12.8148 12.755 11.3598 16.9496 5.1999 14.8518 13.2662 17.0503 12.55 25.7589 20.0133 13.37 23.1682 9.9922 17.4313 
39.2261 31.3937 27.6382 32.7198 18.9034 36.4474 10.7307 35.8202 12.5068 40.9456 27.4543 28.0072 1.3457 21.9249 36.331 
2.275 10.5515 14.198 5.7697 15.3787 7.237 23.2073 6.1025 22.3175 20.2081 26.8198 6.228 37.0493 16.1589 8.7967 
15.6392 20.2951 26.8969 10.8539 19.0043 21.3682 29.0527 21.1413 28.0255 36.7916 34.2258 18.4818 29.3882 9.6012 20.8003 
13.0955 5.2655 5.368 18.2694 14.0463 6.318 22.8328 9.9498 19.2376 5.9179 13.1188 9.1044 36.2395 24.764 13.1718 
24.894 22.0844 15.536 22.7478 7.8908 21.0702 4.7264 25.3986 5.1124 30.6306 19.3292 17.7245 10.6182 15.4274 25.3287 
15.7751 21.587 18.0152 12.6907 12.4321 18.9042 22.1507 20.6974 23.1423 34.0257 32.2583 16.4736 26.8483 3.4623 18.4057 
26.2313 26.2469 23.1701 23.8168 13.7204 27.8305 14.7215 22.0204 16.3195 34.9407 31.64 20.9309 16.9718 8.6204 31.7042 
10.0709 1.0419 4.0572 15.3605 12.702 4.0337 20.6526 6.2307 19.3639 10.1916 16.5813 3.9977 33.351 20.7502 8.0595 
34.796 23.7944 21.1243 43.2362 25.0616 22.6959 23.7413 31.2737 20.334 19.256 10.1025 28.5043 36.3315 42.3833 34.6084 
19.7698 22.2606 19.5322 19.7541 8.5291 23.3673 14.7617 22.7254 14.0386 26.6757 28.2474 20.8023 19.5856 7.5702 22.366 
22.5398 17.7116 12.3588 25.9631 4.7466 18.0156 5.3177 20.03 4.1867 22.3745 13.5083 18.7638 16.8773 20.7008 23.4887 
2.1251 11.61 12.4135 5.4212 19.9654 7.7615 25.5016 4.0857 24.1565 20.1143 23.3765 7.6859 33.7395 20.4654 5.23 
7.7732 19.137 18.5211 3.4228 21.7891 14.3166 28.032 13.2673 26.5343 29.6305 29.422 13.9138 36.5535 14.6864 15.4807 
17.5514 16.2263 14.0024 17.2631 5.6077 15.4628 12.7202 16.6931 9.8681 27.1739 21.8882 15.2326 18.4202 8.8774 20.326 
18.3934 17.7829 13.9891 20.8495 4.6836 20.3249 8.0484 18.3294 8.7115 22.3762 20.4845 15.6965 14.2688 15.4572 24.526 
25.9503 23.3169 19.978 26.5935 13.4018 22.9101 12.52 23.5571 14.819 33.5512 27.8852 23.1806 14.4286 10.9829 31.7872 
9.8211 11.6548 14.8503 12.5487 10.2599 13.0193 17.6703 13.8422 17.6423 24.0397 20.5314 11.4059 29.6352 10.4738 14.6352 
24.6113 24.742 24.3279 27.1695 12.8025 24.8236 12.537 24.1893 14.795 31.2342 29.848 25.3252 14.7651 10.3954 28.7 
29.8093 28.9179 26.3491 37.1383 15.7208 34.1062 8.8931 31.3571 7.3586 32.0874 23.5417 31.7357 4.1038 22.331 39.681 
20.7234 14.878 14.8326 24.9591 4.3431 17.9771 7.0567 22.1874 5.3077 25.5969 18.1378 15.3472 15.8001 18.1799 20.8068 
13.6447 9.9819 15.0275 16.875 20.6051 8.693 29.8097 9.77 30.5086 8.9625 20.6028 11.3653 38.7755 29.0193 7.6732 
26.9213 17.2067 10.8526 31.9893 13.5452 18.8409 15.6242 23.5759 15.0241 13.1776 0.6246 18.6468 26.9591 30.2324 27.5301 
10.9647 17.3766 19.8044 7.5553 16.5499 16.5818 21.9534 14.1484 25.3443 26.7422 29.0769 13.3206 33.4767 8.1818 16.3186 
8.4767 11.3913 17.6511 14.9983 20.4706 8.0951 30.5148 7.5513 35.6129 13.798 25.6203 10.7023 37.4976 26.7081 4.0091 
4.9493 11.7772 15.2453 4.3873 20.1322 10.0151 27.7656 7.5638 29.2743 23.1593 32.0466 10.2842 37.6351 20.5942 6.7541 
23.1398 23.9386 19.1721 20.0088 10.4382 22.6127 16.2335 20.431 14.4996 31.813 27.5274 21.3107 18.7832 8.3418 24.0083 
19.8891 15.3515 9.0334 28.1478 11.7079 18.72 11.9503 18.1779 13.0467 14.6209 2.5004 16.1662 21.2205 24.6813 19.827 
11.3698 13.9455 16.3119 19.2983 26.1428 11.3907 34.7559 10.7393 28.3465 10.5436 26.7507 12.2922 41.5058 31.8154 7.075 
16.8883 12.765 10.1023 17.2174 0.7827 15.2784 9.765 16.2095 7.925 22.0967 15.7826 14.7293 20.6407 18.4025 18.4101 
18.0674 10.2662 4.1776 23.3707 8.2387 12.3799 10.9417 15.6257 13.5558 13.394 9.5162 10.7013 22.4911 24.7585 19.0522 
23.3116 16.9551 13.64 26.6584 19.3577 20.3153 19.5052 21.1778 20.3575 9.7555 6.4502 21.5708 34.5147 34.9304 20.8651 
16.93 6.3487 5.6819 19.3708 13.4366 8.9355 23.6196 11.2762 18.6791 6.0671 10.3968 8.4733 34.1 24.4867 14.8066 
32.9899 23.3129 14.881 32.8011 22.6338 24.6712 22.5828 27.2604 21.6977 17.7046 7.3069 21.8071 30.4315 43.125 24.8116 
28.1997 25.3707 17.3814 36.9901 13.2385 27.5968 4.6875 31.1056 5.6472 25.707 15.1765 26.0306 10.4371 27.3895 34.3073 
18.7527 13.4592 7.9643 20.7005 4.4677 17.0989 10.3121 14.6613 8.1319 19.491 10.4433 12.5745 21.5069 20.1443 21.8142 
29.1544 20.7985 18.8929 33.137 11.4233 24.5927 0.8603 26.5297 1.7329 31.4567 17.4847 20.7089 9.846 19.2137 30.7954 
23.6255 14.5886 11.3957 31.4729 9.6792 20.8729 7.3637 21.6969 6.6789 21.3358 9.2444 19.2418 20.0918 25.4947 25.0931 
20.4303 22.1005 18.3409 20.463 10.974 22.3062 13.7177 24.9599 11.8992 29.3287 28.0156 23.4443 17.5768 8.1097 27.7457 
14.5053 22.6912 23.4784 14.2789 17.4629 22.7993 21.0564 21.4609 22.5592 30.4005 31.4007 15.8426 28.6001 3.1039 22.5913 
6.4211 9.8619 15.0578 12.0266 21.7627 5.5477 26.0978 4.4709 32.5657 16.1524 25.212 7.4246 40.2372 27.5241 0.1581 
4.779 10.594 10.8254 6.5964 11.9596 9.8547 25.1568 6.7029 20.7998 18.9592 21.1236 7.4434 31.4732 15.718 10.5384 
13.4872 4.8994 5.961 20.7669 14.4749 6.8848 25.5582 8.5594 23.4432 4.5853 13.7228 9.7024 38.7537 29.3798 9.7847 
28.0065 23.0243 19.8568 40.093 20.6371 25.7993 18.4439 28.7846 17.206 21.7677 7.0417 25.7071 25.0837 39.9607 27.473 
22.2699 11.2041 7.9405 29.9196 15.4255 14.9781 20.8251 15.8445 19.0625 8.6187 6.5569 16.139 27.6764 32.8601 16.8344 
16.8535 8.4792 5.6139 27.5699 13.9916 12.6164 17.7712 15.617 19.2945 8.1162 8.9647 12.9262 33.4776 25.2641 16.8733 
18.3468 25.9993 24.2553 13.8118 22.4043 25.2078 32.868 19.551 29.4129 30.7896 31.1924 23.3264 31.1386 6.9941 23.1097 
14.1766 15.0971 16.9042 18.5792 27.9101 12.8506 31.4109 12.5743 32.7583 13.8581 25.38 12.2915 47.1295 30.2892 7.5481 
12.4671 11.9459 11.1701 13.342 6.9564 11.2329 15.3559 12.5405 13.3562 25.1849 20.3728 11.8178 22.8078 11.1345 16.0926 
17.286 13.0481 10.341 21.9543 2.5572 15.7385 7.8476 18.6035 8.407 18.5861 13.6736 12.7331 20.8709 18.4147 21.9035 
13.3207 5.7934 2.1547 19.6594 8.7506 8.3563 13.7921 10.8596 13.9325 15.0992 11.8364 9.4924 26.9092 20.309 15.5166 
21.3852 13.1932 9.1219 25.5597 8.4865 18.1605 7.8106 19.6776 9.5769 15.826 7.9799 14.9144 22.3004 23.2247 23.5989 
27.9005 25.9563 22.6123 33.0481 14.4753 32.9037 12.3341 30.3415 9.9607 40.4933 28.6404 29.4629 7.944 17.8841 36.1581 
16.5567 11.766 8.1997 25.8006 7.0421 13.2925 11.3058 17.5891 11.392 15.8339 7.528 15.8114 25.3086 23.0724 23.6569 
4.9442 11.4148 13.2184 5.745 12.1028 9.0415 25.6969 6.9594 19.633 19.8664 24.4287 6.449 27.2882 14.6908 10.5939 
17.5556 8.3917 6.1002 22.5076 6.2911 13.7831 13.0187 14.4153 10.6393 14.4689 10.5527 12.7127 21.4236 18.7924 18.242 
4.6311 8.9416 12.4894 9.8349 16.679 4.5354 29.5692 3.0301 26.1982 13.7455 22.8583 6.9786 39.3007 22.0192 1.085 
6.857 15.7251 21.321 2.3585 20.2525 14.9713 26.1437 12.2489 28.3026 28.1311 31.1196 13.5188 34.6783 16.3055 11.8856 
22.8107 17.085 11.1443 25.164 9.4239 18.9719 7.1928 20.6823 7.0839 21.3222 8.1963 17.9554 16.8198 25.2642 24.792 
18.5361 12.8846 7.9458 26.139 13.3303 15.3549 16.1943 19.4777 14.087 12.3553 4.0774 13.6944 27.1864 24.5647 22.8641 
21.3873 20.9659 15.5684 23.1822 7.0083 25.4909 3.682 20.9797 3.3323 28.2059 17.656 20.8252 11.707 18.7552 25.5837 
21.7579 15.9651 11.1528 28.3187 9.7423 23.598 7.2508 21.0741 7.4175 20.6401 7.9152 22.5388 20.9221 26.8225 29.1407 
30.36 27.8564 25.6194 34.2746 15.0955 31.2469 8.4264 27.9335 8.2541 35.07 24.9811 31.4829 3.1816 25.1196 37.3817 
15.3211 19.6046 23.8498 12.1557 17.1834 16.3408 22.5605 17.8251 20.5977 33.8732 27.7405 17.9484 28.3195 6.6052 17.8079 
14.5324 8.96 5.1227 19.9295 4.4425 10.0259 13.5144 12.1811 12.5741 16.221 12.1037 9.4107 24.6147 16.1007 16.1309 
8.9092 11.1209 14.8383 9.4821 11.9593 9.9852 21.4561 8.9111 22.734 23.8653 22.5541 10.4004 30.6682 10.2898 14.6716 
17.0211 25.3784 26.1174 16.0019 19.7125 22.9698 27.7229 25.5794 23.7844 32.0137 35.2811 23.4474 32.9183 3.3995 25.9615 
24.6791 23.6244 22.1562 27.3528 10.8912 25.1852 10.6375 24.8176 11.0617 31.2149 26.9226 23.7458 12.7824 13.8223 31.3141 
28.2553 19.7493 14.5875 28.7164 13.1566 21.3931 9.8901 23.3231 10.7094 22.0327 6.0175 21.2498 22.0032 25.526 25.9804 
21.126 13.8729 11.5778 28.3385 19.9479 20.8298 23.236 18.3676 21.597 10.1727 7.3172 18.3608 35.0034 33.0372 23.9737 
21.3118 18.1091 17.137 26.6826 7.694 22.0694 3.5562 22.8208 2.29 26.0263 17.8174 23.0753 12.7431 19.411 29.8168 
18.563 10.2037 5.4911 23.7106 11.7344 15.2673 15.4518 15.0688 13.3448 13.2972 6.6973 12.5577 26.0683 23.0534 17.5781 
13.5716 4.119 3.0541 20.3253 12.5259 7.4758 21.328 9.0113 19.4373 9.8215 10.5819 6.6319 29.1312 23.3331 13.9657 
11.3461 18.7812 18.8273 7.266 18.3786 16.7865 29.8159 15.5253 25.2652 30.9454 27.2014 13.3321 35.2802 9.4049 14.3674 
6.779 2.016 5.8257 13.3609 11.0658 3.5641 23.043 4.8529 20.696 11.2186 17.1926 2.0549 29.7699 22.6998 9.0778 
29.4361 22.8409 14.4543 34.028 13.5744 25.6309 8.5236 29.7094 9.5803 24.5596 8.6308 22.1915 18.182 29.0565 26.6633 
21.156 17.7487 13.8239 26.9245 6.3536 21.2192 2.9359 22.2957 2.5509 22.3816 12.8945 18.0725 15.2988 17.7968 29.4114 
8.1117 16.636 16.9343 5.4548 14.0539 13.9544 27.9405 12.9368 25.8254 25.0298 26.7944 9.9407 29.3895 11.2967 13.5538 
24.498 16.2868 9.5563 26.5211 9.9328 17.6185 10.1301 20.0508 11.4294 19.7579 5.3497 16.6631 20.5635 27.4928 20.6914 
22.5755 21.9007 18.3283 27.8753 7.9476 20.6542 5.9062 22.0801 5.4273 27.2394 22.3337 18.4212 11.1993 14.4563 28.4113 
7.9059 6.4022 6.7515 13.881 8.3424 8.5637 15.9967 10.024 16.4358 17.3209 17.599 6.376 27.0947 15.8501 14.321 
15.6059 7.798 8.4257 18.3249 18.1973 8.9522 20.7754 11.932 21.1432 3.4109 14.7869 10.007 39.2737 32.6332 11.0176 
22.036 19.7955 16.1127 26.0132 5.6905 21.1247 6.6579 21.6318 5.6533 25.9954 18.512 17.4247 13.9777 13.555 24.5978 
13.3138 11.5364 14.1115 15.5653 23.8511 8.3789 28.314 10.47 30.4167 11.1829 24.1111 11.7275 41.4071 35.2381 6.9071 
2.0396 6.6574 9.28 8.7797 13.8951 4.7696 25.3987 2.768 24.791 15.3144 25.0693 3.0075 31.7676 18.8016 6.3161 
21.4783 21.8525 24.2835 24.1478 10.8547 20.7878 16.8432 24.6173 14.5352 33.534 24.2115 20.9794 19.7316 8.261 31.4955 
22.182 15.4292 9.5091 23.1078 7.4234 17.4877 8.7696 18.4161 9.6204 16.1831 8.4299 15.1698 18.4986 25.114 20.0374 
39.8851 32.7715 31.3288 39.3808 22.7579 36.7855 13.5411 31.1757 11.4531 35.7875 30.1106 37.1351 0.6821 27.6136 45.3691 
10.5443 3.3415 1.2825 16.6293 11.8267 6.0679 15.9716 8.0485 15.8358 11.9476 12.8325 5.5237 32.6742 19.398 13.7917 
24.2172 14.0932 10.8076 31.213 16.2292 16.1213 15.5887 18.3729 18.3848 11.9122 3.0999 20.53 29.5932 27.6738 23.2042 
10.8993 10.7793 8.8843 15.2677 5.2437 12.2853 12.5984 11.2407 12.4854 17.7298 17.6583 8.1079 24.9299 13.0904 14.864 
21.3084 15.3267 12.14 24.7066 2.2517 16.8344 7.0416 20.91 6.1649 20.315 15.4032 14.1088 15.8917 14.8885 23.0738 
29.9371 19.2124 14.563 35.5128 14.6717 20.2144 12.7899 20.7293 14.6177 20.917 3.8789 21.7261 22.0926 26.8175 29.7055 
26.8626 19.3338 14.7452 35.1221 12.9077 25.2923 8.3469 24.0283 8.7055 22.3138 10.8534 23.5135 16.1733 30.9056 27.1548 
24.126 20.1111 17.0906 30.7589 9.8675 28.9276 1.9953 29.6943 3.136 24.9799 14.9985 26.3791 11.5774 22.4194 29.3137 
18.7766 8.2499 7.8489 23.7303 15.3412 9.9422 22.7001 13.009 20.2556 5.2019 9.0265 11.2024 30.3023 32.7348 14.0896 
16.867 8.9035 5.9132 20.3176 5.667 12.8976 12.8132 14.6223 10.5897 15.677 9.225 10.593 25.0166 20.1008 18.639 
32.1073 24.894 19.0048 30.9888 13.4019 27.911 9.4318 30.105 10.5759 24.7976 10.0433 27.4325 18.8358 26.9663 32.7383 
21.9885 12.4945 10.1089 28.5955 14.1336 16.6969 16.2687 19.514 17.0915 12.7638 2.779 14.608 30.0708 26.4693 22.4537 
14.0774 11.8571 11.6478 19.2289 23.9395 9.5238 26.9922 11.6989 29.8816 3.8484 18.2076 12.5733 44.9407 30.2732 11.445 
12.2951 4.4311 1.8846 19.9701 10.688 7.4346 20.7654 9.2726 16.7071 10.4401 10.5035 8.178 27.7823 21.8056 11.3228 
19.828 24.1518 18.1554 18.2158 11.3245 19.9555 13.724 20.6723 14.3501 35.7213 26.7461 19.2957 18.1867 7.1467 25.9391 
21.1425 9.7762 10.8224 21.6081 18.3422 13.2733 26.7592 16.7706 24.0476 1.6687 11.9366 12.3477 39.6095 34.7826 14.9315 
15.8615 11.2557 8.0975 18.5599 2.0445 14.0415 12.0919 16.4082 9.7111 20.7934 15.7838 12.7534 19.1148 18.5602 16.0725 
2.8609 7.9795 12.4502 8.0624 17.6402 4.6725 28.3736 2.2467 24.9917 15.3309 20.2051 4.2151 40.3121 20.3173 2.605 
23.0875 16.501 15.5546 29.0687 6.4837 20.915 2.9295 24.3514 2.0376 22.8665 17.8901 20.1092 14.3866 16.3189 23.2788 
12.8798 10.8646 10.8278 16.5622 4.2601 13.7168 14.7687 13.6477 13.3068 22.324 20.3462 10.5777 22.118 11.3807 19.0223 
18.7191 15.5869 12.685 20.6436 1.2959 15.5731 7.5272 19.6243 7.7417 19.8486 14.6509 13.8233 16.7697 13.8653 19.889 
3.4904 5.0473 9.0089 9.9936 13.2589 3.3948 24.2792 1.7802 25.179 13.2631 18.4412 2.1677 29.6967 21.5796 5.9755 
20.0677 15.9269 9.3132 25.6183 13.4219 18.6651 12.069 22.9857 11.577 15.9246 2.7216 15.2948 21.6662 32.6397 23.111 
4.0265 5.2322 9.3866 11.317 13.2019 3.6151 23.627 3.2348 19.5622 14.5235 19.6561 1.4553 29.5875 21.447 8.0562 
28.4782 24.9993 22.5531 37.9593 14.8297 26.9645 4.9583 25.4401 4.7822 28.3355 18.601 26.6612 10.3294 23.4341 33.9233 
11.8367 14.6526 16.1111 13.0592 9.174 15.3635 16.6585 14.1113 17.0551 25.1997 21.047 13.3452 21.8914 8.0892 18.1325 
30.7074 15.565 14.5421 35.4362 18.0474 23.4423 16.4056 23.7977 16.2261 14.3735 3.7437 23.3105 26.4241 37.3246 29.901 
20.0677 18.8954 19.7533 24.0896 9.0975 20.2166 10.5544 24.3916 11.2187 29.7296 20.7912 20.6969 16.8457 10.3348 24.9922 
22.5112 15.6139 11.5762 29.6175 17.2635 18.2407 20.9184 19.1292 21.0771 11.2654 5.0569 18.3486 31.8353 34.13 24.0696 
10.902 6.9198 10.9702 18.9826 19.4584 5.9538 28.0435 6.764 24.0859 5.9999 18.3904 7.6912 37.4738 30.4324 8.3909 
23.3985 11.5647 9.5711 27.9179 22.9198 13.9485 21.6022 18.1845 23.5867 4.9725 9.6865 16.9205 35.3236 34.0859 16.7874 
4.7109 5.2225 9.4305 9.45 17.7116 2.318 23.8655 0.6409 26.1595 14.6313 23.6996 3.0862 37.7136 23.4692 3.3604 
9.7616 16.7227 16.5408 7.5025 14.6707 15.2458 23.6754 10.805 20.3005 23.7479 27.2735 12.93 34.9187 9.5444 14.7484 
15.9492 8.6971 4.637 18.0445 5.0098 10.8767 12.3507 12.7065 12.3561 14.6184 10.1036 11.5088 21.958 19.4465 18.9885 
21.9862 18.5289 14.2193 27.99 8.9297 25.4179 0.8822 21.9971 0.4665 29.5104 14.2335 23.3637 11.3694 18.7471 25.9539 
14.0441 9.7282 8.8646 21.3244 20.826 8.8456 23.3387 11.6189 27.7076 1.5996 14.5097 13.2198 37.243 31.8285 14.343 
27.6261 24.2897 19.7099 28.6325 13.5488 28.3867 3.4648 32.0981 4.5303 29.8523 15.8273 23.2674 11.4703 26.9324 32.4729 
15.0514 7.3903 9.6248 18.1948 19.0123 7.7261 27.1645 11.5349 25.706 3.7149 18.5732 11.0397 36.2921 28.6703 10.4711 
21.4184 14.1998 8.841 21.7759 6.4181 15.4472 9.2951 18.6194 7.9917 20.8346 9.3545 14.8932 20.2133 26.4778 20.8568 
23.239 20.0935 18.4072 30.7429 10.3075 24.4836 6.8871 24.2995 6.2251 34.6139 19.162 23.2548 8.5935 14.7527 27.2398 
28.4091 24.9112 20.832 25.5977 10.6945 21.7456 9.1736 22.5587 8.7449 27.288 21.9852 21.8821 11.4726 15.589 31.6118 
14.4431 6.6416 1.4711 17.8346 10.3195 9.2348 17.0405 12.8223 14.3201 12.927 10.9923 10.268 27.1341 23.8685 13.0728 
4.8391 5.978 9.4351 9.3679 10.355 5.5466 23.46 5.223 18.8058 15.5246 19.8409 3.9078 34.5777 16.2398 8.3912 
31.3218 22.4451 24.8279 27.7246 14.9938 32.2746 8.0115 32.6436 6.565 31.3818 21.4519 24.3633 6.5291 18.5636 34.4965 
13.7532 10.3544 16.5473 18.2272 20.2681 9.965 30.418 8.4246 35.2121 8.8951 25.5259 10.9872 39.9261 31.7317 6.7047 
26.613 16.9838 11.4916 33.8549 19.3488 16.8824 16.4104 25.0146 15.2576 15.7413 2.1027 18.0805 25.227 33.2524 27.0843 
19.5241 11.5587 5.5459 22.4797 8.8446 15.3105 13.9192 15.6075 12.0226 14.9377 7.1078 14.3344 21.7288 23.1724 18.1079 
13.2169 18.6232 17.3513 14.4212 12.3065 19.9494 20.0146 17.6585 20.7008 31.3094 27.1636 15.5605 28.7778 4.2968 20.4795 
21.8782 16.4178 13.0384 32.8301 11.9372 21.4837 9.5446 22.3119 10.6933 15.6554 4.7784 20.1226 24.3652 28.4555 25.7565 
10.2007 12.3131 14.4241 11.9166 11.1058 14.3611 18.1494 14.0026 17.649 21.3787 24.2113 12.0413 24.7503 9.387 14.4928 
12.2919 4.0608 6.6255 16.5957 13.7163 4.6186 25.7842 6.6732 22.6695 6.8061 17.0127 6.4928 33.9723 26.9025 8.3128 
19.7458 8.8097 5.9537 22.5907 14.0494 13.5166 19.3753 14.8261 18.2515 8.2474 6.4162 13.3306 31.0664 32.2895 19.6523 
9.7577 3.0205 4.73 12.6491 10.0833 5.1032 20.7014 7.8804 18.8224 14.7978 15.3527 4.1619 30.889 17.2276 10.4391 
10.1888 4.097 2.481 18.7732 7.3355 7.7571 16.5162 8.6692 14.433 11.9447 13.3378 6.1421 26.3374 22.0299 11.6552 
18.2601 10.7536 5.5527 21.272 7.7534 12.1278 9.9874 15.0948 10.6489 13.6966 7.8021 13.315 25.1089 19.648 16.9745 
19.8273 11.4462 9.0114 23.6424 3.9993 14.2431 7.3568 15.6902 8.543 21.2248 10.3145 14.5564 19.764 18.9562 20.9085 
10.182 4.7712 9.1222 15.5144 18.6144 3.447 26.7237 6.0697 25.4075 9.0469 16.0147 5.1756 32.2663 26.5287 6.4162 
5.3176 10.6387 13.0792 9.6818 21.0695 7.4651 33.4819 5.2789 32.1259 15.4114 23.0936 8.7042 43.9466 20.7786 2.3356 
12.9962 11.5412 7.6918 18.9746 2.5215 11.5825 13.4016 15.5216 10.9357 20.3257 18.3584 12.103 20.5454 16.7279 16.9572 
8.9824 13.3098 13.3903 9.5497 10.2401 10.6756 17.4244 10.6416 16.3431 22.4751 25.4988 10.7317 26.2849 10.3747 16.3701 
14.7786 13.9506 16.1127 13.2029 7.3061 17.4059 17.4118 15.3385 13.9703 27.9089 21.1997 14.7726 23.7572 7.5751 19.8758 
28.1913 25.036 25.357 30.9392 14.262 27.501 12.3232 30.8008 10.7728 38.7015 26.2408 22.457 9.8642 13.3102 33.8207 
9.8879 11.46 15.2687 13.5874 25.067 9.3928 28.9117 7.4642 28.8722 13.9693 29.0365 9.3989 48.3571 28.8594 4.2832 
16.0966 12.2552 12.7201 17.2953 6.6468 15.7498 13.8567 16.2227 13.7935 20.9106 18.5761 13.019 19.1575 9.787 20.3309 
35.7197 29.4641 29.9375 32.9739 19.8433 35.2277 10.8505 31.101 10.648 40.9349 26.9869 33.1724 1.6134 24.2755 35.8321 
2.6668 10.4982 14.6384 5.5439 14.025 7.2621 27.6963 6.1954 20.9627 18.3533 23.3626 6.4305 30.9241 17.8751 9.5685 
16.543 21.8199 26.7575 10.1839 23.6344 22.3309 28.312 19.4301 25.5459 34.5307 32.1202 20.7419 29.4268 8.3293 22.9425 
12.9057 4.4624 4.417 22.4727 14.4957 7.1621 20.593 11.0098 18.1576 7.1864 11.0951 9.4811 34.0309 29.2616 10.5029 
26.4148 19.7237 18.5594 24.8857 8.2306 23.9345 5.3339 25.8031 4.8073 27.8395 20.2132 21.634 11.3631 15.7531 26.281 
14.2126 20.2693 22.6081 11.7065 12.6656 21.4218 18.7665 17.8602 17.9813 26.7461 26.1917 18.801 25.3114 3.2567 20.4088 
26.3323 24.9753 22.5931 19.9805 14.6003 22.6087 17.2015 28.3913 17.1688 34.5505 32.2803 25.1757 18.8201 8.7082 27.0017 
10.2682 1.1326 3.9763 15.1758 13.6689 3.9334 23.932 6.8106 18.2194 9.2767 15.4454 5.1007 32.5784 20.5153 8.6772 
30.0032 23.0993 18.1514 32.8473 26.9357 23.4788 20.5261 28.7946 25.6551 19.0606 8.7502 26.8626 34.1355 43.6312 28.8919 
18.3556 17.8702 20.5584 21.6512 9.6282 19.6568 14.9578 23.9965 11.4556 26.3728 24.8092 20.5333 18.411 8.4644 28.3674 
23.2166 18.1419 11.3411 26.293 4.2844 18.8232 4.7852 22.1672 4.2002 21.7469 16.0633 17.6409 13.7925 17.8148 27.1615 
1.8782 10.7115 14.5142 5.5126 16.4648 8.3363 24.8706 4.8463 29.7871 19.9202 23.1467 6.3987 36.4408 19.037 5.429 
9.8287 17.0616 20.4437 3.4299 22.9784 15.6431 25.3922 11.5924 29.8389 29.8142 29.8565 15.0113 36.0626 14.6783 12.4747 
17.3021 17.0863 15.6804 20.1831 6.2498 16.1456 13.6682 19.1675 11.4657 22.2807 23.4866 16.246 19.8015 10.3456 18.8355 
21.1688 18.119 12.9371 23.3925 3.8987 18.026 7.826 18.2016 7.9593 24.2094 17.2423 16.7176 16.1195 15.6732 26.0605 
22.6507 20.7711 21.2641 22.2435 12.9472 24.5031 13.8019 21.9748 12.3647 37.0661 25.1126 22.4901 15.3782 10.2548 25.3528 
9.0532 12.4449 14.8661 10.1554 9.8505 15.0506 20.7559 11.1735 18.7592 25.3858 22.7358 10.5889 29.0897 8.4154 17.4609 
24.9506 25.7418 20.8816 22.0717 12.3486 27.6193 15.6764 23.1051 13.9298 34.3782 26.2401 25.6686 14.303 11.8531 27.7198 
29.6388 29.0485 27.2201 35.7013 17.8774 28.4309 7.5115 30.9452 7.7845 30.4168 24.9663 30.1532 4.3005 24.9487 36.198 
18.1603 16.4431 15.0634 20.5848 3.5116 18.6327 5.5159 17.9938 6.157 23.4107 17.1281 17.6232 17.4199 16.4577 21.2671 
13.3426 9.5982 16.1194 19.1875 25.4257 9.0402 32.8164 10.0492 34.1676 9.7474 23.6385 11.6322 46.067 31.5978 7.8369 
21.4696 17.2598 12.4608 31.2218 16.5413 20.2571 14.4227 24.149 16.0937 17.047 0.583 20.8095 29.0859 26.947 24.9141 
10.1341 16.8448 18.9264 6.5762 13.9315 16.4752 25.0388 13.7721 23.5613 24.0162 31.0989 12.0245 27.0672 8.9606 16.7986 
10.748 12.9874 14.3054 14.4719 23.6142 7.4089 28.8267 8.2541 32.0877 14.6151 22.9758 9.0713 43.0628 26.8301 3.9287 
5.0319 12.8198 17.5109 4.7924 20.9765 9.91 31.4764 7.1904 25.7536 19.6326 26.7384 9.8895 35.3117 21.5611 6.244 
21.382 22.4001 17.3308 21.8353 11.0928 25.4072 16.7013 20.2533 14.5565 31.6432 29.0438 19.8823 18.6692 7.3737 22.7952 
23.4825 14.7834 10.5019 28.0675 11.5778 15.4039 14.7298 18.9407 14.3203 16.9513 2.6906 16.4432 22.1658 27.8652 24.8249 
14.8182 13.2464 15.016 17.0487 23.4079 9.8129 37.9726 9.5651 37.161 12.5037 26.1862 13.7206 50.5999 35.9935 7.4824 
14.8569 10.9787 9.9832 20.7602 0.6709 12.9465 10.3937 13.7493 9.5201 18.294 15.77 13.5345 22.6092 17.851 20.1265 
16.8165 8.7463 5.2173 23.3831 8.0484 13.8969 10.8167 12.4123 13.3473 16.298 8.8548 11.6235 20.9423 20.826 15.5975 
25.4434 13.6796 11.8914 30.0114 20.4273 19.6101 23.6497 18.7119 21.7449 10.4296 6.3924 16.5717 29.2626 36.3406 20.2593 
15.1842 5.6346 4.955 19.1463 16.0251 7.4776 22.5172 11.1817 19.5206 6.0391 12.7978 10.1309 29.4377 29.4979 13.6337 
29.1509 18.899 19.06 36.1546 20.8219 25.935 20.9533 25.1519 19.7383 15.9466 6.9976 25.7733 32.4505 41.2571 28.4163 
25.3739 26.0711 21.8528 30.1312 12.8648 27.4898 3.9721 30.1302 5.4724 29.0165 14.9742 23.402 12.3315 24.8798 29.5463 
17.5033 11.0068 7.0294 20.1021 5.4784 16.6453 8.4897 18.8109 8.6957 16.3169 9.4422 13.904 20.698 23.7626 20.9369 
27.9733 19.2257 15.4759 32.3915 8.7755 25.9586 0.9724 27.1991 1.8391 26.04 18.089 20.7818 11.3664 20.3168 26.3286 
25.241 17.2267 12.7066 31.2672 8.1324 18.5941 6.3187 21.4022 6.917 21.6444 7.7678 16.2537 17.1876 21.7813 27.2917 
24.1654 23.6887 21.1947 19.7065 11.2977 21.0651 15.5701 25.6359 12.8545 35.0303 23.1893 20.187 14.7549 8.9581 24.4089 
17.3536 19.8772 19.4181 14.4983 17.8813 22.6517 26.4179 18.1917 24.3702 28.2329 26.7989 18.7274 24.5451 3.6588 20.3569 
6.5726 9.4546 12.0634 9.5363 18.9739 5.681 30.5972 4.7299 27.2689 14.787 27.377 7.5272 34.2606 26.068 0.1536 
4.9584 8.5522 14.0303 6.3685 13.1793 8.7324 22.0506 6.5266 24.3349 20.4975 26.4248 7.4277 29.8415 14.6361 9.6638 
12.6995 5.4082 6.5513 21.4947 18.29 7.7309 21.794 10.0981 25.729 5.8045 15.2764 8.3304 34.6878 23.9615 12.0233 
27.1557 19.3459 18.2413 36.128 18.7362 22.4282 16.5035 25.7014 17.3407 17.7717 5.8176 22.3734 24.4536 34.9694 32.6519 
21.8561 11.4293 8.835 23.7969 16.991 15.4843 17.5274 16.1116 20.2431 7.3129 7.3169 15.9569 30.1808 29.8064 16.5407 
17.9329 8.7469 7.2731 22.5269 15.6085 11.2634 19.6533 12.9868 16.5584 8.1295 8.7068 13.1813 34.2494 27.9134 16.8587 
18.2644 26.2574 25.3459 14.8595 24.3587 25.839 27.1925 24.4002 24.1827 38.1129 31.7082 22.2344 35.9248 8.7338 26.6891 
13.214 16.601 19.1252 16.4004 24.2058 10.7226 32.863 12.5158 30.5025 13.1531 26.7836 15.2654 45.0925 35.9625 7.6339 
10.6744 10.1268 11.9488 15.1415 6.5485 11.7421 13.7203 14.1554 13.8086 24.2941 19.7656 10.833 27.4466 12.5448 17.2522 
16.6226 13.7309 10.0697 22.311 2.3012 16.8398 7.2057 18.2014 6.6793 19.5341 14.1688 15.3457 21.7833 20.1936 23.4373 
12.2409 5.4404 1.9695 16.7035 8.325 10.2777 13.467 11.0463 14.4523 12.8958 11.1345 8.4792 26.3557 21.584 14.5401 
21.1579 14.1018 9.6133 22.0943 8.4298 14.8172 8.2148 20.8576 9.6593 18.4167 8.9239 13.6231 17.962 21.8771 22.6127 
30.1127 24.5038 27.7241 32.4447 14.7924 30.3165 11.241 28.9447 11.5976 32.6307 23.7952 25.5704 7.8393 15.8914 31.6652 
18.3749 11.9108 6.3787 26.2265 8.0191 13.1151 9.4215 17.4608 10.0108 17.6913 7.3922 13.6305 25.3979 26.1351 21.5127 
4.1766 11.233 13.9882 6.9172 15.5764 9.5076 23.7782 6.3094 20.2756 19.8136 20.927 6.3056 30.5937 15.8134 10.7537 
18.0479 9.0545 5.787 24.2356 5.8721 12.2897 12.7378 14.6448 10.8401 15.8109 9.9302 11.2849 22.6678 19.5923 19.5624 
5.326 8.3522 14.2495 10.3691 21.3803 5.2006 30.84 2.9185 29.4225 16.1429 23.7467 6.2562 37.6526 25.4789 0.983 
6.5237 14.5395 17.571 2.2863 21.9311 13.4789 28.0279 10.0798 28.4127 28.1166 33.1058 11.5961 36.0251 13.7299 12.9317 
21.9094 15.5336 12.4539 27.867 9.7937 20.4515 6.3582 20.8431 7.994 20.0697 8.2821 17.7139 21.067 26.7079 26.7658 
21.967 11.6774 7.3136 22.484 12.3244 14.5014 17.1221 15.5832 13.7338 10.5883 3.9581 15.4614 26.0507 26.6482 20.2444 
22.361 19.1052 17.8247 25.3676 7.725 22.7558 4.0931 21.8058 3.4422 30.0779 17.3002 18.6037 10.9822 15.637 24.8925 
24.3941 15.4908 14.2205 29.7157 11.0682 20.14 8.0726 23.0574 8.2596 22.2745 8.2728 17.0933 16.832 22.6936 25.3833 
30.9063 28.8254 26.6976 37.4131 14.9334 27.4605 7.8829 36.8383 9.977 32.4203 23.8052 30.4099 2.988 24.5548 40.9835 
14.6344 17.3705 19.8487 11.4861 15.0893 17.9007 23.7678 18.6996 21.0575 27.9504 28.351 18.4193 30.7879 5.6324 20.6266 
14.4398 8.2538 4.8441 18.1568 4.1214 11.2212 14.3953 12.9205 13.1403 17.5347 13.4592 9.4596 25.2464 18.8056 17.8348 
8.9069 10.9178 14.2541 8.8709 11.0813 10.7929 23.3555 10.5912 18.4037 22.9385 26.6409 10.2739 31.1745 12.4197 13.3602 
19.2931 26.7775 27.8054 17.8764 20.6787 25.4647 25.9543 22.6072 23.1144 36.5312 32.4492 24.2844 30.7794 4.0503 24.3588 
24.4322 26.0906 20.7092 24.3841 14.3134 28.5 11.6747 24.2868 13.44 38.3649 23.2721 26.6135 13.1322 12.9505 33.8276 
27.0366 18.5325 15.2195 30.9868 11.5554 24.1692 8.8351 21.7996 9.8736 22.5651 6.9081 21.7401 21.1919 30.8839 24.5577 
26.304 15.4248 11.9835 34.0996 17.0844 18.5049 22.0425 22.3622 20.978 11.6212 6.2049 18.9222 35.2201 35.752 20.4852 
24.1075 20.5935 16.7676 25.3455 7.8841 21.9741 2.9657 22.187 2.654 27.9522 15.3041 22.5465 10.4871 20.3612 25.4027 
16.3297 10.0492 5.2149 25.1778 12.2914 14.0873 12.6072 15.5168 15.4197 11.1555 5.6647 11.4144 22.4895 23.5081 21.1023 
12.5619 4.1869 2.602 19.2061 11.9218 6.0382 21.9408 8.723 16.7061 9.236 11.6663 8.0398 30.0846 26.2444 13.9904 
9.2056 19.4575 21.9528 6.1369 15.2597 15.7586 24.2793 14.0752 23.279 26.2103 26.7108 13.8452 35.8074 11.3736 14.7504 
7.4189 1.8915 5.274 12.7962 11.6634 3.733 18.3216 4.3914 17.8784 11.3348 14.9961 1.8528 35.1082 20.2916 9.2274 
25.1643 20.765 18.8531 35.9078 16.2226 23.6754 8.5015 24.5915 10.2074 24.5398 8.2576 26.2115 17.1695 30.14 32.6297 
23.2518 16.8014 14.5225 30.102 6.999 18.6917 3.3513 22.0158 1.9757 26.2448 12.9932 17.5183 13.3649 17.9497 25.1927 
7.1891 12.8707 16.6211 5.6578 14.648 14.6335 22.086 11.5892 25.6882 27.0818 31.0048 12.0319 32.2188 10.9667 13.8547 
22.2674 14.6073 9.37 31.625 12.2663 18.3161 11.2841 20.6792 11.8471 16.2566 5.0845 16.9598 21.5589 24.573 24.0721 
23.0371 18.6573 18.9199 29.3506 7.537 21.2585 6.8308 24.1584 6.1263 32.7338 21.6821 22.909 11.9748 13.8903 28.8854 
9.5417 6.1588 6.3338 11.8891 7.2816 8.5074 18.2942 10.0215 17.7547 15.9446 16.5198 5.7032 27.3992 14.118 13.9449 
12.7845 7.9182 7.914 20.8601 17.2778 9.465 22.937 11.4169 25.1939 3.3404 13.5242 8.5509 39.0702 28.6346 10.9833 
19.9388 19.3075 18.4859 24.3926 5.5678 22.7939 6.7092 24.8598 4.8258 24.0857 19.7999 20.6796 12.0265 14.8852 23.9136 
13.2668 12.2458 15.8737 17.9588 22.9319 10.5101 37.2996 10.6303 36.4505 10.568 27.369 10.1658 38.1806 30.9134 6.1578 
2.0721 7.8747 10.7666 7.9404 14.0898 4.9301 21.1736 2.4904 24.911 16.4748 21.488 3.2626 36.3556 16.3661 5.592 
23.1058 24.1006 23.1774 24.9077 10.8935 25.1004 15.72 26.658 15.9671 31.3588 29.3263 21.8186 15.9124 7.6511 29.8573 
19.9971 12.688 8.6226 26.0644 8.6131 17.8256 8.4411 21.424 9.6255 20.0922 6.578 17.3027 22.7177 26.4928 22.5743 
34.8931 33.0951 27.6688 36.0512 17.4266 34.0807 12.668 33.0914 12.6612 41.6793 30.8773 32.8502 0.5752 24.6275 43.2234 
11.542 3.1391 1.3026 15.7286 10.1596 5.9608 15.7674 10.2593 18.8622 12.4198 12.7891 7.2984 31.6366 25.5271 12.9249 
23.8529 13.8953 11.3535 30.3398 16.9632 18.2928 18.1542 20.223 16.0559 13.4579 3.0112 19.3509 28.0137 35.8013 24.4355 
10.1079 9.3362 7.8249 16.2822 5.3661 10.6883 16.2932 11.0547 15.4185 19.5883 19.3535 7.8807 22.5129 14.6244 16.0236 
17.063 13.2581 11.6504 21.7623 2.7257 15.749 7.4889 16.7259 5.3062 24.216 13.3268 14.9152 18.3938 14.8595 25.1897 
24.2878 16.7947 15.325 33.3363 13.9885 20.404 11.1085 25.886 13.0635 20.8423 4.1033 20.4129 20.1957 29.0618 30.2068 
32.8634 20.0012 16.4048 36.8019 16.4353 22.2281 9.8913 27.9296 9.0619 21.427 8.4906 21.5685 18.1648 31.5091 30.4702 
25.1082 22.3514 17.0696 35.4629 11.5158 25.4223 1.8886 29.0331 2.4899 26.5962 15.7491 22.2721 11.6331 21.8525 32.5894 
18.1657 8.7926 6.5432 23.2786 14.2575 9.7797 19.0661 12.5281 23.9682 4.7749 9.1887 11.2783 35.8878 31.8756 14.0367 
14.0732 8.5325 5.3704 22.8349 6.5215 13.0775 11.452 12.5554 10.0981 14.2027 11.4079 11.8847 24.8252 22.2091 20.3821 
32.1495 23.7234 20.094 38.9745 13.9189 23.1632 8.9137 25.0796 11.3684 27.2315 9.5426 26.3025 20.0765 27.7137 35.6553 
20.2033 12.5094 8.7366 26.4062 12.269 17.0412 14.7459 18.8071 17.3726 13.2839 2.9147 16.3294 27.5079 30.6012 22.7385 
16.2017 10.9163 13.0137 20.5129 21.9881 9.6166 29.4363 12.1377 29.0652 3.9921 20.9987 11.4844 38.3996 28.1918 10.9399 
12.7284 3.813 1.8273 19.6867 12.8303 7.0449 17.9578 8.826 19.2632 9.1246 10.1259 7.1906 26.0978 21.6116 14.2152 
22.9518 19.7475 18.0181 17.9781 12.8214 25.6646 14.088 23.581 16.3122 28.9299 23.8896 22.5315 20.4087 6.5337 23.9537 
20.4612 11.0469 10.2933 28.0562 18.1947 13.105 25.186 16.5377 27.8703 1.6737 12.0721 15.2147 39.1691 33.8934 17.1717 
15.9922 11.0795 6.7859 20.8593 2.1461 13.5059 10.8459 13.5271 8.6273 21.5202 15.7275 10.4771 19.0122 18.6576 20.3918 
3.6385 6.8163 10.7729 8.0701 18.6542 4.8987 29.1845 2.1795 24.2423 13.8069 22.474 5.0028 40.8309 19.4391 2.9653 
25.0729 19.1811 13.3464 27.5772 6.8645 23.6748 2.7814 24.4754 2.1783 28.4881 17.9412 18.7121 12.9027 21.3294 30.7332 
11.7239 13.6005 11.7867 14.0896 4.0544 15.2292 12.2959 13.1281 12.376 19.9348 16.8871 11.8177 21.6056 11.8382 19.5489 
15.5467 15.6664 12.1551 23.4488 1.3068 14.8866 8.9509 17.2375 6.3552 20.994 15.7043 15.0807 19.3026 16.1373 22.4414 
3.1922 6.162 10.5227 8.5851 15.9527 2.8766 22.5928 1.6768 24.7501 13.5657 19.4099 1.9902 34.4133 18.5033 5.2523 
22.9186 15.9103 11.191 28.6768 13.1745 16.4105 13.4633 21.368 11.3988 15.7339 2.073 16.9638 25.7071 26.3356 24.7795 
4.1178 4.2958 7.1763 9.1713 11.678 3.9104 19.0538 3.2013 18.5441 15.8461 19.3455 1.5516 36.4182 19.6121 7.4058 
34.1151 26.9034 22.877 38.5389 12.4314 24.8915 4.5953 26.6487 5.5925 32.8705 16.2561 28.4325 10.1039 28.9368 29.646 
12.3702 14.531 15.226 11.5916 8.8894 12.7894 16.2133 14.2266 17.2959 23.7153 20.3238 12.2407 23.1558 9.2343 17.0319 
28.8021 15.6687 12.7494 32.2773 19.3142 22.0773 17.7055 27.1329 19.2228 15.4046 3.5882 22.6609 27.7767 34.6798 24.3966 
21.3001 18.8311 16.9713 20.5924 9.5344 22.0032 12.3426 22.9598 10.3402 32.5892 25.6379 21.7266 16.3956 9.5047 26.6358 
22.2859 14.0414 11.185 27.0885 16.6516 18.094 20.9299 22.0913 19.5745 10.4692 5.3557 15.7609 30.3438 31.878 20.9167 
10.7658 6.2034 8.9526 18.1017 20.9844 5.924 25.6109 7.5458 26.8042 7.0648 19.9109 8.5349 40.4704 25.4586 7.1186 
22.3435 11.6102 10.9067 28.5097 21.7523 15.4732 25.9212 15.4408 24.667 4.0201 11.2864 14.0686 40.7668 29.1337 16.7976 
4.6653 5.1244 10.08 10.9424 16.0273 2.52 26.3992 0.6325 26.0672 12.9332 21.8073 2.8386 40.5981 19.5031 3.3222 
8.0615 16.7526 17.3187 6.4299 15.7452 12.3492 22.0659 13.8052 25.0183 28.8196 29.9548 12.5512 31.7491 9.8459 13.137 
13.4559 7.419 5.0597 20.3285 5.2529 10.017 11.0727 13.9542 12.3827 17.3696 9.8357 9.7708 20.8507 17.6603 15.4832 
27.7994 21.5596 16.1441 25.6865 7.5539 25.3008 0.9833 26.2542 0.4116 28.6826 15.659 18.6106 13.9797 23.1557 25.0028 
14.1137 7.6401 9.9282 21.176 20.1355 9.656 26.3794 12.3218 26.5522 1.8891 14.7653 11.9973 41.564 31.2848 13.9594 
28.7778 21.7653 16.8351 34.3741 13.53 23.5266 4.2876 30.8379 4.3842 25.4446 14.5356 24.7066 12.0765 22.1448 31.7416 
15.7627 9.131 9.2954 22.1676 19.6347 9.1415 27.4127 9.3891 27.4005 3.7945 17.2416 11.6574 40.0734 31.3548 11.5513 
22.8181 12.2728 9.5572 27.2507 7.9784 19.1036 9.1608 20.1442 9.0311 15.9654 8.5217 17.75 22.0394 23.3729 22.6699 
26.1181 22.6076 17.1819 29.2097 9.8846 27.9668 7.3057 25.0589 6.2395 34.3136 22.862 26.3733 10.6703 15.6259 31.3257 
21.6645 20.0457 21.2699 24.1937 9.3288 28.6493 8.3341 25.9091 9.0537 29.8787 22.7561 25.3748 11.9676 16.508 27.8548 
12.3466 6.9127 1.7031 19.3166 9.7788 9.4929 14.6144 11.3152 15.7838 13.0718 10.5775 9.8313 26.1483 23.6198 13.2769 
5.3433 5.3534 8.0249 9.0729 12.9221 5.0438 18.6647 5.2466 19.1519 17.0243 21.1676 3.3683 27.3185 17.0243 8.1924 
27.6216 25.7004 21.2783 30.2434 12.7322 26.3493 7.4147 32.1546 7.3603 33.5619 20.7646 26.7153 6.3478 18.4196 36.754 
10.5965 10.8144 15.8765 15.4447 23.3126 8.1461 34.5166 9.558 31.2957 11.0539 21.682 12.4268 41.9529 27.6317 6.1957 
24.3689 15.3515 14.0578 34.0501 17.3362 16.8657 15.4585 23.0146 19.8423 13.2826 1.649 18.7014 28.0506 32.8781 23.5369 
16.8233 10.6004 6.8725 24.4538 9.5489 16.1387 11.2575 16.1345 13.1104 13.5775 6.0868 15.47 23.375 27.0285 17.0045 
16.3762 18.0912 18.0707 12.6546 12.2151 19.7091 20.9508 18.4162 20.9148 26.1323 24.9394 14.8517 23.7339 3.7897 21.0086 
26.8635 18.1192 10.6402 28.9741 11.944 18.9845 12.2884 22.1389 10.4569 15.9182 4.963 20.9426 23.7498 30.1673 24.7148 
11.9141 13.3567 15.4123 10.6834 8.8846 13.7031 19.252 13.7395 16.2491 26.0251 25.7606 11.6072 28.7338 10.2699 16.0677 
11.5002 3.5097 6.958 19.018 16.9576 4.2996 24.6897 7.813 22.3402 6.3664 14.2243 7.0443 37.5587 26.1512 10.389 
15.8627 8.926 5.8153 22.2466 15.1951 12.9521 19.6158 16.7688 16.7752 8.9353 7.1334 13.8519 30.2057 28.8145 16.472 
8.2117 3.3903 4.7507 15.3969 10.0394 5.8175 15.7245 7.184 17.886 14.2351 17.7698 3.9915 31.3347 17.0719 9.8151 
11.234 4.2362 2.9989 16.5637 7.2239 7.218 16.3185 9.2443 14.1988 15.3696 14.7504 5.7152 28.4488 21.0491 13.39 
15.7451 9.6765 5.0585 23.2035 8.2229 13.1647 13.0853 16.8291 9.9176 15.4411 7.9502 11.6325 22.7456 22.2962 19.665 
20.9229 11.0407 8.8334 20.4861 4.3142 14.2029 7.5686 18.2765 7.221 19.9877 12.5469 14.2694 18.5273 18.9961 20.4124 
10.86 4.0446 7.4098 15.7363 17.2705 3.8389 25.5399 5.8628 26.637 8.1431 15.486 6.0094 32.8556 28.1562 6.3837 
4.9005 9.7832 13.354 10.0167 19.1854 6.5591 29.613 5.3393 29.3374 14.2884 23.3098 8.5391 39.2172 23.191 2.0006 
13.0896 12.2225 7.8322 18.6001 2.1829 11.5261 10.2289 14.6231 11.5315 21.1445 17.3118 11.6421 24.1728 13.4338 17.1433 
10.3274 12.4072 11.7127 10.7916 9.6968 12.4572 17.7386 10.2611 16.2451 23.5285 22.069 9.8719 25.8571 11.2468 15.5827 
15.1108 13.3016 12.3882 15.3108 7.8227 16.8727 14.6685 14.9302 13.3818 26.976 25.4099 14.1976 22.5729 8.9055 17.2854 
28.8653 23.2004 21.2331 27.7663 14.706 25.6808 12.21 27.7087 9.754 36.7625 24.1395 23.4201 11.3437 13.4698 33.052 
9.9883 10.5664 17.3924 15.5919 22.6248 8.0968 35.891 7.8137 35.0244 14.3013 23.6016 10.0202 47.7006 31.6836 3.8591 
14.542 15.8177 11.6491 14.8937 6.0506 15.0323 15.3426 16.2975 11.6691 27.3313 22.4882 12.7963 23.6253 10.8393 18.5457 
36.5541 34.2485 27.0303 36.9646 17.1405 34.3538 9.826 29.7725 11.9489 33.3425 24.6211 27.6422 1.4652 26.0095 41.8521 
EOF