I 200
J 20
bounds (0, 100)
cv 1.5
D 10
k 5
t 3
FLR 0.8
FCR 2
abounds (80, 120)

a 
104.0 75.0 99.0 
94.0 109.0 72.0 
108.0 99.0 93.0 
86.0 96.0 111.0 
80.0 108.0 95.0 
99.0 92.0 77.0 
76.0 83.0 80.0 
90.0 100.0 87.0 
77.0 85.0 100.0 
98.0 89.0 77.0 
118.0 95.0 104.0 
105.0 111.0 99.0 
86.0 100.0 97.0 
74.0 104.0 91.0 
94.0 82.0 91.0 
99.0 97.0 98.0 
102.0 107.0 119.0 
100.0 87.0 122.0 
91.0 98.0 100.0 
79.0 95.0 95.0 
82.0 86.0 97.0 
97.0 95.0 110.0 
90.0 80.0 87.0 
77.0 89.0 81.0 
85.0 109.0 82.0 
86.0 82.0 101.0 
79.0 103.0 89.0 
92.0 80.0 105.0 
102.0 107.0 113.0 
101.0 94.0 91.0 
87.0 81.0 90.0 
74.0 88.0 103.0 
77.0 95.0 80.0 
100.0 101.0 105.0 
95.0 101.0 107.0 
113.0 85.0 109.0 
87.0 100.0 86.0 
80.0 78.0 105.0 
96.0 109.0 79.0 
77.0 105.0 99.0 
75.0 80.0 72.0 
77.0 100.0 94.0 
109.0 111.0 85.0 
70.0 93.0 93.0 
88.0 98.0 79.0 
83.0 84.0 86.0 
79.0 88.0 94.0 
91.0 85.0 85.0 
83.0 90.0 117.0 
100.0 86.0 101.0 
97.0 86.0 85.0 
77.0 95.0 94.0 
78.0 89.0 87.0 
100.0 81.0 110.0 
94.0 88.0 84.0 
99.0 95.0 82.0 
94.0 91.0 116.0 
92.0 84.0 83.0 
93.0 91.0 85.0 
93.0 105.0 91.0 
83.0 113.0 91.0 
81.0 93.0 103.0 
97.0 76.0 89.0 
107.0 85.0 98.0 
97.0 90.0 70.0 
118.0 89.0 78.0 
92.0 92.0 79.0 
76.0 90.0 92.0 
110.0 108.0 103.0 
99.0 92.0 106.0 
102.0 102.0 102.0 
98.0 98.0 99.0 
83.0 98.0 96.0 
92.0 100.0 98.0 
96.0 90.0 82.0 
84.0 88.0 86.0 
95.0 104.0 83.0 
87.0 81.0 107.0 
88.0 115.0 112.0 
83.0 86.0 98.0 
105.0 66.0 107.0 
98.0 93.0 87.0 
100.0 88.0 99.0 
85.0 94.0 87.0 
81.0 84.0 85.0 
88.0 96.0 90.0 
101.0 99.0 99.0 
101.0 89.0 103.0 
103.0 116.0 98.0 
98.0 84.0 110.0 
96.0 100.0 90.0 
108.0 86.0 103.0 
102.0 97.0 92.0 
91.0 82.0 101.0 
76.0 91.0 93.0 
103.0 101.0 81.0 
93.0 87.0 88.0 
93.0 78.0 85.0 
82.0 82.0 91.0 
105.0 102.0 85.0 
94.0 74.0 107.0 
94.0 83.0 89.0 
96.0 90.0 115.0 
94.0 82.0 99.0 
82.0 79.0 106.0 
92.0 108.0 95.0 
90.0 86.0 106.0 
112.0 96.0 103.0 
105.0 91.0 77.0 
104.0 98.0 101.0 
94.0 87.0 82.0 
84.0 83.0 83.0 
80.0 104.0 87.0 
90.0 85.0 86.0 
90.0 94.0 97.0 
81.0 72.0 94.0 
113.0 105.0 102.0 
98.0 93.0 95.0 
109.0 92.0 85.0 
82.0 97.0 80.0 
81.0 107.0 88.0 
68.0 109.0 78.0 
99.0 95.0 97.0 
88.0 94.0 100.0 
77.0 95.0 99.0 
92.0 88.0 95.0 
82.0 94.0 94.0 
81.0 86.0 114.0 
85.0 112.0 84.0 
87.0 109.0 89.0 
89.0 79.0 101.0 
100.0 81.0 93.0 
106.0 107.0 90.0 
88.0 90.0 92.0 
111.0 95.0 79.0 
95.0 78.0 95.0 
84.0 101.0 88.0 
86.0 83.0 88.0 
98.0 88.0 79.0 
82.0 91.0 101.0 
99.0 98.0 113.0 
92.0 91.0 102.0 
99.0 93.0 90.0 
99.0 104.0 75.0 
89.0 88.0 102.0 
108.0 88.0 76.0 
78.0 95.0 98.0 
80.0 82.0 90.0 
90.0 100.0 109.0 
91.0 93.0 96.0 
91.0 94.0 111.0 
91.0 105.0 96.0 
92.0 90.0 106.0 
103.0 93.0 91.0 
104.0 84.0 77.0 
81.0 87.0 107.0 
94.0 90.0 81.0 
89.0 88.0 101.0 
86.0 83.0 90.0 
100.0 105.0 75.0 
95.0 110.0 100.0 
105.0 95.0 95.0 
97.0 86.0 98.0 
84.0 82.0 83.0 
100.0 78.0 91.0 
87.0 94.0 89.0 
78.0 97.0 90.0 
72.0 104.0 91.0 
112.0 91.0 93.0 
83.0 93.0 103.0 
115.0 96.0 81.0 
93.0 101.0 106.0 
79.0 86.0 94.0 
99.0 100.0 81.0 
100.0 92.0 80.0 
100.0 71.0 85.0 
74.0 93.0 86.0 
80.0 108.0 92.0 
91.0 98.0 96.0 
105.0 94.0 106.0 
90.0 92.0 97.0 
117.0 117.0 88.0 
103.0 105.0 79.0 
94.0 94.0 86.0 
100.0 90.0 89.0 
89.0 98.0 88.0 
92.0 85.0 87.0 
102.0 104.0 109.0 
89.0 96.0 98.0 
105.0 93.0 76.0 
83.0 97.0 100.0 
98.0 91.0 99.0 
95.0 78.0 83.0 
79.0 98.0 86.0 
108.0 106.0 106.0 
89.0 94.0 103.0 
93.0 98.0 95.0 
101.0 77.0 94.0 
76.0 106.0 94.0 
97.0 82.0 82.0 

Icoords
69.1112 76.8522
57.4937 58.79
55.9491 69.8456
14.2868 70.8394
55.0143 55.2337
18.3045 2.5495
52.8889 47.7534
11.1028 4.7706
1.7993 81.4536
60.0986 52.753
39.9655 73.6377
51.3879 72.5716
38.4831 87.3051
11.9147 23.9979
11.9691 98.5653
44.4371 81.7206
43.8851 30.6771
95.2309 7.9953
25.992 71.0265
94.3723 51.4542
76.2006 98.6598
52.8137 92.4779
56.6041 59.3699
45.1124 96.4157
86.857 58.0667
77.395 53.9913
85.3674 28.9053
79.1421 12.3435
54.5854 2.6385
33.9575 89.7915
80.8736 80.6962
31.9017 34.7905
40.0476 73.0836
62.4924 28.5234
10.2334 73.0207
31.9634 82.0628
26.7088 19.9485
82.5953 55.1689
59.4436 26.2324
17.2229 42.0948
73.5808 27.0541
84.8146 98.4432
71.2039 88.2554
86.8971 55.2888
43.9549 49.7336
44.4676 16.5717
44.5996 8.4009
83.7826 37.746
60.471 25.4478
83.9736 65.049
34.7128 82.669
92.5454 25.4584
56.3539 67.2851
2.4745 82.7602
24.4558 73.2412
36.152 60.0726
82.3845 32.2462
47.1019 17.1469
22.9575 74.6131
69.2625 10.2123
29.5573 48.9418
39.5591 71.4969
84.834 6.982
15.6467 34.9781
99.1905 2.8545
85.1996 54.3576
22.214 88.9244
36.1459 5.307
44.5884 98.4915
90.4615 12.0932
84.6127 65.9254
6.7953 65.8957
3.8291 32.8738
81.574 16.6676
14.7874 49.1266
9.8407 18.4969
18.2544 49.971
72.3971 28.8835
14.9613 69.7844
14.5711 87.4654
90.5459 0.4883
61.6225 58.5688
77.6856 68.47
36.7747 59.0849
44.6335 49.5706
6.9396 31.8769
56.4086 72.1652
49.5151 3.2336
29.4142 53.6125
16.5658 83.1807
37.1753 6.2332
17.7794 32.356
53.5303 1.3141
85.8851 76.3065
29.2995 38.81
44.8255 76.3876
94.2151 22.7712
43.5246 58.1206
9.6522 13.4364
32.8909 74.535
43.1882 33.9248
95.8637 56.888
71.4688 4.1389
75.3391 46.7002
92.8463 49.7898
48.3409 68.2544
13.76 15.1769
12.8067 37.8444
6.4964 86.8736
83.2701 56.1
73.8615 72.5013
89.5091 1.3296
43.166 65.9935
93.0415 28.6327
21.691 2.7016
19.9575 78.2312
65.0933 43.5029
29.7544 82.4739
22.5838 15.4382
46.8614 23.4606
78.7876 84.3355
15.1439 92.4646
12.8506 92.5398
55.7408 43.9951
49.8345 92.8986
59.7289 74.168
68.5631 96.4352
81.2871 64.4067
21.8824 65.3031
27.8895 7.8144
71.3626 88.3724
59.9674 51.1064
79.8692 3.4591
43.923 73.3368
98.6257 92.9663
92.6789 94.3354
77.221 26.8092
79.7858 83.5046
93.6423 65.5681
78.074 19.5407
66.3217 52.5059
29.1096 89.8579
64.3852 83.3944
42.0606 13.9524
76.2562 45.4962
25.3279 98.985
60.0344 14.8269
11.3436 58.7722
31.9121 66.2341
58.7341 2.9498
13.9722 21.1338
24.5297 21.3128
29.362 29.5493
29.9128 90.4125
67.8443 73.9469
38.5959 0.3914
39.4387 39.4278
7.0947 22.6312
20.7895 68.1886
22.5207 15.7457
71.1092 64.8654
22.6894 98.6108
54.245 39.5477
81.828 38.6607
16.8413 86.5274
77.5572 74.4215
72.542 8.8513
81.0628 45.6644
62.8955 80.0882
57.0318 80.4572
22.962 13.3816
76.4491 7.0278
26.6806 21.38
92.6725 43.6857
8.1388 77.011
9.5809 12.204
5.257 98.5233
85.0882 60.6774
92.0335 21.3523
21.1203 34.4456
96.5171 83.5478
62.0877 38.3626
89.3238 98.4182
30.6475 20.6872
87.1351 35.3866
7.4571 91.5355
73.2448 42.1145
96.6924 49.3451
77.6272 19.0478
67.9633 90.5792
39.0478 78.5039
77.6561 72.8484
27.5102 28.6334
2.9748 79.3627
44.2058 60.6376
58.3202 10.115
3.0404 91.0583
23.0638 84.1746
25.8353 1.737
18.4084 53.5684

Jcoords
35.4183 36.9763
97.4235 49.8169
47.1997 50.4944
63.3883 96.4223
64.4638 6.0595
81.6637 31.5816
51.0515 30.2384
70.5339 13.6806
5.6879 63.6694
98.6308 18.8543
82.2978 74.7215
26.4042 7.2444
92.0069 32.134
21.7593 27.4126
72.7245 64.1637
61.3931 10.3822
45.08 58.623
31.632 57.1474
24.1824 6.9116
3.6583 43.0029

C
18.5221 14.9816 12.7815 6.59 23.5822 16.4707 17.0766 22.8486 19.9649 24.8338 5.2936 29.6933 15.9458 22.4884 4.1598 20.2824 10.56 12.9952 29.5687 25.2675 
10.5332 15.5886 5.0423 13.3852 16.0631 11.3439 10.6687 16.5427 15.6261 18.8283 8.9353 22.0617 17.2166 17.8474 6.357 18.0612 4.159 8.6759 23.5943 19.1758 
13.0409 18.0729 6.5432 8.7293 25.2002 15.0983 13.8404 21.331 18.7517 23.234 8.5131 26.0832 17.2285 18.01 5.5897 23.1922 4.7901 9.5796 25.7032 21.3952 
12.0625 29.0962 14.185 18.6474 31.4732 27.5892 19.3842 29.8076 3.6085 31.7048 24.1287 23.2284 33.0455 16.2512 18.4511 27.0088 11.7903 6.9675 25.5005 9.0582 
9.3125 16.4003 3.2061 12.975 16.5044 13.6327 8.3287 14.6998 19.4065 21.2817 12.6705 16.8729 16.8344 14.3515 6.6445 15.1583 3.9425 7.3126 17.8553 18.0708 
13.7021 29.3723 21.8934 39.6244 15.8552 23.0617 15.7599 19.4972 19.6275 24.7696 33.6249 3.0286 24.1829 9.225 29.4133 16.3354 22.1026 18.0574 2.7046 17.192 
7.5827 14.4848 2.2627 16.9729 16.5814 11.0609 5.6215 12.175 15.4318 16.8487 13.3193 15.3423 14.8477 13.3721 8.9898 13.5025 4.9493 7.8621 16.5339 18.3346 
14.5396 35.2276 19.4572 31.8661 19.5198 27.1965 16.0084 18.263 18.3889 29.6547 32.408 5.9691 30.5413 8.3456 26.8822 16.4812 21.4967 17.3438 4.1073 12.986 
20.0044 34.7389 21.5959 22.3421 32.7539 35.2712 23.8673 35.6574 6.9049 38.3155 32.1341 29.2166 37.5667 18.2794 23.1636 33.5291 19.0693 11.8752 30.5327 12.6535 
10.3577 14.1711 5.0364 14.7758 18.0741 10.2236 8.9948 14.826 17.6308 19.0093 10.219 21.0304 14.1743 14.7705 5.7555 13.2725 5.2035 10.9685 21.0115 18.7294 
12.9335 22.5413 7.6501 9.9043 23.8072 19.5261 15.449 26.5364 13.508 26.119 15.8756 24.9236 24.7754 18.5907 10.2543 20.3898 5.669 6.4095 22.3872 18.8167 
15.1802 16.2838 8.685 9.7827 24.2061 15.7055 16.3115 22.7513 16.305 25.1522 10.0731 25.6266 20.2382 19.2495 7.1025 20.2447 5.0993 8.4891 23.1414 22.0487 
18.6309 24.3435 12.8655 9.5159 28.3618 21.9454 19.8326 31.9989 14.3751 33.6241 15.3579 27.6178 25.0204 23.8909 15.4608 27.7867 9.1501 11.2602 31.4374 21.3571 
8.2506 33.7279 16.6531 33.6574 17.2798 27.3975 14.2117 19.3857 13.035 30.8557 34.0692 7.139 31.928 3.7356 23.3208 19.5571 16.4887 11.9066 7.5828 8.046 
21.1084 36.4896 22.3018 19.0879 36.61 36.8971 30.1871 38.0437 12.4914 44.3196 27.0457 30.5285 33.1704 26.7397 25.7911 35.7855 15.6216 13.8004 27.9149 21.8823 
16.3132 22.167 11.4045 7.7568 23.6209 22.9184 18.3537 26.8975 14.6239 31.5486 14.9504 24.7893 24.6823 22.9761 10.9234 22.555 7.7083 8.5262 23.3205 18.3202 
3.2461 18.939 7.8381 26.3199 10.8034 14.4129 2.5912 10.1555 17.7866 19.3003 20.8637 10.9426 18.2995 8.6174 17.2885 9.3838 10.1732 9.0219 12.234 14.1407 
25.4956 13.2715 20.4203 31.1656 9.7694 8.2474 14.8685 7.6079 36.4295 3.796 24.319 26.4448 9.259 26.1192 22.5278 13.389 28.1271 25.7453 21.6936 29.6657 
11.8959 28.9188 10.1957 17.1279 22.7568 25.2721 14.4523 25.6248 7.0251 26.9821 20.3758 19.7984 25.6676 13.4918 18.3834 23.1589 8.1313 4.6936 24.5209 13.825 
21.7023 1.052 17.9246 18.8456 16.3357 9.1383 15.9761 16.1291 32.1741 9.9814 8.5719 31.4919 6.6549 28.9819 9.4513 18.5728 18.166 24.9409 32.8365 32.6618 
24.3135 19.0545 16.9848 4.677 35.3203 21.664 22.598 30.4816 28.8183 28.8318 9.6958 32.2184 24.6844 30.5762 11.5696 35.0435 19.5079 22.4624 33.1804 29.1216 
22.0615 21.1471 14.6259 4.212 30.3631 20.7342 20.5161 25.3441 19.3871 33.0474 10.5113 32.2482 23.6156 23.8783 13.6795 27.7839 13.7415 15.2993 31.0299 26.3906 
10.6045 15.8466 4.5854 12.5925 19.8519 11.6522 9.6501 17.7019 15.7022 18.7387 11.6819 19.163 14.8027 16.0233 5.8006 15.4161 4.6008 9.0982 24.3037 21.5021 
21.0847 23.2797 18.0887 6.7054 29.505 28.6025 23.4412 31.7215 16.4924 32.6708 14.8741 29.7665 30.2044 25.555 12.7372 29.8756 11.5457 16.1628 30.6733 25.1178 
16.9786 4.9038 14.5467 16.3271 18.7933 9.1494 17.5542 18.4677 28.7778 14.0799 6.4443 25.6045 7.9582 26.7453 4.9576 18.3147 13.7375 21.2867 31.8669 25.6529 
14.8429 7.9053 9.3562 13.5434 18.6369 8.3312 13.1171 15.7101 28.0602 13.9097 6.6292 20.9327 9.6727 22.7889 4.2826 15.7055 10.391 13.9679 25.9758 27.9715 
15.9026 9.0759 14.1242 22.5226 12.3245 1.5596 12.26 7.6289 27.5665 5.9244 16.4895 22.9781 2.4149 19.7367 13.402 9.298 15.7696 21.1922 22.3857 24.9495 
19.7127 12.596 15.0268 27.2366 5.6523 7.503 10.1484 2.9262 32.6806 6.1848 23.5403 18.0993 8.1388 20.9963 20.594 6.9499 18.3193 26.0105 21.1853 25.3625 
12.1515 23.5082 15.9358 30.4347 4.122 13.5512 8.3865 5.8233 25.6194 15.0851 28.0023 8.7493 17.7871 12.8312 20.2244 3.6314 20.3066 20.2748 9.6035 22.6987 
21.0655 25.7646 14.2361 11.5847 30.5846 27.7263 19.9938 32.0041 13.1099 36.6022 17.7728 27.1223 30.3543 20.352 15.4613 29.9346 13.1348 12.7176 31.3789 21.734 
19.9737 11.7191 16.2162 9.094 23.6594 15.1145 20.3559 26.5742 27.891 19.8684 2.0779 35.709 17.5175 30.624 5.9148 22.8154 13.7848 20.3648 34.2884 28.9393 
1.4695 20.429 6.7152 23.0397 14.0351 19.5971 7.0348 15.6196 11.9658 23.374 21.4498 8.7133 20.0346 4.8036 15.842 13.4867 8.7474 7.821 9.4941 9.8504 
14.4811 22.0413 8.6485 10.9947 25.3446 23.0039 16.7122 20.2444 11.3719 25.346 15.0608 25.6311 23.4061 16.781 11.0492 20.6588 5.3849 6.2518 26.797 15.3535 
10.4688 13.5697 8.8285 22.9111 7.1011 7.6296 4.3637 6.1751 20.3534 11.7616 17.7534 14.7385 9.5864 14.9953 12.1252 6.163 12.2923 16.5041 15.9535 22.6908 
13.5036 30.4148 15.3286 17.7719 26.0483 29.7041 23.0905 30.2619 3.9417 35.0829 25.3665 22.19 34.7874 17.2127 21.5855 27.0772 14.6065 10.0338 21.7558 10.3989 
16.8575 25.6057 11.5675 13.0807 29.3858 26.3954 17.4354 30.9329 12.6531 28.7641 17.5643 23.9253 24.9499 20.9592 14.8111 27.1049 9.4172 9.9346 26.2395 15.6917 
7.4725 26.5219 14.0434 32.162 12.0767 19.065 10.1749 15.5259 18.3714 25.3698 24.0129 3.9686 21.6281 2.7289 22.7375 12.1826 15.7049 11.4221 4.4473 10.9572 
15.6948 5.0241 11.9319 13.8382 17.5999 9.388 15.9016 16.8331 29.0546 13.3582 7.1806 22.5472 9.8414 22.3141 4.2467 15.9805 11.6074 17.9883 24.7611 29.4796 
10.3667 13.5417 9.7618 22.6649 8.2093 8.79 3.2826 6.0884 25.3251 15.8426 16.6337 12.4267 11.702 11.3372 13.1659 5.6532 12.2561 14.6833 15.2829 22.5375 
6.0315 30.8428 10.5816 23.8618 18.3714 20.5085 11.0801 23.5118 9.2354 31.8577 22.6177 12.9634 25.372 5.7918 18.7368 21.723 9.902 7.8974 14.3424 4.1315 
15.4413 12.0747 13.6256 24.4484 7.1459 3.287 7.0421 4.3604 25.4861 8.706 18.0651 16.7879 6.5273 15.7645 12.2977 7.6143 13.7248 16.3863 19.4451 23.0933 
26.5585 17.1099 20.4705 8.4428 34.3582 20.228 27.017 29.8959 27.8739 25.9301 9.4704 36.129 26.2057 32.5688 14.4451 35.884 16.9886 25.8222 40.7438 32.7978 
22.8426 14.4567 17.0388 3.8185 25.0962 17.9521 18.677 27.728 27.2702 23.2902 6.2211 31.2064 23.8394 28.718 8.9389 30.956 12.3765 18.5486 36.8874 30.9033 
21.5605 4.1475 12.0997 16.2268 17.6473 9.5971 14.8993 17.0793 27.9782 12.643 7.0533 30.823 9.1528 24.9045 5.0768 18.0701 12.7779 20.8191 25.8368 26.3865 
5.6688 16.7571 1.1885 15.3384 17.4327 15.5097 6.919 14.2078 13.1503 24.6966 15.7391 17.2944 18.0694 12.5755 10.4314 16.4033 3.3395 5.0248 18.7157 12.5016 
8.2722 24.8918 13.4394 26.1284 6.9016 14.2592 5.487 9.8951 21.0297 17.6404 21.9702 7.7801 19.1033 9.0059 19.0011 7.115 16.4985 13.2609 8.2457 15.1698 
9.7096 25.7891 14.1999 27.4783 7.7487 14.0897 7.742 10.4304 24.2319 20.5879 23.7097 5.5334 20.1037 9.884 21.5279 5.2218 15.2783 15.2889 6.2561 20.4342 
15.048 6.2113 12.5365 21.3815 14.5513 2.1713 11.1019 9.2606 28.8491 9.2533 13.6661 23.088 3.7307 19.8066 9.1816 11.7418 16.5827 20.1092 26.6067 28.1118 
10.0411 14.2531 9.507 23.1714 6.4473 8.3418 3.6828 5.5306 26.6594 11.6214 19.2555 14.1484 11.8438 12.0587 14.4039 5.5032 14.5847 14.6907 12.3591 22.8992 
20.466 6.8439 13.162 11.3697 19.4971 12.6372 17.0282 17.2142 24.4759 16.9819 3.2787 24.5969 12.641 27.3327 3.4224 18.8974 11.9327 18.5536 27.6709 29.2584 
16.4376 25.9321 13.774 10.6286 32.1091 21.2874 19.3419 25.4811 12.2596 29.9232 15.6793 25.6857 23.935 20.8232 13.2284 29.9892 8.259 8.2082 28.0703 16.4177 
19.6509 9.6363 18.611 26.4301 13.6454 3.8732 16.4024 7.7514 30.2323 3.1117 16.952 25.4312 2.2208 23.3046 14.8198 13.6981 22.0324 21.8212 28.1566 35.3438 
13.6553 17.7226 6.6896 11.3513 22.7464 13.7989 12.5371 18.1649 16.2594 24.3071 10.002 24.0204 19.3009 21.1153 6.1929 22.7189 4.7898 9.1943 21.2961 21.2183 
19.3241 39.1353 16.7322 22.505 37.2286 29.9741 27.2933 35.677 7.0139 40.929 31.8261 25.7771 36.7397 18.6969 27.9633 33.4672 18.8673 13.397 27.5182 13.2291 
13.2145 27.3665 11.9017 14.1598 25.4516 25.0664 17.3329 22.5987 7.4559 33.9213 23.0402 25.1756 29.0682 15.5031 17.6371 27.6031 8.2032 5.5701 24.3896 13.7331 
8.2657 20.3269 5.3369 15.2162 19.1549 18.9325 12.7189 20.0082 11.7856 24.8952 15.3331 16.4276 23.1013 13.5982 12.7256 21.0618 2.9296 2.0965 20.5652 12.6006 
16.6299 7.5929 13.6702 26.1155 10.0684 0.3147 11.504 8.5238 30.3108 8.3438 15.8943 23.9905 3.5904 21.0551 10.0042 10.1325 14.5241 17.3215 19.4874 30.8455 
7.2154 21.4548 12.0285 30.6891 7.5335 11.7684 4.1201 8.5557 19.732 18.8235 26.4388 9.1113 18.1218 8.222 20.8612 5.7079 15.871 14.4532 9.5384 15.7987 
12.0722 27.5956 10.6624 18.0628 25.7008 28.8387 17.1479 30.3428 7.9756 31.7523 17.9386 24.986 24.71 15.024 16.8117 25.3076 9.3162 7.2349 23.1171 12.7219 
14.3985 17.5966 16.525 29.172 2.52 9.2256 9.371 1.4226 29.6284 9.9402 20.9943 13.116 9.9127 16.6872 21.2249 2.8203 17.4357 20.8567 15.3005 29.095 
4.9631 22.8999 6.9975 18.5104 18.6228 21.4911 9.3797 18.8505 9.0733 25.1868 19.6599 13.1973 25.8041 8.0669 17.183 16.7912 6.0481 2.7423 15.0338 8.9731 
12.6938 21.1021 8.6826 12.4623 26.0391 21.9654 15.2772 26.1839 12.9808 30.2335 16.3597 22.2531 23.3451 17.0154 13.3556 23.0452 5.5401 5.7574 25.4342 15.029 
18.0413 17.2024 19.4565 36.0268 7.3734 7.9171 15.0684 4.9632 36.7702 5.557 25.2778 18.2595 9.0129 24.6573 18.7449 8.5128 20.7046 24.0795 18.2137 34.591 
7.5594 28.0504 12.3593 26.4871 19.2802 26.2566 13.4488 19.8465 11.2037 33.2311 28.9839 10.1675 27.226 3.7602 19.3089 15.8934 12.576 10.0798 9.1088 4.54 
27.3541 18.3753 23.7289 31.2673 12.4118 11.2195 21.2559 9.2298 34.0755 5.8051 25.1598 24.9163 10.9949 28.212 20.4473 13.2731 26.1477 29.0261 27.4931 38.9425 
20.4744 4.9722 13.888 18.8775 17.2716 8.0717 14.6115 15.0432 25.9459 11.4029 6.2449 28.9844 8.9764 23.8827 6.2472 18.6072 12.4709 16.3066 26.4806 25.1265 
19.8106 26.2785 17.5744 16.5397 35.4942 29.0498 19.6688 30.4932 10.5183 38.4753 24.1958 25.2232 33.5441 19.2045 18.0853 27.4111 13.8481 11.6896 27.3099 16.5921 
9.5128 25.6369 14.3467 30.6795 9.0253 15.7776 9.9836 13.5767 25.8654 20.6899 27.2244 3.6045 20.2886 8.9437 25.8964 8.063 17.099 17.349 4.6556 17.4024 
19.9459 23.3619 15.5452 5.9294 37.3073 27.8366 22.5009 35.1482 18.4978 31.0383 17.184 29.8105 30.5275 26.3309 13.462 31.5466 14.892 16.2822 34.6968 26.3945 
19.928 14.0822 20.4199 34.2051 9.4505 8.1573 16.6214 7.2606 34.3635 3.6097 24.1453 24.2444 7.3024 27.3956 17.9218 10.8758 22.2482 27.2169 21.5399 29.034 
18.3912 7.8725 16.0222 12.1908 21.1289 11.9922 16.132 19.1761 31.0538 14.9061 2.7296 31.5656 13.0892 22.9104 3.6691 22.9427 13.8695 17.9422 26.7925 27.4203 
14.111 29.8221 15.3632 23.6178 28.072 27.3262 20.9659 26.4572 0.9148 33.9471 26.8339 19.7401 31.319 12.8949 22.6875 26.4189 13.3081 10.2854 18.5772 8.494 
11.3912 32.1205 17.0167 33.8194 19.903 29.301 16.1374 27.4174 11.557 29.4111 30.254 12.3774 32.865 7.3343 23.7673 22.842 15.6533 12.3605 9.9133 3.8506 
17.3567 13.6539 15.1915 25.4322 7.8212 4.4862 12.3593 3.4654 27.5376 5.3636 22.6312 19.7234 7.2647 23.8227 17.876 7.2056 21.9256 24.1141 21.0156 30.6942 
8.8325 24.8661 10.4006 26.4684 22.0775 21.3157 13.485 23.9604 6.6218 31.2974 28.8148 15.8772 25.8787 7.0173 21.6143 20.2973 11.1524 6.3451 15.6298 3.9988 
11.6279 36.6756 18.677 30.5208 17.5122 27.8004 14.4964 23.3673 17.7687 35.463 29.1005 6.3317 29.8179 5.6367 30.6824 19.5754 21.0356 15.5695 6.5597 9.2174 
7.9827 26.3792 9.5998 21.9172 21.221 22.322 11.7544 20.0914 6.6903 25.8568 22.6783 17.1682 30.0177 8.5335 21.3503 23.1394 10.708 5.4226 15.1782 5.6706 
13.9946 10.3461 10.845 23.4459 8.1648 3.1213 8.3822 6.0638 26.9714 8.5408 18.064 16.494 6.2495 18.1208 12.652 8.2425 14.4445 18.7655 17.4586 26.9187 
12.3414 26.7517 11.5111 18.9133 26.5641 23.7829 16.7469 24.2432 4.4332 35.9873 25.9604 22.3668 30.288 15.406 19.7613 26.5092 10.2239 6.5372 21.167 10.6305 
19.5444 28.6393 15.9715 15.2817 33.0452 28.5966 26.169 33.8571 9.718 42.7621 22.9833 31.9572 35.0712 23.0072 20.4609 34.9845 16.6173 12.1621 27.3798 17.1179 
25.5975 17.1332 20.4092 37.6681 8.0011 9.8111 19.7536 7.3034 37.9066 7.8722 26.3058 21.4709 12.0825 27.3608 20.5706 9.4144 25.4987 32.311 25.416 31.902 
13.2931 11.3661 6.2199 14.741 17.5585 13.1333 9.2741 14.6125 17.2432 17.3386 9.322 20.4851 12.6421 19.4383 4.9455 14.7886 6.3342 10.1031 20.9833 20.076 
18.0427 8.5057 14.082 10.2479 20.472 11.2531 17.5241 18.2615 23.9635 16.8029 2.7696 26.5789 14.3923 21.8336 2.1429 20.8257 11.09 14.9436 32.6077 24.5738 
8.3285 19.0746 4.6604 17.5933 18.239 16.0619 10.7341 18.3883 11.5794 28.0395 18.1272 20.1055 23.5134 12.0331 14.4211 20.0495 3.2224 1.6734 18.259 12.0127 
4.7066 16.8296 0.8692 16.1189 17.8644 12.5769 7.4899 16.9736 15.9587 23.9482 15.6069 13.8992 17.9155 9.9425 11.3928 14.2399 3.3707 5.4685 16.8937 16.3835 
9.6516 29.2879 17.299 34.0759 21.7656 23.897 13.3575 21.9871 9.7456 28.0242 28.4158 10.0966 26.7878 5.6617 22.2994 22.3983 16.0993 12.5074 9.6849 3.6389 
13.7344 14.7645 8.2294 7.6935 25.8054 18.0493 16.2435 21.7681 20.3086 26.7058 10.0002 24.3594 17.8388 21.8696 6.4094 24.6323 6.1566 10.5171 23.2742 21.1203 
11.4242 25.0383 16.4523 35.2178 5.6016 15.0617 9.2912 7.4969 24.6286 19.6522 24.0185 8.0361 18.7774 13.237 23.4071 5.408 19.1761 19.0231 10.0064 21.603 
5.8277 26.524 5.6716 21.2818 18.0235 18.1 11.0461 19.0125 7.919 29.3704 22.281 14.0141 19.8923 10.7243 14.6391 19.5841 5.885 1.4201 16.8799 9.9361 
17.0816 26.5123 13.6633 16.2131 31.8473 30.1701 23.6685 32.5839 8.5848 40.009 22.2217 23.6834 34.3404 20.7739 21.7777 27.8366 12.377 9.8116 30.0692 14.8503 
9.9308 27.067 15.0487 28.7587 9.0327 17.2554 9.6352 10.6675 23.4559 19.9131 26.8768 3.7713 23.9169 9.6924 25.6716 9.5162 17.4419 19.3798 4.0749 16.6027 
6.9727 28.8066 11.7857 29.7112 16.6155 19.9717 13.0124 19.212 10.2815 25.9192 25.8723 8.5071 25.9797 2.0423 21.3382 16.9072 11.5853 10.2918 8.4066 6.2588 
14.4833 21.8225 15.2378 36.8033 4.3361 14.9838 10.3145 6.81 30.0152 19.2404 31.3243 10.5903 15.312 14.1974 19.8723 4.3532 21.2192 18.8619 9.5307 25.864 
24.774 10.497 16.0121 9.4007 29.0824 14.2857 17.5922 20.827 30.3638 21.4152 1.5221 28.3099 17.4811 29.4576 6.8493 26.2671 13.8753 21.9963 35.7323 30.5091 
2.4637 21.0956 6.9109 24.5342 14.8196 20.547 9.2818 17.0313 10.6251 26.3117 19.6475 12.115 23.3392 5.4445 18.0471 15.7131 9.2047 6.0761 11.5592 7.9452 
15.786 20.289 8.2608 9.573 26.4911 23.1732 17.5745 24.825 14.7942 26.3336 12.2018 27.5916 20.8164 19.3641 11.5807 20.6472 6.5345 7.5493 26.5487 20.8883 
18.8421 9.4261 19.8018 26.4517 12.2401 5.6555 13.1808 8.4494 32.5222 2.0098 16.3897 20.9671 3.3255 23.8069 18.3104 10.851 23.2593 26.4405 23.0784 28.0688 
7.6087 18.6891 3.2609 15.3126 21.4693 18.0699 11.09 18.8931 12.9638 22.6339 13.0666 17.0003 18.5541 14.3594 10.9047 18.4879 0.62 3.7826 17.2103 15.6007 
12.3721 31.2495 17.7046 38.7055 17.4988 27.3434 14.0024 18.9831 15.9784 27.1263 32.828 6.1866 33.6958 5.8062 30.2313 16.5704 19.4421 19.2622 6.0335 9.3309 
11.8841 25.3683 9.1931 14.7977 27.3716 24.6444 17.2062 22.7619 10.314 32.7634 17.3518 21.4165 23.9347 16.8887 15.4685 24.8085 6.5464 5.9499 23.3386 13.4282 
2.657 18.9723 5.331 24.9653 11.5098 12.5932 2.8338 11.6293 14.9385 18.4486 16.9658 11.4609 15.95 6.7593 13.3913 9.178 8.1594 9.1202 10.8799 14.8324 
24.8453 2.5887 18.2733 15.5125 22.0938 11.3722 18.3055 19.0522 31.6145 11.4631 8.4138 28.6523 7.5208 30.138 9.0718 20.7123 18.2166 22.963 31.458 34.3794 
17.7306 19.8274 17.7274 30.7368 2.4224 10.3166 11.0312 3.4936 27.21 11.6308 24.7073 14.6356 13.1905 21.4009 23.4508 4.3952 18.1918 19.9126 18.9139 30.9115 
13.8097 7.137 8.9072 20.4143 14.1273 5.0033 11.3578 12.7597 23.9726 13.8859 11.5057 24.1634 8.7281 19.5096 6.4717 13.8186 10.0822 13.7916 20.9202 27.0668 
22.9653 1.8259 18.0051 21.9527 15.8329 8.2993 15.0053 15.6883 34.2524 11.9246 9.4587 30.2884 6.4605 23.3042 7.9601 17.9549 18.9496 23.1206 28.0014 33.6853 
11.4354 17.1608 5.4475 11.7011 20.5538 17.214 14.7229 18.5107 13.882 28.0426 12.5202 25.9011 22.6053 17.1579 7.6349 23.2676 3.3363 6.7615 20.2269 17.9327 
10.0331 31.1768 18.5744 34.064 15.5942 27.7263 13.3404 19.4348 15.1412 27.6174 28.7716 5.9497 28.4465 5.6325 24.2011 16.3393 18.2045 14.0319 4.939 9.1621 
7.008 30.7398 12.8443 24.6965 22.8236 26.4673 12.0881 23.5115 8.5803 26.66 29.1236 12.5937 27.7206 5.1619 22.4602 20.5662 13.8412 9.0137 12.8372 3.7546 
20.3472 34.8863 17.2836 21.5521 39.2546 29.1697 25.3076 30.615 7.9848 44.8012 23.4377 29.1548 37.5257 18.7849 22.5794 29.4036 15.6516 13.5122 26.5748 14.8241 
15.7893 4.8748 13.8019 13.9054 18.8385 8.0789 13.1007 17.0605 24.1179 12.9851 6.8098 26.3222 7.7113 21.2845 4.9318 15.6609 14.6702 20.2256 29.3305 31.8129 
20.7126 12.1964 10.5614 8.163 22.0903 15.5089 17.2892 22.3463 21.4342 17.9276 2.8674 26.6515 16.579 24.1298 2.6288 24.4055 11.9408 14.4598 28.3373 26.9719 
22.9323 17.8486 23.5389 35.4422 9.2139 9.4602 15.1599 8.6035 40.7923 7.2941 26.7769 20.5483 9.5158 26.8464 25.4946 9.4283 24.1793 28.006 22.3838 35.6434 
11.3768 21.3166 6.3389 11.432 22.6627 16.8384 12.0754 18.5029 12.5718 27.0416 13.2067 21.4133 19.3919 15.6235 10.8658 21.2787 2.9295 5.2081 21.9495 16.9768 
21.7642 6.9225 15.2567 25.3569 14.0936 3.9669 16.0729 9.217 32.7437 3.9815 18.0117 21.2196 1.123 25.1093 15.1972 11.4825 19.0288 22.438 27.2208 34.7639 
13.9416 30.2897 17.2707 34.6816 13.3776 20.5217 15.4733 16.8708 24.211 24.9531 32.8224 2.0712 25.5437 8.7897 23.9982 13.7611 18.8878 18.3582 1.7943 14.5127 
13.9528 32.5183 12.8685 18.2366 30.5757 27.639 22.205 29.8907 7.8065 30.2595 21.7288 22.6311 29.6803 18.5757 21.1668 24.4465 11.1509 7.7506 24.3197 11.6526 
9.5072 12.511 6.0918 16.0853 11.523 7.7611 6.6931 9.4612 24.2346 15.4373 13.4597 20.8277 10.3017 16.4468 7.4665 11.741 9.381 14.2991 17.5585 24.4458 
14.8413 29.2283 13.3255 14.1204 28.0907 22.0267 19.3431 29.1897 12.0763 28.3163 20.1986 25.4678 26.0433 17.8378 18.3004 24.2249 10.1721 8.5483 24.4729 18.3214 
7.7172 29.0889 15.3394 35.9921 13.1499 20.2969 11.2972 17.7774 18.776 22.9741 27.7171 3.2203 26.476 4.249 27.7008 11.9447 16.7796 13.4013 3.4094 10.9671 
5.4066 19.5747 8.1162 28.8543 8.6977 11.561 2.9547 8.542 19.026 18.9601 20.4275 8.1395 17.2484 9.4352 15.3548 7.5621 10.7981 11.3052 9.3321 14.6235 
24.3959 15.6872 15.3044 7.6934 26.451 16.8905 20.165 26.6687 24.7645 21.0671 3.3806 32.1462 16.9356 27.1298 7.3911 28.5121 14.0455 20.9726 29.7397 30.9466 
21.5746 35.467 19.3819 17.6103 34.1052 27.1969 25.5187 35.0845 10.1653 35.8843 22.9282 28.0061 33.2026 23.5133 24.0599 30.8178 14.883 13.5599 30.635 17.5742 
19.137 34.7738 21.3912 19.6411 31.9154 30.3094 24.6282 38.1926 11.6633 36.7972 25.1297 27.6888 36.9512 20.0685 24.3033 34.4109 18.1863 14.953 30.6199 17.12 
8.5572 13.6405 3.647 16.4032 15.0642 10.2493 4.8456 12.8044 16.1773 17.1617 14.3484 16.3126 14.9039 12.1149 10.0458 10.8765 6.6049 10.9468 15.7282 19.696 
22.3148 21.081 13.3194 4.3442 28.048 20.8502 24.0096 26.0207 19.5212 31.0902 13.569 27.7414 28.018 23.3559 11.0359 28.4461 13.4678 13.3634 35.6684 22.0404 
14.2717 14.67 8.1881 7.7042 22.6325 15.6261 15.0545 19.1954 16.9558 22.5998 6.7772 26.802 21.1301 23.3636 5.7287 24.3553 6.5596 9.8978 30.0485 19.3603 
21.7357 19.5684 19.5111 1.6621 33.9529 21.3774 22.6375 31.9689 25.4391 28.0396 8.8435 30.9178 24.3994 31.0813 10.048 30.9051 14.2791 19.2281 30.3958 28.9787 
19.4166 8.5059 12.1497 11.4549 19.9236 10.8067 15.2799 19.0146 25.1304 15.9631 3.7715 26.6974 12.0519 27.0043 3.1591 21.2322 11.7552 16.8815 31.4496 29.3274 
12.0242 25.339 10.5589 19.6144 25.0541 26.7201 17.282 23.9053 5.7652 32.5825 20.4958 22.7872 27.8489 12.6744 19.8741 24.742 7.9397 4.0701 19.7867 10.8949 
9.3577 27.4819 14.1097 37.609 12.109 23.1583 12.0281 13.4906 23.8019 26.5985 26.8197 0.5345 26.1407 7.3411 24.3033 11.9556 19.7656 14.8523 1.3457 15.7867 
24.0085 14.6033 16.2238 3.7834 30.323 22.2212 24.0101 27.548 27.4984 22.4846 5.9066 32.7138 18.6613 24.7012 9.5072 27.1727 14.7948 19.6066 36.2052 27.6937 
8.7893 14.7365 4.4713 17.1872 17.1305 8.952 8.9546 14.2916 21.4278 17.1188 11.0634 18.2315 13.308 14.1529 7.1157 13.6306 5.0549 10.7429 21.0518 20.5541 
16.9018 17.4388 17.209 33.3938 5.2166 8.5131 15.303 4.4657 29.742 8.5404 21.548 18.9847 10.8485 20.6347 23.4654 6.2013 22.1023 23.7889 21.6256 26.5391 
11.9755 22.8392 7.7859 9.1889 27.9333 18.5117 13.2712 22.6799 15.1167 28.7065 14.2886 20.8612 23.2203 18.8163 9.8903 24.8921 5.7886 7.598 21.669 18.0072 
27.502 14.2491 24.2244 10.6397 36.6983 24.9709 25.1064 30.8955 36.1622 26.7841 8.2756 39.9041 19.5261 31.196 11.6517 35.6378 25.248 24.5909 37.9931 42.1187 
28.7722 14.5325 20.2521 9.9723 35.7264 20.9362 26.4212 26.8985 33.2333 27.8027 7.5363 37.0565 23.4762 33.6411 12.5955 34.1708 22.0115 23.3246 34.2292 37.1787 
15.9222 9.2927 12.8141 27.6089 9.3387 2.4829 8.7625 5.1641 28.5352 7.9186 14.9841 17.9041 5.986 20.8049 14.6546 8.933 17.2754 19.4018 20.9938 24.646 
22.6176 15.1266 14.8663 7.8467 26.9996 15.7118 20.4807 24.0815 24.7533 24.4313 3.5418 33.651 18.7033 24.5668 7.2517 24.2261 16.4622 19.7513 31.0729 30.1032 
19.998 5.4622 19.2088 17.2676 26.3253 13.0233 21.7031 19.0566 32.6915 15.9918 5.2112 34.1795 12.1377 24.5529 6.4719 24.5956 15.703 19.9691 31.5015 29.7236 
16.7691 12.098 13.9158 31.1364 6.565 3.9692 9.3525 3.7549 28.68 8.0443 21.2237 16.4119 5.668 19.7426 16.2242 6.9991 17.8401 19.6129 20.0926 26.0999 
11.6486 12.406 7.6064 13.3671 15.9624 9.4548 9.658 12.1221 21.2826 14.751 9.1887 22.7878 11.166 18.2269 4.8586 14.6912 7.2747 11.2976 20.9475 21.6252 
17.3723 30.1928 13.3083 11.9119 30.505 27.8031 19.2302 31.225 13.0769 31.3716 16.966 29.0212 25.9868 25.0625 15.1963 28.4797 12.9028 11.9387 32.0571 16.6576 
18.2474 17.9474 11.7701 4.2778 28.8459 17.9311 16.5724 23.8647 20.2488 21.9992 7.905 31.8175 20.153 24.7959 7.2819 21.9805 10.6559 14.3923 33.3006 28.9763 
9.4222 26.2341 13.3658 26.8667 7.8717 13.4211 6.1092 9.334 19.1766 22.7072 25.6839 5.9598 19.6452 8.009 18.6563 7.4902 17.1389 15.9837 7.0806 15.6111 
14.2715 8.298 11.584 18.4054 15.5757 4.5367 9.4341 12.6621 26.6197 12.9075 11.3016 20.4093 7.3904 22.3417 5.7072 12.0034 11.9917 16.2435 20.9339 28.911 
20.1854 31.3807 15.9692 12.9965 32.0842 26.7755 25.6392 33.7802 15.4808 35.3389 23.8894 28.6342 36.6444 24.6228 23.0841 31.6927 17.8935 16.6447 36.0311 18.201 
10.5071 18.6602 12.4674 27.3412 3.0136 9.948 6.1578 3.9354 22.7246 14.0284 22.4923 12.5177 11.0741 12.2082 19.4448 1.6341 18.2339 19.9998 13.6545 24.7751 
11.9217 32.0215 14.6718 22.8228 23.229 25.3399 15.8572 27.7696 2.7883 32.9025 25.2646 16.6527 27.1154 11.9388 19.7298 24.7071 12.9481 7.024 16.8132 6.7293 
9.5444 26.6907 7.2496 15.0115 25.1904 21.4631 14.7131 21.5223 8.4239 27.0532 15.4002 18.4552 25.4272 12.6401 12.2799 20.3549 4.7742 3.0973 19.9693 11.6867 
13.5913 23.4524 17.9061 31.3802 2.1696 13.2054 10.0952 5.1038 29.2032 12.9451 29.5138 10.1658 15.7028 14.2492 19.9428 2.492 18.1026 20.0392 11.5533 26.7701 
9.2734 30.3468 13.9097 32.2945 17.879 22.1849 14.4934 19.5113 13.7675 29.9207 30.1572 6.6901 25.549 3.5921 25.0298 16.7268 16.6458 13.79 5.7373 8.557 
7.0334 24.0598 11.8655 33.1584 13.876 23.0398 9.5088 16.0324 18.1956 22.6207 29.259 5.4798 20.7888 2.044 22.2425 14.1995 13.2046 12.7788 5.3185 11.8207 
2.9114 27.8379 10.259 26.5388 14.9643 16.3671 8.0074 13.78 16.3956 22.1203 24.593 6.8693 24.6843 3.0238 19.5692 12.0644 10.13 9.3929 8.193 11.1724 
17.7004 30.0137 16.9869 11.0569 33.8184 29.9153 20.8494 26.2546 13.3799 32.8685 17.2584 28.3106 32.0879 25.2767 17.9127 32.7657 11.3557 10.7157 28.8672 20.6804 
19.3851 12.8911 10.3232 8.8238 24.8708 17.7135 16.9688 18.5322 22.9258 24.0327 4.6375 30.4842 14.8595 22.6342 4.2026 24.17 10.4086 13.5606 30.0562 24.6972 
12.6436 29.4507 16.8218 35.0798 9.2315 16.7025 11.2032 11.7026 28.023 23.7798 31.1791 4.481 24.8277 10.2039 26.2197 8.8435 18.1048 19.3617 4.8883 20.6031 
1.5134 21.6193 5.2513 21.681 13.9686 15.2164 4.4723 15.8659 16.1896 18.9375 17.3724 10.6425 18.1506 8.3259 13.6729 12.5212 6.8204 6.7113 12.704 12.0713 
10.1788 30.9878 15.3339 34.2663 19.043 26.3916 15.0649 23.8908 15.6201 32.1199 33.0157 9.5774 30.9216 5.4263 28.302 18.391 17.033 16.1265 7.8826 6.4272 
13.44 24.3903 10.3221 15.8121 29.8687 27.7599 18.9738 28.4625 4.8015 33.7299 23.9438 19.9519 27.1401 15.8133 18.3047 23.8769 8.3435 4.6842 24.2047 11.6905 
8.9677 28.2247 14.6828 29.8171 17.0854 23.4681 12.5219 16.4213 17.8591 23.1644 30.8348 3.1319 25.1588 3.9915 25.3254 14.8408 17.4032 16.7365 3.0949 10.3287 
16.3198 10.4824 8.7231 12.4883 21.2339 13.1708 14.0339 19.129 23.3397 20.8505 5.1755 28.6686 12.4812 18.9389 0.702 18.573 10.2198 15.7962 28.4487 24.0795 
22.6126 29.5872 20.7898 15.2352 33.3363 33.7835 23.3464 34.6247 13.4138 41.7385 23.2338 31.4011 31.3001 23.6826 20.2346 28.9226 15.1101 14.4726 27.6418 18.1436 
7.3289 14.9748 4.5901 21.4348 13.1472 10.2418 3.1149 11.9523 21.1452 17.2971 17.6858 13.1347 14.6619 12.8518 11.6166 9.9335 7.3329 9.6767 13.7953 15.3331 
18.4647 5.764 11.9774 20.7185 13.9918 2.164 10.9349 10.4093 30.1735 9.831 13.4699 19.3101 4.4388 19.3666 9.9543 11.7472 16.0672 19.2197 21.7175 23.628 
20.0881 33.3835 16.1234 16.6555 29.248 27.5663 25.6825 32.2709 9.0799 34.8405 21.0978 25.4267 28.5305 20.8744 23.9624 28.5131 13.3034 10.6968 30.4703 14.4117 
17.7685 10.1259 12.6049 8.3922 23.06 14.2536 19.8985 18.8512 24.8674 22.4939 1.7879 29.1134 15.3906 26.419 3.9381 21.2476 12.9187 18.449 30.4483 31.6705 
18.3271 16.7515 16.511 33.0621 3.2684 7.6563 11.8457 1.6428 28.6513 10.9667 21.961 13.8774 9.9661 20.1838 16.9865 3.3828 21.9423 21.6529 15.8699 27.8554 
15.4632 5.3018 10.9322 18.2848 14.9269 4.7981 12.3131 13.2568 30.1612 12.1642 9.0594 26.2499 6.8513 23.1379 6.2296 13.2535 13.9212 15.2749 25.9615 26.1937 
15.7921 16.765 11.8618 5.3159 27.2931 16.6591 19.2192 23.3892 20.8965 24.1197 6.7056 25.1751 19.5336 22.7105 5.6272 24.5004 9.529 14.5881 26.9303 21.0713 
17.0433 17.7191 10.9331 5.4044 24.1949 18.8934 16.4921 21.7533 19.5656 27.8823 7.8815 30.7524 20.9976 19.9322 7.5262 21.7723 7.679 13.321 26.7582 24.634 
10.1094 26.3864 15.6738 35.9828 14.6826 20.3243 12.8711 17.4878 17.4138 23.1924 28.2825 2.1518 27.6597 4.5993 28.1554 11.8689 18.965 13.5277 2.6264 12.8661 
17.5609 18.4466 18.8767 28.5937 3.671 10.0004 10.5248 3.4523 32.4306 8.5769 24.9361 15.0737 9.8266 19.2314 20.6298 5.7304 20.6207 24.8164 15.7584 29.6364 
6.1855 28.8433 11.95 30.7424 15.8641 21.7758 8.2771 15.7482 15.8447 24.183 26.9718 5.3952 25.6944 2.496 21.2946 11.9872 13.9824 14.364 5.3121 10.6124 
17.3226 2.3983 16.4607 18.4283 18.787 4.9232 15.1382 14.4754 26.9358 9.4509 9.9612 26.8476 4.5196 24.1333 10.8406 18.1707 19.2144 23.3965 25.0706 34.8501 
15.6721 31.5656 18.2849 17.7145 30.375 27.3544 23.6892 29.4627 4.1821 35.9709 28.4832 23.1355 29.8962 16.1659 23.7657 31.1587 14.1125 9.4633 23.2635 12.877 
14.2032 34.1901 16.6885 38.9465 18.6 25.3708 16.9086 22.419 20.0101 28.7896 31.8761 6.6649 32.8605 6.1101 28.4163 18.3062 22.9483 15.8946 5.8894 11.3064 
22.4057 34.8699 22.6302 17.9685 42.919 40.1356 26.4992 32.4999 11.0565 48.8271 29.5765 35.4641 39.9704 24.7106 28.0895 31.4021 19.9109 15.363 28.887 19.1458 
20.6051 5.2477 12.2407 14.6482 20.0601 10.5087 15.137 16.5062 24.0913 16.859 4.8826 27.6748 10.9462 27.0255 4.6335 20.1373 15.3273 21.0112 27.5248 26.706 
23.2577 9.8326 18.1433 24.4102 11.5704 4.9729 13.7041 8.2338 30.7801 2.5974 20.7452 20.5078 4.2739 22.5783 18.5462 11.0393 22.3845 26.1467 24.4116 32.3828 
5.0037 26.4643 10.7697 22.948 16.7558 20.038 9.2732 19.5584 10.9555 29.7594 22.8891 10.0863 26.9441 2.543 18.0257 14.093 11.4743 9.5966 10.4748 7.2028 
25.9436 11.854 22.6198 13.8012 26.1044 19.7597 26.0499 26.9023 29.7719 22.4477 5.5848 33.6158 16.3556 32.1597 11.9934 31.4413 20.091 23.9432 39.9188 37.9359 
9.4323 11.4929 7.5264 20.4886 11.7124 7.856 4.8759 10.0697 20.3811 15.1116 12.8123 15.6526 11.2097 12.8082 10.2254 8.9089 10.4832 11.1177 15.5693 23.164 
27.2837 15.1215 22.2872 8.7375 31.0371 25.84 28.4133 29.337 30.4034 30.9771 9.8075 36.0468 24.4457 34.4618 14.9403 33.1574 21.4168 27.721 37.9321 36.4949 
5.6216 28.4127 11.1421 31.7908 11.886 20.0789 7.4142 12.2463 15.0503 25.9995 25.482 5.523 20.7165 4.2455 20.2627 11.3461 16.0568 12.2113 4.7752 10.5586 
18.2491 6.6938 16.3916 23.0337 12.9851 2.2499 14.1276 10.723 32.8836 6.945 12.254 23.166 2.3103 25.0269 12.4711 11.0855 18.9019 19.0654 26.9947 26.9325 
21.1447 32.4182 20.1098 20.6386 35.3741 30.1558 26.8078 32.2644 9.1389 41.0077 27.1463 33.5383 34.0474 20.5965 26.2786 30.4604 16.9757 15.6287 32.9775 14.7552 
12.0859 8.3334 10.5418 21.4764 14.6506 5.3073 9.3838 10.2798 22.4296 10.5427 11.1301 20.7419 7.0767 16.304 8.306 10.2162 10.1694 15.4946 19.8848 26.4242 
22.5974 0.3242 18.5648 17.5652 17.2259 8.3463 19.3314 16.5196 32.2069 10.1587 11.3052 27.2753 5.8008 31.059 8.6876 20.0417 18.8835 20.6409 27.0692 32.1246 
16.5733 13.7532 14.5012 25.451 6.5537 4.2545 8.7113 3.4219 26.8439 8.1602 17.5262 20.4532 7.3027 21.8732 15.2119 6.6119 17.4523 19.6198 18.8311 29.3511 
19.2768 18.4478 16.2696 2.5581 25.8513 19.1938 21.6197 23.5134 25.0604 26.0072 7.7489 28.4025 19.0983 25.0123 10.095 25.1697 13.4382 17.6605 36.9883 24.1014 
14.069 20.118 11.3915 10.4547 26.5867 22.9522 16.5421 27.2552 11.7195 28.0669 15.2083 22.9131 23.0318 17.9017 12.8952 24.268 7.9364 8.4823 26.6812 16.171 
18.0432 11.3484 11.757 9.8676 25.2915 13.6531 19.2897 23.832 27.6202 22.7993 1.5206 28.1969 15.6835 27.9563 3.6483 22.0046 12.3205 18.8484 28.3633 28.11 
4.4556 26.3207 11.2328 25.1032 13.0169 21.4711 9.0726 18.0006 16.1143 22.4056 22.9389 8.2651 19.4098 1.8207 20.5578 12.3886 10.5906 10.2882 7.4518 9.1335 
21.2764 32.0539 19.7627 24.3508 32.1095 32.1196 24.4355 30.463 6.0631 38.3252 24.1952 27.9277 36.6146 16.9151 21.4802 29.1339 16.4135 13.6299 28.2262 12.7245 
8.1198 19.6373 3.8834 13.7965 20.2477 15.938 12.1806 16.8932 12.0161 23.4386 14.3077 21.8095 20.7758 15.4332 9.3507 19.8006 0.8211 4.7773 18.2042 17.4168 
11.5075 18.6513 15.9531 29.127 2.3225 11.8481 8.0021 3.9036 25.2447 15.9956 26.9172 12.2475 15.4258 15.0865 17.105 1.0583 19.8566 20.1545 13.0465 25.4725 
23.5808 40.1494 18.1806 18.7755 35.1523 38.3892 28.2593 38.6478 8.3898 40.7185 24.884 31.045 41.2542 24.1482 22.7593 35.904 17.1878 17.4495 32.6746 17.2822 
14.8854 26.114 12.8491 15.0494 32.1539 23.992 20.3928 31.5472 9.2431 35.6192 23.5376 27.7056 34.0334 20.8201 20.988 30.4673 13.262 8.7724 28.2658 17.8012 
11.7336 29.0182 20.4254 37.0263 13.9969 23.809 14.1793 14.8887 23.6151 27.138 33.4775 1.9533 25.1445 10.0297 27.3731 11.1611 22.7121 17.9952 2.023 14.7757 
7.8082 31.5309 8.6894 18.8118 24.4027 20.2978 14.7773 23.419 5.6591 34.1952 26.3682 16.1194 26.615 8.1825 18.3507 23.7697 9.7727 5.3071 14.6209 6.8184 
20.7304 11.8224 11.2357 6.8081 22.9862 16.0714 15.5419 24.6937 24.4216 21.4628 4.1035 32.6088 15.4333 20.7427 4.3867 22.31 9.3113 12.8174 26.6841 22.8063 
11.1849 12.9775 5.1177 12.452 19.9779 12.119 8.8159 17.9467 16.8698 19.7686 9.7932 20.7374 17.0684 18.7129 5.3718 15.6864 4.7375 8.904 20.9926 20.0117 
12.4518 15.6088 6.4795 9.3751 24.7047 14.1994 12.6232 22.155 19.7645 20.4611 9.9172 21.9644 19.2059 21.5466 7.058 19.8662 4.826 9.2586 22.841 19.9199 
14.19 33.6668 13.4769 20.9783 27.0238 27.8465 18.5352 28.292 3.6756 39.5815 23.4407 24.5685 30.7359 14.9248 22.8978 28.8023 11.0018 8.1807 20.1895 10.551 
9.6071 13.1895 3.0964 14.5638 18.277 11.7335 9.0753 14.6421 19.4916 20.8046 10.9773 16.9567 16.2849 13.8442 6.2319 15.9692 3.1931 9.0135 21.9996 20.2617 
12.0874 30.2663 17.8405 34.3759 14.559 25.5638 16.2445 17.2276 22.9476 31.5645 33.9528 2.8676 28.8924 9.2175 26.5032 17.5135 19.6668 20.0357 2.4104 15.3894 
7.086 17.298 2.4938 16.3107 14.9847 11.5131 5.9032 13.5487 16.8564 18.4123 15.0789 18.0575 14.2496 14.3055 9.1957 14.6408 4.1222 8.1991 16.3492 15.5352 
15.4718 30.5831 20.0631 33.987 20.0429 27.1889 17.6713 24.0021 19.625 27.6423 35.8614 6.0931 33.8978 8.0704 27.6782 18.5913 20.1405 18.4296 4.1179 12.5654 
18.0697 38.0023 21.0794 21.8604 36.597 36.5423 22.1975 37.9547 6.7356 36.24 30.3004 26.2691 38.605 18.6712 28.9454 30.1252 16.7058 15.1692 24.0962 11.8566 
9.681 11.7263 5.2053 15.7567 14.1911 11.6289 9.5359 13.726 16.7373 17.0797 9.8911 17.3101 13.9236 16.9397 5.5462 14.3535 5.7953 10.2369 17.6979 20.8199 
13.0185 24.258 7.4198 11.3094 22.995 19.9288 15.9059 20.8562 13.6615 29.6347 13.0511 24.9778 23.3576 16.0371 12.4231 25.0849 5.8435 7.1134 24.4854 16.5697 
12.9096 18.5895 8.485 9.457 21.1354 15.8635 15.9601 22.838 16.7333 22.7772 12.0499 25.2699 18.3296 17.613 7.5061 24.6539 6.0362 8.0606 22.7291 21.8634 
19.2511 23.1001 14.651 10.163 28.2935 27.4864 22.4388 25.7035 12.1881 35.9204 14.5875 29.2128 23.5676 20.3154 13.4605 31.3745 9.2796 11.6066 27.9343 19.83 
9.781 32.8079 17.3635 29.97 20.7003 27.5238 13.3953 18.3441 13.3924 29.1183 34.5464 8.849 26.1317 3.4636 24.2609 18.89 15.314 12.7513 6.4028 7.6999 
20.054 32.7413 21.5628 16.1185 40.8326 30.5462 29.581 31.2888 14.0267 43.3658 23.5035 29.6317 35.6876 28.6359 27.0898 31.3073 18.1794 14.8411 32.1682 21.5171 
17.0116 20.0703 12.3857 8.1238 26.869 24.0362 15.5924 26.3436 15.7054 28.7183 13.8954 26.8506 23.8028 20.5867 11.8523 28.0031 8.7181 9.036 24.3978 19.4392 
3.3231 21.816 7.3921 23.5493 10.8034 13.7478 2.869 12.3364 19.3463 17.1832 18.7014 10.6064 16.0848 7.8502 15.7417 9.9091 9.0739 10.9353 11.0486 14.1407 
21.9065 14.5655 19.2594 32.1149 9.757 10.2282 15.0565 8.0616 35.5648 4.2784 24.3122 24.7929 8.7159 30.0177 18.3284 10.2817 26.2743 28.9283 26.2839 34.1852 
12.3305 22.3765 9.9595 16.1605 26.0034 25.661 18.2294 23.9693 8.5282 32.4822 21.3519 22.6495 29.9583 15.8668 18.8699 21.6421 8.7232 4.9813 24.5786 12.4274 
19.8326 1.2611 15.9382 19.6538 21.163 7.145 16.0291 17.7014 30.4553 10.7376 8.4802 30.6406 6.1196 26.6719 9.5617 20.7588 15.1525 21.9611 26.5352 35.0852 
28.6468 18.0746 22.4159 3.9019 29.7011 24.2281 24.3038 26.896 26.1498 26.4609 8.3124 41.4728 21.4091 28.9891 13.4869 28.8404 15.5221 21.0068 31.9253 27.9146 
19.2348 23.2272 16.5066 4.1759 29.9707 25.1951 24.1275 26.7979 17.2606 32.7353 13.7603 34.5949 28.271 22.2056 10.8861 24.9114 11.4252 16.4486 27.2673 21.0413 
10.0712 13.9979 4.1897 12.521 20.2776 13.1602 9.0747 16.9472 16.2643 20.1689 9.2216 23.4823 17.849 17.924 6.6835 18.5859 4.2001 8.1405 19.0248 21.1142 
20.639 26.3692 16.5028 5.5431 27.9618 29.2128 20.9695 33.418 18.4194 32.6049 16.5574 28.9738 31.8117 28.4252 14.6478 33.4919 11.5797 14.9713 30.0298 23.8805 
16.9897 4.1665 14.3973 15.3828 22.2417 10.0077 15.4954 16.7652 27.0611 12.8393 5.2476 23.9618 8.0771 27.2202 6.035 17.839 16.0814 16.8791 26.3737 27.3777 
15.7442 7.9319 9.572 14.6605 17.1277 7.5236 11.5635 13.0972 23.9503 12.5548 8.0415 23.4438 9.7884 24.2687 3.9199 17.5032 10.9198 15.1652 22.8922 22.8648 
19.8593 8.5183 15.8432 24.6811 9.4075 1.4143 12.7168 7.7266 28.9835 5.728 16.3425 22.3939 2.917 21.2319 11.3943 9.9887 18.1025 23.3108 21.9956 27.7853 
15.4972 14.5974 18.4799 32.1638 6.0914 7.4739 12.5298 3.1004 27.985 8.1286 22.4661 16.9972 7.5983 19.6258 19.3461 6.4999 20.8821 19.8132 20.8815 31.7092 
14.4048 25.3754 16.5314 34.5605 3.3035 13.3055 9.736 7.3441 30.4289 18.3659 25.1681 10.7853 15.1283 13.1602 25.3687 3.2695 18.2339 23.1551 10.761 20.4698 
21.0179 26.0271 16.0441 10.197 27.5458 29.3444 20.4213 29.5552 13.0676 29.9883 16.0462 27.4373 24.8726 23.1932 17.2272 27.5234 11.5232 10.1813 26.6136 22.152 
19.034 13.3973 14.5155 8.5766 24.0339 17.4625 20.0452 25.713 28.8161 22.397 2.0748 34.2642 17.8612 31.0697 6.1636 25.8799 12.7293 19.9828 35.3864 33.5534 
1.2571 22.0356 8.7321 25.4066 15.5853 19.278 5.9641 16.6057 12.66 26.0221 25.5199 9.7975 23.1932 4.0348 15.7515 13.5327 10.4821 8.7847 10.0785 10.2593 
12.9813 19.3419 8.8996 12.6022 21.835 20.0829 14.9871 23.1756 11.7744 24.9309 12.9763 23.8897 26.3566 16.4415 13.3729 20.1951 4.7449 6.2806 23.5444 18.5734 
11.1268 12.5592 8.5715 24.697 8.3548 7.1462 4.4852 6.187 24.8422 11.5596 15.7177 15.7147 9.4764 12.6686 13.7789 7.2425 13.1165 13.3893 14.9111 19.0252 
14.1763 34.0058 15.9477 21.7212 32.3384 25.5173 19.7674 28.02 3.2794 36.9802 27.1903 24.0594 36.5245 17.4432 21.3962 25.3869 14.1691 9.5836 25.2354 10.15 
16.0119 23.0006 10.8384 11.5225 32.5765 27.5785 18.4903 28.0987 10.3309 36.3341 18.2358 25.876 28.7295 20.9648 13.3598 30.1579 10.1129 9.8549 25.0987 17.2642 
6.8968 29.3545 14.1133 26.7932 13.3921 17.9809 10.5158 15.0522 16.5522 27.4558 28.7031 4.1466 22.7175 3.543 23.9947 11.3875 13.2088 13.8048 5.175 10.3476 
19.7247 5.196 13.4814 16.787 16.4639 8.6586 12.7092 13.1044 24.2031 13.4534 7.0554 29.445 8.0747 21.398 4.6433 19.122 12.1461 20.212 29.8679 31.0211 
10.4194 14.4448 9.6395 23.5999 8.0928 8.5272 3.702 5.0918 22.2135 12.1461 16.3549 14.6979 11.0103 14.1951 15.3924 4.8404 12.2667 15.1532 13.0996 21.9958 
6.5211 28.0228 11.0361 28.2678 20.5936 21.8861 14.0517 23.107 7.9926 26.8966 22.1882 11.4425 27.1298 4.7392 20.445 19.2326 11.6447 7.1077 12.3985 4.8181 
12.0384 12.8526 13.8021 26.033 7.2122 2.7988 7.5177 4.9255 28.3247 9.3676 17.5175 18.241 5.9443 16.4122 14.8144 6.5817 12.9082 16.3811 19.9145 24.7285 
24.0824 17.557 23.5847 8.1566 37.7827 24.8332 25.8298 34.0734 29.1358 30.478 9.3058 33.9089 25.4587 29.6719 12.4423 36.4126 20.0489 26.6033 33.2999 31.4021 
24.1245 14.5125 16.0813 4.2933 29.7393 20.2631 22.4972 22.8208 27.5501 23.2155 6.2876 34.8631 19.554 24.6569 9.3951 31.1365 14.2727 15.307 28.7601 27.8138 
17.5391 4.1677 13.6792 14.7486 17.9882 8.9197 17.2258 17.7276 32.0357 14.8669 7.8441 25.0755 8.6074 27.6607 5.6453 17.1818 13.7805 17.0644 30.8901 29.5502 
5.8683 17.1955 1.2321 16.5015 14.5473 13.6348 7.3962 16.3354 14.6897 21.6951 17.2952 18.246 19.8861 10.2713 10.293 14.2082 3.1522 5.4059 16.8054 14.8548 
7.2656 21.1152 10.9517 30.5515 8.0311 13.7699 5.1077 8.833 22.2194 18.3397 21.2141 7.7455 16.172 9.016 20.0084 6.9528 14.7742 14.8228 7.1897 16.3416 
10.4299 21.2918 14.6511 34.3816 7.2586 14.129 8.0927 8.9059 20.3994 21.9252 29.927 6.7678 19.8068 11.2064 23.9386 6.0183 19.1154 17.2713 8.1251 20.2734 
16.2331 6.9799 12.2498 22.6985 13.3192 2.3616 13.419 8.5491 27.4749 8.6502 13.9103 24.9205 3.6591 24.0949 10.5047 12.7 15.6592 18.835 22.8556 24.8518 
9.3489 16.2583 9.4135 22.113 7.1362 8.0484 3.4292 5.4764 23.2794 12.1016 20.1986 13.3875 11.8793 13.2681 12.8323 5.4896 12.8037 16.0663 14.4536 18.606 
19.1367 7.1833 12.8061 14.2628 22.2744 11.4597 15.7777 18.069 26.6604 15.0482 3.0098 30.479 12.7359 27.0127 3.4202 18.856 13.6475 17.0344 26.5117 30.2828 
14.6188 27.8577 13.1631 10.8639 32.3639 24.7844 21.0169 28.8626 12.2908 33.2922 18.2073 26.5507 26.9908 21.9583 13.1185 26.9533 10.4141 9.2648 24.5443 19.1027 
21.9178 7.5321 18.3779 27.9952 11.8706 4.3015 16.4943 7.8763 33.8192 2.8486 17.3999 24.3816 2.1043 27.6667 14.1806 11.0886 18.6508 25.1445 23.6445 33.0697 
11.3935 14.0005 5.8481 9.5798 24.3336 17.3395 13.2519 21.8189 19.5306 24.2107 10.4905 21.6385 16.0265 20.3024 5.0113 18.0574 5.4182 9.4401 23.5263 17.6674 
18.7375 32.2711 17.4988 21.656 31.1635 29.5781 26.9069 31.507 6.3092 34.8791 27.1729 31.552 32.0803 21.9909 25.994 36.099 18.9603 13.6609 27.8101 14.307 
12.6689 25.374 9.9588 14.3954 28.6887 23.0141 18.1975 25.3171 7.5444 32.3025 18.8279 25.1492 25.1777 17.0135 16.6941 26.2762 8.9085 5.9771 20.2639 11.8651 
9.1138 19.0286 5.5533 15.2026 18.3377 20.7904 10.8014 21.5557 11.8255 24.1991 16.2433 18.9685 20.2097 11.628 11.4597 21.7696 3.589 1.6163 18.876 12.1492 
18.3009 8.6151 13.4681 26.3899 9.6654 0.3727 11.2936 8.2089 25.5615 8.308 15.1892 20.8637 3.1987 19.5346 12.9354 12.0905 16.0866 19.9333 24.9972 26.4515 
8.495 18.7249 11.685 29.726 6.7198 14.1655 5.1238 8.217 20.442 16.6066 23.7193 8.0834 14.9878 8.531 18.4142 5.8202 13.068 13.2995 9.7744 17.4215 
14.8791 25.2097 12.9194 16.308 30.1405 26.2038 17.4052 25.3178 7.8611 33.5664 19.4933 24.8578 25.5045 17.3707 19.8527 26.7298 8.8931 6.9873 24.8234 11.6812 
13.8764 14.6808 15.1242 30.2348 2.3709 7.6172 8.8973 1.3324 25.1347 9.6983 23.7256 16.1834 11.8143 15.9193 16.5377 2.858 16.5158 21.9937 16.6384 24.7898 
4.5474 24.461 6.877 23.3027 17.7271 18.6955 9.8926 18.0397 8.6386 28.1101 21.5972 14.9954 22.9003 8.0303 15.9425 19.1264 6.6427 2.6229 15.8219 9.1006 
12.294 20.4719 8.6871 11.8037 23.3365 21.101 16.9047 25.6657 10.8602 24.4337 13.4238 24.8765 22.0663 18.5082 10.8557 22.9803 4.4643 5.559 24.923 18.1412 
19.4981 16.9032 20.8775 34.8679 7.8404 9.5343 16.3275 5.7401 32.8955 6.296 21.0411 19.358 10.3311 25.811 21.6323 7.338 24.2825 26.2659 21.8892 29.9641 
6.5718 26.0141 13.1118 29.5062 21.527 26.0583 13.6203 22.1603 11.3555 28.5055 30.404 10.3073 24.5668 3.1358 20.3539 17.2023 12.4363 8.8936 11.1828 5.5224 
24.4465 18.7653 25.661 36.9176 12.4606 12.8852 18.2818 9.9191 36.2951 5.272 28.5705 26.4695 11.8361 29.8935 26.1635 14.699 28.8752 31.9209 23.2414 36.3415 
18.6659 3.9772 12.9675 18.4652 16.0732 7.0921 15.7529 15.3329 30.9653 12.9706 7.1006 25.3981 8.2861 26.9292 5.2395 18.9422 13.1245 21.0699 23.5357 32.3055 
18.2562 31.5427 16.5018 13.2292 37.0662 31.8333 20.4339 32.1743 10.467 37.1482 23.7204 32.4369 35.0918 20.8408 22.4956 34.898 13.0358 10.6423 31.1328 16.3098 
10.4505 26.3413 14.8956 37.9071 9.5692 17.9692 9.7396 12.1539 21.0794 24.232 27.9496 3.6164 21.0013 10.1833 21.7801 10.0434 17.6666 20.5232 4.7582 15.2376 
23.5283 26.1133 16.9969 5.8556 28.6754 29.3971 24.585 32.7269 16.1327 34.9169 16.4128 33.6996 28.0399 22.613 14.0834 27.9139 12.9742 16.1652 33.0267 24.4018 
21.4744 12.1258 22.8437 29.1479 8.7993 8.5465 15.9099 6.367 32.6071 4.1388 23.4948 21.0452 7.218 27.8672 20.0561 10.4274 22.6447 26.8686 22.0851 35.1246 
19.059 7.2324 14.9052 13.2162 20.731 12.43 15.3678 20.0364 23.845 17.5828 2.7696 25.9534 13.1618 27.9451 4.4815 19.6196 14.4243 20.0742 28.144 25.2916 
15.4253 33.6327 15.7135 25.5083 32.0859 24.7649 18.2152 31.8129 0.8859 34.0503 24.4925 18.7382 28.8167 12.4283 23.1425 26.9173 13.082 9.556 18.9953 8.0296 
12.1684 28.8866 16.923 28.8375 26.4732 24.6225 15.0401 22.9682 11.4213 30.1777 32.0237 10.7756 26.8334 6.7832 23.003 18.7878 19.2468 11.9841 10.4147 3.0858 
18.4005 14.3777 15.9197 29.5386 6.9052 5.0425 10.4252 4.3117 34.9375 6.6636 19.107 18.2626 5.7722 21.3553 17.4315 8.3069 20.2463 21.7997 20.9224 27.2563 
8.2364 30.188 12.7494 26.4344 24.0564 21.1567 15.468 22.0116 6.8328 29.1491 23.306 16.9116 30.4804 7.5898 23.7452 19.6003 10.2096 6.2687 13.8523 4.8372 
11.8267 33.4666 16.734 30.2939 17.4786 23.9311 15.1178 19.7082 17.3876 32.7372 33.6678 6.2295 29.4014 4.8701 24.6827 17.2322 18.4455 14.2872 6.3846 8.9545 
6.6393 25.92 11.1805 20.1232 23.1588 24.3093 12.2597 20.3587 6.4393 31.2868 24.2162 16.9333 25.2525 8.2162 17.6859 21.0959 10.2006 5.9221 15.8779 5.9052 
14.9107 10.8713 11.5188 25.5854 8.9525 3.0749 7.6528 6.0439 27.9344 10.9702 14.9689 16.0264 6.4999 18.754 11.4948 8.3953 12.4133 18.2248 16.8546 22.9328 
15.0671 28.0074 12.7208 17.0342 31.9867 30.1014 19.9592 29.3129 3.8623 31.1387 23.1989 19.2388 26.026 14.0714 20.1617 24.3905 9.7325 7.4409 21.0526 9.584 
21.5546 29.34 16.5534 16.6913 34.2482 29.4436 27.0038 32.9681 9.0551 39.1055 21.4671 26.1431 30.9978 22.8802 19.3144 33.4693 15.9498 10.8123 27.6231 17.0905 
26.1925 19.8575 22.5931 33.7498 9.028 12.1102 18.7004 8.9429 40.2553 7.9264 22.519 22.9608 11.148 28.6535 23.5263 9.3343 22.5466 27.325 25.4693 30.6832 
10.6413 11.2003 5.2679 12.9335 20.5349 11.9703 10.2629 16.6399 20.8098 18.7826 9.3141 20.4166 13.1455 15.578 4.8895 18.6291 5.1199 10.5355 24.0583 18.6176 
15.8658 8.6007 12.7549 10.565 21.4545 12.6779 15.8607 16.9741 23.8481 19.8242 2.984 26.3314 14.654 22.2846 2.0707 20.0837 12.139 17.0588 29.9325 26.5231 
7.1434 19.136 5.1251 17.7216 22.6357 20.1945 10.6118 17.3076 10.6084 24.7559 18.9984 16.0559 19.2053 10.8554 14.0834 20.6716 2.7699 1.9987 19.0963 11.5819 
5.7772 18.0016 0.911 15.483 17.5249 13.2974 6.7383 15.6547 15.4327 22.4573 13.6594 14.3462 17.759 11.6909 9.9936 16.8995 2.7444 5.458 16.7044 16.3627 
8.9775 30.5516 16.2433 33.8358 22.188 26.4899 16.2444 26.022 10.3915 35.1831 26.7947 11.66 29.6971 4.8352 28.4696 20.6069 14.8975 11.6559 11.3021 3.5287 
15.3283 14.8719 7.9257 9.2257 23.0684 18.1401 15.1022 21.8584 16.1482 20.4697 9.5527 24.1663 16.687 20.9074 6.5675 24.7129 6.7198 9.2944 26.6584 20.4392 
13.0624 20.334 15.4066 32.0428 5.8481 12.8714 10.2947 7.8279 22.8667 20.3531 27.5734 8.6225 19.2091 11.3707 24.7503 4.2255 19.3706 19.7502 8.665 19.0172 
5.9657 26.6739 6.5709 19.3197 18.124 19.7047 11.4889 17.7114 8.5246 30.6407 17.8282 15.4963 22.2481 9.4551 16.0076 19.4873 6.1152 1.6467 16.9927 10.248 
19.0777 31.7518 17.6324 16.6997 35.4152 28.4008 21.2676 35.1533 8.4641 31.7298 23.2953 27.2669 34.4679 21.8045 22.335 31.8035 12.0045 11.8871 26.2138 12.7276 
12.1818 25.0072 17.159 32.1868 8.6616 16.9789 10.2951 10.7427 22.3096 22.7112 27.09 3.7151 18.4531 9.0009 21.1857 8.1796 17.4843 19.5539 4.9232 18.5481 
6.2998 32.5572 12.2627 28.6652 18.9409 19.4606 12.3522 17.2365 10.1036 25.2635 24.9075 9.7364 27.9839 2.3133 22.4048 19.1683 14.6615 10.7803 8.85 5.6928 
15.3832 25.4923 19.1799 29.0678 3.7974 12.7399 9.8413 7.2263 26.1955 17.987 25.3007 9.3657 17.2741 14.5427 25.2018 4.1588 17.6856 20.2353 10.43 20.4429 
24.6972 9.6995 15.0913 11.2808 24.911 16.9452 21.2423 25.4115 25.2815 19.8615 1.1946 36.2305 17.1065 30.1753 6.9729 24.7621 17.5086 22.0596 32.2965 32.0883 
2.1118 22.248 7.6035 21.6624 15.0215 16.7674 9.034 18.3834 12.2948 27.7979 21.7409 11.2211 22.6329 4.3047 18.9925 13.6252 9.7898 6.1999 10.1312 8.8026 
14.6353 22.8996 8.1438 9.644 28.0902 21.114 18.3801 22.9138 13.9671 28.0981 14.9812 26.8546 21.2239 18.3139 11.4984 25.4314 6.9022 8.1885 22.6638 20.0668 
21.0439 9.0775 19.5944 30.2442 12.8953 5.2292 14.587 7.9929 31.586 2.256 18.5909 25.7046 2.9609 23.5383 16.0438 11.2755 24.05 22.8204 26.9344 35.8816 
7.8668 19.2835 2.6362 15.4636 19.7634 15.9604 10.3391 16.6621 12.3787 26.6058 16.8584 20.0815 19.4562 12.771 11.5995 17.132 0.4985 4.088 19.3561 15.784 
13.9077 37.8434 19.9678 30.1537 19.2243 24.9893 17.8269 22.2768 18.4374 34.3559 28.9217 5.4615 32.4121 6.4903 30.5146 19.3744 21.0498 17.2562 6.2422 11.7263 
14.4062 22.2309 9.5232 14.7714 28.6535 22.3958 15.5258 23.1483 9.0866 27.4479 18.5771 21.5855 26.6701 16.8209 13.9044 25.2016 7.0174 6.2236 25.2136 14.7526 
3.0594 22.0185 5.285 24.1771 13.6239 15.0371 2.8468 13.3543 14.4982 20.5342 17.1579 9.5444 15.0658 6.8511 15.9824 10.7851 9.009 10.2485 11.8839 13.3114 
22.4397 2.4431 16.8008 15.9218 21.0781 9.2684 17.6017 18.1206 33.4864 15.1698 7.6654 25.9629 7.8039 28.6865 7.4854 21.0133 20.0103 23.8045 32.0085 36.8225 
15.6143 16.1131 18.2402 29.8938 2.657 10.3166 11.8298 2.9414 28.7005 9.3973 24.743 17.6621 11.4058 19.4743 23.1506 3.9993 18.8214 23.3407 16.9197 26.6675 
15.5682 8.1273 8.7965 19.233 12.7221 5.2508 10.7446 11.6152 26.0301 13.2251 10.8069 18.8894 8.2234 20.8022 6.1221 13.0794 11.3506 16.1239 25.7355 26.6648 
18.5464 1.6909 15.193 20.7944 17.0424 6.4702 17.4416 16.134 27.0595 11.6319 8.2243 29.8702 6.2819 28.2453 9.1643 17.6019 18.3084 20.827 30.0252 34.544 
11.6351 20.2962 6.583 10.7526 19.5965 18.8442 11.8034 18.0806 15.9883 27.2742 12.2402 23.2819 20.8316 14.6386 8.1862 20.0106 3.0841 7.0745 23.0222 19.1388 
12.0152 28.1161 14.878 37.6817 17.5364 21.53 12.3389 17.8559 18.0908 30.7351 34.1737 4.975 31.2647 4.4426 26.1099 14.8552 17.128 16.7096 4.0996 10.4913 
6.9243 32.1072 12.5255 30.0599 22.0412 26.0731 13.7609 22.3976 10.0724 30.8265 26.3544 10.8693 28.4193 4.6464 24.9732 20.0471 12.3941 9.4802 11.9012 4.0361 
21.0681 33.7473 21.1214 22.977 31.6463 28.5631 25.9922 38.0354 7.9592 38.8689 28.2434 30.8128 37.211 21.0318 26.9272 34.6385 17.1532 14.4464 25.9606 13.5668 
20.2725 4.7509 14.3349 15.3845 19.186 9.1232 14.5509 14.877 25.8094 13.9279 6.9087 26.1273 9.2673 22.6759 5.0167 17.5513 11.9834 17.2042 30.6452 31.5386 
18.0535 11.4998 13.7143 10.0275 20.708 13.5635 15.6275 18.2046 26.0675 20.238 3.1702 28.7252 14.6538 25.501 2.8644 21.2376 11.1356 14.6665 27.9999 23.5604 
23.7744 17.2787 19.6082 31.5962 9.7262 10.2228 16.8342 7.4284 31.7772 6.0119 22.3153 24.4653 11.8399 23.9643 21.2217 10.5124 24.7665 26.0762 22.3379 36.5404 
9.7429 22.4376 6.0394 12.3819 22.7645 19.8333 13.6754 22.122 12.2901 25.1564 12.7176 21.4377 22.2862 13.3115 9.0859 23.2567 2.6721 5.4029 19.5417 15.8934 
21.3974 7.3854 15.8458 22.7006 11.0163 4.4347 16.304 10.6951 29.6943 3.4454 15.7733 26.6855 1.3812 24.0898 13.4577 10.9857 20.5674 22.1266 28.1884 27.8202 
12.7601 30.8695 21.0575 40.9183 16.3208 22.8847 14.6521 19.9195 23.1331 31.1481 36.0415 2.4836 24.4689 9.195 24.9888 14.307 19.7667 20.8488 1.8848 16.7335 
14.0233 27.8068 12.6002 15.1289 28.3203 23.7017 21.7418 28.554 6.4426 31.8168 20.0866 28.2835 33.1102 18.7333 16.6451 26.0524 12.7188 8.6303 26.1916 12.7472 
9.6622 12.9293 7.1369 21.1046 14.9608 7.5161 6.8747 9.6946 23.7766 16.6318 13.2957 17.0472 10.6289 17.7272 7.7815 11.5344 9.9755 13.0018 17.9262 20.0223 
17.7572 26.9141 11.8574 11.2766 33.5376 27.6242 16.9287 27.2704 12.1893 36.783 17.3783 29.4665 30.8068 17.1256 16.3433 29.6414 10.0559 9.0283 27.5339 14.2616 
7.8927 32.7374 17.0143 29.3723 15.6262 21.632 9.8245 14.8841 15.6381 29.9318 26.7326 3.0992 27.8041 4.6487 20.9888 13.7724 18.0456 13.9092 2.8793 11.0306 
5.9007 17.7443 9.2274 24.5078 7.5839 11.7575 2.9818 8.4959 17.3513 16.1535 19.58 9.3064 15.8784 7.7606 17.5105 6.7273 13.9844 11.7378 9.3574 17.6867 
20.2668 13.6945 14.9248 7.6895 24.0956 19.0302 20.6271 22.052 27.9019 25.5282 3.1093 36.881 16.2948 27.9275 6.6434 27.023 13.1128 18.1585 37.5939 30.3635 
19.9205 35.3465 18.1144 18.6075 36.4731 30.7589 24.9081 30.7989 10.2835 42.0617 25.6857 30.9889 31.4731 25.9065 25.4971 34.7183 17.8289 13.5404 29.9209 19.4174 
23.0651 33.0967 18.4703 15.2161 30.868 28.434 27.9314 31.5292 10.4764 42.949 28.2986 30.8238 34.6212 24.6699 23.3028 31.1759 16.1698 14.6405 27.1303 19.2613 
8.3959 13.9604 3.9346 16.0482 12.2888 11.3214 4.632 11.2832 17.8983 18.1908 14.6327 16.2232 11.9125 14.2096 10.349 12.5637 7.0411 8.8019 18.3918 18.4249 
18.255 20.0411 15.6391 5.3791 27.4403 21.7414 21.3398 28.3461 17.9804 27.7648 11.8352 34.3216 25.1482 21.8668 14.2652 31.979 11.5507 15.4375 29.1628 22.4551 
16.6888 14.7777 9.3988 6.7975 23.9228 18.3278 17.2039 20.326 21.1617 25.4062 8.4501 24.8059 20.1549 18.8282 5.2908 23.194 8.0718 12.2466 26.4655 22.3305 
25.3504 21.0158 16.7448 1.9995 28.9138 21.1194 20.7955 28.7819 27.1833 32.5659 8.0393 37.5966 26.7196 26.236 10.3701 28.3318 17.5596 16.435 30.7556 32.9468 
18.6951 6.6633 11.2182 14.4883 24.2836 11.68 16.1422 16.2145 23.951 16.2458 3.5829 29.1619 10.423 22.687 3.3998 21.8079 11.2125 17.007 31.5387 25.0998 
10.0965 23.4344 11.1777 17.7053 23.6095 23.0618 15.5808 24.4018 5.1451 28.429 22.0122 21.7331 26.3284 14.0461 19.6402 21.8192 9.4075 4.3167 22.1242 9.4059 
9.5143 27.7256 16.1756 30.5072 14.1303 19.3309 10.1906 14.9413 21.5178 23.1761 26.035 0.547 26.3601 6.2548 22.0638 10.2486 18.3173 18.845 1.4056 14.5007 
18.9283 15.4829 15.1634 3.4004 31.7107 17.9675 24.5581 23.4845 26.4459 25.5687 5.8909 34.5503 21.3092 25.2514 8.9762 29.6415 14.0327 16.1299 36.2993 26.0311 
11.3244 13.9832 4.0328 15.683 16.5827 11.5381 7.0484 12.0089 16.809 17.3151 11.9604 19.7503 12.7978 15.0341 6.6374 16.0225 5.5485 10.4966 17.6114 18.6938 
21.6561 17.7015 17.5755 33.0728 4.8026 11.162 15.0827 5.0305 30.8216 9.0622 25.0633 17.8484 12.3805 23.6517 23.8321 6.8465 23.2827 27.0729 19.087 33.6053 
13.4169 18.2515 7.7144 11.7979 22.8193 18.1796 15.3811 25.4169 13.0225 25.9732 15.1871 22.9944 19.3703 20.3563 11.5437 25.356 5.641 6.1874 26.7346 19.197 
28.2789 15.1254 26.4987 11.6629 30.582 25.0219 24.2876 29.5749 36.4741 23.3601 7.7933 34.053 24.3419 33.0549 11.9113 28.5265 21.9592 29.0882 35.8311 39.1784 
28.3831 16.0279 19.393 11.649 33.3075 21.2356 26.6505 31.9671 32.1726 25.9325 7.3987 42.4957 21.7406 36.7419 13.5903 27.2005 20.7142 25.2832 37.9942 41.0014 
14.9327 11.139 11.6745 25.4868 8.8979 2.2077 8.3007 4.6381 27.6098 7.0187 17.8075 21.2639 4.8907 20.7106 13.3378 8.7186 15.3443 19.0623 18.8808 30.0241 
25.6265 12.8679 15.409 7.5232 26.0286 19.754 19.0403 23.7575 26.4025 26.6737 3.0439 32.4502 20.525 28.5294 6.3725 28.0941 14.1391 17.0724 31.7733 28.758 
22.2099 4.8871 15.6444 15.0681 23.0909 11.8017 18.9805 19.7723 28.7326 14.2676 4.755 30.4411 11.8331 29.1754 6.4006 23.4451 19.0682 19.0867 32.8016 33.1932 
15.7921 11.6022 14.3267 24.5616 6.9462 3.7757 11.6019 2.9737 29.3836 6.4543 16.7687 17.5325 6.5301 18.8214 15.3524 6.2741 15.5589 22.2542 16.7771 27.1065 
13.4297 9.3716 7.3795 16.7915 17.3848 8.954 8.443 13.6647 19.3898 17.2655 9.8482 20.8325 12.815 20.0271 4.9198 15.7939 8.3004 13.6285 20.6805 20.8393 
17.6812 30.8817 14.231 10.9417 35.0616 27.3087 21.6824 34.1211 11.2113 36.37 18.4038 29.1203 29.504 20.9253 17.1554 28.2481 11.945 11.1251 31.7829 20.1608 
16.7865 14.3768 13.3996 3.9472 26.1933 18.1277 16.7861 23.9557 20.2488 25.7181 6.6213 32.0473 20.5431 25.8724 7.2714 27.8264 9.9995 12.9275 29.8271 28.0719 
7.3878 19.8949 12.565 25.606 8.8171 13.6508 6.6841 8.7018 23.8213 18.7608 25.1009 5.6379 17.4606 9.1782 22.0981 7.5531 14.072 14.0063 6.1718 17.6816 
15.1308 7.0558 10.2808 16.4671 14.6372 4.5173 11.3227 12.0673 22.0726 10.5625 11.0897 22.1624 7.6796 21.3771 5.9922 12.6173 12.8407 14.9476 22.8977 27.7197 
19.9593 34.5746 20.2195 14.2935 31.2776 34.3742 27.621 29.3296 12.1673 43.169 19.1028 28.625 29.7234 25.4684 20.1081 36.6863 17.0711 16.852 30.8009 19.8278 
13.1728 18.9981 13.3507 28.1823 3.6256 9.4309 6.627 4.0125 25.6108 11.669 20.0833 13.4588 13.3864 14.5854 17.1881 1.7471 16.3318 16.641 11.4993 24.0377 
9.8953 33.5187 12.6994 25.6492 22.9371 26.4331 14.9771 27.7026 2.92 38.1815 23.3083 16.7815 26.062 10.5543 21.3072 25.9254 13.2214 6.5497 16.9201 6.8573 
8.9963 25.0495 7.5261 14.0172 20.9623 22.2573 15.8586 24.3723 8.8586 31.3493 16.744 19.2017 24.3355 15.9345 16.2479 24.1442 5.086 3.6328 23.8817 12.7292 
14.6226 22.0182 14.6918 30.3881 2.5471 11.0925 10.5545 5.9747 26.8973 14.8607 27.6329 10.9811 13.4235 16.7452 23.4278 2.5355 18.8765 23.9597 12.1376 25.6532 
8.3669 30.3645 13.7235 35.5006 19.9762 20.5547 13.012 22.7746 13.3168 30.3103 27.6564 5.6257 30.4744 3.8732 25.86 18.9781 18.0293 12.7712 5.3766 8.0082 
6.3696 30.0317 13.2364 29.818 15.3636 18.1521 9.7494 14.9226 14.079 25.92 25.1522 4.4168 20.7615 2.1847 24.4674 14.2803 14.8871 12.8957 5.5274 11.029 
3.8189 25.5441 9.2686 25.5259 13.4396 16.6864 7.1438 13.299 14.8092 26.2415 26.7085 8.4016 21.4365 2.993 20.7565 14.752 11.7164 9.1381 8.9593 10.3891 
21.3533 26.6815 13.1415 10.4141 29.8259 27.9172 22.3609 33.3652 11.9113 30.4279 17.8053 31.9566 32.8799 25.2322 18.2191 33.6257 12.2856 11.122 28.365 20.5828 
19.2917 13.5324 9.767 7.2359 26.0263 17.1743 16.538 21.0237 20.4184 25.2255 4.4002 27.7201 18.6457 24.2257 4.289 23.0519 10.447 14.363 27.9602 23.0227 
13.5727 25.9548 19.8008 37.7279 10.2855 17.3672 11.6818 11.3636 24.2857 23.9431 32.7829 4.5523 22.2804 12.4038 22.0752 9.3936 21.3918 18.3496 4.7522 18.5037 
1.8176 22.0376 4.3605 20.8093 14.3231 14.8857 4.8114 15.0665 14.6188 20.736 20.2817 11.5071 21.0005 6.7719 13.8056 11.2323 6.5103 6.8371 13.6307 13.2759 
12.5568 30.3557 19.2065 36.0111 19.7058 25.5054 17.0723 20.7899 15.8788 30.37 35.4949 7.6762 25.889 4.9713 27.7195 17.7843 17.9069 16.0122 8.1079 7.768 
11.5338 29.2998 12.1405 15.3317 23.2085 25.5223 14.8965 25.4665 5.4825 28.5414 21.983 19.0094 27.1641 15.2831 16.4919 23.3753 9.4295 5.5276 18.9084 9.5278 
8.5379 25.1554 17.0184 32.9101 13.181 20.67 10.6658 14.6143 19.3017 24.0861 32.3296 3.0394 24.5733 3.6829 23.2817 13.4635 18.0379 15.8378 3.0967 12.702 
16.5825 10.8461 10.3913 12.6994 20.4704 10.8173 15.5105 15.6175 22.1881 19.5637 5.25 21.8934 14.019 22.6003 0.5886 18.5841 10.5704 14.3481 28.6799 27.9155 
24.916 26.7936 18.268 12.2803 39.3375 35.0334 27.3362 35.2875 13.8296 38.1153 21.455 30.7153 32.952 25.2348 19.1776 29.3465 17.9057 15.3803 35.4648 20.5828 
6.185 15.1434 4.8479 21.3426 13.5009 10.4274 3.3167 11.3134 19.0849 14.9807 17.7713 16.1966 12.5916 10.993 10.4161 11.2908 6.5033 10.7799 17.7311 18.0204 
15.4275 6.6921 11.0113 20.2031 11.6426 2.387 12.6803 10.4669 27.7933 9.2674 11.3096 23.6168 4.2163 18.4561 9.6429 12.6648 16.2596 19.2518 21.1647 26.2194 
17.6432 26.7688 14.4131 17.8119 28.1634 25.7648 22.5142 30.8049 9.7921 38.6091 20.2598 30.9129 34.6912 21.2362 19.6527 32.8182 13.5575 12.4401 24.106 15.9989 
19.7303 11.881 14.437 8.8397 25.3918 16.2032 18.2549 22.416 27.3526 22.9574 1.7514 32.9384 14.4253 24.077 4.4189 23.2224 11.8099 17.9142 27.4534 29.398 
14.8992 17.2595 16.0186 27.7263 2.5983 9.3512 9.7051 1.9033 34.2017 9.4272 24.4247 13.9144 12.0783 17.7237 19.022 3.6596 20.578 19.2794 15.1536 23.7728 
15.2681 5.079 12.5912 20.3218 14.4202 4.9165 12.8024 11.0546 28.1231 10.9398 8.8442 20.2904 6.3571 24.2424 7.2462 14.2149 11.5806 19.36 21.8388 24.4975 
20.1479 16.4297 11.4129 6.0366 25.0865 16.347 19.2397 21.4507 22.8784 27.6859 6.8867 29.2651 22.1085 21.9954 5.7395 25.4277 9.5151 14.2274 29.4801 22.1476 
17.0967 17.9016 10.4695 5.8237 24.8678 19.1506 15.784 22.8297 21.2186 28.7 8.7261 28.7604 20.5025 24.6971 7.2796 24.8335 9.8495 10.7216 31.2125 20.4219 
9.1142 33.0182 14.1889 28.1877 13.3129 21.6764 11.9637 15.5991 18.3178 26.667 32.8568 2.4579 28.2965 4.7965 26.712 12.5936 15.2637 14.6743 2.5217 13.1206 
19.9789 17.6794 16.7705 31.0059 4.3144 8.793 12.2451 2.7508 32.4487 8.6146 20.7303 19.868 9.9093 21.6419 21.4714 5.5793 23.5493 25.6233 15.9675 32.3239 
5.8905 23.9331 10.9883 26.6991 15.0201 20.1373 9.8278 14.8176 18.5123 24.6149 24.4441 5.2411 19.9543 2.401 23.023 11.6412 16.1674 13.9523 4.7028 11.1998 
19.4325 2.6457 17.0033 22.0536 16.4121 4.9788 17.3864 12.652 34.7006 10.1302 11.5777 27.0216 4.3345 25.1955 8.6879 17.6407 16.0169 22.9589 29.3617 28.975 
18.4916 37.1283 15.8393 22.1299 33.0746 29.5842 25.1745 30.4673 5.0041 34.8307 25.4115 26.7197 33.8627 19.2468 21.3489 30.0583 14.7397 10.2848 22.0122 13.2509 
11.9195 35.9675 20.242 38.0171 18.4841 28.3864 15.3168 21.48 18.7456 27.9235 37.7258 6.3597 29.6804 7.2129 25.6687 18.1247 20.6751 17.101 5.3613 9.8386 
26.4839 40.3323 19.4993 19.8357 34.4428 39.4245 26.5074 36.8354 11.4922 43.316 30.3828 31.81 33.8858 24.7033 26.3027 35.4462 17.2501 16.8694 35.0985 21.8063 
18.9375 6.3883 14.5005 15.0203 20.8424 8.9267 15.5799 15.5173 26.769 15.7117 4.4431 30.7145 10.2854 22.0682 4.9765 19.6926 16.0043 18.6915 31.197 32.5138 
20.0039 11.0638 20.1271 24.9486 11.0408 4.8971 16.6437 7.8435 37.5207 2.1996 19.4377 25.5088 4.0744 24.0736 17.8606 12.7446 20.8918 25.9641 23.0311 28.9617 
4.8439 26.7445 10.1328 25.3261 20.393 20.6441 10.2736 20.1801 12.5385 27.6009 23.4018 8.6233 25.7739 2.1221 18.8653 18.5123 12.264 9.0863 9.5079 6.7789 
28.7016 11.9923 22.8751 13.1507 30.3643 21.019 26.0779 26.7383 30.5064 25.0174 6.5722 33.2117 18.771 31.2341 9.3142 26.5473 22.7889 24.4336 33.7855 36.953 
8.4576 11.3741 6.7832 18.7812 11.667 6.847 5.4172 9.334 21.7164 12.883 14.7882 17.466 11.555 15.5035 10.0468 9.3343 9.4648 12.4131 19.5687 20.8781 
29.8503 19.5904 22.4085 8.3187 29.9181 21.1375 31.0951 27.1498 28.7732 28.9985 7.4767 36.5121 25.129 30.5706 13.6804 35.254 20.2326 24.6141 44.2335 39.4333 
6.3141 23.3494 10.5216 26.3122 12.3355 18.2896 7.644 15.4172 18.0126 22.1978 29.7577 5.0184 23.1446 3.5711 23.7416 10.7786 15.9959 12.0363 4.8573 10.8667 
19.4185 6.139 13.4754 21.1868 11.6209 2.0013 11.0404 9.8158 33.6164 6.5261 13.2012 25.7966 2.1867 22.2937 9.8611 13.6657 16.1488 21.0148 24.5212 25.3985 
22.1624 36.7816 22.315 21.1608 32.785 30.7473 25.8225 33.9678 8.9826 46.0914 23.8173 27.1537 32.7041 23.1916 23.8227 35.4884 16.2158 15.5615 31.2437 18.6984 
11.8492 8.0112 8.7278 18.7001 12.3573 4.2084 9.9552 10.5054 23.3231 11.858 12.5379 18.9375 6.4626 17.2678 7.512 11.1071 12.4024 14.9061 21.4548 27.7116 
19.7032 0.291 16.6538 19.647 18.1757 7.2829 15.6205 14.6045 31.4607 11.2647 9.3943 27.7996 5.9363 25.9293 10.4177 19.2373 16.5657 23.144 30.3289 28.8516 
15.1242 12.2019 13.5473 30.5176 7.2121 5.0353 10.9518 2.8437 31.5337 7.9103 16.9172 16.8367 6.1595 21.1896 16.1513 5.8905 17.0116 23.6632 19.286 30.7661 
22.8136 18.0706 14.1389 2.9224 28.4399 19.315 23.2302 25.6985 22.7266 27.8326 7.8323 29.5665 21.7969 28.7297 10.6721 28.3883 12.5853 16.441 34.6653 30.9007 
14.2816 22.9864 11.0415 10.2008 24.9744 25.0059 19.77 23.551 12.7272 33.0074 14.0231 26.0975 24.3763 21.0355 13.36 23.3217 7.1802 7.2525 25.0287 16.8979 
21.3847 11.7854 14.1786 9.1567 20.451 14.9923 18.5965 21.6747 28.5489 20.0247 1.7599 32.8756 14.0862 22.0207 3.5624 23.8507 13.4579 19.1548 28.5755 31.4931 
4.2889 23.6031 10.7739 24.4513 15.7017 18.4991 7.52 13.9696 14.3518 23.906 22.5881 6.5367 20.8566 2.1676 22.3116 12.7157 11.2475 9.5622 7.7748 9.3284 
20.2035 39.2583 18.2681 21.8586 31.258 30.26 24.8891 30.4818 5.9229 38.7666 24.7593 26.3581 36.8061 16.6057 25.4279 32.614 15.7188 11.1425 22.9569 13.5791 
9.0664 20.7451 3.7639 14.4827 22.3086 16.4452 10.9498 20.4947 12.0895 22.3271 13.5077 19.834 17.058 12.2536 8.9369 20.5283 0.7315 4.1392 18.1984 14.0475 
12.4253 20.8524 15.6222 26.8187 2.9151 10.3576 8.4236 4.8846 24.7791 16.4493 22.3207 12.052 13.9769 15.6851 18.4362 1.1817 16.8296 19.857 10.6086 22.0149 
23.1206 39.0164 20.5671 23.0711 33.2751 36.7527 29.9794 36.1631 9.0199 45.8457 31.4955 29.8616 41.6704 23.3986 27.6368 35.675 19.9807 17.0326 30.601 18.7912 
15.1586 26.3761 16.3214 15.4414 30.262 27.7794 20.8547 25.6916 9.5952 38.7656 20.0705 24.7102 32.0899 18.5831 18.5519 28.2139 12.5402 10.706 29.8035 18.179 
14.4141 29.0527 19.6908 38.656 13.1846 20.6944 12.8131 14.4723 25.9336 23.1297 33.3206 1.8509 27.249 8.6596 25.9053 12.8773 22.1296 22.235 1.7964 17.8583 
9.2173 30.4076 9.9865 19.1535 25.7592 21.3291 13.1323 22.6707 5.0451 30.9523 23.407 16.6412 28.3015 8.6413 17.6424 22.4413 9.884 4.7756 18.6217 5.688 
15.8597 14.8211 13.4842 7.4749 23.3622 17.523 15.6619 19.1522 19.79 20.8771 4.8715 27.3659 20.0151 25.3842 4.5635 24.6989 10.0865 16.2133 30.3168 24.1474 
12.0632 13.4072 4.1301 11.5416 16.6057 12.9197 10.3555 17.9467 18.9616 20.6572 10.9105 21.243 17.1425 15.5791 5.9064 18.8625 4.19 9.5777 22.6634 19.086 
14.0291 15.5397 7.8684 9.4055 22.7613 17.9059 13.7965 23.037 17.0249 20.6805 9.1026 21.5214 16.8267 20.5875 6.5426 22.9712 6.0821 10.8881 27.1484 18.9912 
15.2357 31.8488 15.3729 21.6261 32.1205 27.5892 17.9875 26.7523 3.7731 34.7267 23.4815 24.821 29.7896 16.0485 19.0746 30.1052 11.343 7.4183 20.4871 10.3931 
9.4062 13.8693 3.1458 15.581 15.573 12.6635 9.999 13.6885 16.6191 19.1121 11.4198 21.8063 14.4794 16.6321 6.0752 14.515 3.7977 7.7678 18.5775 17.1681 
11.8836 28.635 21.7702 40.7178 17.1144 21.2079 14.7092 16.5227 21.6495 26.8188 36.8658 3.1307 26.5893 7.9749 32.307 14.0055 19.3374 18.7037 2.2603 15.2861 
6.9916 13.7804 2.2595 19.0989 13.4529 12.3185 5.8328 11.68 18.8938 18.8073 14.7438 17.1331 16.6336 12.6358 9.6617 14.7404 4.2119 7.1835 15.6103 17.4295 
13.6114 31.7418 20.4708 40.6346 19.333 27.5815 17.207 22.1451 19.6487 30.1334 33.7754 5.6916 32.0957 9.9172 32.8304 19.1986 23.1459 20.3086 3.9973 12.0863 
20.6734 32.8151 20.4859 19.8702 30.754 30.1397 22.4462 29.7788 5.4813 41.4403 26.1241 26.1597 36.9292 18.5156 26.0983 31.6185 18.9176 13.0951 30.7506 12.8152 
10.1145 13.3175 5.1202 17.1975 14.5147 11.7407 8.7667 13.0789 21.7041 17.3311 9.7537 22.1176 11.7087 13.8192 5.9938 12.8232 5.0842 9.1625 19.6953 22.2977 
14.1378 24.4384 8.8576 12.3485 25.6833 18.0751 16.3494 22.8685 11.9765 28.7678 15.3505 22.1453 23.9833 18.4566 10.776 20.3564 5.1821 6.7143 24.6979 16.4699 
12.9252 15.6008 7.139 9.8414 25.128 15.4813 14.6774 23.4139 18.2604 26.1322 11.771 25.7455 21.78 16.8946 7.2745 24.8177 4.689 8.1082 21.8692 17.6019 
15.4342 27.8431 11.4772 8.3861 33.4029 24.6101 21.1415 28.0643 12.9441 30.6262 15.3442 31.5042 23.3524 19.3515 15.717 28.3727 10.3303 9.3706 31.0291 18.4212 
8.1298 34.0227 13.7629 29.739 17.7962 23.3493 14.8657 18.2072 14.5289 26.7468 32.2474 7.0149 24.7632 3.4667 26.0318 20.1216 14.5277 11.922 7.0465 6.4173 
22.3869 39.1951 21.0741 17.0602 32.2385 37.0904 25.0628 35.7027 11.4206 37.6669 22.3525 36.7692 40.8364 28.6071 27.5436 35.3306 15.6787 15.6205 34.0452 19.7362 
17.3448 21.165 9.6333 7.9031 25.5306 18.7906 20.0822 25.2578 15.0856 32.2956 15.2353 30.3908 21.8032 21.699 11.9222 29.081 8.256 10.2552 25.1573 19.9284 
3.6376 17.0968 6.076 21.6223 10.9606 12.0586 2.3629 10.0986 17.4384 17.1048 18.2572 10.0451 17.4088 8.1298 14.2701 9.0032 9.018 11.4166 12.2649 13.3118 
26.5257 14.0253 22.6072 31.6637 10.3705 9.7493 16.941 9.6911 41.965 3.8529 21.2468 21.544 8.1729 29.5313 20.4825 10.4887 22.2836 24.8129 23.2711 31.9892 
14.09 29.5522 11.214 16.0294 25.5051 23.2867 14.5672 26.1985 7.4117 27.8048 18.429 24.2568 25.9205 14.4821 16.2531 24.3737 7.5781 5.5865 23.6229 12.0763 
23.6267 1.1669 15.4994 16.5138 16.439 9.1359 14.5193 17.6835 28.1546 10.6916 8.121 31.6217 6.2773 30.5882 9.8805 18.6834 16.7713 21.2178 25.5792 28.6804 
26.5541 17.4036 21.3027 4.2348 32.8374 21.4621 24.7704 28.642 31.0696 26.635 7.4552 34.4149 20.5202 30.0382 12.2492 30.4606 20.1062 21.8716 33.5285 27.7866 
17.6876 22.005 12.8808 3.7087 26.3693 25.9431 23.6854 31.1511 21.74 28.6943 12.5419 31.6146 24.5942 22.4291 10.7234 26.3972 11.96 12.6094 34.0345 24.4169 
11.181 14.2284 4.1652 13.1877 17.2276 11.3941 11.1714 18.7862 17.3884 18.0849 10.9336 21.4642 13.7441 14.534 6.3472 17.5867 4.5327 8.9453 21.2449 18.8642 
21.1328 23.4269 14.8525 6.8388 33.9866 25.0076 22.8166 30.4665 18.6808 35.545 15.3348 32.2812 26.1066 29.1391 14.9662 30.3397 12.5661 14.1534 34.3316 21.744 
19.8083 4.9748 14.7607 16.1293 19.603 8.6447 15.0329 15.2565 25.6047 14.2641 6.5651 24.5225 9.5287 21.7445 5.678 16.5578 13.7709 17.9451 30.888 32.603 
16.1383 8.1795 10.3776 15.657 15.1816 7.2658 11.5457 12.766 21.823 12.6657 8.3653 25.609 8.0295 21.0687 4.4113 14.7811 12.242 15.1835 21.6133 26.0854 
15.7458 9.3438 16.5667 26.4704 11.4512 1.3795 12.6756 7.9604 34.6081 5.312 15.1532 22.2997 2.914 21.5245 11.3943 10.6855 18.3277 19.195 25.6691 25.4719 
15.989 13.234 19.6045 31.163 5.8758 6.6493 12.723 3.0237 31.2289 8.2128 23.0469 20.0915 7.8603 20.2488 19.1111 6.4571 19.3651 26.0301 19.4456 27.6844 
13.0481 22.1254 17.3159 36.6611 3.1812 13.579 9.1628 6.8553 24.5793 16.235 24.697 8.7835 18.7591 16.0554 25.4393 3.5283 18.7393 23.5218 10.0364 25.2396 
16.1306 27.6697 14.659 11.8834 30.0499 23.9105 20.062 32.6205 12.5133 31.5626 18.8109 29.5013 27.908 23.3775 15.8284 31.1276 12.4763 12.7307 25.1615 18.0159 
22.4902 11.8032 15.0085 7.9017 27.8319 18.6365 22.0849 21.6174 24.9616 24.6104 1.9943 29.0245 16.3267 30.4967 6.0585 22.8665 15.6183 20.9707 34.4373 30.7179 
1.2695 26.7143 7.1624 25.8911 14.5041 16.9742 6.1904 13.2071 13.7521 20.616 23.2888 10.7189 18.7411 3.888 15.7213 13.6093 8.7909 8.2413 10.5587 11.7123 
11.6526 22.8958 8.5655 12.2589 22.4199 20.7999 13.3017 20.2978 12.234 30.6068 13.953 26.1152 22.2086 15.3789 12.0214 23.1757 6.028 6.0085 26.6269 16.1939 
10.8375 14.5843 10.1455 24.6019 6.8395 6.7268 3.5053 6.2849 23.8002 12.9924 15.4714 12.958 11.5935 13.4388 14.5873 5.7286 11.1309 12.8926 14.2425 20.8974 
15.1437 31.8223 16.0126 19.642 31.9679 30.15 22.7653 30.558 3.9625 31.3714 26.1883 23.3008 30.0973 15.1381 24.7981 28.5168 12.5177 10.4202 25.1543 10.2452 
18.0875 23.2049 13.4954 13.2016 27.3937 25.432 16.6567 29.4883 9.9396 36.1871 19.2989 25.5534 30.2444 16.7062 14.5663 30.8088 10.0833 7.5176 27.675 19.0442 
5.9902 29.2624 14.4149 26.0298 12.1129 20.2952 8.243 17.434 14.5972 25.2835 30.4434 3.9064 22.1462 3.054 25.0668 13.4131 15.675 14.8367 4.5177 10.1748 
19.6034 5.259 12.0569 16.2728 17.7203 7.7781 12.4599 13.571 28.2112 13.3979 5.9427 25.3905 8.1543 26.3129 4.1505 18.4878 14.0223 17.7588 23.6018 31.1649 
10.3773 15.1422 8.5198 26.5034 6.357 7.9375 3.3998 5.3967 25.954 12.8719 16.1887 13.1507 12.5128 12.8906 12.6797 5.3865 13.9143 13.1239 13.1479 21.4599 
7.1524 28.1759 11.5747 22.108 23.7485 22.9896 12.9656 19.1018 8.6214 27.9802 23.3893 12.1057 26.3603 5.2202 18.026 18.8139 10.6665 6.2575 13.5031 4.8833 
13.383 11.8406 12.0764 28.0172 7.3633 2.9822 8.1752 4.6841 30.3457 8.4793 17.2026 18.1387 7.3625 17.3399 12.0156 6.2905 14.35 18.6527 18.2768 26.3995 
25.1233 19.6769 19.7636 7.5691 34.5474 23.9764 25.7765 30.8243 31.6855 24.7911 8.9861 32.9883 24.6716 31.5716 12.057 36.121 20.5383 20.3682 36.2973 29.8492 
21.2356 14.117 15.9918 4.5058 27.2899 17.7792 23.4983 25.1775 24.1212 23.2603 5.3059 31.7248 21.3615 24.751 8.8979 29.1664 15.0509 16.6761 33.4298 25.8463 
17.1785 4.1072 15.4865 14.3506 16.5383 8.1623 14.0246 14.9242 24.6963 13.8793 7.3748 29.5329 7.5522 24.9825 5.2808 16.0095 13.9693 18.9445 30.4465 31.3087 
5.8376 19.8797 1.2158 19.0958 16.072 15.0577 6.9481 14.9065 12.2543 22.9698 14.81 14.8901 17.9773 11.6217 11.7703 15.2584 3.189 5.38 17.6167 15.7332 
7.1138 24.798 12.8881 29.4437 7.9114 16.004 5.8116 10.4327 19.4313 20.4485 20.999 6.1822 16.142 8.2032 17.0916 5.4353 12.6714 16.3506 8.2188 14.9364 
10.8621 21.8825 13.5125 35.4977 6.3025 15.917 6.8631 9.2738 20.69 21.2043 25.9754 6.6055 18.7518 10.0772 20.6785 5.2844 16.4384 17.9674 6.862 19.8285 
16.4121 7.2805 12.4396 18.8781 12.4174 2.1224 11.0381 10.1177 31.3094 8.3787 13.1998 21.8144 3.0467 19.2344 11.3266 12.1201 17.1456 17.3549 22.0504 24.1934 
9.9198 14.3328 9.3001 22.8944 7.637 6.6651 3.7441 4.984 25.6307 15.0835 17.7734 14.5077 12.3016 11.9385 13.9897 4.9493 11.52 16.1778 14.5636 21.264 
18.7385 7.8762 12.4383 13.6136 21.7959 12.2681 18.6717 16.6407 29.5888 19.0319 3.2169 31.3111 13.3356 27.9725 4.1739 21.837 13.5253 17.0926 32.4912 25.0525 
18.1513 27.0931 13.3012 11.5286 32.2242 25.6795 18.1996 24.7193 10.8651 27.9633 17.1942 29.7453 25.0962 17.2874 13.8711 24.711 9.8877 8.311 29.8601 16.0801 
18.9166 8.7693 20.4084 29.8212 12.0412 4.5138 16.4692 7.7489 30.0899 3.2643 16.0966 22.3372 2.1123 21.7892 15.3851 12.9436 19.0793 23.1395 21.8099 29.8262 
13.8505 17.8431 6.7622 10.1673 23.0243 16.2235 13.2107 19.113 16.742 22.0635 8.6579 26.7713 19.9919 16.9978 5.6579 20.5538 5.6457 9.6913 20.6189 22.8719 
20.2887 33.2158 20.7912 19.5584 35.483 30.9452 25.5476 36.2588 7.2385 38.5044 31.2966 30.0865 40.5041 21.5103 24.0537 35.4644 18.9848 13.4048 24.6622 15.0707 
13.1501 28.1099 10.3802 17.5989 29.7521 27.1329 19.3301 28.2239 7.4517 32.1185 19.962 24.9709 24.5846 17.3853 15.982 22.9515 8.7517 6.4917 23.5937 13.7038 
8.8642 20.7742 4.3865 13.7945 23.3688 18.9486 13.2724 18.1488 11.4788 29.4461 18.3493 16.7714 20.3596 12.3918 14.3743 18.4534 3.4633 2.0664 20.6524 12.2519 
17.4607 7.3778 13.6782 23.5187 12.2103 0.3764 9.4694 6.6451 33.0376 6.929 14.9046 24.4748 3.4595 21.2193 10.4677 9.6779 14.4144 19.7524 24.4894 25.9906 
8.8518 23.0387 12.2552 29.3699 8.0691 12.4276 4.2541 7.2127 22.2981 16.8489 21.7489 6.9683 15.5607 8.4872 18.8854 5.6399 14.6128 15.0364 7.7763 18.2253 
14.6174 25.916 12.1021 15.8945 27.6322 23.5033 20.131 27.7607 6.2562 36.7717 17.8496 25.5729 32.1279 14.788 16.3693 28.6236 10.5473 6.7942 22.2368 14.4255 
13.9885 17.514 15.5743 31.5483 2.322 7.6271 9.6363 1.2633 24.9686 10.7178 25.7395 14.611 9.581 15.9395 16.5863 2.9328 21.635 19.6596 15.1242 22.5162 
4.2596 23.2393 6.1633 23.1511 21.205 19.3491 10.8385 20.4886 9.1266 29.7676 22.2546 15.1877 24.9957 7.2083 15.2056 18.9264 7.2628 2.8108 16.9151 8.6649 
13.4135 23.0733 8.0412 10.4105 25.8571 20.4338 13.9238 22.3796 12.8939 28.6431 16.8955 21.512 20.8532 17.4052 10.4549 24.6806 4.729 6.0181 24.6043 16.9449 
19.6599 14.2378 17.5293 28.1169 6.4864 9.7079 12.8865 4.9395 35.7187 5.972 21.5902 19.0542 8.8639 23.4904 20.9309 9.2613 26.016 22.0247 20.2152 33.5431 
7.5892 31.3333 13.8889 30.2532 22.1682 24.9874 11.6735 19.7935 11.4952 26.9416 27.6802 10.7297 27.0273 3.7971 24.0336 20.1109 13.6331 8.8116 9.1616 5.7215 
24.0777 18.7559 21.4794 39.5124 12.9767 10.4623 17.3736 9.5392 40.2883 6.2998 25.7652 28.9706 11.3627 31.2176 25.0283 12.4522 24.2129 32.1896 26.0208 35.6265 
20.9279 4.0776 12.4022 14.3145 20.1677 7.7536 12.5588 16.0593 30.7972 13.3084 6.5782 26.7693 8.1234 23.414 5.5902 16.932 12.3539 17.3365 25.1589 32.8077 
16.3855 31.8564 17.7898 13.2543 29.4948 27.72 25.0568 34.5619 9.7607 41.4405 23.4549 24.757 27.1556 24.5254 18.136 28.0869 14.9528 12.8463 28.1057 19.7323 
9.5318 23.7511 16.9332 33.057 9.2349 20.0032 9.7774 14.0686 26.1748 20.1081 32.7509 3.2082 19.9478 8.5797 27.4694 8.403 18.8181 20.7886 4.2621 18.741 
22.5332 24.8274 16.7998 6.9885 35.3975 24.3102 21.6028 31.3611 20.8473 36.9572 15.927 33.7275 30.0136 29.1677 13.6262 27.591 13.4566 14.7311 35.8696 27.0564 
19.8918 14.999 17.3598 31.9466 9.1622 7.0283 13.1678 7.7224 36.4969 3.8833 19.2443 21.6234 7.7487 24.4885 20.3531 10.4886 21.2668 25.9424 23.1754 33.6504 
20.4575 6.7878 13.5576 11.5034 24.6094 12.3093 18.508 18.3103 25.9295 15.2499 3.3008 27.8544 13.2345 25.5272 4.2111 20.324 14.0062 19.3223 27.2486 33.3351 
16.2146 27.9352 15.9124 23.3092 29.0526 29.8463 22.6425 25.7404 0.8096 36.8671 23.8312 20.0555 35.8743 15.8926 21.0518 28.2877 12.0961 9.6798 24.1423 9.1087 
11.2733 31.645 17.3397 29.1685 24.3583 24.3111 15.1205 22.9196 9.8324 36.2631 33.5178 11.8105 28.2179 7.4749 25.6136 21.5442 17.9679 11.6445 10.3388 3.34 
18.4761 12.6692 17.3665 31.3546 7.9199 4.8949 12.5764 3.9183 32.8398 6.0892 20.7617 21.811 6.1565 20.6078 17.0643 8.4252 17.9887 23.3812 18.0757 25.3318 
7.7623 29.56 12.6877 24.0812 22.7086 26.0448 16.1836 21.9984 6.0403 27.919 24.4828 14.13 24.914 8.559 18.801 20.1276 11.5842 6.5354 15.3054 4.8232 
11.7289 30.0158 17.2062 33.8868 20.4309 23.807 14.0979 19.5864 14.5842 31.9558 35.8689 7.8355 29.9095 4.7273 30.8067 19.6798 20.9822 15.0593 5.5678 8.6209 
7.7674 28.018 11.2818 24.5662 20.9851 19.899 13.029 25.2463 7.1383 30.7438 22.1771 16.0504 25.2069 7.5541 21.1421 21.5058 8.6616 5.5577 14.5827 6.2691 
11.7158 11.3608 12.4151 25.5582 8.2953 3.5208 6.624 5.9735 27.9796 8.8329 16.5727 19.3201 6.3826 16.5757 13.5305 6.7593 12.8454 16.6672 17.1513 26.6942 
12.5037 26.582 13.1904 21.3341 26.2091 28.8331 20.3286 26.5806 3.7901 31.0897 20.3497 23.6447 26.4805 14.5692 18.4554 23.5838 10.3203 8.3383 20.9064 9.3835 
20.1453 31.4059 16.9626 15.5348 29.904 32.5346 20.923 36.8205 10.0762 38.7149 27.5661 29.9867 32.6348 20.0678 24.3012 31.9992 13.4475 11.2715 24.8243 17.4018 
22.7548 17.0186 25.0946 38.9244 10.1188 10.5484 18.2801 9.2928 36.5418 6.6521 27.456 22.1094 12.4817 27.9739 23.0701 9.9685 27.0855 27.4231 21.9556 32.7629 
10.7907 13.29 4.9802 14.5212 16.1124 10.5887 11.9804 16.1685 19.6359 18.9617 9.141 19.6323 12.5776 15.2947 4.2195 19.0869 5.373 11.0579 22.2018 22.9689 
19.8085 8.8506 13.2114 10.3797 23.6235 12.3588 16.8904 21.0629 23.3286 17.6215 2.371 28.2561 13.205 26.7942 2.1666 20.4879 10.3679 17.1726 28.4808 26.8441 
7.9962 21.4674 5.2196 14.9247 22.9169 20.2892 11.3424 21.1041 12.2675 28.2092 16.919 20.8668 19.6662 11.7562 14.1451 18.958 3.18 1.8998 20.8996 13.0177 
6.0487 18.8251 1.0574 15.3417 17.9313 15.187 7.0255 15.3139 16.5096 21.9727 16.7436 13.8716 15.4874 11.3438 12.2253 16.1878 3.4541 5.7499 15.6826 14.0596 
10.6844 36.1601 16.2078 26.23 22.9384 24.166 15.0878 22.298 12.3164 28.7744 29.9154 11.7103 28.6763 5.3862 23.8529 18.1598 16.5139 13.2811 10.7225 4.0449 
12.5872 14.5636 7.2476 8.8723 24.8465 15.5446 15.4319 22.3036 17.943 24.312 7.9606 24.2449 16.8959 18.1511 5.9133 19.4133 5.6198 10.4852 25.0864 21.3674 
11.4863 25.2054 17.3939 30.9216 5.8055 14.7831 9.1938 8.6142 24.2478 19.0646 25.5679 9.291 19.2759 13.4616 19.8993 4.9824 18.5704 22.613 9.3178 22.3982 
6.8942 25.9655 6.1032 20.9976 19.6304 21.0316 11.9093 22.1994 8.303 30.3773 22.076 16.8113 20.4945 8.9993 16.596 18.9388 5.3011 1.3696 15.7474 10.7662 
15.2103 33.0639 14.1785 18.033 33.8991 25.2027 25.2734 32.5839 8.835 35.1395 22.7055 28.3925 29.8953 20.0402 19.6669 32.2737 13.0243 9.2732 25.6389 14.8376 
12.2065 28.5616 16.2877 33.1542 8.8471 18.7659 10.7859 13.4737 24.8641 23.7526 29.083 3.5539 21.9036 10.4469 25.5561 7.8896 19.7997 19.8151 4.045 18.0754 
6.6755 30.8694 11.3986 25.1499 16.6316 22.4889 11.7888 21.249 12.6648 30.7473 25.6021 10.0099 26.7072 2.1514 25.2618 16.1112 14.9949 10.164 9.7289 6.8742 
12.0794 25.4072 18.1138 32.1467 4.0858 13.0333 8.7526 7.7078 29.6615 16.5353 23.7396 8.9881 17.5748 15.9982 25.6618 3.7123 23.0208 20.907 9.4172 23.6865 
21.9844 8.7547 17.0399 9.1472 29.1632 13.5849 17.3439 24.0381 28.1555 23.2336 1.2228 35.0638 14.4041 30.1269 6.3479 26.1827 13.9642 19.971 30.3279 35.1223 
2.4146 25.2981 6.7827 24.5677 16.0882 16.9207 9.2701 17.746 12.4971 23.3176 25.1211 10.3811 22.7275 4.3826 19.8322 13.7624 8.8602 6.5881 10.9873 9.4392 
13.0996 23.0646 7.9201 9.7287 25.2425 21.433 17.1042 25.5569 13.6337 27.0189 12.6519 23.6275 25.3186 18.1948 11.9949 23.975 6.7548 8.0789 25.2513 16.1181 
22.8586 9.8782 18.7429 25.1982 10.5851 5.1618 16.5012 8.5205 31.3032 2.3374 16.4323 26.6437 3.6613 23.4076 17.0232 12.342 19.6645 26.2477 27.0134 34.6382 
7.4502 21.1704 2.891 13.7377 17.5413 17.043 9.8973 17.5826 15.0174 21.1926 16.2384 19.0241 18.7246 12.7522 11.8529 18.1871 0.5 4.5832 17.6099 14.1894 
13.5308 35.9622 19.493 33.9106 17.0065 27.2914 15.9638 20.012 17.1071 30.6208 36.1925 6.7027 26.7286 7.1061 26.7428 18.9494 22.0662 18.0146 5.5254 11.8711 
11.8577 23.5025 10.5332 13.8517 23.8201 25.6648 17.9483 24.8371 9.9478 33.7542 15.0297 24.5397 24.815 16.54 14.7688 27.799 6.2257 6.7745 22.8545 13.1316 
2.8048 17.3503 6.6659 21.7995 11.7097 11.9765 2.7747 11.762 16.317 20.8042 18.1017 9.8659 18.3242 7.3214 16.7856 9.8685 9.5763 8.9049 12.997 13.5832 
23.687 2.3758 17.2917 16.5204 19.3276 10.3247 19.0042 15.6765 32.9348 12.0847 6.9775 32.5625 8.5555 24.3321 9.1834 17.54 16.5753 21.1324 29.6754 28.533 
17.3454 16.1288 20.3593 32.0893 2.856 10.1439 11.134 3.4083 26.9439 9.663 22.9793 14.7846 11.819 19.0901 22.6883 4.2873 21.14 21.9085 14.324 23.4708 
13.0002 7.795 10.2644 19.8467 14.4386 5.6097 10.0991 12.1024 26.3312 11.2539 10.1371 23.5536 7.0502 19.9082 6.341 15.1452 12.0824 16.3755 22.0479 24.4613 
17.6579 1.5393 14.6315 20.0222 17.6472 7.8976 16.1542 16.5584 34.7908 9.923 9.0148 28.5763 6.3138 26.9858 9.4833 19.5835 15.6901 20.2228 31.4095 31.8696 
11.1511 17.8686 5.8462 12.509 22.0765 18.5816 13.3432 18.3634 16.8935 23.9117 11.3208 24.2155 18.4515 16.4513 9.8823 21.5531 3.8182 6.4926 23.787 16.239 
10.2114 34.5181 15.7097 29.3228 16.5267 27.6076 12.8497 22.0359 15.5197 30.2254 34.8002 5.4915 24.9477 4.4864 28.4633 16.684 17.6046 17.2251 4.3657 10.6097 
8.4539 27.0394 12.4375 27.5369 20.1731 24.7456 14.4823 19.7066 9.5875 27.0204 27.9986 11.1974 25.3543 4.9172 24.1094 19.249 12.6129 10.4697 12.3264 3.7662 
19.4475 31.1355 18.894 18.8812 35.4057 36.5881 23.0521 29.5647 8.7463 41.4342 30.3085 27.2506 36.7541 21.7807 26.7452 32.3694 16.2876 13.5277 25.895 17.1365 
17.9072 5.279 12.809 15.1327 19.6564 7.9364 15.3606 16.3608 24.4375 14.4194 6.3754 26.2622 8.2444 24.3048 4.11 16.6897 13.1584 19.5232 29.0614 29.7636 
18.2105 11.8203 11.7887 10.1711 23.3452 16.5295 18.826 19.489 27.4355 23.4525 2.8884 31.8559 13.6359 27.0375 2.7373 25.1342 11.6724 14.1048 28.798 25.6165 
21.2739 16.4926 24.5184 36.103 9.7033 9.8665 16.9015 8.8888 37.1257 6.9958 24.5719 20.3074 10.9529 28.2621 24.2914 8.9262 25.1001 29.6624 24.2852 30.0607 
9.0462 18.1969 5.402 11.6402 24.1002 15.5992 14.2576 22.063 13.4091 26.9324 14.7904 19.2506 20.3904 16.2501 9.7671 18.3526 2.302 4.8418 24.2394 16.5517 
19.3129 7.3032 15.7036 28.2722 13.784 4.0045 12.8793 9.0035 33.346 3.4645 16.3175 26.4476 1.1333 26.8916 16.3432 11.077 18.4801 24.2187 25.3147 35.4067 
14.2185 27.4623 17.0595 38.3436 13.6608 26.3993 14.3502 17.7669 20.8829 30.9987 29.3114 2.2885 27.4875 8.1201 29.3027 13.4781 20.9003 19.5094 1.5145 16.7423 
14.3096 30.5875 14.6219 18.0954 30.067 23.3458 20.7182 32.4082 6.8279 30.4961 24.9194 23.3795 28.8421 18.3621 17.5353 24.8043 10.2267 7.8928 23.7839 12.7511 
9.8688 13.0842 7.1907 16.6836 14.7698 6.8772 6.6912 10.0553 24.7678 12.9566 12.7717 19.2158 10.2432 15.0508 7.8519 11.8343 9.5666 11.8238 19.0898 20.0407 
18.2845 25.3287 13.4384 13.6798 27.4696 28.1912 19.501 31.6528 12.2015 34.439 21.128 27.3128 30.8468 21.8438 15.5213 31.0034 11.3316 8.2105 28.8977 15.1937 
9.0435 26.5193 14.9367 35.5931 13.8837 23.3163 10.6683 15.4407 20.3705 26.4301 28.6595 2.7791 23.4771 3.8829 25.3096 13.8155 17.325 16.8029 2.7873 10.7732 
6.1646 17.368 10.6224 23.034 7.8537 12.5509 2.8766 9.3847 19.3656 17.3905 20.7765 7.9541 14.8211 9.5216 16.9125 6.0176 12.6958 11.5936 11.143 16.5866 
25.6353 14.8948 14.8044 6.1626 29.2282 18.8452 21.004 23.2328 25.0684 24.9876 3.2158 36.6853 16.6071 24.9785 7.8524 25.5416 15.7709 18.1857 29.446 33.3218 
20.5585 33.113 15.9808 16.8842 32.3642 29.6497 25.0302 35.0556 9.835 36.8082 25.8802 33.3098 38.7918 24.1018 23.1745 37.1396 13.6902 15.1657 26.7292 16.0254 
21.9556 35.5602 18.2749 16.7975 31.4018 31.8906 25.6148 29.9171 11.8834 34.0719 22.4769 32.5598 36.6724 21.9419 25.6881 36.1381 17.6436 15.546 32.7792 19.619 
7.0349 16.2331 3.9872 20.6683 13.8731 9.5365 5.7278 10.2341 16.5268 17.1766 14.986 17.7045 15.1443 13.7521 9.2917 12.0694 6.0238 9.7823 15.2315 16.2475 
18.1279 20.0346 16.8967 5.022 31.2006 22.8467 24.0472 27.5191 19.7594 30.7355 14.1531 30.3966 24.231 22.2017 13.9015 25.4965 11.1528 14.6713 34.0532 24.4267 
14.1739 17.2773 8.1988 7.5328 23.8546 18.4189 14.853 22.6855 18.7945 24.8923 7.2016 29.2094 17.4838 21.5868 5.094 25.0381 7.8518 12.217 28.025 19.8864 
25.3572 17.7206 20.0735 2.028 29.9813 22.4559 21.7952 30.5948 24.5174 32.1749 7.9571 30.8981 21.4359 26.0275 11.2616 27.8224 14.4883 16.6399 38.9391 33.1822 
19.5609 7.4008 12.3669 12.4746 23.8767 10.9807 15.6586 18.3613 28.2301 16.5188 4.0804 31.254 11.2187 26.4296 2.9441 21.0595 14.3621 18.939 29.7236 29.6334 
11.7699 27.6138 9.0014 20.1954 23.252 23.5766 14.03 25.0473 5.7131 27.2179 20.8016 19.3513 29.7416 11.6097 19.6707 26.1086 9.6006 5.0069 19.1088 9.9013 
11.6647 28.1156 14.166 30.0108 11.4573 21.2241 12.199 14.2784 18.206 21.737 28.5876 0.6002 27.4025 7.1029 24.2241 13.3836 16.6438 19.1121 1.1515 13.9495 
21.9889 17.5259 15.0421 3.8219 29.6705 22.9889 18.7819 25.3744 27.2599 25.4193 5.9503 28.577 22.8428 30.0769 8.7701 26.1663 15.7634 16.135 33.7388 30.3995 
10.7437 11.3184 4.2693 14.8968 14.1698 10.4435 8.3124 12.6311 20.397 18.5739 10.0688 16.7237 12.5893 15.3038 6.9204 13.5246 5.0415 10.7255 20.9153 18.4776 
17.6867 19.5554 22.827 36.1035 5.9743 9.4768 13.6154 4.5875 28.8535 7.4653 25.2487 20.8982 11.9103 21.3575 21.76 7.174 21.0001 26.2213 19.4999 29.4326 
13.3647 20.5833 8.0121 10.0827 27.5675 20.4873 17.3993 24.2476 14.1978 26.3593 14.5036 21.5107 24.0119 18.4645 10.259 19.7242 5.2779 7.8176 27.4553 15.6177 
27.9327 13.6621 20.0625 13.9891 35.7272 21.914 30.7826 31.6694 31.9233 22.4041 8.3736 37.6735 18.6083 39.1163 12.7053 29.36 22.907 27.9791 42.3397 32.3321 
25.7977 16.2652 20.1637 10.6154 32.6217 21.8536 23.3335 28.4208 35.4562 28.4538 7.1479 43.2289 21.9521 35.5523 11.4923 31.5906 19.6372 21.6162 36.4949 36.9937 
15.7673 10.4868 12.5808 23.6202 8.2914 2.1412 9.9344 5.6267 28.8893 7.7473 16.8487 20.4417 5.7377 21.7145 14.9857 7.2906 16.5473 18.7721 20.9881 28.4047 
25.53 13.8946 16.0073 6.5776 24.2917 18.6421 18.7438 22.5178 26.9087 25.731 3.0128 30.3464 16.5436 26.5521 6.4919 28.275 14.9505 16.754 36.5152 32.3194 
20.7634 5.9903 19.5213 14.7569 25.172 11.4774 17.4532 17.1254 29.973 14.3804 4.892 27.8064 10.5477 28.1419 8.1134 20.3195 18.8524 20.0129 28.4468 30.2245 
14.2115 11.0093 15.1486 28.8039 7.1148 4.6062 9.9744 3.3051 26.4164 8.1594 19.1097 16.2791 7.1592 18.5086 17.4691 6.9078 18.9142 18.9794 21.1443 26.6071 
12.8902 12.2904 5.8586 17.2448 16.9944 7.8072 9.2017 12.9031 19.0939 16.5004 8.7564 23.337 12.5593 18.14 5.2138 13.491 6.6956 11.7141 23.7972 21.1816 
16.4616 25.7031 14.3437 11.9608 33.188 28.2504 23.8488 28.9531 11.6751 29.8314 20.1513 27.8722 33.7896 19.3974 16.963 33.1978 13.443 10.0949 29.5145 16.3536 
18.7836 18.3478 11.514 4.3784 28.931 21.5905 18.6384 26.916 21.1962 27.1648 6.1636 30.1751 17.5792 27.9481 7.5124 28.0821 10.7376 13.1709 30.2764 27.875 
8.1666 24.2288 12.0521 30.8789 9.1306 15.5669 6.6841 9.4621 24.0431 19.675 22.12 5.9683 18.5715 9.6312 18.9093 7.3487 14.9719 15.2194 6.1891 18.5484 
14.7053 6.9867 10.1393 16.3726 12.9825 4.58 10.5184 10.6741 22.4588 10.9348 10.0273 22.2253 7.8696 20.688 7.5918 14.5047 11.4335 17.9684 25.8531 27.4146 
23.7476 27.637 19.0864 13.4734 39.102 27.6452 25.9695 29.1751 14.9838 38.7055 21.6726 33.7445 29.5346 25.0886 22.2195 29.8943 16.5993 14.7323 33.9593 18.7293 
12.4874 18.5936 11.6297 28.2313 3.767 9.688 6.5324 3.4094 23.3968 12.22 20.2111 10.7215 14.3607 13.8964 17.3613 1.655 17.6369 16.4932 12.6778 20.9558 
10.6032 31.8138 13.0895 20.0093 28.9914 24.5181 15.1678 25.8349 2.3791 35.9355 27.3445 19.4603 33.7329 10.8517 21.2949 21.2263 12.7896 6.2851 19.2441 6.617 
10.8851 26.3463 7.39 16.5772 23.1516 23.6882 14.9944 24.6397 8.0102 27.2823 18.5272 20.7303 22.0622 14.3294 13.8409 19.0792 5.0997 3.2555 23.3673 14.3899 
16.4994 18.6756 15.0294 30.6127 2.3567 11.3236 11.1158 5.2442 27.6794 17.0726 28.3656 12.8597 16.5526 16.4659 18.8502 2.7691 18.9567 22.5115 10.9308 22.1733 
8.3242 33.55 14.73 30.6195 20.3345 21.9589 14.3521 20.2929 15.1238 29.5142 32.2325 6.7982 25.2574 3.0199 24.1195 14.6749 17.6981 12.2858 6.3851 8.3757 
6.5069 23.6606 13.3805 28.3466 14.3462 20.1664 9.3157 17.7718 15.7665 26.869 27.8035 4.9234 22.552 2.2571 25.1768 13.7573 13.5624 11.7559 4.9411 9.9725 
3.1855 21.3258 9.4227 23.2599 16.4679 17.2569 6.9832 13.8815 14.6638 22.1693 22.1852 7.5601 25.004 2.5311 20.3182 13.2439 11.105 9.62 8.258 10.8272 
16.7872 28.6588 13.5591 12.101 32.1047 25.8722 21.6402 31.7851 12.2288 36.8171 17.0069 30.4916 26.2545 23.6632 16.9435 29.1193 13.5289 12.8908 33.1943 17.0602 
19.3606 11.6733 11.6854 9.0758 20.5546 16.7955 14.6089 19.0631 20.1349 21.0349 5.7419 28.9608 17.8971 23.6428 4.2223 24.9623 9.0283 15.4568 31.9922 27.1555 
13.8775 27.8987 20.2888 37.4899 9.2792 19.3135 12.568 12.0278 22.1032 21.0413 26.2729 5.116 24.6848 12.0663 26.5091 9.065 18.9075 19.7963 5.0386 21.3029 
1.489 18.8388 4.4322 23.1091 14.4107 14.263 5.0854 14.142 14.062 24.5336 17.4779 12.1981 16.0542 7.3319 14.1456 11.0575 7.3746 7.3715 11.2314 10.7876 
10.3216 34.7893 15.2362 36.9949 19.676 28.9226 15.9303 21.0205 14.959 32.1657 30.8019 7.5503 27.7517 5.1178 28.3098 19.7715 15.7876 13.4755 9.1248 7.423 
11.9302 29.4023 12.4202 16.7167 23.8616 24.0093 14.7946 28.6249 4.7968 29.592 22.0016 18.9544 28.9521 14.0268 16.1325 23.5519 10.1083 4.8885 23.37 10.0152 
8.2299 32.01 16.5411 35.5146 15.7079 24.411 10.765 14.8546 15.9899 26.2113 30.8013 3.2385 21.4892 3.9027 24.4396 13.7931 16.3712 15.9353 3.254 10.2061 
17.7511 11.3433 10.634 11.192 18.0085 13.1778 14.6862 17.8697 23.85 17.8267 5.678 24.3657 12.9472 19.9983 0.6523 17.1563 8.5923 15.7037 26.1743 27.6248 
24.5007 31.5419 19.4344 15.598 34.8595 28.3553 28.4391 35.5605 14.4941 36.8378 21.4743 28.5116 37.2163 27.6914 23.3266 36.3026 14.8442 12.759 33.9057 20.4946 
7.4486 14.855 4.9689 21.8438 12.6781 10.5273 3.0017 9.6321 21.5356 19.0405 13.7896 15.8214 12.3491 13.4968 10.6654 11.7232 6.3764 11.1095 17.7044 18.3703 
17.8842 7.2405 13.9205 20.5972 12.5586 2.6348 9.9521 9.8007 27.4246 7.9947 14.1803 20.9219 4.3711 20.5645 10.3009 12.0891 15.4567 20.2842 24.5473 29.719 
16.2673 35.0039 15.0021 18.4257 33.7923 30.6935 22.6262 32.6419 9.0087 41.3904 25.9 30.5615 35.7489 20.4829 22.1807 31.6008 12.6444 12.802 27.0003 14.1161 
19.33 10.3125 12.5353 10.0984 26.8465 16.754 16.2815 19.4871 22.7164 19.8731 1.7913 33.2592 17.5803 28.9216 4.4903 25.0982 11.6365 16.452 29.123 30.7149 
15.7329 17.8347 18.5682 29.1175 2.6496 8.2784 11.0089 2.0173 28.7204 8.6672 21.2351 15.0824 9.7112 19.7458 20.0177 4.0062 17.4458 20.0136 14.8341 29.5162 
17.6238 5.6141 10.8809 21.386 16.6704 4.9165 11.8373 13.2467 25.8912 12.77 8.8733 20.7581 5.8141 23.7708 7.0777 14.5784 12.1543 15.7215 21.9971 24.908 
15.4854 14.5012 11.3292 5.4221 23.7093 20.3623 19.7111 21.4574 20.956 25.4809 6.9149 30.5279 22.3778 25.8785 6.546 22.0671 9.2389 13.9017 29.3311 27.2284 
15.2856 18.9967 11.116 6.5643 29.8324 21.2687 17.5389 22.8774 20.4515 24.0393 8.6199 26.6097 21.952 21.0215 8.603 26.4062 8.7368 12.5729 25.3164 22.7888 
8.706 32.3965 14.641 29.7301 15.8499 20.355 10.7385 17.3546 16.2972 27.3954 33.531 2.3601 22.1864 4.4613 23.7614 13.0678 16.1853 17.4271 2.1319 12.3181 
16.0725 14.6057 18.3527 33.8969 4.7665 9.4808 11.2336 3.4416 31.642 8.8534 23.7335 18.3667 10.2962 18.8987 17.4463 5.3232 20.8079 26.2687 19.7725 28.0774 
6.3785 26.9905 14.1584 26.9665 13.8663 18.0906 8.5676 17.0705 16.7796 23.4126 30.3548 4.7787 24.3239 2.8377 19.8615 11.106 14.3106 14.1979 4.7498 12.3148 
19.3229 2.9545 15.6147 21.5529 17.663 6.0325 16.8965 14.4381 33.2101 8.2533 10.6189 25.6981 4.4791 26.1268 11.3037 15.0135 18.8951 21.6025 25.366 34.0845 
15.4977 31.8736 18.6484 21.5502 27.2043 32.2202 24.6477 30.6274 4.1441 42.4896 22.9112 26.0995 30.5145 17.4723 23.8776 33.8796 15.0781 9.651 21.6383 10.6919 
14.0708 34.4959 16.7583 32.8002 20.3397 29.2895 14.7696 18.968 20.2166 27.602 28.8361 5.6283 30.4097 7.1953 27.8521 18.3321 21.7211 16.9909 6.0913 12.0403 
25.915 37.2988 21.1253 17.8754 34.7502 37.596 27.0665 36.6855 12.1162 48.9621 31.2133 35.333 36.2891 27.2583 23.7436 37.5048 19.9447 17.2766 33.583 17.3518 
17.8533 6.03 13.0842 16.0574 18.5072 10.8573 15.484 18.4939 31.4887 16.9909 5.5785 29.6192 8.8404 25.0869 4.5705 18.1914 15.8361 19.8111 30.2789 25.4394 
22.5235 9.0504 20.1111 27.0778 9.9909 5.6997 16.1908 8.736 34.4918 2.7216 18.4612 21.1455 3.8846 26.0768 14.6153 11.7943 21.5273 21.1406 22.1223 33.9842 
5.2607 26.332 10.1603 24.1333 18.3257 20.2623 11.5491 21.1664 11.2827 25.9643 23.8852 9.6929 27.9584 2.3114 22.1882 14.792 12.904 9.3064 10.7878 6.9247 
29.9 13.0552 22.5248 12.1804 31.7815 21.4243 21.5448 27.9981 31.2223 19.7873 6.04 38.2478 18.3736 36.5162 12.0394 28.8929 17.5875 22.9135 40.6565 39.4862 
8.4362 14.7283 5.9382 20.9242 11.5148 7.0003 4.4744 9.0262 24.3436 14.4861 13.9687 15.4443 11.937 13.8571 9.2207 10.0648 8.5204 11.5436 18.5294 18.5043 
29.3844 17.2254 21.4897 9.2005 35.6377 22.6579 29.4062 32.1318 28.9091 27.5406 8.4036 41.2534 21.2947 31.2077 12.0246 34.0441 23.4103 24.8127 42.7733 39.7904 
6.1647 27.5458 12.5025 27.3105 14.0893 17.1628 7.9932 15.4861 19.0713 25.0405 23.1125 4.8492 20.7977 4.309 19.9601 10.6457 12.8138 12.3755 5.0262 10.9018 
16.3761 7.073 14.3293 20.3223 14.7124 2.0126 12.0901 9.3266 31.2454 7.5652 15.1431 21.4659 2.0455 21.4244 11.3608 12.5604 17.6382 21.0565 20.9629 30.2268 
18.8396 30.5736 18.4816 20.7229 33.5761 36.042 24.619 38.7674 8.8848 42.745 25.6506 29.0803 31.4538 25.9181 23.3273 35.4494 19.385 13.5816 31.7009 19.0391 
14.3534 7.76 8.654 17.4968 11.5668 4.2623 8.9156 10.5254 25.3228 12.3435 10.8695 22.2076 7.6505 17.6479 7.2981 11.4119 10.0127 17.0874 20.7121 22.694 
23.0974 0.294 19.3717 19.6873 21.4461 7.6785 15.7145 16.1835 32.8794 11.8329 10.4358 30.4706 6.5089 30.8326 8.5072 18.1437 17.6093 25.5685 31.1943 34.9408 
17.2612 13.7093 13.6042 27.1425 6.0877 4.0543 10.205 2.8295 26.4121 8.2758 17.5765 16.0061 7.4233 19.9638 17.2904 7.1658 18.3951 21.3698 19.8396 27.5939 
24.3751 19.8761 16.387 2.9217 27.0948 21.9375 24.7781 30.2611 22.7334 27.856 7.5009 35.8243 25.159 28.4167 8.2188 32.1621 13.8391 17.9469 37.6587 28.677 
16.5701 21.7116 11.2574 11.038 29.6883 20.1061 17.502 26.3616 12.5666 28.0078 13.6758 27.8055 26.2205 16.4724 13.7553 26.7199 7.8886 7.5418 23.8881 18.923 
20.4482 9.673 12.7015 11.0222 26.3399 16.091 16.4063 19.4458 23.0495 17.4007 1.5392 28.147 16.5685 26.033 3.108 19.655 11.2256 16.9665 32.7099 24.5354 
3.9912 25.8239 10.3355 28.8998 15.9355 19.4319 7.7324 17.6499 14.1825 22.3051 21.729 7.5883 23.5824 1.9724 21.4261 13.6086 12.4258 8.8707 7.4606 10.3058 
20.812 33.1622 15.8651 21.0676 34.1283 35.2772 23.9749 36.6441 6.0885 37.0235 27.9695 22.8169 39.7691 19.4617 22.5938 31.466 14.4703 11.5378 27.0862 12.9064 
9.8438 18.9421 3.2499 14.2188 22.9664 17.6351 10.4637 17.6953 15.0105 26.7527 15.8672 16.9861 19.2898 13.6409 11.2386 20.2414 0.7603 4.4654 18.2672 14.4587 
12.0229 19.3813 13.3019 31.8763 2.483 9.9294 8.3701 4.7955 24.704 14.321 24.5328 12.616 15.8604 12.4453 22.0832 0.9608 17.7548 20.1653 10.3686 24.5858 
24.6712 36.874 19.7456 23.889 34.0931 31.2319 26.4771 35.7215 8.8411 45.8816 26.0736 30.5403 40.8808 22.3968 29.5938 31.5529 19.1789 17.108 28.2497 19.1757 
17.0516 26.9905 14.3864 12.9886 35.2039 30.0156 22.1976 25.6321 9.2995 31.7836 22.068 23.7091 31.1829 18.6683 19.3657 32.8705 12.6515 11.205 28.3044 14.0234 
12.4165 31.8467 19.5364 34.7955 15.2408 23.3912 12.7256 14.0744 20.7951 25.7994 28.1809 1.9024 24.5401 10.2455 24.6014 14.4033 20.9285 19.6666 2.0849 17.4226 
9.2339 29.6324 9.2945 19.1473 23.5028 24.4431 15.5878 22.3491 5.3083 33.8368 22.3302 15.5929 24.208 9.9413 17.3103 20.5159 8.4506 5.3359 17.3477 6.6007 
EOF