I 200
J 20
bounds (0, 100)
cv 0.5
D 1
k 5
t 3
FLR 0.8
FCR 4
abounds (80, 120)

a 
99.0 100.0 120.0 
103.0 104.0 116.0 
109.0 106.0 109.0 
118.0 115.0 101.0 
109.0 108.0 108.0 
117.0 93.0 87.0 
99.0 96.0 113.0 
116.0 114.0 95.0 
106.0 108.0 112.0 
109.0 140.0 98.0 
108.0 95.0 89.0 
108.0 123.0 100.0 
105.0 105.0 91.0 
108.0 111.0 104.0 
117.0 104.0 127.0 
103.0 102.0 93.0 
101.0 98.0 119.0 
109.0 104.0 103.0 
120.0 115.0 92.0 
108.0 120.0 97.0 
106.0 114.0 90.0 
105.0 107.0 114.0 
102.0 112.0 106.0 
118.0 113.0 113.0 
99.0 99.0 107.0 
101.0 109.0 114.0 
133.0 114.0 107.0 
109.0 94.0 96.0 
107.0 90.0 100.0 
97.0 96.0 107.0 
125.0 100.0 97.0 
95.0 125.0 131.0 
101.0 125.0 103.0 
106.0 129.0 95.0 
93.0 99.0 126.0 
108.0 125.0 97.0 
112.0 113.0 103.0 
99.0 130.0 104.0 
98.0 113.0 138.0 
98.0 107.0 120.0 
106.0 93.0 95.0 
123.0 112.0 105.0 
109.0 105.0 102.0 
123.0 112.0 102.0 
95.0 108.0 115.0 
108.0 108.0 108.0 
108.0 107.0 101.0 
92.0 106.0 93.0 
109.0 103.0 75.0 
112.0 105.0 123.0 
101.0 129.0 120.0 
109.0 120.0 86.0 
123.0 107.0 108.0 
113.0 132.0 104.0 
91.0 102.0 130.0 
92.0 116.0 126.0 
115.0 108.0 109.0 
82.0 101.0 118.0 
113.0 120.0 104.0 
113.0 112.0 103.0 
108.0 105.0 112.0 
110.0 100.0 107.0 
101.0 97.0 94.0 
101.0 93.0 118.0 
108.0 123.0 111.0 
88.0 105.0 120.0 
100.0 95.0 103.0 
107.0 100.0 93.0 
106.0 107.0 110.0 
108.0 100.0 104.0 
103.0 113.0 116.0 
111.0 115.0 113.0 
98.0 123.0 123.0 
90.0 104.0 122.0 
105.0 97.0 110.0 
89.0 109.0 115.0 
107.0 95.0 112.0 
100.0 99.0 116.0 
115.0 106.0 94.0 
123.0 124.0 110.0 
99.0 101.0 124.0 
95.0 101.0 94.0 
117.0 115.0 102.0 
83.0 113.0 99.0 
97.0 95.0 116.0 
115.0 120.0 108.0 
107.0 108.0 103.0 
111.0 112.0 109.0 
100.0 107.0 117.0 
85.0 105.0 119.0 
101.0 96.0 96.0 
88.0 104.0 100.0 
104.0 101.0 98.0 
132.0 122.0 94.0 
122.0 114.0 114.0 
93.0 113.0 117.0 
119.0 103.0 122.0 
108.0 108.0 123.0 
97.0 122.0 95.0 
122.0 105.0 108.0 
106.0 93.0 98.0 
105.0 119.0 109.0 
115.0 119.0 106.0 
130.0 122.0 107.0 
130.0 109.0 106.0 
105.0 117.0 102.0 
107.0 93.0 104.0 
84.0 106.0 128.0 
120.0 108.0 114.0 
106.0 115.0 119.0 
96.0 104.0 104.0 
120.0 99.0 119.0 
103.0 105.0 111.0 
130.0 115.0 109.0 
120.0 112.0 122.0 
114.0 100.0 101.0 
102.0 102.0 90.0 
99.0 126.0 116.0 
127.0 123.0 100.0 
97.0 109.0 115.0 
100.0 92.0 86.0 
109.0 105.0 110.0 
101.0 108.0 104.0 
103.0 101.0 97.0 
114.0 107.0 102.0 
97.0 104.0 94.0 
108.0 111.0 111.0 
117.0 95.0 106.0 
132.0 96.0 115.0 
98.0 124.0 123.0 
93.0 101.0 101.0 
116.0 120.0 110.0 
106.0 94.0 122.0 
114.0 101.0 129.0 
104.0 104.0 107.0 
104.0 111.0 109.0 
119.0 105.0 113.0 
102.0 106.0 112.0 
105.0 94.0 95.0 
117.0 128.0 103.0 
122.0 110.0 113.0 
113.0 117.0 123.0 
103.0 108.0 96.0 
102.0 113.0 135.0 
114.0 105.0 113.0 
106.0 97.0 104.0 
99.0 114.0 106.0 
98.0 115.0 101.0 
86.0 109.0 103.0 
91.0 111.0 105.0 
96.0 107.0 113.0 
120.0 116.0 116.0 
119.0 126.0 106.0 
115.0 103.0 99.0 
112.0 116.0 116.0 
117.0 97.0 118.0 
89.0 95.0 104.0 
128.0 103.0 100.0 
117.0 119.0 134.0 
108.0 104.0 107.0 
87.0 95.0 113.0 
99.0 95.0 121.0 
105.0 93.0 99.0 
106.0 122.0 119.0 
112.0 112.0 106.0 
102.0 105.0 108.0 
108.0 96.0 100.0 
85.0 121.0 101.0 
119.0 116.0 116.0 
110.0 107.0 113.0 
94.0 116.0 95.0 
97.0 102.0 104.0 
100.0 104.0 101.0 
98.0 101.0 117.0 
129.0 118.0 110.0 
91.0 105.0 108.0 
121.0 99.0 116.0 
122.0 113.0 103.0 
107.0 120.0 91.0 
108.0 85.0 123.0 
102.0 140.0 104.0 
118.0 102.0 107.0 
99.0 92.0 124.0 
109.0 105.0 98.0 
121.0 126.0 119.0 
103.0 101.0 114.0 
105.0 107.0 136.0 
119.0 119.0 105.0 
117.0 118.0 93.0 
98.0 104.0 110.0 
110.0 110.0 108.0 
100.0 134.0 96.0 
110.0 112.0 84.0 
114.0 108.0 118.0 
116.0 109.0 111.0 
98.0 103.0 114.0 
96.0 95.0 129.0 
106.0 107.0 96.0 
111.0 107.0 109.0 
100.0 119.0 112.0 

Icoords
81.4785 38.2653
72.6837 86.0535
70.9125 29.9622
71.0098 49.9381
96.7806 83.4964
80.9292 4.3854
29.6176 38.1974
3.0937 83.1465
27.153 0.6765
96.4957 76.3098
59.408 25.9803
96.442 89.9101
68.3848 10.0296
17.9223 15.1972
10.3733 6.9605
96.9915 21.7944
92.6933 0.1807
60.0668 61.2643
26.6894 16.5354
6.3678 60.8681
71.6148 55.3889
35.741 58.6308
38.5318 44.468
49.7333 91.6202
24.6966 46.8207
8.3557 5.3817
1.4637 8.8409
54.4919 43.3133
25.514 31.3703
84.9536 94.5263
90.8197 66.6266
32.5878 49.0788
52.98 54.1009
25.282 26.0165
85.5063 35.982
86.3909 13.6739
56.78 22.0217
94.6209 1.5008
19.7382 6.4717
33.1627 87.2915
44.1504 82.7088
11.6179 34.9861
15.8282 88.7165
8.8692 79.0855
83.2285 49.2282
61.4092 12.3077
51.7126 71.9252
94.0206 52.1186
37.9683 59.0683
41.7706 14.9138
81.2036 43.6105
30.1639 49.2737
23.3597 6.4985
86.2903 78.2341
74.7195 86.1483
27.3462 48.4635
87.8193 41.931
38.0816 65.7392
16.3086 56.8525
68.97 86.5141
25.5757 82.8575
29.0952 68.2207
35.2282 35.0689
40.2845 79.279
11.6226 68.495
81.3615 81.7426
87.7808 72.4735
99.1614 43.9531
1.4242 7.1197
20.752 60.9048
7.4802 71.376
83.4464 88.3412
72.7759 65.1099
97.4849 22.8959
94.7377 62.4741
55.1515 37.1899
99.8429 15.6237
47.2241 13.8155
82.5302 86.3402
0.3441 94.0763
54.2763 76.0964
67.7407 18.5481
44.003 99.9661
76.1017 64.5717
91.0991 25.0347
43.0686 9.1667
45.8873 28.8573
28.3723 94.4024
48.2893 22.7157
79.9599 91.1638
75.2474 29.2303
72.5614 33.699
84.5124 94.9457
7.6388 16.7599
74.4418 96.836
86.7077 2.0532
70.1014 4.3646
98.507 99.5194
25.1919 46.3308
64.907 15.3992
71.0148 28.5008
65.8261 37.4883
73.101 35.032
12.6672 95.8755
92.6824 49.5401
92.6568 33.7449
14.6964 25.6626
97.78 75.7877
37.4815 92.8709
47.795 30.9714
51.9883 85.4411
18.6523 95.6358
50.4269 67.9342
2.3457 45.2859
82.7694 72.4509
54.5922 72.3557
96.7025 63.2657
66.5193 19.4167
76.709 99.1772
99.26 95.2735
61.498 9.6202
95.1969 51.8296
36.1868 31.6052
58.2958 85.9982
73.6244 11.5926
98.4865 77.7961
97.392 58.9178
97.7773 87.1179
60.6809 94.4786
48.052 90.8549
83.0347 7.4153
64.7735 56.324
46.3999 46.3899
9.2981 54.1201
65.7617 33.7716
34.9081 5.5279
21.8397 38.1518
9.7161 99.6685
25.465 81.3358
7.4344 84.0206
57.5402 8.9614
14.0275 69.7347
73.2035 80.7234
19.6733 51.3054
58.67 44.1196
26.5168 41.5536
34.8731 99.2649
77.2478 25.5439
22.271 17.4482
38.9522 38.0718
89.5906 97.2497
90.7106 57.2165
67.3947 54.5597
8.8808 5.9234
37.9139 97.0533
77.9867 89.6208
3.4456 4.8472
36.7856 57.1817
93.7504 23.7955
81.7605 66.2054
41.9413 29.2473
13.8494 27.2207
61.4516 22.4708
3.6341 81.9377
55.1907 17.8739
10.9153 33.1015
33.413 87.0644
80.596 64.2953
60.6848 93.586
1.5019 32.4665
25.1304 65.7266
98.5845 50.6487
88.4979 38.1357
62.3852 8.4782
42.2363 59.025
91.8417 37.2241
29.5397 62.0308
25.3728 87.6949
45.0501 6.8965
4.2005 98.1953
40.865 16.1296
4.7544 83.7223
10.9789 67.0689
22.7097 4.6808
41.222 70.6709
45.3792 72.8212
75.3719 13.9415
95.1279 21.9787
20.3574 41.8451
83.9647 18.1661
39.7343 84.1736
70.4624 47.5505
10.4168 66.0511
87.0347 50.3984
86.1107 56.3732
11.6057 34.6819
71.5007 67.5538
25.7099 27.5582
29.8533 89.0042
6.6484 26.3231

Jcoords
94.2442 54.602
95.3746 50.7773
79.9619 46.0474
50.1123 59.5383
96.7644 22.0975
88.3029 68.1448
30.352 17.2987
69.764 27.2358
87.746 74.373
10.7007 40.8231
90.0895 16.6579
5.8294 87.7807
87.5194 91.437
70.7731 31.6161
30.1171 24.3836
47.8671 52.8032
30.7372 41.5326
73.9159 63.6756
61.6594 41.6015
86.5189 74.9319

C
6.6677 7.3562 2.6997 12.6774 7.7652 10.816 17.0141 5.0715 11.2618 27.5859 8.3922 32.5126 18.6228 4.6729 16.4295 13.9561 20.2369 8.3008 6.5921 14.4641 
13.125 15.9177 14.4882 12.5078 20.5496 7.7895 26.8546 18.0851 6.4806 29.4571 27.366 26.4096 6.0399 18.482 26.1369 15.6377 21.1277 7.2144 16.3547 6.6212 
10.9368 10.2172 5.9982 11.8562 9.5089 14.7938 15.1864 0.9896 18.271 18.4591 8.8366 26.3693 25.3185 0.6312 15.8401 10.4868 16.1923 12.2424 5.6667 16.2224 
8.7137 8.4425 3.3226 7.8558 14.5333 8.3191 18.9679 8.0987 9.2909 23.9279 12.3371 24.6759 17.2218 7.2799 17.5186 7.7933 12.7494 4.6885 3.8308 9.1803 
10.1316 11.5048 15.8216 16.5035 24.2157 6.0239 31.5386 19.3225 4.336 32.08 23.4432 27.3338 4.7333 22.0936 30.302 19.316 25.54 9.6711 20.5773 4.0486 
16.2506 19.2509 13.3396 24.2163 9.3633 22.978 16.0671 9.2268 26.0039 24.3923 4.948 34.2178 31.3148 10.6777 19.7018 20.1333 24.4965 21.8515 15.6823 21.5983 
21.423 20.6271 17.9404 10.8471 24.278 23.3891 7.2438 13.9871 26.1882 6.5966 23.6232 17.6202 28.954 13.1745 5.3093 7.3022 1.3675 20.4155 11.7578 20.7114 
34.2041 34.8046 27.4238 17.6463 41.85 27.6863 24.6939 34.03 25.77 15.1022 33.5491 2.0116 28.3593 31.21 23.3943 18.4977 17.021 25.6708 23.6094 28.1916 
28.2245 27.1701 21.764 19.1944 22.7311 27.6265 5.09 16.1778 36.7416 16.6216 25.4671 31.3957 36.9628 18.6373 7.2129 19.3292 15.95 24.22 17.8258 28.9771 
7.0405 9.4638 12.6834 17.7561 19.3486 3.5255 29.8987 20.4697 2.7064 29.5152 23.584 29.5735 6.5909 19.2449 30.1455 17.5323 27.5832 8.4375 15.269 3.3528 
13.6882 15.2858 10.8467 11.9821 11.5415 15.4419 10.8716 3.9537 18.3997 16.2227 10.242 26.8278 21.5281 4.2066 9.4574 10.3778 11.5955 13.846 5.7354 17.4924 
11.1471 14.0539 15.7157 20.2699 26.2913 8.2562 37.5852 26.6947 6.8496 32.2576 22.389 29.4935 2.7691 20.4016 36.1378 24.0411 28.7862 12.5693 23.6265 7.1024 
17.474 16.0507 12.5226 16.5813 11.3981 20.6418 12.8554 5.3648 23.1884 21.186 7.1101 32.7417 32.0622 8.3984 14.2068 15.2045 18.8651 18.579 11.2884 21.6248 
30.501 27.0276 24.5275 18.2572 28.6183 34.1019 3.9659 19.8994 30.1031 8.6368 27.6168 25.6293 35.0257 17.2503 5.5742 18.3634 10.321 27.7961 16.0778 31.8178 
34.2713 36.7889 29.5074 20.2266 27.6278 33.6372 7.7698 20.9857 39.3447 11.4664 25.3118 27.7084 43.4613 24.7188 9.3163 23.2746 13.7825 31.948 20.5472 36.541 
10.1961 9.5938 11.1486 23.1352 0.1144 18.6697 22.3483 9.0822 19.2027 29.6815 3.0095 37.0586 27.5794 9.7208 22.0717 18.9614 22.4264 17.1665 13.6179 19.3567 
20.3836 17.911 15.8225 25.8674 7.5234 27.0244 21.5022 11.3735 27.1403 34.1892 6.2373 47.9769 27.7773 11.7231 25.1601 25.8189 26.5998 25.7172 16.4691 25.7195 
13.3189 11.9631 9.2199 3.5259 19.9877 11.3169 20.7964 13.4244 12.2444 17.5574 19.9321 22.6577 16.0111 9.6174 16.2388 5.6135 11.5804 5.1746 6.723 10.8289 
28.0391 27.1379 24.1594 17.8832 21.5104 28.2429 1.2391 13.7279 25.3062 8.9415 22.6719 26.0866 29.3043 15.8133 2.5898 15.4721 8.2122 24.8826 16.7241 29.0693 
34.535 33.045 24.5184 17.2302 32.449 29.5634 16.2582 22.5414 28.9957 7.5039 33.5348 8.2827 33.8895 27.1772 16.3424 15.9337 12.4091 24.007 20.1302 29.2545 
7.2164 8.6357 4.8206 8.0063 14.891 7.5933 18.5988 10.8595 9.352 19.2529 15.2508 25.1661 14.6453 7.5645 18.2859 8.5328 16.1815 3.1253 5.2004 8.4891 
19.041 19.3618 14.8964 5.3884 26.529 16.9542 13.8217 18.0596 16.3224 10.1582 21.1158 13.5908 20.6078 14.1873 13.2715 4.998 5.8042 14.5633 11.2544 20.9161 
21.5974 22.5679 15.8668 6.7014 21.0725 20.47 9.6074 13.8295 21.8315 10.349 17.8434 16.7429 26.0879 11.2455 7.2187 4.8833 2.8552 12.634 7.4598 22.0483 
19.5098 18.5825 17.6802 11.0562 30.4689 14.9679 25.0928 26.1217 16.2879 22.8828 31.3978 17.4435 12.36 20.2648 24.1007 12.8166 20.024 11.6373 19.7559 12.7443 
26.1171 27.6218 21.2129 9.0063 29.5772 23.8758 10.0156 15.4395 22.5824 5.538 25.8315 15.7251 27.5083 16.6328 8.0974 7.4806 2.553 18.3805 14.0135 23.8172 
32.8951 36.2657 31.1521 26.6361 27.2085 35.1879 9.544 21.425 36.9599 12.6767 24.9092 28.8779 36.7625 20.7182 9.9295 18.7767 15.4895 27.538 21.8211 33.5642 
41.2773 38.3215 29.1881 28.0701 38.4103 40.2331 10.743 23.8515 35.7329 11.8277 31.095 23.8209 46.1852 25.4177 10.1508 25.0189 14.1653 31.1661 23.4041 40.2745 
13.0502 13.7933 8.9017 6.5004 16.1143 12.7695 12.7584 8.7036 16.7497 16.593 13.8128 20.5274 20.8137 6.1726 10.0703 4.4732 7.4775 8.9291 2.2144 17.7681 
24.9936 25.2031 18.6374 14.394 27.8208 28.1311 5.4714 14.2483 28.3515 5.5951 21.8759 21.5624 31.4583 14.6868 3.1124 11.0804 3.4678 18.8428 13.0615 26.139 
13.4287 17.6114 17.569 19.1533 28.1433 8.1322 30.9372 21.5091 7.2309 33.6037 27.0869 26.2375 1.5393 21.7585 31.5358 18.818 23.7904 10.9405 20.8399 6.5437 
4.1171 6.4941 7.6947 13.2637 15.4449 0.8991 24.472 14.0025 2.9477 31.5728 18.9551 29.901 9.541 13.2367 28.2285 16.3207 21.1289 6.464 13.3916 3.6439 
19.7533 20.2248 17.3174 7.9002 26.8028 23.5136 10.2648 14.7637 19.3998 8.3978 21.5529 17.762 26.2066 15.2377 8.2596 4.8328 2.5431 17.0806 10.173 19.8382 
14.3981 14.2458 9.5597 2.0729 19.6923 13.673 15.2547 10.7449 12.1137 16.9018 20.8022 17.389 16.164 10.8156 12.2007 2.0219 8.0323 7.3024 5.2774 15.6781 
23.1944 23.8252 19.9508 14.8218 25.4501 29.7156 3.2171 16.5624 26.5579 7.7596 24.4894 20.8641 34.3395 18.2238 1.8357 11.9968 5.9358 22.5926 15.0426 30.1196 
7.9106 6.0467 4.4138 15.9181 5.6307 11.1025 18.652 5.5503 12.7021 29.1003 7.8905 35.942 16.7362 5.8946 19.7727 14.8087 16.9333 11.7413 8.7294 12.8383 
14.0694 11.8917 12.9316 18.5668 4.9269 20.3683 18.1721 8.117 20.236 28.4819 1.7593 36.8231 30.0042 7.6833 20.0665 20.9649 18.7956 19.5676 12.3365 22.6042 
17.6602 15.4639 12.9505 15.0437 13.2429 18.6202 9.1816 5.3211 21.5986 16.7169 10.7289 27.3355 22.9649 6.4981 8.8707 11.4147 12.333 17.1921 6.8668 23.7379 
19.9931 16.8348 16.5873 27.7857 6.7342 26.3487 24.5536 13.2276 24.7621 28.85 4.9184 49.3742 31.323 15.2504 20.5669 21.9477 24.645 24.8431 19.6631 27.7259 
29.0403 29.6195 21.9433 22.6296 28.8444 30.4329 5.7736 17.4949 37.4126 11.7821 24.965 25.5637 43.3453 19.7589 7.5954 18.8894 11.9791 28.1193 17.0373 35.5866 
22.6957 24.2305 18.9011 10.79 28.5351 21.6494 22.0165 26.0503 21.7802 20.6037 28.5853 9.5436 21.2443 23.5563 22.623 14.1758 16.2305 16.7822 19.2454 17.5644 
18.8461 23.9998 18.7881 9.3715 25.5152 14.157 26.1048 22.2712 14.9091 18.1983 28.6664 14.9054 17.2884 20.3719 21.8662 9.6042 16.1401 13.3479 17.4925 13.862 
33.8842 32.644 26.1079 18.1718 28.7973 26.7601 10.1177 20.8185 31.2083 2.3256 31.073 18.3127 30.4872 19.8017 7.7996 15.7445 8.0513 26.4127 19.2115 28.4287 
26.6551 33.4015 29.8727 15.1086 40.6311 26.8127 25.2018 29.8028 23.6429 17.4028 35.9888 3.9336 27.2838 24.4622 20.3172 16.7291 18.1109 22.7403 22.9724 24.6316 
33.5015 29.0898 25.831 15.3125 39.01 29.6679 20.8608 25.3852 30.8405 12.4189 32.5349 2.9255 27.1405 23.9722 18.2976 14.729 13.3019 24.3858 21.3916 27.9783 
4.5313 4.2317 1.5411 10.5023 10.2845 7.5639 22.5395 8.881 8.9697 26.2701 10.0321 30.3334 13.6698 7.688 18.6166 12.9159 15.9263 6.0917 8.4922 8.4089 
19.2169 20.5016 13.5727 15.5401 13.8525 20.4212 10.1287 5.8266 22.1616 18.1277 9.3146 35.1206 32.8304 7.073 12.7491 14.6759 14.3832 20.9465 11.5451 26.0437 
18.0574 16.6937 13.0447 3.8281 23.5515 11.5726 21.7256 17.4861 11.9979 15.812 26.8399 15.8598 13.0612 16.685 17.7589 7.5757 13.3384 7.4375 9.9442 11.6616 
0.7872 0.6741 4.7932 17.318 10.1442 5.2544 26.3349 12.2075 7.7967 32.1866 11.5917 30.641 12.6133 10.759 24.5491 16.1647 20.962 8.7263 13.0291 8.5517 
21.5424 17.5514 17.0236 4.8479 25.0519 16.3515 15.2595 17.3579 17.9355 11.1582 23.9284 13.291 23.6391 16.0495 11.0243 3.7757 7.2306 13.268 8.8331 19.2916 
21.2772 23.2375 15.3142 16.5383 17.4258 22.6883 4.0279 10.9679 24.9458 12.9619 17.1596 25.8533 27.4422 12.0887 5.9553 13.5777 11.4193 21.8431 11.4096 23.4024 
6.3564 5.6279 1.0779 11.9578 9.4521 9.1717 19.4955 7.3028 10.4196 22.2681 11.2553 27.0039 17.9507 5.1596 18.7499 11.1523 17.9964 7.5699 7.6526 10.703 
22.4348 25.2954 16.7223 7.8767 26.5356 18.3497 12.1156 16.5959 22.7263 6.7645 21.2389 17.0363 22.5374 17.7084 8.6842 6.7675 2.8154 15.6609 11.4722 23.2019 
30.2228 31.8118 23.7118 19.3659 26.3704 31.0265 4.6176 16.0309 32.5946 13.7411 24.4548 25.0202 34.8934 16.5206 6.382 19.0596 11.9545 24.0645 17.7159 36.2534 
8.3806 9.0435 11.4253 13.1332 20.9348 3.8292 30.5311 20.7628 1.4125 30.0506 19.31 28.9584 4.9752 15.6979 28.3405 18.1681 26.0735 6.5518 15.8872 1.2231 
12.9515 12.6526 13.1679 11.4566 25.9709 8.6603 27.0948 22.4185 6.7324 28.0736 24.4753 25.8617 4.8916 18.9448 24.2956 13.6231 24.872 7.2229 14.349 5.8526 
21.1815 25.2055 17.7607 8.7672 26.7473 21.561 10.7579 18.4752 25.3951 6.2968 21.7575 16.3323 24.4825 16.9646 8.5078 7.0496 2.8264 19.234 10.8267 20.3219 
5.4369 4.2428 3.3095 15.0772 6.5577 9.3285 24.7345 8.1013 9.8494 28.0664 9.1832 36.9838 18.0057 6.047 20.1319 16.177 21.2351 8.8836 9.5596 11.0705 
19.9252 21.0744 14.2307 4.6032 25.0769 19.2065 15.3144 19.3567 18.1776 12.8313 24.0991 14.7 17.6848 15.3062 13.1695 5.0234 9.4911 12.8894 10.3555 18.7101 
23.8426 25.4154 23.9338 12.6621 30.2451 28.064 15.1606 18.8285 28.1125 6.516 30.7678 10.3811 23.8207 19.983 11.4071 10.8592 8.0728 18.3138 14.9185 28.5435 
14.484 14.9785 13.7834 10.4139 25.6074 10.0886 25.9893 23.002 7.4971 27.279 25.9294 19.3375 5.8093 19.6476 28.1463 13.9398 21.1934 8.4335 16.081 7.8597 
26.9915 28.1385 24.5154 11.7832 33.9274 22.9433 24.6366 22.4977 22.9464 13.7021 29.2098 6.8989 23.6945 20.696 22.111 14.3651 13.6349 19.4038 20.3618 23.1814 
22.0171 25.0774 16.9631 9.0368 29.2522 18.5498 19.3562 20.116 21.3068 11.2133 26.8439 9.5412 25.0152 19.7585 16.0268 9.1409 9.928 16.6642 16.5042 19.073 
19.3021 23.9766 14.3803 11.0038 24.2435 21.294 6.1289 13.3755 19.9808 9.2687 18.6741 21.9755 26.0573 10.7601 3.8839 7.8921 2.4132 14.7281 8.5464 25.2499 
21.6038 24.426 16.008 7.9298 27.6883 14.8567 19.2896 20.2944 16.972 18.8155 30.5646 12.6375 19.3196 21.4608 18.7753 8.8762 13.4754 11.4969 16.4047 16.337 
31.9543 33.8399 24.8524 14.0289 32.0463 24.3386 19.8597 27.2341 28.9443 10.9808 33.1785 7.9581 24.8252 23.9856 19.0896 13.0217 12.6154 19.9122 17.8826 25.8743 
10.2386 13.3133 11.2633 12.9839 21.7331 4.9817 25.6429 18.1336 3.6652 30.4487 20.9216 24.8839 3.906 19.7143 25.8975 14.9925 22.9767 6.7573 15.2883 3.0149 
7.5067 8.643 9.188 14.9831 18.2117 1.4859 28.1523 16.0153 0.6809 27.0307 21.7923 27.6451 6.3439 16.7464 25.0258 15.3605 19.8837 6.4862 13.8265 1.0122 
4.2155 3.0079 6.1069 20.1436 8.3396 9.4931 24.152 10.7272 10.5792 32.4943 9.2416 39.2437 18.1383 10.7252 22.132 20.8105 24.6139 11.8053 12.9073 13.0625 
32.894 36.4149 27.6992 22.0492 33.4695 40.6417 9.7028 26.4439 36.0346 12.5669 29.8475 29.9617 46.9493 27.4482 11.9646 24.7553 14.9358 33.4307 25.965 36.7995 
26.9231 28.6542 23.7467 9.4731 28.5481 25.7892 16.7349 18.8972 25.8167 8.7604 26.7979 11.4848 22.5097 20.8036 12.966 10.5982 6.5557 16.2902 14.3072 25.3921 
35.1273 34.6028 27.6484 16.1229 30.9001 31.9262 22.7169 23.5964 30.6106 10.295 35.1761 5.0122 28.674 24.6061 19.8523 15.0339 13.9348 20.4855 23.9002 25.9113 
12.5546 15.5679 16.4359 15.8771 26.629 7.6088 28.1239 22.9622 5.7861 26.9794 23.6633 30.9777 1.7169 17.7568 31.0613 16.2881 27.9717 9.3396 16.5946 4.4957 
7.4765 9.7917 7.3808 7.2209 15.9421 5.1038 22.2696 14.4528 5.5154 20.1638 18.3222 22.4271 10.3981 12.1397 20.4949 10.9049 19.0868 0.6138 7.8507 5.7298 
9.8546 10.1778 9.5875 18.3503 0.4108 18.2422 21.2606 9.5175 20.4793 32.7438 2.9992 42.9988 25.9455 9.0957 20.3702 21.2213 23.7493 17.6769 15.8305 17.1768 
2.569 4.6189 6.7675 16.9049 14.1981 2.6606 25.3264 14.3868 4.1941 31.1545 14.7779 28.5084 11.647 12.1275 25.0763 16.085 26.2355 6.9139 13.9791 4.855 
13.2579 13.2887 8.4933 7.4387 16.7234 16.9135 11.4543 5.9248 17.5882 16.903 13.5838 27.2728 24.9521 5.6161 10.32 5.2204 7.5037 12.474 2.545 18.2511 
15.0543 13.5792 13.9959 23.5059 2.8538 19.6759 26.3239 11.5622 21.5455 31.1904 3.7908 42.9133 27.6587 10.073 24.638 19.7593 25.2775 18.1382 15.9006 22.7827 
18.8415 21.1119 14.219 14.7429 15.9875 23.403 5.8299 8.1793 23.0908 14.4767 15.7232 33.7093 34.8343 11.7223 7.4802 13.3317 10.2684 19.9017 11.1784 21.9866 
11.5668 11.9106 15.629 15.9039 20.9312 6.2479 27.6757 18.7086 4.9776 29.933 23.0039 26.0522 2.7823 20.542 27.7136 18.4244 20.8812 9.5798 16.2172 3.8456 
31.9738 32.0809 32.172 22.3655 40.9462 32.0681 27.0794 33.3722 28.778 16.7527 43.5574 2.7179 32.2173 29.4362 25.2898 20.8721 21.2513 24.0568 26.8341 34.6129 
16.7002 17.537 14.3458 5.3304 25.4297 12.3734 24.0711 20.3386 11.2574 21.7187 25.0859 18.549 12.3199 17.482 17.7055 8.1681 14.009 7.6568 13.4896 12.4441 
13.5629 16.0646 9.5484 13.395 11.3012 16.9554 14.3877 3.0222 21.6509 20.4097 8.5274 35.9992 26.6376 4.1265 13.2762 14.451 14.8847 14.5845 7.5126 22.672 
23.4482 22.6387 19.4817 13.8238 36.1755 17.3778 31.6044 29.7675 18.6299 23.7425 36.4259 15.76 17.5382 23.4384 29.5632 17.7927 23.6446 14.2265 19.5553 16.3459 
8.0942 8.1863 7.0428 9.0006 15.3037 4.0862 21.5251 14.2012 5.2814 26.2801 16.6363 26.5015 11.5917 11.8378 19.958 10.3881 17.9656 0.7359 9.4803 5.8474 
9.6606 8.3635 8.8706 20.1125 2.0803 17.047 21.5557 6.5954 16.8879 26.8498 2.6645 41.8707 20.2356 8.5246 22.711 18.3279 22.1394 14.852 13.026 17.307 
24.8555 23.1261 18.2321 15.8994 19.0933 29.2776 4.6823 10.2187 28.3689 14.746 18.2028 29.1323 34.5055 12.812 6.6741 13.9557 13.4351 21.4703 12.438 26.177 
18.6481 19.6797 14.6134 9.3097 15.7565 20.4145 6.9709 9.3836 18.7985 14.2455 16.9204 24.2322 28.2537 8.4054 6.4078 9.2963 6.9373 15.7024 6.1217 23.0736 
23.9583 25.8088 22.7116 13.8175 29.9375 23.4045 23.5784 29.3258 24.0368 17.3712 31.1687 9.142 19.4602 23.3575 21.0962 17.1129 20.9521 17.1027 23.7437 19.5978 
20.125 18.5707 14.9683 12.0189 14.7667 19.6992 7.4575 6.7526 20.9308 13.5849 14.7238 25.9652 30.8055 9.0511 6.887 11.0131 9.0526 18.075 8.3741 22.5985 
12.3098 15.8648 17.839 15.6637 28.2619 9.6958 33.1619 23.5704 7.3718 26.5683 25.6853 27.1897 2.8957 19.9736 33.2654 17.8603 24.3465 10.7035 19.3263 5.7055 
10.0633 10.5292 5.9749 13.0133 8.9835 14.7971 17.2437 1.7557 16.9283 24.0349 6.1077 27.3983 21.8813 1.9933 13.6941 14.3544 14.9066 10.7515 5.9465 14.5732 
11.6104 9.1791 5.413 13.6163 10.3763 11.4753 16.1889 2.3367 13.9452 19.5215 7.8375 29.1614 22.0325 0.8456 13.2058 9.7317 13.4633 9.9264 4.2751 15.1967 
16.1023 18.171 17.2178 18.3347 28.8098 8.7428 34.2516 26.1806 7.5679 34.7624 29.9896 26.934 1.7518 24.4955 30.0427 20.4679 29.1958 11.2719 18.147 6.7362 
30.5085 35.5885 26.4905 18.9348 27.0445 36.3434 8.2313 19.9024 32.2859 8.1068 27.1098 22.0733 33.8331 22.3698 7.6833 17.4085 12.5118 25.9927 20.103 36.6069 
17.203 17.6871 17.7172 15.2253 30.4828 12.462 33.6296 21.2341 8.1768 33.1868 25.4875 25.1084 4.4171 23.5685 27.3917 18.7413 27.2225 11.3423 22.485 8.1667 
18.5272 19.266 17.6965 23.8099 8.2796 23.3371 18.1625 10.8569 23.4919 32.2951 5.3638 43.8078 29.9984 10.1188 21.1774 21.524 21.637 19.6235 14.7883 28.6706 
18.7891 18.5971 13.9251 17.6812 10.1124 25.1908 16.0473 8.7286 27.5723 25.9691 9.154 34.2557 34.2137 8.8076 14.0363 20.6156 16.4473 20.2787 13.8409 24.5032 
15.5932 18.8191 19.5937 23.2451 30.0783 11.2174 38.3183 28.2684 9.524 36.8079 30.2418 29.4547 5.1628 27.6451 33.0505 22.8187 31.235 13.7012 21.1841 10.329 
22.3173 25.5626 16.8365 10.8247 27.3012 24.8535 10.5534 16.3945 26.8655 4.795 24.6333 14.1045 24.7506 15.9211 8.9275 8.956 2.527 20.217 11.3849 26.7494 
17.2453 17.7933 11.6029 17.2617 10.1699 20.0397 11.0916 4.7083 23.3109 19.0334 8.8526 29.1409 30.8986 5.86 10.9806 12.9802 13.8646 16.9281 10.4053 24.4153 
13.1239 11.0913 5.9915 12.109 10.2527 14.2767 14.8254 0.5348 18.5401 21.189 8.4195 32.1247 25.5442 0.9446 15.9033 11.4212 13.0895 13.6024 6.1189 15.2091 
12.4632 9.8558 6.3043 8.2041 12.0563 11.4839 14.9146 3.9428 15.3734 21.8751 10.684 31.1584 22.3052 2.8978 11.8792 7.8431 13.3973 10.6701 1.9362 12.9926 
9.5477 10.1852 5.0352 11.1153 9.0827 13.0549 14.0649 2.6679 13.324 21.8337 7.5573 31.382 18.6649 1.3575 14.454 11.2961 14.3065 11.3446 4.8803 15.8532 
31.9069 32.7264 31.1491 18.1579 40.6658 26.0769 25.1534 31.6776 29.8019 17.1542 43.5652 3.5053 26.0493 27.3419 22.4746 21.416 18.8986 24.5511 22.0663 23.7047 
1.7503 1.0296 4.518 17.4389 9.1585 6.1927 27.1649 10.643 9.1603 32.8126 10.5649 31.402 15.0661 10.3009 23.2713 16.7873 23.0979 8.794 10.4266 9.7618 
7.4215 6.2627 6.9563 16.8363 4.2659 13.4467 23.778 9.0346 14.6466 32.2546 6.369 35.119 18.9979 8.4452 25.1238 16.4183 20.3885 11.8443 11.189 15.0202 
30.0417 31.2892 22.8167 18.1479 28.4962 27.7905 6.6135 18.2238 33.2764 5.2757 28.0178 21.8551 37.1716 21.1526 5.2842 17.118 6.968 26.0791 15.9941 33.2799 
7.4209 8.0704 11.219 17.7171 20.7174 4.3854 32.7319 19.4568 3.9104 30.6283 19.3194 29.525 5.9657 15.6097 31.7634 18.6558 28.3832 10.3194 17.9238 4.0036 
23.488 25.6609 24.1761 13.973 30.0785 20.5666 28.306 29.0823 18.0016 21.4057 28.1617 12.8075 15.2328 23.9339 21.9941 14.3712 16.5228 16.8453 22.0616 19.842 
18.0733 20.517 12.5544 8.8905 19.5484 19.8861 7.3249 6.7455 23.1712 13.648 17.6416 25.278 25.336 7.6225 7.5047 8.4227 6.8674 14.574 5.6081 20.1821 
17.0068 20.6584 18.2681 9.9156 28.4997 13.8408 27.6185 23.1325 13.2283 20.8571 28.5037 14.7713 13.8801 17.6157 23.0176 12.4121 14.7903 11.5643 16.9115 14.1201 
31.4543 33.7099 31.4704 18.4253 35.993 25.8709 29.2983 25.7101 28.1358 18.6265 38.7741 4.8947 26.156 28.2829 24.1404 16.3941 18.8983 21.5395 21.7402 25.5223 
14.102 14.4814 11.6495 3.2431 24.885 14.2416 19.2169 17.8252 12.8457 18.6082 21.1721 15.684 13.1911 14.899 15.4444 6.1261 12.4199 7.4194 10.415 13.3527 
34.4631 33.3903 29.7983 16.4198 36.2939 28.3734 14.5189 27.8055 28.3645 3.0349 28.7963 15.1192 36.1048 24.4926 12.2767 18.0907 9.2416 24.8804 22.2082 31.636 
8.4219 9.5376 9.45 12.7265 18.2447 2.3152 28.5329 14.378 1.8 31.4105 17.9955 30.3375 5.9379 16.207 24.1399 15.5684 22.3761 4.171 12.7992 1.7426 
16.0921 15.1937 11.8452 4.7359 22.4116 11.639 19.1119 17.0559 10.4196 18.91 23.1563 19.8031 14.8611 17.1528 19.2693 7.6111 12.4684 7.2448 9.8707 10.7238 
3.2871 4.3604 7.9465 15.7698 15.9897 3.5941 28.0575 17.2795 5.5504 34.2017 15.1816 28.5848 11.6299 12.79 28.1825 18.2244 27.7049 8.4575 13.4803 5.5485 
16.8388 15.7935 11.5954 17.1826 11.2801 16.9895 11.2456 3.1458 20.0364 19.9016 8.0259 28.275 24.7864 5.0542 13.7553 14.5708 13.2715 15.8984 7.2266 18.7468 
15.9747 20.3607 19.3755 14.6212 26.3469 10.8956 29.1869 28.7369 8.3972 28.854 30.1702 28.3714 5.2784 20.3803 27.5723 20.8561 22.8641 13.2901 23.4946 9.9571 
12.9291 15.8429 20.0814 19.5484 28.5186 10.6323 38.6581 23.2035 9.5234 36.1364 29.6333 33.7243 4.113 22.7215 34.8274 20.3945 28.1017 15.761 25.7411 7.2175 
19.3456 19.0516 14.935 17.8944 11.548 22.5041 11.7792 7.2464 24.3918 19.834 11.1655 32.8082 33.4234 9.0568 10.7925 14.7669 13.346 18.0977 10.5572 23.416 
0.9413 0.3468 5.3644 14.266 9.465 6.9431 23.7809 13.8686 8.0559 32.9933 12.4605 34.9381 13.463 12.6814 26.7619 18.5146 22.4945 7.6965 10.8238 8.324 
20.1014 22.3976 13.9394 12.3131 19.6835 23.9067 5.2733 12.8534 20.8535 8.968 18.3081 23.6385 29.7048 10.9051 3.7046 9.5069 4.1868 17.0192 9.2873 25.2697 
17.7168 16.1757 16.7565 10.9097 25.5608 11.7983 29.0505 18.1589 12.0979 19.7978 28.7659 16.4577 11.6672 20.0528 20.9423 13.4968 20.3708 8.89 17.4177 12.0442 
18.9166 16.2594 12.4366 16.8906 8.1499 17.931 13.5742 5.3542 21.0228 24.1934 6.0052 35.9699 31.6722 7.2104 15.7995 15.7749 17.1087 15.8022 11.7724 19.6954 
8.0946 10.3323 13.6041 16.3801 20.0722 4.5515 33.2849 23.2364 3.4946 34.7963 24.4318 33.0744 6.9784 19.7603 27.1471 21.7684 24.9897 10.5365 16.6836 3.9722 
2.0235 3.2163 7.8954 18.0671 12.1046 4.8958 30.0719 16.3774 5.9246 26.7716 16.8586 34.1774 13.1963 13.2008 23.5635 18.5232 26.9201 8.2208 14.3423 7.6768 
12.1867 11.6362 17.5714 17.198 25.4131 6.7248 38.1742 24.2824 5.6183 33.4809 27.0967 33.2216 4.0925 19.85 29.2399 23.8397 29.8825 13.2563 22.6786 5.5811 
18.1799 19.5127 19.4438 13.4699 28.8083 12.4871 31.5447 23.1109 10.7992 22.9149 27.1539 20.0369 10.272 24.9513 23.7053 16.7558 18.3514 11.8682 17.4524 11.1484 
21.7204 22.8705 19.5666 11.6969 27.8241 17.8392 27.1756 23.7159 16.2378 23.3699 29.1395 14.3598 13.7164 19.6748 24.6477 12.6828 19.1006 12.9815 19.489 12.777 
15.0253 15.3465 14.7963 21.713 6.342 19.3784 19.5325 9.1023 26.3257 23.9347 4.3161 41.3226 30.7789 10.1221 20.5892 17.3919 21.5925 22.6781 13.5431 22.8239 
9.057 11.2363 7.0108 5.0447 16.1724 9.3583 19.0767 11.1442 11.6363 21.7578 14.3475 22.2687 16.5087 9.1076 14.6009 6.5243 14.1988 4.1612 4.7944 10.6066 
18.8496 18.1883 10.1396 4.8761 17.4852 17.6579 10.8975 9.2871 16.3256 11.3703 19.7911 20.326 23.0368 10.8704 10.8872 2.404 5.0737 12.8648 5.217 15.0514 
28.3725 29.1933 25.5262 13.0063 35.2177 32.0719 14.8539 23.3194 25.3593 5.3336 26.9033 10.8995 28.3747 24.8372 11.5543 14.6146 9.3776 23.7244 16.9371 24.7446 
12.2763 10.7943 5.9916 11.0639 10.6572 15.6651 12.5754 2.8356 16.5801 21.9989 10.3064 26.5913 24.3329 1.7632 12.1565 8.0982 11.5479 9.773 2.9294 15.6734 
24.4168 27.1958 18.5782 18.0561 21.8495 28.6209 4.0087 14.9182 26.6861 15.429 22.123 28.7199 33.9792 15.0168 7.5776 19.1175 12.5301 25.3961 16.1453 27.1234 
26.9898 27.5986 20.4885 12.5175 28.8495 28.8023 7.6918 17.4489 27.5697 3.9267 27.1763 19.2946 29.238 19.4855 6.0805 11.3767 3.3571 23.1747 15.392 24.8886 
32.6649 39.0177 30.7801 22.7024 35.2121 25.6307 28.5061 32.2246 28.4472 20.3692 37.1015 3.936 26.6164 27.785 30.3186 22.8549 22.6693 23.5818 24.4714 27.7971 
28.7125 26.7954 19.6721 10.1704 35.8739 22.6267 23.0176 26.0603 24.3281 13.3971 31.0498 7.134 22.6525 26.6647 19.8225 12.1344 14.6792 20.1635 20.8972 23.8004 
30.5775 34.9261 25.9109 16.1135 41.9884 29.314 26.9282 27.1756 24.3557 16.8778 36.9254 1.4657 27.9647 25.1718 19.837 17.3626 17.8522 20.92 26.6364 26.604 
20.7917 18.9194 13.5775 18.6432 15.5327 20.7774 10.6926 7.0948 21.7516 19.8498 11.0375 37.038 29.6788 9.6628 10.4989 17.8507 13.7892 19.4924 13.0708 22.1208 
26.367 29.2928 26.2446 13.5142 32.8038 23.0158 21.2204 26.5083 24.5229 11.1579 33.9651 7.0344 25.8777 21.8137 18.1271 14.2729 10.9455 23.8549 18.77 28.0026 
10.1966 11.2861 13.8558 11.648 21.0716 6.0942 26.0555 17.7035 5.7571 26.8581 23.4471 25.959 6.1242 17.0857 25.9167 14.6926 18.4224 5.2911 14.8637 4.4302 
24.8787 29.3728 22.5004 9.9864 29.3152 22.1465 13.812 20.8234 22.9065 5.0266 24.4068 11.7706 24.05 19.9552 9.9018 10.0173 4.8227 19.4724 16.5132 27.1185 
12.5055 13.2166 6.7258 6.9321 13.4954 13.8594 14.9539 8.0588 13.8931 16.9587 12.7316 22.2017 20.1225 5.4642 11.9541 4.3605 9.3975 7.8754 1.2668 12.7671 
24.5337 21.4532 19.3135 10.7161 25.6945 23.489 7.8236 14.022 21.9318 5.1394 26.34 19.5186 30.7326 14.0112 6.6314 7.4884 1.6376 20.6457 11.6111 27.2585 
23.9898 28.9356 23.0664 14.3731 32.6241 22.6305 29.6266 29.6369 22.505 23.5582 33.0577 9.5663 19.7359 28.1295 25.8561 16.1426 18.7243 19.4517 20.2697 17.9266 
11.991 9.5259 7.7373 16.1546 6.9563 14.5592 17.47 2.888 15.6377 25.2836 5.5781 34.6527 24.5682 3.0944 14.4358 15.282 16.417 11.9692 8.9429 17.5174 
29.9852 28.819 23.1484 15.4574 26.8101 28.7708 2.6381 14.6637 32.3617 9.4573 24.8504 26.9919 32.6135 19.1707 3.284 15.0105 10.1861 22.97 16.3101 26.5785 
20.2793 18.1719 12.5627 8.8817 23.6016 21.6314 8.3277 13.0614 19.2422 10.0001 18.4892 18.6667 28.5525 10.1661 5.4513 5.6702 2.857 13.6942 7.1169 19.732 
15.44 17.0605 17.0054 19.6654 27.1023 9.515 36.3295 26.1379 8.5423 37.895 29.1184 27.4632 1.945 21.3778 32.8444 19.3919 25.9908 11.2456 23.2247 7.7745 
1.6242 2.972 4.6565 15.355 13.6383 3.7577 24.3868 11.0122 5.4792 31.9583 16.2051 29.9157 13.3833 12.9274 25.6441 13.2872 21.0581 5.9128 10.5542 6.6756 
8.5381 9.5489 5.6586 6.6437 15.0328 8.7195 19.871 8.3568 8.9214 21.6129 17.4057 23.6104 12.7798 8.4276 17.8365 7.7347 14.5032 3.803 5.0306 9.5925 
35.6515 35.9038 31.5721 24.7614 33.7243 37.6532 9.5833 19.7387 38.6799 11.903 27.6873 27.728 45.3663 22.2082 10.2986 22.1269 15.6515 32.4943 22.7113 35.2237 
22.3385 26.6486 26.124 12.513 33.6879 20.983 30.4907 29.3144 19.5624 23.7757 29.2702 11.6023 18.1069 25.5039 25.2369 17.4211 18.2447 16.0341 21.1188 19.5826 
14.1346 15.9506 16.13 13.2426 24.565 8.8964 27.9458 24.1001 5.8185 32.0503 25.6419 26.4759 3.1092 22.3519 24.291 14.7937 22.7733 8.4933 19.0501 6.36 
34.8506 38.4955 33.4839 21.8633 37.0109 42.2295 10.8718 24.1905 42.7582 11.656 29.0406 31.9426 46.9124 27.5977 12.1831 19.957 16.904 27.9524 23.5452 39.1493 
18.5433 17.817 16.8635 4.7124 22.326 19.0142 13.2467 13.8404 19.8348 12.2298 25.9733 17.0103 21.9091 14.6344 11.5201 4.5051 6.2244 14.3991 11.5729 16.127 
10.8237 8.2362 10.1648 19.9232 1.1094 14.2403 22.7645 8.3915 17.8264 26.0945 2.5068 42.7563 21.4177 9.1311 21.7826 17.2948 23.1997 15.5 12.5991 19.0158 
6.1033 8.072 7.3667 9.7966 15.617 2.6626 24.0043 16.2404 4.0342 27.1721 16.9469 26.1123 10.052 14.3392 23.0063 13.1719 19.7061 3.2706 11.7808 3.125 
22.5174 20.3413 13.0229 10.0051 20.1246 22.3916 5.6179 9.4983 22.9356 11.001 17.926 22.3043 28.0887 9.1791 4.411 8.1201 5.4736 15.9893 8.6559 19.5064 
32.9188 33.5622 27.0289 15.2959 31.9084 26.5753 7.5848 16.8247 34.8969 5.0752 26.9081 19.4384 35.1532 20.839 5.4246 15.6124 8.0289 24.3041 15.1026 30.8522 
15.0953 17.3855 9.559 12.6523 13.9705 18.2682 10.4196 2.9022 23.1742 19.9895 9.2078 30.5226 28.1863 4.0168 10.796 12.0678 11.5567 13.1255 5.9557 17.559 
36.6366 38.1642 25.5227 20.132 40.9141 31.0627 22.4448 31.6255 27.2271 14.9933 37.5806 2.3282 30.5521 29.9454 24.3219 20.5666 18.3764 26.4829 21.4759 28.2897 
20.8922 19.3826 12.8038 14.2959 13.3177 23.5608 9.6077 6.0053 23.0508 16.5649 13.3255 29.8751 30.6307 8.1734 10.1055 13.6617 12.7968 16.5269 8.1995 21.2528 
34.2683 31.5646 21.9882 14.5572 33.6079 28.6119 9.5291 18.434 34.5717 2.6758 25.9896 18.7206 32.7088 19.813 6.6829 14.1457 7.7697 25.2939 18.296 29.2305 
26.7599 27.3147 22.4468 10.3734 33.2206 17.8996 27.4373 22.416 19.5508 17.511 32.2852 9.6658 20.508 22.3982 23.3432 13.1153 14.9237 16.4493 20.7402 19.322 
5.4054 7.7391 7.068 9.3884 16.0964 2.6163 23.3018 13.6911 3.9306 24.9211 17.6373 24.2942 10.5461 12.653 21.4675 12.2483 20.0492 2.1019 11.0306 4.5581 
18.9759 21.1693 17.7339 11.8577 27.5385 14.5056 29.2099 24.1756 12.7276 26.0702 24.8305 18.8157 8.5849 22.6845 26.819 15.92 20.0819 12.3237 15.8736 11.9494 
35.5264 34.0676 29.3026 19.4129 29.15 33.6819 10.8865 27.1795 29.4275 3.7669 35.149 18.6035 33.3626 20.8383 11.2071 16.5304 11.2151 24.3892 22.1118 35.5042 
21.064 24.7195 21.8343 9.0491 27.1334 20.8496 14.9097 23.1037 19.6899 9.1642 31.4646 11.1338 24.2857 19.6013 15.033 7.9845 8.8637 17.9152 15.5188 20.1805 
2.0278 1.1636 5.8104 15.2967 10.5482 7.0865 23.1637 11.5109 8.5943 32.8434 13.5065 37.3169 15.1257 12.1018 27.001 16.5335 21.1532 11.0054 11.4774 8.4085 
6.3134 5.5333 4.247 16.037 7.1866 10.6684 19.4195 6.745 12.2037 26.3034 7.8523 29.5847 18.0242 7.2351 21.5263 13.7626 22.5772 11.3991 10.2833 12.3998 
22.0136 19.0753 12.4847 17.3087 13.4713 25.4876 13.0044 7.069 28.2003 19.4681 9.4084 31.3444 31.4051 9.2194 13.1094 14.4124 16.7582 20.6214 10.6915 21.6979 
20.1527 16.7347 15.4395 2.6646 20.7116 15.5956 15.2718 16.0637 16.5457 11.8447 22.7978 14.1871 21.3227 13.5044 12.6285 3.0965 6.5857 9.7498 8.929 15.631 
6.5138 4.2789 5.2444 15.3651 5.0602 11.6305 21.8669 7.398 12.5502 28.8578 6.9043 39.4691 20.7478 7.7856 19.0651 14.5137 22.8547 12.6567 9.491 12.6507 
19.6952 25.1998 21.0099 7.8437 24.5051 22.0606 17.1173 20.1254 18.2428 10.9127 26.679 10.8651 20.4588 16.4625 12.2594 8.1769 8.1434 16.133 11.4807 18.2684 
29.4635 30.1286 24.5467 14.6439 31.4611 24.1051 21.3128 24.2494 25.3526 17.6125 34.6043 7.3308 22.3635 23.262 21.5608 15.9497 16.5908 19.709 18.819 18.8266 
26.5814 24.7646 16.7387 20.7466 19.5341 25.8235 7.0226 9.9094 25.7756 16.7674 13.9177 26.9855 35.4308 12.6826 9.0625 16.6633 13.7053 21.2042 15.0321 25.5445 
39.9264 40.5726 31.5654 22.207 36.416 35.2506 25.6671 37.8042 28.3388 20.8554 35.943 3.7 29.1905 36.9925 26.6371 24.9487 21.0982 30.8607 26.3886 26.7149 
20.1344 24.8862 18.299 15.5295 19.3724 24.7732 3.3817 12.0619 24.1273 12.0418 19.5728 29.5504 34.948 10.242 4.4287 12.825 10.887 18.9291 12.8404 26.1821 
33.785 32.2824 25.2517 16.0684 37.1091 33.1114 28.0541 33.2516 29.0888 14.2315 43.2944 1.5454 32.2687 27.418 24.5285 18.5529 16.1529 24.0219 23.158 27.7792 
28.4658 30.7027 21.7571 12.6688 31.3725 25.3879 17.0211 28.3541 28.7018 10.1026 31.5567 6.4326 26.4272 24.5108 16.3681 14.084 10.868 19.7216 20.5495 25.5413 
34.5 28.5093 28.0978 18.8991 26.672 30.046 5.6824 19.5991 28.9023 13.6078 25.6567 28.3137 34.3499 21.0578 7.2241 18.4028 15.0449 31.1692 16.5297 30.3884 
20.6157 20.688 17.8379 5.6517 28.1861 15.0357 19.7555 19.698 14.8787 14.3097 27.5256 15.6891 17.9878 18.8945 15.1942 7.1259 11.012 13.1663 13.8479 16.7929 
20.6883 21.8558 13.9254 5.1652 27.2135 13.303 22.4041 17.9133 14.0879 14.1746 21.8303 16.5459 17.5615 16.4081 15.6266 7.7924 11.963 10.6411 11.6966 12.9101 
13.8694 14.9935 10.3783 17.1859 8.9105 17.7984 17.7419 5.3242 22.6077 21.2208 5.3669 34.1318 30.1295 6.0104 14.4859 17.7539 17.7729 14.9266 10.4843 21.353 
12.1795 9.3714 9.6497 22.6007 0.537 16.8424 25.7311 8.4832 15.9635 28.7801 2.3947 36.25 22.2967 8.0672 25.6968 19.111 23.5463 16.2288 13.6565 20.7137 
24.8559 27.9675 21.1823 13.2795 30.5806 22.4183 9.5385 17.2957 29.6395 3.6745 25.9495 18.2788 28.3272 15.8598 6.3332 9.7927 3.9243 20.2428 14.7698 29.2047 
12.762 12.3895 9.9627 16.6946 5.0493 16.3493 19.0833 6.0255 22.4096 30.0845 2.0425 34.9212 22.4546 7.0855 16.5923 17.4596 22.1303 14.8066 12.1616 19.3369 
22.9082 21.6419 18.3843 10.4683 29.5121 16.5506 20.4075 22.5043 15.4944 17.7812 27.9799 13.0452 19.1886 24.0553 18.3734 10.2116 16.0548 14.0694 17.8281 16.7912 
9.3144 9.7467 3.4143 9.2065 13.967 10.64 18.7092 8.086 9.7769 18.7334 13.3371 27.2015 17.2283 6.1327 14.213 7.7643 14.1669 5.1748 3.9333 12.5032 
33.3092 31.7916 25.3783 12.6592 34.5028 26.3506 15.817 27.2591 29.8659 9.3476 37.1028 7.2422 25.1559 23.904 17.0947 13.0852 9.6107 24.7311 21.155 27.077 
2.6923 3.2042 2.6988 11.8447 9.2055 6.9263 26.0785 9.8033 7.7256 30.142 11.3256 30.1177 13.3754 8.4096 20.5954 13.0124 17.8839 5.7526 8.468 8.7972 
2.6104 3.9449 4.6858 13.5768 13.1979 4.6052 23.6398 10.1899 7.0994 23.1452 12.1658 31.2929 11.1874 11.3784 20.9003 14.1579 20.6437 4.7731 8.9614 5.9328 
32.4891 27.484 25.7845 16.4125 28.8208 31.3881 9.2905 22.5385 30.6622 2.0615 29.6983 20.1738 30.4826 20.5231 7.77 15.4123 6.584 21.1949 15.7198 30.9891 
10.1629 9.1651 8.9463 8.3667 20.1676 5.3817 24.7793 15.5691 5.7084 23.7904 16.3366 26.7648 9.4872 12.437 19.9439 10.4193 17.6517 1.5973 10.3612 6.0254 
22.7589 23.0357 19.4359 15.1615 27.2015 24.0734 4.3208 14.5691 25.0408 7.157 25.5242 21.22 31.946 15.3789 1.7544 10.5068 4.9425 19.9921 14.7858 28.7448 
26.1138 29.6754 20.731 13.8063 30.289 21.7831 26.0799 26.6143 18.8156 16.3633 31.1887 9.1505 21.1938 24.6972 19.522 13.2102 16.2713 19.0081 19.1633 19.5362 
35.8248 31.2365 28.7207 16.5639 34.6606 31.7793 8.588 24.1569 35.4808 4.5634 31.004 18.8507 31.6359 22.2176 8.4681 15.6969 10.9425 26.6605 22.5747 34.0992 
7.5986 6.6082 3.0097 15.0461 7.2023 9.8076 20.5673 5.1809 14.4062 27.3664 8.1038 29.4295 20.9667 4.8834 18.3289 12.1544 19.1945 9.2659 6.4414 12.8393 
14.6236 14.2441 13.6546 13.3818 20.6316 9.2795 26.3379 21.8364 7.3498 27.8534 25.6561 21.6145 5.4717 17.2455 24.0163 13.2396 23.2074 8.0548 16.8081 6.0496 
10.3837 10.4549 6.3212 14.2679 8.3497 12.7254 14.753 1.0615 16.072 21.8792 7.8749 27.2138 23.9176 0.5632 14.5678 12.6381 14.336 12.2797 4.8726 18.2454 
9.0573 9.0642 3.2221 9.0195 15.0795 8.6531 16.8563 6.846 11.1093 21.8115 14.2014 29.1001 17.4675 5.8067 17.6633 9.1692 16.0036 4.2167 4.5636 11.7512 
9.1048 11.6719 14.6598 20.1809 20.7712 6.2659 32.9359 20.034 4.7238 35.2025 24.8874 29.9197 4.2637 18.6173 35.541 22.3881 31.1973 10.1371 19.6698 4.9013 
17.8507 15.6991 14.0355 24.7597 7.8855 22.471 18.5309 9.944 24.1615 30.8721 5.1609 33.9036 26.2601 10.2331 21.0724 18.82 22.8605 20.55 14.1275 25.2216 
23.2033 25.7421 17.3545 11.3294 26.964 20.8921 6.3216 12.6055 21.3066 6.1439 22.0633 21.9923 27.9157 16.5963 4.7481 7.3653 1.3851 18.7036 11.1166 21.6393 
32.9528 31.2841 27.7823 20.54 41.9618 34.4868 26.2475 29.7839 27.004 14.1389 41.1261 2.1063 26.5863 31.9671 21.5963 16.3125 15.707 24.7673 26.5319 25.157 
28.5946 30.5812 21.0399 24.1604 27.0428 36.368 5.503 16.3837 29.9295 13.6929 22.6749 28.8399 37.7912 18.4502 9.2318 17.6184 13.2308 29.665 16.268 35.4418 
8.2888 9.8574 12.173 19.1963 18.1342 4.4127 33.4976 17.8656 2.8103 31.4464 23.098 34.1247 6.9445 17.1048 26.1593 17.0192 24.4143 8.1452 16.6312 3.0537 
15.9921 16.2076 10.0941 12.9989 11.3236 16.8016 10.4956 3.793 18.1809 15.8663 9.6809 30.0341 22.7391 4.9677 9.3958 9.8726 12.4272 15.7363 4.9242 21.1968 
14.1187 13.8112 17.3744 17.7992 23.4634 7.91 36.3775 25.6934 5.5089 39.2328 26.1242 31.9951 2.8587 20.7137 28.3527 23.3381 26.8361 13.3646 22.2098 5.9111 
18.2058 16.432 11.5276 16.2805 10.2601 24.0206 11.9416 6.3798 25.0362 24.4685 8.8734 33.061 28.4579 6.6827 14.076 17.6145 16.7444 16.7022 10.688 20.7421 
28.1561 26.6015 23.3912 21.7366 27.4311 33.0803 4.8395 20.091 30.634 9.8615 25.6463 23.0024 38.1742 17.1949 4.8215 15.8108 10.3034 23.5226 16.3843 30.9082 
36.8564 34.0539 25.836 22.7376 26.891 34.2019 8.7033 23.2763 36.3585 10.1897 29.4715 25.4338 41.2762 21.496 9.4269 19.5258 15.5921 31.9906 22.9361 33.7443 
12.1813 9.4951 11.193 20.6194 0.1406 15.6092 20.2444 10.7232 20.2864 29.7875 2.6843 34.4815 22.301 10.0456 23.0421 21.0295 26.8993 17.2096 12.5364 20.7757 
19.616 15.5347 18.9023 28.1539 7.0174 25.0766 19.6856 12.4019 25.854 31.3065 6.1372 46.3978 28.4537 13.394 24.2342 21.8994 23.2926 24.4327 18.9275 25.727 
13.9213 11.4438 8.233 3.2855 19.6603 10.4101 20.202 11.3227 9.779 18.6848 19.1417 21.6616 14.4406 12.5017 18.5953 4.9157 13.4115 4.6797 6.9164 11.877 
28.5741 29.1563 19.4274 15.3124 27.5558 31.4016 1.1965 13.4394 31.3699 10.0639 22.2091 28.4993 34.1964 14.0148 2.7516 14.2374 8.6908 20.8923 14.2114 29.3368 
27.0289 34.3349 27.3411 13.1688 32.2424 25.5245 18.3023 28.5481 28.8637 6.4621 31.878 10.3823 29.675 23.1876 15.598 16.2888 10.1911 24.7169 20.4933 30.9309 
8.1153 9.1052 4.8907 8.3042 16.1176 8.0092 18.6887 8.7604 7.9295 22.5097 14.6715 22.2403 12.9668 8.0355 16.9442 8.4373 14.7701 2.8261 5.8416 9.7106 
19.4456 18.8566 16.7952 5.0601 22.7595 18.295 15.0263 14.4069 18.0394 9.3594 23.3407 12.5591 23.5378 13.4795 12.6503 4.398 6.7342 14.2591 11.3195 16.8524 
19.3323 21.0867 15.7134 7.2184 19.2759 18.4803 9.3861 12.8914 18.526 8.9932 19.6301 19.1688 26.4612 13.4322 6.6569 3.9259 2.6453 14.5746 8.7043 20.6614 
21.4319 19.4339 17.8224 12.5064 29.8646 14.1868 23.1727 22.3323 14.2216 24.9776 33.7475 13.8561 12.1257 25.3962 24.2688 13.5822 19.558 12.3394 19.8741 15.8951 
22.3731 22.709 19.1513 9.623 30.3391 24.1978 10.3883 19.1102 22.3484 5.0416 23.3182 16.573 29.9971 15.6963 8.5521 7.3945 2.679 20.5396 11.3967 21.3112 
31.6874 38.2091 28.7558 21.7602 28.3602 37.4748 9.0537 20.9166 41.9769 13.7245 29.3068 25.7206 40.9486 25.5118 11.1082 24.3628 12.8831 29.8365 24.2958 35.3533 
33.7564 34.547 33.8096 21.3811 33.4166 36.7419 9.0905 21.6658 37.0547 12.0275 30.5256 29.3156 43.4417 26.3734 11.6112 20.9407 13.7001 34.5281 21.4646 34.8672 
13.8642 13.5938 8.3304 6.24 16.5164 13.6421 13.9402 7.7368 14.2425 13.584 14.9868 22.8411 22.9966 6.1526 11.8325 4.5877 8.5137 8.7631 2.6308 16.5799 
23.0492 22.2014 16.9964 14.1135 26.276 22.7828 5.7541 16.2527 24.9475 5.8428 25.492 21.9448 33.6251 13.8721 2.7669 9.6187 4.3053 20.9843 14.2336 29.055 
12.5678 14.3869 18.8605 16.2845 28.07 9.6507 34.257 26.0758 7.2533 34.1443 26.4782 30.0333 1.3682 20.7911 32.1145 19.8005 27.1793 12.9851 22.378 7.847 
4.6435 6.3671 7.0618 14.3256 13.5986 1.0429 26.1342 16.1331 2.6118 29.2665 18.9901 31.8716 9.984 12.3128 27.4889 13.9698 20.9792 6.1156 13.3224 3.4128 
22.768 20.7272 18.0342 7.0593 25.4453 22.4301 11.3194 17.1481 21.5601 7.8575 24.53 17.5502 26.7199 16.5982 8.2745 4.7636 2.7769 16.8439 10.6473 19.7245 
13.7502 14.0629 9.2415 1.8854 20.9722 13.9733 16.7279 11.6477 14.8422 14.7481 16.2896 21.7522 19.4395 9.4851 13.0406 1.8737 8.4692 7.9976 4.9608 11.8879 
28.8829 26.4939 19.3102 16.4571 22.7798 25.7055 3.0567 14.9649 24.9622 6.467 19.6963 25.4488 31.3056 16.5096 1.7627 12.1755 5.0246 23.2569 13.3131 25.8717 
6.8822 5.8226 4.5759 13.7965 7.0518 11.4673 19.6827 6.6921 14.4211 29.4076 6.5241 37.9947 17.0137 5.7655 19.1729 14.0378 20.4234 11.2129 8.5407 13.0409 
16.5574 12.4643 12.8458 21.1281 5.3131 20.8915 21.7773 6.5463 23.7453 30.8139 1.4476 39.0014 25.7734 8.3541 22.6042 21.492 18.696 17.398 14.0226 21.2443 
17.1985 18.679 12.9137 15.1694 13.5907 20.5923 10.1024 5.0021 21.6411 17.9511 12.8038 27.1359 27.0189 5.5226 8.4799 12.0268 9.9412 14.2194 6.8264 22.9792 
19.2337 17.5396 15.1663 24.3993 7.3803 26.583 20.7349 13.9325 25.8308 27.8028 6.3201 46.1428 28.9233 13.614 24.3997 27.209 24.9315 24.8037 18.2356 24.106 
31.5949 28.3222 26.7427 21.0459 30.715 35.5327 5.8645 19.9811 34.4911 13.2064 26.3867 26.1493 34.6502 19.0477 8.2496 16.4882 13.8752 25.8975 20.5268 36.5238 
23.7141 23.2855 19.5186 10.8974 35.8944 19.4196 21.351 22.3228 19.5983 16.1289 27.6599 10.6781 21.784 26.311 21.546 13.411 15.589 18.0021 16.6122 19.098 
22.4764 18.5733 17.4044 7.6393 26.1172 14.3894 22.0537 22.259 14.1856 20.5193 28.3285 13.5486 15.0544 19.9513 20.0486 10.6741 13.8449 12.7508 15.1647 15.6841 
27.8377 32.6269 25.3532 13.9804 33.6973 32.9008 9.2417 21.1118 28.1226 1.9268 29.961 19.6086 36.5127 22.9243 7.58 14.658 7.1944 23.2303 18.6664 26.6461 
28.6134 28.0256 23.456 16.5852 33.2512 25.9463 25.6026 24.7403 26.2463 15.3942 33.495 3.9357 26.265 31.3405 25.7671 17.0227 18.2445 19.2802 21.4737 27.2892 
32.2581 29.5631 23.5732 14.8059 33.7305 24.3518 23.17 28.0245 26.297 13.9435 38.4559 3.1318 25.5004 27.9039 19.0311 15.2134 14.7751 23.6639 20.4269 27.1074 
4.2579 4.5709 1.4896 13.2632 10.5725 6.2282 20.5382 8.6386 9.289 24.7077 12.7449 32.426 16.8093 6.7238 17.8075 12.5498 20.8284 5.2546 7.8539 7.8596 
18.2906 20.0911 15.2631 18.9589 13.1151 20.9913 12.4187 5.4691 23.0111 18.4884 10.8404 29.8436 31.1972 8.1566 10.2301 15.2524 16.8701 20.0107 11.3811 26.9613 
17.5476 16.7276 13.7113 4.4251 21.9662 12.5695 18.5641 18.8597 12.2182 16.6304 22.924 14.6753 12.5514 14.2192 18.3176 7.2207 12.7143 9.2827 12.7526 13.922 
0.9844 0.6598 5.3873 17.3002 9.4147 5.7734 25.0505 10.5708 8.1366 27.2426 12.5622 37.6044 13.3186 11.0969 21.0242 14.383 22.9895 8.2602 11.2256 9.6036 
20.0859 19.1464 13.8713 3.9121 21.2042 16.0293 14.3764 14.2534 17.5917 12.9168 20.3536 14.1701 21.6978 13.5813 11.8351 3.9878 6.9044 13.5797 11.6058 18.8013 
21.6391 24.6693 18.5416 16.4657 17.7475 27.991 4.0862 10.0748 22.9165 13.9045 18.0782 31.6545 35.3949 11.2453 5.4148 11.8162 10.5347 18.8178 10.8505 23.1329 
5.4269 5.4469 0.9214 13.9036 7.9971 9.399 22.1121 6.7016 12.0141 23.4888 9.3284 34.4472 14.7185 5.5427 20.644 12.1102 18.2641 6.9081 6.4364 10.1725 
21.2838 20.4816 17.5856 7.6995 24.9603 22.3901 10.9293 14.4161 21.2251 8.0206 27.1542 14.8772 22.5587 16.0744 7.7134 7.0925 2.5949 14.818 12.0427 24.4093 
30.3941 26.1562 26.4462 21.0352 22.9184 34.9932 4.2265 19.6803 34.2973 13.9094 22.8551 29.0447 37.3097 16.1128 6.7873 16.9325 11.2169 23.2097 17.9133 32.7985 
8.2035 9.3124 12.7538 12.9785 20.4323 3.4671 31.8463 20.0123 1.6056 30.582 19.4396 31.4135 4.0629 15.1574 30.994 17.4401 23.8563 6.9817 14.4746 1.181 
12.3913 14.5818 15.4772 13.3739 20.4976 7.8935 25.8334 19.5394 6.8729 29.9326 21.6001 21.0105 4.7282 19.2346 25.1946 16.8597 24.8657 7.1374 16.9207 5.4163 
23.9426 21.2439 16.9496 7.7292 26.8067 19.4408 9.9094 15.4537 21.7607 6.4817 22.6087 17.2332 26.0574 14.2024 9.0047 8.0333 2.797 15.5841 10.8197 23.5306 
4.4112 4.5452 3.1508 16.3923 6.9798 7.9101 18.976 7.4472 11.6305 23.4696 9.2999 28.5481 15.2531 7.4337 21.6638 16.1149 18.8261 8.2565 9.6093 12.4708 
22.8567 21.7554 17.2065 4.7182 24.192 19.0054 16.9528 19.5512 19.7957 14.538 21.5391 15.5711 19.1056 17.9998 14.7573 6.068 7.8191 13.7939 13.2371 18.0445 
27.3824 31.1725 20.9316 11.1022 30.5256 22.0737 14.0735 19.3968 27.5682 5.5005 29.0454 12.7356 27.4781 19.3948 11.3682 11.8996 7.0184 17.6408 14.9712 27.4995 
13.2913 16.6403 13.9972 10.9109 21.9171 9.5499 29.3182 20.5714 8.7716 27.4789 27.7685 20.7711 7.4885 17.7526 25.6182 14.5086 23.3128 7.8843 14.3382 6.4004 
22.9521 26.4638 24.9686 13.2929 33.2348 22.6663 22.1256 25.9288 21.8044 13.7957 36.0223 7.1126 23.0066 25.0962 22.9087 14.3763 15.3216 15.8361 19.4136 19.7828 
20.5529 23.7478 17.2017 8.3569 31.6271 22.8186 20.0694 20.5433 21.1122 12.8303 30.6776 10.219 20.9791 22.1659 14.0931 8.694 10.2409 14.5423 12.7314 22.1256 
20.7567 24.7598 16.688 10.4195 23.1618 24.0394 7.1331 11.272 21.1746 9.2485 19.6752 21.028 27.9103 11.6743 4.6443 7.1429 3.0499 19.1258 9.0773 24.9901 
19.9068 23.2475 19.4704 8.1636 25.0922 17.6072 24.2861 21.6402 17.9406 18.3109 27.8922 12.3074 18.9245 17.9019 17.7648 10.8453 13.2379 13.1875 13.667 17.6187 
26.299 30.5869 24.4567 12.5747 35.6437 28.1266 18.3878 24.8814 25.4551 10.8783 35.8493 6.6774 26.3238 25.547 16.5067 14.4751 12.2519 20.9056 19.6833 22.9201 
11.185 12.3412 14.2426 13.8158 20.113 5.8458 25.0593 21.2208 3.8271 26.2109 24.0342 29.6197 3.697 17.5882 30.7586 15.4749 23.6232 7.7324 14.4476 3.0772 
6.4292 8.2707 9.031 12.9201 15.5303 1.5688 30.645 15.2313 0.6716 32.6052 16.9769 32.989 7.3528 14.7903 29.163 15.4896 23.5762 6.4484 15.711 0.9561 
3.8989 2.7167 6.302 19.104 8.5045 10.1613 27.7604 10.9774 12.6196 33.999 10.1592 33.9439 15.0142 9.4902 25.8279 20.4825 24.5249 12.2314 13.8917 12.052 
39.0662 41.0976 27.2347 28.488 33.8362 37.1912 11.8434 26.508 35.8376 13.5772 29.0538 31.7874 39.4417 25.4477 11.4858 25.0614 18.0052 32.9802 27.249 41.5219 
26.0306 30.0398 23.2278 9.9257 27.8739 24.4372 14.8418 20.4432 24.8532 8.8659 30.7131 10.8208 24.3452 20.166 13.6258 8.5125 7.2902 17.1899 14.0946 20.6647 
31.9636 36.0291 29.1686 14.1053 38.8648 25.7788 20.7969 27.3217 30.1528 9.6652 32.4611 6.2274 29.1856 25.6825 16.0811 14.8606 14.3699 24.5786 21.9714 28.9732 
13.1993 14.823 14.5941 17.3177 24.2506 7.8249 30.4476 23.4757 5.5566 28.2219 22.6626 29.503 1.5706 21.4534 26.3063 16.2278 23.8267 8.8954 19.5031 4.7544 
7.3379 8.6276 7.393 8.6049 15.7697 6.0847 22.3974 12.4581 6.6016 24.6965 16.2436 27.7635 10.38 13.1765 19.4745 10.1103 16.3587 0.6308 9.9518 5.3075 
12.5382 10.477 11.6112 23.7045 0.3926 16.7647 26.3333 9.3603 15.9161 26.8419 3.8593 35.1155 20.8409 10.7001 25.4578 19.9931 21.2684 14.7143 14.5574 18.8253 
3.1109 4.6833 8.6455 17.6025 16.0901 2.9384 24.0443 16.5679 4.19 27.3448 16.293 29.9505 9.5248 13.4286 26.224 14.4722 23.0772 7.5062 13.9008 5.7251 
13.1852 14.6388 8.114 8.1054 15.9222 13.9834 10.5292 5.9796 18.3151 14.5616 13.2069 25.902 20.1196 5.8483 9.586 5.9009 8.4981 9.8903 2.6276 17.3088 
13.3059 12.8492 11.2047 25.954 2.3032 17.826 24.0925 11.488 22.3732 35.4053 3.7722 37.8647 25.2546 10.6105 23.2326 22.9162 24.9528 17.0954 18.3806 18.8499 
22.3646 20.9966 18.2481 15.9112 15.6008 21.707 6.6224 9.9264 24.7084 15.4125 13.8115 33.7009 30.2953 9.408 6.7483 13.7255 11.8228 22.5089 11.6762 26.1717 
10.7075 13.544 13.8566 12.6398 25.9255 6.1811 31.9595 18.2067 3.9281 31.7188 24.3146 24.725 2.768 19.9711 29.077 17.3536 23.4014 9.0851 17.9796 4.5526 
38.0752 31.5692 28.6386 20.5724 42.1494 33.8288 27.1124 30.7414 31.2688 17.0673 41.1751 2.7914 33.1418 28.9561 23.3421 19.8147 23.8736 31.0859 27.9559 27.6833 
14.6989 14.9207 15.5159 5.4175 22.1935 13.0164 20.5925 17.827 11.9645 18.1363 23.3164 17.2632 11.3461 16.7561 21.838 7.8516 15.6023 6.9783 10.925 11.2697 
15.9793 14.5575 9.5484 14.622 9.2574 20.9231 13.3665 2.9187 19.1306 23.9674 7.859 36.9372 23.8809 4.6779 14.4337 12.9936 13.0813 15.7596 8.2446 21.3408 
26.4401 22.8592 25.3146 15.2876 33.3443 16.8596 28.873 29.9064 15.3459 23.4031 34.0648 15.5156 14.5804 23.7614 25.4442 18.176 18.1918 14.8802 19.5431 19.627 
8.0652 7.8284 6.3257 9.358 16.4892 5.0765 24.992 11.5617 4.9998 21.667 19.8158 28.2776 10.4591 11.8378 23.2681 11.6606 15.559 0.8644 8.5551 5.8062 
10.1453 8.8489 9.3985 16.5015 2.4071 16.7446 20.5575 7.3203 18.4852 25.6208 3.1598 39.6581 24.9171 7.5611 23.8758 18.2611 22.2332 15.9515 10.9349 17.793 
26.3884 23.6474 16.2863 16.7233 17.8782 26.4234 5.2106 11.0278 24.804 16.2265 18.3742 28.8974 37.0583 11.0933 6.1566 16.6247 12.306 24.7647 12.494 29.3929 
20.1985 18.3645 13.602 10.7096 18.564 19.2351 6.5778 8.546 22.855 14.7659 13.8802 21.5817 24.721 7.6692 5.4226 7.9772 7.0025 15.0543 7.5736 20.2846 
26.906 31.2376 28.0571 15.613 33.8887 24.785 29.6639 24.308 21.286 21.5292 32.608 8.3338 19.703 23.8879 24.8364 14.4253 17.9725 20.6957 24.5177 20.9714 
21.8142 17.4086 15.5702 13.6705 19.2801 23.053 7.0134 8.2448 21.1063 16.1592 16.8525 24.287 29.6897 8.1177 5.6333 11.7233 9.2842 15.408 8.4227 20.6053 
13.2165 16.2927 16.4404 14.0982 22.4333 9.1694 31.4269 22.9295 7.146 27.5872 22.7003 22.9228 2.8298 20.4737 30.8571 19.7959 22.0258 11.2354 19.5958 6.4758 
12.1299 10.6884 6.2334 14.2063 8.6185 14.4729 17.6339 1.852 18.2493 23.9693 6.8138 34.854 24.4492 1.5572 17.1982 12.4467 15.53 13.4954 6.1615 16.0936 
10.3214 11.3905 4.8386 11.1758 8.5405 12.8349 17.9368 2.3241 17.0668 20.5676 9.1112 32.3052 20.1239 1.0284 13.0494 11.8641 15.1185 10.2625 4.2576 16.6637 
12.9649 15.6284 17.1884 15.4468 26.6454 10.6294 30.0199 25.7094 7.6741 28.8955 24.4014 25.504 1.633 22.6356 28.4479 19.2783 27.4753 10.8592 19.1684 7.8666 
33.6463 33.9606 27.817 23.2088 34.7945 32.03 8.688 21.2948 33.4108 9.6689 32.5928 23.9489 33.5269 23.0573 7.764 20.2928 10.9504 27.3731 20.0851 33.1962 
17.8048 15.8253 18.9024 14.9937 25.0305 11.4137 32.9476 27.1774 8.6963 33.3904 29.2534 25.2261 5.2787 20.7139 27.018 20.0219 26.1017 9.9693 18.0912 8.9121 
16.064 19.1522 16.3034 26.0655 7.2839 25.684 18.2092 11.9982 25.2495 26.203 5.2709 36.041 32.0633 10.6192 20.0397 25.384 20.5891 19.6927 16.4081 25.5732 
21.5593 18.2007 16.7649 17.9746 12.1457 23.9041 12.9833 8.6188 21.9409 27.6697 8.8654 37.9203 28.5218 8.8758 15.9948 17.6469 19.5982 22.3529 14.6428 28.2635 
17.7499 16.9923 21.9708 22.7052 26.1675 9.9406 38.6067 24.3479 10.7166 39.4484 25.8359 31.3511 4.122 24.7552 33.1927 22.3295 29.799 16.7136 21.8362 9.8858 
24.2785 25.5485 20.8403 9.9447 24.5582 21.5281 10.4119 14.7943 21.3128 5.4662 23.6914 15.4953 24.8968 14.9488 8.2842 9.3286 2.5189 17.0156 12.7712 22.2291 
18.2589 18.4142 11.876 15.7487 9.7922 20.0167 10.9151 4.1428 22.9252 20.6979 8.2298 32.7847 30.7955 5.8737 12.54 15.9026 14.8368 17.1884 9.043 20.97 
13.3894 11.3454 7.0433 13.5834 10.4225 15.8034 12.7081 0.705 19.4678 22.0015 7.8829 33.0674 24.0282 1.1943 14.5386 13.3208 15.7523 11.1459 5.2206 17.6029 
12.7916 11.0449 5.9788 9.1924 10.8503 13.6849 15.6901 3.6111 16.3559 21.0578 11.88 31.1897 23.0669 2.5914 12.309 8.2467 13.9801 10.4563 1.8314 16.8643 
11.0314 8.6986 4.2942 11.4546 8.2899 12.1549 18.1376 3.3243 14.3734 24.823 9.5393 32.8182 19.5557 1.2881 15.6364 10.3825 15.6523 8.7685 4.8829 16.6236 
34.9879 30.7858 29.5749 18.544 36.381 30.1291 28.6408 31.2044 28.2009 20.8947 41.6489 3.8708 29.4611 33.8135 29.1125 19.7361 20.4563 20.9183 24.289 25.4089 
1.8287 1.1004 4.5286 14.7496 10.0685 6.2366 26.4 12.5938 7.8868 32.1943 11.3631 37.5135 13.3522 10.1509 24.9032 16.0908 20.2997 8.35 10.8589 9.6469 
6.361 6.1489 6.8166 18.4583 4.5586 13.471 20.382 8.0397 12.6659 28.3061 5.9163 37.144 17.8453 8.2517 19.7551 18.5503 22.8973 10.8696 10.9651 15.9655 
29.2037 32.1342 25.6201 18.3734 32.0121 25.7253 5.5219 20.6974 28.544 5.1644 24.768 24.685 37.7309 20.3067 5.9295 16.8737 7.8706 26.6632 15.9197 32.4002 
7.1052 10.0051 12.5503 16.9012 18.505 3.7681 31.152 20.8021 4.0057 33.9501 22.742 28.607 5.7094 16.4381 31.9504 21.9748 29.362 9.1338 15.8848 4.3051 
22.8239 25.0382 22.1467 11.7452 34.7407 17.0512 23.2733 22.5285 19.5173 22.8691 32.8847 10.9577 18.1712 24.5474 21.6428 13.4316 16.6367 16.271 19.4144 17.7377 
19.7983 18.605 14.1637 9.9711 16.9755 21.4146 7.8302 8.4101 21.3897 13.2987 16.8379 22.7919 24.1784 6.9559 6.9123 8.7328 7.1523 14.7624 5.7898 22.4845 
17.3155 18.1594 15.3547 9.6689 30.9509 14.0138 27.5756 19.6149 14.2577 23.4163 29.6282 15.4091 11.1884 18.8813 20.5271 12.6522 19.4343 10.8259 17.4951 11.7523 
28.9083 34.1987 30.0905 16.5291 38.2245 28.6489 30.7319 32.6179 24.6875 17.6184 42.4588 4.8526 26.8667 31.4777 24.5662 18.0687 18.477 22.4142 25.7318 23.8265 
18.2149 15.2656 14.3734 3.1221 21.2154 11.7228 17.3759 15.4732 13.4667 18.7284 23.9726 19.4427 17.3276 13.1797 18.5727 5.4494 10.3219 7.6247 9.5103 13.452 
35.9502 28.9078 25.7465 19.7945 30.0326 34.0125 14.2259 25.279 27.8232 2.9099 31.0207 14.1684 34.206 26.0906 10.9003 16.868 10.4101 27.5333 21.4357 30.7793 
6.6204 7.5794 9.7606 13.8819 18.945 2.4534 23.9448 15.4742 1.6528 29.6475 19.3685 25.2303 6.5368 12.8533 27.726 12.5805 23.6956 4.8591 12.9337 1.4491 
16.8133 16.3287 13.1061 5.389 20.3975 13.2086 20.5135 14.7996 10.9311 19.4613 22.8063 17.5732 12.6348 14.0361 18.1437 8.1342 13.5363 7.5583 10.9088 11.6783 
3.0827 4.7874 8.105 16.9102 15.4998 2.9249 30.9552 16.1414 5.1609 28.6466 16.2925 34.4956 9.7543 14.5412 25.1522 19.4181 27.6493 7.5892 12.3844 5.3333 
15.5979 16.0619 9.6892 16.242 10.7427 18.4626 11.7021 3.2093 18.7992 23.6679 9.4426 27.7082 29.0325 5.0387 13.7847 13.3623 14.4998 13.8702 6.8746 19.8797 
15.1269 15.7179 17.8371 15.9005 26.5859 11.4257 29.5821 21.7695 10.5121 31.7438 25.4052 28.2063 4.4873 22.7541 33.3353 18.6334 25.4963 13.2688 21.8224 8.7331 
15.2075 16.6736 16.1794 20.2533 23.3933 10.6528 33.5696 28.6614 9.3086 31.5621 26.586 33.2369 4.638 26.1179 38.1447 20.5145 33.5618 12.2207 22.6349 8.9313 
20.119 18.6838 15.7191 17.5975 11.3909 24.9438 10.7784 7.0187 24.8879 18.8504 10.394 30.6204 29.4741 9.4746 12.2005 14.391 13.736 17.8204 10.5732 27.6195 
0.9774 0.4015 5.7458 18.14 9.8997 6.4542 24.376 10.6704 7.4315 26.2362 14.1345 32.6647 15.4439 11.5686 21.5423 14.7416 21.7242 8.6707 12.8785 8.4968 
20.7196 20.6182 14.8291 9.5695 20.732 24.4795 5.879 13.4256 26.6881 10.1226 19.5723 20.912 24.7698 11.4861 3.2725 7.8781 3.7961 16.5636 10.4475 22.6929 
18.4089 17.7253 17.8791 10.4167 26.1202 11.7425 27.1519 20.44 12.5348 22.252 26.0426 19.6128 10.6179 19.5283 23.0087 11.5553 16.9599 10.8734 15.6145 12.0139 
14.8909 16.8375 12.2475 17.6702 9.6086 17.7031 17.3671 6.1195 19.9482 25.8239 6.7029 31.8191 29.5569 6.3731 16.6928 15.3035 19.1433 16.6043 10.4349 25.0927 
8.5214 10.6913 14.104 18.1691 21.0808 5.1183 31.581 22.2304 4.3445 29.3287 22.8828 36.5132 6.6301 19.7011 33.0728 20.9611 27.3488 10.4571 19.0021 3.7175 
1.7922 3.0645 6.5694 16.6817 14.1963 5.0253 30.8452 15.3139 5.4801 32.2888 15.2761 30.7213 13.4818 13.0598 27.0269 19.621 24.4678 8.0843 13.5481 6.4302 
11.598 11.0716 16.6985 17.3082 21.8625 8.2453 37.6015 21.3669 6.014 33.9049 22.3479 34.702 4.176 21.0783 32.0541 21.1202 32.42 12.1257 22.2137 5.6458 
20.1345 21.7391 17.76 12.4332 24.3277 12.2619 31.4784 24.6783 13.3413 28.8984 32.1205 21.5399 8.2273 21.6597 23.0706 17.2223 21.5631 12.1129 18.2034 12.7878 
23.0416 21.7294 18.6259 10.1309 32.2564 15.8797 23.249 22.5731 15.9369 23.5385 27.4937 16.7094 14.6716 20.9438 26.5754 12.4887 16.0061 13.987 20.0255 14.155 
16.2475 13.6243 15.4861 18.6305 7.0215 21.579 18.4176 7.3753 26.5808 30.1096 4.5696 41.2111 30.9388 9.5036 21.6451 20.4695 24.1713 21.088 14.0148 26.211 
9.0718 11.1835 7.2785 5.3749 16.0319 9.0239 18.9778 11.6695 9.191 20.0646 15.4345 21.3266 15.0654 8.4617 15.5577 5.5313 14.3139 3.6872 4.5175 10.3805 
15.2283 15.0659 11.8715 5.3406 21.3714 17.9412 10.2596 10.4896 17.3841 11.2438 18.2215 17.828 23.4149 9.0605 10.7941 2.5375 5.6264 11.2563 5.9751 17.0701 
28.4744 32.8199 23.2076 16.1478 36.736 31.1572 15.6429 22.757 29.9207 4.5447 28.2391 10.4528 29.1807 22.9519 11.1114 12.604 9.7182 21.7779 18.1808 29.1513 
13.9206 11.7778 6.1286 10.9312 10.8957 13.0262 12.0208 2.5935 16.2523 17.7135 10.7972 30.2863 24.487 1.8499 14.1617 9.6969 12.0429 9.928 3.329 16.7613 
27.9126 26.8408 19.4932 18.6845 20.1461 25.7243 3.9128 13.5179 31.5374 15.8527 18.8862 31.2936 33.3144 17.1944 7.5562 16.9068 14.2735 25.4732 14.5554 30.2803 
28.3337 23.4278 19.6615 13.4924 26.9032 24.2013 8.1535 18.6875 29.1039 4.0813 26.0458 19.743 32.8663 19.5003 5.2114 10.5075 3.4484 20.1184 15.4839 23.9735 
38.2687 31.0386 28.8978 19.0468 43.8052 32.4893 31.0026 36.5902 32.204 20.0455 39.3893 4.3524 24.1441 28.3244 26.676 24.0091 21.4885 25.1421 30.0653 28.6039 
24.2407 28.8783 21.8665 11.9537 35.3826 20.3409 21.3607 23.9346 23.1499 15.9067 30.6384 7.6155 23.8219 23.3014 21.9482 11.8442 14.908 20.0604 18.5108 19.0367 
33.4556 32.792 25.9191 15.405 39.4558 24.9873 26.2157 32.3443 27.114 15.9247 34.2703 1.4125 25.7932 27.9833 24.4501 17.6436 14.9059 27.6361 21.652 31.2131 
20.6102 17.9833 15.389 16.1895 12.7654 22.8384 9.5864 8.7789 24.2301 20.201 12.7165 29.1666 28.4766 10.4893 12.2954 16.3108 15.9025 18.413 13.153 25.0966 
27.7466 29.8775 27.7999 11.9505 30.5507 27.2356 17.3871 25.5902 27.2929 9.4583 30.6725 6.5964 29.5099 23.4612 17.9442 11.6696 10.3325 23.885 19.6164 24.2743 
13.0812 13.4584 11.1249 11.3064 23.422 6.5069 29.3851 17.6659 4.8764 28.8084 22.4931 25.2071 5.3875 18.2018 21.8313 12.0007 18.1104 5.989 14.8189 4.4795 
27.3793 28.6536 18.9541 10.5035 27.584 22.6624 11.7161 20.8179 23.654 5.0073 24.4225 13.811 30.8606 20.1797 9.4715 9.3566 4.7032 18.8325 13.3717 27.2178 
12.6947 14.388 7.1363 6.3343 15.0178 14.4202 14.0296 7.0345 13.3644 16.348 14.6303 22.3525 20.6822 5.6364 10.9128 5.2738 11.1592 9.4203 1.3727 12.5761 
21.3264 27.1083 18.1014 9.3633 26.0735 24.8007 7.6542 14.5368 25.8499 5.958 26.5379 16.7888 29.8658 14.4375 6.984 7.5101 1.654 20.6614 12.0996 26.3041 
29.6584 26.9817 22.7595 13.5051 36.2545 19.6873 32.1468 27.3959 18.9636 22.7234 29.9476 10.6407 16.4838 24.4534 24.6331 17.9373 19.031 16.6993 23.5632 19.7877 
12.3613 10.5916 8.2088 13.9059 6.879 13.6613 18.5461 2.5481 15.443 21.6989 4.7661 34.1695 21.9273 2.9328 18.7166 14.3361 15.1579 14.4189 6.884 15.4923 
29.3129 24.3278 23.6571 18.2986 24.5261 28.0299 3.1424 16.7391 34.1403 9.053 26.9529 23.3732 35.5927 18.1904 3.1646 17.014 9.2798 24.9662 14.4712 30.7339 
18.3172 22.7293 16.2433 7.6744 18.8213 19.6896 8.2108 12.1208 22.0945 10.9624 20.8787 22.639 24.1004 10.0427 5.2884 5.8217 3.2082 13.0182 8.5945 18.8775 
15.4228 16.2457 20.2929 19.4142 25.2451 9.1304 34.9066 22.4268 9.0381 32.6768 27.7966 29.1575 2.2381 21.9377 28.3109 18.5751 26.2096 12.0496 18.7292 7.1595 
1.5235 2.4536 5.7137 13.6958 11.8956 4.2859 28.6707 13.4333 5.9232 29.8675 13.8849 27.0829 10.3932 11.5126 25.2374 14.7688 19.6447 5.7742 10.8114 5.9693 
8.5462 10.89 5.5387 5.3956 16.6569 8.6197 19.0881 10.3398 10.4666 23.2813 15.6872 22.0993 14.8846 7.0941 18.1387 6.9485 13.4372 3.877 4.6777 8.8549 
30.8462 29.483 26.4298 20.9806 30.9095 30.4293 7.4572 24.8089 36.4242 13.57 26.8108 24.6398 39.7086 21.8195 10.7741 19.5905 16.6375 30.9201 24.2021 39.3891 
24.5392 24.9591 26.0248 14.0397 36.6803 23.1673 26.6774 29.8285 18.8233 23.9819 33.2764 12.7912 16.0451 28.4475 25.2149 16.4233 16.8676 19.4756 22.0719 16.4426 
12.0613 15.9506 17.0721 16.38 22.7708 9.1823 31.8601 20.2932 5.9778 29.6233 27.0989 22.1018 3.3276 19.3299 29.6395 17.0341 21.5463 9.4099 17.2597 5.1947 
41.2492 37.3343 32.9625 24.1352 37.6468 37.8573 10.2878 27.3683 37.7644 14.4562 30.0899 28.3003 46.321 25.0256 11.1813 25.6114 15.6558 34.213 24.874 42.1926 
17.7611 17.7286 14.5895 4.7584 21.6311 20.7629 13.174 14.1344 18.3666 10.9489 22.4044 14.2724 18.9646 14.1283 13.0296 4.5611 5.4174 13.8902 9.5271 18.424 
10.7467 9.212 8.7931 18.8232 1.1181 16.7068 21.3114 7.6718 19.2016 30.7487 2.6496 39.5158 22.3415 9.1942 20.3253 20.7744 19.7433 15.5089 14.669 15.8447 
5.9039 7.4094 6.2232 12.0315 14.9507 2.6729 27.3818 13.9367 3.054 28.2058 16.153 27.6595 8.7347 12.8113 20.7269 12.3482 20.0235 2.6137 12.0349 3.8357 
22.6104 21.0326 12.5615 11.3667 16.9235 20.6366 5.8476 8.6587 20.4022 11.3275 15.3083 21.4171 23.478 8.7597 4.2205 7.899 5.467 17.9111 9.1259 22.666 
26.9652 26.0861 26.8708 16.4131 28.7267 31.0187 6.1984 20.4871 27.3758 5.469 29.5789 19.0352 38.8571 22.2606 6.5723 16.9318 7.8806 25.1332 19.8606 27.7922 
15.2055 17.0984 9.487 15.0168 12.1412 18.4537 12.1851 3.7214 21.7895 17.3505 10.8179 28.438 28.7467 3.9541 11.5431 11.7587 11.4917 16.6426 6.9487 22.7918 
29.7181 37.1372 33.6536 18.5584 36.5415 29.8531 26.3826 34.2088 28.1899 15.6315 35.3598 2.1952 25.9511 28.0156 22.852 17.5052 17.2866 28.2112 25.6312 26.4514 
21.3211 18.5932 14.8559 15.4418 13.9822 21.7128 9.3145 5.6866 24.4788 19.7037 12.7318 27.5559 31.6512 6.2807 8.3207 12.5518 10.8676 15.6609 8.8807 24.7808 
31.4972 30.3134 22.9014 17.985 30.8383 33.1823 7.723 20.8351 26.9143 3.062 27.3804 19.4784 35.5685 20.3998 7.9228 12.7219 7.4681 21.6245 16.2791 27.995 
23.7605 26.1658 24.0102 12.6818 31.2969 19.113 21.4457 26.2313 21.8384 16.0066 27.5672 8.7056 16.6377 25.6409 21.5418 14.7886 17.4277 15.107 16.4049 19.3166 
5.459 7.2804 7.0461 9.6476 16.5077 2.9092 27.2302 12.6757 4.242 26.7497 17.3167 25.3208 10.8878 11.6293 20.6503 13.2716 19.5394 2.605 9.4375 4.0054 
16.3268 18.2931 15.6973 11.4334 30.2691 11.8095 29.3002 21.2357 10.8426 24.3913 32.4649 16.5761 8.2915 23.011 23.407 16.4372 19.3372 11.3229 15.6189 10.8978 
33.5241 33.8668 26.7546 21.3325 31.4211 28.8769 10.8963 20.703 32.0932 3.8974 33.6102 22.0601 34.1865 25.7085 11.4747 15.7558 10.5417 24.8624 20.9192 31.8929 
26.3143 28.2027 17.7681 8.5344 28.4251 20.8053 15.2214 20.8405 21.643 10.5457 30.4225 10.1549 26.0806 19.5785 14.2959 9.1771 8.2602 15.8937 13.9078 19.6529 
1.989 1.2545 7.0323 19.0026 11.3235 6.6867 29.1407 13.646 10.1045 27.9001 11.0364 32.9907 13.4691 10.8448 24.5297 20.1022 24.2406 9.7165 12.5837 8.338 
5.7675 4.5187 4.1736 14.7186 5.4383 11.9108 24.6264 7.198 14.2226 31.0674 8.0612 38.138 19.9167 5.9604 22.7799 14.7821 20.6041 11.0521 9.5527 12.4035 
17.7196 17.9005 12.6009 17.1512 12.4877 23.1782 11.9412 7.202 21.8739 21.6691 9.937 29.3769 29.7495 9.3449 10.9077 14.0486 15.4631 22.2567 10.0388 27.1418 
19.1453 21.1012 11.9886 2.6851 21.1923 14.8255 14.89 15.2605 16.7714 13.1082 22.7851 18.2976 20.9719 12.6142 11.1348 3.0579 7.8815 10.1372 7.8983 14.2617 
6.8822 5.0618 5.0964 14.608 5.2542 11.783 23.9934 7.5992 13.1669 25.3977 6.7701 35.4583 20.4977 8.0232 21.814 17.0889 22.0277 10.3081 9.5459 14.5738 
26.0062 25.9612 19.7457 7.4023 27.4529 18.5335 15.0235 19.7052 18.7069 10.3198 25.423 13.0038 21.0764 15.9296 11.9581 7.5901 6.4166 16.7502 13.9132 22.0541 
28.5619 24.4305 21.9375 14.6102 30.6758 22.629 26.2034 26.8671 22.1189 17.1459 28.8289 6.5921 23.0795 23.0384 20.2275 14.9119 14.2161 20.2073 19.9747 23.1991 
26.3484 20.3512 20.3529 16.0399 17.4373 27.2031 7.0514 12.0507 31.3651 17.5157 14.5214 31.0756 34.901 11.4375 8.3865 14.3176 12.9595 24.0323 14.2549 23.9191 
33.894 33.4303 27.8405 22.8312 47.2605 32.7767 31.3124 32.1814 30.9451 20.8843 47.3713 3.7031 26.7914 37.6233 28.8745 19.0406 24.3142 27.4222 30.0985 25.9536 
23.2138 19.4478 15.8128 14.4954 22.3632 24.7239 3.9 12.0154 29.2265 15.2539 15.5558 27.9074 26.8687 13.2429 4.182 13.8405 10.5042 17.8869 11.9263 22.6981 
32.7874 32.6874 31.4175 17.3535 37.7736 25.8619 27.2212 31.7445 32.9891 13.6078 37.9111 1.3943 33.0999 29.0075 22.6507 17.5342 19.5717 28.5873 23.8872 31.7923 
28.6258 28.6914 27.7065 14.9483 37.4455 28.1796 16.7754 21.5159 28.5244 8.6774 34.4553 6.6844 27.6883 26.7561 18.693 12.7788 11.9981 22.3499 22.1319 26.0806 
30.1559 29.387 23.1535 22.143 27.3642 30.9039 5.02 16.5987 30.5133 13.5812 23.1177 30.1708 34.9347 20.1157 7.363 16.8281 13.9511 29.0288 16.857 33.9757 
17.8677 19.915 14.9047 5.0391 27.1162 14.7104 20.9538 17.0058 15.4855 16.0387 22.7183 14.7378 19.3223 18.7035 18.907 7.2117 12.1299 10.4414 13.0021 14.1404 
19.8017 16.9 15.1719 4.8296 27.3795 14.3998 21.0754 15.7316 15.983 17.7371 21.7944 14.123 16.5664 17.0132 18.5163 7.3648 10.4395 10.0387 10.9819 13.0214 
16.3349 16.142 12.9535 16.6907 8.8441 18.4448 15.1371 4.7903 19.7825 24.3794 5.0436 35.0548 29.7451 7.0623 16.6687 14.8735 18.9641 18.8523 9.5797 24.4717 
12.248 9.933 10.6482 20.7598 0.6379 17.0011 21.2889 8.1543 16.0534 29.3251 2.6681 35.1296 25.455 8.8085 25.879 21.131 22.1667 17.5901 11.8835 20.2523 
24.5485 23.4498 20.0589 11.4759 29.0891 26.615 7.9854 18.5631 23.2342 3.054 27.2099 15.7976 29.5795 17.6964 7.3514 11.3947 3.3916 23.0884 16.3311 27.5329 
14.3407 11.9023 8.7769 19.7951 5.2113 19.3292 18.2253 5.5251 19.2099 26.5262 2.2128 37.5688 26.658 7.1156 18.0558 15.8688 22.7813 15.1841 12.8702 19.9961 
24.4772 22.7386 17.2536 9.9764 32.7744 20.1819 23.4599 22.3176 17.4446 17.7551 28.0304 10.7539 15.6844 18.8365 22.5883 12.1334 13.6318 15.7792 16.3388 16.0377 
8.3767 9.5558 3.7105 8.2051 11.6355 10.6128 16.5941 6.9965 11.9116 19.5753 14.6291 23.7071 17.7415 5.2785 16.902 8.9683 13.8615 5.2177 3.9779 12.008 
31.4987 30.0134 28.3308 15.9054 36.1403 27.7063 16.6966 21.6783 26.1015 7.6521 36.9903 7.6553 27.3638 24.0708 16.8412 14.7139 9.7285 20.264 17.3964 24.7325 
2.89 2.8811 2.6241 13.1037 11.6026 6.373 20.6764 9.2601 8.8889 26.8801 12.9213 34.9451 15.6861 7.7215 24.2689 15.5239 20.7847 5.971 10.5897 7.8304 
2.5938 3.7577 4.58 13.0853 11.6832 4.6459 21.1479 13.0865 7.0723 27.8497 14.0577 30.0343 13.2613 11.5386 22.2159 11.8418 21.8648 5.5093 8.6215 5.9866 
25.6122 25.8463 21.2319 14.6388 30.8351 30.6768 9.3902 22.7379 29.3743 1.8622 25.8008 19.6557 30.4541 23.0529 6.7553 15.5217 7.8683 22.8718 16.1442 28.4804 
8.6161 11.158 7.7029 6.9254 17.2917 5.0808 24.6364 14.7095 6.3585 24.076 20.6334 22.635 10.0566 13.4291 23.4782 10.0321 17.7387 1.4437 9.4591 5.7761 
24.3576 28.1613 18.1291 14.0513 27.0162 25.2372 4.4446 17.2609 29.1598 7.147 20.3723 23.0655 30.0616 16.0305 1.7593 11.0879 5.5989 18.95 15.2296 29.1456 
27.9243 29.9712 23.569 11.8611 30.5445 24.7496 21.6699 23.783 20.8518 16.4514 36.9689 8.1426 20.582 27.1852 24.4655 13.101 17.8951 16.965 21.3496 19.5654 
30.4585 33.2245 29.1231 18.8067 29.3379 30.2563 7.7155 22.421 34.6324 5.3854 32.7344 24.5053 34.242 21.587 7.8676 18.2347 8.7802 24.9216 21.9809 34.9874 
7.5094 6.5372 2.8543 14.6255 8.4327 12.0757 17.6938 5.0715 11.8995 26.1695 8.548 33.462 19.0777 4.3251 20.872 13.1249 15.4624 8.2955 6.4173 14.3012 
13.1441 14.8775 15.0981 13.5838 25.0121 9.4505 31.4407 21.5361 5.8993 23.6409 23.245 24.8982 6.2403 16.5646 23.829 12.8786 24.2779 6.9275 14.1976 5.391 
12.1618 11.0106 6.3378 12.6553 8.4416 13.8456 16.5504 0.9523 15.3168 20.1906 8.3091 26.2474 19.4283 0.5175 13.0196 12.9074 16.2885 13.1529 4.8979 15.1133 
7.8961 8.8131 3.5901 7.7869 12.7167 10.0141 15.7562 7.7873 11.4825 20.555 11.8575 24.5252 16.8511 6.2117 15.2088 8.1268 16.3862 4.2447 4.724 10.9364 
9.859 11.6555 12.6154 17.3271 21.3545 6.2765 29.5035 22.2059 4.9099 33.7518 26.2376 35.8108 4.1295 21.461 27.8162 20.8405 25.6183 9.1566 17.0512 5.2382 
17.3156 15.1889 12.9479 22.2957 7.2701 20.6096 17.7427 9.3209 23.8592 27.0665 5.847 41.1422 31.0703 9.7652 17.2445 19.7522 22.4421 21.2724 13.9264 22.9358 
21.8964 24.6508 17.4258 10.421 23.0075 20.0619 6.447 14.1578 22.8128 6.9441 22.8786 20.3974 27.2314 14.9667 4.6265 9.2189 1.3995 17.5793 12.6955 25.1341 
35.7132 32.1936 29.9844 18.1672 38.5405 26.3193 23.347 27.4346 31.1061 14.3883 33.1768 1.8614 30.5988 32.554 23.0451 20.1203 18.3998 23.0413 27.1135 31.0753 
26.1845 28.9222 22.3976 21.8354 24.1003 32.4799 5.7569 18.0557 30.1585 14.8644 24.3372 29.629 33.2785 16.6212 8.3884 18.3588 14.9656 29.9396 18.5217 33.1317 
8.064 7.7157 11.6489 19.4133 17.8686 4.4624 29.2251 18.9888 2.9878 30.4901 18.4844 29.9848 6.3974 17.2699 25.5862 20.4922 24.0795 7.9226 18.9572 3.949 
17.7054 15.9411 10.4331 11.1569 12.1086 16.8425 10.4592 3.3695 18.4557 19.563 10.5916 32.2261 26.8851 4.0011 9.2755 11.4962 11.7814 12.1819 5.0236 18.1023 
11.0764 13.4158 16.4185 17.7937 25.5114 8.793 31.9592 20.5029 6.0484 35.7353 28.477 28.8862 3.5548 22.4207 34.5435 22.3295 27.0156 10.8473 21.9657 6.7268 
16.8711 16.691 13.877 20.3915 11.3765 21.9872 14.9696 6.0346 21.0583 23.1019 8.819 38.8889 29.0098 8.342 12.4167 14.6542 16.8377 19.1183 11.8759 26.7531 
32.382 33.2838 23.412 19.7421 27.4549 29.8216 3.9331 19.6599 34.4415 9.8802 24.0294 26.9097 39.8774 16.8684 5.4536 18.998 10.5934 22.4635 19.0512 32.5364 
28.9855 35.1728 24.4711 20.8329 29.2942 35.2918 7.8035 19.2473 31.5764 12.6788 25.633 29.3355 44.754 21.6591 8.2972 23.6477 15.6563 30.0316 24.112 39.8277 
12.3525 11.3064 9.3705 20.3968 0.1272 18.1133 22.2614 10.7232 20.3985 35.0628 2.6826 42.9894 25.3022 8.6037 23.7114 20.588 21.0369 17.8121 13.5004 21.3281 
17.8357 17.0699 17.7837 26.0939 8.0005 23.2105 22.2715 13.9624 29.2 31.1052 6.269 45.5836 27.6768 15.0841 26.2336 21.3533 24.5216 22.7575 15.8325 26.9271 
12.72 12.6998 8.0126 3.7785 16.7995 10.3781 21.0988 12.3842 10.0975 16.2643 17.7222 19.8987 16.2436 11.887 18.0727 5.4532 11.6829 4.5293 6.5041 11.8353 
28.1631 26.4088 24.2751 16.6982 22.7827 26.2497 1.2343 16.0936 28.3507 9.0229 20.1676 24.691 32.421 15.5384 3.2218 13.536 10.0937 25.2964 14.9299 31.7781 
28.7381 30.9309 25.2166 14.0704 34.3769 27.4494 18.4416 25.7349 27.3293 7.7992 29.5868 8.6488 29.0679 21.6243 15.4761 13.8791 10.8879 25.4673 18.7601 26.0646 
7.4518 8.7301 4.6677 8.7225 16.3012 7.2131 16.858 9.1441 8.1164 21.4325 16.0575 25.1147 12.1039 7.2767 17.6021 7.434 14.8564 3.3842 6.3755 9.4993 
20.1259 23.5782 16.671 4.8542 24.943 17.2373 15.3014 17.1569 16.8114 9.6236 27.2549 13.9165 21.8276 14.3819 12.4074 4.1061 5.9717 14.0819 10.0139 18.1963 
22.3618 17.2948 15.4978 6.7794 23.443 19.1252 9.2414 12.2921 22.2576 11.0619 21.2586 19.234 24.8663 13.0087 6.8355 4.6643 2.502 14.2364 7.6905 20.0021 
19.3304 23.8866 20.7318 11.5214 29.5037 17.7628 23.3801 22.0423 15.165 25.1121 32.0022 14.3805 14.8161 21.4984 25.2073 15.3932 17.1206 11.5523 19.8998 15.4265 
24.9344 27.4377 16.8465 9.3047 22.9791 26.5927 11.1338 19.1396 22.259 5.503 23.2317 16.2032 23.8867 17.6129 7.6727 7.4926 3.0122 19.1973 12.6323 26.6221 
36.6964 31.5252 27.8582 26.1711 34.4875 35.94 9.0011 21.5163 40.4203 13.039 27.8299 31.9611 45.9064 20.989 9.2881 20.0914 14.5668 27.1959 20.6933 38.6909 
31.2632 33.0454 29.2663 25.3369 31.1459 37.6041 11.2337 24.4669 35.2345 11.8244 27.8921 24.3269 45.6007 23.3822 9.9487 21.1133 17.4214 31.9112 25.8507 39.7682 
15.4263 15.3434 8.4431 5.4148 17.188 13.4155 11.6725 6.8897 16.0217 17.1939 14.0485 20.9163 23.1484 7.5098 10.7029 4.0241 9.0807 9.3372 2.7059 13.6591 
23.1653 23.55 18.034 11.952 22.7122 24.5947 5.9342 13.475 27.353 6.2101 24.8099 19.7402 29.2655 17.1308 2.869 11.0897 3.846 22.2296 14.6468 23.1931 
16.3595 17.7284 15.1859 18.5756 22.4927 10.0656 31.7033 24.8272 6.7894 34.3551 29.03 29.8507 1.4264 19.6368 28.4908 17.4057 26.5728 12.1758 17.8677 6.0563 
4.7023 5.0 7.2224 14.3339 16.1727 1.1675 29.0839 14.3688 3.2127 25.4367 17.7508 31.0746 7.6513 12.1273 22.4674 17.0472 19.69 6.4485 15.2937 3.1444 
23.7213 18.9874 18.1814 7.3308 24.8117 23.1897 12.4472 15.0785 21.0625 8.5101 24.365 17.4608 24.299 15.5023 8.3316 5.8315 2.9618 17.4926 11.5418 20.3465 
15.9291 16.1041 9.3373 2.3175 17.5338 12.8063 15.6997 12.3889 12.5161 13.33 16.6744 17.3948 18.7885 10.2392 12.2719 2.0689 9.8437 7.6017 4.6717 14.5647 
26.382 24.5091 19.4383 15.8022 24.5767 28.2753 3.9533 15.1073 27.49 8.2604 21.7196 22.3405 34.204 15.9916 1.7045 10.6864 5.9637 19.6155 13.9899 29.2104 
6.3597 5.3816 4.5426 14.936 6.8087 10.7119 20.2126 6.4796 11.883 23.8829 7.1219 32.5112 17.2246 5.2046 22.2118 15.4065 19.6142 11.0298 9.043 13.3137 
13.8818 14.0028 12.8128 17.7949 4.2534 21.175 21.182 7.2265 19.0521 26.9541 1.5169 41.6942 27.0644 7.9712 18.8464 18.5598 23.4633 20.3922 11.5493 20.6685 
16.0019 15.3725 12.3595 11.439 14.2025 19.2571 9.9548 4.725 18.825 17.3041 10.9448 27.9594 26.6165 6.3013 9.6121 10.1393 10.5497 16.5796 7.7143 23.1491 
18.6496 17.8944 15.2601 26.9738 7.3969 25.2776 20.9665 11.3528 27.7119 36.4773 5.4278 40.9925 31.4042 13.0455 21.881 21.4896 28.6332 20.2886 20.6908 27.3492 
29.9717 28.068 28.0975 19.5601 25.6692 35.1915 5.3566 19.2769 38.2968 13.9488 27.9719 31.0987 37.6174 19.8499 6.5748 19.9463 12.1628 25.5587 19.1321 32.3445 
23.1322 26.4956 19.8867 10.4551 32.2147 19.6531 23.3054 24.7703 18.8803 16.7844 33.1212 10.3337 17.57 24.7321 24.6825 14.1833 17.8985 14.6956 19.7085 17.6904 
20.7014 18.8811 18.1424 7.2804 28.806 16.4583 26.2786 23.6827 15.0511 20.9535 28.6825 13.4868 15.6118 21.7258 18.3508 11.0658 16.0535 13.3726 15.531 13.4053 
25.5787 29.4733 22.0439 15.0579 30.7177 29.7176 10.2723 20.1498 27.2741 2.0863 31.2261 20.6867 34.5073 18.8596 8.0171 13.5351 7.7502 25.1027 19.8223 33.072 
32.4958 31.6213 29.8727 15.5903 35.6832 28.4928 28.5032 26.1797 25.7476 18.8767 36.3302 3.4938 22.1255 30.2232 20.7785 14.727 19.2193 23.4234 20.593 22.3341 
28.2258 30.7008 26.4738 16.2938 36.3807 25.8191 21.757 29.5521 24.4401 11.5417 40.5867 3.0121 27.3316 28.0833 18.1919 16.8594 14.0972 22.093 22.2397 25.1478 
4.8622 4.7349 1.5789 12.3371 10.6544 6.3888 18.5554 8.0842 8.6861 25.781 12.0958 30.4112 14.5353 6.6353 21.3139 12.3969 18.5418 5.8699 7.2317 9.3962 
17.4981 17.6432 13.1492 18.653 11.6 20.6257 11.6323 5.3716 26.3013 17.6681 10.9477 28.8969 30.5222 7.2275 11.8368 15.5128 15.0907 19.3816 9.6351 21.4894 
17.5247 19.3959 11.9797 3.7707 24.9689 14.2689 22.9162 16.0257 13.6809 18.1025 20.2326 18.0298 12.6004 17.2334 17.7328 5.8709 11.9019 8.7237 9.7878 13.4713 
0.9692 0.6587 5.6461 17.0464 9.3815 5.8227 28.9546 12.5516 8.6754 28.0834 11.0352 32.3628 14.6218 9.3486 21.693 14.2215 24.0931 8.186 10.7798 7.6584 
17.2068 21.0953 15.032 4.3144 25.6284 16.1878 13.2682 16.8675 16.0398 12.2869 23.29 17.2343 22.3311 15.8485 13.9511 4.2994 6.9006 13.2644 9.4924 19.9658 
23.8694 22.6828 16.2258 15.7756 21.8073 23.4802 4.2787 9.2582 26.0808 12.3105 15.9266 25.2846 30.2506 12.4669 5.9148 14.4412 9.5838 17.9009 11.7691 25.3639 
5.843 5.9265 1.047 12.5237 8.7459 7.9176 20.3658 7.98 9.7371 25.168 9.9073 30.0354 14.8633 5.8987 17.7128 13.1061 17.3247 7.0575 7.4207 11.4115 
20.2357 22.2688 17.9848 8.4555 22.4067 20.6052 11.054 17.0401 20.4273 8.462 23.197 15.0412 25.4204 15.202 8.7862 6.0816 2.5313 16.6788 12.8629 23.2143 
25.7339 29.1489 25.0376 19.2768 28.4941 30.0953 3.9023 17.6065 35.0831 13.7338 20.7896 25.9515 34.8082 17.5132 6.9441 18.7976 13.2899 28.3386 17.0249 30.1352 
9.9614 8.8208 12.1469 12.3554 17.6855 3.5731 29.1745 16.5974 1.5519 31.1218 24.2393 26.4061 3.9873 14.8626 29.5622 17.265 21.0599 6.6607 15.0264 1.3221 
14.313 12.9639 13.6452 12.8955 26.4044 8.9377 26.4969 21.112 5.2697 26.0341 22.5537 26.2338 5.3639 20.0164 23.0461 13.8842 19.0957 8.1066 15.3006 5.6996 
24.339 23.3404 20.2889 8.7217 24.9057 22.9446 10.3039 17.9344 21.0115 5.6099 24.4446 16.6013 24.6599 14.2722 9.1477 6.3721 2.4846 15.0109 11.5721 22.2536 
5.3304 3.7053 3.4559 12.959 6.5925 8.1146 20.0139 8.7439 9.9532 25.822 7.6201 29.5532 18.1789 7.9477 23.9858 14.3966 22.5423 9.8179 8.5026 12.3057 
18.5682 22.7502 14.8046 4.0739 24.5723 17.0948 15.7559 16.9782 17.0635 12.5648 24.2565 13.5358 18.1919 15.0746 14.0118 5.6138 8.1302 13.6576 13.4868 14.904 
29.9943 27.263 22.6103 11.6075 33.2162 25.1563 15.5719 20.3013 27.2593 6.4362 29.936 11.4653 30.993 23.5606 12.769 11.0692 8.3295 19.4798 18.8132 25.3535 
15.3145 15.8938 16.6306 10.3217 26.6036 8.4031 29.8492 21.3362 8.5346 27.1827 25.7397 21.5921 6.6268 19.0324 29.0696 12.5518 20.0068 8.4639 15.3302 6.76 
29.6201 28.6224 23.8718 12.1251 31.0167 19.7412 25.7606 22.1851 22.4633 17.8221 28.535 6.7219 21.1306 21.8234 17.9997 13.0966 16.521 19.1489 21.6114 24.4474 
21.1785 23.8232 17.1906 7.8203 31.406 20.7937 15.4901 22.2697 18.9125 10.7975 30.9571 11.6233 24.6002 18.5215 14.0799 7.9093 10.3585 17.4796 14.969 17.8936 
23.579 21.5771 15.4213 9.8896 19.791 20.7437 5.9169 12.3733 25.0907 9.3921 22.7133 22.6093 26.9876 14.017 3.6328 7.7505 2.5973 18.9719 10.3297 25.7046 
23.4253 19.7554 16.5204 8.3135 27.857 15.1476 22.8424 21.7478 15.5549 16.5885 25.5239 12.3535 18.4758 22.1624 18.6357 10.0549 13.09 11.3264 17.1194 17.4469 
25.989 33.4889 27.3772 12.8078 38.4653 29.8443 21.6423 23.812 26.7683 9.7404 31.6456 6.0894 28.7976 21.7481 14.5934 14.3013 11.8916 20.4245 21.1717 27.8138 
10.473 12.7287 12.0957 13.5321 20.2054 5.3862 32.7193 17.5986 3.3912 26.3824 20.9019 24.6641 3.7796 19.7297 25.9822 17.0286 21.9552 6.6752 15.8114 3.3096 
6.0833 8.0086 8.4853 14.6406 16.9785 1.438 28.9805 16.2636 0.5882 25.5142 19.9488 32.8306 5.7465 15.8171 23.9821 14.4127 24.5302 5.0773 14.4412 1.0658 
3.6349 3.0945 6.5492 18.7541 8.6056 9.4745 26.5797 11.7823 12.038 27.4488 10.2973 38.8519 15.1169 10.2548 23.3664 19.6705 21.8273 12.6959 13.794 13.0692 
32.1225 36.6739 31.4772 21.8847 32.8518 33.1249 11.2392 25.4608 36.0565 12.109 34.4044 29.0328 38.2126 24.293 10.2166 24.7031 16.8796 29.5323 23.855 37.6156 
26.0675 28.7069 19.8154 11.46 32.3972 21.0811 16.6635 18.9804 25.0787 7.3658 28.8871 9.2684 28.4492 19.4009 13.4599 9.2172 7.3752 19.4578 13.9408 20.2209 
30.6734 28.9515 26.9958 16.8574 31.4202 25.706 18.9004 27.2835 31.0122 10.9678 37.5741 6.0625 29.8292 27.9024 17.552 14.1493 14.4796 20.5724 19.6716 24.5901 
12.923 15.1501 16.3553 16.256 21.4802 6.5764 26.9088 24.9284 5.5274 31.7062 27.0684 24.644 1.6484 22.9588 32.9766 17.2587 23.7351 8.4776 16.409 4.9332 
8.3131 9.0477 6.5557 7.0879 19.6062 5.9913 22.5252 12.8419 5.864 24.2432 16.4082 23.6216 11.7227 10.6432 21.9044 9.6435 18.1951 0.5993 9.5176 5.9291 
11.8784 9.6354 11.4051 19.0031 0.3966 14.2392 23.9216 10.6791 19.662 30.4841 3.3562 37.0358 26.1879 10.7001 24.9995 21.7427 23.0356 15.2889 14.6868 16.9428 
2.9184 4.3834 8.3318 15.2457 14.5943 2.8338 30.5489 16.2008 4.4232 33.81 15.0358 32.0304 9.9307 14.1084 28.1368 18.3774 26.6058 7.9129 15.0195 5.0729 
16.8527 13.1062 10.3585 7.0126 15.754 14.945 11.5688 5.3202 15.2247 17.0859 13.5797 26.6863 24.9015 4.9941 8.9787 6.5591 8.5179 11.2114 3.0364 17.2254 
14.7984 13.1646 11.9207 25.0252 2.4 20.1652 26.3864 11.0237 20.3818 27.8092 3.1043 42.5459 28.7417 12.6377 26.0295 22.7756 28.3625 21.8183 13.9333 20.0474 
20.3852 22.4473 16.5621 15.5401 15.6008 23.873 5.5095 8.119 25.8888 16.5072 16.0883 32.4549 31.7033 11.5777 6.4668 14.5639 10.5296 19.5285 12.1365 28.7075 
12.9471 12.6895 12.9724 13.8049 20.747 6.1009 33.6384 23.546 4.6891 26.7696 21.0343 28.0774 2.2345 21.5719 28.9147 17.4308 24.2986 9.5652 19.5297 4.3399 
37.2502 36.2058 36.4864 20.3059 41.0906 28.024 31.028 38.2388 28.2494 16.8232 37.9394 2.606 27.2286 36.3081 24.3197 23.9878 20.1526 31.6193 29.8041 34.8159 
14.8124 18.2562 12.3455 5.6429 27.1818 12.7613 22.4588 19.4928 10.4966 19.8462 27.0637 16.5655 14.3116 18.7297 21.8323 9.4872 14.2056 8.7095 12.195 12.3602 
16.0374 16.9264 10.3519 16.5808 8.8012 18.1634 14.0735 2.8723 21.3544 19.4054 7.7782 28.6619 25.4745 4.4257 12.0617 15.6272 15.12 15.8644 9.1196 20.176 
20.3344 22.4822 20.0132 15.954 35.9027 17.536 26.3007 24.9065 16.6585 22.1406 30.3422 15.9444 16.6114 26.2865 23.4308 18.1807 21.1699 17.8571 19.7382 15.0829 
6.8231 8.5441 7.1469 9.0244 15.9366 4.1929 21.2291 13.6635 5.0896 25.0834 19.5413 28.5884 11.2998 13.053 19.5366 9.7182 15.6557 0.8545 10.8099 4.8101 
9.8539 8.9898 7.8551 20.718 2.2399 16.7187 23.6194 8.5278 15.0681 29.1849 3.3378 32.0462 21.9512 8.3537 20.1313 16.1442 20.5124 13.0209 10.9822 16.3549 
22.1318 22.2304 19.917 18.3102 17.707 26.4457 4.5932 10.5926 26.0924 14.9905 18.2171 32.4552 35.3003 13.0723 7.2716 14.6493 12.6558 24.4328 14.053 27.1228 
21.5516 16.8598 13.6593 11.168 17.9275 20.2758 6.237 8.5532 21.3833 14.227 14.4672 22.0733 27.4419 8.2201 5.8538 7.833 7.9013 16.1181 6.0893 22.3302 
27.4601 25.337 25.0167 16.1389 30.4152 25.0075 30.4429 25.2153 24.2749 19.9495 33.4915 9.0222 21.296 23.2894 25.1305 16.0149 20.5287 18.4982 22.3143 23.1421 
19.8006 19.8588 13.5049 12.8668 18.3202 21.1884 6.1402 7.5228 21.6523 13.5891 14.7787 28.1406 29.5631 8.4683 5.9125 11.3712 10.0999 15.664 9.0406 23.4721 
14.3117 16.4008 17.3788 15.829 21.6229 8.9049 28.633 19.984 5.8097 27.9211 27.0689 26.5293 2.9879 20.5038 30.5655 17.9053 21.9978 9.6734 20.346 6.1029 
11.3565 9.0225 5.3462 15.3049 7.5576 16.3815 15.1021 1.8456 15.8463 23.9431 7.7475 35.6623 19.7889 1.8432 15.133 13.7149 16.8877 12.8577 6.1505 14.126 
10.1346 10.4558 4.5348 12.2677 10.3951 14.3877 14.3957 2.7255 16.1594 23.6251 9.077 26.9711 18.609 0.8425 16.9646 12.0671 14.5016 10.0374 5.2809 13.5382 
15.9197 16.6336 16.5057 15.8466 26.9039 9.7525 37.7355 27.3933 7.7345 31.2386 28.4434 31.319 1.3978 24.3788 32.5998 21.2888 25.7396 11.1464 19.6965 6.9997 
33.2777 29.1144 27.6454 19.2301 34.1338 29.2947 7.168 20.2363 34.3383 8.9388 27.7777 21.5618 33.013 25.7489 9.1953 17.8946 13.0809 26.9834 19.4013 31.6378 
15.4445 19.134 17.9624 14.1432 24.2661 9.6166 32.2746 23.3198 9.0096 29.3429 30.6258 26.9286 5.6338 21.5697 32.1565 18.6179 23.1342 12.1349 17.6716 8.9071 
18.0706 18.8652 15.1462 23.0603 8.0979 25.0692 20.9531 12.0862 21.8935 31.604 5.4223 43.4425 26.995 11.5797 19.2184 21.8308 26.6028 19.1766 17.2741 26.0251 
19.4468 16.2506 16.418 21.1259 11.6494 24.375 15.9763 7.0405 24.771 22.9373 7.3049 37.4254 35.4568 10.5741 13.6696 16.0906 19.7011 19.6784 12.9933 24.5032 
17.5604 16.9777 22.5934 24.8647 24.1308 12.3358 40.7319 23.3833 9.9918 41.1383 29.2007 28.5112 5.0918 23.3396 38.8518 25.4988 27.7566 16.2224 22.1794 9.6588 
23.4996 24.9578 19.9091 10.7288 26.4171 24.5597 11.7771 18.9499 22.0875 5.1438 21.6433 15.1842 28.182 18.977 7.2248 8.6165 2.5006 19.9636 13.617 20.5848 
17.9357 14.539 11.1795 18.2067 10.108 22.1112 10.8632 4.226 22.1599 19.4226 8.6685 28.1226 29.9943 5.9703 13.5425 15.5367 15.5681 18.5684 8.4779 20.3366 
13.5327 11.9759 6.6947 12.603 9.446 16.037 15.0785 0.578 15.6494 20.8442 8.7675 35.1204 21.1329 1.2246 12.7506 11.9414 15.4475 13.853 5.0742 16.1784 
10.5126 11.262 5.9176 8.5399 11.4999 13.3541 14.6288 3.7166 16.6262 17.0207 10.1883 27.6042 17.5487 2.4786 13.6365 9.4056 13.5316 8.8447 1.9087 13.0653 
10.9795 8.2158 4.4214 13.1952 8.1901 13.6269 15.3098 3.3158 13.9914 22.2911 8.5683 32.9806 19.6372 1.5233 13.3425 11.5276 15.1466 8.6023 5.2259 13.9252 
31.6966 31.3604 32.0367 15.9194 41.1133 29.0576 31.3471 35.3025 24.749 19.198 39.5111 3.9185 29.0037 33.2504 25.3814 21.7776 20.1929 26.5648 28.9611 24.7564 
1.8488 1.0234 4.237 16.5644 10.6428 6.4278 24.393 11.5832 8.4033 31.4358 12.7583 30.6903 15.4123 9.0016 25.8944 15.3584 23.785 7.2269 12.7354 8.7088 
8.2415 5.8798 6.974 16.2642 4.0855 13.1554 20.788 8.6014 16.0339 30.2886 6.3223 30.8851 23.0465 6.827 22.7461 17.1241 20.8628 12.7483 12.1451 12.6633 
29.1867 25.8307 26.3995 19.5594 32.546 27.0511 5.9603 21.7992 26.7089 5.4074 27.38 23.3736 33.6487 19.9119 5.179 15.845 7.6991 26.5647 17.2587 28.5853 
6.7142 7.5553 13.4517 15.5515 19.0312 4.4974 34.053 20.6788 3.2933 28.8923 20.2973 30.2112 7.3917 16.7591 31.1006 18.1997 26.343 9.5005 16.5313 3.5101 
26.9999 22.1679 22.134 13.8411 28.4167 21.6291 28.0024 24.2986 16.3359 23.4017 29.8842 12.6857 15.7834 23.5296 26.6574 14.2181 17.7137 16.6025 19.3067 16.1712 
17.3125 19.6769 12.0713 9.3778 18.9463 21.2991 7.4645 7.853 20.2866 15.1717 17.0477 26.2739 24.4461 8.4248 6.7274 8.1651 7.5536 14.8042 5.7531 19.7076 
18.707 19.892 15.1276 8.2509 24.5048 12.3687 25.6381 21.3068 11.7685 21.8358 26.8918 15.5016 10.9506 17.2794 21.7529 10.2442 16.3464 10.8197 16.2246 14.3547 
27.8848 33.0256 25.0044 16.6632 32.5493 28.4692 29.8765 26.9311 25.1936 18.6653 34.3227 5.3895 20.9124 31.2465 28.4417 16.0778 19.1921 20.582 24.6061 26.466 
16.4745 14.7941 11.9141 3.1885 20.1204 12.575 18.0295 14.8513 11.5316 16.2419 19.6228 16.4992 14.8641 14.7492 18.0008 6.0939 10.9411 8.2501 10.4436 11.7094 
35.1004 29.3644 24.5977 17.9003 29.4298 34.7152 13.628 25.0207 32.6769 3.1344 35.737 13.661 29.4108 22.79 11.5433 15.1609 9.1615 23.2991 22.755 29.7263 
7.5668 9.8686 9.681 12.4561 16.797 2.5557 22.9633 14.3215 1.6058 27.0739 20.6403 28.8312 6.3372 15.9176 24.2183 13.6379 21.6619 3.7434 13.3449 1.4401 
13.5288 15.7935 13.0293 5.112 19.8923 12.3389 18.1133 14.3664 10.9078 16.8293 25.8379 19.1587 13.9363 15.2021 18.553 6.6662 15.2708 7.4058 10.7195 11.9538 
3.5987 4.3215 8.4532 18.2797 15.3063 3.0006 26.5481 14.1439 4.9883 29.7932 14.4189 33.3379 9.9143 12.479 29.2697 16.0019 24.0794 8.2478 13.6657 4.9105 
16.2206 15.0818 9.5728 15.2537 11.3378 20.2667 14.4809 2.6235 20.2131 22.4782 8.7069 33.3303 24.2313 4.354 12.8221 12.7351 16.3928 14.5522 8.7164 22.0807 
16.1424 16.9422 18.9709 16.9412 30.5602 12.2704 30.476 23.8293 10.7944 34.0169 31.4158 25.4352 4.4953 27.0743 34.4367 17.9945 25.9903 12.0972 23.6374 8.5003 
14.3347 15.5615 21.0543 20.7091 26.3074 10.1379 32.0399 22.803 8.9292 31.427 25.6521 35.9926 3.808 25.3507 30.4108 21.0812 30.244 13.8936 22.3269 7.8176 
18.9784 18.0014 12.7909 19.9988 12.4271 20.1674 9.9315 6.6918 26.5648 23.4467 10.5001 34.1325 26.804 7.7463 12.3462 14.622 16.6526 18.7744 10.0327 27.2208 
1.0445 0.4036 6.0896 15.2082 10.3701 5.6908 22.7965 11.9582 9.2217 26.2191 12.3646 37.0862 15.2987 11.8063 26.218 15.4848 23.3169 8.3589 10.915 7.7885 
19.5082 19.8094 17.1523 9.8879 22.8353 23.3147 5.264 10.9199 22.4947 10.5426 16.988 23.4087 25.9523 10.7252 3.5197 8.9285 4.4382 15.5782 10.0261 23.709 
18.0891 20.18 17.6837 9.4417 23.4574 10.9324 22.6352 19.8053 12.5443 21.6221 27.4233 19.5078 9.6221 19.0429 22.9207 13.5734 15.8614 9.4404 15.6145 11.5713 
14.9529 13.9558 13.922 16.4367 9.8627 17.8083 17.0616 5.2849 22.7474 21.2794 5.9449 39.9574 29.7028 6.3104 15.9219 17.9035 18.9916 18.422 12.7771 23.0048 
7.5311 9.2634 14.5745 17.1299 21.4152 5.2432 34.0868 23.091 3.9996 37.4539 24.3022 28.1817 5.6727 17.606 31.2335 19.1433 30.3534 10.6697 18.7697 4.825 
2.0331 3.0603 7.4794 17.7929 13.1725 4.7481 30.7821 16.1504 6.708 33.9183 15.5505 33.6206 12.0306 12.5183 30.1122 19.5412 22.3806 8.513 14.9538 7.5529 
12.347 14.4733 16.121 17.98 23.046 7.3716 30.5258 24.8245 5.401 33.9148 23.7725 32.9826 3.7341 19.529 34.6838 23.1614 25.4885 10.5167 18.5008 5.2559 
15.7563 18.2851 17.8643 11.8345 28.4039 15.002 27.0916 26.4697 10.4789 23.1349 31.9624 19.0754 10.2882 22.4619 26.8023 16.0887 19.3916 11.6872 16.4423 11.1614 
20.681 24.5014 19.5941 12.3717 29.0375 15.5146 22.954 26.8216 13.6332 19.2179 29.6 13.1152 15.2677 19.2815 22.7268 11.6782 19.9684 14.1521 17.9254 13.5014 
15.3745 17.5195 13.8158 21.8671 6.923 22.853 19.5003 7.5519 26.2586 29.7192 4.1277 44.4095 32.3018 8.7439 19.4389 20.5269 20.9431 18.7455 16.0509 20.5861 
10.9848 9.8026 7.0933 5.0236 16.7955 9.5084 17.5728 11.0704 11.2126 19.0071 15.7215 21.9012 14.2244 9.7127 18.8332 5.4881 11.1594 4.2656 5.3481 9.9541 
18.6458 15.8477 11.1868 4.7613 19.4032 16.3737 11.8211 11.3415 17.7635 13.2527 16.2187 21.8271 23.5247 10.6566 10.5614 2.1033 5.874 12.3026 4.8555 16.9372 
29.7231 33.509 25.4693 13.2945 28.1481 24.3448 13.1107 20.5269 32.3027 4.1449 31.739 10.2532 30.8013 23.2268 13.7686 12.1293 9.5069 22.1502 21.3248 27.5758 
13.0738 12.3242 7.0484 10.7624 10.2199 13.9428 14.2937 2.8395 16.3769 17.0917 9.075 27.9628 22.5641 1.9104 13.3581 9.6812 13.4277 11.2732 3.1203 14.189 
27.851 26.5387 18.1965 17.1471 22.4194 25.1236 4.7041 13.1607 28.1615 16.6231 17.811 30.0373 38.5729 14.1653 7.1652 18.6764 11.3267 27.6298 17.7486 32.0966 
24.495 29.3072 17.8901 13.7902 26.7116 24.6825 7.5634 18.2599 29.6303 4.1352 25.273 16.6298 25.6604 15.6546 5.2259 11.072 3.5522 19.2543 12.774 26.466 
31.6878 38.5837 33.9085 22.1843 36.996 30.4487 26.6465 30.5028 25.8551 20.6458 38.0028 4.545 23.972 28.3061 29.9364 20.5827 20.4005 24.9066 25.0869 26.9256 
25.8051 23.2094 25.0089 10.8877 34.7059 20.8032 24.8287 24.9904 20.781 15.0141 35.8408 6.4954 20.6783 25.0772 19.034 12.2541 12.1296 17.0178 16.6941 20.0434 
34.858 34.9261 25.4115 17.5453 43.1297 30.6655 23.7535 33.6681 25.6984 13.7414 34.0251 1.251 31.8413 30.5893 21.5533 20.4173 15.2451 23.0475 25.2113 31.2052 
18.7594 20.6168 17.2915 18.0298 15.0777 20.137 10.9741 7.3499 26.6005 17.9634 10.2849 31.5798 27.2041 8.679 10.8104 14.2411 15.0124 17.6248 12.7319 24.2464 
26.0895 31.7068 26.749 13.7917 30.4266 27.9488 20.4845 24.5318 25.7786 9.4728 28.9751 6.0077 24.0156 25.3821 19.1184 12.1653 12.732 19.4427 21.619 22.1158 
12.4875 14.8035 12.8666 9.7458 21.9625 7.2655 29.2244 20.9676 6.2316 28.623 21.8769 26.9751 6.6767 15.3353 22.2214 14.8849 21.1846 6.2944 14.9045 5.223 
28.3273 24.0282 21.7802 12.3419 24.8718 23.8354 12.9637 17.1945 27.8084 5.2833 27.7971 13.1165 24.5703 16.4614 10.6526 10.1443 4.6176 18.7714 16.1383 25.5375 
13.5365 13.4442 7.8653 5.4437 16.5491 12.7569 13.7877 6.2688 14.4386 15.3191 15.0392 22.8598 16.7142 6.5674 11.0204 4.8761 9.3554 9.4054 1.3059 16.5341 
21.7747 21.6964 18.391 10.6954 27.7063 23.9532 7.5928 17.4615 23.9603 6.235 24.7424 19.1438 30.4016 17.159 5.3472 9.3273 1.4582 20.3685 12.4335 26.2904 
25.0299 29.0751 21.3227 13.5902 38.5 23.9414 29.6266 25.4191 23.3465 24.0768 37.2706 11.8119 20.7525 26.4369 23.6126 18.1641 17.5609 19.4412 22.6921 18.6002 
10.8633 9.6098 7.1313 14.4496 6.5342 16.8522 18.3509 2.4921 19.6633 27.1817 5.3267 34.9937 25.2684 3.2852 16.8166 12.236 16.8449 11.5022 7.7187 15.9747 
30.5278 31.631 21.075 17.8242 25.2054 25.5074 2.6114 15.6432 34.0449 9.5798 26.1526 28.7398 31.0351 15.4972 4.1406 14.7006 7.8272 21.4798 15.7834 27.8458 
17.7228 17.4489 14.614 7.6986 21.1964 22.7757 8.8133 12.5356 20.2944 11.2945 19.4705 23.6843 23.2057 11.3837 5.2248 6.2711 2.6948 14.5089 8.1188 18.7872 
14.02 15.1311 18.8601 20.5061 23.9995 10.6978 32.2995 25.2501 7.8745 37.1676 31.2057 26.1651 2.3708 23.87 36.2399 22.6717 31.8746 14.6174 19.8935 7.9885 
1.5512 2.7128 4.7588 13.0981 13.5421 3.4041 23.8079 11.4694 6.7153 32.0645 12.3718 29.609 13.318 12.856 26.7329 17.1807 20.5746 5.5187 10.4453 6.2387 
10.0122 10.794 4.5764 5.4333 17.1385 8.3155 18.92 9.8653 8.6545 22.3187 15.8993 27.8427 14.8846 8.8566 18.532 6.0388 13.3672 4.1235 5.1284 10.9058 
37.1943 35.6895 32.3884 26.4456 34.9038 37.8651 8.9151 20.4806 33.6674 13.1296 32.6186 32.3971 36.537 22.2819 11.0049 18.9259 15.9272 28.9457 19.8955 39.2748 
23.6998 28.6996 22.6866 14.2172 29.6282 20.5009 24.0577 26.2295 20.7669 19.4841 36.0941 11.6791 18.022 22.9118 25.9312 13.8562 19.5771 15.4057 22.5544 16.8858 
13.8875 13.0993 16.1256 13.8578 21.4182 7.3263 30.8122 22.5522 5.9452 30.7786 26.2262 26.1872 3.1296 23.2988 31.1041 16.2968 20.6901 9.2654 15.8802 5.1301 
36.0413 32.6688 34.0053 22.8626 28.8211 38.7359 9.3183 24.8834 34.9889 14.4048 33.1242 26.0768 39.6348 21.7724 12.0376 21.369 16.2319 31.0368 25.4591 38.9102 
19.1357 18.094 14.5226 5.3295 24.4175 16.9021 14.3253 17.1769 21.1525 10.5948 23.8039 16.2398 21.2602 13.4265 13.1333 4.1477 5.6187 13.8827 11.2706 20.6049 
12.0839 8.12 9.5522 18.5074 1.0901 17.7479 25.4284 7.6694 17.5412 33.8177 3.1172 34.9488 21.7437 7.3616 22.3935 20.1284 22.3553 15.6737 11.1127 15.726 
6.6913 7.8086 7.5832 11.8666 17.1964 2.7172 26.0265 14.1242 3.7122 29.7301 19.9916 26.5622 9.4231 13.9254 23.4117 11.5501 20.2105 2.7909 11.4472 3.8118 
21.4014 22.5304 15.4047 11.1063 18.5434 23.487 5.3033 8.7954 21.0902 11.8306 19.7973 23.7005 26.0301 10.6863 4.7894 8.3193 5.1062 16.2853 7.0248 19.7043 
32.2563 26.2727 26.7265 16.8649 28.195 33.2531 6.1002 21.6613 27.3846 5.0361 28.3936 18.9375 29.436 22.7459 5.1818 15.9273 7.936 27.2481 15.4821 30.2437 
16.5186 16.2015 9.8557 11.6561 10.6262 18.8934 11.7658 3.8249 18.2578 17.507 11.5105 27.1598 23.3129 5.1229 11.8351 11.6224 11.9724 16.2939 6.9066 17.5299 
33.2957 36.3136 31.8149 17.6194 36.2758 28.6865 21.3397 33.6338 28.9922 15.1101 42.9865 2.4293 25.3686 31.0613 19.0571 16.8961 15.968 27.8481 24.5783 29.0715 
18.871 18.24 13.389 14.7576 12.9876 22.6398 8.7878 5.3644 22.3857 17.2157 11.8693 29.9778 27.3844 7.7912 9.476 13.601 13.1541 15.5719 8.7111 22.6067 
34.0962 27.7074 25.304 15.7959 33.2877 33.6751 9.8723 23.0706 32.8361 2.4348 26.4909 16.9249 29.3483 22.1841 7.3619 15.2721 7.0674 24.6567 16.665 29.7749 
23.1813 21.6852 24.0909 12.8621 35.6525 20.4368 23.6454 25.4822 18.3791 17.274 34.12 10.3639 17.7505 22.3581 25.0505 14.8258 17.04 16.7627 19.5146 19.3983 
5.9444 6.2449 5.6219 11.2149 15.3011 3.2512 21.004 12.4093 4.2074 25.1202 18.7788 31.316 9.0867 12.2777 24.7044 10.7324 17.4951 2.0227 9.9252 3.8691 
18.4358 18.4143 15.764 10.7382 28.5555 12.3465 25.6059 24.0752 13.0296 24.6457 25.6623 21.3476 10.2621 19.2564 28.2261 13.3122 20.6884 11.5584 18.7697 12.2011 
36.2034 35.311 25.8389 20.1752 34.0179 32.3211 10.3194 25.3036 36.8875 4.1509 27.851 17.6659 41.3825 23.7479 9.982 16.0393 9.905 28.529 18.6801 37.5759 
22.0791 27.8579 20.2498 7.9321 27.2508 21.4565 15.8839 18.5655 22.5027 9.4865 30.1946 9.5014 21.3841 22.4788 16.1657 10.0636 9.1915 17.5734 14.4769 22.0179 
2.3107 1.1404 7.4045 16.7505 9.5383 7.7379 24.6827 11.6632 8.5761 32.2421 13.5906 32.691 13.0295 13.3791 23.5104 17.6453 27.0611 10.9412 14.42 9.4986 
6.0517 4.6886 4.5635 17.5137 6.1203 9.5731 22.6437 7.7767 14.4255 29.8842 8.016 38.4755 17.6937 6.1152 20.4887 15.3955 18.4864 9.0993 8.6948 12.6504 
20.1469 20.6524 16.1762 17.0934 13.5379 23.7051 11.6688 7.976 26.3716 23.2971 9.9774 33.8672 31.7519 9.5443 12.6237 16.3294 16.1724 19.4034 10.3734 27.559 
15.7318 20.8054 14.5897 2.8209 23.0429 15.8304 13.5363 16.1562 15.3594 13.3012 19.6725 16.3352 21.913 11.9217 12.757 3.1284 7.8522 9.8971 8.8533 18.1624 
5.5384 5.5394 5.8378 17.0355 5.2542 10.426 21.7699 8.5224 13.0473 31.4487 7.024 30.9986 17.3379 6.6867 24.0647 15.1388 18.7689 11.0111 11.1806 12.6279 
24.9251 20.3842 16.0642 7.8872 30.9715 19.4847 13.8245 21.1199 22.146 10.9723 29.6677 13.2488 24.925 18.1482 13.6562 7.0197 6.4802 13.4686 14.3547 22.4748 
27.4004 24.3514 22.7752 13.6319 30.191 19.8547 26.641 29.2823 19.2424 17.7745 34.9694 7.2233 19.649 22.6199 24.2845 13.9778 14.0255 16.7031 18.5198 23.7987 
23.4566 24.9782 18.5065 16.8385 20.1055 27.713 6.4878 11.0041 31.0058 17.1392 17.3418 30.0148 34.9199 14.1738 9.0004 16.2125 13.8252 24.7266 13.6393 25.7039 
33.4238 34.9204 34.4718 20.1963 36.4759 30.8387 32.7917 31.3698 26.7055 19.6833 41.6157 3.8265 26.6242 29.046 28.4129 21.1632 21.4361 26.8932 30.1953 33.1049 
19.7593 23.4007 17.2947 16.395 21.0083 21.7813 3.2633 9.356 28.7405 13.7063 16.2352 26.5435 31.2538 13.024 5.0724 14.1392 9.5306 22.9188 10.3019 25.6685 
31.0464 29.3319 30.8791 15.909 35.2819 30.7403 28.2178 31.6411 32.204 14.1882 40.3422 1.43 25.1948 27.0479 20.7792 19.7201 18.0902 21.7969 22.8252 31.1509 
26.925 28.0123 22.3124 14.749 35.5955 24.1816 19.6915 25.5635 30.0975 8.4254 28.9582 8.4068 30.8371 23.336 18.0287 15.7372 11.2426 19.1795 20.8728 26.7489 
33.7847 33.0701 22.7438 24.3812 24.7549 34.8467 4.4609 20.2253 38.0344 13.8173 20.5582 28.9751 40.7282 16.8264 7.4409 18.7829 14.5018 27.5914 16.4008 35.238 
19.6073 18.4208 17.5809 4.7143 29.411 14.6962 16.5365 20.6595 17.9544 13.4943 26.0543 14.1324 16.5569 16.2793 15.7701 5.7896 11.2256 12.0797 12.1848 13.9448 
20.6049 21.4624 13.2956 5.5346 21.9859 15.1511 22.8355 16.6208 16.7503 15.9959 28.6429 14.1061 14.3965 18.6346 16.7947 7.8852 12.6815 9.6851 11.4854 14.4467 
14.2953 16.5696 10.6475 17.8532 7.5163 22.0557 15.4712 5.5406 18.9744 26.5085 4.6859 35.6837 29.7922 5.9501 15.7816 15.3877 16.65 17.086 11.2036 22.066 
12.8453 10.7912 9.2856 18.661 0.5101 18.5692 25.3999 8.9184 18.0694 28.5639 2.3508 38.1357 27.0621 9.9374 24.3047 20.6119 23.8693 18.0112 12.9271 19.0399 
25.5682 29.5465 20.7819 11.102 27.1871 23.5404 9.2152 16.3992 29.0484 3.4589 28.2776 15.128 32.8522 15.9679 7.5975 10.912 3.2015 20.8212 12.7006 23.9082 
12.0313 12.3377 8.791 20.5488 4.6021 19.0332 19.6784 6.5546 17.5029 27.7685 2.4544 31.8969 23.5036 6.1397 18.4027 17.6597 21.7815 14.0609 10.874 19.712 
23.7516 19.481 21.2109 9.5487 30.7766 19.3943 23.1357 20.5152 18.508 16.4612 28.0473 12.1621 14.9594 19.6849 19.4696 12.7718 14.7866 14.743 15.4433 17.435 
7.9451 8.247 3.1671 7.2863 11.4855 10.5992 16.8654 6.9883 11.4074 18.5289 13.6409 29.6834 16.6303 5.6546 17.2416 7.8177 12.8812 5.9054 3.8738 11.8112 
28.969 34.4589 28.7361 12.804 35.743 25.6182 20.4679 26.5713 27.0193 7.8893 34.3374 7.9396 29.9939 20.8813 17.445 12.8191 11.1615 25.2268 18.8839 28.0347 
3.1412 2.7667 2.6971 14.4578 11.3961 6.478 22.5799 9.7224 7.4258 30.5959 11.4848 32.6565 13.8556 7.7239 19.663 15.1001 17.616 7.2607 9.1851 9.0843 
2.5705 4.2458 4.8024 11.9289 10.9187 4.2101 21.3521 11.3359 7.1428 27.1182 15.7541 31.8963 11.2786 11.3493 22.7511 13.382 17.7601 4.6451 10.2327 6.5918 
29.9984 30.4952 25.6944 15.3263 30.353 26.6268 9.49 21.3541 31.5896 1.9057 24.2869 18.3417 32.7574 21.6192 6.4397 14.2448 7.3888 24.3151 19.3579 27.698 
9.7965 10.9071 9.0572 8.4397 16.7924 6.3451 25.2404 14.6127 6.4713 24.6605 18.9103 22.8205 9.3175 13.5082 19.0828 9.759 15.1853 1.4104 9.5118 5.3812 
27.371 22.1619 22.5653 14.8397 24.3723 24.521 3.7307 16.904 27.5278 6.7544 19.7128 22.3172 33.1549 14.5193 1.7864 10.2784 5.0672 23.293 13.5855 23.2255 
23.931 26.7852 21.5032 11.1602 31.1974 22.714 25.664 28.2616 22.7507 15.9018 28.7504 7.6254 17.7135 25.9588 21.5705 14.1281 14.5668 18.6879 18.9007 20.739 
35.1621 33.7583 30.2164 18.3308 34.9854 28.605 9.0218 23.0522 28.2885 5.4215 28.4757 20.1107 33.9097 22.2176 8.4351 16.8433 8.5551 25.1371 17.6076 33.7158 
EOF