I 200
J 20
bounds (0, 100)
cv 0.5
D 10
k 5
t 3
FLR 0.6
FCR 2
abounds (80, 120)

a 
115.0 104.0 107.0 
106.0 117.0 112.0 
97.0 109.0 115.0 
119.0 110.0 105.0 
105.0 101.0 105.0 
92.0 125.0 94.0 
111.0 108.0 112.0 
112.0 115.0 102.0 
98.0 94.0 95.0 
100.0 125.0 103.0 
102.0 107.0 98.0 
126.0 125.0 117.0 
98.0 103.0 119.0 
102.0 101.0 98.0 
105.0 133.0 112.0 
105.0 123.0 97.0 
108.0 126.0 115.0 
107.0 99.0 104.0 
100.0 118.0 118.0 
112.0 101.0 121.0 
112.0 95.0 85.0 
116.0 106.0 98.0 
106.0 135.0 129.0 
110.0 127.0 101.0 
115.0 101.0 107.0 
125.0 111.0 104.0 
127.0 80.0 84.0 
86.0 95.0 122.0 
104.0 104.0 122.0 
113.0 113.0 110.0 
114.0 108.0 115.0 
113.0 107.0 123.0 
116.0 100.0 117.0 
98.0 117.0 121.0 
110.0 96.0 99.0 
117.0 96.0 109.0 
105.0 134.0 119.0 
99.0 109.0 96.0 
93.0 97.0 103.0 
108.0 107.0 111.0 
103.0 93.0 112.0 
135.0 98.0 113.0 
97.0 108.0 116.0 
83.0 103.0 118.0 
111.0 111.0 105.0 
113.0 108.0 111.0 
119.0 102.0 105.0 
121.0 104.0 113.0 
97.0 114.0 97.0 
92.0 108.0 109.0 
97.0 122.0 105.0 
97.0 137.0 118.0 
106.0 114.0 111.0 
108.0 91.0 89.0 
110.0 102.0 101.0 
103.0 107.0 100.0 
94.0 116.0 108.0 
99.0 105.0 96.0 
110.0 99.0 91.0 
120.0 93.0 98.0 
99.0 96.0 109.0 
111.0 119.0 90.0 
102.0 115.0 119.0 
100.0 105.0 101.0 
135.0 96.0 104.0 
113.0 116.0 102.0 
115.0 117.0 111.0 
103.0 119.0 112.0 
97.0 131.0 107.0 
118.0 110.0 111.0 
93.0 118.0 102.0 
108.0 98.0 110.0 
118.0 126.0 101.0 
112.0 109.0 102.0 
105.0 93.0 125.0 
127.0 92.0 105.0 
107.0 117.0 103.0 
120.0 110.0 98.0 
107.0 115.0 109.0 
116.0 121.0 104.0 
114.0 95.0 103.0 
114.0 128.0 98.0 
104.0 116.0 102.0 
110.0 93.0 101.0 
109.0 93.0 115.0 
87.0 113.0 114.0 
89.0 113.0 100.0 
101.0 111.0 125.0 
92.0 124.0 108.0 
117.0 109.0 120.0 
91.0 94.0 87.0 
117.0 107.0 125.0 
121.0 118.0 116.0 
93.0 99.0 109.0 
110.0 113.0 102.0 
99.0 131.0 113.0 
112.0 99.0 109.0 
122.0 110.0 110.0 
112.0 101.0 105.0 
114.0 106.0 95.0 
122.0 125.0 115.0 
117.0 104.0 88.0 
112.0 98.0 100.0 
108.0 105.0 113.0 
105.0 106.0 97.0 
100.0 108.0 101.0 
92.0 116.0 105.0 
116.0 90.0 105.0 
120.0 107.0 111.0 
106.0 105.0 119.0 
115.0 113.0 127.0 
118.0 125.0 108.0 
108.0 119.0 109.0 
114.0 114.0 111.0 
89.0 123.0 111.0 
109.0 113.0 102.0 
100.0 108.0 102.0 
115.0 115.0 106.0 
116.0 119.0 81.0 
99.0 118.0 121.0 
107.0 105.0 131.0 
116.0 109.0 111.0 
118.0 127.0 126.0 
100.0 111.0 111.0 
108.0 85.0 126.0 
113.0 125.0 110.0 
106.0 121.0 130.0 
89.0 89.0 103.0 
118.0 97.0 107.0 
106.0 96.0 93.0 
112.0 115.0 110.0 
99.0 100.0 84.0 
96.0 115.0 108.0 
114.0 103.0 90.0 
113.0 99.0 107.0 
96.0 108.0 119.0 
120.0 113.0 123.0 
85.0 95.0 112.0 
112.0 108.0 108.0 
116.0 92.0 95.0 
109.0 113.0 101.0 
129.0 107.0 109.0 
109.0 97.0 108.0 
131.0 114.0 115.0 
95.0 108.0 115.0 
116.0 115.0 108.0 
100.0 93.0 113.0 
104.0 112.0 108.0 
108.0 85.0 121.0 
103.0 106.0 108.0 
100.0 118.0 109.0 
112.0 123.0 131.0 
117.0 106.0 109.0 
110.0 100.0 105.0 
109.0 106.0 118.0 
110.0 126.0 120.0 
127.0 107.0 107.0 
124.0 123.0 109.0 
113.0 98.0 93.0 
106.0 97.0 102.0 
102.0 120.0 116.0 
109.0 94.0 110.0 
114.0 118.0 113.0 
108.0 118.0 120.0 
108.0 95.0 98.0 
131.0 110.0 97.0 
110.0 95.0 112.0 
109.0 112.0 100.0 
116.0 112.0 94.0 
104.0 120.0 108.0 
102.0 106.0 110.0 
113.0 102.0 95.0 
128.0 109.0 101.0 
112.0 115.0 107.0 
102.0 109.0 103.0 
111.0 121.0 107.0 
119.0 89.0 115.0 
105.0 119.0 99.0 
116.0 106.0 99.0 
121.0 95.0 115.0 
89.0 101.0 122.0 
105.0 86.0 116.0 
108.0 95.0 87.0 
119.0 96.0 116.0 
114.0 123.0 100.0 
109.0 105.0 121.0 
126.0 120.0 109.0 
108.0 103.0 107.0 
123.0 106.0 91.0 
121.0 120.0 97.0 
119.0 128.0 95.0 
103.0 130.0 113.0 
92.0 102.0 104.0 
117.0 103.0 117.0 
113.0 94.0 102.0 
90.0 118.0 125.0 
114.0 102.0 110.0 
105.0 114.0 108.0 
94.0 86.0 102.0 
117.0 91.0 110.0 

Icoords
5.6564 14.3054
78.4033 37.6616
82.3507 54.0298
86.6267 84.4244
93.0624 62.4588
23.2276 43.7178
72.9578 83.6599
92.9233 66.2293
46.8532 83.3505
48.0009 90.0709
80.5571 4.8052
57.794 80.4801
0.9745 81.6296
83.997 55.7882
90.6619 19.2238
98.5331 83.4718
15.268 62.4248
56.0535 74.7287
13.1973 11.9996
55.4762 99.2546
7.0236 43.2964
74.2769 64.3023
68.8081 86.8872
12.381 51.4758
49.9713 51.4575
45.6974 98.4966
53.2031 38.0618
74.495 66.8737
99.1128 60.68
10.1511 36.5604
99.9856 63.2706
27.4404 81.9371
37.3433 29.3441
59.0111 99.641
25.9517 31.8476
43.1129 76.4872
58.0356 64.4897
69.8005 75.0351
43.2497 58.3117
35.2712 94.2951
90.2044 77.653
71.0993 32.3502
14.3549 92.0493
60.9478 20.1523
46.3347 13.7511
93.545 65.7261
8.6995 43.1618
55.5833 36.6301
51.3103 85.59
1.0159 28.7652
41.8439 24.1852
13.8337 35.618
45.0716 69.0558
75.4816 0.627
23.3992 85.6335
65.0563 0.7921
15.5454 9.4296
37.8901 4.8053
15.9482 61.1893
51.7264 19.0875
8.8157 80.167
19.6937 28.6167
42.3619 35.0229
89.1569 40.6795
24.8111 96.0632
80.8546 50.7376
16.404 49.0139
9.1659 80.4925
95.8032 92.7218
19.1387 18.1682
79.4924 63.0232
97.6088 57.9976
28.508 94.8615
64.0871 64.523
71.3673 50.4203
50.7349 98.9123
31.4389 26.5348
7.248 83.0076
6.8231 98.9752
86.8763 60.8387
91.428 77.2059
31.1285 44.2711
74.2775 29.244
44.5087 94.3645
48.3338 79.1975
67.5117 39.0181
14.56 79.5695
32.8684 94.6298
22.3571 4.7488
19.5402 34.451
79.2695 47.1771
30.8871 33.7737
50.9175 89.6192
89.9782 43.2452
93.9309 35.5326
96.7723 26.9004
12.1015 12.0228
40.7376 94.9127
21.1126 52.6078
3.0721 61.6951
66.7584 80.8984
47.1748 12.5731
13.6974 26.294
86.3198 75.5412
19.3831 36.8714
30.6925 55.3115
86.8463 87.8931
75.4784 45.7706
54.637 24.4573
38.6215 87.5793
21.3197 62.1249
9.7716 67.8178
24.5041 62.1621
28.7859 96.9943
86.893 34.6532
17.9912 98.6322
73.5201 21.6889
82.6714 3.1292
91.9741 68.1923
87.8654 5.4786
76.1457 32.0022
44.2593 54.4362
9.1443 0.1216
33.2083 74.6924
72.1203 38.3741
48.0116 49.0029
80.7276 27.5265
83.0309 27.5446
27.2614 41.3743
92.7657 34.1368
65.5652 17.605
6.0077 15.137
58.7557 74.6172
1.7703 95.741
83.6964 4.3361
60.7715 28.4955
1.0619 52.3412
66.131 6.1823
42.7954 77.9854
47.3862 83.9151
77.772 31.8355
7.9564 98.1286
64.0327 15.4426
21.1027 76.5172
72.8323 60.0412
1.2551 60.0852
35.9454 34.4682
8.1234 41.6568
10.7812 84.9252
13.2064 84.7905
77.1318 58.5454
86.5049 46.2091
36.8258 74.1626
44.5151 33.3699
38.303 39.4221
69.8285 53.7351
87.4408 35.9086
91.6912 91.4531
10.0847 20.5125
54.5052 36.421
86.0158 86.9104
39.6135 75.5839
50.7608 35.9245
51.0119 46.2432
53.8536 12.9444
70.4615 70.9684
71.5219 99.7374
51.0971 95.0054
5.8403 22.732
1.2904 99.0148
13.255 61.5502
85.572 13.0658
98.035 67.5168
30.162 86.2724
85.1585 68.8224
22.6473 79.5246
56.611 57.5935
66.5905 65.1563
93.6956 25.7109
67.3071 88.673
32.5226 13.2516
51.5364 71.2727
51.8609 63.6545
62.5789 42.1588
88.5506 46.6085
50.7141 62.6969
1.8996 6.9704
88.0843 89.1414
65.8457 85.9722
90.4697 51.4163
83.4873 13.4657
44.8033 33.4261
65.1089 41.0175
96.0946 54.2755
15.3713 59.5732
39.5296 68.8783
46.5375 36.9237
20.2839 64.6193
99.5376 93.5392
2.6124 90.8155

Jcoords
17.3933 48.4022
70.2286 72.417
26.9686 46.9804
70.8091 69.5369
29.3716 39.5481
77.5027 94.7324
97.6496 77.6448
76.7196 71.4247
22.4068 42.5784
10.6016 83.0588
65.2091 34.5727
89.2557 93.8243
4.5799 98.9811
18.8904 72.3672
43.3369 29.9223
73.8145 10.5492
67.6722 39.5505
77.5348 8.897
70.6018 40.4729
46.7839 62.0338

C
13.7318 33.9143 12.7254 28.6476 10.872 35.2004 40.4429 28.5099 12.8098 27.5104 23.8103 44.1552 30.9515 21.3728 12.5425 24.4922 23.8837 23.1454 26.4181 19.1153 
21.5828 10.8183 15.7496 12.1404 14.7253 17.3231 15.7041 10.9698 17.2852 29.2523 4.9623 17.4236 30.3069 21.1433 13.9045 9.7068 3.7635 9.6405 3.0616 15.7454 
20.1275 7.5056 22.2311 7.0925 20.5521 13.5842 9.7215 5.944 21.9822 24.76 9.2755 13.3365 30.4514 20.9333 17.6703 14.9726 6.8226 14.352 7.0897 13.0732 
25.6999 6.768 24.8355 8.0327 23.5262 5.4334 4.4206 6.1112 27.6018 26.5371 17.4927 3.7354 30.9897 24.6376 21.7925 23.0033 16.0314 24.039 17.8191 16.8599 
23.4046 7.5804 26.0871 8.2665 26.9256 13.2781 6.0108 6.9287 28.2587 29.4253 15.3004 10.7805 31.6654 27.8296 20.9174 20.5342 13.4361 21.3923 11.0257 14.8236 
2.5604 18.812 1.7671 20.8421 2.4919 25.9065 30.3933 20.0183 0.4956 14.8825 14.5096 28.3476 20.9386 9.8663 7.7476 21.8494 15.6238 24.3274 15.993 9.9424 
20.2421 3.487 18.9946 5.0585 19.8938 4.1137 9.3523 4.3675 24.4597 19.5059 17.0653 7.3162 22.1082 17.7909 19.3102 22.1541 15.3577 24.2461 15.7737 11.7271 
29.1641 7.2569 25.2908 6.8735 25.4059 10.1402 3.9079 6.5853 26.3295 30.0975 14.1999 11.0544 29.434 26.7359 21.6576 22.4227 13.7091 18.6989 13.4184 15.539 
15.1158 10.2011 15.9752 9.7422 16.3369 10.884 16.1424 11.0853 16.8004 12.5797 16.6619 16.8724 16.3786 11.0677 16.7271 23.4375 19.3014 28.8852 16.0917 7.2754 
18.5972 10.1535 16.298 10.4069 21.5338 10.7733 16.5209 10.9058 19.6701 14.7486 18.2914 14.2958 17.655 13.4036 18.8287 25.2826 17.3108 26.4236 20.7717 10.5014 
23.8535 21.8936 22.1495 20.5942 22.5367 31.1598 29.2464 26.5518 24.6926 34.743 11.5244 31.5287 36.3129 30.2686 14.6426 3.4899 14.4895 2.0129 13.4867 26.0156 
20.382 5.3011 17.117 6.2984 16.3599 7.7928 14.7159 8.3145 20.4199 17.7236 16.7176 12.1012 20.9467 12.9435 19.514 23.5674 15.8819 29.3011 14.2279 8.5457 
13.1127 22.4054 17.0361 21.9709 20.2102 23.3702 36.5355 26.9643 15.2481 3.5865 30.2901 28.9282 6.9683 6.4015 24.8595 31.4077 29.1632 36.2633 28.988 15.1965 
26.5099 6.6408 18.8809 6.8756 21.1655 15.627 9.5272 5.2396 20.4405 30.959 10.8027 12.1952 35.7996 21.7879 18.1532 18.5205 7.6329 14.5743 7.3736 12.3012 
27.1374 19.7958 26.4366 18.747 23.6205 26.0905 18.3573 18.1327 27.3267 40.6914 10.2246 24.063 40.6035 35.4273 17.8163 5.9122 11.8176 5.2812 9.766 22.6757 
28.4188 10.6019 25.7461 12.2844 30.1504 8.8193 2.0421 9.4817 29.8649 26.5029 20.1903 5.5104 34.3475 29.5196 23.7401 27.3035 20.7202 28.9368 16.2796 18.3558 
4.4165 18.155 5.9814 20.83 10.4865 26.9685 29.7488 23.8181 6.3464 7.2372 21.9524 30.028 15.1471 4.1438 16.4436 28.8954 21.0133 27.294 23.6509 9.632 
17.0534 5.6229 15.6814 5.736 16.5755 10.2125 13.4643 7.3082 16.7023 17.5732 16.3675 12.0383 22.6978 11.1975 14.9882 25.3249 12.07 25.2962 12.0062 5.0002 
11.3412 26.3042 14.2819 28.8481 10.6922 41.3691 37.534 27.7744 12.4006 24.1976 19.0112 36.3184 29.5961 18.9728 10.8108 18.4147 19.1012 22.847 21.0112 19.573 
23.2272 11.9192 19.3869 10.9617 23.2961 7.4024 16.87 12.5445 22.973 15.8104 23.5215 10.2776 18.0939 15.5415 27.3594 28.7776 22.5345 29.9682 24.1815 13.439 
3.5034 23.814 7.9974 27.2095 8.7219 32.3183 30.7905 27.4703 5.3761 14.4562 18.3332 37.5058 20.0769 11.3447 13.8112 29.0852 21.0426 27.9691 22.6243 13.2434 
19.5561 2.9228 19.4113 1.8862 17.1673 10.4715 8.5987 2.4607 17.4443 24.3748 10.8817 12.1759 27.8695 21.5039 17.0162 21.115 9.0047 20.4965 8.6559 8.5573 
24.3469 5.3085 17.6465 6.1198 18.9893 3.9032 9.9187 5.5147 23.4629 23.2804 20.367 7.1039 24.6788 19.5937 21.9836 26.3626 15.7724 27.3335 14.9008 12.7651 
2.1067 21.6432 4.6267 19.4782 6.2423 23.8134 30.6649 22.7139 4.9999 10.711 19.5297 32.1492 18.5634 8.2845 13.4284 26.2496 17.574 27.6852 22.5689 11.6344 
10.0552 9.4792 7.3162 8.9357 8.9825 19.4544 21.3724 10.6112 10.7729 20.1834 7.0574 17.7607 25.4263 12.7813 8.0153 17.8366 8.5055 15.7646 8.5567 3.7027 
20.5754 10.8307 19.2401 11.5683 20.5645 10.6074 17.3204 12.4303 23.9936 15.1409 22.724 15.4862 13.0434 14.4723 23.974 28.4938 20.9424 33.6231 24.1583 13.5447 
13.9662 12.722 9.4543 13.0157 8.0325 18.8805 22.8725 13.474 11.1056 20.1571 3.9509 20.4652 25.0826 17.05 4.9192 13.4036 4.4218 13.6924 6.023 8.0877 
23.0037 2.4189 15.7554 1.6061 16.9018 9.8604 9.1092 1.7497 18.7485 24.4004 11.5145 11.5845 28.8276 21.0371 18.5267 17.6815 9.9779 22.3691 8.0859 9.4434 
25.7248 10.5194 28.0075 8.9535 24.3612 12.7001 6.1351 7.5804 25.4566 29.151 15.9995 12.5764 32.4861 30.2145 22.0128 21.119 13.6182 20.9361 12.6224 19.2739 
4.6056 21.4161 6.7879 26.4363 6.3567 27.8111 30.5555 23.7987 4.6845 17.5354 21.3819 38.1054 24.4534 13.5563 11.6522 21.787 18.2588 21.998 21.3716 15.4248 
32.7455 9.6194 24.299 9.1226 27.8228 15.1275 4.6616 9.4398 24.7939 35.4566 14.2705 10.6346 39.8006 31.5317 23.5334 21.99 15.2363 20.7186 13.5783 20.7862 
11.0064 17.4461 11.7256 14.592 16.3367 16.8914 21.1865 18.3866 13.5465 5.1185 20.2699 20.4895 9.0535 4.1117 17.7474 32.3572 18.619 32.1325 18.141 8.9314 
9.2316 17.5635 7.5789 20.7113 4.9594 24.3176 30.5195 18.0499 7.5793 23.5033 11.0516 25.2894 23.5804 18.0466 1.8498 14.7295 10.1793 13.8889 10.7037 10.5922 
24.3053 11.1889 19.8429 12.4969 21.9039 5.9883 16.0459 10.9633 23.1381 19.9515 26.0601 11.5157 16.864 16.087 25.8395 34.1926 18.7234 30.3408 18.6546 15.2881 
6.0381 21.8952 5.4161 19.85 3.1327 26.728 27.7179 24.8926 4.1894 20.6258 12.1401 31.9728 22.383 14.4738 5.9331 15.9363 13.1562 19.8282 13.7018 13.2807 
13.6335 8.692 13.3664 10.1913 13.5972 13.2751 18.2085 10.6104 13.6754 12.969 14.6411 17.1241 14.7418 8.7028 16.4096 22.1479 15.0013 27.8371 17.9187 5.8635 
16.8329 4.7586 11.0087 5.3716 12.5197 10.8151 15.8658 6.5668 14.4597 15.4498 9.9525 14.9124 24.8999 13.4285 11.99 16.9446 8.0717 23.1116 9.6577 4.3625 
22.8679 1.0105 19.8151 1.867 20.5925 8.1511 10.0388 3.0156 18.3298 18.8062 13.6867 9.5368 23.275 17.9654 18.2481 20.0875 13.8319 25.4169 12.3075 10.5475 
11.0014 10.2169 7.26 10.7039 9.0179 15.4842 20.8128 12.1573 7.9257 13.5397 12.5439 19.1441 16.9367 8.9095 10.8391 21.2758 11.5457 21.2608 11.0407 1.7646 
17.2186 13.4687 18.139 16.164 18.7273 13.7133 22.1255 18.6044 18.1675 8.1541 25.413 21.1681 10.2145 8.7477 25.0292 27.703 19.1479 30.0145 22.1282 10.7934 
28.7032 6.2819 24.3527 6.3664 28.6553 8.4117 2.2626 5.3756 30.3271 27.3666 18.2391 6.1881 33.6021 27.1665 23.3192 27.3128 14.3245 24.3859 16.6359 18.4116 
19.7757 12.3555 17.5603 12.0042 13.9947 23.7169 18.9324 13.7852 15.5585 29.8389 2.1921 24.2616 33.5933 19.8987 9.4167 8.3374 3.0438 8.1132 3.243 12.5359 
16.7398 20.6745 14.0636 21.8494 18.5717 23.5817 31.7414 24.777 18.6554 2.9871 28.8175 29.0772 4.2505 7.1521 25.324 31.9804 27.0719 38.1489 25.7026 17.2863 
16.9862 19.8899 15.222 16.4222 11.6434 29.3435 21.3084 20.7492 16.1686 28.837 5.7937 30.1566 36.0501 25.3301 7.8987 5.5616 6.3296 6.0877 8.7717 13.9886 
15.2689 21.3283 12.2805 21.559 11.3402 27.5762 29.3459 23.9957 13.4384 27.5415 10.7241 33.2969 31.7659 21.7339 6.3386 11.0414 11.1052 10.6535 12.7962 18.1309 
26.8733 7.3476 27.2442 8.5527 21.5962 11.3993 4.2696 6.2814 25.9065 33.0552 16.4196 9.3429 30.1458 27.4615 22.7118 19.4957 12.4178 20.8298 13.1802 18.7157 
3.7935 23.8932 6.5604 21.2353 7.6073 27.9107 29.1161 29.4191 4.7319 14.4351 17.4448 33.2595 17.5022 11.4697 13.3641 24.1125 19.5447 26.4278 20.763 16.398 
12.2407 13.4563 9.6034 10.99 8.4396 22.5607 18.3364 14.2775 10.2161 24.7784 3.9156 22.6986 24.4885 16.9078 4.4054 12.7253 3.9076 14.0982 6.1064 8.2374 
15.6885 8.05 14.0943 8.9662 19.4826 10.112 17.0431 9.9578 19.1167 15.801 17.8406 14.2579 18.7202 12.7726 21.6114 30.9845 16.3878 27.9227 18.7834 8.5226 
8.8805 29.9819 12.1438 32.1217 9.823 31.0084 42.6673 26.3903 7.8019 18.9714 23.1588 38.8313 21.2395 14.7827 15.9652 25.1544 23.8762 27.472 21.6349 18.4231 
12.265 18.513 10.0358 20.3464 6.9576 24.8999 23.694 18.7548 8.2635 24.5537 8.387 33.5975 31.7545 16.1765 2.3179 12.3666 10.2211 13.8109 12.4566 13.7411 
4.7548 21.8448 6.5493 24.2685 5.6848 28.2536 29.5351 27.5712 3.7844 18.1929 19.5832 32.7635 20.3696 12.0709 11.875 24.8334 20.9774 24.9373 17.4401 14.8022 
10.9407 7.67 10.309 8.4614 11.2841 16.1903 17.9377 10.3144 13.049 12.8881 15.0705 18.6859 18.0252 9.5241 12.7818 24.4577 12.8931 26.6395 13.4634 2.4958 
27.2039 22.5087 21.4513 24.6711 21.2097 35.5424 30.8717 25.4981 26.5401 36.7996 12.2606 29.8268 41.454 34.3932 17.1008 3.9682 14.7681 2.8341 15.4151 23.2559 
12.0529 17.595 12.2819 19.912 15.4422 20.4695 28.4601 21.035 15.7322 4.471 21.7584 21.993 7.4039 5.5892 18.5325 31.5816 25.1719 35.1412 19.8985 10.7876 
21.221 23.6762 23.9228 22.3926 19.5135 30.3046 27.4477 22.9228 22.6055 33.7603 11.3031 33.789 35.3453 33.8985 11.0025 5.0177 13.6857 5.5382 12.2443 23.6082 
12.6218 32.239 15.1151 30.407 10.3034 38.471 38.7376 32.2429 10.6734 22.5813 19.6277 39.0053 27.9773 24.4164 12.7001 18.0784 23.9008 23.4887 23.7841 23.7135 
19.1928 29.8516 15.2003 23.7399 13.1676 32.1622 29.8384 24.143 12.4552 31.5422 12.323 34.2654 38.7186 24.7815 8.1086 11.4745 13.9118 15.5675 17.9261 22.0021 
4.9904 17.7596 5.8962 21.8085 9.1933 22.5303 29.9615 22.3337 7.283 7.031 18.6453 27.676 13.3114 4.5841 16.0779 26.4367 20.2573 29.6992 17.9319 12.2865 
16.4736 17.2053 13.3481 17.7401 10.7612 25.8209 27.7799 21.5929 14.8362 27.7354 6.7736 25.3818 33.1272 23.2505 4.7427 8.8614 8.6232 10.0834 10.5767 13.3321 
12.5655 19.4799 11.4767 22.2848 18.1322 21.9279 32.0642 22.5385 13.9936 1.3405 25.8169 30.5885 7.6137 4.1753 22.9091 33.2212 21.7107 31.404 29.0447 16.4265 
7.2046 20.2831 6.0442 26.1123 4.945 31.7398 29.8838 25.7128 5.4203 18.9488 17.3331 32.4749 27.7945 16.9081 7.781 19.8787 17.2575 19.4147 15.8798 14.3294 
10.1752 17.423 6.1419 17.4791 4.1942 22.7663 27.8121 15.1718 6.461 17.6789 7.3879 26.617 29.4239 14.9879 1.8129 14.335 8.989 13.4466 9.3214 8.4958 
28.8279 12.1059 20.2897 12.4475 20.9944 21.1946 14.0448 10.9612 25.5957 29.4015 8.8378 20.0675 39.7544 25.5909 15.9788 13.3759 7.274 13.3502 7.0737 14.7284 
18.2665 17.0152 19.1166 18.388 17.4235 17.4096 28.2568 22.0815 17.1056 7.2541 25.9641 19.8093 6.5348 9.4425 21.8697 29.8734 23.548 34.4528 26.295 13.424 
20.1944 9.2204 20.4832 6.987 16.5484 16.9738 11.3521 7.2846 23.1455 28.543 8.9355 14.9254 28.4562 23.4958 14.6393 13.7783 6.6219 14.9421 5.0387 12.2508 
0.4278 18.987 3.773 19.334 5.4266 25.0679 28.2118 20.6288 3.3944 12.5814 20.2111 26.6425 20.3694 8.5134 12.5549 26.2392 19.3314 22.3889 21.1401 10.6726 
12.9631 19.2482 11.4032 21.9508 15.6929 25.5834 32.8799 20.5706 15.8269 1.0266 23.6125 26.4036 7.5357 4.9029 18.6394 36.631 26.4641 34.5595 27.136 14.2846 
30.6953 11.5304 25.3229 13.606 32.02 5.6005 5.3619 10.2432 28.3825 28.9313 24.7516 2.1054 29.4064 25.8811 32.7083 26.4208 22.4917 28.363 18.2033 22.9944 
10.9387 25.6793 9.1244 25.8507 9.2013 32.9156 33.7545 25.8674 8.8365 24.9167 18.0896 35.742 28.5099 20.6826 10.1582 19.7907 18.3395 19.2164 19.2048 17.4372 
21.8186 4.1466 17.7609 4.1422 16.6481 11.9557 7.9449 3.3168 22.1201 27.83 9.6204 9.8776 27.5461 21.5901 19.3822 20.806 9.9421 19.3357 9.2353 10.6777 
25.0118 11.7839 25.1302 9.6522 24.1185 13.5515 6.9728 7.6484 28.5034 31.8083 13.3736 13.799 32.8655 31.1995 22.5473 17.0653 13.2321 20.1202 11.7768 18.5789 
16.8438 17.8603 16.0484 16.1465 18.8476 14.8944 24.0194 19.8558 18.6549 6.4339 27.0891 19.5819 9.3891 8.9661 24.5661 32.5429 25.8078 34.6269 24.6559 11.963 
16.9733 3.0495 16.3687 3.2118 14.2025 12.8548 14.1335 4.5214 17.9562 19.9311 11.2722 13.2914 27.0448 17.3902 14.936 21.6906 9.7962 17.758 8.392 6.6376 
19.8979 7.762 14.9315 6.3456 15.9813 15.0398 13.9027 8.163 19.3181 25.5489 6.165 14.755 25.2681 18.0655 12.4769 14.6442 4.288 13.7271 3.1896 10.579 
18.1748 12.845 21.9595 11.5028 23.6529 8.1331 16.885 14.2338 22.1324 15.4783 21.2153 12.0296 14.6127 15.1858 27.4211 32.8414 22.1984 35.3421 24.3254 12.9628 
10.3231 18.7035 7.5866 22.1783 4.9491 31.207 27.0751 19.4662 5.8548 19.6511 10.7473 32.7542 27.5295 16.7933 4.7232 15.6796 12.474 18.1824 15.8753 11.9579 
12.7299 25.5268 14.067 25.125 14.8592 25.8267 30.5642 26.9538 15.0776 1.3128 22.7736 31.7968 5.5224 5.6606 19.835 31.0432 28.8485 40.6824 25.1282 15.427 
15.9854 26.9541 19.8286 24.9474 23.7528 26.4534 31.9171 27.2347 23.3398 6.4977 31.1031 29.5932 0.8672 9.8021 25.1444 40.6362 29.19 44.8908 29.8671 17.4362 
27.5996 7.4664 20.267 6.7747 19.3218 12.8286 7.7555 5.5395 23.137 29.9747 10.6881 10.9532 28.2367 25.176 21.0661 19.4064 10.1063 20.92 9.969 12.5946 
26.1518 6.5505 27.2887 6.9341 26.7344 8.2825 2.2747 5.0541 29.9847 25.1947 15.1302 6.6268 32.8867 28.447 22.31 23.4412 15.6052 24.9692 16.7215 15.6733 
5.5579 18.7745 1.7485 15.1427 1.6115 25.0903 26.2268 15.9247 2.7861 15.2103 12.9652 27.7268 22.2752 10.7076 6.95 19.687 13.6961 22.5761 12.4519 9.1299 
20.0959 14.9427 19.4165 13.3054 18.0329 24.8568 19.1022 16.1611 18.7504 28.2876 3.1828 25.762 31.6392 22.2378 10.0705 5.7392 4.1021 6.9484 4.6918 16.3162 
16.511 11.1408 15.8905 11.5448 20.0175 11.5585 20.3951 13.5243 21.9816 11.7699 24.8602 15.3986 16.0257 12.0715 25.3364 26.7971 20.2682 32.6007 22.3997 12.423 
17.383 6.9633 14.8909 8.3299 15.7914 12.1913 15.3103 9.774 14.4296 12.0388 18.3537 15.8402 16.3936 11.0745 19.4793 22.0772 15.9068 23.431 17.837 5.2924 
19.7074 11.4367 16.2006 9.9211 14.7769 21.5488 18.9946 10.127 14.9943 25.7331 1.541 22.7357 34.6397 22.5578 9.779 10.0159 0.197 9.8822 1.1746 11.5532 
11.9706 18.1512 12.0063 22.3691 15.0256 21.5725 31.8817 24.0858 13.8816 2.0764 23.6989 23.642 6.5939 3.1489 17.8006 35.5042 23.8673 29.3823 22.6451 13.761 
18.744 14.891 18.8404 16.6076 18.7434 17.5815 25.7637 18.952 16.1507 8.685 22.196 21.3617 11.3884 8.4933 25.2166 35.8652 21.8917 30.8379 25.5047 12.348 
17.3454 27.0468 14.3804 28.1457 12.9217 37.6979 40.2847 33.5512 12.3627 26.9791 17.302 40.8502 35.7207 25.6069 11.6169 16.9021 22.5348 16.6996 22.5418 19.6417 
4.6567 22.6722 4.699 22.9862 3.9037 27.714 34.8905 25.126 3.3361 18.3606 16.7743 32.5996 24.0987 12.6318 8.7327 21.4444 17.9472 22.1685 19.9184 14.2825 
21.8775 10.633 19.8483 8.2909 18.5808 17.8455 13.2046 8.7456 22.3687 27.2644 5.7404 15.189 31.732 23.4346 15.175 12.6538 4.9233 14.3008 3.558 11.9132 
7.6144 18.6007 4.3656 20.3781 1.8561 30.6805 25.0685 17.8952 4.4326 19.6611 11.525 28.5733 22.3388 13.0177 5.1893 19.1959 11.7405 20.3641 13.9274 11.2221 
18.9193 7.9706 18.432 8.5759 20.1578 9.248 18.5007 11.186 20.7594 14.7782 19.5865 12.6272 16.1299 11.5028 23.7817 28.3423 18.9861 30.9391 16.8673 10.0667 
27.8556 11.0934 25.1092 10.0151 20.8146 17.0109 12.0184 10.3456 22.4889 32.5636 8.8073 17.0924 30.7666 23.4613 18.355 14.5419 7.0927 13.9774 6.7686 17.0468 
23.4699 15.5382 23.5187 13.9687 19.9809 24.2615 14.6148 12.6183 26.4483 28.942 8.6903 18.2571 34.1802 28.6307 17.8826 12.3876 8.8725 10.9753 8.3964 17.7614 
25.7903 15.9495 27.7536 19.5784 23.8648 22.417 20.1282 19.435 25.2017 37.2952 10.2742 21.3483 36.5004 33.2592 19.883 8.4726 10.3315 10.4864 9.3454 20.5296 
13.7748 29.3966 14.1846 31.6003 10.0181 35.6713 33.0031 32.6603 11.6926 26.7084 22.294 44.3602 29.4056 22.9055 11.9522 18.8649 21.5068 25.2598 25.0058 20.2969 
17.142 12.8448 16.3626 14.169 17.3797 14.3238 20.4115 15.8515 18.5597 10.4275 21.3703 15.2628 11.6872 11.3333 23.3437 28.9609 22.5272 28.3943 18.9198 10.798 
1.8533 17.9959 3.217 17.446 5.8146 25.0296 24.5852 20.9399 3.1025 12.3315 17.7753 27.9372 18.2208 7.4187 10.2133 23.5658 17.8337 25.5729 15.8369 9.2679 
7.4798 21.5922 9.5697 26.5666 12.5084 30.2769 29.9728 23.1182 9.2499 8.3993 22.1904 33.4431 11.5308 6.7263 17.6544 29.7763 22.6519 29.8126 25.3343 13.3456 
18.8 3.6289 16.2238 4.7645 19.7229 6.3759 11.1389 4.9723 23.158 21.1081 14.1187 9.351 23.1303 16.8136 19.2701 25.1064 12.701 23.9305 15.3904 10.248 
15.701 20.5796 14.7836 20.6479 12.2494 28.5417 30.8165 24.8589 15.4384 27.3644 8.8043 31.8517 37.0027 23.3695 5.7393 9.634 12.929 9.4253 12.5141 15.9318 
7.2826 27.338 8.1278 21.8776 7.9213 36.1452 33.3911 25.9598 6.5004 20.3577 16.2257 35.3467 28.6141 17.6187 11.1202 23.9568 20.6476 26.1618 21.8098 15.3758 
28.927 6.3288 25.4307 5.7398 22.6293 7.8776 4.0424 3.1608 24.3712 25.5664 16.1445 7.3106 28.529 22.3439 23.7302 20.6296 14.1628 23.0096 13.2851 15.0114 
3.7385 20.8449 4.4285 20.8054 4.0298 29.7946 29.3432 25.338 2.0351 16.065 18.2204 32.091 24.6267 13.5429 8.2232 21.6756 17.7397 24.9475 15.7065 14.4788 
4.6894 16.6582 3.5325 16.4893 5.6457 20.8074 23.0385 17.9362 5.1925 13.5967 14.5729 22.4645 15.7834 7.5953 10.5513 24.5821 13.1368 21.8074 16.4694 6.2694 
31.0073 7.3483 22.5466 8.2241 28.2165 3.9821 4.8321 7.0217 25.516 29.4666 22.7296 2.361 25.6419 23.2263 23.7742 24.5107 18.4986 26.4401 18.9725 17.3996 
21.4321 10.3637 16.8915 9.417 18.4378 14.9755 15.5075 7.9261 19.3636 24.4766 4.9836 15.0919 33.5876 24.8543 11.4712 11.3786 3.6052 14.5102 2.8514 11.0327 
14.5671 17.0758 11.9517 17.7251 9.176 28.4225 22.0532 16.1045 13.5773 26.6968 5.2426 24.0717 33.4052 18.6322 4.4498 7.2088 7.3569 9.4349 8.1703 14.6413 
17.4447 13.5841 15.4549 12.8742 18.3622 13.7142 19.9328 13.358 16.5454 10.7682 23.5662 15.3207 11.3445 8.8197 22.0812 30.7505 16.9404 28.774 22.1653 8.0856 
4.4519 15.109 5.4326 15.9032 7.9244 25.4058 25.4239 19.9983 7.5703 7.3518 18.6192 27.843 15.6656 3.9538 14.539 25.139 15.6683 28.2494 19.3622 8.5127 
7.5735 22.6278 10.553 22.0738 10.4816 24.372 28.7384 26.0135 8.6596 5.8933 21.7261 29.8226 12.3591 3.4679 17.384 31.7881 20.773 33.4315 25.6905 14.7561 
4.6652 15.1172 4.6618 16.5892 6.9905 19.2592 23.5663 21.2017 7.5356 8.6189 17.4813 23.9083 12.6974 3.6817 14.6923 22.1427 17.9137 23.8416 20.2915 7.5909 
15.2225 14.6812 15.4695 16.6357 21.2332 18.8347 22.575 20.7367 21.8277 7.0792 24.9046 23.6822 7.4295 8.0472 25.291 37.3504 25.4858 37.9685 24.8961 13.4164 
21.8562 16.0279 21.6146 15.2923 17.5324 19.2338 17.062 13.0903 25.5857 28.497 7.8583 22.6392 36.1145 26.3064 16.0046 8.4876 6.492 9.9311 5.7867 16.2348 
17.2552 23.0454 16.1106 19.2362 18.8332 19.3767 27.901 25.8445 18.3301 5.2523 23.9698 26.2421 4.7505 9.9366 29.1478 38.2926 30.808 33.3849 26.8839 18.0074 
21.4761 17.8227 17.1597 17.7034 14.8777 26.4518 18.7381 19.6962 18.4205 34.9898 5.2174 28.0265 37.9482 22.3549 12.0889 3.8713 5.7323 4.5329 6.9194 17.6707 
28.2651 25.1385 25.2306 21.5531 21.1608 29.8918 26.0853 25.8176 28.0694 39.3902 12.9337 33.2818 41.6777 30.9713 15.1012 4.111 13.0377 2.6754 14.2344 22.5206 
23.6038 8.2915 23.9257 6.7186 24.0405 9.5766 3.6175 5.6182 28.8822 25.4858 14.9974 9.4623 31.2724 23.4103 23.5547 20.7114 11.5617 19.7731 10.9906 16.4964 
29.7137 21.2307 28.0848 21.2725 26.989 35.7796 27.1788 26.2844 24.1223 33.4387 13.8909 30.5007 45.7166 29.5162 18.1496 4.5859 13.5968 3.4353 14.5782 24.2697 
20.9773 15.117 18.1931 12.8447 18.3451 21.0823 17.2101 12.1474 19.1311 28.0904 3.9804 23.0985 35.6889 26.0739 13.0841 6.7155 4.521 7.2658 3.8986 13.7928 
10.0724 10.1551 6.5094 9.5327 7.7187 20.3993 19.4967 12.7241 7.8018 14.0368 10.4537 21.7554 22.5674 11.1714 7.8353 18.5612 10.0934 18.0088 10.0117 2.6973 
17.1578 29.3498 17.4367 29.9068 17.1622 42.4519 44.4624 32.8112 13.9222 32.5994 26.1241 42.0509 29.6894 25.4713 16.2558 21.1648 26.7743 25.2913 24.1882 26.6565 
10.9069 12.1062 8.6297 11.7311 11.168 16.1797 20.1074 14.4122 11.5876 8.5887 17.0328 22.4751 11.2781 5.4758 16.5062 24.8776 16.9764 24.4586 16.4735 6.8938 
22.1551 12.3255 14.3823 11.9834 14.3561 18.8753 17.4008 13.0006 18.2751 28.8932 3.0888 19.0769 29.2839 20.6212 9.1286 9.333 1.4438 10.4866 0.7834 13.2735 
11.1258 11.7489 7.9804 11.8554 7.7187 21.3685 19.8173 12.4615 8.3314 19.1532 7.1143 19.2841 25.6773 13.0263 6.3944 17.6528 7.1443 18.0278 9.1517 4.3205 
20.2325 15.5686 22.5939 15.7899 17.6693 20.5685 17.1866 13.5857 24.0566 35.53 6.6162 22.1588 38.7306 25.7032 11.5137 6.6101 6.189 6.4075 5.3466 17.8755 
23.5266 17.6386 19.9843 16.3743 17.051 23.4266 17.139 14.0133 24.4345 32.6061 7.4714 24.6314 31.852 29.9932 13.7031 6.3936 6.9381 6.3163 6.7414 16.376 
4.1118 17.9749 1.8834 17.9334 0.8793 24.8816 29.4959 18.3454 1.515 14.2841 15.2629 30.1272 20.4369 11.6471 7.3641 18.5758 13.6404 17.9614 13.963 8.641 
28.3752 15.4677 22.7865 15.3087 20.3917 21.6147 14.3953 15.0035 25.114 33.7177 9.8527 22.7683 33.6152 27.7742 18.1566 9.1923 7.9169 10.9516 7.5287 20.0017 
19.5196 21.839 19.1929 19.3125 15.432 24.9747 25.7868 16.5605 19.3419 32.7779 5.5463 24.6552 31.3618 24.2342 7.7103 3.2989 8.349 5.4605 7.5727 17.9436 
12.8474 26.2035 13.1143 26.237 12.8538 41.2662 35.9635 29.5903 11.4638 24.5622 24.0766 41.4675 28.855 21.8869 12.1054 22.5565 26.1837 27.6425 22.7722 22.6208 
18.3148 4.2277 13.1756 4.6553 14.7917 9.0135 15.0858 7.1522 18.6885 16.1234 12.2251 12.5397 20.3987 15.105 18.7653 26.2137 11.8028 23.8749 12.2048 6.9005 
16.5752 22.3115 21.4717 28.9249 21.9996 23.1156 37.497 31.2975 22.0297 5.7257 31.0906 34.005 1.3372 10.1116 29.7603 44.3939 27.09 42.3998 27.2944 18.4564 
30.8015 24.7273 25.2011 20.6565 21.5514 27.6446 23.1113 22.1777 26.2672 33.0439 11.4473 32.1613 45.5806 33.1953 17.7431 3.5672 14.6708 2.5551 14.2867 20.7334 
14.8958 15.1048 14.8406 13.7738 10.7721 24.6557 23.8104 13.8349 15.2641 25.1276 2.8572 27.2317 29.044 20.1306 5.582 8.3727 5.0877 8.7943 5.1304 11.7482 
6.0395 24.1487 8.9922 26.414 11.0409 31.1785 39.859 27.3954 8.9685 9.8585 22.1787 31.2563 17.7127 9.2207 18.3081 28.0316 23.9362 32.1024 25.8196 16.8678 
20.0732 23.0141 21.3655 21.5802 16.9882 30.5328 28.7346 21.4019 18.1764 31.0677 10.5554 30.2108 44.2417 27.9642 12.6479 2.8546 13.1811 4.1193 12.3004 21.6925 
13.9984 10.2481 11.9227 11.6396 12.4055 15.3452 18.958 11.8896 14.6638 11.3091 15.2532 16.2867 15.671 9.3682 14.7515 25.0669 13.7487 29.4862 18.4257 6.2416 
17.2362 9.8022 15.8428 9.0889 19.1108 11.7569 19.8509 10.9196 17.3583 14.3536 17.7533 13.9275 15.393 10.7614 18.4741 24.1507 17.3715 27.4161 19.2937 7.53 
22.8966 12.4532 21.1892 13.0698 19.3691 24.9326 15.1456 12.075 18.5492 27.8423 3.9717 20.6278 32.1518 21.9954 13.0021 8.2577 5.0214 8.2468 3.4912 15.3302 
15.7004 26.7802 20.4682 27.2127 20.352 25.6235 29.864 24.9994 22.5291 5.9059 31.5988 31.6616 1.0656 9.9629 23.4967 34.7802 29.3529 44.2878 32.1995 20.5214 
21.9645 19.7319 17.8799 20.0459 14.8823 26.3314 23.269 19.551 19.6274 29.9645 7.4863 27.024 33.5903 25.8421 7.9967 4.235 9.3209 5.4183 8.0765 17.1451 
9.1145 14.9517 10.4042 17.3119 13.8499 18.2606 27.667 18.799 12.339 4.9043 19.2033 22.2059 8.614 1.7537 15.5142 28.7944 20.9768 30.6939 23.6294 9.1695 
21.4128 4.4934 18.7124 3.3738 16.8415 13.3786 11.0875 4.1043 19.4351 23.8333 8.0924 13.6206 29.1686 19.8422 12.7185 17.3355 6.4532 17.5805 6.4147 10.2199 
6.6942 27.7606 9.042 23.4797 11.9322 33.0982 30.1487 25.2668 9.7994 8.4253 24.1061 29.7348 15.455 7.0232 20.5548 29.8974 23.2472 36.0655 23.1694 15.4074 
9.2484 16.9074 4.7029 18.3756 2.6992 24.7355 28.5953 20.4547 5.1212 21.1978 10.2511 25.2749 26.3047 13.7854 3.3677 16.2724 11.7536 17.693 11.7125 9.6916 
4.282 22.1916 6.4055 22.4754 7.3239 32.3467 33.964 29.305 5.1312 15.4374 17.5965 30.4417 20.6417 11.6212 11.3022 24.153 18.0069 30.0338 21.9214 13.9278 
12.4898 19.865 12.541 21.7325 16.3099 20.3597 34.7471 22.8572 14.6232 0.6619 24.2016 31.3225 5.861 5.4847 23.9364 36.7745 22.0565 36.6354 29.64 15.9734 
13.8748 19.0627 15.8292 21.6245 16.8297 23.7991 33.7455 20.5357 16.0888 1.0616 25.078 28.4816 6.1628 4.962 21.7149 34.2337 25.2203 36.7113 23.9151 12.8461 
23.5588 5.203 19.8143 3.9689 20.0407 12.4381 9.3485 4.3619 21.446 22.8519 8.3026 13.1944 30.8565 22.9619 17.56 14.7411 7.0344 15.2227 7.2617 11.0705 
23.8486 11.0754 21.4289 10.1782 22.6285 14.914 10.246 8.7743 22.0016 29.0758 7.5448 17.7567 33.7666 26.7663 16.296 11.7148 6.2922 14.7629 5.6737 14.469 
12.4877 11.3122 10.1084 11.6369 13.193 14.8005 18.3075 13.7437 11.4367 9.6092 14.7942 17.8737 14.8563 5.9861 14.135 24.7321 17.9192 27.7761 18.3141 5.5381 
9.5694 17.2099 7.3015 17.014 6.4309 24.1467 24.4976 17.1543 9.175 23.1191 6.6001 24.6762 28.5423 18.2312 1.3335 12.341 7.9549 15.6304 9.7385 11.1276 
7.2366 17.3226 4.6578 14.8445 3.079 24.8325 23.683 17.365 5.011 20.2974 10.3644 27.3551 27.3022 15.158 4.2843 16.9296 11.2984 15.7575 9.8337 7.3005 
19.2745 6.1478 14.8 5.2278 13.2218 15.9413 13.4555 7.5501 17.5817 22.556 6.0967 15.4227 25.4878 19.6128 10.8003 13.4792 4.5037 15.605 4.4769 7.4509 
25.9139 12.8998 22.4884 14.894 19.4215 20.2537 15.3047 12.5691 20.129 28.6413 7.9087 20.4601 39.2797 24.8301 14.2026 11.3628 6.0585 10.884 6.0801 15.0346 
27.5813 11.1253 27.9957 10.9675 28.6216 5.3459 5.793 9.1871 29.5488 31.6553 20.2283 1.1809 34.6771 28.539 30.3794 26.6297 20.8175 28.1437 20.8157 16.4762 
11.1289 28.7905 10.3225 27.0578 9.9127 32.5171 32.412 27.9501 9.571 24.2375 17.2943 39.0926 24.1019 18.2459 10.4227 19.4608 18.4809 22.99 24.1768 18.5087 
15.5212 12.825 10.042 11.1437 10.0752 24.2895 20.5632 14.0003 12.6551 24.5254 3.779 21.9962 28.47 15.4184 4.8417 11.4702 4.366 13.6481 6.0004 10.326 
25.3771 8.2146 22.482 8.6952 24.7498 4.4868 5.8256 5.8773 26.2528 24.904 18.8622 2.493 31.2837 21.6626 21.6868 26.9881 17.3036 27.9207 15.6328 15.0325 
12.3581 11.7358 9.7825 12.5834 12.7749 14.3618 19.2163 11.2389 12.1565 9.3743 16.1611 17.7489 13.2746 7.3924 17.2578 23.9984 14.7558 24.0347 18.3153 4.6436 
12.8746 14.5962 9.1614 14.9974 7.53 19.7167 21.9669 15.5992 10.5517 21.8649 5.7451 27.3317 26.0191 16.8186 2.9328 10.5457 5.27 12.2121 6.9393 10.2314 
13.4583 10.7413 8.3373 9.4033 8.8797 20.1178 18.0142 12.9514 9.4793 20.8387 7.1492 19.7116 22.5341 15.456 7.1276 13.4522 6.1242 13.9892 6.4513 5.9339 
18.716 20.2823 13.0944 22.4496 11.7103 32.1653 25.8531 19.6601 14.3197 25.0441 8.1736 30.9804 33.6605 23.1864 6.922 6.767 9.4529 7.4236 12.2899 18.8068 
20.3852 0.4407 17.29 0.4636 18.7301 8.3675 10.8204 1.9502 17.2411 19.7191 12.1276 8.9897 25.6864 20.6102 18.7989 21.1309 12.3832 24.9143 12.0641 8.7259 
28.3183 9.7917 21.5307 9.9025 26.8939 2.3614 12.8755 9.2172 24.048 25.0185 20.5182 5.9184 25.6337 19.452 23.6108 27.1311 23.5872 29.5149 22.0787 17.5599 
19.1002 10.8045 17.0804 11.1625 23.062 8.643 17.5087 10.6311 21.4313 13.5149 24.2587 14.4118 16.9053 15.6208 21.1904 26.6135 19.4242 33.7783 17.6122 12.6892 
9.5232 26.9932 12.035 24.8706 11.5285 31.2882 34.8 29.1345 9.1697 22.4266 20.9643 35.8832 29.5201 19.1329 12.6833 27.029 22.4595 25.1106 26.7919 17.2191 
17.9786 28.2191 17.5295 26.5418 22.3793 27.1362 38.2958 27.8137 19.2703 6.4364 27.7289 28.8235 1.0514 12.2376 25.6715 43.298 29.606 36.8652 28.4517 20.9302 
4.6466 20.5322 6.0746 21.6501 9.6793 28.1577 30.8867 24.2847 7.7494 6.9089 21.6132 26.9837 12.2761 3.7957 15.347 28.6531 20.3264 30.0128 20.1316 10.4185 
25.9633 19.5064 26.2171 18.0185 19.4148 24.8162 24.2428 20.7301 21.0065 34.1131 11.4501 30.9788 38.5862 28.0916 15.1976 3.9967 12.745 2.9815 12.17 24.3504 
29.2884 9.7213 26.357 8.6079 24.9559 13.3879 3.6021 6.9758 28.4213 33.2127 14.2542 8.4616 33.4287 31.5587 26.0908 23.9935 15.2776 21.2013 14.361 16.7104 
12.7848 14.0072 14.8698 14.6159 14.6128 15.038 21.4928 14.9829 17.6576 7.1183 24.1468 19.2485 11.0261 6.4761 21.7417 31.5181 22.3368 35.4193 23.3089 11.571 
26.6114 4.8987 24.2463 4.326 24.2303 10.2153 4.6184 3.279 22.6774 29.5722 12.9293 9.1182 27.9622 24.9458 19.7451 22.4942 13.3388 23.0035 12.5306 13.8696 
12.1359 17.8533 11.8319 18.9319 13.7384 19.6048 26.0415 18.0976 12.9204 4.1678 24.669 21.8685 8.0133 2.6166 17.6711 28.7876 21.3201 27.6841 20.9651 11.6131 
13.5544 6.6003 11.3724 6.7683 10.2925 13.3843 17.4753 9.0303 13.5934 20.4089 8.3626 15.5863 23.09 13.4698 10.4654 18.659 7.9342 17.9039 6.7679 3.9296 
20.4717 2.4477 15.7236 2.1498 14.2355 9.6277 10.4076 3.8356 19.5148 22.866 10.1121 13.8361 26.7569 15.2252 14.6488 20.9976 9.6338 21.699 8.3649 6.5868 
27.201 17.3537 24.9254 18.6396 22.3902 23.041 15.6253 16.297 27.2809 31.8233 9.7495 24.1633 46.044 31.6503 16.5399 9.581 11.5452 7.9782 10.8155 20.3443 
25.2366 6.4298 22.3523 6.5521 22.1022 3.8522 9.8726 6.9972 21.2286 17.7102 19.415 7.0769 20.9013 18.1569 23.8899 26.2072 15.1154 28.5523 17.3974 11.1881 
11.9206 22.3948 13.3177 22.4436 10.2999 29.9225 36.3139 23.8462 10.1381 27.877 11.9613 31.1985 29.7466 21.367 7.5808 13.3575 15.8783 13.621 16.6029 19.552 
14.5929 5.9871 10.6034 6.1961 12.7596 13.2874 15.3201 9.1341 14.8304 13.2309 13.2845 13.2939 20.8656 12.1185 13.279 19.7601 11.6771 25.9901 13.2794 3.1356 
12.4043 7.6316 9.4706 6.0989 12.8278 14.5973 17.6192 8.0661 14.4763 14.0477 12.0795 15.1014 22.8588 12.8736 12.995 20.8423 10.7785 20.1269 10.0398 1.7059 
13.7939 10.187 12.775 11.3181 12.4079 20.1661 19.1036 10.9698 13.6753 23.8433 2.5966 18.5079 30.8461 20.8371 8.4167 12.9223 1.7768 13.0306 2.9677 9.345 
23.2687 11.1411 21.2523 8.8277 23.166 18.511 10.2979 10.0016 21.3113 33.2413 8.5377 18.284 34.5782 25.1404 16.6319 12.0018 7.1781 13.067 6.969 14.2833 
12.8497 8.1493 11.0941 8.4824 11.2153 14.616 19.6442 9.0797 12.1063 16.5184 12.0073 18.7317 19.8853 12.6955 10.8309 19.1809 9.3427 21.1063 11.6311 1.4448 
14.6768 30.7217 18.1589 31.2827 14.0331 42.7204 46.1037 34.0208 13.7532 25.9621 25.1949 43.5707 28.5722 20.4258 17.3277 28.2759 27.5836 29.8931 25.8582 21.7309 
25.6845 8.0685 28.6298 9.6994 28.567 4.1828 5.7399 7.99 27.9285 30.4667 19.9164 1.7368 30.774 25.5815 24.0561 31.1202 18.2602 26.4738 19.4649 19.4446 
19.2642 4.4519 17.3334 5.4098 20.5336 5.4827 11.2009 7.1741 23.3627 18.9032 18.6029 8.8347 23.4055 18.5867 18.7242 24.118 17.3194 25.7256 17.2055 9.3209 
23.2434 9.3685 22.1013 9.4972 24.2923 17.4169 8.6693 8.3685 26.685 31.6141 10.5202 14.9337 30.8091 24.2169 16.6856 16.5887 8.1085 14.7063 6.8138 15.4249 
23.7361 23.2269 21.8415 19.0511 23.3024 28.2026 22.7205 23.2302 20.7931 32.6207 10.6213 27.7145 34.9773 30.3608 14.6492 3.4512 11.7077 2.9182 11.9276 21.0147 
12.0097 14.2856 6.9442 13.497 5.9202 27.0701 23.1731 19.6064 9.3342 20.1502 6.8488 24.3578 24.7501 16.1607 1.2022 11.8449 8.7171 13.3834 9.3629 9.2366 
17.8119 12.4679 13.2526 10.4293 13.0766 20.744 19.5929 12.7265 15.4257 20.8782 2.0594 18.6217 32.1734 19.7142 8.3229 12.3867 0.8949 12.6292 2.1903 9.7704 
28.3481 11.5854 25.0931 10.2484 26.1495 17.7474 7.5111 9.9591 26.7851 28.8125 13.3168 15.0188 40.7096 27.1825 22.6618 16.1556 12.7529 15.6495 10.2942 18.719 
4.1062 20.0235 6.8238 17.1231 7.3717 21.424 27.0325 21.8814 6.6161 8.2535 19.7491 32.1759 14.7296 4.4585 13.0834 29.2694 18.4809 24.205 17.8008 9.7394 
11.9019 11.1712 8.255 11.4884 12.3226 17.1858 19.8668 12.4095 11.8187 11.7591 13.0571 18.6147 16.9792 6.918 11.9578 20.5886 15.7708 22.4528 14.6127 3.1846 
9.8198 14.9742 6.6159 15.7655 6.6197 25.7925 19.9776 17.277 7.9137 19.1812 6.4926 22.6261 25.4396 17.014 2.445 14.6724 7.19 16.0721 9.5352 8.4173 
5.3635 16.4438 5.708 17.9552 10.2589 21.9 28.9968 18.4915 7.8784 6.2981 19.6244 25.8705 13.5102 3.0591 15.5006 30.0692 19.021 24.4068 19.2606 8.0942 
32.8331 11.4378 29.108 12.6496 33.4748 7.3616 5.0515 10.0762 31.1356 27.7162 25.034 3.9827 33.5656 27.7322 25.7289 26.2827 23.0139 33.6091 22.5511 22.4214 
15.3789 25.9206 17.9126 25.461 17.8524 24.8151 31.2015 28.4041 18.6402 4.0231 31.717 26.1127 2.6483 7.6983 28.5919 35.0107 28.0795 42.3517 27.0462 18.0042 
13.8724 34.1662 14.8437 32.9353 12.6938 36.171 42.0066 35.0015 11.354 22.7472 24.735 45.309 29.7744 20.7058 13.3501 21.0928 21.5335 24.6663 25.5779 21.6733 
19.7739 11.2324 17.7464 10.6167 18.6458 17.3517 17.5323 11.8318 20.5511 24.6013 4.5192 18.0071 33.9825 26.9441 11.8648 10.793 4.2691 9.6578 3.2358 13.8131 
25.0436 8.1839 17.3125 6.3792 19.9644 12.7685 9.9579 7.1745 19.0285 30.0928 9.6826 13.8817 32.1222 26.2443 18.2207 15.9075 6.8308 13.7166 6.521 13.5034 
28.5719 7.8858 23.6945 8.5497 24.29 5.1444 4.7726 5.7337 27.2339 27.67 20.4118 3.2815 30.3981 20.7435 23.8805 23.9705 14.872 24.3965 17.2297 14.4468 
25.1209 9.3241 21.9938 8.8036 21.179 13.6543 5.7601 6.0657 26.3283 26.6374 13.0893 11.4598 35.322 28.0242 20.6321 21.0103 11.7194 18.9218 10.0734 15.2679 
2.7437 16.9617 1.9294 21.443 2.9441 26.0108 31.0722 19.1147 0.4832 15.7626 16.0349 30.7845 17.8065 9.2317 8.3597 19.4358 14.5659 20.0825 16.9285 10.8316 
23.5588 4.4762 18.5828 4.7071 21.2705 4.6464 9.8682 5.0587 20.1214 20.909 17.1299 7.6024 24.5467 18.6526 20.6908 25.0275 16.1307 27.2946 14.7919 11.5064 
27.9301 7.9602 23.5594 7.9133 21.422 12.8429 3.8239 5.5864 26.3295 29.1985 14.9446 9.2449 31.6105 24.7301 18.7445 20.3388 14.5246 19.8624 12.4437 14.9692 
18.1508 9.8089 14.7317 8.3098 16.1105 12.9373 17.9008 10.1785 16.8242 11.3109 19.0801 16.4749 18.0012 10.9685 17.7498 23.5617 14.7477 29.6663 17.0573 6.9599 
16.6481 11.286 19.0695 9.658 21.4261 8.9633 16.0654 13.5115 19.0713 12.2068 22.2135 12.4648 15.9529 13.5194 18.2194 31.9795 17.2512 28.7213 17.8557 9.9064 
24.0147 23.2821 22.6474 22.7283 24.4606 29.1442 22.5577 26.0247 23.1879 39.6553 11.2933 35.5447 48.1106 34.513 17.0269 2.799 12.1549 1.752 13.3275 21.0052 
20.1137 5.5086 14.3719 5.9396 18.124 8.4762 15.7348 7.3285 15.639 16.0788 17.0338 11.4109 18.2255 14.851 16.1802 24.6866 14.2314 26.7913 13.2659 6.9216 
12.2974 23.8097 14.7664 25.8548 16.0321 26.9029 31.5138 27.2012 14.816 2.949 27.2483 29.7303 6.5164 7.1276 26.651 34.522 24.1476 35.503 31.8997 19.6808 
22.4825 6.9776 22.1239 6.8508 21.0173 12.1289 10.2823 5.9623 21.4232 29.1582 10.1963 15.0673 28.8205 21.7879 17.787 17.0274 7.7019 17.4617 7.1681 11.9314 
25.292 21.4198 21.0728 17.6652 25.6481 29.6316 21.358 20.2885 25.4222 40.2409 9.431 28.1518 45.7435 34.7575 17.8696 7.5154 11.6181 5.48 10.7333 23.0558 
28.8165 9.8514 26.8306 10.525 32.3216 8.0751 2.1624 9.2574 29.2945 32.7285 23.368 4.4234 29.5197 26.3916 29.1772 25.4864 20.7632 29.0685 15.8951 17.6668 
4.686 20.0934 7.142 21.4627 9.769 23.6658 32.0107 24.4578 8.1138 8.1236 18.4185 27.014 11.6583 3.6845 17.1351 29.576 21.6423 31.3832 20.9245 9.6667 
17.7971 4.9091 13.0765 5.4466 17.0833 10.6583 13.7771 7.8817 17.7308 16.0345 16.3963 14.727 19.2837 14.6755 14.364 24.0663 12.8628 24.0151 12.7134 4.7424 
12.5724 32.5105 13.9699 25.64 9.6093 38.1103 34.5818 26.2695 11.4233 24.1051 18.0813 39.1001 30.138 24.0298 11.2737 23.2897 21.5003 20.1288 19.6848 19.2295 
24.6503 10.6514 23.1857 10.8547 19.8228 8.394 17.4481 12.1769 23.2748 19.0783 26.0398 11.7522 17.8699 16.1953 22.5801 34.0766 23.8446 30.2472 19.6293 15.0519 
3.8074 26.1522 6.5147 22.1125 8.8579 32.9988 34.5703 27.2223 5.2159 15.582 18.0214 29.2827 17.6802 11.1029 14.8987 22.7475 19.8456 26.1411 21.2051 17.0586 
19.0422 3.427 16.6656 2.3911 19.2286 9.8595 8.1089 2.2754 20.0367 22.1312 10.8071 12.8049 27.0444 19.7912 18.2604 20.2495 9.9269 19.0979 7.5588 10.7201 
21.9899 5.7868 21.6997 6.0395 23.7582 3.6034 9.6038 6.8764 20.8516 22.2129 16.581 8.0215 21.4109 16.9996 19.5562 26.7604 18.3672 31.1082 17.7156 10.1915 
2.1584 18.8009 5.1381 21.4351 7.191 27.6441 30.6203 22.2626 4.6795 11.739 20.3229 33.4218 16.397 8.011 14.6619 24.1975 22.2065 28.5491 18.0776 11.0802 
11.4491 9.8961 7.4779 8.5687 8.0997 15.9103 19.0823 10.985 11.4563 19.0879 8.6745 18.4367 26.0901 14.864 6.9179 16.9417 7.3535 15.3235 7.9233 4.1744 
19.1313 12.6102 19.9253 14.0253 20.8948 10.6651 18.8319 15.296 23.1032 13.1587 23.3322 16.0119 15.3461 13.8022 24.2691 31.9009 23.8676 29.791 21.9988 12.9099 
13.6642 14.9421 9.3934 11.9734 7.5812 22.9932 21.1644 14.1271 9.4 22.9517 4.6635 23.6989 30.1178 15.6187 4.5866 12.4719 4.7753 14.0837 6.4288 8.0629 
21.4914 2.7197 16.5797 1.6252 17.519 9.3084 9.3237 1.8429 18.9899 26.2789 10.4693 11.5937 27.4043 16.9526 17.2506 17.7998 9.3921 22.9903 10.0287 10.6474 
32.939 11.8289 27.1336 10.0004 24.2519 12.5872 5.58 9.4755 29.476 34.7109 16.6199 12.2513 38.8406 27.9851 20.5606 19.3895 13.5993 18.5687 12.7692 16.4839 
4.7667 22.6894 7.3577 27.1543 6.5026 35.0999 37.1383 26.564 5.019 18.191 16.7761 36.9433 21.3199 12.0894 12.6844 26.7936 21.2079 25.0501 21.3595 15.3445 
25.9732 12.3652 24.8825 11.8233 23.9865 12.73 5.0271 7.5267 29.9566 33.8728 14.9333 11.4021 36.6121 24.6933 21.397 18.9234 14.2943 23.3069 12.7489 16.2416 
13.5619 15.1229 12.1101 14.8581 16.9647 16.3231 24.3307 19.0114 14.5663 6.6711 21.1967 23.8761 8.6999 4.4428 20.1949 26.8068 19.5481 32.6462 17.9853 8.7316 
10.865 21.552 8.0802 19.9425 4.5489 26.3511 26.8185 21.5826 7.1822 19.645 10.1019 25.9185 29.7602 16.8856 1.9419 14.6228 12.1921 14.5562 13.818 10.9256 
21.6714 9.5812 23.8805 9.8552 20.1149 6.6637 15.4679 10.0672 22.311 17.7563 25.9948 11.0445 19.3572 18.8862 22.4881 29.3428 20.6358 29.1923 18.7209 14.8452 
7.3146 23.985 5.6921 17.8989 3.3198 28.2811 26.2716 23.6759 3.5339 17.4875 13.8676 30.4401 27.7938 16.0038 6.8287 16.1878 12.8295 17.5077 13.6836 12.5435 
14.0562 8.2368 12.3439 8.972 13.5302 15.4085 18.0012 12.9656 12.5073 10.3254 16.1573 15.1475 15.246 8.6488 18.2397 26.3083 15.3695 25.6526 14.5569 5.1179 
15.5041 4.8677 11.8146 4.3758 12.4058 13.2644 14.0417 6.3296 14.5099 17.1003 10.6601 16.9301 23.7929 15.7164 12.0689 19.1645 8.4112 22.6757 9.4273 4.0734 
21.4217 1.0325 19.1802 1.8279 17.7037 8.3647 9.9046 3.0624 20.2254 22.2711 13.9351 10.524 25.8735 17.0681 19.4249 21.987 12.3708 25.7499 12.0655 8.8239 
10.1956 10.293 6.0758 11.0223 8.6842 16.9591 18.0416 11.557 9.221 14.7032 12.2044 22.0035 21.3253 9.2554 10.1038 21.3438 12.0415 21.2247 12.9478 1.778 
17.3614 14.6935 15.8236 16.9003 16.9597 13.9583 24.2044 15.4895 19.8409 9.1381 24.4443 19.203 9.9847 10.6992 20.7085 29.5007 23.3338 38.0088 20.4736 11.0503 
25.5959 8.0248 21.6047 7.6237 25.4969 6.462 2.349 4.8171 27.3654 27.0714 19.3597 5.0023 30.1342 27.5312 20.911 23.5827 16.7415 21.023 14.4587 15.7029 
22.343 13.4095 18.4948 14.0384 15.8875 25.0589 17.5936 12.6404 17.1357 26.7603 1.9359 20.4605 35.9753 21.8853 9.2272 8.6691 3.051 9.5359 2.4568 13.5451 
14.1365 20.0764 14.8639 18.7194 17.6161 23.7208 29.011 25.0923 18.0339 3.8512 23.0847 25.6907 4.2169 7.5358 24.0489 35.8847 25.523 41.2506 28.2286 14.4008 
18.9849 16.8908 16.3866 16.2007 12.6959 27.0745 25.0394 16.3237 17.0381 29.4654 5.3862 25.2871 35.5461 23.8752 7.6812 5.181 7.5717 6.5307 8.9899 16.7562 
17.1019 21.55 13.2959 21.7844 9.7162 26.7866 25.8795 24.5824 13.7718 29.5377 9.985 27.3644 32.136 24.1481 5.2498 11.0082 10.7905 10.6188 12.9261 15.3835 
30.1144 7.5974 25.6465 9.1175 27.4596 12.934 4.8229 6.2921 29.6021 30.0555 13.6402 10.0449 34.8092 23.9913 20.276 19.15 13.8973 21.0541 12.9653 16.6847 
4.0168 26.8296 6.7731 24.8521 7.7794 28.5384 31.6156 27.6292 5.2793 12.0426 21.9318 29.1199 20.9332 10.5355 13.8351 26.2463 19.6215 24.7438 20.9675 15.0123 
13.4196 14.7478 11.061 11.6463 8.8431 19.1577 18.0251 13.5446 13.4552 23.9833 3.1321 24.6897 30.9329 17.6454 4.4752 10.3992 4.7831 12.8073 5.6754 10.4446 
18.4164 8.7186 15.1076 8.8399 16.8968 10.3783 17.6073 11.4124 17.5517 15.7194 17.0527 12.7863 15.6625 13.662 21.1896 28.6421 18.5963 26.6015 17.5763 7.1985 
10.0542 24.6221 11.0118 29.7291 10.9364 32.2204 38.877 34.0892 7.6721 20.3718 20.0843 40.2127 21.0989 17.8881 12.7603 27.6533 22.4245 30.8873 24.0976 17.3933 
12.8466 19.2741 9.8153 17.4836 7.389 30.4253 25.9043 19.8587 8.0682 22.4676 7.8731 30.8343 25.7462 20.9264 2.0352 10.6566 10.3653 12.7315 11.594 13.9243 
4.9287 23.8313 5.6948 24.4608 6.2089 27.7236 34.617 26.6594 4.0958 17.4464 17.6562 37.0983 20.9075 13.4768 9.6634 23.2211 20.4807 26.8025 18.705 13.5859 
11.3758 7.8527 10.3604 9.8952 11.9994 15.334 19.488 12.355 13.7252 12.8285 13.8366 18.5947 15.84 9.3235 12.0649 25.0769 11.3432 22.4696 14.9926 2.19 
27.0008 23.6245 24.578 23.4141 18.7237 33.5657 28.4994 22.8853 24.6999 34.3344 13.1969 28.8282 45.0792 27.4671 13.9172 3.2196 12.9578 2.789 14.6083 23.1542 
12.3924 19.0693 14.1529 17.3385 14.88 17.7318 28.4004 17.1889 15.9734 4.7438 20.3857 25.5302 8.4075 4.4319 22.9112 33.2728 22.7179 33.5166 20.0749 10.4986 
23.4374 24.5667 19.792 26.0971 21.0308 29.2623 32.3312 26.1945 20.0381 38.407 12.4077 29.1845 45.7932 31.2156 11.682 4.037 14.2256 5.4653 12.9615 22.3875 
13.129 29.2278 15.0837 27.141 12.146 35.888 32.5251 29.1597 11.0085 28.1749 18.5032 40.955 27.4902 20.1684 12.9522 18.3349 22.5161 22.2798 24.0117 19.9999 
17.1165 23.3012 14.2505 28.8524 12.8206 38.9327 35.8495 29.3556 15.5496 32.1472 16.1573 35.9303 38.4089 23.7779 8.6483 13.1735 14.1818 15.3164 14.7658 23.0967 
4.4641 20.714 6.2091 18.379 9.2391 24.2969 28.203 22.118 7.541 8.3255 21.5009 30.4123 12.2893 3.545 16.028 25.737 21.104 30.1274 19.5918 10.7688 
14.4285 17.894 14.3961 17.7078 10.2066 30.9754 29.045 22.1961 14.1486 26.0014 8.1185 31.4785 35.8824 22.2992 4.5138 8.8732 9.4119 8.5712 9.6354 16.7343 
11.2757 24.5124 13.7199 24.002 15.4691 23.2128 30.6156 24.2296 12.3588 1.2596 24.2722 26.5416 6.0806 3.83 22.3056 29.421 24.0848 37.3442 26.8342 14.3648 
6.9118 24.3224 7.49 23.4801 5.2414 27.9282 34.2581 22.3614 5.6436 19.2082 15.2262 28.7564 27.6002 14.7333 9.2704 22.3207 19.4325 23.9858 19.0683 14.0025 
9.9939 17.9547 7.5239 15.1846 5.4116 20.8056 26.4787 15.5072 8.4177 20.0457 9.0698 25.88 26.2371 16.9727 1.7916 12.98 8.8552 15.9484 10.4978 10.2612 
23.5228 14.1642 20.7085 11.7294 20.803 18.1755 12.2964 12.6659 25.2751 30.3208 8.0074 15.9754 36.9192 30.0077 14.2656 12.3446 6.9943 11.3807 6.2145 17.1199 
16.0911 20.2206 17.1022 16.7685 18.1379 16.7876 28.7527 20.3693 16.5221 7.283 28.8409 25.4452 6.5001 8.2653 25.6612 31.4306 22.7749 38.1202 22.4778 14.6189 
21.5851 9.4739 16.2969 8.1828 18.9613 14.8207 9.7598 6.6517 19.8289 27.9166 6.8231 15.6848 31.4254 19.8139 15.832 14.4107 6.793 12.9232 5.6567 13.0477 
0.3778 20.4484 3.5686 22.0785 5.3784 28.1279 29.6676 21.1822 3.2351 10.7752 19.6665 33.733 16.8059 7.776 13.1194 26.7298 18.5963 22.1696 18.8083 12.4277 
12.1547 23.0979 13.6421 21.7943 13.8255 26.4281 33.9688 23.9377 14.5217 0.8966 27.3221 29.0667 5.9204 3.9981 21.5263 34.4214 25.4573 31.263 27.7006 13.8447 
29.0291 11.3639 25.7362 11.3525 33.6538 5.8049 5.9528 8.6246 27.6714 27.7137 25.0275 2.2741 29.7813 24.815 31.0225 33.8043 20.4043 27.6852 18.3947 17.9108 
10.2936 27.9074 10.7993 23.2423 8.2746 30.9324 38.8073 26.0321 7.6889 25.0411 17.7472 38.4239 30.4232 20.0593 9.0794 20.7457 21.2034 22.1492 21.353 16.6232 
24.1344 4.5081 17.4698 3.8003 18.635 10.1097 9.0266 3.3053 22.9023 26.8686 11.6483 11.7678 27.3384 20.6519 17.3871 16.9161 8.8567 18.2904 9.5649 12.4578 
26.4579 12.3563 23.5287 10.5713 23.553 14.0624 6.0847 9.3246 28.0965 31.8174 12.7419 12.6513 34.5632 31.4635 22.5717 19.231 11.0977 16.6192 11.9667 18.2271 
18.9505 18.8125 18.712 15.0224 19.1574 17.3736 26.8053 19.2608 16.7915 6.7577 22.4801 19.7337 8.9909 7.4811 23.5669 35.1846 23.978 32.6674 21.8155 11.4445 
15.4715 3.3546 15.1535 3.2429 15.1605 12.3689 13.0884 4.5488 14.9556 17.2083 11.0894 13.2142 21.7294 16.0783 12.842 20.303 7.6669 20.5736 8.9476 5.5538 
20.6757 7.4537 14.6465 7.1641 16.4194 16.9276 11.4204 7.335 15.4158 24.7832 6.4744 14.1917 28.5876 21.4614 11.9734 14.7321 4.0297 14.7136 3.6036 10.3262 
19.8392 11.2201 22.6677 11.9297 23.9936 8.5611 18.1522 13.7496 20.493 16.7815 19.7909 12.7795 15.2589 15.7994 25.4298 33.7364 20.7169 32.0737 19.3875 14.6763 
7.9165 23.7263 7.2413 19.9628 4.0294 25.9071 33.1225 21.9592 7.1362 20.3318 11.8686 33.8987 24.0294 16.0995 4.6353 15.4848 14.2874 18.0886 16.5404 14.9087 
14.2408 24.473 15.6975 24.3453 19.3603 22.5075 32.6108 27.7074 16.5197 1.2276 29.058 31.0275 5.2374 4.9887 23.0766 34.8117 26.9133 36.4334 23.1137 15.7313 
18.0727 23.3176 17.2023 26.5744 23.257 21.8793 35.5744 27.0243 23.4041 5.454 31.7203 31.5259 0.7468 9.5041 25.1366 39.8042 26.4343 38.0999 26.3447 20.8483 
26.8373 6.9797 22.3761 6.0896 21.0326 12.1885 6.6196 4.4422 21.4954 30.6579 10.4328 10.811 30.3864 27.2792 20.8578 18.7205 10.9463 18.0438 9.3798 12.8954 
24.8649 7.0526 24.6332 7.6138 28.9338 8.7772 2.014 5.6514 30.4557 30.3082 17.4275 5.0564 28.6695 28.1853 24.8391 27.3021 13.7219 23.1359 16.8904 17.1491 
5.4317 18.7986 1.7271 17.8005 1.7269 23.4866 26.3236 18.7743 2.9825 13.8587 12.3593 29.3843 22.5853 9.9599 5.6783 20.5248 13.8141 18.1998 13.6019 7.6785 
18.8354 14.9991 15.8091 14.462 14.5821 22.0767 20.0643 14.695 16.2707 32.3311 3.1733 20.4253 38.2254 25.2983 9.2906 6.8406 4.1437 6.6516 4.2452 15.5716 
17.5409 10.2955 19.8366 13.8777 17.6234 11.8588 17.9216 14.0779 19.4704 11.0051 24.6514 16.3965 13.8471 11.8487 22.2427 28.3421 18.84 32.6282 20.1603 10.0181 
16.4924 8.9414 12.8421 9.4454 16.1034 11.4676 17.9894 11.0483 14.7437 13.3208 16.326 16.9093 15.1739 11.3526 18.4145 25.6506 13.5865 28.3257 13.9998 5.9473 
15.3019 13.1289 16.2626 9.8075 13.6593 18.2997 16.5645 13.2399 15.9942 25.7116 1.9114 20.3124 28.1724 22.6522 8.3403 10.5261 0.2137 11.1552 1.1199 11.1784 
11.9863 17.1971 11.2356 21.8377 15.2347 20.0639 30.9924 24.1109 13.8627 1.6553 23.7734 27.1856 6.7707 2.8514 19.2237 30.2737 21.4001 30.1585 23.8478 12.8438 
14.7027 16.3428 15.6667 16.0709 18.7048 15.0418 21.6985 17.0816 17.478 8.0401 24.1536 20.7245 9.9087 10.4649 23.827 28.795 25.2276 34.6661 20.1648 13.6558 
14.1558 31.2162 14.8052 25.6054 10.774 41.4128 34.1958 30.1101 13.4711 30.5505 16.498 37.7645 32.9973 26.9136 11.05 16.2185 21.0035 18.2158 18.8498 20.308 
4.5917 21.1967 5.5001 18.681 4.0554 29.8381 34.7209 22.6338 2.7647 14.9455 14.1072 27.9661 20.9522 14.361 9.4085 18.8766 18.8427 24.9887 15.7383 13.321 
22.515 10.204 20.3923 9.1755 18.1265 17.2174 11.4113 9.5867 20.6401 25.8465 6.7223 15.4418 28.5234 19.8101 13.4092 13.1537 5.0719 14.0364 3.8659 11.8917 
7.4452 21.1705 5.1287 19.7992 2.2214 23.444 27.545 20.2797 4.3189 19.32 13.4029 32.8442 22.0224 15.9155 4.8231 16.5944 11.2229 16.9543 12.2962 12.5385 
20.6991 7.9318 17.8256 9.8309 18.9313 9.2507 17.4442 12.5499 19.4612 13.8509 21.6794 11.7594 18.0586 12.0521 19.9364 28.2682 19.5088 29.2476 17.5661 8.633 
23.8751 10.6319 19.056 10.6691 22.8851 18.934 13.0194 10.5356 21.8942 28.1857 8.7076 20.2135 37.5582 27.7557 18.8206 13.9328 8.9015 13.7874 6.1775 15.271 
29.3684 15.297 25.2034 13.6274 19.4311 20.2005 14.0568 15.8983 25.3055 31.8583 11.2164 20.953 40.8431 29.0571 18.6156 11.7493 8.057 12.1044 8.4607 18.3888 
32.7231 16.3342 27.2887 16.4135 23.5562 23.0375 18.6818 15.1427 28.2189 32.8827 9.8941 25.16 43.2996 33.4035 17.9937 10.392 11.9244 8.3101 8.9739 22.5459 
14.6902 25.6329 14.8152 26.9815 12.205 36.8523 35.6554 34.8195 10.9413 24.4347 18.238 44.7538 34.1189 20.8044 12.8954 22.507 23.1378 19.6851 25.0123 24.2589 
19.2289 13.7275 17.0009 13.6339 19.42 11.1105 18.8889 15.323 17.4507 10.5862 21.227 15.9762 12.5167 11.0728 19.8509 32.5493 23.3399 30.1906 19.4103 12.192 
1.997 18.7161 2.6298 20.5646 5.9877 22.01 30.8342 20.8401 3.3665 9.6674 14.588 25.0781 16.1039 6.0845 9.7687 23.2152 14.6132 25.316 15.5362 9.5305 
6.2586 21.9255 8.6548 22.7003 10.8855 27.7606 31.1238 29.0761 10.1445 7.2735 20.4412 28.4395 13.6653 6.6423 18.7828 28.0304 22.2216 32.7153 24.8317 15.6362 
18.8946 2.8078 16.4696 4.7162 17.2868 6.0676 12.2851 5.4204 18.1173 17.2473 14.9947 8.5285 20.307 19.2885 18.2884 23.1762 15.4762 27.1629 15.1792 9.171 
15.263 22.2855 14.1851 23.6513 11.1796 31.1165 26.4518 21.5466 12.7382 25.7604 10.1384 32.9406 37.2436 25.9426 6.7094 8.0283 13.5321 11.4161 14.4121 17.5442 
7.3588 24.332 8.6881 24.6857 7.6524 28.6598 34.7787 24.0607 7.036 20.0393 17.4883 31.4249 23.6473 15.9634 10.9947 24.0314 19.2803 20.6304 17.7458 18.5561 
23.7713 5.724 20.1417 6.0824 25.8158 8.243 3.7451 4.1416 22.897 25.2012 14.6605 6.807 33.0783 25.098 20.7529 24.1175 14.7952 25.6918 14.8454 13.5199 
3.9269 19.5917 4.905 18.338 3.7899 26.4977 32.4849 25.1171 2.0396 15.435 16.4539 28.4402 23.4072 12.9572 9.3231 22.9332 16.9901 21.2693 16.9234 13.1656 
5.106 15.1462 3.151 16.1063 5.198 22.9248 24.923 18.2434 5.7515 12.0791 14.3837 27.9597 19.1365 7.4584 10.279 23.7368 12.6946 22.8427 15.9244 5.8194 
29.2736 8.0228 27.0573 9.3746 28.2465 3.5016 5.3577 6.9192 24.098 27.8317 17.2918 2.5115 27.1693 20.9469 22.0346 26.6911 18.8315 28.7866 18.3208 17.8002 
17.9435 9.5354 16.6974 8.591 17.1118 17.7785 13.1313 10.176 17.2316 26.5419 5.8678 16.1717 28.588 19.996 10.9946 12.8666 3.0363 13.3247 2.5634 10.9866 
13.3318 17.6154 12.1229 16.0057 9.432 28.3486 20.5757 16.857 14.6791 22.8484 4.7129 26.1959 31.4571 21.9856 4.151 8.0522 7.4048 8.7954 8.2336 13.3207 
15.7649 11.4913 15.8182 12.9038 16.8459 14.5761 22.0698 14.8767 18.1574 10.4021 21.4017 19.6725 12.0374 8.4609 17.8003 30.1831 21.7901 31.5302 20.1726 8.3377 
4.7887 18.3227 5.0431 18.3502 8.1904 24.0546 28.2981 20.8465 6.4975 9.1133 16.6656 28.2928 15.4996 3.7411 14.617 28.0311 18.9628 23.9682 21.3539 8.966 
6.2616 22.6823 8.9562 18.5872 11.4173 28.2858 32.2665 21.2533 11.0474 5.3926 25.3848 30.2073 9.4905 3.8062 20.2189 32.1747 23.1441 28.5465 23.3828 12.175 
4.8526 18.0413 5.723 15.0888 8.0129 19.7817 26.3401 18.9744 7.2894 8.516 18.5779 23.9516 14.9288 3.7457 14.233 26.7326 14.7559 26.089 16.7763 8.0944 
18.6713 15.852 17.8868 15.6468 18.8031 18.3226 25.2073 19.6447 19.5924 7.6771 27.94 21.69 8.3063 10.4703 22.7928 32.9545 27.0327 36.2065 22.3721 13.6012 
25.9865 14.2571 18.9166 14.0861 21.3714 18.9297 15.6128 13.7999 24.6956 27.4489 7.5417 22.3727 41.5573 28.7403 13.8009 8.3888 6.4444 10.6929 5.3213 18.2551 
17.0995 22.046 17.547 23.8131 19.5673 18.7744 26.2205 23.7539 20.6242 5.5454 27.0178 25.2207 5.2322 7.9078 29.0452 35.9045 23.2816 39.9219 27.1897 17.6395 
22.5391 16.3027 19.7874 18.5756 14.7015 28.4708 21.3766 15.8836 17.4376 33.1617 5.0978 26.8821 35.0068 24.2998 11.7479 3.9749 7.0479 4.0838 6.8909 17.269 
30.9979 24.8147 21.7923 24.663 19.7922 28.8459 24.2079 27.2709 27.8173 33.7937 14.2501 33.4545 48.898 35.0757 17.2334 4.5016 14.3927 2.6244 14.6426 21.417 
24.7149 7.596 27.0096 8.061 21.0389 9.7277 3.3562 4.9571 22.7662 26.9086 14.4732 9.3978 34.256 23.2126 20.058 21.7751 13.1205 18.5281 11.7222 15.046 
30.8607 21.9021 22.801 23.4866 20.3213 35.0249 27.5138 22.4922 28.2756 38.5191 12.9616 28.8484 38.8672 32.6485 17.5959 5.9213 15.4781 3.3341 12.2057 24.046 
20.7578 16.2157 16.6817 12.1964 15.076 23.0211 18.4815 11.9305 20.5058 26.3706 3.5827 22.9026 34.1304 27.9234 10.6415 7.1233 3.9536 8.5019 3.1211 12.8268 
8.8443 11.2827 6.6676 12.2084 8.2092 19.7306 18.5652 14.1895 8.3737 16.162 10.6038 18.8671 18.493 9.5062 9.783 19.8469 9.1306 17.5689 11.8125 2.5451 
19.117 30.8642 15.0804 35.1714 15.8771 41.1679 43.0152 38.4206 13.4508 25.308 25.6108 42.4208 38.2103 26.8782 16.3102 21.4006 26.3721 27.2771 28.423 23.1786 
11.41 13.957 8.7092 14.9799 12.2463 17.3902 22.0169 14.6217 10.9303 9.3191 16.1296 21.9065 11.9051 4.3821 15.3862 24.6878 15.8393 28.3222 17.1375 7.1945 
18.7779 12.9187 15.0442 11.3315 12.8465 18.5526 18.0379 12.7437 19.1981 27.2204 3.1511 19.1408 30.6088 25.257 9.9895 9.6647 1.453 10.0041 0.8577 12.504 
9.6037 12.3525 7.2764 10.1772 8.2077 21.1617 22.0868 14.0096 9.126 18.2932 6.9235 18.2913 21.4331 12.6418 5.9308 15.1707 8.0562 18.5059 8.4659 4.5077 
20.0858 17.5187 22.2394 14.2575 20.9289 26.3952 17.5304 16.473 19.0092 27.0858 5.7351 23.5826 37.2791 24.2367 12.5179 5.9502 5.4808 6.604 5.5817 16.9074 
24.5528 16.6494 23.5029 15.2415 19.9157 21.6739 19.2109 14.4787 19.1129 31.6023 6.3028 26.0228 33.9316 26.5972 12.5538 7.7025 6.8796 6.7751 7.0391 18.6975 
4.2766 20.4292 2.0782 16.6006 0.8425 28.4361 29.9789 17.6972 1.607 13.7589 14.8812 31.3128 22.0837 12.0163 7.7529 17.5429 16.0594 19.7569 13.252 9.3829 
23.8416 17.1068 22.0625 14.5797 22.1541 19.5901 13.9575 13.5056 25.9573 34.7504 9.0149 23.3901 42.7551 26.4184 17.219 10.9351 8.6947 9.9611 8.4462 20.6418 
19.5025 21.982 18.8582 20.2364 13.8109 28.4399 20.6063 21.073 17.2027 27.7181 5.2119 24.4876 32.2872 26.8534 8.0762 3.808 7.4142 5.2976 7.4557 15.3147 
12.9282 27.632 12.4281 27.8107 11.2183 37.9923 41.8872 33.6483 11.8058 26.2913 22.8865 42.086 32.1757 21.0422 14.1491 22.6177 24.3134 28.1308 24.9023 21.3468 
15.1465 3.6763 14.2623 4.4774 17.6512 9.2087 13.1703 6.7399 15.0593 18.5971 16.2083 13.0767 19.2344 13.8233 17.328 21.0078 14.4224 23.7997 14.0371 5.2679 
17.1086 24.7632 17.5363 27.1157 24.7606 26.2739 37.2433 30.0446 21.7274 4.6872 30.4473 29.6909 1.3522 11.2676 24.241 36.0596 34.6333 44.6817 29.1481 19.7892 
24.2814 23.256 26.1804 20.2444 24.2187 31.8307 24.6933 25.1792 28.5789 32.9687 11.5004 28.0997 45.0379 32.3308 15.1626 4.2851 12.4733 2.9345 12.9184 23.6787 
14.4568 16.2999 14.8791 15.8272 12.2035 26.7599 23.3066 14.1967 13.7398 29.575 2.8429 26.348 29.3505 19.8213 6.0298 8.7188 4.8153 9.2714 5.0265 12.1043 
5.2247 24.2712 8.7938 23.8423 12.1531 27.4025 37.3828 30.2434 7.9616 12.02 25.7597 34.843 16.0242 9.8615 16.6811 25.8166 23.7531 30.4577 22.511 17.3024 
21.4466 22.9146 19.7198 24.477 17.1421 35.6752 24.9778 23.8937 20.9356 28.5261 9.4334 33.7458 35.6116 32.0543 12.4767 2.9059 11.1235 3.8438 13.1372 21.0423 
13.4954 9.0976 12.3265 8.8189 14.1603 14.9791 20.0606 12.8502 15.7506 12.3227 16.377 15.1283 17.171 9.1865 19.0342 28.6744 15.3969 24.885 16.4925 5.9523 
17.9242 9.2702 14.5683 10.628 15.3375 10.0865 18.2047 11.0981 14.9531 12.1128 19.1803 14.6461 16.0374 10.0204 19.3133 30.9038 17.4495 29.2514 14.8557 7.4228 
20.1542 12.8535 20.0919 11.7739 15.3355 23.8696 17.2729 12.2453 22.2771 31.1536 4.9309 22.9226 34.2177 23.9755 10.8741 8.3422 3.8395 7.6137 3.9829 14.8066 
15.9282 21.7543 16.5121 23.7188 21.2752 27.3782 30.3056 22.6168 20.5603 5.2005 33.378 29.4797 1.2175 8.8239 30.6117 40.6646 32.3476 40.022 27.4914 21.1894 
21.4677 21.967 17.4273 18.3286 15.9167 24.3449 25.7367 20.5613 16.9392 34.0752 7.3292 31.8903 34.185 22.3258 10.0704 4.2722 8.4724 5.2938 7.8462 19.4106 
10.4558 18.3975 10.061 18.9684 13.8309 17.9169 30.5226 18.9944 12.6855 4.6086 21.7597 22.1777 9.5761 1.836 19.345 31.2686 18.9849 27.5848 23.9478 9.1547 
21.7017 4.1127 15.0787 3.3515 16.6013 13.4346 9.5023 4.4423 19.9207 23.5016 8.5949 12.3246 30.8031 18.6083 15.2141 19.0433 6.4089 17.7603 6.4619 10.3714 
6.6125 21.6858 10.814 21.2686 10.6892 28.4333 36.9976 25.8468 8.3194 7.5175 21.0489 36.0776 12.7068 8.3964 17.4638 32.0411 21.4258 28.6429 21.6921 15.1522 
8.0767 18.3803 5.282 15.6014 2.5023 25.6506 22.7211 16.7347 6.0729 21.8061 9.2562 31.1947 27.7107 15.2067 3.3782 16.7203 12.3481 17.2927 10.9458 11.2526 
4.11 23.3421 7.6177 21.8991 6.4677 31.9362 29.5448 29.2003 5.4948 15.0641 17.608 31.8211 18.5741 12.8025 13.7816 26.3481 18.567 29.0129 20.5153 13.4209 
12.204 20.5514 15.8702 23.7217 17.5506 21.6073 28.9676 25.2062 15.2644 0.7382 28.9396 31.4251 5.8487 5.3711 24.077 30.7007 28.7732 31.8802 27.2402 13.5245 
14.4975 19.687 12.9884 21.0346 18.9868 21.8473 28.1862 21.4314 16.9399 1.1808 27.7022 27.2256 5.1814 4.9852 20.4754 29.5088 28.2153 36.7212 23.0812 16.0668 
20.3291 4.9334 19.6959 4.0146 18.0362 14.3199 10.1951 4.2485 17.5182 27.3613 10.2999 12.5155 26.5872 19.5679 17.4094 15.2655 7.9214 19.2146 7.4769 11.2813 
24.056 11.8467 20.1309 9.4416 17.3769 19.7109 10.823 9.1773 23.0288 25.3801 8.8431 16.2114 29.5177 28.731 16.5728 12.6648 7.7404 14.6286 6.5223 13.7507 
10.842 11.0647 8.8275 11.6815 12.2087 15.9355 19.0081 15.3512 13.881 11.0325 15.1498 20.7295 15.6742 5.7067 16.6615 25.6813 15.8514 30.6145 18.8246 4.9088 
11.4982 16.9527 6.955 13.4413 5.2321 22.1194 21.9455 15.2649 7.556 22.9507 6.2539 29.0383 27.2826 15.7954 1.2388 14.2685 8.6523 16.0414 8.4272 9.4225 
9.0457 14.297 5.3131 14.2108 3.0441 24.9952 26.5561 17.74 6.3708 18.2299 9.9407 27.944 26.6793 14.29 3.5425 15.7945 8.8167 18.576 11.2782 9.4498 
17.1715 5.7479 13.1165 5.4969 16.8703 13.3804 11.3389 7.2217 17.8643 21.611 6.4042 17.5164 25.5911 16.7056 12.3997 13.2103 5.3144 18.0481 4.6284 9.4005 
26.6326 12.3791 20.5888 14.1249 20.2768 23.8033 15.743 12.8845 21.953 33.2571 7.7684 20.2109 34.6249 26.7246 16.655 10.7324 6.8626 10.3459 6.2058 19.2487 
33.7553 9.2089 30.7363 10.029 27.4861 5.2556 6.0051 8.7045 30.3288 31.0195 20.8244 1.1486 26.6855 26.4543 27.9534 28.7094 21.0462 31.9716 17.6434 17.915 
9.6383 25.2553 12.0335 24.4433 8.6364 34.6027 40.1909 25.9626 8.3604 22.1171 22.7216 40.4953 24.2592 20.1237 10.7164 23.0343 20.1792 24.0303 24.8523 21.1464 
13.2515 13.6184 10.3959 13.6426 8.3201 24.7972 18.6358 16.5624 10.0339 23.6286 3.2793 21.5264 30.8872 19.8308 4.9011 12.8939 4.6394 11.6671 6.5864 8.9109 
30.4368 7.6166 25.3832 7.1413 23.1402 3.9758 5.5564 6.6088 26.8033 25.2212 16.9473 2.8083 31.2673 24.8288 27.5749 24.8229 17.8013 29.3411 18.7691 15.0 
10.7466 11.2957 9.4228 12.4944 13.8313 16.977 18.3916 11.5637 13.0126 9.6469 15.0976 19.5312 16.5269 7.363 14.816 24.4319 15.1896 23.843 15.6647 5.0958 
14.1856 13.0079 8.2327 13.1893 8.0311 23.0179 22.8017 14.4998 8.9412 18.7811 5.1225 26.261 26.9805 17.477 3.5552 10.4908 5.7266 14.1142 7.6965 10.1574 
12.0704 12.0629 9.5256 9.4431 8.0597 21.9357 21.3201 10.9038 9.2515 16.8754 7.2925 22.538 23.1243 14.8763 5.6252 13.5793 6.2732 14.6396 6.4003 6.0532 
16.1273 22.5893 15.9657 18.4323 11.1319 28.913 26.986 19.0447 16.8907 29.9952 8.1028 30.9451 32.1238 22.6004 6.908 6.9098 9.207 7.4909 11.1717 16.6146 
18.2862 0.5602 17.0863 0.5567 16.1024 9.4258 10.0533 2.3951 18.9546 19.6153 12.1019 11.789 25.8153 15.931 18.6267 23.7329 10.1343 19.8914 10.8474 9.1308 
22.6412 9.9612 26.6337 10.9507 24.2192 2.4605 12.5265 10.3197 23.4225 21.7404 23.7066 6.4717 25.9283 19.7427 27.9325 29.2277 19.1966 30.7439 19.0203 15.7471 
18.0592 9.4222 16.8492 11.0337 21.5253 8.1017 19.1732 13.7024 18.5447 14.3298 21.0254 14.8928 18.2499 12.0542 25.5425 27.1733 22.3297 36.0122 20.172 11.5619 
8.7435 31.8811 10.7163 25.9596 9.1308 39.2627 42.3313 32.7205 9.7618 23.4735 20.7888 33.724 26.7137 17.1467 14.1609 27.395 24.2024 25.6875 25.0729 20.9762 
16.0718 28.3743 21.3882 25.4394 23.1553 27.2736 38.1872 30.6489 23.9704 7.1033 29.5169 27.5634 1.0951 12.4483 31.8266 38.3562 28.7861 45.8602 32.4255 20.3733 
5.0229 18.6298 6.1286 22.4171 9.0657 27.6588 32.7768 22.4863 7.7641 7.2882 22.585 31.3186 13.5403 3.8079 13.9677 27.1963 17.6323 29.6638 19.5451 10.1167 
28.5359 19.7087 21.9717 22.653 19.3713 26.1703 20.498 22.7724 26.6887 35.0362 11.4649 27.7451 38.964 33.41 16.862 3.844 10.21 3.5365 11.9108 22.5451 
26.0728 11.0257 27.3705 9.8856 26.3572 12.0549 3.3548 7.1058 24.9572 28.6482 14.6821 8.9968 29.6322 30.3613 25.3209 21.4183 14.7203 19.3383 14.7039 19.0402 
13.8518 16.5169 15.1497 13.3982 14.8464 17.505 21.3499 16.8007 13.9521 6.4681 20.2181 20.6425 9.6721 5.617 22.0542 28.3278 19.9341 31.264 21.2499 8.9788 
24.8633 5.4761 19.6718 5.267 20.8786 8.1755 4.7285 2.7924 27.1598 24.0008 15.3431 8.4063 30.4917 26.3726 20.499 18.6828 12.6534 19.2159 10.8065 12.264 
11.6467 15.9674 12.4523 14.8248 14.4356 17.8913 25.8914 19.2075 12.163 4.2732 19.7599 22.6656 8.3319 2.7193 21.3687 31.4499 19.4537 31.2799 20.7919 9.0705 
14.3237 7.7839 11.4763 6.9835 12.3869 16.8487 15.1916 8.425 12.3943 16.5227 9.4881 19.4927 22.598 15.6411 10.2352 17.3416 6.6644 16.1337 6.863 3.5069 
19.8013 3.004 16.9137 2.1511 14.755 11.0715 11.0805 4.5706 15.1435 22.8189 12.0132 13.8105 25.2382 14.7138 15.7591 19.582 9.6722 21.699 9.0026 7.3167 
25.6248 17.176 24.6803 16.1923 23.6206 25.4089 20.5472 16.692 21.9918 37.0431 8.9857 24.2657 42.3291 34.4804 17.2828 8.7734 9.2079 8.6871 10.1358 23.1565 
20.1315 5.9773 18.7729 7.6804 20.0478 4.5235 10.0017 6.9579 20.7653 18.5422 18.0885 8.3146 25.1159 18.1825 20.235 28.0417 18.7653 26.8874 14.7643 12.1028 
13.5661 22.7947 10.5728 25.0371 9.0498 30.7322 36.4055 26.0014 9.6045 22.4919 14.0102 36.3917 28.367 18.916 7.1298 12.6375 13.477 14.5028 14.1736 19.7655 
16.2942 7.0658 10.5446 6.2774 12.3261 11.5342 17.3032 8.1469 12.5897 15.5908 15.0312 16.168 20.3422 12.4059 16.1371 21.6876 11.7519 27.0038 13.1708 4.1216 
14.8881 6.3433 9.0332 6.4699 10.7377 12.4377 18.6294 10.0064 11.0646 15.6936 9.8908 17.0474 22.3394 12.6622 10.8866 17.2393 9.4524 21.0462 10.4005 2.0651 
15.3357 10.858 13.641 9.8744 12.0248 18.6632 15.4416 10.6675 14.0248 25.7878 2.7861 20.2988 29.8555 18.6488 8.4759 12.9458 2.2094 14.3982 3.0349 9.5404 
22.6922 11.6095 19.2386 8.7089 19.1848 18.8122 11.9991 10.9171 26.2879 32.2861 9.9428 14.3505 31.6686 29.4035 17.6055 13.521 8.69 12.5327 5.9333 16.9058 
14.3653 8.1428 11.3675 7.2746 10.8123 14.2903 18.9841 10.8846 13.4155 14.719 12.3395 15.8929 21.828 12.6889 10.4042 20.1905 11.093 22.0801 11.4044 1.3173 
15.1501 31.2421 16.8133 36.8301 13.3896 35.3763 41.6052 30.6632 14.7024 24.3692 27.4395 38.2491 36.6726 21.892 17.735 25.2086 22.1226 24.0598 28.7016 21.9725 
27.6181 9.7199 26.4098 10.073 23.3331 3.9063 5.6083 6.6155 25.8674 23.9847 23.65 1.4535 30.4714 23.0967 25.8894 27.4937 19.6652 27.4288 17.4946 17.7056 
19.068 5.6329 20.7032 5.9746 21.3543 5.213 10.254 6.9671 18.4753 17.7414 19.0038 9.6989 23.4493 18.8702 22.3845 24.6337 15.6051 26.9028 16.6245 11.8883 
26.4615 8.9223 22.2222 9.8635 20.2467 17.8374 8.8515 7.8004 25.4016 27.7912 10.0617 13.1052 36.8963 24.202 19.4622 15.2427 9.5812 17.2973 7.898 17.3176 
22.7643 23.8674 25.2452 17.4185 22.143 31.405 23.2397 22.5008 21.0569 36.823 9.8478 28.8344 38.8171 31.506 15.0788 3.0864 10.8932 2.4897 10.8324 18.9632 
12.3689 14.4067 8.0105 17.1149 6.4033 22.2341 23.7519 17.552 8.0446 20.4094 7.3005 29.0898 28.0881 16.8436 1.4232 12.17 8.62 13.3915 8.7906 9.8933 
17.2566 10.5877 12.1872 10.4032 14.2283 18.8752 16.4671 10.4318 13.3832 23.2325 2.4745 22.1811 29.2485 21.021 8.1885 10.7991 1.0945 11.3033 1.6659 10.7575 
27.9062 12.2299 21.7775 10.4817 20.8677 14.6708 8.1201 9.6848 28.1057 31.6721 11.2762 13.899 30.9524 29.9658 20.0935 17.991 11.0532 17.1007 10.5551 19.8022 
4.1141 17.8319 5.9182 18.7791 7.9264 26.507 32.5417 21.2441 5.6873 8.6322 16.8665 32.2574 13.7571 4.8751 12.4354 26.2105 17.82 26.603 21.2254 10.9745 
11.2174 11.987 8.2752 12.4801 9.3149 17.4982 20.7954 13.2035 10.6074 12.4324 13.7256 18.1251 18.3907 7.1211 14.9756 22.7943 14.5839 23.6812 14.1664 3.3102 
10.3461 13.2459 6.8052 12.9116 5.7931 25.2416 20.2586 14.7237 9.5246 21.3099 6.2667 27.1158 23.1173 15.2969 2.4357 13.3558 7.0558 15.767 9.5693 8.6433 
6.1773 17.2021 6.0154 17.0567 9.0616 24.7515 27.5532 17.6673 7.6924 6.5313 17.2464 29.5781 13.9863 2.9111 13.3928 23.503 19.8895 30.5824 18.8532 8.3978 
31.4553 12.8323 29.3322 12.6196 34.3336 8.3855 4.9123 9.7425 32.8366 29.74 26.2008 3.8346 36.5236 33.2519 30.2279 27.5339 19.0017 29.0089 22.2308 19.0051 
17.436 22.7813 16.0371 27.0755 18.1704 24.9501 36.2002 24.1833 15.7673 3.6011 27.9722 26.1734 2.8079 9.3689 22.6288 33.5622 30.5561 38.8658 26.0733 17.3399 
11.8458 27.4077 12.308 33.5503 12.77 37.6592 38.5218 35.2294 12.6257 24.4498 22.5647 45.1475 29.6304 21.6825 13.1013 21.9802 25.1157 23.4986 23.0712 24.2438 
24.197 12.5713 18.8755 13.0972 16.0354 20.7649 15.5354 10.6959 20.5398 27.4164 4.2428 19.4199 30.6236 22.342 11.9976 8.8764 3.5129 11.0132 3.3029 15.6336 
22.4486 8.4945 20.478 6.6479 16.8503 13.2194 11.2353 5.6423 19.7303 24.9999 9.7319 12.1248 35.3919 24.5731 15.4827 15.2163 6.6184 13.6757 6.0958 11.9358 
26.1135 6.8534 22.0111 6.8489 27.6872 4.6832 4.343 5.2858 29.2345 25.5638 17.0261 3.4582 25.5484 26.9906 21.9943 28.0118 17.0154 28.5044 15.0216 16.2018 
25.4134 8.923 27.146 8.3669 24.0827 12.6117 5.4095 6.5075 26.1154 27.1984 12.2931 10.8405 30.1338 29.8949 22.9021 17.0851 13.6447 21.7213 10.4631 13.9999 
2.853 18.7845 1.9835 18.2652 2.4251 25.0201 32.5608 19.0123 0.546 16.0022 14.501 31.2404 17.7774 9.8836 7.8451 22.5935 14.8248 19.8438 14.7157 11.0136 
19.8012 3.6941 19.0887 5.4442 18.7155 3.7188 8.9177 4.8488 22.3362 24.3013 15.5148 7.1606 21.982 17.1778 18.4757 23.0241 15.9663 27.1673 17.2745 12.1346 
28.6208 7.2122 21.8005 8.8233 27.1773 9.8647 4.1254 6.6533 26.27 32.904 16.0512 10.0578 37.339 26.6319 19.5496 22.2403 12.5189 18.4615 12.9413 16.8085 
15.7374 9.7108 15.4529 9.6261 14.8985 11.4823 16.9091 10.3875 16.6626 11.7242 17.1257 16.8986 14.1026 11.8307 20.5287 29.0737 16.3286 29.6502 17.6258 7.6357 
17.7338 8.8591 17.5207 11.036 16.8437 10.3283 17.867 12.9979 17.2262 12.3552 22.7829 13.9851 15.3633 13.4206 23.0759 25.7926 19.2843 27.7452 21.0116 8.9691 
25.0047 23.4599 21.3176 20.3586 23.743 27.5156 28.7452 25.5042 23.5415 31.7306 11.1995 35.1243 44.9525 28.0458 16.1603 3.5253 11.4582 1.9916 11.7907 20.5068 
16.1415 4.9706 17.3037 5.3121 18.5526 8.4932 14.2644 8.26 19.7096 18.839 14.9877 12.1217 21.9889 14.9544 20.3343 25.4184 13.3893 25.9373 16.3996 8.2256 
11.9008 27.6592 13.8004 23.9129 20.2457 23.5022 38.0062 27.2394 13.8716 3.3344 28.9285 31.8691 5.524 7.3716 22.7473 35.9468 26.5213 38.4915 27.4755 17.3141 
23.3403 8.2081 18.7309 5.9897 18.6979 13.7042 9.5659 6.7436 22.0216 26.4882 9.3518 11.7382 35.6369 25.1941 14.751 14.5048 9.0604 18.9054 6.397 12.1351 
29.3141 17.1062 27.3606 21.2513 24.3631 30.4211 19.2457 19.1971 21.8873 38.5411 9.4993 27.2713 46.3186 28.5597 14.8663 6.151 10.6576 6.3919 9.5556 18.5562 
31.4595 11.0608 31.3693 10.5343 28.9215 7.7196 2.0203 8.308 31.2475 31.4798 18.9891 4.5012 33.9857 30.372 28.462 26.2333 19.1206 25.7293 17.6025 18.7927 
4.7952 18.5348 6.4387 21.7427 10.0995 21.0994 30.4776 22.7871 6.7028 6.5158 17.2234 30.454 13.3456 3.9628 13.2099 24.6636 22.7229 29.4618 18.7993 10.1142 
16.8335 4.7425 14.592 5.991 13.4273 10.0893 15.028 7.5866 18.3963 14.6482 15.2143 13.4516 18.857 11.5997 14.3081 21.982 13.889 21.086 13.5173 5.5598 
13.9649 31.5717 13.5601 26.381 10.0214 32.7348 34.7957 27.3742 12.2089 24.482 17.021 40.9322 29.5961 19.9733 11.0598 22.7319 18.9547 19.504 25.0353 18.5365 
20.2094 11.8856 22.3343 11.801 20.4484 8.8887 16.5145 13.3253 21.8444 16.3256 24.6465 13.025 17.0403 15.2055 22.6576 30.3447 18.9575 33.484 19.9631 14.0391 
3.6074 25.4006 6.4092 25.9197 8.2755 26.4723 34.0954 26.5534 5.9182 15.8934 21.7634 32.709 22.156 11.7686 15.1541 29.3753 23.6008 28.8557 22.9553 17.3048 
18.7587 3.3508 16.6505 2.0049 17.8852 10.1349 10.5902 2.6165 21.4313 21.2749 11.4909 12.0964 24.3041 19.0468 15.6887 21.1849 9.8987 19.2311 7.7083 10.7946 
24.9891 5.0453 19.6066 5.3915 20.8315 4.456 9.9884 6.859 24.0467 23.0646 20.4037 7.4126 20.2149 19.7965 23.2628 23.6468 18.334 24.5554 16.4894 11.1611 
1.8056 24.2456 5.7364 18.836 7.8989 30.3022 27.5966 26.5669 4.6232 10.7584 19.147 28.3225 17.3117 6.8688 11.8404 24.6773 19.203 27.3349 21.2416 13.2178 
13.0491 10.6656 7.7029 9.5702 8.3543 17.608 20.1975 10.7948 9.5826 19.1737 7.6397 20.8922 21.9564 12.1108 8.8018 15.7674 6.5407 20.2268 8.2459 4.2119 
22.9805 14.3109 19.6128 12.0167 22.1121 11.8053 18.9774 13.7026 21.8675 13.2929 22.3097 13.4272 16.2631 12.7129 20.7423 31.3192 19.3193 33.3188 24.0573 13.614 
12.5498 14.3823 10.8093 12.2475 7.7101 24.0723 20.3847 14.4577 11.5196 23.0942 4.3409 20.3589 29.8762 16.3902 4.35 11.8497 4.5411 15.0256 6.5781 8.4252 
22.0135 2.4622 18.1975 1.7467 16.4587 8.7817 8.9891 1.6357 20.0417 23.3327 12.1834 9.8023 25.5271 21.0762 17.502 21.2077 8.8626 19.1586 10.6345 8.7936 
27.1214 10.3947 28.5068 9.4962 26.7952 15.4588 5.9682 9.8431 28.6091 32.5746 15.9738 12.1199 38.5448 26.08 21.7517 19.9622 13.5311 18.9726 12.2275 16.4734 
5.1303 25.7888 7.8483 27.182 7.7222 27.6687 35.234 26.3311 4.1684 17.8934 17.619 37.8026 24.0586 11.1163 11.9263 21.8971 17.8614 23.3966 20.8567 14.7778 
31.1679 9.7253 28.4136 11.5607 23.7705 14.1839 5.196 7.687 25.9099 34.5411 14.0856 9.9351 38.6699 30.2424 22.8892 21.5662 14.8234 20.2127 13.7494 20.4935 
12.5782 15.3377 11.4179 14.3123 15.174 17.124 22.0376 16.497 12.7053 5.5607 21.4148 19.9104 10.7501 4.6378 17.3612 29.2075 21.5059 30.1929 20.1101 9.0202 
10.018 19.6824 6.6909 18.1067 4.971 30.1189 27.8307 17.6119 7.0285 21.8472 8.9224 30.4301 25.4736 14.7275 2.2984 15.5378 11.3505 16.4998 12.5694 11.5109 
26.279 10.0906 21.9881 11.0322 23.4115 7.5476 13.9029 13.3152 23.6397 18.9383 24.4457 10.1698 17.4029 15.5436 24.003 35.5563 22.6332 31.0632 19.577 12.7177 
6.5543 22.874 6.0425 21.4494 2.8488 31.7207 29.6746 24.2038 4.3544 18.9257 12.6949 31.4855 22.5662 12.7216 5.8107 16.1197 15.0781 21.7026 14.5158 11.5605 
12.3996 9.7367 11.271 9.9857 11.9025 11.9126 21.5741 12.5034 14.1045 11.8346 16.47 18.6719 17.4546 8.9952 14.2583 28.6431 17.1215 23.1192 13.9045 5.5011 
17.1826 5.2851 12.4601 4.2426 13.0403 10.8295 12.5808 6.1403 15.7228 15.2817 10.0355 16.7973 21.5536 13.4564 14.8448 19.5636 8.2241 21.0379 9.758 4.4454 
20.1461 0.8097 17.3933 2.2253 17.0205 7.7386 8.864 2.7612 22.2358 18.6509 15.3848 8.747 26.7836 19.352 19.0797 20.1068 13.0356 24.3116 11.9133 8.1313 
9.0963 12.0314 6.3376 9.1148 7.3609 16.5791 19.6293 11.3197 8.7065 16.1165 9.9213 21.6896 22.3635 11.0582 9.2493 19.0983 10.2923 21.1526 11.8865 2.011 
16.4946 13.6048 18.6722 14.9816 17.6425 16.1798 22.4483 17.8612 20.6882 9.6748 20.5428 20.6931 10.3355 10.2285 20.0662 33.428 20.8592 31.0626 25.0383 13.1912 
24.4032 6.4967 26.5245 7.2599 22.8625 7.0878 2.7354 4.5616 26.7929 26.3214 16.3116 6.3014 34.7228 22.5827 20.998 25.6066 14.1386 25.4975 16.0307 17.2026 
20.908 12.3114 14.3709 11.2158 15.3243 22.4126 19.5835 12.7865 17.9965 27.2102 2.4931 22.0694 33.3296 22.9246 10.1915 7.3773 2.9034 8.602 2.4788 12.3556 
15.9654 20.2896 16.4364 21.5395 16.5949 20.7628 26.492 21.5978 16.7558 3.4031 28.6564 22.6713 4.1498 7.2228 23.5348 35.9654 25.9719 32.1128 29.6251 14.0076 
20.2672 19.8262 17.3001 18.5726 14.5784 25.1341 24.3709 21.2857 17.8185 26.2909 5.938 27.047 34.9259 26.1012 7.1213 6.4173 6.578 7.4849 7.2666 16.3185 
14.0048 24.3435 15.3189 23.5754 10.6949 29.2683 29.2066 26.0557 14.7122 26.9489 10.1789 32.7609 32.0791 25.1383 5.4751 10.3553 13.0605 12.0871 14.0632 16.074 
25.0693 7.9613 22.9698 8.7141 27.0507 12.629 4.0691 5.6579 25.7794 28.3015 13.6192 11.0369 28.6547 23.2043 20.5411 21.8045 13.9047 22.542 13.4395 15.3947 
3.0514 26.5026 6.2972 20.547 7.6283 30.4129 34.6875 22.9445 4.2998 13.0731 18.2393 32.9169 18.4537 12.243 14.7695 23.3187 20.6968 26.5739 19.6353 14.8296 
14.8104 13.5375 11.6178 12.2772 8.9011 21.3249 22.6371 14.9207 13.0777 23.1558 3.1262 25.7915 30.5945 17.6966 4.2476 11.2329 4.8341 10.8655 4.7639 8.7617 
19.7855 7.0472 16.9196 8.8348 16.4072 10.8277 18.6652 9.184 19.609 13.5169 15.9899 14.2462 15.0646 13.8685 20.9478 24.9991 17.5996 30.6379 16.1975 8.0717 
9.8112 30.6038 10.5045 27.0294 9.4468 34.5435 42.6456 28.1021 7.835 20.9562 19.7362 32.9112 22.9409 15.5084 14.7925 25.8973 22.9241 30.8794 25.7417 20.0413 
13.5486 19.0726 9.5731 21.0406 6.2175 23.7458 28.4313 22.7946 8.7506 22.1677 8.8319 32.1148 33.1333 19.368 2.0695 10.8164 11.8289 12.0171 13.2134 11.6761 
5.2923 21.0165 6.5493 22.9954 6.3211 34.37 32.001 28.6856 3.7745 19.0108 17.9954 35.8788 19.4091 11.1361 11.8149 22.415 17.0043 20.9032 20.0439 13.493 
12.2115 8.708 10.9342 8.2915 13.0322 12.5832 18.9978 11.7393 13.8507 13.7326 14.7111 15.8341 16.5198 9.3103 13.436 22.7237 11.975 20.9793 11.7848 2.1727 
25.7598 23.4805 21.5318 25.0924 19.5926 32.5303 29.5814 24.4856 23.631 32.5511 14.0729 29.5159 44.8852 36.0928 13.2083 3.8484 13.2595 3.077 14.3955 24.7403 
13.5388 18.7385 12.0024 15.8365 15.3447 17.046 27.7059 17.1613 14.4617 4.4592 25.0911 25.6297 7.9299 5.2894 23.0118 27.9278 24.5839 29.901 21.7211 12.5285 
23.7339 24.0496 18.3133 21.7786 20.4934 31.0817 31.1709 24.2973 20.8322 33.9872 12.5361 37.4611 37.6978 31.2667 12.2416 4.3779 14.5597 4.6767 14.8887 19.3071 
12.8169 26.325 13.1095 26.2101 11.8875 34.0325 34.8628 29.1684 10.67 24.1236 19.611 41.4705 35.9799 20.6664 12.3479 21.6568 20.5896 21.8211 25.2442 22.4165 
17.7283 29.8291 14.3028 26.3833 13.554 30.5605 37.3569 30.7975 14.7086 27.6885 13.1836 30.884 32.0757 26.2693 10.1492 11.5036 17.9801 14.0609 14.9981 17.4152 
4.4975 21.6507 7.0992 17.9462 9.5295 25.3554 31.4533 21.8284 6.0872 7.3259 19.7315 30.0994 14.0889 3.4803 13.7419 23.4532 19.9714 29.2064 18.3527 9.3005 
16.609 19.531 11.4647 18.1663 10.0248 25.669 25.4358 17.9216 12.3491 25.2485 7.4922 30.96 31.6893 23.4069 4.9003 7.6016 10.0475 10.3803 9.2703 13.0251 
12.3713 22.674 12.3203 20.8004 16.6709 23.4797 31.8242 21.1281 14.1774 1.3055 22.1256 30.8333 7.4633 4.3613 23.6773 30.8973 27.0454 33.79 26.1146 13.1656 
7.6687 22.5167 6.2614 21.1229 4.6471 32.6795 36.0263 23.3739 5.4374 16.7631 14.1428 35.1255 23.4332 17.42 8.148 22.2579 17.1344 20.2336 18.0751 16.7514 
9.6709 15.4503 6.0561 15.7974 4.4253 24.1936 25.4176 15.1317 6.6765 20.1609 7.4588 28.8884 24.1275 14.9658 1.6467 12.442 10.2771 15.2211 10.6301 9.5578 
27.442 13.3623 19.4021 12.2492 21.7418 18.8611 13.7983 13.0208 20.988 28.259 7.7257 19.7486 33.6526 30.6166 16.506 12.4596 7.0115 11.1235 6.0475 16.6738 
19.2843 16.6414 16.3604 18.1438 17.4576 19.6181 29.8796 18.5191 16.5274 7.5218 27.5092 19.3579 7.9105 9.6184 21.0249 36.4572 21.3847 39.2917 24.1487 15.3521 
23.8713 9.0949 20.1645 7.1511 20.9844 14.6398 11.4853 8.1558 22.3193 24.2666 8.1707 13.3187 30.6312 21.481 13.5666 14.0721 6.8933 15.4961 4.4337 13.2738 
0.4605 18.1946 4.0678 20.3399 5.9724 28.7002 28.6856 24.2386 3.243 13.804 18.2567 26.8649 16.9394 7.0667 10.5477 22.0307 16.0678 25.3137 18.1664 11.5121 
10.9621 18.6138 13.107 21.6753 14.8847 26.9237 28.055 25.9211 14.831 0.9057 27.6916 32.0626 7.1757 4.9207 23.3939 37.4406 22.5795 33.5696 28.3165 15.0054 
28.7319 9.9826 24.8105 11.0934 28.0888 6.1013 4.7498 9.983 32.8803 32.9529 21.0917 2.4799 27.6051 28.6339 32.2255 27.3054 21.9202 32.7899 22.3857 17.9571 
10.5904 29.0178 11.704 25.5156 7.5374 35.7364 34.9562 25.7027 8.8439 24.0266 16.2459 34.432 30.883 17.4143 9.2785 17.1795 16.7378 21.4574 19.6703 18.5416 
22.1504 4.797 17.1842 4.2714 21.0425 9.5918 7.4694 2.8771 20.4829 28.3609 10.0693 10.3203 30.7121 21.0321 15.4362 17.7553 10.3731 16.6818 8.2512 11.9801 
30.0691 11.4682 25.2518 9.766 23.9842 14.3932 6.8176 9.0092 25.7398 29.9974 15.9443 12.5519 38.4769 28.2148 23.3599 21.0729 11.5267 18.306 12.5495 19.8433 
18.8454 17.8176 15.9191 19.1638 16.6569 18.6132 26.2852 18.2637 20.0603 7.5641 22.1907 22.0364 8.0756 8.8633 24.7126 32.763 22.1346 32.1924 26.0245 13.184 
15.842 3.8467 14.7922 2.8252 16.4905 12.4218 12.8794 5.5867 14.5317 18.6971 10.3041 11.8893 21.3443 16.8994 14.5688 21.1805 8.941 22.0673 9.7649 6.5817 
18.9419 8.6255 14.3081 6.3207 14.8924 17.6121 13.2746 8.603 18.1876 21.7896 5.2656 16.4169 24.8717 18.532 11.897 13.2981 4.5865 14.0377 3.5976 8.2055 
18.5803 9.9898 21.6625 10.8481 24.0314 8.7101 17.7607 11.9491 21.7667 13.5494 20.912 14.1278 17.742 13.5358 23.6882 35.2068 21.5317 32.5527 24.0292 13.9494 
9.2159 23.0113 6.8625 21.7294 4.1282 25.6931 27.577 19.7977 6.3832 19.6933 12.483 32.7986 30.3033 17.8815 4.4881 14.0582 13.4211 17.2447 14.3414 12.8048 
13.5304 21.1329 15.2991 20.1676 17.1561 21.8095 31.8139 24.7071 13.1692 1.0099 24.0501 27.0405 5.7815 6.0865 22.807 39.2886 25.1271 38.8031 29.4701 15.06 
17.4837 20.836 21.7301 27.4337 23.257 26.4888 30.5456 24.0492 18.9924 5.5064 26.322 26.7272 0.8888 9.4632 29.9015 36.5315 29.7768 36.2104 28.7074 21.4632 
23.6255 6.4626 22.0379 5.5999 19.6529 12.825 7.9012 5.5557 25.5023 30.8883 12.0365 12.5605 30.2413 21.7006 16.2174 19.5362 10.479 18.0121 9.0488 15.9318 
28.8925 8.4957 27.6304 6.8615 27.4675 7.9624 2.4237 5.19 26.363 24.3843 19.4946 6.2346 34.1402 21.8605 26.3026 25.3302 15.0353 21.1213 14.4751 18.7428 
4.3388 15.5852 1.7713 16.7139 1.864 24.7887 27.76 20.9659 3.1886 15.6228 10.786 25.8402 18.9245 11.9089 7.1026 17.0052 13.9135 21.0356 13.5186 8.5711 
19.0095 15.1812 17.3097 13.0708 17.7196 22.7324 18.7206 15.9668 20.3142 30.5053 3.1891 25.1654 37.8014 21.7604 9.8693 7.2558 4.6163 7.1915 3.7171 13.569 
17.3542 11.8914 18.5381 12.4707 18.829 12.522 21.604 13.4531 19.8251 12.0416 20.5007 13.7965 14.4983 11.3928 22.1396 31.1834 22.9877 30.9423 19.8609 11.0196 
14.4145 8.5632 12.641 7.6522 13.3302 10.0069 18.9121 10.3714 13.474 11.7239 16.9844 14.7234 18.4776 11.8725 16.3095 23.2342 16.2949 24.0247 16.3316 5.3062 
18.295 11.5674 13.3043 9.8443 13.8653 21.2488 14.9527 12.0776 14.3111 25.0783 1.8594 22.1343 31.3887 17.9649 9.3941 8.8087 0.2063 11.3901 1.1138 10.37 
10.578 17.8818 11.2251 21.1806 14.5093 23.9162 28.1084 21.2209 13.7228 1.9266 26.558 27.3073 8.6544 2.8548 20.6756 27.7175 24.4924 31.266 21.832 13.1997 
17.9786 16.5905 17.352 17.5447 20.9732 15.2873 20.2788 15.0624 18.9964 9.3274 26.6638 19.5853 8.8239 8.9875 25.2035 30.6187 24.4132 37.8272 25.2869 13.0427 
15.777 32.4927 15.88 27.9435 11.9064 36.748 39.7711 26.0323 11.6364 27.4859 16.7381 39.9368 36.4111 23.2913 13.0555 17.7617 20.2779 18.758 21.7493 20.4326 
4.5381 24.1352 4.597 19.3954 3.6346 31.7783 30.3027 26.624 3.293 17.5797 16.6921 34.0465 23.6946 14.7212 9.0185 23.354 14.9076 23.7909 17.4401 12.3789 
22.255 9.4131 19.8797 9.4002 18.7424 18.5594 11.9165 8.0141 21.4787 23.9328 6.6713 18.3756 27.478 20.3531 13.7281 12.5538 5.1163 11.6184 3.9492 11.0558 
6.6133 18.5069 4.692 21.0427 1.874 24.6104 27.7367 18.5121 4.6135 20.0875 10.6839 29.193 25.292 12.6499 4.814 14.8276 12.3102 19.7932 16.0982 12.5093 
17.4636 9.9801 17.493 11.1481 17.0889 8.295 17.3381 11.8079 21.0069 15.5461 19.2283 14.6212 14.8062 13.7364 21.9824 28.581 16.4518 32.826 21.0814 9.52 
23.9697 10.8644 20.716 10.103 22.4176 20.2584 12.8326 10.6851 21.8401 29.4644 8.4242 15.3068 31.7047 23.953 18.6072 11.6714 8.7839 13.1847 7.7708 14.2583 
27.0556 14.8937 21.6165 13.3231 24.1336 19.2851 16.3735 15.0703 26.0817 29.6806 9.0323 19.7191 33.2158 27.4939 19.6235 10.1006 8.567 10.7313 8.7254 18.6863 
29.4089 19.817 28.2911 16.5234 24.8798 24.8075 15.9158 17.2571 30.0429 32.3582 12.6226 24.931 45.1603 27.244 19.123 10.5104 11.7309 9.3666 10.4951 19.1548 
12.7124 29.2373 12.874 31.6579 9.9888 32.6029 42.6097 29.0089 11.0574 27.767 19.0746 41.639 29.4667 19.3349 11.6246 22.9206 23.6712 21.1001 22.729 19.7735 
16.4603 14.6808 16.0983 13.5434 17.5549 14.5886 21.4404 13.9909 22.0754 12.8303 22.1191 17.83 13.9431 10.6709 20.651 31.2626 24.1587 28.9182 20.7702 11.0387 
1.8538 16.9526 2.6078 20.0868 5.3665 27.289 24.7382 22.7069 3.4929 9.8897 15.8029 23.995 14.7844 7.6673 11.7631 26.7618 18.8056 24.0884 19.4037 8.2178 
6.1531 23.5644 11.0767 27.1735 12.4018 29.2427 29.2631 24.0617 9.1629 6.9926 24.0888 33.6454 11.4823 7.3655 20.2753 27.5328 23.806 33.9659 26.1695 14.6745 
18.3272 2.9013 16.2814 3.7609 20.4922 6.1097 9.5889 4.5777 22.0737 20.754 14.2114 8.7127 21.0646 16.5948 17.4076 27.0082 14.1899 23.166 14.8625 10.0255 
18.3753 20.6053 12.9202 18.5572 12.146 27.8936 26.5012 23.0546 13.9755 26.8562 11.0686 28.2557 32.3593 26.194 6.9919 9.5084 13.0171 10.5874 14.1681 15.6944 
7.8071 28.2354 7.6706 25.1442 7.0366 32.1686 35.5857 28.5643 5.6657 21.5117 20.556 32.9247 23.3249 14.1923 9.1553 19.9982 20.1585 25.487 22.4139 16.1891 
29.3493 5.1634 22.2297 6.2837 22.8314 7.4616 3.5446 3.1723 27.6576 23.2685 14.195 6.3292 31.9389 23.2012 23.7302 24.5345 13.3156 23.2315 15.0106 12.6133 
3.6075 21.3598 4.2099 19.9098 3.2129 25.7186 33.4027 22.5934 2.0293 15.1858 15.0728 32.4155 22.7623 11.6508 9.8643 20.7928 18.262 23.1664 17.2931 12.2839 
4.5096 16.5936 3.1976 16.0339 5.16 23.6959 26.7935 17.2681 4.9342 11.2192 13.087 23.0112 15.7732 8.23 10.1627 20.542 13.8523 22.5262 14.5917 6.8257 
28.1311 7.6413 25.3458 7.9609 29.5984 3.5293 5.6273 5.8868 24.7361 26.8691 22.5282 2.418 27.8001 27.7015 26.9562 24.5107 18.8471 28.3253 15.6993 15.9691 
20.6414 10.3664 14.9602 9.1772 15.6928 18.4107 13.0303 8.7583 19.0871 22.9127 4.786 16.9015 34.1638 20.8964 12.3206 12.2002 3.9746 14.3255 2.2898 11.102 
14.2793 16.5059 11.8233 17.3611 11.0359 24.2766 21.8206 19.8101 11.8209 29.0131 4.7334 24.3741 35.5418 21.3939 4.7548 9.277 6.4475 9.4127 8.4959 12.5107 
15.4841 10.7376 13.8963 13.2395 17.3204 14.8607 21.8483 15.9443 16.1197 10.8534 19.5752 16.2441 11.9656 8.3463 19.2234 29.387 19.5729 28.9671 19.2274 8.9196 
5.2854 17.0582 6.2554 16.919 9.4249 21.6511 25.4316 19.7905 7.815 8.3607 17.9093 27.918 14.4634 3.7885 12.7913 25.3303 18.4833 29.0855 18.9424 8.253 
7.3566 18.4866 8.6644 18.8436 12.6488 26.2014 34.5214 22.4869 9.5656 5.7055 19.6188 30.7426 12.4886 3.1958 16.8423 31.075 19.5359 30.989 20.8618 13.3101 
5.5372 17.91 4.8356 15.1638 7.009 18.8237 25.7719 17.3251 7.4942 7.9864 16.011 25.2706 14.8911 3.7562 12.2989 24.0629 19.4488 27.1262 16.8323 8.2459 
16.1009 18.5695 15.9399 16.2391 18.8261 17.7471 25.7438 20.0413 19.8827 8.6989 25.5623 22.2653 7.6335 8.0153 23.6781 35.6739 23.3701 31.2327 25.6484 12.4609 
22.6142 15.1694 21.792 13.3217 18.8024 24.0802 14.2035 14.7461 20.2451 35.3276 8.2616 22.4141 35.4668 26.8429 17.4943 9.7408 7.4599 8.75 6.3887 18.2114 
15.1856 22.9168 16.8708 19.5558 23.5867 19.4304 24.746 22.6083 20.3487 6.2521 30.6944 26.0921 5.0792 7.913 24.2996 41.4315 27.4423 32.6741 31.1502 14.4916 
22.9369 15.469 19.0351 18.9159 16.6494 24.4693 19.1159 15.8885 21.2918 26.4379 4.6517 23.5671 34.5407 24.188 9.9615 3.9994 6.2868 4.2018 5.9898 17.4771 
24.0388 25.0822 26.8044 22.7471 24.9888 35.3967 27.9398 23.7061 21.7669 39.4117 13.6531 35.9643 46.3635 30.2935 17.2096 3.7759 14.4124 2.7225 14.2737 25.7763 
29.3986 7.2216 23.03 7.6729 27.4414 11.0034 4.0243 5.4358 28.8599 25.9408 14.4732 9.8309 30.4107 26.0163 19.1916 23.8057 14.4803 18.5831 11.0606 15.7621 
26.1078 22.8643 25.1813 25.1505 25.8314 35.0698 27.1788 22.4788 23.0313 42.1652 13.1238 28.8484 47.5072 30.6884 16.6257 4.9758 15.0781 3.5572 14.465 22.8297 
23.4661 15.5295 16.4864 12.7385 16.5068 21.1262 18.0627 15.0571 20.7796 31.9039 3.4075 24.9122 33.7481 22.4312 12.3412 7.9994 4.2305 9.0759 3.5382 16.737 
9.7971 12.0787 6.2289 11.4723 6.6617 16.9515 19.0543 13.9807 9.1121 13.3387 8.8341 21.6777 19.8591 12.4016 8.8975 17.0532 8.6479 19.0297 10.2323 2.6516 
15.5267 28.5075 19.9334 37.1119 17.592 36.8725 45.5919 39.1868 14.2469 29.5468 25.8806 47.1794 38.2598 24.9245 15.1264 25.6913 27.1342 26.3945 22.409 24.4684 
10.3976 11.2903 8.7234 13.6174 12.2286 16.1213 22.5072 17.2615 11.7943 9.6204 17.0122 21.5689 14.3417 5.2742 14.2295 23.086 17.7294 31.4083 19.9355 6.7917 
20.9088 11.7425 17.0804 12.3857 17.0632 21.389 16.8762 12.5668 15.5261 28.3305 2.9863 20.9109 29.1568 20.3748 11.6335 8.6974 1.4811 11.2149 0.8142 13.5682 
11.8669 11.2325 7.9825 10.1833 6.4395 17.8152 20.9234 13.2119 9.0969 19.1583 8.4006 23.1153 22.413 12.5111 5.9956 15.2309 8.0911 18.3714 9.4898 4.9959 
20.4126 17.0854 21.9879 17.2618 15.971 25.5743 19.8844 13.7224 23.4362 33.9199 6.4458 24.9395 41.4978 26.8337 13.8217 5.6917 7.0782 6.9707 4.9883 18.9017 
24.5804 16.0847 22.7968 15.3028 20.0312 25.3345 17.7444 16.7928 19.1254 32.9164 7.1534 20.464 41.2951 26.8319 13.369 6.6894 6.6437 6.9073 6.5728 18.4924 
4.4534 18.1658 1.8396 16.528 0.9148 22.2212 24.9112 21.673 1.9867 15.3211 12.41 27.0008 19.0253 12.7066 6.4561 18.6372 14.0934 23.0787 16.4816 10.7131 
28.1604 16.4805 24.2614 12.7635 23.9547 23.5456 13.2789 15.2998 27.8635 32.8188 9.0535 21.698 42.8427 28.082 19.6101 11.4646 9.4879 9.4953 6.9386 16.1939 
18.0731 20.3592 16.9569 18.9419 15.3262 26.9414 23.3225 20.6497 17.2676 31.3249 6.758 31.6631 32.9686 25.5222 9.1715 3.3488 8.6642 5.5493 8.322 16.4676 
11.9332 31.9863 14.4296 27.6754 10.8466 39.2013 43.5178 28.5328 10.0284 26.0599 24.1763 40.574 25.5175 22.7199 14.5104 23.1682 25.7393 26.8743 21.4192 23.2361 
18.9955 3.8796 16.8107 5.0176 15.2492 9.9648 13.3966 5.9444 19.2845 18.8074 13.7178 12.5433 18.2721 12.5336 15.347 22.1662 12.9678 21.0862 12.0277 5.6309 
19.8055 23.7579 18.173 23.0469 19.965 28.6597 37.6726 25.049 19.3608 5.1879 30.7204 33.1737 1.3621 9.6219 27.2692 36.9857 31.6022 45.8918 31.5845 21.9767 
27.0519 24.1513 24.7894 23.7602 23.9468 30.5712 26.3948 22.3531 26.6645 41.5734 13.595 27.3644 41.5962 33.9845 16.4624 4.5687 15.0384 2.5512 14.7249 23.5485 
17.0722 14.2422 14.49 12.9119 12.1136 23.3099 19.9209 14.2608 12.4729 26.6471 2.7782 28.1938 30.6215 22.6053 6.7733 7.1947 4.5299 8.539 5.3148 12.911 
6.3385 23.3853 8.4763 23.0377 10.6805 32.6295 33.8981 28.7375 8.1564 11.2931 21.0138 34.1412 14.1112 8.2957 18.0162 33.4768 22.5118 30.7831 23.4211 18.4989 
22.4719 24.1091 21.5917 19.4393 16.4868 30.0865 31.1325 26.0551 17.4084 28.6209 9.7715 29.1412 42.3598 32.3715 10.0676 2.8794 12.8204 4.1685 12.0998 18.4829 
14.1232 11.1579 10.6104 8.8862 15.8906 14.0774 21.9092 12.8813 12.6046 10.6671 17.8525 16.3309 16.2073 8.4302 18.2603 26.2991 17.1503 28.767 15.7034 6.2712 
16.3716 7.741 13.471 8.6272 18.4979 12.4737 18.3465 12.7528 15.1801 11.3548 19.7154 13.2865 14.0951 11.2164 16.9959 26.2795 17.7715 27.8042 19.3479 6.7179 
23.2096 12.5976 17.2292 12.4678 16.3893 22.7123 18.2516 12.0592 21.8203 29.895 4.0604 19.3481 36.6016 25.6268 12.0433 6.5538 4.6033 7.8064 4.2321 17.1085 
17.5023 24.1864 21.7287 23.3114 23.9572 20.9166 34.5101 22.4102 22.6381 4.9496 26.1926 26.4104 1.2359 10.601 25.0795 41.4645 26.124 43.6089 31.7057 18.8886 
20.4454 19.2792 15.3249 21.5833 15.1525 31.0846 26.6063 22.3981 19.3492 28.9045 6.8308 26.8593 40.942 26.6849 8.3605 4.3269 8.7211 5.5339 9.712 15.6447 
8.604 15.8489 11.1752 18.1 13.2665 23.6659 26.557 21.2731 12.93 3.9566 19.1364 27.121 9.2693 1.7767 20.3724 32.3579 19.5617 31.9533 23.7274 10.7203 
21.9283 3.9534 14.8927 3.0379 16.51 13.2316 11.2457 4.4471 20.3636 23.2892 8.4327 14.9879 25.5854 17.3467 14.8853 17.7315 7.6978 16.8204 6.4718 8.5035 
7.0429 21.875 10.5081 21.8231 10.5255 26.5238 31.1579 24.9158 9.2475 8.4203 25.4419 37.661 14.2839 6.6815 20.5962 29.5723 22.2531 36.1206 25.98 17.0069 
9.1184 15.4754 6.1412 15.3394 2.5754 22.005 23.3838 16.6797 4.8829 17.7013 11.3193 25.4265 26.9575 12.6549 3.0692 15.5289 12.2549 19.4164 11.1814 10.0885 
3.4519 21.159 7.7645 24.2934 6.5275 33.1417 33.0667 29.2078 5.4647 16.4245 21.2607 35.9687 19.3264 11.696 14.1231 26.6243 21.1888 29.2585 19.5967 15.6103 
11.5953 19.2089 12.9329 24.6202 15.0447 26.8472 32.3934 24.7553 15.6508 0.6071 25.032 26.9076 5.8303 5.6102 23.9172 29.3358 24.4798 33.5394 28.9916 15.8326 
13.0214 18.2341 15.6119 20.0871 17.0555 25.2695 28.0591 23.424 12.9955 1.1999 25.7359 30.4575 6.0383 4.6983 24.0435 35.7575 21.8288 30.6226 24.9521 13.2072 
23.4618 4.8714 19.4848 4.2061 20.4674 13.484 8.8608 4.4018 19.5875 22.5258 8.5168 13.8808 29.6854 19.526 13.4634 17.7384 8.3543 19.5919 6.7717 10.0441 
22.6109 11.3315 21.0598 8.8567 19.5511 16.7794 10.3961 10.2998 24.2294 26.4686 7.6322 17.7519 38.8145 23.7068 14.958 12.1047 7.4547 12.3645 6.5883 15.7432 
11.0808 10.747 10.785 12.1582 12.453 17.8864 20.0255 12.0283 11.6832 9.5455 16.6063 22.2357 15.7474 6.2132 13.5671 23.0323 17.0429 27.9531 18.9105 5.0312 
9.6469 17.0556 7.5169 15.1628 6.2216 21.1371 23.8336 17.6928 7.2806 21.3926 8.0698 22.6155 27.129 14.6755 1.2603 12.7124 7.7344 14.5084 10.1981 10.265 
7.9625 17.5062 4.9548 15.3984 2.9012 23.6325 21.8265 19.085 4.9089 18.5659 10.1922 25.0519 22.0183 15.2345 4.2951 17.6069 11.2191 17.1345 12.4384 8.8606 
20.5816 6.2879 14.314 6.2521 15.3783 16.1874 12.3917 6.9369 15.9156 21.6572 6.9463 17.4585 31.697 21.1206 13.1085 16.4327 5.7247 17.4885 5.2568 8.5041 
23.9359 15.7494 20.1216 11.994 20.0383 18.3447 15.5797 13.4706 20.5801 33.9693 8.1849 18.6059 38.3529 23.9372 13.7709 9.29 7.1822 10.4783 6.0801 17.9632 
28.9208 9.7741 26.7235 11.7152 25.5559 5.4464 4.7734 8.5019 33.9154 25.6145 23.3529 1.3389 26.703 24.9942 23.7902 25.4283 17.5061 25.4298 16.8434 17.6573 
9.8488 30.5065 12.1622 26.0276 10.0834 33.9609 37.7966 32.7132 8.1481 23.4682 20.5882 34.4313 30.5521 20.9599 10.8996 19.693 21.3073 23.2021 25.2665 21.817 
11.9061 12.9428 9.1749 11.3725 10.06 24.7032 22.5802 13.6023 12.3021 19.4717 3.7746 25.4519 31.3354 17.3615 4.2486 10.718 5.1604 12.3526 5.8726 8.638 
28.3594 6.798 23.9718 8.3373 25.7318 4.0591 4.6343 5.7834 24.5626 29.7217 22.1739 2.4265 27.4968 23.414 25.6454 25.8823 16.0542 26.006 15.6572 17.7269 
11.698 10.0276 10.2735 10.3146 12.3066 16.4803 19.2743 13.5837 11.4642 10.3 18.2785 20.5202 16.1604 7.6168 14.6969 25.1153 15.3632 25.6918 16.8307 5.3074 
11.4354 12.524 9.4553 14.9309 7.0527 23.5283 21.9355 13.9061 11.4458 23.9888 5.4781 20.949 30.4116 17.5738 2.9232 12.037 5.3721 13.8594 8.1097 8.1582 
10.2175 11.4622 9.1456 11.1917 7.5002 21.0627 19.7684 12.2712 9.0179 21.3526 6.9691 21.8299 21.979 15.3525 6.949 14.3502 5.7113 14.406 7.934 5.2391 
18.894 18.9067 14.079 22.6564 12.3467 28.9982 23.8295 21.1294 15.953 28.3146 9.5343 34.5385 34.8503 22.0695 7.4453 6.6344 11.0299 9.5426 11.9257 18.5687 
18.5514 0.5553 16.8926 0.5047 19.7284 8.4294 9.3058 2.486 19.0439 20.7206 13.742 9.0637 22.6868 16.6172 16.949 21.4697 12.563 20.6723 9.4202 8.3438 
24.2899 9.7123 27.5935 10.2197 26.938 3.1148 13.6009 9.2575 27.2434 21.0267 21.9062 5.9539 23.8864 23.1775 28.5047 30.6106 21.3195 34.0305 17.9 16.924 
20.7969 10.698 20.1277 10.2253 21.2752 8.3208 15.9536 10.5684 23.1944 16.1959 24.4883 14.8966 16.0649 13.3021 20.4301 28.1703 22.3239 31.6436 22.6798 10.0822 
8.9349 31.4582 10.1181 25.4311 10.7418 34.539 42.2457 33.5804 9.3429 21.1135 21.3639 34.294 22.9465 16.613 12.4733 21.2904 20.9857 23.9277 21.6618 17.4745 
19.1524 29.128 22.804 28.0445 25.0164 28.1362 32.9561 31.9982 19.8247 7.349 35.8978 29.0174 1.0418 9.9542 29.0847 42.9892 35.3097 37.479 27.9255 21.452 
4.506 19.668 6.7048 18.4601 10.4212 28.0204 33.026 21.5036 6.5319 6.8699 19.014 27.8755 15.1694 4.7495 14.33 25.9216 20.6669 28.6916 20.6387 10.167 
25.4949 21.4681 23.766 21.1646 20.0236 31.9148 25.6619 21.7867 24.0254 37.0567 9.0215 24.6004 41.8686 33.9008 15.4887 4.4885 11.6901 2.9987 10.3181 21.0833 
29.7608 10.5401 23.0652 8.3731 28.1811 11.5811 3.7409 8.1113 31.4952 27.3872 15.4913 9.2215 38.3591 26.3174 23.4691 19.326 15.2941 21.2323 13.1707 16.7362 
15.8221 16.9027 14.9211 15.5566 16.3652 16.2306 21.2547 15.2516 16.5393 7.1817 23.3098 18.2476 8.7894 5.5722 22.6271 31.7366 22.852 29.1774 18.7632 11.4446 
27.3828 5.1183 19.0627 4.8001 19.606 8.7644 4.7912 3.2869 26.1736 26.8852 14.6852 9.8428 33.7525 25.7952 17.4147 18.7956 11.9817 20.6838 11.428 14.0371 
10.7187 17.3722 10.6073 16.9202 15.3477 22.1094 24.511 19.2567 12.1962 4.5557 24.0066 25.8334 10.241 3.0386 16.8703 31.656 21.4345 34.2316 19.555 9.8396 
14.372 6.4775 10.261 7.2099 11.7857 15.0632 17.9184 9.0742 12.7455 15.9232 7.414 15.1767 24.1737 14.758 10.7907 15.6886 8.1289 16.5206 7.6037 3.6395 
20.3781 2.6378 15.4577 2.1997 15.4372 10.6901 13.0991 4.7409 16.9744 18.8512 11.704 11.2852 23.5995 19.0749 14.3533 21.9616 8.788 21.8653 8.9176 6.6109 
25.6169 20.2965 26.7883 18.9412 24.1404 26.1463 17.818 17.6721 26.6949 36.8008 11.4857 25.4875 44.9018 34.9476 18.4956 7.8108 11.389 9.1629 10.6812 21.6199 
20.7729 6.4761 19.7417 7.0306 21.5808 4.0479 11.7483 5.9577 22.2325 22.4227 20.4274 7.9584 24.315 19.4086 21.9355 24.4277 19.0699 28.8258 14.7208 12.5904 
14.5496 22.4509 10.7437 23.0154 10.3369 31.421 30.6539 23.4443 11.8009 28.5721 13.5965 32.4106 29.4219 21.1 7.2708 13.0099 14.434 17.1845 14.7868 16.3247 
12.4148 5.6369 11.5535 7.5487 15.2093 12.9479 18.2202 9.5572 13.9267 14.283 13.0299 17.5787 19.5189 12.9024 15.1338 25.6396 13.962 25.2265 12.2362 4.1361 
13.5614 7.7699 10.1897 7.5353 12.63 13.2194 17.715 9.4256 11.7419 14.5857 12.5915 15.8414 17.966 12.652 12.6227 21.5031 9.7724 20.8829 10.6658 1.966 
17.2105 12.0471 11.6466 10.7235 13.174 19.871 16.9034 10.6578 16.0496 20.9266 3.1193 20.043 29.7012 17.8839 8.0906 11.3624 2.0383 11.5973 2.9103 10.1548 
22.7206 11.4481 20.2177 10.66 20.1205 16.3138 10.4434 10.6944 20.1516 30.307 8.4301 18.5957 39.4571 27.7027 16.6657 15.0869 8.5975 12.2538 7.5324 15.0581 
12.411 7.6087 9.5906 8.1045 10.7399 12.8913 15.0189 9.6255 10.422 13.9633 9.6122 19.2271 23.1428 13.2477 11.5028 19.8882 9.9854 21.7916 11.652 1.3029 
15.7606 32.4248 15.3779 29.8959 15.1751 42.3613 43.8188 30.4064 12.6396 23.6952 23.4476 47.8822 33.414 27.0069 15.0302 26.3102 27.6203 25.573 27.0277 23.3293 
29.511 8.1126 28.0284 9.0043 25.8232 3.8656 5.0325 8.0637 30.1747 27.7853 22.0643 1.5249 33.5403 25.909 25.2214 27.4937 21.2526 28.7885 16.5276 16.6139 
23.1697 4.9292 18.5668 5.2724 22.3107 5.3734 12.5816 6.7946 23.989 20.3747 17.9603 8.4841 24.0756 16.1521 22.3905 26.9849 15.6655 26.3025 14.3143 9.9391 
22.8046 9.9198 20.4908 10.4838 19.9604 13.7319 10.3118 7.3076 24.4887 27.5764 10.1497 12.8082 31.9775 25.9994 16.2193 17.3081 8.3321 16.764 7.7528 13.6401 
25.5528 20.949 22.6563 19.6949 19.674 26.2306 20.3676 19.8283 23.0463 37.9618 8.6109 31.4608 46.4386 31.8381 15.5604 3.9795 11.0305 2.7921 9.2704 21.0573 
11.9316 17.3485 7.3564 17.7557 5.0121 26.2363 21.4228 19.3335 8.0035 21.3014 6.2765 29.1873 23.1042 16.6799 1.3381 14.2316 8.0968 15.3467 8.8361 11.1837 
17.8119 12.2707 14.708 9.8477 12.3362 20.3361 15.2275 12.6842 15.9812 21.071 2.227 19.2197 29.9441 18.1561 7.8977 11.7434 1.1185 12.7911 1.7774 11.0168 
25.436 11.4243 21.5689 11.8107 22.8902 16.9816 7.2863 8.5075 29.4786 33.5304 14.5257 12.8314 36.0551 31.4248 21.9704 16.8329 11.146 15.3848 9.1636 18.4395 
3.7157 17.7643 6.1082 17.4048 7.8335 28.3702 32.1205 21.6065 7.0852 8.879 17.7418 28.2425 13.0584 5.11 13.9027 24.1051 21.7738 26.202 19.8112 9.9347 
10.8315 10.8962 9.3532 11.0097 10.5441 15.4814 20.7367 13.7217 9.9671 9.8905 13.9698 17.2294 15.803 7.4748 13.817 26.5765 12.8361 23.0634 14.9537 3.8259 
11.0978 14.7523 7.133 14.18 6.3193 25.9826 21.6375 16.516 8.8852 21.7309 7.3752 22.9748 23.9189 17.8726 2.5812 11.5649 6.7725 15.0148 7.565 9.6729 
5.7473 20.048 7.2095 18.5035 10.3416 23.5876 27.3649 17.1102 8.3722 7.6768 18.7597 24.2452 14.8968 2.6238 15.8714 25.7856 18.5814 30.8301 18.4625 10.456 
31.6427 12.211 31.4619 14.555 31.0844 8.7872 4.9395 10.5782 33.6594 28.5759 25.9961 3.7379 29.1238 28.8078 31.1786 27.3341 21.9419 30.242 20.5203 20.7378 
13.8428 21.1135 16.1825 24.1536 21.7097 23.0828 36.7183 26.7341 16.174 3.8918 28.2583 29.8319 2.6542 9.8043 23.8815 39.5385 25.8845 42.0963 33.2642 20.6508 
EOF