I 50
J 5
bounds (0, 100)
cv 1.0
D 1
k 5
t 3
FLR 0.8
FCR 4
λbounds (80, 120)

λ 
94.5665 98.0075 98.7584 
111.6976 90.1768 106.1086 
109.0987 95.194 112.3645 
108.3498 89.3585 114.0971 
102.4274 95.4113 112.2143 
91.2985 82.6611 94.7136 
88.4245 83.5496 111.2285 
82.6599 87.6462 91.9375 
119.2292 89.0921 104.6274 
104.2207 83.1227 91.7826 
109.5986 119.8808 94.3611 
117.1571 92.621 108.9831 
89.6137 110.4034 108.6989 
118.0163 96.2469 97.1107 
105.1721 118.1127 92.1326 
114.6545 84.7927 93.2235 
101.2116 82.3343 108.4995 
81.7194 96.3204 102.3157 
80.1898 88.1791 99.5081 
83.1873 113.0 116.517 
102.5812 90.9125 104.3691 
82.6077 93.2308 89.3136 
103.1534 109.4946 111.3207 
82.0842 117.9716 104.0994 
83.2621 102.3473 82.5246 
99.6883 101.7613 99.8224 
94.1104 116.8712 106.0476 
92.554 119.1374 108.6748 
111.3543 103.5681 85.7602 
81.4184 90.4528 103.7896 
96.6195 117.1902 110.4417 
93.367 95.2896 116.9533 
95.3413 93.1038 88.5687 
80.9098 117.4126 91.4999 
105.6948 103.481 116.2351 
86.9249 108.5416 101.7626 
96.7436 95.522 94.1527 
86.4885 97.6479 80.3903 
112.171 80.3439 114.0026 
112.8381 103.2072 84.9048 
114.085 80.6504 116.2375 
101.8866 95.8641 116.2624 
85.1427 101.018 100.8913 
110.9589 111.5191 119.8461 
97.696 113.4273 84.8479 
114.0472 81.2973 81.8517 
84.7252 87.9891 110.2602 
118.1622 80.7333 82.2958 
86.9252 97.0755 91.7087 
85.9804 80.2532 115.8747 

Icoords
28.4291 37.5061
60.3736 96.1523
21.3423 59.8138
10.2984 53.9605
38.6727 55.7021
43.5437 33.1503
48.9756 78.4538
24.7718 54.894
52.2432 27.5421
29.0971 46.2142
28.2668 65.8388
95.0266 59.0537
46.6912 94.809
51.6856 62.3128
44.5512 80.1062
9.9897 64.114
5.7926 52.2981
36.2217 83.9092
45.969 86.0433
65.7326 26.7625
49.1709 9.6061
58.0338 3.5246
7.4702 29.6652
27.7094 98.9475
3.0827 69.849
56.5256 48.1891
34.0392 78.0393
30.9416 5.0869
46.9986 60.6012
94.6771 56.5866
22.2757 90.6017
0.364 91.6683
43.6457 2.6238
36.3142 86.4101
70.9885 60.2114
28.22 40.0971
60.113 69.6151
14.2281 93.3186
66.3908 16.2221
77.494 93.0178
28.2046 52.1103
5.3645 45.786
93.5906 57.4843
70.9345 76.7762
40.9778 82.7596
77.3068 33.4062
17.1092 34.8988
23.1691 11.1618
11.0136 92.3352
50.2752 20.803

Jcoords
16.7311 69.1748
7.7029 90.8344
32.9298 25.5333
94.0408 6.5082
73.7695 85.6794

C
11.0193 17.8166 4.4371 25.2093 20.9114 
16.0233 16.9297 29.0252 34.4057 5.3732 
3.525 12.5516 12.1331 34.3191 21.116 
6.2489 13.8693 12.0816 32.3985 27.4101 
9.6014 14.467 12.0017 27.93 15.4532 
14.065 22.0442 4.5568 22.7464 21.4722 
10.3478 15.3011 18.0277 29.0084 9.0053 
6.2949 12.2347 10.9459 33.6881 18.5983 
19.4205 25.269 5.9204 15.8624 22.2127 
9.5214 18.9227 8.2471 28.5374 23.5571 
3.6169 12.7755 14.7244 30.7194 16.9124 
30.1578 36.1579 22.6518 18.9302 12.2892 
15.0819 13.3522 26.4365 31.3209 8.9471 
10.7293 17.886 16.0271 23.6095 9.6711 
11.5199 12.9872 21.3701 28.9572 11.6274 
2.9048 8.799 13.7754 40.4328 22.1304 
7.2301 12.4394 13.2222 32.1626 22.8101 
9.0159 10.0604 22.0953 34.3071 14.8291 
13.1813 12.1479 19.1268 33.9767 10.921 
21.5937 32.6501 10.002 12.2663 23.4461 
24.2828 28.4183 8.7259 15.8858 25.3286 
28.0542 35.3025 13.1939 14.4305 26.115 
15.6194 19.0788 9.7187 31.4188 33.6066 
11.7981 7.228 28.7554 43.6557 17.1169 
4.7431 7.7077 20.127 36.3998 22.9555 
14.5359 19.6744 12.0608 22.1058 16.0442 
7.4498 11.6944 20.8863 30.2594 14.1523 
25.2928 33.9016 7.1058 22.469 32.2076 
11.2086 16.5796 12.6579 21.5348 13.6128 
28.811 33.2394 26.6028 15.5606 12.9619 
8.302 5.1157 22.1409 36.1287 15.5496 
10.3316 2.317 27.777 45.5507 27.8837 
22.8428 37.4532 8.3893 19.5961 28.6518 
9.3706 10.0259 22.9616 30.2028 13.1568 
20.8148 23.0531 18.2474 22.7339 7.9958 
10.9053 16.6922 4.9685 26.3586 23.2177 
15.2148 19.3546 19.0326 27.721 8.1387 
9.1292 2.4235 21.5454 43.1249 23.9938 
26.6788 30.3484 13.6012 10.4009 25.2291 
24.7843 26.6453 31.936 31.8665 2.6285 
6.6809 17.3995 8.252 27.9184 18.569 
7.9028 17.0828 13.0049 34.1099 24.9838 
30.6309 28.2119 25.4087 19.7132 11.9594 
17.0551 24.7896 20.8046 22.3906 3.2208 
9.5719 12.9293 19.371 34.6044 9.906 
23.658 27.9283 14.8731 11.4328 19.1914 
10.5988 20.4933 6.0376 24.9371 24.6823 
20.937 30.7515 5.5349 28.1611 28.3642 
7.579 1.418 25.0146 45.5447 23.5203 
20.9087 32.7333 6.4796 14.9495 24.8329 
10.28 18.9151 3.8807 22.4591 21.9765 
15.3974 16.1039 23.7596 30.5563 5.3426 
3.1483 11.0335 14.2102 30.4428 20.3151 
5.9334 13.2002 14.2618 31.8884 26.5515 
8.78 18.0544 9.5172 24.2564 17.0041 
17.8956 21.0051 4.9539 20.434 23.6661 
13.2333 13.8404 17.3364 27.8368 9.23 
5.346 11.992 11.9028 30.2999 18.6619 
20.5094 24.9671 7.0525 14.6458 23.3968 
9.1511 19.7738 7.858 28.8875 22.359 
4.7793 11.0859 15.5805 29.3996 17.791 
31.0262 34.0113 26.2719 20.2914 11.5669 
14.9636 13.5481 22.5166 30.9201 11.3875 
12.5958 17.1207 12.7408 21.4727 9.8511 
10.937 12.5037 17.0905 29.6047 9.337 
3.2184 8.7212 17.8869 40.4124 21.9823 
6.2426 13.1146 14.1484 31.8941 29.5805 
7.6501 11.2695 23.212 38.587 12.9082 
10.8387 11.7739 24.1406 35.2499 9.8756 
21.1984 31.4139 12.2276 12.2245 23.4223 
23.1975 32.2396 8.4075 15.7194 28.4547 
23.3927 31.7955 10.867 11.9086 29.1012 
13.8785 23.0671 9.809 29.5458 29.3797 
12.1313 6.9063 22.8159 34.9291 17.2079 
5.2474 6.6828 19.3362 41.3875 21.8907 
14.8823 25.8198 11.2822 17.4681 16.4568 
7.7648 9.8527 18.3077 29.8766 16.0255 
20.0872 34.2836 7.2845 24.1416 35.9403 
11.4414 18.2158 14.0786 26.1801 14.1888 
24.5553 36.6512 22.5111 16.2818 11.5934 
6.9275 5.311 22.7937 42.7398 18.5861 
9.4164 2.8001 26.8334 39.4992 22.8166 
23.3094 31.1475 7.9012 17.5794 29.3498 
9.2819 10.1619 18.7729 33.1403 12.3326 
20.3308 23.4679 18.7932 18.4325 8.6568 
12.2465 16.6977 5.3986 28.6272 22.3026 
13.4187 20.1857 18.4215 22.5623 7.2489 
8.5709 2.3802 23.3174 44.7876 19.9298 
23.3539 30.3579 13.0559 10.6325 21.1779 
25.5088 23.7476 26.0809 26.5643 2.8285 
6.3396 14.6653 8.3303 28.9675 17.9181 
8.5139 14.7777 13.5009 38.6003 30.329 
26.8293 36.504 23.3656 20.3708 11.0736 
19.9067 25.5539 25.0408 29.536 2.8442 
8.8159 10.8337 22.0235 29.1884 12.8657 
22.8068 30.5271 15.7835 9.7855 20.5746 
13.0291 17.1694 5.5835 25.8145 23.7692 
17.9952 24.8755 6.2038 21.9891 29.1208 
8.5809 1.2075 23.6155 47.4672 24.5679 
21.5974 26.7914 6.1559 16.0683 25.6195 
11.4481 22.0218 4.1058 27.5459 24.583 
15.6744 19.4231 24.7749 36.8571 5.6844 
3.7243 10.2846 13.349 29.5052 21.9695 
5.5601 11.9693 11.6856 30.3484 26.6579 
7.763 14.4295 12.1429 23.0343 16.5886 
17.3567 22.5399 4.1714 18.9153 21.9267 
10.5223 16.611 19.1613 31.4109 10.1442 
6.4179 15.7241 11.7778 31.6771 22.8225 
18.3644 30.3615 6.3476 17.3972 23.2542 
10.4263 18.8089 6.3478 26.6953 22.3113 
3.6638 12.3709 14.4363 27.8317 15.036 
28.2157 34.8477 26.5401 19.2035 11.9451 
12.1878 13.5403 23.682 36.6413 8.6099 
11.3918 19.4377 13.7399 27.799 12.5486 
11.0386 14.8946 20.8177 31.7421 8.9414 
2.7405 9.4346 14.0671 33.9725 23.0124 
7.4754 12.9872 12.2693 31.3573 29.9743 
9.4826 11.4221 23.136 30.5102 12.5135 
10.3594 12.6647 19.0958 32.0065 8.833 
25.3007 30.7397 11.2396 10.4737 23.458 
21.0745 35.7782 7.0722 14.1272 26.9517 
26.3556 38.1646 10.3896 11.0125 26.3743 
14.1423 18.8464 10.1236 30.4599 28.1125 
9.6181 8.0052 26.805 44.5545 18.5309 
4.2252 6.7064 17.5303 38.3838 25.585 
16.3985 21.1718 10.9518 16.8401 12.974 
7.512 9.0651 15.8971 28.9709 14.0633 
22.8902 30.3124 6.5573 24.5518 34.1606 
11.2401 17.8836 11.4715 22.6961 13.7742 
27.674 35.5763 22.9396 18.0397 12.1379 
8.8022 4.8694 25.2597 35.399 16.6462 
10.9937 2.8732 22.9485 46.6268 22.9786 
27.6669 32.262 7.8152 18.469 32.9898 
7.881 9.195 20.3886 35.6638 12.9882 
18.5381 22.5188 18.0363 19.5663 8.2033 
10.2987 20.5013 5.9771 28.4055 21.8516 
15.7484 20.1801 18.437 21.5234 7.0423 
7.3451 2.508 22.6916 46.7098 23.8377 
26.0399 31.2692 13.6255 11.6787 22.8124 
24.7647 24.4179 25.6685 30.9417 3.2737 
7.2073 14.8494 8.1089 24.5788 21.5119 
8.2954 15.8423 10.8842 35.4774 25.3164 
29.4959 33.4083 25.2304 16.9553 11.2838 
20.0107 25.3531 22.5526 23.0563 3.4731 
8.3907 10.957 20.4228 32.1054 10.9299 
27.7663 27.1072 15.432 10.9259 16.3151 
10.9861 20.8166 7.1811 28.3648 25.892 
18.4096 31.2222 5.9571 26.3642 32.5256 
8.5332 1.245 27.7213 46.5 22.7315 
22.292 28.7502 5.4044 17.9099 22.0246 
EOF