I 50
J 5
bounds (0, 100)
cv 1.0
D 50
k 5
t 3
FLR 0.4
FCR 4
λbounds (80, 120)

λ 
92.2497 107.6612 117.7697 
113.3695 116.9918 80.9176 
98.044 102.0647 91.7155 
114.4867 84.3099 104.0915 
86.8631 97.0065 85.8088 
95.5705 87.3635 102.0616 
91.7597 104.7686 97.9305 
94.1087 105.2136 92.9876 
93.3911 111.3965 98.2655 
107.1078 103.4543 102.5357 
97.0335 92.4243 118.9528 
98.1699 119.7534 104.4689 
117.2117 119.8425 118.2845 
113.3225 116.3875 104.8367 
107.9414 118.7508 80.8886 
93.4619 103.7269 107.9078 
84.7464 88.301 81.1476 
99.3138 109.6374 88.3782 
91.9269 97.2151 85.8259 
90.9195 115.4977 91.328 
115.6307 90.9204 100.8278 
102.9545 102.3444 97.5047 
111.7284 106.6862 111.6607 
114.1959 83.1526 116.6935 
99.2066 108.3853 85.2943 
104.7808 115.4151 116.8001 
93.8455 103.0043 81.5302 
118.4487 92.2882 103.419 
110.0454 85.1643 90.4266 
111.3776 94.1608 108.212 
119.1819 90.7737 103.4452 
109.9173 105.8264 84.8524 
110.2253 84.7694 92.482 
117.3601 85.0297 97.1889 
97.4124 103.9369 90.3549 
110.9412 119.7357 83.1523 
110.404 104.4665 111.8652 
91.7658 94.908 116.6299 
116.6879 105.2581 91.0652 
82.9958 98.6164 99.8205 
112.4711 94.1636 93.9932 
118.8976 91.3591 87.3509 
110.8867 110.7932 100.6921 
88.042 115.1743 114.2692 
116.0941 105.5528 112.3223 
99.3866 91.1566 114.9176 
84.9108 118.0429 114.9866 
115.9947 98.7537 114.5145 
96.3827 116.1382 84.876 
84.6314 101.1109 101.5255 

Icoords
91.676 21.5953
60.0488 87.1906
39.1005 83.4141
28.5772 72.2807
39.5736 16.3563
66.6237 59.0116
67.9821 73.8687
30.4486 45.9757
58.883 58.033
84.1458 42.3851
49.1329 42.8243
48.8714 76.7731
16.9623 89.1005
4.6632 74.1918
49.0834 14.633
28.6551 96.9409
91.1932 53.1064
43.7221 96.9699
66.6578 95.6733
72.2853 62.6345
69.2382 98.4908
7.7385 15.0695
59.5301 10.8141
58.5957 35.7435
89.1274 45.5778
22.6528 31.5161
81.6348 33.1193
18.456 35.0221
60.3807 36.4248
47.049 28.174
57.6985 10.1333
11.7532 36.5645
56.4761 82.1437
80.247 96.497
68.4992 91.7675
71.624 79.4821
36.9396 80.1964
22.92 41.3456
97.5671 61.6205
44.9369 22.5572
59.8106 91.3591
91.7488 67.3768
65.2591 84.629
96.8884 60.0966
4.8243 93.8629
56.0506 90.8336
6.0007 92.1502
14.1027 47.5858
63.9162 3.1461
25.2648 25.4594

Jcoords
39.639 68.1846
37.8438 41.6003
81.5372 88.5228
23.9457 0.716
51.6156 36.9323

C
26.7229 20.5481 24.9916 26.2735 16.2533 
8.4559 16.8815 6.5924 36.7525 18.8861 
5.6308 15.6705 13.8402 25.7943 16.7999 
3.7747 11.15 22.1025 25.7813 15.5862 
16.5643 9.428 26.3213 8.5035 9.2908 
10.8305 12.264 10.6669 22.5559 8.2735 
8.8601 15.2463 7.1923 31.1398 15.7398 
9.3834 2.6689 21.9933 14.1563 8.1115 
6.9254 8.2811 11.8208 25.8501 7.3446 
19.1371 16.861 17.4725 25.6983 12.6263 
9.4262 3.5008 17.8484 17.3744 2.2423 
4.2393 11.8619 12.0842 30.5903 12.6195 
10.4241 16.4639 24.1132 31.0221 22.3898 
11.8459 14.6134 30.9822 26.0784 20.3257 
17.0149 9.127 24.6547 9.7836 7.4195 
11.9098 21.6315 17.4138 29.9232 20.3098 
19.5411 19.8548 11.6735 27.9097 15.9562 
9.5303 17.6397 14.6077 36.0729 22.8592 
14.5311 22.5539 5.4593 37.4211 21.0166 
10.2192 15.5333 10.0977 27.2109 12.0155 
13.34 21.6117 5.1166 41.6368 23.0128 
22.2059 13.547 34.9021 7.3673 18.6873 
23.0132 13.2818 29.8345 14.633 10.6653 
11.7005 7.3442 20.8445 18.1511 2.7097 
18.8358 18.2603 15.5036 24.3952 12.5263 
14.2007 6.9013 31.8325 11.5602 10.2685 
17.3924 13.6401 21.7902 23.767 9.6742 
14.7801 7.0613 31.7124 11.1906 13.1563 
12.791 8.2528 18.1341 19.6054 2.8807 
13.9855 5.4095 23.7649 12.9292 3.1894 
21.8864 13.3797 26.3254 12.8288 8.5932 
16.8175 9.8396 27.5451 12.3024 14.9451 
8.6281 16.786 9.5864 30.3917 16.4745 
16.1035 23.1129 2.7683 42.2191 24.3669 
13.3055 19.9129 4.243 32.4782 17.3733 
11.2993 16.7341 4.614 31.3967 17.3831 
4.3459 14.7323 16.1329 29.9109 13.8473 
10.9755 4.7629 30.0826 14.3834 9.2325 
18.8655 22.418 11.1892 37.0345 19.9735 
14.9423 7.5432 25.9133 11.6507 6.2975 
11.6658 21.6643 8.5365 36.1848 21.9941 
18.7826 21.5104 7.3641 32.2239 15.6109 
9.2457 16.1632 5.4396 35.5608 17.8645 
20.5022 18.8654 11.737 36.2119 18.7095 
13.4582 20.5117 27.9911 30.2955 25.2322 
9.2385 16.619 10.1469 35.3293 16.8145 
13.6091 19.3927 22.9215 32.9759 21.7946 
11.3092 8.0038 24.8259 15.8188 13.0053 
26.3803 14.5604 32.4557 12.3577 12.4011 
15.8811 6.2741 30.2411 8.2314 9.8349 
22.4554 18.831 25.4112 22.2691 17.0897 
10.3663 19.9038 8.3578 31.8796 15.4921 
6.0042 13.6793 15.0541 32.1083 15.9334 
3.6614 11.4929 20.5736 27.7104 16.2318 
18.2125 9.3824 33.2251 7.3339 9.0667 
8.8012 12.6373 13.0377 23.0399 8.0385 
9.1232 15.3391 7.0346 28.8515 12.5604 
9.0229 2.9464 21.1024 14.1197 8.2519 
6.834 9.68 12.5881 22.7288 7.2821 
19.7544 15.7542 18.2489 24.3145 12.4383 
8.3918 3.561 21.6242 19.5873 1.9776 
4.0123 11.1799 11.6433 25.2758 14.9557 
11.6643 18.4927 20.4582 29.6479 20.3105 
11.9346 14.1111 30.5678 25.9417 18.8032 
21.2672 10.0006 29.3113 9.2032 7.6395 
9.9089 19.9766 18.5918 29.7017 25.6427 
17.8384 19.6965 13.307 31.0724 14.9942 
9.4111 22.2612 14.8556 32.2013 22.4535 
12.8853 22.4007 5.3718 39.8263 20.483 
11.9677 12.7648 9.941 29.1747 12.2299 
16.2757 23.1062 6.0111 35.8504 21.3352 
22.0262 12.0543 31.2474 6.5706 16.0695 
21.2341 12.2726 31.1671 12.3619 9.5955 
11.8733 7.7862 19.4806 15.9931 2.7374 
18.7978 15.5856 16.1316 28.7947 14.0007 
13.4369 6.3434 31.767 10.0897 10.5897 
21.0033 13.6669 19.8622 25.2955 10.8181 
13.3792 7.4359 32.7381 11.7534 11.9473 
11.8616 7.9013 21.1874 18.7892 3.1748 
12.7363 5.9809 26.4271 12.8216 3.3998 
19.7829 11.9882 28.4393 12.6081 10.0195 
14.2964 8.3543 30.129 11.5224 13.8169 
7.1518 13.5064 9.9743 27.0246 17.5567 
14.8808 25.7557 2.8507 38.7527 21.3599 
12.0047 22.0352 5.0397 36.4112 22.7322 
11.0245 19.6627 4.5885 31.231 17.8956 
4.7337 13.4197 13.8554 27.4546 14.8569 
11.317 4.8002 23.604 15.2491 11.0877 
20.0548 24.5596 11.3051 35.5822 18.7268 
15.6175 7.1124 22.7901 9.6877 6.1517 
11.7641 18.787 7.2613 30.102 21.0639 
19.4758 23.2551 7.7163 30.7216 19.263 
11.8851 16.9694 5.7476 33.8398 15.8801 
22.6184 24.2608 11.9469 30.8695 17.5246 
13.96 22.8485 23.6309 36.5333 25.468 
10.4663 19.7317 9.9293 37.3479 20.7788 
15.0382 23.4075 23.1635 35.4451 26.5503 
12.3623 9.2598 30.3323 14.588 12.8805 
24.8599 17.571 31.3747 14.7683 13.1562 
15.0968 7.8396 28.4578 9.7454 8.714 
25.7591 17.9811 26.1017 26.3232 14.6661 
10.3468 16.8307 6.8098 34.8502 18.7027 
4.6448 16.6996 14.336 25.727 16.9299 
3.6579 10.948 19.6208 28.234 16.5988 
19.1972 9.681 25.7286 8.4748 9.2335 
9.5052 10.3164 11.4935 22.4619 9.5202 
9.8863 15.0123 7.2881 26.1277 13.8289 
9.5204 3.425 21.754 17.9606 8.802 
7.7065 10.4729 13.9024 26.4945 7.6079 
19.8573 15.7959 15.4993 24.9003 13.1243 
8.4378 3.6292 20.6607 17.0407 2.4661 
4.0767 12.9788 12.0877 25.1797 15.0795 
12.1425 18.0672 21.3493 31.1197 21.012 
13.0666 14.232 29.1445 29.5879 19.5944 
21.3977 8.8874 29.2144 10.2807 6.9684 
10.5276 21.2052 19.2291 35.2894 24.0235 
19.1812 16.8586 13.7512 33.7321 13.7372 
9.7745 21.6988 14.1931 31.8868 24.1369 
13.0742 23.718 5.4362 39.0142 22.0474 
10.1199 13.1684 10.818 26.6846 11.4284 
14.56 20.0067 5.7531 39.9235 23.8837 
19.7648 15.5013 40.9204 6.852 18.3883 
18.8781 13.1764 25.1179 12.7762 9.2926 
14.8829 8.4439 18.0131 15.7615 2.6666 
18.5094 16.851 13.2751 24.4822 12.049 
13.1217 6.1665 32.5701 10.8604 9.5319 
20.5492 15.518 19.4744 21.7158 9.6833 
13.5563 7.0858 25.542 12.7644 10.8944 
14.5017 8.928 19.4274 19.8248 2.7691 
15.8736 5.5381 21.8326 12.6852 3.5568 
23.4914 12.7063 31.0448 12.9795 10.3465 
15.519 10.3259 33.061 14.3926 13.9764 
6.7057 13.4752 10.0803 31.1896 13.7598 
16.158 27.6009 2.4314 41.2302 25.2789 
12.6197 21.465 4.6393 35.6408 21.1085 
10.2104 15.7495 5.3318 33.3762 14.6042 
4.5675 14.5933 14.6539 30.6438 15.0214 
11.3992 5.2435 26.8245 12.7739 11.0093 
18.9588 19.363 11.5212 34.6936 18.1947 
16.8577 7.6713 28.101 9.1515 5.5731 
10.3355 18.7489 8.2955 38.5243 18.3504 
18.0165 18.0388 9.3672 34.5249 17.1876 
11.0906 20.051 6.2564 33.0728 16.267 
20.6352 18.921 10.7774 36.6822 19.6656 
15.366 22.8856 24.5845 35.088 23.4267 
10.967 17.6058 9.1232 29.7424 19.3348 
12.7831 22.9415 26.2111 31.7459 27.0159 
12.3295 9.725 27.8473 17.4854 12.5607 
27.7479 15.3828 27.443 12.0373 13.7099 
13.528 6.9597 30.4524 7.8548 11.4386 
EOF