I 50
J 5
bounds (0, 100)
cv 1.0
D 100
k 5
t 3
FLR 0.4
FCR 2
abounds (80, 120)

a 
95.0 92.0 100.0 
77.0 81.0 108.0 
96.0 98.0 74.0 
83.0 89.0 83.0 
97.0 85.0 95.0 
99.0 81.0 93.0 
92.0 100.0 111.0 
91.0 101.0 89.0 
101.0 88.0 96.0 
96.0 99.0 85.0 
89.0 86.0 64.0 
98.0 81.0 85.0 
89.0 95.0 89.0 
91.0 76.0 78.0 
79.0 86.0 91.0 
97.0 83.0 76.0 
96.0 109.0 92.0 
90.0 114.0 92.0 
102.0 76.0 80.0 
82.0 91.0 88.0 
93.0 83.0 93.0 
69.0 101.0 100.0 
93.0 85.0 80.0 
73.0 98.0 88.0 
97.0 92.0 101.0 
105.0 97.0 84.0 
81.0 91.0 81.0 
82.0 92.0 74.0 
88.0 85.0 100.0 
77.0 96.0 83.0 
93.0 100.0 95.0 
97.0 67.0 109.0 
96.0 78.0 116.0 
97.0 81.0 83.0 
110.0 116.0 101.0 
86.0 82.0 90.0 
99.0 82.0 100.0 
106.0 95.0 97.0 
86.0 101.0 98.0 
85.0 95.0 106.0 
96.0 87.0 82.0 
108.0 91.0 84.0 
105.0 81.0 87.0 
78.0 74.0 111.0 
96.0 79.0 81.0 
77.0 104.0 86.0 
91.0 91.0 90.0 
86.0 94.0 93.0 
78.0 108.0 114.0 
80.0 90.0 104.0 

Icoords
21.0219 58.0326
52.029 25.9908
26.5688 46.2359
99.6341 64.8766
80.8942 16.48
1.1607 47.9597
95.0345 25.2028
53.4549 81.8299
2.3221 41.6533
50.9152 48.2848
70.8414 76.7553
70.3195 46.8283
94.7012 56.7841
25.0751 78.0652
68.4748 36.4282
57.7357 41.2626
69.4605 0.1608
48.8925 96.9579
59.1451 55.3494
61.719 75.4564
31.4834 43.5998
92.4471 27.5618
44.8685 86.4886
81.9956 71.0022
89.4799 70.7955
6.7559 40.6643
32.2764 59.4578
78.195 58.294
94.1857 99.9477
95.5122 34.482
95.7996 3.9358
13.0835 89.9067
61.0263 4.3027
93.3351 34.0186
59.4626 13.5351
54.6917 9.0051
16.3896 13.8946
9.0028 87.0953
68.3146 69.7694
3.0165 92.4154
79.1683 15.9963
20.5147 44.7257
30.96 65.509
29.6306 30.7933
15.1979 68.3656
86.1648 26.4372
12.5371 58.31
16.6215 55.9679
31.3131 28.5837
73.0215 64.7421

Jcoords
46.6125 20.0266
88.1593 82.6544
7.9319 79.4281
88.637 95.0519
52.3573 93.746

C
15.3721 28.1034 9.5438 30.1175 16.1729 
2.8569 25.6579 23.1127 29.1082 26.33 
12.3798 26.4814 12.935 27.4245 17.9526 
24.7368 7.7105 36.1463 11.623 16.8122 
12.0282 23.1804 36.4544 24.7674 32.428 
16.885 31.667 11.7489 33.5792 22.6451 
15.9583 18.3768 33.0688 24.8581 26.4193 
24.2257 13.7225 15.2669 13.2598 3.9896 
18.5177 34.921 13.3204 40.4365 26.7973 
11.3421 19.5926 18.4452 22.4654 15.9194 
19.4003 6.2624 23.1212 7.971 7.9412 
13.9371 14.9803 25.5521 20.0203 17.5785 
22.5104 8.3923 27.3599 14.3513 21.055 
18.968 19.0322 6.5676 23.9222 10.0633 
9.0438 17.0424 24.5427 20.52 21.1072 
8.9778 18.9555 19.972 21.6994 16.2707 
11.8049 27.1099 36.7764 38.3172 31.5849 
23.3435 14.4095 16.984 14.798 1.5969 
13.6315 15.6898 19.3599 16.0391 12.9609 
22.475 8.7332 18.8605 10.9541 7.5836 
10.8233 23.9318 12.9228 25.4775 18.5167 
15.6165 18.1029 34.7163 21.4555 28.3208 
21.0558 13.0642 12.2744 14.6461 3.2057 
20.9488 4.7877 25.3515 8.3208 13.072 
23.9206 3.7038 31.022 7.8225 13.7523 
15.5743 27.8724 12.5846 34.021 27.698 
12.7967 21.7882 12.2361 24.4906 14.7141 
17.0335 8.6591 26.9131 13.5539 14.3844 
32.3577 6.1679 27.2367 2.7231 14.043 
20.0601 18.3177 30.3688 19.458 26.5241 
16.8867 25.5614 40.3948 34.3379 33.2218 
30.9255 28.5636 4.1405 26.8609 11.9764 
8.336 33.1584 32.805 37.8098 30.6521 
17.368 19.3832 33.3024 22.4777 25.4167 
5.38 23.1479 28.4493 33.1602 26.5732 
4.7187 30.4657 31.793 32.1902 30.6539 
10.3001 32.4217 22.8362 38.9424 34.4007 
28.7892 28.0972 2.9426 26.8263 15.9262 
20.916 7.3514 22.54 10.9315 11.0194 
27.5649 29.3096 4.4506 27.4287 19.472 
10.9796 23.8779 36.4083 27.8831 28.7109 
13.0255 26.6703 12.6834 32.2691 18.2261 
15.0891 19.4308 8.1127 25.0463 10.9261 
6.4746 28.8166 20.4236 32.1045 26.7651 
17.3988 22.5124 4.5476 23.91 15.9434 
13.6513 17.157 35.3866 23.3853 28.6299 
17.9381 25.581 8.6004 30.16 17.6438 
15.7752 28.8768 8.7687 26.9575 17.5455 
5.9198 23.9993 17.203 33.7135 24.1721 
16.021 7.1013 25.903 11.9404 10.7727 
14.332 23.3551 7.6551 29.9479 14.5576 
2.5016 22.7615 20.8679 24.5825 22.9761 
11.2975 23.5907 13.27 25.7899 18.077 
26.0008 7.2831 36.7034 11.8607 21.8642 
11.2286 23.3601 38.0155 29.394 27.7413 
17.3171 33.2686 10.5804 29.9729 23.6273 
18.812 17.7172 39.0505 24.283 31.4173 
24.4868 13.1393 16.4931 12.121 4.4432 
15.4125 37.2326 11.5866 37.2292 22.868 
9.1611 19.9068 16.4017 18.3917 14.1137 
20.3194 5.9459 19.9603 8.4279 9.5682 
11.7043 13.6115 21.8354 16.0688 15.6242 
23.0793 10.1108 35.6459 13.061 21.4035 
24.6757 19.2662 5.2607 19.8299 11.086 
9.9621 17.2936 23.4882 22.8882 23.1376 
8.3761 17.5634 20.1665 19.7143 20.4386 
10.1609 25.6381 30.5349 32.6344 28.7784 
27.7921 14.656 13.6781 12.9358 1.7939 
12.9794 12.7813 19.3033 19.2638 12.2474 
19.2347 10.3746 21.0934 10.9774 8.1672 
9.0166 26.155 13.2529 28.6766 17.8921 
16.0392 17.6111 32.8124 23.9904 25.3107 
25.723 13.238 13.568 13.9816 3.5759 
19.7574 4.6664 24.6434 7.7494 11.7345 
22.8708 4.2312 31.2762 8.0143 14.6339 
15.3813 30.8309 15.3459 36.7635 22.7504 
14.5127 23.912 11.345 22.2309 13.5419 
19.4251 8.4828 22.9363 13.9093 17.1744 
34.8317 5.7302 29.6482 2.7623 13.0409 
15.7156 16.8948 36.4327 21.3904 23.335 
17.1403 28.8515 46.187 29.7132 37.6814 
27.6547 25.1166 4.6624 30.2535 12.3947 
8.3232 25.8783 32.6854 30.8189 27.426 
16.1486 18.4441 32.2094 21.4922 28.6907 
4.7855 28.2146 28.0562 32.381 24.9305 
4.8062 31.9866 30.2207 31.1912 27.4495 
11.5028 38.0275 23.3648 35.4111 28.3753 
24.2601 26.242 2.5725 31.4441 14.6761 
17.4535 8.118 21.2253 12.0895 10.9675 
30.5901 30.9979 4.72 28.311 15.2666 
11.5799 24.0662 30.5612 24.1808 24.8373 
12.8458 29.4854 12.2035 28.5171 18.4541 
16.6043 19.9802 8.6159 20.212 13.1156 
7.112 29.0746 17.2975 32.0871 21.9997 
22.0742 25.4119 4.8666 25.6525 15.4574 
14.625 19.4634 33.1944 25.6923 23.395 
16.2109 30.721 7.0031 30.5487 17.0148 
15.8407 25.3493 8.431 27.5393 16.7239 
6.5895 27.4513 22.2676 34.2928 24.4118 
17.797 7.3405 22.193 13.0655 12.7136 
14.4512 25.1786 9.7344 28.3368 17.0947 
3.217 23.42 23.376 29.0222 24.5616 
11.7067 28.5994 12.4477 24.7871 19.1311 
22.0562 7.9263 33.0823 11.6776 20.6289 
12.1212 21.0567 29.3717 26.1885 31.2831 
20.1713 30.5992 12.8497 34.8012 24.4789 
16.8787 22.5081 40.1381 21.302 31.1024 
23.7966 11.3064 17.5006 13.2335 4.0184 
15.7477 32.1814 15.2145 33.9813 22.3118 
11.3678 18.8071 20.6534 19.978 14.8733 
22.17 7.3071 25.0291 9.9542 8.476 
10.9672 12.8511 27.3189 16.6827 19.8191 
18.5155 9.7239 28.1401 14.7155 19.5656 
22.7752 23.289 6.3355 24.9815 12.0961 
10.1315 16.3289 24.5798 20.9664 22.3992 
9.4429 17.0189 21.4277 20.6944 19.0827 
9.4463 30.5103 36.8867 29.7302 35.5806 
29.1852 14.5975 16.9617 13.3894 1.5033 
14.2725 12.8849 22.6195 18.0026 12.8908 
18.1661 9.0045 19.5455 12.8819 7.5857 
8.8233 25.2671 15.7526 29.038 19.1197 
17.8042 19.3297 35.4699 22.652 29.2416 
22.6979 14.4505 13.2033 15.9484 4.0222 
20.4772 4.4028 23.816 9.733 13.9275 
21.8608 4.6225 25.0767 8.1696 16.0742 
14.1067 34.3848 14.3763 32.6939 22.4285 
16.1952 24.0693 11.4363 21.6643 15.7314 
16.1454 9.4461 28.6374 13.3476 13.5202 
30.1348 5.6204 31.2175 2.2414 13.0789 
18.204 14.6435 37.2694 22.7681 29.1633 
16.3278 30.6942 39.4333 27.8853 38.3697 
29.2049 26.61 4.4756 26.5504 14.3914 
6.8855 31.9893 33.4489 36.4534 33.5816 
15.4805 17.7691 31.4646 19.1049 24.7793 
4.4745 23.4024 31.7953 26.1126 24.3186 
4.7611 32.1807 31.7845 34.5582 33.6888 
12.3293 33.366 21.4288 42.9736 34.6196 
25.0213 28.002 2.4905 27.4105 17.4175 
19.0437 8.9391 20.2407 11.7489 11.3362 
27.0579 26.3358 4.7978 27.9427 19.6546 
11.944 24.5236 36.4274 29.5472 25.9064 
12.5584 29.0744 14.5364 26.3912 18.8984 
15.8924 21.7418 10.1066 20.3092 10.9119 
7.5242 23.757 20.1307 33.7098 21.4375 
19.5434 22.7503 4.1718 27.1762 13.8689 
15.258 21.2691 33.8937 23.2892 24.9316 
18.8145 27.4082 8.4231 32.5684 17.857 
18.4762 25.9143 7.8181 31.3576 19.792 
6.202 25.5684 18.0536 35.074 25.8909 
17.6153 8.5085 26.4968 10.9005 13.7143 
EOF