I 50
J 5
bounds (0, 100)
cv 1.0
D 25
k 5
t 3
λ 106.6996
λ bounds (80, 120)

Icoords
18.3801 10.0589
28.5602 54.5984
14.2373 13.4956
8.6441 52.2495
18.1898 35.8969
83.8216 25.5218
15.5776 71.5287
58.1358 99.6927
54.8871 89.4611
91.108 72.9972
47.5294 13.4291
65.2653 24.7337
37.2031 14.5574
46.7547 12.4232
44.5787 96.8974
5.8152 78.2645
49.0135 34.4313
60.4209 16.9999
93.0699 32.8165
29.2491 46.3163
45.3051 57.1931
92.8228 3.5689
74.757 89.3643
75.0008 87.2783
94.8073 80.8744
67.0929 49.8468
33.8221 5.2342
44.7736 17.523
95.8251 51.8375
52.9713 59.8063
61.1372 55.0685
63.4596 39.9458
85.3662 75.3993
64.8599 50.5016
8.7069 78.2411
48.4847 64.1308
66.0891 14.8793
74.9786 73.7229
42.3592 26.111
2.3642 28.0734
32.1459 85.7205
50.241 60.7996
69.5392 14.7963
96.8073 89.2969
20.2726 79.5283
23.2128 31.5244
47.4223 18.6299
40.2299 21.7574
93.6361 81.6555
47.0103 3.7213

Jcoords
82.1734 75.2006
46.5474 68.9883
86.7079 64.2366
36.8772 60.3391
62.8521 95.7892

C
34.82 24.6108 32.5345 17.8457 30.6541 
19.5223 8.3478 21.2483 3.7806 17.5047 
33.1219 21.4345 28.0002 18.5219 37.6014 
27.214 12.4802 30.9992 9.1426 24.9816 
24.5173 17.4275 24.3278 10.3102 28.4053 
19.8327 18.2831 14.3137 18.2061 26.406 
24.4044 11.4352 24.5256 9.4892 18.2151 
13.3288 12.215 14.157 15.3776 1.9977 
10.9359 8.3849 16.0678 10.7243 3.0518 
3.1269 13.5072 3.5479 17.631 14.5174 
23.5841 21.6937 19.3695 18.6211 31.9595 
17.2339 16.4668 14.2078 17.8369 21.3574 
28.5684 16.8443 26.8472 15.5296 29.0651 
22.6402 19.8262 23.443 17.8962 33.3086 
13.9725 8.6425 19.6915 14.1223 6.6784 
29.6737 13.0673 32.6183 13.9795 18.4435 
18.3354 12.4964 19.1545 11.2407 20.7882 
21.7403 16.3037 21.1747 19.0676 25.1457 
14.6166 18.3862 11.1689 20.9425 26.8284 
21.5066 8.8775 23.4856 5.2519 22.0325 
15.5138 3.8416 15.0898 3.5777 13.368 
24.1662 29.2161 22.384 31.6984 31.4468 
6.2992 13.0391 10.298 18.1008 5.4071 
5.3027 10.5127 8.6452 18.439 5.2629 
5.1465 16.7148 6.3322 22.5689 11.0589 
11.3604 10.1258 8.2469 11.3933 15.2531 
33.0921 21.6099 27.344 17.175 32.8456 
22.6367 19.0226 21.1739 16.1831 25.4637 
9.6466 19.1437 5.7683 18.7488 17.1319 
11.1248 3.3641 10.6332 5.7729 14.5118 
11.4839 7.3844 8.508 9.2923 13.2256 
15.4466 12.8315 13.3955 10.4566 17.9603 
1.2415 13.5818 4.0486 17.6033 10.7375 
12.044 10.0572 8.7536 11.7015 18.015 
25.0294 13.8642 27.4437 11.5719 22.4882 
13.1063 1.8999 12.0824 4.5071 11.1599 
22.9613 18.6224 17.8339 19.4477 28.3978 
2.3805 10.846 5.3447 14.8531 8.9083 
19.0944 13.7042 21.9256 11.4462 28.0349 
32.7085 18.1135 36.0654 15.0905 27.5208 
18.0459 7.4751 21.0926 9.3876 11.4491 
12.9644 2.9312 11.0179 4.1131 11.4963 
24.4377 18.1371 18.9615 21.5434 25.7946 
7.7171 17.7965 8.3083 20.4404 12.3796 
19.8318 11.1485 23.1923 8.4248 14.7721 
28.932 17.1559 23.5421 9.9116 28.768 
21.9558 17.2755 20.1229 12.9581 26.7693 
24.0633 14.872 20.8417 12.7025 24.5548 
5.02 14.6629 7.116 18.8498 13.0853 
30.9957 24.9196 28.6167 21.592 31.5669 

31.0545 21.3189 34.5226 21.1566 31.0114 
21.814 8.7141 19.091 3.822 16.4971 
35.398 23.8361 32.2113 15.9309 36.1294 
27.6839 13.3379 28.464 11.2102 21.2757 
23.3909 15.9676 22.8819 11.5809 25.5364 
18.6249 20.8713 15.2571 23.3378 25.1887 
22.5903 9.8877 23.5031 7.4778 18.3479 
13.2876 11.6145 17.0395 16.9565 2.2322 
9.532 7.4034 13.3431 10.9914 3.9562 
3.2337 14.666 3.2028 18.199 12.332 
22.2314 21.3659 20.7746 16.8557 30.661 
18.82 16.5629 16.5046 13.9708 23.6396 
24.5972 20.1082 25.8233 16.8847 33.1966 
22.215 19.6961 20.8913 16.6144 26.9067 
16.2123 8.525 20.8269 13.8309 6.6528 
28.1377 14.3665 28.4066 11.8887 22.7396 
18.2355 10.539 16.0502 10.3166 19.6811 
22.0448 20.4415 18.3366 18.7174 26.3282 
14.8617 18.2506 10.9541 22.0062 27.4082 
19.4386 10.7483 19.2784 4.856 20.1605 
14.4675 3.736 12.6161 3.3636 12.8762 
21.9067 31.8925 19.1401 29.2833 34.8989 
5.7732 12.3501 9.2935 16.1537 4.7862 
4.4824 12.9346 8.8494 17.174 5.2302 
4.6451 15.9593 6.1231 24.5172 12.1945 
10.8382 8.6235 7.882 9.9699 15.5484 
31.3316 19.5425 28.8891 21.5184 33.0358 
23.6816 17.5344 19.8995 13.3749 27.2148 
8.1367 16.0392 5.2866 19.7911 16.8572 
11.0786 3.5019 13.3859 5.1594 11.3251 
10.7472 6.6524 9.2849 8.9671 13.7269 
14.6124 12.4753 10.5073 11.3947 17.9212 
1.2079 11.8427 3.6124 17.192 10.8135 
11.8993 9.9792 10.0672 11.8439 17.0358 
23.2353 14.8809 28.141 11.3483 18.8683 
12.6453 1.7247 12.5067 4.3056 10.8922 
19.6838 19.9801 20.241 19.6098 27.005 
2.3622 9.9986 5.307 13.9122 8.5986 
23.5631 15.7506 21.9198 10.6905 22.2173 
31.0031 18.3604 27.8153 18.0103 27.9929 
18.4498 8.6849 18.5887 8.9229 11.2262 
10.9362 2.9806 14.1606 5.1 13.501 
24.2094 22.252 19.6733 18.1639 28.2083 
7.4489 16.5605 10.3266 20.7466 13.6795 
20.1048 10.721 26.9009 8.7445 16.3263 
23.781 15.7789 26.342 9.902 24.2753 
24.3592 19.7485 18.9672 15.036 25.0382 
21.0537 18.098 23.7003 13.8256 23.951 
4.5543 15.6675 6.3399 18.9892 10.2027 
25.6187 25.4417 27.5311 19.3143 31.1465 

28.4651 25.7668 26.4043 18.569 36.7289 
21.8025 8.9652 17.7 3.0782 17.8263 
31.057 20.8758 27.4252 18.1941 33.6157 
26.3975 14.1003 27.1371 9.2836 24.8982 
27.9414 13.5751 23.8607 11.9993 27.9944 
17.0343 22.3085 14.0847 23.0689 26.274 
24.5445 9.81 21.7941 8.8372 17.062 
12.3233 12.2085 17.0804 13.4946 2.0889 
11.1022 7.3304 14.8333 13.2376 3.2817 
3.5742 17.1983 3.4685 22.2364 11.0469 
21.7427 18.7764 21.9551 14.667 25.6179 
18.7242 15.7173 13.8213 17.1356 22.0541 
28.6137 16.6234 22.562 13.9546 25.7429 
26.8064 17.5296 21.3362 17.3287 30.2265 
14.4022 9.1545 16.8875 14.6902 6.8248 
27.4117 13.9111 25.0733 11.2252 21.2897 
17.1214 11.516 17.7705 10.9202 23.3544 
20.7648 16.2714 16.6878 18.2587 27.5027 
13.2206 23.4306 11.3484 24.6592 23.4059 
24.1053 11.0534 19.489 5.8793 21.3028 
15.0214 4.2508 14.695 3.1369 13.7326 
25.8174 29.5686 21.9876 24.3496 32.5328 
5.6054 10.638 9.2434 15.9724 4.2059 
5.4278 10.8476 9.3017 15.8296 4.5182 
4.4166 16.1929 7.2575 19.6925 12.935 
10.7999 8.4747 8.2494 11.3389 14.621 
28.1424 20.3877 24.0003 20.5029 34.8996 
22.8086 19.9753 23.1638 16.575 30.4761 
10.2582 19.0811 6.1361 17.915 17.1594 
12.6994 3.4123 10.4155 5.3977 12.6684 
8.7614 6.8964 8.6139 8.3514 14.0774 
12.1457 10.5898 11.8623 10.4499 20.613 
1.126 14.6165 4.1026 17.121 11.7885 
10.0835 8.1577 9.1665 9.7616 14.6695 
24.9044 13.1474 29.7102 10.4838 20.1148 
12.5177 1.5867 15.0753 4.5218 13.2493 
22.4557 22.2065 17.2241 17.3241 27.4261 
2.5957 11.1284 5.6359 13.2984 8.7446 
24.448 16.6897 22.2239 13.1482 27.2505 
35.4983 19.1432 31.688 15.6008 36.2646 
20.239 6.9386 20.4534 9.2844 10.2535 
11.3215 3.4513 12.4647 4.2148 11.7009 
23.617 22.5463 19.8879 17.0486 27.5581 
6.5589 20.7996 10.7589 22.2575 11.1558 
24.0017 8.9148 21.2289 9.4094 15.5469 
27.4718 15.4655 27.5991 11.8314 28.1564 
20.2296 19.0635 18.1004 13.5088 29.7122 
22.2358 16.9306 23.9018 12.7877 25.7779 
5.0924 18.8955 6.5761 20.5171 12.9939 
26.24 21.5452 24.5854 21.1779 33.0149 

end