I 50
J 5
bounds (0, 100)
cv 1.5
D 1
k 5
t 3
FLR 0.8
FCR 10
abounds (80, 120)

a 
92.0 92.0 100.0 
106.0 92.0 104.0 
84.0 97.0 79.0 
104.0 85.0 90.0 
82.0 100.0 99.0 
77.0 92.0 72.0 
81.0 93.0 92.0 
100.0 78.0 81.0 
86.0 92.0 75.0 
94.0 95.0 81.0 
78.0 85.0 67.0 
75.0 94.0 97.0 
100.0 84.0 74.0 
88.0 83.0 80.0 
73.0 82.0 106.0 
97.0 84.0 88.0 
78.0 91.0 90.0 
80.0 88.0 105.0 
106.0 86.0 82.0 
108.0 82.0 84.0 
108.0 74.0 93.0 
79.0 98.0 81.0 
89.0 98.0 99.0 
87.0 85.0 76.0 
101.0 87.0 105.0 
92.0 103.0 98.0 
84.0 86.0 90.0 
85.0 91.0 83.0 
92.0 84.0 74.0 
80.0 85.0 92.0 
87.0 87.0 88.0 
99.0 88.0 105.0 
79.0 93.0 86.0 
95.0 82.0 77.0 
102.0 97.0 94.0 
91.0 79.0 100.0 
75.0 87.0 91.0 
95.0 92.0 107.0 
87.0 89.0 76.0 
84.0 82.0 84.0 
88.0 98.0 82.0 
105.0 89.0 88.0 
95.0 81.0 100.0 
68.0 104.0 100.0 
80.0 103.0 78.0 
76.0 83.0 89.0 
84.0 73.0 97.0 
89.0 85.0 71.0 
96.0 95.0 75.0 
84.0 75.0 75.0 

Icoords
20.1115 18.8417
42.6992 4.9213
33.734 6.9666
75.6263 4.8151
64.0819 72.8732
40.5713 59.3884
70.3748 86.6837
58.7976 50.6453
47.434 64.6212
1.704 26.6709
5.9035 7.5266
77.509 78.5681
66.0819 21.6042
42.9227 6.2231
54.4605 32.3414
77.721 23.8709
26.4387 97.4141
59.3297 57.0224
8.6001 70.0876
85.1879 56.726
86.8149 37.8503
20.1251 35.014
84.6259 14.0519
34.139 45.7763
59.4958 46.6095
27.2896 82.2877
45.874 35.889
88.6732 28.5486
52.8183 57.2483
89.1876 12.8989
0.2957 8.4789
33.8753 18.3201
62.6804 50.2225
66.4519 79.1732
95.6496 7.7212
36.4511 72.8033
3.1176 84.5688
77.4601 63.7987
44.7525 5.49
65.6478 16.6634
17.0002 61.7011
22.5588 74.6905
80.4109 62.2597
8.9381 80.0977
72.6118 65.7902
58.6513 80.1274
77.0338 92.9393
64.4199 83.4812
1.2896 63.0392
97.3594 43.174

Jcoords
58.6324 8.356
63.4686 45.7929
88.6854 2.0655
88.2908 43.4314
77.776 87.5405

C
12.7273 15.8156 22.4496 26.3675 27.6253 
5.6542 14.7303 16.6514 22.4872 31.415 
8.0223 14.9109 20.2638 21.2022 29.3932 
5.9836 14.3489 4.0663 15.3457 32.6958 
20.965 8.9767 25.7039 12.6891 7.5168 
18.9578 9.8768 22.7885 19.9758 18.121 
29.3368 14.3901 31.2542 18.4315 2.5787 
13.4227 2.2011 22.0507 10.8152 15.787 
18.5129 9.3952 24.503 16.2698 14.5637 
19.5493 23.2377 30.8155 30.3211 33.5052 
17.3236 24.8429 29.9741 34.2768 41.3115 
24.3199 12.7078 29.0626 12.963 3.5717 
5.3728 7.4619 10.5379 10.7836 25.179 
5.3776 17.6114 15.3339 18.905 32.8142 
8.1923 6.2118 16.6739 12.4285 20.559 
8.088 10.3362 9.338 7.5327 21.2593 
37.4627 20.5644 39.5351 30.5317 20.0748 
15.8231 4.0751 20.1248 10.0742 11.9104 
26.6829 22.7905 40.7269 30.5788 28.1736 
18.4302 8.0121 18.7595 4.5079 11.6758 
15.5344 9.186 12.4164 1.8797 17.1972 
16.5934 14.0467 28.0609 21.3674 23.5378 
9.6169 12.2792 4.6331 9.2315 24.7328 
16.5299 9.8665 21.3193 20.2663 23.1703 
14.3066 1.5384 17.9579 10.5537 14.7035 
31.0283 19.6459 31.8718 22.8621 16.2835 
9.8076 7.5088 21.7806 14.0233 20.4287 
14.0588 9.516 8.893 5.0916 20.7565 
14.9286 5.6998 25.1742 12.3875 15.1071 
11.232 14.9399 3.4596 10.5047 24.1855 
20.1029 27.4624 35.0323 35.9605 36.2534 
10.1944 13.2688 18.4258 22.6356 26.5166 
16.0676 1.4384 18.143 8.4653 15.909 
25.1433 12.5574 27.1964 14.9239 4.3873 
14.5721 15.2493 3.4935 13.556 31.3524 
23.3099 14.036 33.3443 18.8578 16.852 
37.6305 24.9277 43.1714 33.9758 23.4389 
21.8224 9.0231 20.5241 7.797 8.9633 
4.9562 17.0948 14.7093 20.4841 32.2035 
3.8774 10.9044 9.0411 12.8847 26.0808 
23.6432 15.9971 32.9258 25.3238 25.4785 
28.1421 18.6874 34.2001 22.0178 20.5681 
22.2723 7.8061 22.6454 6.6927 9.7756 
33.207 19.6879 42.7996 31.8363 27.3771 
19.7904 8.7382 22.0755 8.7687 6.8853 
24.1654 12.6652 30.42 15.6324 7.7389 
26.8428 17.2933 36.0882 15.4143 1.6736 
24.164 12.3506 25.7243 18.286 4.3176 
29.5711 20.8356 34.9635 31.4817 29.9253 
19.5499 11.6898 16.3727 3.4212 17.7981 
15.3223 15.8156 24.6946 27.0561 28.1993 
6.4268 15.2025 16.6606 20.279 34.7719 
9.5783 16.5786 21.5437 23.3086 36.629 
5.4906 16.7725 4.2612 14.7848 29.3609 
23.4902 8.397 27.7353 11.9954 6.7583 
19.2122 9.0993 28.1619 19.2915 15.8768 
26.8736 15.7627 33.3147 16.615 2.6234 
16.0151 2.4314 21.275 10.3294 16.0277 
20.0045 8.359 23.4914 18.2718 12.7005 
19.3459 23.6386 29.2065 28.7248 35.6778 
15.9999 25.1955 32.3883 33.7196 41.4514 
26.4284 13.2961 28.7611 12.2904 3.3554 
5.423 8.1528 8.9723 12.4371 22.8553 
5.3602 15.079 16.8503 18.7114 30.2043 
9.1198 6.3672 16.7607 13.0266 19.9897 
8.115 8.6445 8.5302 7.6283 23.6469 
36.2505 25.1322 44.5453 29.6861 19.2018 
14.9908 3.9865 24.1747 12.5727 12.3062 
24.5295 21.8844 39.2243 33.0745 21.453 
21.6472 8.4109 19.4551 5.1031 9.863 
15.8241 7.948 13.9895 2.2503 18.5002 
17.0758 14.3594 27.1481 21.1614 27.6324 
9.3428 15.2089 4.3154 10.9843 28.2017 
16.9458 9.6817 21.8855 19.9411 21.6603 
12.2481 1.4763 20.2852 10.9477 14.7259 
30.6268 19.4609 39.2059 21.9942 16.5626 
11.5828 6.5114 16.4391 16.7331 21.1511 
13.3565 10.0871 8.3898 5.4965 19.2328 
16.5091 5.5199 22.094 15.1779 14.275 
10.2033 14.3721 3.6678 10.1137 27.6363 
18.5044 22.0403 31.7976 31.8229 36.4859 
10.2158 13.1153 21.8902 22.0723 25.0904 
12.6522 1.577 20.9725 8.1633 15.3857 
24.3809 10.2517 31.4897 13.2484 5.5785 
12.5766 15.0947 3.4298 10.9564 30.2563 
20.7744 13.971 29.5104 22.9094 16.1237 
34.5378 25.5876 46.0955 30.7125 26.4575 
20.0776 8.3413 21.2644 7.6955 7.4603 
5.448 13.9176 15.0971 18.0644 34.5473 
3.4403 10.995 10.132 11.7382 22.6436 
21.6267 17.8389 31.4339 22.1004 25.1021 
27.455 17.7958 36.41 22.8767 20.6645 
22.8537 9.441 22.3537 7.1335 8.5505 
28.2849 20.7251 42.9446 27.1596 23.4582 
17.9225 8.2742 20.0514 10.2925 7.5627 
28.522 11.0773 26.6729 14.5051 6.1964 
29.6041 16.2091 27.5128 15.3178 1.7428 
24.3599 14.9632 32.3763 14.0851 4.6568 
29.1353 20.642 32.3314 35.6198 25.3153 
20.3415 13.0053 13.52 3.384 15.092 
13.2143 16.6579 21.7648 25.8819 28.002 
5.5254 14.2673 14.6426 20.1597 34.9155 
7.6707 17.8012 18.9673 21.9043 27.7771 
6.1468 16.0672 4.2478 14.6507 25.3639 
25.3873 8.4783 28.9197 13.44 6.4333 
18.0592 9.9834 26.3658 16.3479 15.093 
27.7844 13.5067 26.9686 17.5794 2.8633 
13.8245 2.224 17.9839 11.0277 16.2144 
17.8245 9.5337 27.5902 13.8673 12.3545 
18.1918 25.339 29.9477 29.6685 31.7515 
17.1601 26.6194 32.4298 35.7327 38.3753 
26.3702 13.2711 24.3 11.1842 3.5205 
4.8135 7.6735 10.2002 11.5932 21.6432 
5.8738 15.0923 16.0599 18.2948 33.2389 
8.65 5.6662 16.8018 11.7912 18.9351 
9.1334 9.6825 9.1306 8.5733 19.6994 
28.8925 19.1604 42.2452 32.6744 18.2294 
14.9811 4.6125 22.374 10.8771 13.8396 
29.7899 19.9162 33.9496 30.6376 22.994 
18.1874 9.1452 20.315 5.1918 10.0912 
14.6043 7.6842 12.2014 1.9368 18.778 
17.0665 14.2924 28.7988 24.0804 25.004 
10.4498 14.3849 4.9697 9.8503 23.9652 
14.9869 11.0162 27.3866 20.6132 21.0502 
12.4891 1.4212 17.5798 8.7228 16.1335 
30.5546 19.317 37.1451 26.4639 16.6083 
10.6118 6.1944 18.7579 13.7949 24.2412 
12.1331 9.2778 8.1091 5.0574 18.7948 
17.3707 6.2331 20.7909 14.3442 14.0826 
11.8375 14.4055 3.6634 9.5577 29.6977 
18.1777 28.7684 28.1109 36.5381 43.8473 
8.4037 16.1277 17.7912 19.9208 32.2708 
14.0781 1.698 17.218 9.8722 13.5863 
24.2812 11.9207 28.5687 14.1532 4.5 
13.8316 18.2652 3.2387 12.2945 32.4485 
25.1093 14.2461 34.294 17.982 16.4703 
35.2921 23.1056 36.515 35.1203 27.892 
22.2909 7.224 22.877 7.5663 7.6337 
4.4276 14.3131 13.5415 18.9364 30.806 
3.7339 10.7467 8.5665 12.5972 22.0899 
23.1086 19.2633 31.1728 24.5585 26.2049 
26.6546 17.7558 33.6795 26.0647 19.2358 
21.3944 8.8173 21.7218 6.462 9.491 
29.7859 20.1775 37.5556 34.4849 24.8361 
18.1825 7.5684 20.6231 9.9157 8.4032 
22.8377 12.4364 25.1841 17.4391 7.7368 
29.2752 15.38 29.849 19.5826 1.7237 
26.5526 12.7955 28.324 17.885 5.1608 
31.0766 21.2937 41.8582 29.4751 24.1587 
18.8938 11.7068 15.5157 2.8768 15.8389 
EOF