I 50
J 5
bounds (0, 100)
cv 1.0
D 10
k 5
t 3
FLR 0.4
FCR 10
abounds (80, 120)

a 
114.0 119.0 118.0 
112.0 100.0 110.0 
115.0 122.0 101.0 
107.0 115.0 117.0 
101.0 113.0 115.0 
120.0 117.0 106.0 
100.0 129.0 117.0 
115.0 103.0 130.0 
105.0 122.0 126.0 
117.0 107.0 106.0 
122.0 106.0 115.0 
114.0 113.0 117.0 
118.0 104.0 108.0 
136.0 123.0 115.0 
117.0 130.0 107.0 
133.0 111.0 135.0 
121.0 100.0 132.0 
115.0 118.0 118.0 
125.0 114.0 114.0 
116.0 120.0 111.0 
102.0 95.0 110.0 
126.0 114.0 112.0 
132.0 127.0 117.0 
118.0 128.0 107.0 
122.0 117.0 129.0 
114.0 109.0 116.0 
121.0 123.0 122.0 
110.0 105.0 100.0 
115.0 119.0 113.0 
139.0 131.0 122.0 
100.0 115.0 118.0 
116.0 119.0 99.0 
118.0 131.0 118.0 
106.0 115.0 108.0 
126.0 117.0 112.0 
121.0 121.0 122.0 
129.0 108.0 133.0 
126.0 111.0 110.0 
121.0 149.0 137.0 
110.0 123.0 99.0 
128.0 135.0 113.0 
105.0 142.0 137.0 
114.0 112.0 110.0 
130.0 109.0 114.0 
126.0 116.0 130.0 
125.0 101.0 135.0 
121.0 119.0 120.0 
119.0 100.0 109.0 
101.0 101.0 122.0 
122.0 122.0 112.0 

Icoords
27.4608 62.5999
8.3249 14.8212
88.4916 60.5785
63.4328 89.3448
89.4756 95.06
92.3041 81.9776
60.2986 10.0787
44.2313 31.6906
66.7116 87.9573
89.3616 21.444
41.452 15.7101
87.6008 99.8076
76.1627 92.6977
1.1495 86.3074
1.7863 16.9071
90.3708 26.7354
65.7871 47.2524
7.3832 51.5419
2.6967 34.9944
56.4348 69.6761
95.5654 97.539
92.8777 86.1347
72.2797 41.4642
42.6418 38.9233
53.9035 76.9897
78.7962 64.9134
28.8137 29.0658
58.3513 96.5244
36.0551 57.6747
15.3803 90.9381
83.533 65.7132
9.3953 21.8361
42.5596 67.6641
55.8911 47.3633
89.3597 99.9233
65.7492 34.947
48.2348 14.4985
56.0351 84.0654
20.6068 14.7152
75.5025 92.6326
98.2917 83.2816
90.2752 9.939
32.9968 88.8624
77.9843 95.8622
3.7304 5.1077
75.0634 43.3089
59.3463 22.3814
81.5618 83.0402
1.4219 94.972
92.9714 11.0836

Jcoords
93.8277 9.8076
43.5842 68.3142
7.3771 48.8942
76.5318 76.3588
91.4207 31.0899

C
31.1483 5.8794 8.1794 16.981 26.8303 
34.2171 21.2706 12.9937 30.8572 27.2479 
15.6623 16.8832 29.601 7.0351 10.0636 
31.9897 11.2549 25.5008 6.9575 23.3958 
33.3942 18.1446 37.5623 7.3235 24.4031 
22.1972 18.5852 33.8324 6.1448 16.7548 
11.9502 19.3999 25.6023 23.1876 13.2103 
16.6857 12.714 13.7796 18.7198 18.4384 
28.7867 12.0342 24.892 5.0668 23.0467 
4.254 19.917 31.3237 18.249 3.6592 
17.9573 18.1949 17.7935 26.2947 18.351 
28.499 17.4871 32.2959 8.1784 23.4139 
29.2562 16.0615 25.6389 5.8116 24.0738 
41.2673 15.4869 14.735 26.164 32.328 
31.8301 21.301 9.9592 35.194 32.5337 
5.5684 21.7383 29.9021 20.0813 1.677 
17.7344 12.1312 19.3121 11.3091 11.5608 
33.3955 13.9322 1.0488 25.3682 26.1287 
35.2851 20.8763 4.9514 26.0499 31.8117 
27.0982 4.2179 17.4805 8.0861 16.657 
30.4312 21.6529 37.5767 11.1967 26.2318 
29.5103 20.8143 30.0946 6.5557 21.3594 
15.0803 12.9016 24.4974 11.175 8.3973 
20.5929 10.1804 14.5453 19.0323 15.8636 
25.0079 4.7968 20.3763 7.8528 20.6419 
20.0374 10.9771 26.2179 4.6039 13.0295 
22.688 14.732 9.5166 23.904 19.8818 
28.314 10.1638 23.0919 9.6631 27.4276 
25.5089 4.2856 10.1163 17.2261 21.0477 
35.7185 12.6946 12.8953 24.3918 37.2845 
19.9187 12.3703 25.5109 5.089 11.8995 
26.95 18.3596 9.5536 27.2694 30.5997 
29.2516 0.482 14.0803 12.4944 21.2946 
20.0609 9.2916 15.1342 13.5462 14.4554 
27.1491 20.2265 30.8241 9.0604 26.5747 
11.721 13.0349 22.3137 13.4925 7.8891 
16.8897 17.3716 20.5834 23.8292 15.489 
32.9121 7.6618 21.1695 7.4233 19.284 
26.7783 20.5274 14.1689 29.6638 24.305 
29.6813 15.3525 27.5903 5.7137 20.4117 
29.0021 18.5922 32.1151 7.0308 20.5567 
1.1585 27.755 32.3788 26.5745 7.8076 
31.7404 7.5056 14.2613 15.9076 31.0254 
29.7328 14.6757 27.5097 6.1528 25.455 
27.6163 29.717 13.5769 31.3137 31.48 
12.6216 12.8566 24.382 12.5813 8.0689 
12.5302 18.7158 18.2434 22.6192 13.2776 
25.2979 12.953 29.5467 2.5357 20.1463 
41.0549 18.8208 15.1509 24.414 37.7342 
0.5753 25.8531 31.4127 21.5807 7.8138 
28.019 6.1189 8.6998 17.2001 24.292 
30.0545 20.3288 13.4845 31.5646 31.9642 
16.9896 14.7597 31.4367 6.2391 11.3616 
33.2754 9.5343 26.6898 6.6993 22.5557 
28.0333 17.709 30.2533 8.1468 23.8463 
24.6371 20.1184 33.7321 6.1648 20.2055 
12.0005 19.933 24.7623 25.7534 12.5307 
20.5888 11.9631 13.32 18.582 18.4761 
32.6001 9.898 22.1286 5.3388 21.5773 
4.4958 23.2714 34.2546 18.5309 3.9068 
18.1049 20.0902 17.941 26.4699 17.9902 
31.1242 17.1029 30.3671 8.0565 25.6988 
28.307 15.1378 25.5329 5.5779 21.2495 
47.5043 17.6716 13.6541 26.5746 42.0211 
35.8181 22.6858 10.8554 32.6248 27.9236 
5.641 23.4596 26.6121 19.1746 1.5082 
18.684 10.6683 18.9031 11.0361 10.8547 
30.2662 14.7302 0.7975 25.5077 27.9191 
32.7134 18.7929 5.4486 29.3844 34.0408 
23.7524 4.7025 19.292 6.5252 17.256 
33.634 18.856 32.5712 10.4307 23.0294 
28.6707 18.7386 35.3264 7.1671 18.1712 
12.0436 12.8427 24.014 13.3791 8.7043 
21.9179 9.7657 11.1847 18.1537 16.6689 
26.2896 4.7968 17.3109 7.6921 22.4382 
19.4148 11.154 26.9352 3.9925 12.4374 
26.0647 15.1388 11.511 20.5246 19.5874 
34.1043 11.2528 27.0475 8.2947 26.5258 
28.735 4.8799 11.8979 16.6376 19.4386 
35.6621 11.1109 14.2092 19.5574 34.0912 
20.8055 15.1366 25.3393 4.3143 14.1758 
26.6942 22.612 10.6091 30.7894 32.556 
24.8607 0.4719 12.2659 11.2987 19.5734 
19.2335 9.226 19.1046 12.6351 15.4402 
33.8439 17.2838 33.779 8.108 23.7237 
14.8793 14.2327 20.9453 13.1972 9.0521 
18.3105 19.219 16.0331 23.4414 17.1406 
25.1465 7.5473 22.3223 6.9153 24.8902 
29.0605 22.9242 13.3846 32.76 22.9241 
31.7681 13.4826 28.0437 5.1055 23.9969 
26.043 20.8949 37.082 8.5333 18.2562 
1.2783 22.6122 31.9483 22.0301 8.3033 
35.521 8.4718 17.1715 15.5724 32.8165 
31.1941 15.5968 33.6494 5.9728 21.4661 
35.5376 28.8801 17.5357 37.3748 28.1052 
13.5047 12.5833 24.6672 11.3109 7.3094 
12.0421 16.0352 17.5141 20.6536 11.0641 
26.1815 14.8715 24.6794 2.6469 16.9102 
46.4334 15.314 15.5598 23.5705 37.8556 
0.5435 25.8002 31.4875 24.105 6.9429 
27.4254 5.1335 9.259 19.3304 27.2154 
27.5621 20.3801 13.1505 35.9557 32.5569 
15.938 14.5045 25.3804 6.1124 11.0534 
32.7986 8.927 27.1598 5.5704 25.6256 
27.4956 17.8206 32.2407 8.9246 22.7327 
27.9793 19.7541 28.1997 6.2017 15.8743 
11.9736 21.169 20.2666 25.6033 11.6745 
20.4316 12.0437 16.1752 17.2591 18.7215 
28.0422 11.1573 23.5991 5.1458 21.9245 
4.5107 24.0969 32.7243 22.439 3.4699 
20.8615 20.8957 18.6639 24.6482 19.9874 
31.3047 19.9119 28.7233 9.8042 22.2232 
30.1546 15.5976 27.4412 5.3703 22.6267 
40.9789 14.8739 14.6781 26.6734 34.6455 
31.9871 20.1615 11.021 29.4732 27.4245 
6.4427 22.6396 28.9228 19.1283 1.5772 
16.1392 10.6071 17.6643 11.7993 9.5335 
31.2741 13.8963 0.8534 22.8629 29.8738 
34.7462 16.7781 4.9558 26.5661 28.0018 
22.6371 4.5759 18.3543 7.3745 20.7769 
33.9061 22.1657 35.1092 10.8949 20.1133 
28.5027 17.8581 31.8479 6.71 20.4508 
11.6185 15.6682 21.9954 10.8798 8.6825 
18.7615 10.9067 14.3584 16.0479 15.577 
26.524 5.061 18.9197 8.5025 18.3181 
18.261 13.0855 24.7248 4.5234 11.6648 
21.1691 15.9985 11.6132 20.5918 19.7252 
37.0837 10.5268 23.1616 8.4874 24.9348 
23.4382 4.0822 11.1271 14.9614 19.758 
35.7523 11.5014 12.8482 21.8332 38.4264 
17.8154 13.6554 25.6512 4.7437 13.9307 
26.3104 19.3289 9.3393 32.917 32.2836 
26.4918 0.4291 12.1663 11.3863 21.1603 
18.9666 8.9174 14.6342 12.7312 15.3503 
36.0274 21.8509 31.3455 8.8914 24.1644 
11.4836 12.3179 20.2851 14.8918 10.0074 
17.2426 18.8571 18.3296 24.6047 14.3786 
25.3215 6.8566 23.7332 7.1474 20.0039 
27.8864 17.8099 14.3448 27.6746 26.1512 
25.6605 15.3485 26.376 5.6958 19.5599 
24.5856 19.5394 32.5525 7.4441 17.256 
1.2808 22.4851 34.4305 27.0222 8.2207 
36.0496 8.7654 15.1634 17.4975 32.7508 
30.3628 15.1384 27.0264 6.7121 22.8486 
34.5181 24.5761 15.3124 37.9147 28.4985 
13.3895 13.5561 24.9797 10.7287 6.8684 
11.1539 14.7386 22.3156 19.0448 11.4231 
24.6964 14.9815 24.6304 2.866 19.0253 
47.5016 17.03 16.6934 24.3753 40.7913 
0.5445 24.7116 29.7751 26.5148 6.2647 
EOF