I 50
J 5
bounds (0, 100)
cv 0.5
D 10
k 5
t 3
FLR 0.8
FCR 8
λbounds (80, 120)

λ 
81.1365 105.0565 111.7111 
112.0921 91.3314 91.1213 
88.1269 113.3159 94.8422 
94.1344 95.2411 103.3109 
116.9506 103.0571 105.5454 
107.3203 112.1205 118.4346 
118.8177 94.6216 84.1908 
114.6094 92.585 111.5954 
90.9714 104.8138 89.9198 
92.4493 96.1175 88.2401 
107.5954 86.991 108.8079 
87.477 87.1777 93.3871 
112.5642 82.7222 95.7128 
116.9484 87.4834 100.9364 
118.5108 92.1975 91.6025 
90.2008 116.8367 95.6144 
114.4077 80.6639 117.6316 
81.1933 91.2901 99.7134 
89.0369 95.0827 107.2333 
86.8527 101.9153 80.3505 
119.0062 117.584 95.482 
102.7236 80.3822 112.6971 
106.9853 90.3649 107.4224 
119.1045 114.9783 118.5028 
94.4999 108.8009 85.2727 
91.6717 105.78 110.4229 
98.3977 90.7503 107.4436 
111.7852 108.1631 101.0036 
82.6798 116.3594 116.7514 
92.6272 99.298 89.6782 
111.0001 86.1449 84.0198 
115.3619 103.4135 94.8387 
80.6258 107.0429 98.424 
96.3514 119.1363 107.8575 
116.0684 93.2869 105.053 
99.6724 91.2544 103.4128 
81.764 119.8816 109.2254 
82.3495 111.1261 88.4206 
80.0586 93.323 83.014 
94.6926 109.8985 105.4993 
114.5649 117.4367 91.5618 
84.2231 102.838 92.8326 
118.5893 92.753 95.4783 
114.4546 115.5804 93.0299 
84.2431 93.0151 81.0986 
112.3061 96.3458 94.1669 
95.8527 99.2219 115.2109 
87.4902 94.4794 81.8111 
112.5489 90.434 115.7619 
109.8136 88.6005 81.2648 

Icoords
57.5976 88.7532
4.6314 71.1884
7.2666 17.5706
85.3039 55.7971
12.8517 71.4982
49.6162 81.3718
89.8279 56.1828
13.8932 18.8323
8.6507 27.7342
31.2601 60.8622
10.783 35.242
77.2799 58.1345
53.8815 6.4247
57.6173 27.7257
66.2686 51.4445
32.5198 43.6451
47.007 40.6306
18.8723 62.4099
35.159 48.2388
51.8133 86.2472
59.8171 16.8193
56.101 12.2779
41.6539 83.7987
24.4918 26.1795
5.133 32.3675
73.1804 87.6654
80.183 40.8996
15.7433 63.0751
15.9647 12.9181
31.446 43.2978
48.2697 58.2563
12.7064 74.9746
78.9845 70.3488
15.8524 87.2283
57.4099 25.6427
51.4999 30.0321
19.4668 83.1983
22.9198 82.07
96.4837 7.2091
16.2509 80.515
23.0222 88.328
62.8066 82.0884
55.365 92.9833
20.8819 73.2897
99.7596 55.6698
82.7671 51.7269
26.1065 1.5405
20.6153 82.8418
1.0466 79.1895
45.8941 80.0362

Jcoords
72.9191 87.0805
51.9892 87.1033
48.8696 7.3862
44.6991 59.0427
70.7118 72.8521

C
6.0802 1.9655 32.4635 10.0732 6.3771 
24.5744 15.8824 30.6439 13.2931 21.278 
31.2655 29.7873 16.4044 18.4808 25.3294 
12.3311 17.9938 23.9995 15.4913 8.6774 
23.184 13.664 28.7381 10.7513 21.1016 
8.7115 2.2791 29.3886 8.8644 8.1198 
13.4406 18.6276 23.3298 14.2938 8.1365 
34.956 29.052 14.1135 19.3652 26.0287 
27.2232 23.1686 16.3977 16.5393 28.704 
16.4158 10.2162 22.4471 4.139 16.2088 
32.0121 24.1903 16.35 16.1261 24.332 
11.469 14.9783 20.7455 12.4572 5.86 
24.9777 28.9151 1.7086 20.8525 26.9582 
18.4561 18.6864 7.1692 10.4442 17.8977 
14.138 11.7693 17.5172 7.7685 6.8805 
21.0701 18.3528 12.9586 7.5191 15.6404 
17.398 15.4052 11.7503 6.1291 12.2446 
18.3462 14.5575 22.1975 8.9596 18.2227 
21.4355 15.4077 16.4223 4.4897 15.1475 
7.3949 0.3367 25.845 9.3665 9.2495 
24.658 27.6015 4.5159 14.5129 21.8967 
24.588 26.8504 2.7501 15.2539 21.9087 
11.8549 4.0463 24.9292 9.3011 11.7623 
29.7695 26.3624 9.9976 14.8451 22.8652 
33.2419 27.5095 18.2333 15.8664 30.3265 
0.2236 8.0343 25.5078 15.2228 5.5145 
14.5201 19.4368 16.2732 13.6099 12.5308 
19.676 15.2509 24.37 9.7353 17.5812 
28.5482 30.2498 12.4191 20.4981 30.6029 
18.4419 17.6067 12.0304 6.8944 17.4957 
12.6637 10.6338 19.8712 1.2669 9.7848 
19.2176 15.3103 24.8362 10.8257 18.3826 
6.2059 9.843 23.388 12.3756 2.8747 
21.2061 11.8349 30.7669 12.926 20.7225 
24.9025 21.1011 6.9637 14.1983 15.2734 
19.8776 17.7384 8.5652 10.137 16.0039 
18.7415 12.1197 30.7286 12.7986 17.1527 
19.713 9.6442 25.1106 10.4151 19.3572 
25.4239 32.3088 16.1937 22.3691 24.5483 
19.8867 13.6713 30.0517 13.4656 19.6396 
15.1934 10.8028 30.4358 13.1166 16.8463 
4.0994 4.0813 25.8446 9.8623 4.1712 
5.7042 2.6219 27.2466 12.2243 8.7788 
19.7139 12.8215 25.0887 8.5396 15.8615 
13.0229 19.946 22.8691 16.665 10.2901 
11.2448 16.3743 21.6165 11.8775 8.3525 
31.6913 34.0494 7.0599 20.4688 25.2591 
16.7501 10.3883 25.2513 10.4184 15.3248 
28.4229 19.0233 26.3559 15.928 21.1468 
11.1712 3.5034 23.4493 8.3626 8.3866 
4.6731 1.762 29.7384 11.819 6.6451 
23.656 19.0599 25.1471 13.9798 23.1751 
33.1778 28.5389 15.5863 21.6764 33.1806 
13.0848 16.892 23.3512 13.5279 8.4485 
23.7611 14.3887 26.0025 12.3688 19.9151 
7.7494 2.2264 26.799 8.8736 7.4601 
12.0705 16.3407 23.1642 15.6956 9.0445 
27.187 26.4095 11.8869 19.5476 28.0122 
33.7753 27.1085 14.6218 17.795 24.3842 
15.1311 12.6641 20.5498 5.0734 15.7099 
27.7072 22.9715 16.9776 12.7617 21.9476 
11.0446 14.7938 22.5252 11.7956 5.3894 
28.276 31.5459 1.582 21.3012 26.9034 
22.7406 21.8952 8.4866 10.4849 16.6055 
11.4917 12.2725 18.8435 8.6787 6.651 
22.4522 18.4766 13.7183 6.8143 17.9963 
16.7172 17.7421 10.3086 5.797 13.4126 
20.378 15.5696 22.9307 10.0744 16.2291 
20.52 15.9837 13.2077 4.6525 13.5086 
6.9661 0.3318 24.6612 9.8924 8.2256 
26.6949 25.2607 5.0492 15.1677 17.5014 
25.9298 25.9137 3.2792 14.9266 21.0986 
11.8423 3.4191 29.5036 9.3734 11.3431 
31.0766 20.4402 10.5886 14.2433 25.4861 
34.1914 25.4344 17.2864 16.3436 27.2823 
0.2075 8.3205 31.0606 12.4003 5.2411 
15.2167 20.7845 15.5485 14.2435 10.7412 
22.4479 15.8249 25.491 9.5628 18.1563 
30.8111 29.6477 12.5692 16.3409 29.7181 
18.4298 17.4373 14.7447 7.7155 17.7071 
12.9368 9.9037 17.877 1.3619 9.7982 
21.2996 16.4327 30.2864 11.0866 19.7699 
6.1827 11.6381 20.9591 11.4297 2.7546 
19.9221 14.2741 26.0322 15.0675 21.1365 
24.5096 21.3047 7.526 13.3585 16.6566 
20.426 18.8798 8.1458 9.4785 16.187 
20.9924 10.7374 25.8335 11.5831 20.0072 
15.1804 10.7092 26.2491 10.9476 16.6023 
32.7937 36.1588 15.8937 25.864 22.4045 
19.3333 14.1219 29.5792 13.5511 18.0281 
18.3428 9.2255 30.0449 14.2425 19.4434 
3.5784 4.6775 25.7914 11.0757 4.2478 
7.1154 2.4598 29.985 12.9571 7.7764 
16.2201 11.3239 25.1388 8.4869 16.3697 
16.3448 22.7823 23.8582 16.7036 13.0204 
14.456 14.3486 20.1542 15.1492 7.9439 
34.1193 35.1668 8.3572 20.4567 27.7909 
18.1774 11.3002 29.7552 10.7231 18.5941 
22.5301 20.1214 25.9849 15.8992 23.9309 
10.54 3.7274 23.442 6.9307 9.4045 
4.8549 2.2817 25.0984 11.6603 7.2469 
21.2581 17.3812 25.1782 16.2281 21.3441 
32.2216 28.2247 16.7128 19.4696 32.8272 
12.3816 14.9125 22.9149 13.98 6.9357 
22.0173 14.0011 24.826 11.2267 22.0102 
7.3176 1.9826 29.2184 8.5352 8.5589 
11.2358 19.3312 21.0427 14.85 9.3007 
27.1148 30.6234 13.4584 17.9266 24.5391 
27.9318 24.3814 14.5587 18.7834 25.9878 
19.2855 10.2195 20.4259 4.9066 13.9163 
28.7996 21.3752 15.864 14.361 27.9333 
10.3684 15.086 18.4075 9.84 4.9623 
31.6571 31.3038 1.5366 20.9433 27.0747 
20.1049 20.5413 6.8415 11.5554 17.6251 
13.4347 12.3609 16.4372 7.7754 8.6318 
22.2149 18.3623 13.0859 6.0683 17.9146 
19.7436 16.5736 11.464 5.7543 13.2486 
23.206 15.5407 19.6782 9.6134 16.8372 
18.4994 13.9423 13.9919 5.7364 15.2599 
7.4878 0.3039 25.5609 8.4414 8.9367 
28.1029 21.4631 4.5521 16.4369 20.892 
29.2956 24.1376 3.4573 17.6606 19.1608 
9.6292 3.6795 28.5365 9.351 12.1877 
27.6064 22.5724 10.13 12.3452 25.3744 
28.9734 23.8492 19.9257 15.0838 27.9682 
0.2539 7.8838 32.604 12.7758 4.8717 
15.3803 18.928 16.4154 13.6975 11.7177 
21.8278 14.2376 21.1367 9.7382 20.2221 
29.0999 27.2726 10.4872 16.3735 26.9825 
20.7758 17.0116 14.0741 6.1761 15.5741 
14.8634 11.5296 17.9635 1.2954 8.7033 
18.7385 12.8765 27.5268 13.3346 21.1455 
5.7076 12.3434 21.4756 12.5994 3.3778 
22.7355 14.3861 29.8597 13.7285 17.3141 
19.9093 20.6446 7.919 11.8468 16.7792 
22.9976 17.6242 8.9847 10.9832 15.8632 
16.914 9.9054 26.3621 12.3271 18.3918 
16.698 11.1547 27.3402 10.526 16.8603 
29.8957 29.2087 18.722 23.9883 21.3255 
17.89 12.2722 28.298 13.6723 17.4782 
19.6805 10.2403 30.5037 13.8563 18.9772 
3.5603 3.7916 29.6594 9.8887 4.204 
7.0061 2.3825 27.3926 11.687 9.6927 
16.7476 10.5479 22.0385 9.8218 16.8033 
14.1302 18.3963 25.4155 16.7973 11.9337 
11.7475 15.8116 16.7496 13.7924 7.4769 
33.3685 26.8712 7.8425 20.4869 26.2012 
19.5575 9.8659 32.1805 10.6588 15.7029 
24.663 17.1673 34.4568 16.0867 21.6574 
8.842 3.2262 23.3838 6.7561 10.0298 
EOF