I 50
J 5
bounds (0, 100)
cv 1.0
D 10
k 5
t 3
FLR 0.4
FCR 10
λbounds (80, 120)

λ 
85.6324 85.8521 84.1358 
110.8797 110.2425 108.8161 
108.2156 112.4965 99.1831 
98.2271 87.2549 104.42 
104.8672 87.552 96.1253 
117.9305 94.7029 117.8852 
82.3704 117.2758 100.8963 
80.7203 89.033 102.5098 
119.9731 96.1455 104.5385 
112.8247 107.6147 101.0933 
107.3567 113.7682 113.2097 
100.7938 117.312 109.1569 
89.723 105.4236 108.4034 
80.5787 98.841 111.8525 
98.3947 110.2025 112.0079 
109.8958 113.1063 103.478 
82.8085 119.2716 115.448 
105.8344 109.6844 108.9613 
115.4229 112.2743 114.6963 
81.0009 107.4666 92.5936 
94.7774 90.1752 101.3543 
87.3567 115.5391 112.3607 
101.7984 99.8891 117.1318 
115.9833 87.4167 101.8346 
106.5607 94.8805 106.0735 
117.0408 115.103 109.3834 
104.9525 101.6101 92.7719 
104.6221 86.4889 95.5133 
104.8633 88.1267 100.9844 
104.8497 102.5446 97.6791 
108.1256 92.8975 88.4984 
112.4091 89.9209 106.3005 
112.6008 96.6966 95.3438 
111.9827 115.2277 106.5132 
99.0004 99.7583 108.0219 
112.5109 99.0998 117.4847 
84.4051 99.5467 84.9266 
117.689 91.726 94.8567 
114.746 97.6728 104.0433 
110.1303 102.6273 94.5084 
116.3517 105.955 100.9834 
101.8998 100.5426 113.2917 
94.5088 81.4086 91.0607 
97.0418 88.1686 118.8797 
116.8557 85.8823 99.97 
97.6493 87.805 118.7917 
108.1609 101.4514 83.6832 
82.5904 90.0187 87.1158 
91.1998 115.028 107.9544 
80.5064 96.7684 95.9646 

Icoords
66.7539 94.6877
86.2444 44.8487
51.9622 92.9425
84.28 66.7695
77.7052 90.1009
12.9474 88.1316
13.3292 93.4116
51.5378 22.4793
33.8165 1.301
59.4359 84.3834
57.8314 96.7094
36.257 73.3623
82.8936 72.7716
78.98 92.9339
53.6432 72.8196
87.9959 23.8497
5.8989 23.2077
6.2996 73.1718
96.2473 59.9518
71.4244 48.8191
64.8514 59.0934
5.9642 26.4289
31.595 87.2888
43.1853 46.7356
72.6214 61.4194
34.8735 11.4838
21.1629 9.6515
52.5068 68.0091
10.2304 97.7045
96.3724 38.5988
15.7698 79.3844
86.9027 57.4927
63.8131 89.9843
26.0912 25.4912
8.8293 51.398
33.0704 40.9853
85.5504 49.6158
63.3985 38.9496
25.5572 3.1085
63.4159 8.9548
68.6018 40.1151
38.3379 99.0994
42.9418 13.892
22.9446 34.4502
54.6969 84.7722
6.2027 20.0957
51.9096 74.6683
76.3771 96.969
33.5674 63.4983
56.5417 47.8944

Jcoords
59.5522 34.8071
30.5133 94.4529
38.9885 87.5787
75.4073 13.0884
34.3632 44.7349

C
18.9259 11.0717 10.4641 28.3014 19.5573 
9.6079 28.1277 20.177 10.4165 15.9846 
17.829 6.5302 4.2257 32.416 18.9421 
14.8107 20.8215 14.9928 16.3936 20.7342 
22.4642 15.6204 15.0151 27.2977 20.9748 
26.1752 6.1943 9.33 31.7804 15.3697 
27.5942 5.6364 9.0941 30.9421 20.988 
5.539 27.3083 23.549 8.3954 9.9966 
13.2662 29.9205 32.9135 14.2699 16.1326 
15.3836 11.3681 7.7422 27.0476 16.2171 
19.5068 8.5358 7.6572 29.4967 19.3265 
15.8158 8.4309 5.6067 24.0774 11.4272 
14.5998 19.1783 17.7369 23.6754 21.3258 
21.8429 16.4043 12.2538 27.9739 20.9912 
15.3376 9.8715 7.8536 20.4895 12.4135 
11.083 34.5422 27.0444 5.0049 22.5503 
19.8602 28.0178 28.8498 27.4853 13.7078 
21.1601 10.825 13.8283 28.3973 13.2204 
16.9571 24.1793 21.4567 15.5352 20.7369 
7.0027 20.6171 18.1543 14.0716 14.4817 
9.0656 19.2177 15.1475 14.4056 10.383 
20.9037 28.8333 22.7604 26.9628 11.0587 
22.9827 2.4359 2.3759 34.218 14.8614 
7.4853 15.9716 15.0643 18.5884 3.0865 
11.2634 16.7194 15.1771 17.6362 16.2736 
11.9729 30.6163 24.5384 13.7517 12.6968 
13.838 30.7306 28.2748 18.2899 11.9613 
10.2028 10.394 7.359 23.3553 10.1428 
29.2702 6.7377 9.8113 34.1251 19.1213 
13.1033 27.2708 26.9565 11.514 21.9962 
19.5445 7.8318 8.9206 34.5366 14.1917 
13.4924 24.8183 17.6237 14.5494 16.2956 
16.6855 11.1446 9.8791 26.7823 19.2524 
13.4245 26.5633 19.379 18.9931 6.7342 
19.4897 18.902 16.1608 25.7247 9.2388 
8.3401 21.0528 18.0168 18.9675 1.571 
11.4025 24.5267 19.7352 12.2031 15.7652 
1.8055 24.4637 17.6294 9.609 9.1542 
18.1043 35.2102 33.5112 17.1735 12.977 
9.5644 31.9355 27.7538 4.239 15.0345 
3.7685 23.975 22.0364 9.0885 12.6794 
25.5778 3.1723 3.8021 31.7692 18.1517 
8.3812 24.5276 26.9122 10.7006 11.3585 
11.0597 21.6451 19.5686 21.8763 4.8331 
17.7458 9.1954 5.8148 27.9137 17.8048 
19.1036 25.8473 23.1905 22.0431 14.5332 
15.3298 9.5176 5.5893 20.1423 12.3764 
25.1477 17.7668 15.3968 28.7394 26.4584 
12.8708 11.2133 7.8714 25.307 6.175 
4.6089 21.1333 13.7686 12.9024 8.3785 
18.3892 12.2895 9.5728 29.1384 18.8429 
9.7362 23.196 24.7896 13.3059 18.4127 
18.0928 6.8699 4.7395 29.5531 16.1503 
15.1986 23.0712 18.7012 19.2827 18.9937 
22.988 15.1276 11.7793 27.6752 19.9144 
22.6271 5.9871 9.8744 39.0055 15.3794 
22.7128 6.0341 9.9098 30.4954 19.0154 
5.611 26.476 21.2883 8.1286 8.5207 
13.7141 35.1869 33.0518 17.2483 13.1311 
15.0316 9.4479 6.5336 25.6228 14.275 
21.4574 10.7616 6.7297 30.2999 22.309 
13.7076 7.1981 5.2969 25.1914 9.5853 
17.5724 19.8359 17.9732 22.2679 16.8253 
18.5334 15.6867 14.6344 26.791 25.0567 
14.3797 10.2928 7.9555 24.2848 12.434 
9.6931 33.4042 30.8711 5.7501 22.5561 
18.444 26.1409 22.9872 22.8705 11.4487 
20.4119 11.4343 11.0241 35.2012 13.7877 
15.2089 22.5238 19.1171 16.4122 23.3625 
6.4481 22.4067 15.2533 11.6952 11.2752 
9.0905 17.4729 11.9772 16.7609 11.0098 
21.5383 22.9032 23.9141 26.5173 12.6873 
22.0789 2.8713 2.2605 28.8065 14.0938 
7.7689 18.2081 13.4917 16.4594 3.2412 
10.3443 18.3571 16.8304 18.4543 14.7335 
12.7369 24.9666 23.1438 14.7456 12.6003 
16.9131 33.3327 28.2988 21.2467 12.756 
12.9079 11.7802 7.7229 21.2905 11.5948 
30.3253 7.771 10.3936 37.9595 18.4228 
11.8855 29.9046 23.8859 10.1041 21.4291 
22.2062 6.9253 8.374 33.6271 14.5928 
12.7 26.342 20.4412 16.1685 20.1829 
21.9761 11.373 9.4476 25.087 16.391 
10.948 25.043 20.5648 18.6524 6.3384 
16.1703 16.8195 15.6191 23.7045 8.5131 
8.6582 17.2309 16.8473 17.3653 1.4465 
9.4727 28.3247 21.4774 12.222 16.4593 
1.9412 23.6057 21.5579 9.4607 9.5865 
14.3486 33.8472 32.5361 19.8578 12.9515 
9.1409 33.447 28.1655 4.4736 16.2052 
3.6384 22.608 18.3497 8.8238 12.9524 
26.6272 3.0349 4.0595 31.8254 18.5769 
9.3907 28.6929 23.1857 11.847 11.3969 
11.0084 23.4534 17.049 17.8942 5.4416 
18.9557 8.3618 5.1398 25.3693 17.2165 
20.7749 24.9086 27.3094 23.3438 12.3367 
14.0635 11.3011 6.709 25.7645 11.8421 
22.5975 16.5863 13.662 30.1571 24.6753 
12.2243 9.4963 9.5178 25.6673 6.4942 
4.1321 18.2637 13.9118 13.0053 8.5174 
21.9777 11.8328 9.9998 27.4809 23.701 
11.0452 25.7999 19.2914 13.0441 18.0858 
22.6424 7.0613 4.5865 28.1882 15.5088 
14.0671 20.9606 17.3454 18.1782 19.6812 
19.0364 18.5824 12.6833 25.0864 24.0868 
21.6073 6.1607 8.3923 37.8729 17.2619 
24.5041 5.688 10.3203 33.5307 20.2563 
5.4449 28.343 21.6131 9.3701 8.4532 
15.5857 34.7954 27.1053 14.6805 15.7373 
18.9729 10.4585 7.6677 28.7426 16.7472 
18.8132 9.2512 6.7213 28.6337 21.6133 
13.6355 7.7664 5.0696 28.6341 11.0256 
15.5981 20.6239 18.0427 21.6423 19.7846 
23.1054 15.8661 15.4898 24.9367 22.3901 
14.2297 9.6594 6.7263 24.6726 11.1804 
9.5925 31.7745 24.7612 5.1854 21.3014 
20.3378 28.6886 24.565 23.3622 13.3901 
19.9656 10.0868 14.2356 33.6903 15.5776 
14.1591 27.4829 22.0416 15.5608 22.961 
6.1689 18.6191 18.4272 13.8667 12.9642 
9.2893 15.3239 13.6931 18.748 11.1952 
16.5212 26.2298 23.4554 21.2492 12.0048 
23.0481 2.7583 2.3529 33.5803 14.2686 
7.8438 15.6457 15.4789 15.3087 3.0368 
10.4006 16.9656 14.6957 15.9805 15.8437 
13.012 31.5053 26.6035 14.7577 10.3656 
15.8804 33.0853 25.309 17.5941 12.6248 
11.5706 11.0303 7.6896 20.9513 9.771 
30.653 7.0931 10.5034 32.7793 18.9351 
12.4296 31.4849 22.7995 12.9372 23.5789 
20.4754 6.8473 8.2312 33.1366 14.463 
11.2821 23.6721 21.6067 18.1821 17.1552 
19.3253 11.4234 9.5773 28.2754 20.0137 
12.584 22.8594 19.8102 16.659 8.146 
19.5698 14.4718 16.3256 25.2024 8.6925 
8.699 17.3915 17.9229 19.9257 1.4136 
10.2865 27.3592 23.4479 11.6875 19.853 
2.117 22.8057 20.8669 8.8506 11.1793 
14.8739 29.8953 31.5953 19.929 16.968 
9.9225 35.1968 26.3624 4.4419 17.3298 
4.0392 22.5948 20.6434 10.9921 11.8503 
24.068 3.3471 3.5644 28.9875 21.7275 
9.778 30.3232 29.2736 11.0611 11.9827 
11.8541 18.7664 17.6262 17.9508 6.0317 
16.2097 9.9873 5.735 25.9289 17.6162 
21.4611 25.4718 24.9686 21.8831 11.7867 
13.6738 9.0456 6.8496 21.5396 12.6366 
23.3509 14.9052 14.0514 26.206 26.7868 
12.1276 9.8914 9.7029 25.2808 5.6679 
4.0462 17.8423 13.3651 14.4028 8.1097 
EOF