I 50
J 5
bounds (0, 100)
cv 0.5
D 50
k 5
t 3
λbounds (80, 120)

λ 
104.8114 111.0604 80.1729 
99.6423 106.6786 103.9677 
111.7835 112.068 106.1371 
105.2517 88.3662 94.7533 
103.6351 91.8446 105.8593 
114.6686 97.3314 91.9706 
81.169 82.9043 104.5887 
85.9548 92.3015 105.5336 
88.5567 91.5958 84.5287 
93.802 116.6171 93.2655 
106.7239 113.7278 93.45 
94.4063 110.1588 116.5149 
83.7042 111.1348 95.0781 
93.1325 97.3445 117.7481 
89.954 99.1338 97.8074 
115.2294 88.5048 100.3459 
109.4348 94.6187 115.8363 
118.2172 97.5378 90.9392 
80.5722 92.1286 93.7665 
86.4771 85.7803 93.4518 
95.5032 104.0647 118.3666 
99.9851 98.0487 96.5501 
95.0878 87.1909 105.1586 
103.911 110.1507 89.2866 
89.4314 110.1564 82.2848 
96.1343 114.1113 93.3526 
105.7941 111.7386 100.1819 
103.7815 119.817 85.7889 
119.4371 118.8306 119.6036 
102.0102 99.9144 80.2776 
99.0092 88.1285 106.0349 
107.2313 91.2434 98.9371 
83.5946 105.2154 109.5531 
92.0456 115.1443 105.794 
86.8229 97.887 84.6882 
83.8926 100.5175 87.7856 
119.9655 85.8526 88.4202 
100.4121 111.9042 104.6477 
89.6701 82.9875 100.2795 
106.5311 117.3984 113.428 
115.0679 81.6985 110.9723 
108.1438 93.9007 91.248 
96.5041 93.907 97.5783 
98.7049 94.6845 92.127 
115.499 91.9991 83.1255 
102.1159 106.3554 91.845 
118.6567 97.6733 114.797 
80.4268 105.9522 91.6872 
91.8806 115.2347 105.1571 
98.2138 100.5264 88.4391 

Icoords
84.9404 41.4068
18.412 5.1401
93.0042 55.2653
62.7076 85.7171
95.6188 9.9818
38.4764 30.0541
77.7332 71.8503
1.2264 55.8045
31.6206 22.6359
13.4242 30.9362
65.849 0.467
60.923 34.2303
32.7879 1.8017
40.8135 88.8735
31.8293 26.686
78.7957 93.2063
98.8308 25.4954
35.8012 67.2845
29.1744 46.7465
29.1995 43.4159
75.7815 40.8255
18.7955 51.5689
86.4912 21.0963
12.2892 54.3454
71.7276 2.2373
60.4419 53.2263
8.3165 13.5411
62.3747 86.3553
11.5505 52.2295
56.1171 51.8227
68.2623 90.7589
50.7311 36.1305
86.8805 65.1348
22.8396 29.0193
80.2232 29.2503
17.4765 67.9059
30.3677 95.2187
60.0561 77.9484
19.8343 63.1606
96.1283 31.8885
51.0947 31.6714
87.4557 46.6583
36.2624 12.4079
49.0905 35.7606
61.6886 31.887
36.9538 88.975
33.8652 40.4797
32.3887 28.3122
29.9372 75.3403
26.3409 10.9288

Jcoords
6.2156 46.5113
67.4712 48.1808
25.7572 82.3469
88.7171 85.8812
85.9743 16.0579

C
26.7832 5.829 24.7698 16.5639 9.0393 
14.311 20.7016 23.6079 34.2486 27.1634 
32.0392 9.2477 22.1183 9.33 13.8418 
22.7539 11.8961 13.4909 8.9604 23.5382 
35.5214 16.5883 34.4302 23.8469 3.5542 
14.2691 11.5339 17.5445 26.9853 18.4798 
30.0536 9.3648 18.4157 6.7284 18.8933 
4.0187 20.0246 13.3654 32.6582 34.84 
13.2934 16.3668 22.3073 29.3533 18.5166 
5.8541 19.7142 19.1863 34.9908 28.7205 
23.7022 17.4065 35.7562 32.0443 8.9103 
20.6277 4.6587 19.4168 22.1303 10.3337 
20.0395 22.98 30.2304 35.3943 19.0851 
19.2746 18.8069 5.266 16.7942 29.6293 
12.7778 13.7893 20.0728 30.5245 21.5857 
32.7781 14.2533 18.7807 4.2991 27.4828 
33.4958 13.5389 35.2839 21.9009 5.515 
11.4018 12.9857 6.2984 19.4067 27.4914 
8.6697 14.2679 12.7642 24.3468 25.0364 
8.5576 15.1415 15.258 23.1113 24.459 
21.763 3.5757 20.8751 18.5675 10.1186 
5.0831 17.6486 11.7797 23.7088 26.9298 
31.4329 11.2062 32.4326 21.6055 1.8897 
3.5051 20.9219 10.6888 30.4588 32.8335 
24.5116 14.811 28.9556 28.2685 7.1416 
16.6271 3.2421 15.4524 16.4315 15.1378 
10.2448 23.0741 22.1037 36.1344 28.5698 
27.4673 11.916 13.3863 8.9157 29.2311 
2.9788 20.8906 11.1289 32.3186 27.8862 
15.3812 4.5645 14.8528 17.0008 14.098 
28.9514 12.9204 16.3872 6.7669 23.047 
17.4475 6.192 16.7683 21.0505 15.2906 
24.9602 8.0535 19.628 8.0352 15.2999 
9.6212 15.2222 18.2066 32.016 19.4579 
28.5509 7.886 28.6839 19.3038 4.9924 
7.582 16.7631 6.0194 22.0788 27.9115 
18.9305 23.1673 4.7663 21.9408 37.4962 
22.0769 10.2247 13.1714 11.7616 22.5584 
7.4961 15.755 6.1685 22.8625 25.4963 
34.7615 11.1586 27.2071 21.6143 7.5172 
17.7401 8.7807 19.5296 21.2409 15.0796 
31.5456 7.3796 23.7067 12.809 9.6565 
14.8627 14.9825 21.9243 32.2377 15.4721 
14.874 7.2762 18.6789 22.6821 16.1119 
18.4267 5.6727 22.5544 19.002 8.6996 
16.6962 18.1112 4.5709 20.6956 34.4862 
8.7418 11.2775 15.1177 22.7711 18.3809 
9.9971 15.2966 16.6151 24.3963 19.514 
13.668 18.1937 2.836 19.6769 30.754 
14.3733 20.4601 24.7686 33.8075 23.0795 
24.2745 7.1855 22.7621 13.7876 8.8973 
16.2692 21.4325 29.2694 33.9381 22.708 
33.0685 10.236 23.9089 12.2638 14.1366 
21.3305 14.4615 13.3017 8.2764 26.0793 
37.4626 17.0106 38.0111 28.9684 3.7662 
13.4144 13.0692 18.6693 26.4821 15.1918 
28.7638 9.05 18.5217 6.805 18.1883 
4.1822 25.4125 12.516 36.8677 32.8555 
12.2789 15.3323 20.0574 28.1775 17.5256 
6.1716 20.9906 16.934 28.9788 28.1798 
29.0137 14.3511 28.4537 34.7589 8.979 
22.4051 5.9733 23.6959 17.9365 10.2625 
18.2815 22.812 27.8048 32.9708 20.4232 
18.9847 18.1988 6.3507 18.1621 30.289 
10.0992 16.2658 22.2957 29.8595 16.6638 
26.5642 16.3797 18.5101 3.7725 25.6697 
30.9126 13.9376 29.8955 22.7274 5.5804 
11.785 11.6098 6.0558 19.6759 22.8378 
7.4712 11.7424 11.0654 26.1281 20.7303 
7.6253 13.352 12.8231 22.1462 21.9129 
22.9286 3.5724 23.0205 15.0331 8.6938 
4.8512 14.7649 12.1142 23.8645 30.334 
30.313 10.2829 31.2077 21.4435 1.7919 
3.5864 18.5232 10.9902 25.589 29.8192 
26.8125 15.0325 35.2548 33.0653 6.3973 
21.4628 2.7463 14.995 14.9715 16.9956 
12.858 24.1984 23.8428 41.6394 28.1735 
26.641 14.4579 13.8615 9.8247 23.7364 
2.9256 19.203 12.4575 33.2615 30.2362 
19.4912 4.1376 14.2458 18.3539 15.0763 
26.4518 16.5444 13.8784 8.0475 28.613 
15.6602 7.5409 19.1428 19.3229 12.6664 
27.0796 9.9864 24.3461 7.627 15.6239 
8.4098 18.1121 19.9156 30.5801 19.8124 
25.3364 8.3288 29.6879 21.6688 4.4556 
7.2918 17.091 5.8546 22.1522 31.3048 
17.3158 19.1713 4.7758 18.6612 37.9703 
24.7516 11.5868 10.8926 9.7305 26.7722 
8.2748 17.4728 7.3411 28.1356 31.4643 
34.4335 11.0959 26.7222 18.4697 5.9261 
16.6907 8.5784 18.946 21.3003 11.7434 
27.3373 6.153 26.9426 13.7744 11.3109 
16.1308 16.5206 25.0503 30.6669 17.0771 
15.2674 7.1121 19.9815 20.2158 12.8293 
21.1804 6.8951 24.5119 18.6277 9.6272 
18.9713 17.9227 4.2456 20.706 28.0898 
10.6294 11.7463 13.6038 26.317 20.0498 
10.9184 14.5306 18.9887 26.7803 18.563 
11.9543 17.4617 2.6075 20.6683 31.1292 
15.1909 21.409 26.3899 34.4316 21.2899 
23.9037 6.8332 24.3381 17.2155 8.3391 
14.1514 24.167 29.8201 35.2657 21.5582 
31.3414 7.9519 21.7848 10.1493 15.2997 
25.6282 12.4372 12.2888 10.0112 26.9826 
35.3283 17.0106 38.9465 27.9852 3.5439 
12.3497 11.5886 21.1879 28.0067 19.6137 
26.8897 9.7801 18.1718 6.7516 17.9796 
3.9354 23.5521 11.7281 33.6759 28.4935 
13.0842 14.606 21.3114 26.3626 16.8029 
6.4513 21.3707 17.5209 34.1612 25.7951 
25.6083 15.917 32.8753 27.5259 8.5717 
16.8319 6.0442 19.1069 21.8957 10.5998 
18.0423 19.0014 27.8291 35.6872 20.9133 
18.219 15.1681 5.6089 15.3974 31.8999 
10.0668 13.8226 20.0336 29.917 21.8892 
33.2182 15.2144 19.9501 4.2695 27.2658 
35.8606 13.7131 30.3862 20.9212 5.0892 
13.1551 14.5169 6.7546 19.8666 26.2581 
6.9661 14.7048 11.2943 27.2112 24.9073 
8.335 13.0049 15.1603 27.0668 21.9444 
24.4223 3.7588 24.0866 15.3753 9.4705 
4.6072 19.2783 10.5742 28.9895 24.2551 
30.4645 10.2067 30.233 19.4988 1.6086 
3.0303 19.9391 9.8933 30.5001 32.6591 
28.4334 14.2112 29.362 31.4692 7.1357 
16.4523 3.0275 16.7748 15.9995 15.6022 
12.0123 23.9859 21.3513 33.1493 30.3258 
22.7712 11.9661 14.1893 9.8985 27.5478 
2.953 21.7428 10.939 26.5435 31.9326 
16.5404 4.4428 14.5084 15.6148 16.5998 
27.5492 16.0462 16.2962 6.4746 29.1273 
17.58 6.4808 16.1169 23.3227 14.6781 
25.3079 7.8989 24.5175 7.35 16.959 
8.1806 16.3247 18.1906 29.414 23.9115 
22.9958 7.5733 29.3761 18.651 5.0989 
8.0268 16.2955 5.2404 28.4783 32.1381 
17.8432 23.371 4.2344 22.1653 30.4439 
19.3399 11.2954 11.5012 10.7743 26.7856 
8.2103 19.9147 7.1343 23.5298 27.8023 
33.7959 10.9904 33.3119 21.32 7.0057 
15.8918 7.9971 20.2321 22.6266 13.1917 
31.3262 7.077 27.0638 15.0733 11.605 
13.8946 15.0869 25.1422 35.8488 18.8915 
17.5129 6.7815 17.6629 21.8323 13.5527 
18.3923 6.8864 20.2191 23.0536 10.9172 
20.4181 16.2517 4.7153 16.1064 30.2512 
10.8473 13.3771 16.3459 21.7457 21.0626 
12.27 15.845 18.5586 31.2746 19.6019 
12.7757 15.539 2.8205 20.8355 31.0476 
13.4657 17.6244 27.554 35.0264 19.7397 
EOF