I 50
J 5
bounds (0, 100)
cv 1.0
D 1
k 5
t 3
FLR 0.6
FCR 4
λbounds (80, 120)

λ 
93.3185 98.6139 117.0571 
104.0232 99.5636 86.792 
106.8931 87.0615 85.6673 
84.282 83.7595 84.3364 
115.8519 117.1832 95.0561 
98.624 105.9072 80.966 
91.1075 100.9107 89.598 
113.1099 105.5902 101.8067 
116.1802 104.2911 114.0975 
111.8134 107.8225 103.2619 
98.1872 82.0799 88.4159 
82.9517 97.4742 86.202 
102.0323 104.1398 95.2685 
98.3827 82.7932 116.4971 
109.8522 101.9774 109.7728 
98.7911 96.7788 86.4986 
111.6962 109.5933 81.8039 
89.1301 81.3335 84.0868 
91.0537 116.1589 113.3738 
87.1161 100.5025 88.1632 
113.8148 102.9312 81.2932 
96.8648 96.4098 81.546 
94.8386 105.1009 107.1858 
86.6187 119.6888 83.3919 
83.8708 81.4365 97.253 
105.0088 104.6545 84.1137 
111.4368 109.9897 93.0542 
115.0929 87.1442 100.6694 
115.0847 115.7558 119.0478 
107.5878 110.2611 115.5078 
102.4845 84.5074 95.106 
87.7179 119.6027 115.8653 
97.4978 81.4508 114.5687 
112.5995 98.5305 85.2667 
108.7231 111.2364 116.4577 
99.8909 102.0273 87.6098 
87.4733 85.5762 82.4813 
117.6707 96.1624 104.6744 
109.7105 92.5509 104.6767 
117.888 94.8797 113.4367 
97.5271 110.9107 114.8356 
113.6493 115.08 113.9471 
95.8906 99.7299 89.3641 
108.759 84.2494 114.8882 
103.0176 94.1371 117.7954 
110.4815 85.8542 84.44 
86.8723 85.0348 87.9695 
90.9621 115.2945 93.8542 
101.5925 113.6294 93.8653 
111.8899 84.2094 111.2523 

Icoords
15.7365 56.1905
86.035 17.9252
73.6906 93.9715
65.2155 1.0099
67.0332 83.1957
78.2134 84.2617
53.0326 33.742
53.9097 16.3321
70.7667 97.9794
63.7099 94.5651
80.0824 50.6638
82.7951 41.4163
88.7862 6.1149
53.0329 54.5458
77.7276 72.8778
53.5969 53.3834
75.7829 98.3064
54.0145 4.93
46.6428 25.1482
31.3898 2.5951
56.8428 98.8195
69.1166 75.3682
30.2722 85.3603
10.8126 23.4621
1.0359 15.0883
0.5165 3.4798
62.0495 69.7541
84.8708 13.9237
80.5551 30.708
10.0611 30.1456
10.274 5.5018
45.2018 27.4371
51.6502 34.091
44.7853 22.3015
87.3519 91.7893
24.8937 73.1858
14.354 88.4405
45.458 1.637
6.4727 33.6339
94.6799 46.4538
51.3149 5.8788
55.0719 37.3971
81.8922 58.3458
30.6065 71.9102
58.3418 93.9781
15.3543 17.0523
0.6898 90.1449
50.6265 16.7936
86.1221 88.8969
62.5389 23.1082

Jcoords
58.3364 1.2838
81.7857 62.8067
21.0552 92.4296
6.0162 53.4468
41.5753 57.2148

C
22.3912 22.6089 11.8233 3.8017 10.129 
10.7474 17.3251 32.7622 31.3162 19.5856 
28.6926 10.2522 18.82 29.0594 18.2746 
2.5693 22.9368 37.7984 27.3154 19.4386 
31.3674 8.8259 17.1311 21.5664 14.5135 
31.7325 7.4865 19.3425 27.6864 17.6877 
11.0572 12.5064 25.9851 16.099 8.4524 
5.0603 18.3066 33.1134 21.6553 13.8058 
35.6038 14.4521 16.4217 25.1318 16.255 
36.6829 11.7739 16.101 27.8145 13.8802 
20.0285 4.7159 27.528 27.2311 13.1126 
15.2651 6.8975 31.2185 23.8121 14.4394 
9.6346 19.0903 33.4306 34.3061 23.167 
19.5421 9.0167 16.2559 16.7942 3.9752 
24.9446 3.5918 20.7248 27.5569 15.551 
17.4574 9.7756 18.09 15.8824 3.8912 
31.8606 11.7156 17.1567 26.3431 18.9325 
1.9174 21.1393 36.157 21.8051 20.7238 
8.2198 19.8825 28.1236 15.3137 11.3366 
8.1043 26.131 35.3027 18.9303 19.6631 
35.2438 14.1234 12.2403 22.2589 14.0753 
24.87 6.644 20.2419 22.9057 13.0624 
31.7408 22.2857 4.1875 14.118 10.7915 
16.3101 30.7312 23.1344 10.4155 15.2851 
18.9669 32.0124 27.4423 12.1147 21.3337 
17.9197 38.638 29.0942 17.3729 21.1399 
22.121 6.2937 14.6914 18.5637 7.5604 
11.4831 15.801 39.2848 26.9466 20.6821 
11.2419 11.5705 28.1455 27.8756 16.9321 
17.0423 28.0173 23.9706 9.1595 12.916 
16.5295 34.3923 34.6083 18.5411 22.2148 
11.0743 17.9272 23.2405 15.7275 10.9132 
10.5032 14.4984 22.2656 15.7283 9.04 
7.7598 18.8447 23.5503 17.4751 12.997 
30.9745 9.6387 21.4347 28.0911 18.5351 
25.7801 19.4023 6.9014 9.1716 8.859 
36.5217 23.4742 2.3841 13.3101 13.4756 
4.9935 27.2481 37.0419 20.6739 19.6947 
20.7217 25.8773 22.5953 7.1108 14.8768 
19.1262 7.9176 28.0801 35.0864 19.9072 
3.062 22.6834 28.0932 23.3252 16.2294 
12.2452 12.9408 20.4378 18.6586 8.6006 
20.7052 1.44 22.1964 28.6496 14.0479 
25.5927 20.0133 6.8149 11.4822 5.8167 
35.1868 14.8018 12.5876 22.3316 14.0694 
16.2027 25.4332 26.4876 14.3343 19.061 
41.9133 32.9911 7.7239 13.2682 18.18 
5.7105 22.0671 28.9112 18.0312 12.9569 
29.3664 9.1854 19.6009 28.6538 19.7447 
7.2166 17.4619 29.705 22.4462 15.4692 
21.5711 20.1662 14.6106 3.6906 10.3281 
12.0367 16.7435 31.8329 32.4981 22.3683 
35.7201 9.9881 18.2987 26.764 15.6437 
2.1804 22.7704 37.6867 31.5385 22.7434 
27.4053 8.9039 18.7069 22.1909 14.2807 
27.3383 7.5191 18.9441 28.9424 13.917 
11.1723 14.7796 26.2524 18.9538 9.599 
6.0657 19.0328 27.1123 19.1589 14.3225 
37.1149 11.9974 16.2616 31.2223 16.4204 
30.5909 14.5913 15.5756 27.9278 16.2638 
19.1437 4.8802 25.7854 25.5412 12.5892 
15.4202 7.4329 28.8879 28.4206 15.2428 
9.3756 18.5476 34.7143 29.6436 27.1951 
17.2512 9.1363 16.6773 16.5403 4.6752 
23.2757 3.6559 22.2416 28.1364 14.2311 
17.9596 9.844 19.1472 16.3154 4.9246 
31.3677 11.6004 20.2721 32.7216 20.4403 
1.741 25.1514 31.6782 22.9653 19.9122 
9.3944 20.3306 25.4243 16.6109 12.4761 
10.241 25.7227 33.8197 21.016 17.2296 
32.3564 14.7849 11.6113 26.6193 16.916 
23.3428 5.4076 18.5946 23.567 10.9348 
33.7085 17.9669 4.033 14.5229 11.7864 
18.8537 28.7674 23.2948 10.4155 15.381 
19.3559 36.205 28.409 11.8788 20.2287 
23.1215 32.2587 32.4811 15.2616 24.7646 
21.6478 7.5638 15.9095 21.966 9.4283 
9.8461 18.7595 34.125 28.0315 20.0821 
12.9195 11.2332 33.958 24.7584 14.8863 
17.6385 28.7187 23.5658 8.1426 13.6388 
17.6681 32.3121 31.1046 15.1958 22.245 
9.1925 17.9119 26.1108 16.1696 10.1302 
10.8983 14.8606 22.3249 17.8499 8.702 
8.0724 17.1933 24.8089 16.1523 12.7445 
33.5882 8.9894 22.522 30.8966 19.9118 
30.4428 19.2057 7.439 9.046 8.247 
33.466 22.7673 2.8496 12.972 13.0655 
4.3146 22.3534 30.9309 21.2208 21.4273 
22.8 26.7577 23.1283 6.1694 14.7753 
17.9493 7.6198 32.8454 30.1236 16.4177 
3.0192 25.0789 29.1568 21.0393 17.8178 
13.4273 13.9141 24.7337 18.0341 7.9628 
23.3906 1.6698 26.9174 24.9468 16.0283 
26.7308 17.2686 8.3472 11.2854 6.8949 
29.7827 13.9438 13.1735 24.9592 13.2734 
14.5728 27.9096 23.2372 13.0943 16.3702 
39.7207 28.3869 7.6665 13.3201 19.1774 
5.281 16.9546 25.8576 21.709 15.2517 
34.3756 8.0693 24.1297 26.7967 19.1762 
7.5677 15.8649 29.7615 24.3258 15.6774 
24.2328 20.0799 11.197 3.6714 10.204 
10.9025 13.5607 32.9994 29.1538 19.6272 
33.268 10.5774 18.1881 24.5633 16.5565 
2.1246 22.5657 33.0977 30.6844 21.8653 
25.8072 8.7252 15.2694 21.9194 13.9715 
32.7564 7.8889 17.9625 29.9628 16.7769 
10.5277 13.1769 23.4855 15.732 10.3905 
4.8234 18.9949 30.2538 20.8737 14.0748 
33.108 12.764 16.1716 29.7841 18.7067 
28.3952 12.6473 15.7294 25.6749 13.0379 
17.7138 4.6484 21.9169 24.4443 15.4132 
15.1617 6.966 31.9713 24.426 14.1127 
9.7918 21.6951 38.9494 33.0952 25.4628 
20.5805 10.5005 19.1065 17.0341 3.9987 
25.4935 3.8687 19.8675 25.8332 12.7339 
20.2196 11.0477 17.1496 18.1092 4.1587 
36.3361 11.622 17.3879 26.086 20.6328 
2.0011 19.9774 34.0532 22.8015 17.5636 
9.4449 16.7044 24.762 15.0117 11.6255 
8.3633 28.0233 32.8973 22.2321 21.5467 
30.3664 15.2756 11.8549 22.6131 13.4726 
28.5309 5.9963 16.6107 25.6979 11.4692 
33.4249 19.1366 3.8309 13.4887 9.7512 
18.4603 25.0507 24.2848 10.9074 13.9836 
21.3421 30.5679 27.4982 12.5518 18.2701 
17.6594 33.7177 28.1722 16.2217 23.4459 
21.4421 7.591 14.1152 22.818 7.5124 
9.3699 17.6476 33.5281 27.5905 20.7372 
14.516 9.6752 26.5337 30.0732 17.4365 
22.2168 30.027 20.5426 8.1994 15.7036 
14.9711 35.5286 27.9599 18.8877 20.3711 
9.4354 17.0672 20.9247 16.861 10.9732 
11.9965 13.8449 22.0943 17.5772 8.1194 
8.9527 20.2546 25.8824 18.8079 12.3448 
35.337 10.2673 24.7365 32.1465 20.0553 
25.7721 20.6225 5.9516 8.3413 7.6257 
36.3655 23.4887 2.9042 11.0582 12.9288 
5.1108 22.3818 36.6282 25.7854 19.6557 
24.0103 26.5881 20.4508 6.8412 16.6487 
23.1845 6.3308 33.0364 35.4511 19.1161 
3.0553 19.7196 31.8616 23.8179 20.5454 
13.4055 13.0624 19.545 19.1438 8.1186 
19.1681 1.7068 25.2089 27.4939 12.1482 
29.8796 18.8073 6.9145 9.4772 6.8143 
36.5123 12.8048 14.3304 23.6024 13.0754 
15.2733 28.5468 25.898 11.7004 15.0176 
34.1704 25.6996 6.773 13.9245 18.8362 
5.9703 20.6612 28.1072 17.4365 13.864 
32.951 9.0585 22.1814 26.6916 21.1988 
7.5766 14.8634 27.9196 22.0677 15.7574 
EOF