I 50
J 5
bounds (0, 100)
cv 1.0
D 1
k 5
t 3
FLR 0.4
FCR 10
λbounds (80, 120)

λ 
102.1755 97.4241 97.2213 
108.2207 90.7261 106.0561 
103.0145 85.6622 94.2569 
110.1602 106.8827 89.2764 
86.9469 111.6523 105.7944 
80.366 114.6803 80.1551 
84.9865 99.4472 83.6463 
98.7965 110.3304 108.999 
81.081 97.2893 80.2081 
82.7457 99.0053 114.0874 
95.4518 81.6861 93.2736 
118.2484 93.039 101.0626 
101.8745 99.965 92.8406 
90.0343 94.9038 97.3333 
99.0526 116.3397 111.8456 
97.8882 94.8691 114.5114 
94.6078 90.5003 116.2064 
99.147 103.5471 112.82 
112.0349 80.3286 106.5665 
112.4849 104.1519 80.5324 
104.8998 106.1767 118.4179 
97.0848 80.2381 108.7391 
91.378 105.7624 85.2862 
114.585 82.0756 112.0288 
91.1146 87.4633 82.2345 
113.9734 115.6002 86.5345 
87.0001 81.1496 97.0314 
102.9043 93.0147 101.8186 
100.1245 92.9059 103.4026 
108.0919 103.4627 95.5649 
86.7483 98.2155 114.7076 
113.0426 114.9407 111.3124 
112.8805 83.542 81.3832 
117.8384 84.5442 100.0398 
114.9937 101.7304 83.1482 
118.2594 88.4878 85.6494 
103.1255 111.988 110.8605 
108.3606 88.3024 82.5992 
84.3913 110.2516 113.3842 
117.3834 91.7964 82.0593 
96.889 90.7243 119.461 
97.0226 87.176 85.8126 
83.6475 90.1227 84.2853 
82.2042 104.1166 110.3589 
107.3347 86.0464 90.0688 
110.6802 95.6012 119.927 
111.4325 105.8428 103.4702 
105.613 111.7516 104.627 
88.6639 105.4008 112.8319 
80.5112 114.1841 111.9538 

Icoords
62.6288 60.6038
13.2561 89.4633
3.7631 70.5023
68.5672 25.1101
25.8323 17.5027
55.3491 24.3758
83.3646 95.326
97.098 92.5122
70.2947 70.3467
18.1595 28.677
49.5855 45.3049
3.5944 92.6265
54.722 9.2925
22.6851 66.562
44.581 29.1195
62.9919 46.8642
69.3883 13.1151
10.6513 12.5144
93.3718 87.2916
3.1696 88.1851
86.6828 58.2618
26.6662 34.7581
99.7958 29.0392
70.6213 77.823
30.0299 65.0387
14.0995 15.8983
5.2709 24.2219
45.805 40.7111
54.0131 76.3833
63.871 11.7825
58.3452 2.8041
58.3144 67.6097
38.9554 56.8369
39.823 14.9305
30.5364 2.4453
85.725 40.3212
67.1746 88.2756
12.356 50.5494
91.4933 14.6093
85.8123 88.8916
68.0776 69.5421
35.9394 49.3975
50.365 15.7431
96.4878 17.9342
92.7528 63.8718
15.9841 24.7368
96.1242 41.8208
15.3746 73.2906
21.646 68.2205
68.1755 1.4891

Jcoords
8.4089 49.2575
33.5308 83.6936
81.7295 96.4678
24.5631 22.0338
47.8461 50.6101

C
16.7568 14.0152 15.3716 19.0481 6.6415 
15.8424 7.5845 22.5765 25.8237 16.2665 
6.6545 12.161 27.677 18.882 16.6466 
23.4532 24.9358 25.4691 13.7143 11.6578 
13.724 24.809 33.1745 1.8271 14.464 
19.8642 20.4146 26.9529 11.0347 8.6251 
34.383 19.7376 0.6123 37.4167 17.9027 
36.6281 20.8379 5.1909 38.098 20.6927 
19.7253 14.4557 8.9849 21.8067 10.1271 
7.9343 17.5141 31.579 3.2027 14.1809 
16.1162 16.4154 19.4863 11.1056 1.8039 
16.9349 11.7497 28.1861 28.0867 23.7922 
20.4562 27.2926 35.8937 10.5684 12.9511 
7.3739 6.7722 26.3884 13.4818 9.718 
13.4716 20.3461 25.3433 7.7232 7.8406 
18.729 16.2666 20.2024 15.3135 4.9661 
24.0089 24.0661 32.2468 15.2742 16.6225 
13.8301 29.1214 39.6885 5.7128 20.658 
32.4317 23.4161 4.7896 31.0577 19.1063 
13.3744 11.2761 25.3417 22.3869 22.4868 
29.4833 19.9984 14.3316 21.7893 13.6444 
7.1668 18.3921 32.8337 4.5977 9.8519 
29.3987 28.277 21.9473 27.9565 22.275 
26.1232 13.3536 7.3964 27.9252 13.946 
9.4035 5.9352 22.9005 13.5905 7.9003 
13.418 23.7105 33.6192 4.5147 17.9561 
10.0775 21.0834 39.2156 7.578 15.062 
12.5361 17.8132 23.6127 9.3228 3.8033 
16.1043 7.3029 12.733 18.761 8.9864 
24.9604 24.4139 34.1777 12.2599 14.0379 
26.1624 27.566 32.0991 13.7139 19.0789 
18.3925 9.1649 13.5123 18.5053 7.291 
10.6724 8.7211 17.5926 12.2061 3.8338 
18.031 24.941 36.0103 5.2365 13.5055 
20.6441 32.4564 41.3664 8.1035 16.8948 
24.9681 21.4922 21.8175 22.0686 14.8959 
21.2818 12.2813 5.4165 31.4897 14.4194 
1.2696 14.7923 31.0146 10.261 14.0364 
29.6974 34.0877 25.9435 20.512 22.5126 
28.8883 19.3082 2.9158 34.6911 21.0109 
19.6 14.0521 9.425 24.4621 8.4537 
10.6847 12.4217 22.6819 9.9542 3.8251 
20.1101 21.6805 32.3811 8.2196 11.3508 
36.8883 33.4655 29.6779 27.0804 18.4584 
30.4995 21.0648 13.609 24.0245 14.6231 
8.0714 22.895 38.3956 3.2426 13.9016 
33.2753 25.2959 19.9541 28.028 15.1778 
7.6668 7.2757 27.0391 17.3146 12.738 
7.8212 7.2345 22.4207 13.953 12.1002 
29.4719 28.5907 28.9166 16.4249 19.6751 
17.2277 12.886 14.8596 20.4841 6.4256 
15.0891 6.6359 24.6207 21.7761 15.6215 
6.8394 10.1325 28.9425 16.7776 18.9778 
19.7518 24.0211 26.1149 16.4801 11.5231 
13.9558 20.8374 34.8579 1.6785 14.13 
17.9304 19.1126 25.8935 11.4114 10.5051 
34.8053 17.8902 0.7905 31.7037 22.4768 
30.1254 23.2253 5.7511 37.7743 19.9556 
23.6416 15.2536 8.8851 25.0265 11.0029 
8.531 22.6552 28.6608 3.5173 11.7042 
15.9672 16.4487 18.876 11.2423 2.1339 
13.863 10.4625 28.2878 24.1764 24.3536 
19.8934 30.712 35.0632 12.893 14.7983 
8.0872 6.4133 25.6074 15.0505 11.3 
15.8769 20.3126 24.851 6.8568 6.9863 
20.8052 14.4602 16.8884 17.2076 4.7555 
22.3998 29.9956 25.8008 15.585 16.1296 
14.2865 26.8036 35.4974 6.7158 17.3037 
30.784 20.6465 5.0846 36.8045 20.3866 
14.2896 9.41 31.0136 26.4472 22.3642 
24.3777 18.1718 15.3564 24.9678 13.1298 
8.6566 19.2766 32.7924 4.1347 10.0953 
30.6904 27.7617 25.7727 24.1937 19.665 
22.4745 14.4238 6.793 27.0209 10.8551 
8.2231 7.0304 22.3438 14.2321 8.3932 
10.1693 25.1915 33.9032 4.2479 14.8432 
8.3213 23.1246 36.2492 6.0112 18.8738 
13.8634 17.1695 20.9198 10.2676 3.4011 
18.37 8.3272 10.515 21.9507 7.9873 
22.9055 26.5603 30.3523 13.1658 12.7022 
22.3772 29.622 31.211 15.401 14.8304 
19.7431 11.4842 13.5681 21.1027 7.7422 
11.1665 8.8389 20.9397 13.2042 3.6883 
17.8588 22.0064 30.6565 5.8694 13.9919 
17.5477 31.9523 39.6107 7.0079 16.0349 
23.5127 25.3672 18.1812 25.2093 15.5907 
21.3735 10.8552 5.191 30.8281 13.2806 
1.3788 14.576 32.3789 10.7355 11.9283 
28.6352 27.7301 30.0159 24.182 18.818 
30.758 17.0805 2.8427 32.9865 18.7788 
21.8499 11.9428 9.1654 20.7126 11.0583 
9.4734 12.2257 23.9756 9.9393 4.0321 
16.6519 25.5307 26.4314 8.286 12.3891 
28.6151 28.8044 28.1916 22.4193 17.8138 
33.3329 23.5066 10.5155 25.4085 14.2298 
9.4367 19.4441 33.1899 3.4845 13.7046 
34.6134 28.3157 21.5533 24.3157 17.4891 
7.937 8.1274 27.8333 15.9554 12.6191 
7.7496 7.6638 25.8133 15.3645 10.708 
30.1987 30.8209 34.5867 16.4249 18.3992 
19.3271 12.4737 13.3562 20.4733 5.5583 
14.0484 7.0174 25.254 21.9744 17.1197 
8.0724 10.3051 24.957 17.4685 15.1329 
24.1079 24.1713 25.7448 14.076 9.9295 
13.1771 24.849 29.9529 1.5575 12.1898 
17.941 21.0656 27.4519 9.3397 8.1886 
33.3888 16.9486 0.6954 32.1829 17.7199 
31.1714 19.8689 5.1512 34.9627 22.6973 
21.6344 15.6017 9.6321 21.055 9.9567 
8.8042 17.6798 35.1383 3.3171 13.9077 
12.6538 13.8438 18.3261 11.2218 1.7877 
14.3124 9.6128 25.8157 22.166 18.4528 
23.2517 23.8501 33.53 12.8995 15.9501 
8.3161 7.1534 20.8221 13.8205 9.2116 
12.7057 22.2559 26.6585 7.7805 6.9211 
21.5318 18.8605 21.1569 14.8102 5.8648 
28.2337 29.9639 32.4659 14.6161 15.2777 
13.6644 24.2915 33.2314 6.5034 17.3357 
31.6404 21.6236 4.8563 35.8372 23.3859 
15.3344 10.3032 29.4968 22.9153 18.9784 
30.6021 21.6011 14.4857 27.8515 13.2762 
9.0786 15.5854 30.824 4.225 10.4762 
35.7446 28.0451 21.3958 28.017 22.1907 
27.0269 12.5725 7.939 24.6769 10.6529 
9.516 7.0038 23.5478 16.2783 8.07 
12.484 23.4637 37.0379 3.7675 18.5854 
8.7629 22.1501 39.0578 6.2403 19.2746 
12.6896 15.2429 23.1351 10.276 3.772 
17.8659 7.142 11.9286 23.5765 10.3459 
21.3258 27.2471 26.2586 16.0947 14.605 
25.5827 29.1989 38.1135 14.1338 17.1651 
19.6527 9.097 14.6123 21.6528 6.686 
10.6158 10.0062 21.5111 13.7503 3.9922 
14.2759 22.8764 28.6763 5.2887 13.2897 
20.5975 25.3179 33.8297 6.9076 19.6893 
29.5057 22.2184 17.7647 21.6408 13.1806 
21.8884 10.8586 6.3752 26.9766 13.886 
1.6438 15.1502 28.6768 10.6611 11.8928 
35.4047 35.2781 28.969 21.6029 18.9538 
28.7492 16.9965 3.3384 34.6367 18.3637 
20.5516 12.3049 11.0552 19.8042 9.8419 
10.7646 12.628 23.089 9.5156 4.4857 
17.8709 25.1877 29.6877 10.5965 11.9311 
28.4842 28.0214 29.7818 22.2032 18.5814 
26.3479 22.8946 10.6876 30.8406 17.8072 
9.2647 21.9907 31.0298 3.0069 15.9621 
28.8474 26.5385 21.4742 25.6669 19.5747 
9.566 7.1899 22.9836 15.7055 14.6193 
7.0812 6.2727 25.8731 14.6333 11.6172 
22.9838 29.2955 36.0738 16.367 18.5162 
EOF