I 50
J 5
bounds (0, 100)
cv 0.5
D 100
k 5
t 3
FLR 0.6
FCR 10
λbounds (80, 120)

λ 
91.0559 110.9262 105.2884 
92.1427 96.8077 109.2864 
89.6132 117.3736 91.2938 
106.8747 94.2766 109.4969 
108.0053 113.356 99.5124 
113.0944 95.1358 108.2545 
104.6619 101.5002 85.0248 
96.0025 118.0644 107.1703 
88.9669 104.9585 107.1384 
113.8162 106.6085 80.2407 
109.6826 83.5671 105.4654 
83.2739 98.5413 98.6225 
83.865 82.3523 84.8186 
95.1469 111.2932 92.8531 
103.3029 82.9322 119.1369 
83.2169 112.9438 101.8812 
83.0399 86.562 98.4903 
99.8652 85.6717 111.6103 
80.951 99.6369 109.4247 
100.7263 90.6234 110.5623 
91.1413 89.5034 105.3152 
110.0376 107.3675 102.2976 
84.222 117.6654 111.7577 
98.2341 117.4949 106.6785 
103.3607 89.548 94.8027 
102.3231 119.6859 100.7326 
106.0148 99.7836 88.1087 
108.0502 112.1979 98.5836 
102.2705 85.6965 109.4514 
103.0222 110.5855 104.5015 
92.3106 90.809 115.8986 
88.0948 113.1538 108.4696 
105.2743 111.8984 82.3865 
113.3123 113.6268 113.8836 
104.2029 94.5933 90.3915 
94.3155 103.1077 101.1287 
83.5302 89.0876 118.1299 
118.1996 94.1455 92.5131 
117.4149 88.5625 93.1112 
94.6249 115.2435 98.6401 
91.0789 88.1736 112.8719 
84.1732 91.4087 83.0242 
80.9278 89.5541 82.7137 
115.7659 85.4767 119.5868 
87.1834 110.259 104.7587 
83.1903 91.711 101.5285 
80.5345 86.808 109.2786 
117.8467 114.8547 117.0185 
113.5573 117.4475 106.2921 
96.2971 116.9733 113.1571 

Icoords
23.6249 61.549
25.2901 83.3236
17.7183 38.2277
53.3188 83.7152
22.8468 56.4718
9.829 27.4381
92.7976 56.613
94.0306 85.0306
51.9102 57.6769
85.3182 29.2843
37.1713 25.9837
81.7085 40.1672
18.2693 98.5483
21.3631 75.9414
71.5261 12.7494
36.9624 98.6269
3.7258 70.7178
8.3103 25.337
41.6387 4.6077
71.5061 73.0932
60.3629 48.671
43.4537 76.7248
98.6738 54.6343
61.7417 84.7961
31.593 84.1604
20.1635 10.9749
53.6281 98.1627
65.8254 61.8114
30.2721 53.8128
61.4817 99.684
72.3333 47.9025
44.2841 75.3223
83.7616 92.1765
53.6033 85.5979
50.2612 75.4993
18.1657 30.7076
81.0237 17.3398
47.4303 85.4436
97.2414 77.8649
31.1918 38.7471
0.1713 49.5206
99.5235 53.4865
66.0625 98.0331
94.7176 95.8589
64.9665 76.1784
87.0471 28.8531
28.5527 70.9642
60.0059 0.4673
83.0933 50.8156
81.8426 51.1859

Jcoords
54.3705 81.6331
3.1424 23.7855
11.6973 91.6125
11.6144 85.4463
81.7013 77.2892

C
14.6676 15.2467 11.705 9.5589 21.9927 
10.6294 23.1164 4.859 4.3221 20.5998 
19.7359 6.404 16.8315 15.5785 25.0156 
0.8365 30.8426 14.6199 12.8184 10.3657 
13.3223 13.6024 13.3828 12.4209 24.5029 
22.9952 2.5639 20.2813 20.2719 32.0135 
17.2322 35.0971 34.0071 28.8435 8.0346 
14.2702 34.2493 28.1487 29.5713 5.1711 
8.9056 22.6802 17.7587 16.8541 12.3088 
23.7351 31.1731 37.1474 34.2667 15.0104 
17.4798 11.1575 27.6317 23.5977 22.4254 
15.5308 31.7893 28.5749 28.5055 14.5964 
13.1682 29.6797 3.2735 5.2344 22.9466 
11.6695 21.8999 7.3428 4.4767 23.3447 
26.0171 22.4776 30.3996 31.4639 23.2208 
8.8212 27.1269 7.9108 9.0767 17.6805 
20.0495 14.1512 8.8448 5.1561 25.1815 
24.1489 1.9371 26.2064 22.274 33.5574 
28.0508 14.752 32.8301 33.6658 28.7649 
7.3692 25.9445 23.3474 22.1922 3.5985 
10.7744 20.6474 22.6834 19.6566 11.1805 
4.1833 23.1759 13.454 10.5078 15.1783 
17.8837 31.7529 32.6535 30.7714 9.8623 
3.0088 29.8871 16.6166 16.7539 7.325 
6.9187 21.1841 6.6413 7.4014 16.4983 
28.1825 6.5742 29.5053 29.7968 33.419 
5.8309 27.2376 13.9668 15.188 11.9677 
7.7197 25.3011 20.9281 18.209 7.8423 
12.6282 12.8162 15.8023 14.6463 18.6563 
6.3383 31.1694 16.4366 19.6238 10.162 
11.6786 23.7406 26.132 21.4451 11.9242 
4.2642 24.0895 13.855 12.7404 13.5 
9.9858 34.8243 21.728 28.1146 4.6921 
1.4304 25.7814 13.1113 15.4898 9.0451 
2.5774 24.4932 15.5226 15.7311 9.8882 
21.2694 6.5073 19.2991 17.6248 29.6378 
21.7149 30.6964 33.274 34.3267 20.9836 
2.5225 25.3405 12.4885 12.532 11.3997 
14.4817 34.893 27.5087 31.8747 4.9312 
15.3023 9.731 20.7407 19.8142 24.461 
19.4034 8.4376 15.5015 11.9711 33.7454 
16.5635 31.4058 32.7925 32.6823 9.218 
7.9839 30.2283 21.191 18.615 10.0017 
15.1105 39.9718 32.6613 25.5698 7.2 
3.6492 25.0895 18.4571 20.128 5.9657 
22.0682 25.3266 31.9391 36.6175 19.0097 
9.674 19.3554 8.4574 6.728 19.0062 
28.094 18.6774 34.8048 30.775 29.6636 
16.8257 25.5468 27.5717 28.6093 9.2123 
15.6655 25.3334 30.3199 26.7628 9.4913 
11.1164 15.4057 12.795 8.4356 19.971 
10.4371 23.5738 5.5484 5.1967 22.2961 
22.3605 6.2727 18.8837 15.4595 22.4968 
0.8439 24.0894 12.8363 13.7367 9.6324 
15.3955 12.1827 12.7892 11.2555 23.6289 
23.6827 2.7543 23.0548 22.5179 31.1388 
17.0533 30.1514 30.4563 34.0298 8.9357 
12.678 38.4797 32.5428 24.7581 4.5611 
8.3397 21.3975 16.1013 17.6029 11.7452 
21.3938 28.2246 33.5976 32.432 17.7448 
20.9688 12.6919 26.5194 20.4522 21.9159 
15.6649 26.3079 34.2308 30.7752 12.1352 
13.6068 26.6057 3.0251 4.9523 23.5019 
11.4317 18.1155 7.2103 4.5884 20.3632 
26.0029 27.4511 31.3697 35.769 21.3064 
8.3444 29.3362 8.5794 10.9509 17.4773 
16.2469 17.0894 7.1676 6.476 27.2004 
22.0759 2.1146 23.8306 19.1737 30.8779 
29.1984 16.9025 32.0296 30.1733 25.8104 
7.0839 26.6188 19.259 19.9785 4.2247 
13.2535 19.9049 22.1317 22.6304 14.0792 
4.5735 23.289 11.7319 10.1446 14.004 
19.0147 36.3006 28.9676 35.8969 10.5105 
2.42 28.2629 16.056 15.3001 7.8453 
7.2579 23.9339 8.0712 7.6816 19.9173 
26.8401 7.2282 31.4918 27.1132 29.0674 
5.0731 28.559 14.9768 16.022 13.423 
9.1139 26.8701 24.3698 21.6745 7.594 
12.1387 12.6382 12.7615 14.1835 21.6017 
6.2685 31.9065 19.5333 18.7318 10.5331 
13.6849 24.0923 25.1827 26.0425 11.6836 
4.0406 22.1046 11.7128 13.2124 11.7915 
10.2512 34.6551 23.3495 22.2888 4.9641 
1.3472 23.9701 12.8361 15.3848 9.8216 
2.3006 24.3813 15.4181 14.2187 12.3098 
22.6191 5.8887 21.9449 18.9479 26.0848 
26.2388 28.141 30.7848 38.8874 20.3721 
3.1607 27.4358 13.6561 11.6975 12.062 
13.6124 35.4574 28.4878 32.8375 5.4241 
18.9146 11.4063 17.2867 15.2012 23.1585 
22.8053 9.6992 15.3051 13.0079 30.3261 
20.6285 31.547 30.3989 34.6092 9.7562 
6.995 35.6881 21.1308 16.9273 10.1394 
16.595 35.9629 30.8408 26.3068 8.3702 
3.623 30.122 17.6862 20.9781 6.3833 
22.2358 28.4115 36.0381 29.5826 15.5547 
9.1684 19.3072 10.3392 8.1765 18.4335 
28.3137 22.8197 37.2084 34.3933 29.7754 
15.2796 26.8465 31.2392 24.6777 8.7961 
15.7967 29.3668 30.9837 26.4815 9.0293 
11.3514 14.4476 10.0329 9.4279 20.2237 
11.209 22.875 5.4353 5.176 22.2564 
17.5601 7.6516 18.1907 16.5164 24.6557 
0.7637 23.5579 16.1534 14.2334 9.3268 
13.9919 15.0642 13.7994 10.401 21.0881 
21.0731 2.4313 25.6485 22.129 30.4653 
18.0575 29.6167 32.4172 29.4293 7.3799 
12.272 34.852 31.4113 26.8927 5.3894 
8.3589 18.4756 19.4794 19.1835 11.5134 
21.1141 28.9 35.1217 29.3927 17.5618 
19.4019 12.9306 23.3233 23.0087 26.9974 
15.2477 26.2517 31.6331 25.4513 11.8902 
13.0167 28.772 3.5592 5.4754 25.8233 
10.4134 18.1597 5.6655 5.3931 21.528 
26.0881 25.3038 36.8834 35.5617 23.8219 
8.4271 25.0244 8.076 10.3338 19.683 
18.5937 14.3624 7.4963 6.5061 29.5479 
24.4472 1.7936 20.3798 18.668 35.5896 
25.4666 17.1132 30.8242 32.4499 29.5201 
6.7718 27.6809 19.6096 20.4249 3.6107 
10.2015 24.4225 25.26 20.945 13.9649 
4.6717 25.2852 11.4583 13.1686 13.0515 
17.4894 39.2721 32.2943 29.6816 10.5898 
2.6358 27.1463 16.5459 17.2954 6.8942 
8.9973 22.7659 6.8134 7.4894 19.5026 
26.0708 7.29 28.2161 25.7564 29.7098 
6.1552 33.7998 13.3684 16.7551 13.5909 
7.3809 24.5606 20.4276 21.9643 8.5119 
13.103 15.9403 13.3258 13.5776 18.4188 
7.3647 35.4006 15.1959 18.8304 9.8542 
12.2098 28.518 25.3845 22.3232 10.5856 
4.4665 23.3378 13.8477 13.1748 12.8518 
11.1161 38.1967 22.5208 24.8829 5.4721 
1.2656 31.8538 14.8174 12.7059 9.7982 
2.8779 22.1076 15.5937 12.8618 10.4078 
20.9882 5.624 19.5869 21.9525 29.0627 
25.9326 25.2807 30.9372 32.4985 21.841 
2.9358 26.0617 10.9329 13.3092 11.4737 
15.308 41.9585 31.6156 26.4763 5.505 
16.5844 12.519 18.0586 16.2595 20.1787 
21.7028 9.9971 15.1436 11.5186 29.3098 
17.4414 34.1289 38.2883 35.0769 9.111 
6.6667 30.0045 19.6473 21.5321 7.9079 
13.9853 44.7497 27.9645 28.6854 7.7103 
3.8851 31.054 19.9157 16.971 5.8097 
19.4796 27.1506 38.6466 31.148 18.6734 
8.4086 20.0199 8.8812 8.1141 20.0125 
30.3315 24.4299 31.0293 29.4548 30.9807 
14.5213 32.0285 29.7755 26.5204 9.1169 
13.4838 30.3835 28.984 27.005 8.3871 
EOF