I 50
J 5
bounds (0, 100)
cv 1.0
D 50
k 5
t 3
FLR 0.6
FCR 4
λbounds (80, 120)

λ 
116.4373 80.7817 92.3579 
96.2988 102.6715 93.2865 
82.0723 112.1552 101.9036 
97.6876 83.6715 85.3623 
99.3758 100.9222 111.7161 
90.5066 85.3321 89.2106 
110.1043 119.9191 81.5437 
114.4777 88.6649 86.2335 
86.4751 92.0025 90.7294 
114.449 102.4006 116.6568 
103.6834 115.2818 81.0918 
94.0953 118.418 108.5528 
90.7593 84.1059 104.3266 
106.5635 84.7026 84.8643 
115.9927 88.458 95.1021 
119.5536 111.1389 107.0824 
90.419 99.3706 107.5844 
87.571 115.1517 112.5049 
82.6307 110.2669 111.5541 
119.9617 108.0786 119.2883 
101.0412 117.8597 108.1973 
103.2812 82.6122 117.6467 
102.9644 109.6713 102.4866 
80.8732 86.0573 99.6835 
117.7441 95.5539 115.2852 
103.1689 106.8425 113.0466 
87.3022 105.9277 107.5738 
112.697 104.5149 108.2562 
92.3378 115.9373 96.8864 
101.5614 117.2375 95.5933 
108.8527 93.9389 83.6058 
103.1776 81.2809 100.3198 
93.039 99.5053 94.0012 
82.2359 83.2168 80.2898 
96.8379 98.3155 84.97 
110.9316 108.016 104.9676 
95.0336 101.3825 117.1461 
82.9698 110.7161 101.6577 
89.7786 94.663 89.1056 
93.1446 80.2737 86.2608 
107.944 110.3812 92.2216 
94.6735 89.4507 100.2784 
111.5622 114.1397 113.7985 
110.438 117.9377 114.926 
100.5859 81.6212 87.7275 
104.3062 81.3151 105.4833 
93.7831 98.9067 84.0783 
99.0571 84.3999 82.789 
96.9666 104.9877 104.9267 
113.0424 83.6006 116.6415 

Icoords
76.8332 80.5992
28.8639 63.1928
25.1283 30.734
57.3077 0.2402
34.6353 56.4357
87.1309 91.5755
43.3056 63.2443
16.2205 84.4867
50.8003 9.7766
23.7009 20.4247
68.9731 90.4267
39.8353 31.0792
75.3613 9.8226
44.6279 34.3589
23.1231 7.8365
97.1321 12.3347
28.0276 44.9865
27.6151 54.1681
50.3408 74.1834
94.718 58.7404
41.1094 12.5515
10.5251 96.992
95.5581 80.1852
12.2774 64.6681
1.2183 32.8951
10.6416 17.3385
28.6128 13.9749
66.0454 39.651
54.7498 3.1149
73.2135 72.229
21.448 24.3093
40.5732 50.1994
93.2233 19.467
67.8846 58.5749
74.172 4.8334
7.7059 99.3968
32.0019 91.1719
69.2715 34.0716
70.3675 56.3066
99.4676 4.6354
93.1891 15.6186
21.3264 65.4181
14.4405 36.0881
26.697 88.2869
3.7757 75.9908
22.6975 29.4657
60.0463 81.0814
14.8633 76.4503
15.4439 98.6222
99.2727 15.2015

Jcoords
7.8541 73.6304
21.0891 64.9886
89.3377 67.789
9.2077 68.8208
43.1887 67.5913

C
26.6505 19.6474 6.3174 21.6021 12.369 
7.8801 2.8479 20.3293 7.4485 5.2687 
15.9356 12.255 25.013 13.1354 12.6581 
31.1422 27.4577 26.0756 28.6064 23.8376 
12.1289 5.5639 21.2634 8.9969 5.0494 
27.8067 24.3763 7.2287 27.6329 16.5704 
14.0156 7.6014 18.3543 12.9117 1.3111 
4.3914 6.9836 28.2598 6.7643 12.1725 
24.4401 22.5025 24.195 26.4408 19.5234 
17.0766 14.8786 26.4356 16.1006 15.5602 
21.0501 17.5949 11.2329 20.3617 12.1617 
20.5626 15.2273 20.8675 15.6363 11.6451 
35.3727 28.4243 23.0878 29.4374 23.5664 
18.938 12.5894 17.3396 16.2687 12.0713 
21.6946 17.471 30.9774 24.8018 24.1293 
40.6646 34.6849 21.9966 34.6226 29.3365 
13.0155 7.1453 21.2135 10.3801 9.1018 
9.7852 4.3392 21.7308 7.2417 7.7512 
13.0233 11.8052 12.0094 13.3404 3.275 
34.1948 26.4243 3.6582 29.1715 20.4482 
26.3299 19.14 23.9859 21.2227 21.5745 
7.2187 13.3695 30.4257 9.3518 14.2431 
28.6537 29.8011 4.502 33.1396 17.8015 
3.9018 3.1681 28.8056 1.6086 10.7741 
15.8857 14.812 31.1815 11.8212 16.979 
22.2851 15.6493 33.9516 16.9958 21.6497 
22.0948 15.7069 25.4532 18.8379 18.8468 
25.8492 18.2269 12.6277 24.9474 13.3419 
33.4508 25.2024 22.9854 26.574 21.3807 
21.5278 20.2501 5.7147 19.4276 9.3057 
15.7727 12.2083 30.9982 14.5554 17.9308 
14.3831 9.376 18.7038 12.1066 7.0033 
33.8186 27.8324 19.2506 34.3474 26.7899 
20.5226 14.9823 9.2482 22.2653 9.6959 
36.1109 31.4652 23.1051 35.4619 24.0694 
8.0624 12.9365 34.0345 9.542 15.7534 
10.3359 9.8942 22.892 10.7999 7.9656 
29.0465 18.7833 14.2782 26.6949 12.7968 
24.566 15.6067 7.0537 23.6286 10.1675 
39.2692 35.4638 20.4483 37.856 26.0087 
38.2306 31.3356 20.5431 39.5572 28.2708 
4.9133 0.157 20.7969 4.9367 6.6327 
13.0813 10.5751 24.9682 11.4328 16.8249 
8.7276 9.0535 20.2012 8.4185 9.4684 
1.5442 7.2946 33.5135 3.0125 14.056 
18.0918 11.3399 26.1294 14.7066 14.3658 
18.3418 16.8348 9.7818 15.9921 6.5614 
2.364 4.2143 25.1771 3.7865 10.2717 
10.0375 13.5461 31.6591 11.1771 14.723 
34.8922 30.3467 18.3405 31.7493 25.1346 
23.184 23.1265 6.0525 24.6156 11.0596 
9.032 2.6037 23.9015 8.0475 5.8456 
18.2432 12.5551 27.0739 13.8702 14.0043 
28.1156 25.5881 27.6829 26.6295 25.324 
10.4103 5.0128 16.7884 9.3675 5.5526 
29.6844 26.6545 7.6229 26.3746 15.1186 
14.2077 8.3702 14.1821 11.5435 1.405 
4.3942 6.445 29.1973 5.465 11.396 
23.3243 18.8911 26.1381 23.5447 19.6342 
19.547 13.6109 25.4481 17.111 18.7907 
22.7425 21.5151 10.1306 21.6264 11.2421 
18.0608 11.9416 19.0125 16.7542 13.9843 
34.3324 29.1517 18.3176 27.4962 20.28 
19.0025 13.2809 16.9097 15.987 12.3374 
26.4428 20.5935 28.6996 20.9486 19.7107 
34.6218 36.6273 20.199 41.4468 25.8152 
13.6181 7.5603 22.1751 11.6829 10.5852 
10.756 4.2369 18.9686 8.9592 7.8355 
13.7626 10.8332 12.7919 14.0289 3.6524 
26.5715 22.6705 3.2508 31.944 16.8354 
27.3591 20.807 29.2216 19.9096 18.5066 
8.7072 12.1226 30.7199 9.9074 14.4057 
30.9667 28.2734 4.6851 31.3803 16.735 
3.9428 2.9565 24.2785 1.715 12.2644 
14.5485 11.6072 32.9538 13.7828 17.736 
17.9002 14.8834 28.6887 18.9889 18.7399 
25.0382 19.533 24.869 20.9963 17.1243 
24.6901 17.4992 11.0277 22.7497 14.3707 
33.5186 26.1745 26.1025 24.9911 23.1625 
25.2345 19.9764 5.9304 24.9592 9.7067 
17.3024 14.8729 30.845 17.8885 18.759 
13.55 8.1358 20.596 11.8294 6.5848 
30.7653 31.7902 14.5482 32.4473 26.3318 
18.6288 16.6732 7.0091 22.5095 8.2946 
29.957 27.871 21.5186 32.5896 26.085 
7.8666 12.7409 32.17 10.8523 17.5927 
11.7984 10.4871 19.7898 9.5996 8.3989 
26.8841 21.245 12.9167 25.9316 13.5444 
20.2587 17.4781 7.0382 20.6196 8.8315 
43.547 34.7219 21.9002 37.1361 26.7096 
41.1714 29.2733 16.3581 31.3754 27.4775 
6.308 0.151 22.3961 4.2306 7.7488 
13.2566 9.4808 25.5701 11.8737 15.7502 
9.2957 7.8481 22.3498 7.9475 9.0159 
1.6676 7.2064 34.3043 2.901 12.9276 
18.4506 13.0289 24.2383 13.0508 16.4563 
20.1185 13.8674 10.9848 18.8161 7.4186 
2.8725 5.1443 27.7638 3.7105 10.8504 
9.8729 12.8436 30.7063 10.8269 13.7614 
35.0332 32.8123 17.222 31.9484 23.7302 
25.2223 22.1829 7.1176 24.1694 11.8964 
8.6871 2.8846 20.5658 7.0232 5.5954 
15.746 10.4028 25.3837 14.3903 12.6909 
27.1244 28.8376 23.2348 28.3132 26.948 
9.8819 5.6872 19.3136 10.1283 5.3291 
24.4823 24.953 8.0791 30.0601 15.9446 
13.3913 7.1223 14.0618 11.077 1.5229 
5.4427 7.8859 26.6849 6.6133 9.6266 
24.5863 20.1952 26.1451 28.7014 21.0337 
18.5422 14.8563 32.231 18.8641 16.6319 
22.565 19.7692 11.7384 25.128 12.5888 
16.2191 13.5999 22.2849 18.1055 14.3363 
34.6482 23.6727 23.3561 31.4761 21.3909 
16.7483 13.5899 17.6689 15.0777 13.1857 
23.6263 21.3141 34.6932 22.6875 20.6057 
35.434 28.2751 18.2166 34.3509 26.6337 
12.4164 7.3063 24.1113 11.5037 10.5416 
9.2333 4.4719 20.8206 9.1804 7.9321 
14.5147 10.5633 12.7563 13.3818 3.63 
30.0262 26.4982 3.1992 32.8136 19.3973 
24.6886 20.4983 28.7303 24.7997 21.2715 
9.3773 13.3156 25.8871 9.4505 16.8316 
34.3527 25.9401 5.4326 26.7382 20.2415 
3.553 3.0517 27.3711 1.6758 9.5197 
14.8456 14.1854 33.1339 12.0568 18.7597 
20.831 14.8883 32.6616 16.8258 18.1173 
21.6337 20.5231 24.6418 18.7448 21.0526 
24.3195 15.8117 12.0688 21.5103 11.3493 
32.5193 22.7512 24.6136 25.4708 24.7215 
21.2467 17.4504 5.1026 24.0682 10.6607 
16.3048 15.7394 27.8621 17.1222 18.2553 
12.226 8.0967 20.0672 11.6944 6.0413 
36.8314 33.2914 16.6958 37.8162 27.4009 
20.1884 17.6368 8.1508 19.43 8.0422 
30.2628 27.8148 20.5278 32.1793 27.3449 
10.3041 12.7224 28.1083 11.9145 16.106 
11.5775 9.4148 22.861 10.5477 9.696 
25.445 20.0599 13.109 27.5484 15.8506 
20.5117 15.9669 8.6082 19.7394 11.53 
34.8766 38.1248 25.0791 34.3229 28.2887 
41.1817 31.3006 19.2928 32.1409 24.6288 
5.6864 0.193 22.226 4.1727 8.632 
11.9988 11.1919 30.271 11.1677 17.0168 
8.0544 9.4393 21.3612 8.0888 9.18 
1.457 6.7387 30.2129 3.1376 13.3669 
14.7558 12.4102 25.8604 13.2006 15.0713 
17.8673 14.4322 11.6378 19.6529 6.9738 
2.9322 4.4087 23.7225 3.6013 10.0135 
9.8886 10.9201 27.1913 11.2258 14.3733 
37.5395 33.6279 16.2747 33.3739 30.223 
EOF