I 50
J 5
bounds (0, 100)
cv 0.5
D 50
k 5
t 3
FLR 0.4
FCR 10
abounds (80, 120)

a 
78.0 78.0 87.0 
84.0 82.0 90.0 
79.0 89.0 84.0 
69.0 83.0 92.0 
103.0 85.0 64.0 
79.0 76.0 79.0 
103.0 96.0 96.0 
95.0 89.0 119.0 
86.0 103.0 69.0 
99.0 98.0 82.0 
86.0 108.0 106.0 
68.0 84.0 92.0 
95.0 72.0 100.0 
115.0 108.0 75.0 
72.0 78.0 69.0 
104.0 86.0 86.0 
89.0 91.0 92.0 
98.0 81.0 88.0 
99.0 85.0 111.0 
101.0 94.0 73.0 
103.0 93.0 84.0 
91.0 73.0 83.0 
97.0 89.0 84.0 
103.0 108.0 89.0 
82.0 84.0 96.0 
79.0 75.0 106.0 
90.0 89.0 79.0 
81.0 95.0 77.0 
96.0 82.0 103.0 
91.0 92.0 92.0 
108.0 76.0 90.0 
91.0 80.0 91.0 
87.0 92.0 84.0 
79.0 95.0 87.0 
78.0 95.0 82.0 
106.0 94.0 84.0 
90.0 95.0 103.0 
93.0 98.0 91.0 
90.0 89.0 80.0 
82.0 85.0 68.0 
71.0 94.0 105.0 
109.0 94.0 97.0 
109.0 92.0 90.0 
93.0 82.0 82.0 
81.0 91.0 98.0 
85.0 97.0 77.0 
77.0 77.0 79.0 
79.0 89.0 87.0 
97.0 92.0 98.0 
79.0 88.0 81.0 

Icoords
93.5647 65.459
41.4944 10.6106
78.9363 14.1938
63.1669 31.1045
76.3391 21.917
78.0542 4.1347
68.1288 29.0336
31.9818 73.5328
85.5165 32.4002
51.5936 48.1814
91.3798 93.3949
39.9144 87.3355
48.8473 38.8366
50.5256 77.2785
13.0578 3.8985
92.9783 98.8532
50.1604 75.5413
33.3694 13.5067
74.2819 94.1206
59.5326 37.4059
53.2932 14.1115
81.5905 96.7447
99.5432 6.8405
64.6122 4.2423
92.326 1.588
85.297 15.4997
45.7337 0.2334
11.9714 2.077
81.8666 37.3082
30.9539 70.5769
45.5513 85.3969
36.005 38.7665
40.5063 67.1416
58.8215 32.5674
84.2573 83.9284
62.5441 59.1605
21.411 6.9579
92.0221 92.9991
99.0092 7.8497
39.4168 26.376
52.947 96.7064
44.6065 69.1053
98.1006 68.1825
13.478 41.2461
48.1452 85.8736
50.3757 14.8917
97.8833 65.9335
12.9708 15.7586
66.3915 80.3824
17.0852 53.5711

Jcoords
73.1773 27.7284
77.8704 14.8217
33.0384 81.8115
76.7164 38.8285
73.703 43.449

C
15.3876 20.7231 20.0503 10.5599 9.988 
13.6628 12.0916 26.0921 16.6264 14.1212 
4.9098 0.4549 28.6768 9.7503 8.9575 
3.3426 7.8652 19.2224 5.8876 6.4496 
2.51 2.3025 23.0148 6.2977 6.6532 
7.6156 3.2087 28.9714 12.9192 14.8289 
1.8798 6.6405 19.2734 4.6205 5.0354 
21.2412 28.3313 3.1522 21.7695 15.5698 
4.8488 6.4582 23.8582 3.4317 5.1744 
9.8215 15.9161 13.6161 8.9134 7.5111 
26.6506 31.7549 21.1571 22.002 19.3436 
26.1641 30.8808 3.0535 23.2104 18.0229 
9.4092 14.9438 15.3718 9.7235 10.0084 
17.2 26.0314 6.6588 16.7854 13.8852 
20.0995 21.2034 25.1839 22.4226 27.3246 
27.5384 27.509 22.7514 22.1515 20.2968 
17.7501 21.5315 6.8742 14.5356 14.5674 
12.8042 14.2065 23.8113 17.6005 17.9633 
23.7319 31.3869 14.1476 17.7549 15.5015 
5.9619 11.1974 19.8407 5.54 5.7215 
8.1216 9.358 27.7643 12.7902 10.8181 
21.8454 32.4585 17.7839 20.0808 21.3188 
12.2978 7.9703 32.1097 13.3533 17.8118 
7.7948 5.1462 28.6086 14.584 15.4145 
10.8196 6.4341 33.0784 14.7789 15.3944 
6.8094 2.6437 26.1983 7.9939 10.4725 
15.1855 12.5149 26.5183 15.4615 16.766 
20.9444 22.2772 31.3636 29.2657 24.9618 
5.11 7.2582 21.1214 2.0443 3.8155 
23.3347 22.407 3.4987 20.7082 15.9181 
22.5978 30.0557 4.5167 22.3354 19.3487 
13.6106 15.935 15.6451 15.6169 13.3603 
17.9895 21.5121 5.3565 16.0281 15.498 
5.8537 8.4975 19.9663 6.2393 6.3252 
22.0879 26.546 19.4695 13.823 14.0893 
12.566 17.3625 11.4159 7.9433 6.7198 
19.3995 19.3587 26.8614 22.3218 20.3285 
22.7656 28.7045 23.3837 18.9421 17.0634 
12.0472 8.583 37.7901 13.0643 15.7501 
10.7647 14.0211 17.7001 14.1485 14.0491 
26.3453 32.2859 9.2518 23.6134 22.5321 
16.8346 19.1885 6.4438 14.7802 11.9209 
18.7685 18.5753 24.6354 11.055 13.3512 
24.4475 24.6118 17.1629 21.8015 20.4962 
24.4166 29.7525 5.4236 21.6753 16.7752 
10.0846 8.4024 21.1121 13.0979 13.9715 
17.3072 19.4696 26.6642 13.0341 12.8575 
23.0439 19.9847 25.7842 26.6964 22.9877 
17.5195 26.5234 13.0096 17.0028 11.585 
19.0218 24.5957 10.1067 22.2119 22.7761 
13.0332 19.1432 24.5331 12.5074 10.7232 
12.6905 11.8059 22.715 14.925 15.6115 
4.4539 0.4361 29.9599 9.3645 11.3321 
4.0462 7.9354 23.1329 5.6802 4.924 
2.3274 2.3126 28.2696 6.3857 6.7313 
7.5193 3.4588 32.9665 11.8706 12.871 
1.6473 6.7766 22.3917 4.8328 6.0169 
19.0851 28.8007 3.3258 18.6273 16.331 
4.573 7.5489 21.6959 3.9701 5.5917 
10.3003 15.9841 13.9503 10.034 8.1939 
26.3303 23.9736 20.3958 19.7815 20.4456 
22.8603 26.7803 3.4601 23.3443 21.5067 
10.249 12.4576 16.4388 8.6729 9.6595 
21.6458 21.9473 6.9912 16.5528 16.3497 
25.6611 20.0006 24.1383 28.6237 21.8293 
26.9404 27.8933 20.7323 21.909 18.9242 
19.7082 21.071 7.124 14.6263 12.1952 
15.573 17.6256 26.284 20.0403 15.7982 
20.4981 29.0849 14.1863 20.7712 17.7311 
5.5103 9.7922 16.6037 5.2038 4.7171 
8.4927 8.0426 23.5032 12.7561 11.5007 
23.7088 28.9732 17.5503 21.1269 20.0204 
10.2022 8.49 35.7075 12.0761 14.012 
8.2497 5.879 31.6236 12.0996 14.835 
12.0055 6.2029 30.6743 14.4236 15.3257 
6.8335 2.6273 30.1242 8.1928 9.2743 
15.302 12.8713 29.2923 15.6248 17.5124 
25.0722 20.2032 27.372 26.8313 25.0361 
5.0544 7.4888 19.9322 1.6598 3.2495 
23.9062 26.3638 4.4277 18.7254 17.194 
21.6515 27.1604 5.0282 20.9345 17.3583 
13.9208 18.7274 14.066 15.2708 12.9272 
18.9724 20.3484 5.4438 18.3861 15.6204 
4.7933 9.8382 17.7651 6.5161 6.5243 
20.7589 27.0526 17.4857 16.1779 14.2942 
13.1865 16.1756 11.6651 7.5938 7.3866 
21.7422 18.8742 28.7249 19.2643 24.5434 
21.2982 28.4582 22.8614 17.1464 15.9488 
12.1319 6.9403 31.6255 15.0832 14.6407 
11.0418 15.2497 22.0471 14.3609 15.0871 
28.243 29.4785 8.6725 24.7021 20.5487 
19.4141 24.8738 5.9919 16.2101 12.7976 
16.963 21.6683 26.1843 14.2872 13.3339 
24.2761 23.2545 14.812 20.1561 19.2307 
20.0486 29.1056 6.0822 21.978 19.0436 
8.0489 9.8789 23.5178 13.614 11.5157 
16.2608 21.8079 24.5746 11.8682 11.3221 
19.195 25.8003 24.1274 21.09 21.606 
17.9443 22.277 12.8026 14.3695 12.1874 
23.3634 21.7267 9.7434 22.5804 20.1592 
16.7429 16.1639 20.2635 11.7826 11.6423 
11.7289 14.3802 22.1772 14.9881 14.4064 
5.1511 0.4325 32.3789 7.6306 11.0765 
4.2057 8.3566 18.2315 5.0719 6.2191 
2.1852 2.2168 22.83 6.1725 7.1543 
9.0251 3.5956 32.383 11.4401 13.2389 
1.7437 5.5481 19.4319 5.1624 5.7448 
18.9003 22.5339 2.5956 21.4355 17.9924 
4.6799 7.0313 28.6227 4.1009 6.1401 
9.5093 15.2324 11.6419 9.8061 8.9627 
23.4342 25.9508 21.9185 17.1993 20.5516 
26.9832 25.1188 3.1629 23.1069 19.114 
9.6874 14.424 14.2591 10.9135 7.7862 
16.4264 23.3041 6.1693 15.5944 16.157 
23.9667 21.7555 27.5648 25.4796 25.6231 
25.9216 26.5699 21.6297 19.5583 22.1329 
20.5997 20.0965 7.2808 15.9131 15.9047 
13.21 13.4719 21.8988 18.3485 15.4115 
25.6907 28.1641 16.5751 21.5793 18.395 
5.4567 11.4795 19.4735 6.766 5.5536 
8.4156 9.267 21.3338 10.5699 11.2505 
26.5316 26.636 17.2455 18.5754 18.625 
13.0412 8.5246 35.7175 14.4497 13.9627 
9.3897 5.5312 31.5063 13.0889 15.2012 
10.5863 6.244 33.2579 14.5367 15.9488 
5.5801 2.9405 25.9112 9.5674 10.1518 
12.1903 12.1549 32.8754 19.114 18.7839 
24.3024 22.6195 25.1618 22.3569 24.6942 
4.0003 7.313 26.149 1.9713 3.4814 
18.5402 23.4491 3.6073 19.0818 16.0801 
25.0789 25.181 4.0963 18.5475 20.1621 
12.5713 15.6359 17.1682 15.3686 12.5018 
18.4144 21.7049 5.5112 16.7221 15.3634 
5.2053 8.1669 16.7201 6.226 7.2396 
17.975 24.0406 17.7112 13.9373 13.3363 
12.4499 18.0849 12.729 8.1787 7.3018 
18.1613 17.7455 28.8082 20.0941 25.2129 
21.1623 31.3819 21.5106 21.5258 20.8882 
11.4637 8.4272 30.3371 15.068 16.0908 
11.8899 14.2941 20.2893 13.0907 14.0721 
26.4243 27.681 9.5253 23.6196 17.7365 
15.8943 21.4677 6.65 16.6117 11.6882 
15.2619 22.1876 24.2632 14.0983 13.7542 
20.7382 24.2359 17.0098 21.1814 23.7325 
19.0673 28.1428 6.212 21.4111 16.3146 
9.5718 8.6609 23.0546 12.7812 11.7075 
15.3827 19.0908 20.9428 13.1888 10.9259 
23.8234 24.6125 22.7536 24.2017 26.6454 
17.8275 21.7046 10.3456 16.8615 12.2514 
20.1273 23.7379 10.3759 20.4428 22.2988 
EOF