I 50
J 5
bounds (0, 100)
cv 0.5
D 100
k 5
t 3
FLR 0.8
FCR 4
λbounds (80, 120)

λ 
108.7064 83.6607 105.6069 
87.7971 119.9111 88.9732 
84.9303 112.9379 104.1046 
102.6461 97.4538 101.3322 
91.5741 94.3892 103.2489 
86.6405 107.8651 93.7608 
85.6405 81.0885 116.1505 
88.2382 97.3629 89.2615 
82.8603 91.0825 82.3644 
92.6881 94.4038 96.6231 
115.8381 94.4183 92.2501 
84.5979 91.1027 113.9552 
110.6151 107.4972 102.9309 
91.1801 114.5347 104.6305 
92.8484 115.5535 103.6071 
101.7695 101.0859 82.6069 
105.5955 86.4374 86.138 
83.6346 109.2564 110.356 
103.6908 84.3383 105.3495 
113.5106 113.6309 91.5903 
84.2199 85.486 113.0321 
117.4673 107.8094 102.5094 
109.9984 83.7984 99.9342 
102.2589 103.9202 111.9825 
109.2568 110.488 82.9287 
108.8019 101.6636 87.743 
104.5934 98.8646 100.1427 
99.3253 105.1779 106.6454 
119.6057 108.1571 119.8285 
89.1035 88.9806 87.9881 
108.9079 107.5501 117.9909 
96.4626 113.0828 112.7212 
94.5468 117.1442 88.5523 
99.3075 80.1996 80.9875 
116.299 99.8582 110.5749 
111.9306 117.4766 101.8628 
90.5479 93.839 81.1537 
88.2207 94.3826 98.2405 
101.9381 111.5102 100.5017 
85.2667 102.2255 82.3603 
100.3435 104.0364 108.1861 
96.7174 117.842 112.1778 
80.376 95.839 116.1146 
84.429 104.7663 117.3698 
86.0068 80.2578 109.779 
85.3431 112.1026 91.7014 
105.1114 94.808 91.9708 
111.3275 113.0689 92.2787 
115.9211 111.0193 113.259 
100.8997 104.3211 93.5164 

Icoords
81.4912 9.2181
2.9746 48.7402
32.1398 13.2803
79.1106 81.2418
8.9821 37.7914
74.9406 70.6557
80.7939 63.1487
26.3702 32.8158
74.9131 58.1611
46.5127 35.3069
51.9551 28.7449
20.4902 40.1407
89.0597 6.7968
13.4045 22.4898
30.8979 46.6485
6.8885 86.9012
84.8713 21.6363
18.2679 73.2015
58.7774 63.2554
48.408 88.9118
91.2813 29.0599
61.1628 66.6764
96.1513 20.7677
42.6542 85.5403
59.926 6.9545
90.4107 95.1795
73.7942 8.6327
14.6845 5.5912
44.1213 62.1868
7.4638 35.4375
69.9129 82.0167
91.6057 58.4901
35.788 30.8234
85.9156 60.3749
37.6086 14.42
78.2746 96.1562
16.5275 35.3601
72.1266 94.9135
97.513 67.2741
43.8226 79.011
69.8414 61.3556
43.9492 99.3048
27.3921 96.1888
56.6339 66.2968
40.0487 35.6704
26.682 60.1295
89.9847 2.2201
98.5856 93.53
43.5808 29.0414
38.893 56.8653

Jcoords
12.7351 41.47
87.7259 2.4039
3.4639 61.3587
47.3015 99.4946
79.353 24.4192

C
29.4057 3.4478 33.6904 29.9931 6.0819 
3.7668 32.5995 4.9918 22.918 28.8967 
11.1053 20.1696 21.2783 29.5526 15.0622 
29.9689 30.2398 28.6897 11.1196 19.2517 
2.0921 32.4514 9.5488 25.4799 23.1795 
21.7267 27.0951 23.613 12.4828 16.744 
27.8783 19.3627 28.1634 18.9592 12.933 
5.7089 27.0698 11.2172 22.7412 19.0865 
22.5521 18.1357 22.9295 17.2237 13.3341 
11.0285 16.1005 17.6012 21.1193 11.2063 
16.3982 15.437 18.3789 24.667 9.5333 
2.9758 29.1522 8.8415 25.4653 19.2344 
33.4906 1.5338 40.3388 40.2508 6.4018 
6.7346 27.3153 12.4612 28.2274 21.482 
5.7736 27.3535 10.0578 19.2948 19.2878 
17.42 44.2961 9.1926 13.5074 34.503 
24.636 7.4584 29.439 30.1447 2.2181 
12.5459 33.4237 6.8382 11.9429 27.7594 
19.8142 25.8629 16.792 14.365 16.5032 
22.5439 30.8922 17.5391 3.3667 28.2911 
31.3788 8.2532 36.9503 29.0964 4.4976 
21.2429 24.7442 22.6501 11.7243 16.5024 
27.5717 7.7282 31.1855 29.7595 5.7468 
16.827 30.0159 16.509 5.0624 23.4338 
18.1596 10.8539 30.5006 33.7631 10.1071 
29.5302 34.4249 30.6934 13.474 22.6388 
20.8611 5.0253 31.2923 37.2524 6.5072 
11.279 27.497 21.1271 34.5339 25.0488 
14.5952 28.9619 15.453 12.7606 17.3284 
3.1131 28.5987 8.2671 27.6693 25.3678 
27.3862 31.7514 22.0101 9.2538 18.6771 
30.9916 22.3981 33.0001 20.7483 12.1402 
7.8996 18.8153 13.6378 27.0163 17.0981 
27.9128 20.5028 26.4277 16.6881 13.0629 
14.655 17.1775 17.448 28.085 15.2041 
25.8464 36.8712 27.244 9.6199 27.7654 
2.8729 26.3533 9.6977 28.0914 23.0022 
28.6511 35.1058 25.7852 7.8838 27.318 
30.0769 23.2108 32.6147 21.1317 17.4772 
17.3131 28.6343 16.629 7.6147 22.6933 
18.3949 20.5637 25.1836 16.9099 11.7018 
20.4654 35.0572 21.4185 1.2393 28.685 
18.8467 44.3387 12.9435 6.9466 27.2637 
19.7495 25.9143 20.2168 11.2903 18.619 
8.3991 18.8127 16.54 21.4802 13.426 
8.1838 32.9677 8.3772 14.7047 19.4724 
34.2177 0.7094 37.351 38.3798 8.9569 
35.5925 29.6236 31.46 19.0514 28.2931 
10.6318 19.0047 19.6787 23.8816 11.8561 
10.5656 29.2521 12.9566 14.4734 19.8064 
26.7857 3.2853 29.9835 30.524 5.2438 
3.9676 30.658 4.3819 26.3884 29.7463 
11.2764 21.6196 19.2406 27.7143 14.8681 
29.4427 28.9551 23.9263 14.5339 18.6778 
2.0327 27.0645 7.7165 25.7414 26.0018 
27.3748 25.6716 23.5409 12.3989 17.9934 
27.1069 24.3822 23.2439 17.6148 14.1887 
6.0093 23.2966 14.6318 27.794 20.4866 
19.4619 19.3486 24.1811 15.5436 11.0845 
12.7281 17.1868 19.6491 22.2941 12.8774 
14.786 14.3886 20.2548 22.781 9.5638 
2.9726 29.4761 8.3818 20.3201 21.9395 
33.1972 1.6468 32.5431 32.4528 6.7177 
6.9112 25.8525 14.8363 25.5855 23.3821 
6.3459 23.7453 11.5862 21.4583 19.6983 
16.7512 40.519 8.404 15.8228 30.3791 
29.3043 7.019 31.1782 30.3436 2.1359 
9.8982 30.5673 6.1178 12.4442 28.2754 
18.1791 24.1243 16.7256 12.9624 14.3189 
22.6329 29.7615 18.8255 4.2349 27.9692 
25.2 10.4234 29.6426 31.4381 3.9498 
17.7543 23.9027 21.5434 10.9512 16.3229 
33.3645 6.225 33.1991 36.0876 6.4121 
19.7566 34.8862 14.7361 4.5609 21.4233 
20.4398 9.0087 25.114 32.2501 9.3991 
33.9971 30.6752 28.6223 16.1991 27.9386 
23.9739 5.97 27.1522 34.025 6.2511 
11.0813 22.1087 18.3341 38.6792 23.7624 
14.5388 28.5179 13.6881 12.0043 18.9295 
3.1099 33.3289 8.5398 27.7071 22.2259 
23.3978 32.0696 27.8066 9.4825 22.4943 
28.8695 21.7122 28.7671 21.2373 11.6442 
9.5146 21.1302 17.0884 21.244 14.9801 
26.8244 19.0876 26.0648 19.3375 12.8399 
11.6159 17.3476 20.6985 27.263 16.934 
34.0579 36.2682 26.2292 10.2959 26.0506 
2.7931 28.4952 11.6239 26.498 23.7993 
29.562 37.4043 24.57 8.217 24.9511 
28.8629 22.4892 31.1541 20.1413 16.3648 
17.045 30.6651 13.9023 7.2221 24.0481 
20.4871 21.1305 25.9868 14.2164 13.7576 
21.5498 39.6187 20.9136 1.2682 26.1918 
19.6058 39.0863 15.6184 7.1586 30.799 
18.1911 23.676 20.4144 13.4111 17.69 
10.5994 19.0627 14.8637 23.7798 13.5159 
7.422 28.2628 8.9817 16.4067 20.8088 
31.107 0.6892 34.2489 41.0355 7.7484 
31.4258 28.3847 31.2993 16.2531 25.9544 
10.7548 16.0504 18.5247 24.5801 10.9291 
11.4731 23.8684 12.5817 13.7087 19.1633 
23.5124 3.0174 30.8 34.1054 5.9776 
3.9847 35.7967 3.9248 22.6552 27.2615 
11.0334 20.8323 17.4548 34.516 16.3816 
24.1809 26.7345 28.1813 13.441 22.2121 
1.6412 26.2357 9.4253 27.1069 26.3886 
27.4779 23.8106 22.5174 14.9394 15.6711 
25.7498 21.148 25.8506 19.2359 14.398 
5.2502 22.1873 14.0828 25.7324 19.0973 
20.5112 18.8451 23.7592 15.981 12.2314 
10.795 16.1374 17.576 23.0772 11.1302 
15.9612 15.7879 22.5339 27.4322 10.1824 
2.4911 30.0081 10.4575 22.9188 22.5366 
28.5278 1.7097 33.0811 33.3272 6.1906 
6.9302 28.7164 14.7681 28.0759 21.0268 
5.7056 22.168 11.8944 17.9778 16.6969 
15.1251 44.0505 8.2055 15.1583 29.0491 
29.3043 6.7915 29.9916 32.7555 1.9066 
12.1626 34.2965 6.7984 15.288 26.2663 
20.2879 25.8292 21.2805 14.1218 16.2615 
23.0187 32.1275 15.8996 3.5561 22.3324 
24.4844 9.3342 32.59 29.4369 3.8462 
18.2784 27.4356 20.4714 12.932 14.3171 
27.0303 7.3645 33.6342 36.7732 5.3171 
18.8724 32.4463 18.1162 5.2477 27.6685 
21.4045 10.7271 27.772 35.0053 9.9059 
31.6362 29.1901 28.4544 14.3404 23.9208 
21.9149 5.0879 33.5777 33.1637 6.298 
11.4478 24.0681 17.3215 33.7983 25.1902 
11.3874 23.8932 13.7898 12.682 17.3232 
3.182 28.6334 10.2132 27.3073 23.855 
21.344 26.0571 21.5091 8.8909 20.0137 
25.4323 19.7445 34.4288 23.4166 14.3416 
9.7711 23.5872 16.0257 21.1465 14.5133 
29.7872 22.4863 31.4163 19.0352 11.4181 
13.2475 16.1571 18.3245 26.4324 13.1094 
30.3789 35.439 31.5179 10.4704 24.9529 
2.7147 27.5145 10.2506 28.1128 19.3354 
28.6991 28.3229 28.437 8.3912 24.3346 
34.8269 24.6672 35.8846 22.4263 18.5942 
17.3131 27.9456 13.6908 6.7504 21.6902 
21.2611 24.4756 20.6965 15.2398 12.8575 
19.7293 36.4926 17.0682 1.3112 31.7664 
21.2996 41.7404 15.5972 6.4825 29.4079 
19.8605 26.3193 20.5692 13.5559 17.7233 
11.0824 18.993 17.5637 20.0285 13.2829 
7.0307 26.0112 7.8076 13.4382 19.7079 
34.4603 0.8197 39.3003 35.6392 7.7558 
36.8074 30.936 37.1434 19.8517 23.2069 
13.2324 20.0514 17.6181 22.0191 11.3727 
9.7612 27.7306 11.596 13.4741 18.095 
EOF