I 50
J 5
bounds (0, 100)
cv 1.0
D 1
k 5
t 3
FLR 0.6
FCR 2
λbounds (80, 120)

λ 
119.0896 109.0261 80.3826 
93.8656 96.2028 80.8527 
84.1732 114.7216 101.9804 
108.6895 84.9782 92.3786 
119.1623 117.912 91.8121 
104.7627 99.2784 82.2529 
118.822 90.6303 96.9279 
99.5296 108.0126 119.5149 
100.3304 95.621 119.52 
104.2849 102.8744 86.7635 
83.3415 113.5646 116.6708 
85.2618 93.2189 91.9042 
102.1565 106.4346 91.8681 
82.9103 108.5101 91.2321 
112.0541 111.6767 91.9401 
104.032 108.1009 86.3413 
93.6564 82.0452 84.0254 
110.2877 109.376 109.0834 
107.9224 99.4075 87.6611 
97.07 119.6626 113.3472 
107.3999 91.7573 110.1333 
117.2926 109.9229 108.9232 
101.3314 106.5467 107.8797 
109.2824 118.596 116.8899 
87.3115 83.6479 97.0595 
106.3284 113.6039 106.1099 
87.1647 95.8736 93.8894 
119.3763 86.6819 115.3579 
106.375 93.4314 89.2473 
85.0327 104.7749 83.5618 
97.9107 84.4207 90.0972 
119.3442 89.1618 81.9145 
96.6621 93.3955 114.0029 
81.9778 86.7029 81.198 
105.274 103.4999 90.3373 
113.1187 92.5197 97.9927 
92.4823 80.6792 109.2081 
82.0844 115.0378 92.0374 
114.7785 100.6632 95.1585 
89.9146 92.988 96.4676 
111.8612 113.5491 80.8406 
89.8875 88.9367 108.7325 
96.7519 82.4316 95.4794 
111.2465 103.5615 104.4987 
87.14 98.2114 91.7989 
83.1272 104.4582 119.9393 
97.2661 94.715 89.7149 
89.4265 80.8808 102.2444 
108.4547 102.9655 112.9617 
105.5831 90.9744 98.8436 

Icoords
52.9437 70.3948
21.6306 97.1082
39.2835 41.443
69.7905 3.6942
60.3694 17.2619
78.3604 41.5551
4.7301 17.1018
67.8378 64.0795
23.4751 38.1943
52.8277 16.0444
25.2728 61.2482
60.0077 78.8503
12.3253 72.3242
42.5939 16.7322
70.5507 27.1883
82.1421 38.6462
15.0312 36.7091
57.4425 42.4164
98.3258 41.5512
88.3906 2.414
70.979 87.7851
47.1516 5.8891
59.3264 52.0165
75.0353 6.6556
53.3271 78.1925
65.5423 38.7838
36.9096 41.0393
98.4384 88.1576
14.2653 61.2166
56.6426 39.4635
88.688 54.1729
69.8998 73.3833
76.2708 57.4661
35.4597 85.6166
14.5398 24.2037
54.9725 26.0073
84.5505 10.5215
42.7644 60.7387
9.3595 80.6642
86.2846 63.5722
47.3168 69.8246
23.9898 42.3527
70.7391 83.1053
53.9803 42.282
90.8912 82.7987
19.9439 61.0223
0.9277 94.6289
81.7573 21.2588
83.1568 78.9447
58.6058 12.123

Jcoords
81.1063 19.9068
95.4822 9.3641
26.4551 71.5648
0.176 41.3713
81.1414 25.0983

C
18.5575 22.3922 8.3892 22.692 18.5253 
30.016 37.1471 9.7143 20.2642 36.4798 
17.3585 22.4543 11.3901 12.9251 16.9633 
7.1038 9.0059 25.4541 27.396 8.9545 
6.9112 13.957 21.5182 24.1148 8.17 
8.0195 14.3949 22.3876 29.2332 5.97 
26.4516 35.121 21.4725 8.2598 24.1395 
14.7869 19.157 14.7905 27.6561 13.3946 
21.1258 25.9142 11.639 8.858 22.1637 
10.3976 13.0041 19.7797 22.0443 10.416 
25.8717 31.9868 3.947 10.5232 20.8017 
22.8261 23.5302 12.3295 23.2136 19.932 
30.1548 39.3013 4.3908 12.9616 30.0464 
12.6556 18.6683 17.6448 19.5091 14.5591 
4.6344 9.8839 19.6437 28.5579 3.9175 
5.8932 11.9475 22.4212 31.8122 4.6134 
26.9099 26.6385 14.639 5.2438 21.5327 
10.7385 16.917 16.9021 17.1885 10.5257 
9.2158 10.2269 26.1541 36.7277 8.096 
7.5341 3.4992 32.1014 34.3594 7.1944 
25.5165 32.2314 17.6846 25.6181 21.8331 
12.4566 18.0787 23.0886 19.0504 14.2934 
11.7756 22.1087 13.2709 18.5952 12.2134 
5.5694 6.2 28.7494 32.8749 7.7534 
20.726 29.7262 9.842 20.5876 20.9425 
9.3949 15.959 16.2275 23.5503 7.4394 
14.8241 24.498 12.2256 11.2924 16.8696 
25.3994 29.5053 24.6507 35.969 25.4754 
25.5294 37.7627 5.6748 8.9345 23.4327 
11.8358 16.4217 14.0613 21.8198 8.9516 
13.7993 16.7416 25.1685 35.2455 10.0657 
20.9209 20.8617 14.0927 29.1618 19.072 
13.4815 18.4344 17.525 26.3591 12.9161 
27.867 37.3806 6.5823 18.2451 25.674 
25.8749 30.4479 17.9281 6.7779 22.6 
9.6047 13.6291 19.6445 22.2289 9.9057 
3.613 4.2971 32.5112 29.2331 4.5539 
19.6882 25.668 7.3329 18.1667 20.3263 
30.5553 40.6307 7.5665 14.6396 34.2042 
14.0621 21.6908 21.3135 32.6353 14.6725 
21.1759 30.6574 7.1721 16.816 17.479 
20.5033 26.7861 9.4133 9.0116 18.9665 
23.3117 28.4837 15.9621 30.21 19.5478 
12.142 18.9215 14.0097 16.5902 11.4388 
23.8555 28.0921 19.9691 35.3133 21.3767 
22.5957 30.4006 3.9342 11.0741 22.0196 
36.0143 47.3634 10.9541 17.172 42.2388 
0.5131 6.5038 28.2891 31.8199 1.3894 
23.0209 21.503 17.8058 29.3768 16.9196 
8.3474 12.8245 23.7001 23.0851 9.0 
19.8525 25.4349 9.9562 21.7284 18.648 
35.4053 43.1108 9.0593 22.3605 31.2017 
14.4278 20.5324 11.2625 12.6005 15.395 
7.1631 8.3113 27.886 25.2034 8.0411 
7.7139 13.8958 24.2968 21.4044 7.2908 
8.1723 12.1926 20.3791 25.1754 6.1486 
25.267 30.7218 19.0391 7.9364 30.3012 
17.7295 20.4076 16.5483 25.4722 15.6229 
19.6324 26.0228 10.061 8.597 21.1288 
10.8228 14.1742 19.9641 18.3109 10.6746 
22.2591 31.4193 3.596 11.1379 24.2953 
24.7982 25.5664 11.0385 24.3785 22.225 
26.1336 32.6155 5.179 12.3165 25.0887 
15.2601 19.1276 19.3367 16.0703 12.6105 
5.0012 11.7871 19.0243 23.0445 4.0989 
5.7674 10.9211 23.3916 28.3103 4.3947 
22.4783 33.5381 14.0191 5.3435 23.7746 
11.6203 16.0956 14.9536 17.1943 9.6598 
9.9128 12.3789 25.5466 34.2053 9.4616 
7.3294 3.801 29.7063 33.9351 9.5091 
23.3752 27.5154 17.135 28.2849 20.5185 
11.4464 17.0902 26.4972 19.9687 13.0401 
12.3809 19.3577 15.0034 19.5087 10.5815 
5.3391 6.9157 29.1385 29.6237 6.9316 
25.1037 30.4606 8.6741 19.4366 18.6409 
7.6113 16.2612 20.2372 24.4727 7.0223 
19.0127 22.5669 10.5607 12.5891 16.6157 
24.4981 29.9468 29.5114 42.7819 25.8546 
27.5252 29.9962 5.7276 9.1073 25.5761 
12.0613 16.2399 15.467 22.091 8.909 
12.4165 17.1313 25.3171 35.0846 11.835 
20.1341 21.8889 14.1362 25.1416 17.4013 
13.4322 19.5843 16.6241 29.0658 9.9179 
29.7712 30.2965 6.6474 22.0876 24.7793 
22.3595 25.0331 19.2271 8.2843 20.4685 
8.4239 16.1867 17.4247 21.7167 10.4346 
3.4591 3.4759 33.4382 30.7783 5.6377 
18.5232 27.6555 6.407 15.0836 19.5198 
31.5237 42.1848 7.3941 13.0457 35.0303 
13.4245 20.1402 20.07 29.0161 14.459 
18.1077 23.2134 7.1762 16.9537 19.6042 
18.6377 29.9592 9.8443 8.9187 21.1694 
25.233 26.7569 17.7194 29.3574 23.4727 
11.5125 17.7455 12.3459 17.9571 11.1366 
25.383 24.3911 23.7627 39.2127 22.8807 
27.784 27.9663 4.6504 9.5411 21.9274 
33.5593 49.1841 13.1697 20.5169 42.2813 
0.479 5.6121 25.8519 27.4086 1.319 
22.6015 28.0959 19.7957 29.2675 16.8118 
9.3735 14.0411 26.4506 21.726 9.2211 
20.6792 27.4732 10.4414 22.7643 19.1015 
32.7545 45.6224 10.2706 22.4799 28.2964 
14.9312 23.2955 12.8012 14.1218 14.3885 
6.5205 8.877 24.5362 28.2588 8.2495 
6.8401 11.9919 25.2124 25.2301 8.5274 
8.3272 13.6183 19.6956 28.0995 6.3773 
24.6403 33.7183 20.9155 8.6549 24.2164 
18.3291 21.885 15.7703 23.5737 13.477 
23.9857 25.5884 11.696 8.5664 18.3022 
11.0768 14.9081 20.1362 19.234 9.2745 
23.8709 34.5098 3.3364 12.0439 26.0454 
20.9542 27.9304 12.3467 26.0094 21.5781 
29.4284 39.1239 5.4818 12.0405 28.519 
14.325 19.8431 22.166 15.6534 13.8452 
4.8588 11.3764 21.1013 26.0094 3.788 
6.4524 9.7369 20.5129 25.9238 4.5034 
21.7897 27.9895 14.3382 5.7187 21.5193 
10.6699 18.8319 15.0387 18.0992 10.0385 
10.6734 10.1526 24.7521 33.0667 8.3601 
7.5132 3.3472 32.9555 33.6843 9.0995 
21.1516 27.7783 17.3198 27.1335 21.7124 
14.106 18.3452 27.2684 22.406 12.6458 
12.0705 20.0734 11.5308 22.057 13.2286 
4.724 7.0642 25.1496 25.11 6.0943 
25.2457 30.6059 8.4084 20.7492 19.1444 
8.3771 13.1005 16.7886 19.9327 7.6677 
19.5907 23.8122 11.0834 13.7646 17.7629 
22.0053 28.7798 24.0819 39.6911 21.3101 
28.8453 29.6204 5.6364 8.4405 24.6336 
12.4152 18.8638 15.2467 20.1418 9.8178 
13.515 17.0679 20.6388 30.9528 10.6425 
18.4349 25.1429 15.8016 25.1953 18.2639 
14.0003 17.4451 15.5576 27.6813 11.6788 
30.5793 29.3261 6.5105 17.781 25.7802 
22.126 25.9959 14.8953 6.7353 24.7114 
8.2898 16.3488 16.2154 21.7737 9.78 
3.4721 4.3169 33.4887 34.1113 5.6078 
21.643 22.6794 6.3131 17.9281 16.0264 
33.7425 37.0641 7.549 15.479 31.6807 
13.3629 21.7072 22.3577 33.7646 14.7618 
21.423 26.3363 7.4526 17.9613 18.1967 
23.0562 27.2113 9.3078 8.4468 22.4589 
25.3483 26.3602 15.294 31.5299 20.9917 
13.3094 19.6366 15.2957 19.9912 11.5127 
22.8625 28.2613 23.7039 34.5853 22.2721 
24.018 31.8373 4.4769 8.7383 25.3265 
34.7759 50.712 12.485 20.0908 42.0371 
0.4566 6.6836 28.648 26.3331 1.4364 
21.9163 26.7957 19.607 35.5346 16.995 
9.4973 11.471 22.3891 26.0908 9.2159 
EOF