I 50
J 5
bounds (0, 100)
cv 0.5
D 100
k 5
t 3
FLR 0.4
FCR 2
λbounds (80, 120)

λ 
103.133 114.2052 92.5873 
80.3904 83.1894 119.1131 
114.1611 106.7885 84.9742 
103.1772 96.4273 103.1753 
88.7616 85.6053 98.5147 
103.9909 83.7073 93.0929 
118.5875 117.3577 99.5391 
118.8116 109.7424 105.9331 
117.5022 84.2329 86.9598 
108.8295 89.421 90.9797 
108.3243 118.2344 90.1519 
85.1461 105.5196 110.8302 
113.122 102.8352 96.8599 
114.2267 110.8433 81.5718 
100.1848 92.7685 111.1177 
111.7245 115.6756 104.2865 
103.3454 97.9411 84.7186 
89.0214 97.7332 113.3959 
89.2003 101.8003 97.4674 
98.8255 108.3723 86.945 
84.2241 117.4855 118.2806 
99.4422 107.5827 106.7297 
97.7175 85.4034 119.106 
93.0803 105.4544 94.512 
105.2321 92.0853 90.9334 
98.0372 119.9405 90.2147 
105.2235 82.5251 99.1059 
88.852 85.405 80.0374 
94.1814 97.381 97.028 
107.6508 102.721 87.1146 
90.2914 91.8279 116.6779 
88.0683 96.5161 107.5629 
85.9217 96.7289 90.9951 
106.144 113.3768 89.9861 
89.1843 93.1339 91.6043 
87.354 97.7271 87.2455 
97.2091 82.6984 115.2551 
95.603 98.1467 113.9737 
94.1059 113.1921 93.2621 
116.859 91.7406 88.1473 
100.8567 90.0763 116.0256 
81.1055 86.0156 98.982 
87.0518 100.472 92.5749 
101.4477 81.8532 107.5507 
117.7501 113.0427 109.9753 
114.285 118.5662 97.3823 
84.4408 82.4831 93.757 
106.8835 86.732 111.2722 
86.7518 118.2095 114.3892 
100.0229 86.6334 109.9155 

Icoords
76.9624 71.8269
22.6939 88.7244
12.1542 50.3464
71.1768 7.965
16.8194 61.1896
76.6169 34.9467
11.3156 31.0545
48.1116 61.7817
89.2622 29.3397
58.6795 6.4256
5.7722 78.2359
1.0531 53.3925
57.1874 16.7686
45.3156 14.5891
1.1764 6.8716
40.8186 5.7179
35.0698 54.6835
95.7299 50.9343
95.3355 95.0331
99.5557 32.3292
70.4784 24.8801
38.5509 19.9605
24.6881 97.6739
17.7021 48.307
46.5108 15.3941
4.1588 49.7419
67.3977 81.6403
41.3746 63.0121
7.5358 57.116
63.2314 68.341
17.4698 17.5531
51.7497 84.4394
53.8595 53.4708
44.6933 61.473
95.5724 13.2596
51.3777 19.7846
12.7563 27.0379
13.4276 98.2596
88.9471 42.9505
78.7742 25.7343
26.6667 35.7483
82.9001 84.2729
1.2696 71.8381
41.4687 4.1514
99.2265 32.9642
34.0388 44.6883
35.7288 16.5096
16.136 80.4422
46.1621 10.9038
4.4722 31.4097

Jcoords
89.1617 73.1309
32.9906 70.0672
93.2687 83.8587
66.8769 90.7093
39.6594 58.4397

C
4.0352 14.7731 8.0552 7.2099 13.8793 
22.6255 6.7552 21.9938 15.201 13.6526 
28.0273 9.1977 27.2685 26.9136 9.0601 
21.7747 28.5853 30.2263 31.7504 22.8268 
29.3065 5.8295 28.3873 22.7049 7.7319 
15.9482 18.0844 15.8313 17.05 16.1638 
26.8124 13.8351 38.0412 32.2418 14.6574 
12.8324 6.652 16.6025 13.7545 3.4083 
15.8087 26.1114 19.9695 21.9753 19.9383 
22.3467 21.152 27.537 32.8733 21.9204 
32.6496 10.6453 30.8711 22.5948 15.0743 
33.8326 13.0315 36.6426 29.7669 13.2923 
24.313 22.5414 26.3115 27.0103 16.2747 
27.3255 19.7487 32.8147 30.7678 17.0666 
40.577 25.8598 40.3192 38.1961 20.0948 
26.7282 22.5846 33.8049 32.5894 18.1196 
20.5001 5.8664 25.5917 17.0413 1.7863 
9.1527 23.3835 11.5227 17.1786 21.2932 
8.6631 25.614 3.5967 10.2907 22.5926 
16.0251 26.5595 19.1917 23.6706 23.1892 
19.5998 21.5007 24.2861 23.7537 16.6536 
23.8425 16.5308 26.3984 22.9617 11.6679 
21.0548 9.5911 24.8212 16.5651 13.3078 
23.4889 8.4277 32.9705 19.8041 9.1216 
28.5836 19.7176 31.7869 28.2511 16.0968 
28.7584 12.9321 35.1519 29.6728 13.7065 
8.214 14.5096 9.1556 3.243 13.4161 
18.0928 4.0641 20.9718 14.5893 1.7742 
29.4964 9.9446 31.0642 27.2214 9.671 
9.7328 11.7162 12.9556 6.8557 9.1223 
30.2614 19.6916 37.9162 31.6474 17.7008 
11.8385 9.0793 13.7608 5.3825 9.6686 
14.3689 10.0016 16.691 14.868 5.091 
17.207 4.6375 20.6882 11.3366 1.8072 
23.8325 25.9137 27.5978 27.6114 26.3101 
22.3833 20.8534 23.1496 28.7127 15.9469 
30.4281 18.2067 33.3176 29.0555 14.5388 
27.2417 11.3137 25.572 20.1453 18.363 
11.5383 20.5321 16.2404 18.5299 18.4183 
15.4007 25.0715 18.7261 20.8801 19.2678 
24.8106 12.4616 29.2822 24.2231 8.5503 
4.1653 16.4653 3.3102 5.8693 18.2591 
35.1343 10.6113 31.926 24.6241 12.8732 
30.7689 21.1671 30.0391 28.2267 21.6622 
16.2363 23.8313 18.8212 24.6753 22.0661 
22.8326 8.3999 23.327 16.9833 4.7405 
28.1905 18.4157 27.6109 32.0441 14.6262 
27.9986 6.939 27.7255 16.6024 10.8095 
27.1693 19.5352 27.9022 29.5089 15.3388 
35.8658 15.9584 39.0346 33.3066 14.6823 
4.7566 13.4529 6.8819 8.3723 15.7539 
25.6772 7.8974 26.302 14.0776 12.3266 
26.7344 11.2117 34.7724 21.5554 9.1891 
24.4585 24.0434 28.1791 31.0047 20.4167 
26.4763 6.1819 27.2231 19.7644 7.8263 
13.0464 18.2245 19.474 21.6804 14.3376 
33.1925 14.759 37.2028 25.9483 14.3382 
16.0309 6.671 19.0856 11.4615 3.0048 
14.7183 26.7575 20.1226 25.2088 22.0201 
28.6686 26.2444 30.4628 29.7232 19.5833 
27.8374 9.0653 29.6962 20.992 13.0414 
34.4105 11.6912 33.5057 30.1453 13.9114 
22.3625 21.8039 23.5387 25.5934 17.007 
24.4145 18.8451 28.1474 30.032 13.3349 
36.3806 26.1924 45.2046 42.0838 21.0085 
30.121 23.2782 33.3814 27.9757 16.2739 
21.5459 4.9117 22.5775 17.2672 1.829 
8.3356 25.6464 12.3646 16.9575 19.4037 
7.5367 26.7154 3.8955 9.0932 23.0923 
14.6651 25.1592 17.9614 23.5569 20.079 
18.389 19.0876 22.8698 24.5778 16.3756 
29.3553 15.7595 25.3048 26.5054 12.4339 
24.7456 9.9832 23.499 12.9477 14.8699 
24.5101 9.2095 30.8242 25.4207 8.1447 
24.894 20.3146 31.3557 26.9794 16.7986 
35.0708 13.6553 38.1003 28.0922 11.4184 
9.2095 14.1974 10.0202 2.7252 13.5752 
17.409 4.3194 18.7068 13.697 1.8626 
25.5951 11.3869 34.5847 26.4714 10.3526 
10.4579 12.113 12.4687 7.5288 9.4138 
35.813 16.6743 37.2817 33.6425 15.3655 
12.4013 7.9167 15.5255 5.4693 10.2564 
15.6619 10.1535 18.592 13.2112 5.4747 
16.26 5.3039 20.5223 14.0193 2.1693 
18.1303 26.4209 27.9368 28.966 23.981 
19.7553 20.7678 29.9398 22.5781 14.1615 
32.5608 14.7403 31.327 28.2199 16.4409 
24.3611 12.7068 31.0077 16.8363 18.8732 
11.997 21.1725 16.3515 19.3348 17.7725 
15.1533 22.2482 21.0205 23.4761 15.8619 
23.2303 12.4581 25.3385 20.9066 10.3807 
4.0221 20.0614 3.5531 6.1024 15.6398 
30.3085 10.049 31.0631 25.8324 12.4869 
25.2843 21.1073 37.8721 33.6213 16.4313 
14.7166 27.6576 16.4282 24.1458 25.3443 
21.8774 9.2966 23.3554 18.6172 5.458 
27.6611 16.9785 30.0558 27.4411 15.1694 
29.1288 6.9569 24.5368 16.7784 10.0075 
24.6203 23.1598 34.3458 26.2521 15.6074 
37.2253 16.727 31.3823 28.6236 15.3567 
4.856 14.5663 6.8758 7.9378 14.2875 
20.8572 6.4548 24.1443 17.032 11.9586 
28.4128 11.4756 30.5597 23.9013 9.5475 
24.3638 27.9365 25.128 32.6204 21.5057 
23.5508 7.2887 31.2659 23.1698 7.4214 
12.2224 19.0533 20.063 19.2633 15.3711 
34.7853 13.6745 35.1457 30.3831 12.407 
13.5479 5.1865 17.6882 11.2201 3.3729 
15.1036 24.5416 17.5259 20.0874 20.2718 
28.2872 27.1434 30.1914 30.7986 18.8522 
30.0514 8.5793 34.5097 19.1273 12.6175 
31.7378 10.9707 34.3312 30.168 13.452 
25.5054 22.5297 23.0588 27.9499 13.8877 
25.6798 19.5952 32.7557 31.5827 17.5043 
43.2976 25.3929 36.9583 36.9179 19.5414 
26.3632 19.9527 31.5556 34.7674 20.6877 
19.4599 5.0296 23.567 18.7185 2.1623 
8.5856 21.0156 11.4434 15.4392 18.8097 
8.4788 21.7256 3.9876 10.1324 22.3527 
13.5956 22.9632 16.9336 23.0819 20.8958 
15.7347 21.8882 19.8412 25.0986 15.1454 
29.2452 17.2518 26.3732 28.8831 13.7004 
25.0216 9.4066 26.878 15.7271 13.8117 
26.6207 8.1591 29.914 24.0961 9.465 
26.0927 17.4479 32.3175 28.0014 13.1634 
32.4612 12.4771 34.942 26.1744 14.3498 
7.6695 13.5404 10.1501 3.5881 11.8032 
16.0754 4.0784 20.7481 13.0532 1.9427 
25.7365 8.8822 29.7351 20.4775 9.8189 
8.1797 10.8711 10.5551 7.9775 8.1943 
30.3612 21.4329 39.6181 33.3424 15.4446 
14.6252 9.1384 16.14 5.2662 10.4113 
15.771 8.7884 17.6764 12.3552 5.1437 
17.6161 5.5029 20.7898 13.0248 2.0494 
21.8093 29.9453 21.6572 30.1471 27.5681 
22.5532 19.1188 29.5418 22.0554 14.6543 
33.5958 18.1496 38.7572 31.4705 13.7448 
30.1143 13.5853 30.8616 20.2047 18.3535 
10.2314 24.6609 16.043 18.1195 18.5991 
15.4395 21.1138 22.9793 22.1814 19.2525 
26.0631 10.7866 28.781 21.826 8.5686 
3.9531 18.9042 3.2625 5.978 17.2315 
32.7873 10.4493 37.1032 20.7601 13.8572 
29.1084 21.5792 36.8835 29.2371 19.1961 
12.6586 26.8301 17.2429 24.4304 21.1332 
23.7692 8.9511 22.7092 20.9295 4.7731 
26.6412 17.0053 31.5263 31.7866 13.1943 
26.4574 6.4185 25.224 17.0994 11.4602 
25.4524 18.5593 33.0085 31.0919 16.9556 
29.1817 17.3803 32.9912 31.912 16.1997 
EOF