I 50
J 5
bounds (0, 100)
cv 1.0
D 50
k 5
t 3
λ 111.5367
λ bounds (80, 120)

Icoords
52.1319 44.9344
82.6104 55.2202
1.7575 8.2666
2.9366 87.2223
21.0169 69.5536
13.7478 5.2304
74.343 16.0173
36.6666 83.1041
42.0972 71.0295
38.3306 65.5708
90.1277 37.9318
35.191 43.9127
33.7363 77.624
40.3944 52.6226
82.1812 29.5798
21.4877 60.2113
96.4337 99.2608
39.6674 8.5815
64.1612 45.8792
32.3378 68.0796
54.4397 52.5754
55.4297 83.4428
91.044 0.2749
96.2395 42.2926
4.6402 68.8616
43.8721 48.162
11.6227 37.5651
10.9787 2.9012
93.9555 99.0998
34.8389 61.2489
20.6141 26.2905
64.0018 49.4595
51.5897 15.8513
98.8001 45.8386
6.9171 17.3766
76.3485 39.1954
41.4848 73.5908
38.6645 66.3842
47.2326 52.4963
36.7506 28.4649
46.8448 37.8667
39.6129 89.4571
26.9443 22.4333
74.5054 43.1605
12.7762 39.7009
16.0459 94.4556
2.094 42.6797
93.898 42.9802
51.4114 48.0883
46.7753 68.545

Jcoords
71.2763 94.8109
63.7211 14.9725
12.7463 58.4574
10.6709 66.1006
36.6399 18.0772

C
19.0512 9.6889 14.4125 16.3302 11.568 
14.1128 13.4891 24.5206 25.6471 20.7325 
37.5318 18.9469 17.6027 18.5264 14.411 
27.1532 33.2635 11.4668 8.5294 24.7073 
16.9365 26.2515 5.1067 3.5317 18.258 
35.388 15.7426 19.4845 18.4672 8.6679 
28.608 3.8082 26.7416 27.1461 13.2913 
13.712 28.267 11.554 11.105 20.3599 
13.9466 18.4155 11.6545 10.4816 19.8558 
13.7348 22.5144 9.188 9.8016 14.6516 
18.5937 12.5726 25.0099 32.4985 20.8931 
22.093 15.5524 8.4462 11.4583 9.349 
14.1698 25.5811 9.2635 8.2508 20.0971 
18.5867 16.4894 8.6608 10.6852 12.1795 
20.1848 8.5899 24.3198 25.9839 18.239 
23.4518 23.0721 3.4477 3.7527 17.8611 
7.6746 35.8309 33.3781 32.247 37.3766 
33.2646 8.6512 20.7667 25.6499 3.3548 
15.7338 12.3268 16.1599 20.4379 14.4822 
17.551 24.4835 6.9366 7.95 18.3936 
15.2953 14.4933 12.9393 14.3984 15.2134 
6.1199 27.002 15.2827 19.138 22.893 
37.0676 10.9426 31.8886 31.5718 20.3612 
18.3519 13.4125 31.3556 33.9821 24.3687 
27.9963 26.7407 4.9117 2.5967 22.9957 
19.7421 13.9799 12.1367 13.4496 9.6693 
28.4412 17.439 7.8125 10.3099 10.4934 
34.472 16.5619 21.5222 22.1074 11.1769 
7.356 34.6943 31.9021 32.51 32.5725 
16.9769 21.0726 6.8609 9.6284 16.9639 
30.6947 14.0612 12.7129 14.337 6.8538 
17.5503 10.5085 19.0984 19.3132 12.753 
28.6935 4.6926 19.7987 22.6549 5.1087 
16.8643 14.8306 30.6584 30.6643 24.4467 
39.9331 20.9965 16.377 15.5011 10.3078 
19.4792 8.6539 20.8602 24.1953 16.6497 
12.4981 24.3755 12.1896 9.5926 21.3147 
13.6276 22.8198 10.8332 8.5441 15.8344 
18.8055 15.288 13.6771 12.1947 10.8217 
24.6813 11.327 13.699 16.2687 3.5486 
22.8275 10.1766 14.8618 14.8585 7.7641 
10.6004 23.6198 14.4848 14.7573 25.962 
29.7319 14.515 15.0044 17.5686 4.0699 
20.4158 9.9535 20.0929 22.4657 14.3936 
27.2375 21.5701 6.2684 8.586 11.3517 
20.5958 30.8085 11.105 10.1645 29.8705 
28.6815 23.3586 6.9809 9.4331 13.8515 
19.1373 15.6369 29.4025 33.5236 19.0315 
15.4088 13.0543 14.9597 15.1897 11.0316 
12.7945 17.9635 11.1944 14.2071 15.6897 

19.548 11.9216 16.1156 17.2705 12.0733 
12.5973 17.4816 26.9615 22.7222 21.2053 
37.887 23.7522 18.0343 20.6915 13.092 
26.1906 30.0344 10.707 8.5519 28.9149 
22.2352 26.3 4.4369 4.2821 19.8504 
40.6792 17.2548 17.2965 23.7758 8.1875 
23.9793 3.741 24.3255 27.292 11.7167 
13.7156 28.6922 13.0549 9.3282 22.3432 
13.5853 23.3062 9.8472 9.7086 17.2634 
14.8448 22.1238 9.9421 9.2871 16.2769 
20.9966 13.6609 25.082 28.8651 17.5954 
20.8764 13.8293 10.1204 12.834 8.772 
15.396 21.9971 8.6154 9.3414 22.9885 
18.6913 17.0386 10.1132 11.0344 10.5914 
22.5525 7.1563 25.508 29.9505 18.488 
20.1474 18.6161 2.7005 4.8439 17.579 
7.7436 30.3519 36.0688 30.1321 30.7422 
29.4899 9.2858 20.4209 21.7721 3.9388 
18.2803 10.463 17.8537 21.7932 14.1301 
18.3681 21.1771 8.3488 6.8948 17.7311 
18.1007 15.4306 13.3393 15.1863 12.9114 
6.2701 27.5675 19.3037 14.7651 25.0966 
31.6688 10.9147 34.3566 34.8027 17.3216 
21.9804 15.7442 33.6092 33.1295 19.5953 
28.2109 25.3573 4.5265 2.3626 22.2154 
19.2768 14.6335 12.7236 13.8308 12.3149 
29.9542 17.5356 7.2538 9.9502 12.4659 
35.6152 19.3267 22.1226 20.3568 10.0619 
8.2008 30.2961 33.0373 29.0073 36.8798 
19.2755 21.5036 7.2595 9.3326 14.1726 
31.7854 14.1058 11.0704 14.3123 5.9138 
15.6074 11.3569 17.5008 19.7769 14.918 
25.2919 3.7122 20.6808 22.4864 5.0528 
22.3359 18.5546 28.5188 34.6431 23.1941 
36.2982 21.1159 13.9746 16.9134 11.6278 
20.49 9.6018 20.096 24.2379 17.9405 
13.4747 24.0307 12.0239 11.248 19.1748 
14.4452 17.7812 8.879 9.4063 18.7789 
16.7128 16.202 11.1153 15.4443 13.2165 
25.0777 11.2637 14.5326 17.9995 3.2401 
23.3418 9.8723 15.1924 17.5154 7.9511 
9.6884 31.3156 16.3185 12.299 27.7051 
28.7813 12.4736 14.3771 15.369 3.7712 
15.5409 11.5531 24.0249 25.2265 14.2982 
32.14 17.9005 5.9927 8.5012 11.6125 
17.9337 30.5767 12.6413 10.0634 27.5922 
31.5054 21.6694 7.5748 7.6447 15.9635 
22.0102 15.2828 30.2451 33.8432 19.4061 
19.1962 13.6019 13.7187 17.1987 10.0549 
13.6386 17.0083 13.1181 14.4459 20.2041 

17.208 12.5673 16.303 14.5194 12.3834 
15.863 16.5391 26.1432 21.8928 19.1368 
44.1812 21.5521 16.5288 22.3651 11.918 
20.8961 34.1039 10.403 6.8379 23.5304 
21.9708 25.212 4.4162 4.3224 19.3447 
38.7309 17.9065 16.9185 20.6979 7.9224 
29.7356 4.17 24.4377 27.3649 13.9596 
13.6498 25.716 10.4583 10.4216 25.3085 
11.7859 23.3543 10.058 11.5408 17.306 
13.3648 20.867 10.4254 9.6799 15.1458 
22.3148 12.2892 27.6598 32.7514 21.4751 
20.3024 12.3176 8.1118 9.9901 9.6337 
14.9377 22.2749 9.4255 8.1038 23.543 
20.9081 17.3531 8.6325 11.4717 13.5381 
21.5208 8.145 27.6663 28.2081 16.5387 
23.2396 20.0334 3.5404 4.4326 16.2984 
9.5319 28.9595 28.9649 34.3894 39.1612 
36.3596 7.7925 21.7245 24.8512 3.4265 
18.2754 9.2915 16.8268 19.2141 14.8812 
18.5287 20.221 8.0039 7.9696 17.3698 
17.8006 12.0184 16.7288 16.6431 13.1909 
7.3563 26.8157 17.4984 19.0948 21.2063 
30.8092 12.134 35.615 35.5299 19.6457 
19.3172 12.7882 27.367 33.2538 20.0585 
26.5518 29.6355 4.5793 2.0515 21.7592 
18.1515 12.5916 11.5204 12.2156 9.821 
25.2498 18.6088 8.0698 8.9366 9.7419 
43.5078 17.6765 17.4979 23.2071 10.9145 
7.0028 32.1465 32.6649 35.0273 33.0985 
19.7957 16.9541 7.1615 9.5593 15.8923 
27.4224 14.2484 12.9116 12.6956 6.744 
16.6546 12.9503 19.0984 18.3635 12.6947 
32.1845 4.4882 17.4464 20.2183 5.5561 
17.2632 15.0175 30.6062 34.2543 22.0096 
33.781 18.9895 13.734 15.7894 9.511 
19.1553 8.2196 20.1957 27.1053 14.3335 
11.4996 18.9462 10.7735 12.5259 18.1829 
16.1584 22.1679 9.4157 10.7837 18.2181 
15.5788 14.5339 11.0278 14.0985 13.4794 
28.3087 11.2637 13.9103 18.2422 4.0577 
21.4519 8.8597 12.4957 14.1381 7.8643 
10.4848 28.6929 14.3043 13.6007 23.5472 
32.6856 12.3498 15.136 16.0494 4.0125 
17.968 11.9786 24.4003 25.9523 15.5972 
28.1215 18.2233 6.3903 10.4477 11.8058 
20.5075 30.2987 11.5786 10.3751 29.1743 
28.6468 25.6492 6.5773 7.8068 14.0932 
20.9866 15.9415 29.1629 30.7163 23.9579 
17.998 11.68 13.5066 17.6442 10.2489 
14.0337 20.0425 11.9681 11.6776 18.6187 

end