I 50
J 5
bounds (0, 100)
cv 0.5
D 50
k 5
t 3
FLR 0.8
FCR 2
λbounds (80, 120)

λ 
118.4129 119.8629 98.2994 
91.8623 111.5919 105.2897 
107.9434 98.99 87.2067 
115.5138 92.3472 98.345 
87.7673 119.9331 96.3014 
119.565 84.0729 87.1401 
85.2142 88.4973 92.6738 
98.9181 102.9434 113.567 
114.1969 107.5052 113.3388 
95.8374 101.0118 101.4486 
105.4931 81.3457 111.6038 
97.3373 116.021 108.9191 
80.1982 82.2074 88.592 
101.3461 84.8351 86.1402 
84.5541 100.3216 100.5015 
95.2003 88.7473 83.854 
94.7574 97.2354 108.2513 
93.913 94.2135 99.5128 
81.121 114.4788 96.8462 
84.7139 113.428 86.0606 
81.967 105.4855 116.341 
91.1582 91.714 107.9305 
81.335 80.1028 117.0452 
108.1397 85.1342 112.2423 
94.1007 83.8726 81.8287 
89.9096 119.0718 119.0941 
94.0928 108.9077 86.8341 
104.7943 95.4718 95.5844 
111.7634 93.2593 82.2252 
97.6404 107.0621 84.0294 
113.2403 106.3713 101.5892 
80.3801 82.6124 95.6715 
80.2545 87.1366 107.3647 
113.2934 113.208 94.6778 
85.4546 98.2311 108.2494 
93.0913 85.3624 88.1122 
105.2724 95.4067 92.2518 
107.4824 114.0685 113.8493 
93.5724 104.7476 82.1226 
105.4189 104.282 93.0955 
82.3774 91.8426 104.6423 
87.052 99.2994 108.5155 
91.8746 104.0109 80.9812 
111.9543 116.1529 89.2672 
91.4374 107.1682 91.5974 
109.0957 114.5969 96.2155 
105.2284 84.6049 100.1902 
116.5066 115.8838 117.4591 
95.6758 107.0516 94.1921 
86.403 110.5909 85.1508 

Icoords
95.9764 14.6937
58.515 64.7097
86.4112 7.6962
60.7914 40.093
22.0699 18.4413
75.958 32.7385
52.5718 23.6802
60.6743 39.1531
76.1003 98.0438
75.5639 95.7836
88.7231 66.602
8.6188 17.6829
46.0303 92.4914
12.1836 12.9418
1.206 23.9905
74.1288 35.2059
6.1521 72.9991
85.6861 76.3223
84.5958 74.194
10.592 73.7086
77.2928 65.386
28.9936 93.8125
19.0119 26.9545
67.3953 79.7289
26.3037 4.9963
95.2137 2.5171
91.0533 7.1777
78.8417 98.7425
10.7463 90.8898
87.0452 28.9358
94.998 5.489
82.9267 96.4263
3.8588 13.5432
36.9311 18.4866
99.2228 61.4165
85.6805 55.9411
66.2418 74.9295
97.3828 52.2355
70.4923 66.3789
28.1268 90.5264
24.533 22.8772
53.3411 38.2447
36.5705 13.9437
77.4515 33.1249
87.9255 27.9325
77.8279 35.512
55.5019 36.3458
56.3554 32.8273
88.9739 70.6408
65.0873 4.5144

Jcoords
65.6573 9.7288
51.8299 53.2709
25.269 55.6793
80.1377 70.1525
93.1477 38.3245

C
9.9942 21.8502 28.531 22.6379 8.5773 
17.653 4.0714 13.7389 8.2678 15.7958 
6.917 22.5405 25.8426 24.7881 10.719 
11.1136 5.7817 15.439 11.2889 12.4855 
16.882 17.3628 14.8828 25.5738 25.7068 
7.737 10.8606 17.1868 13.5415 7.1991 
7.3566 10.0936 16.161 20.8621 15.0205 
9.6066 5.7991 13.4683 13.3492 11.5156 
33.0999 19.2253 22.2466 9.8468 19.6003 
33.7137 17.455 25.6986 10.3493 23.2125 
20.3941 14.6516 20.1597 3.6995 11.068 
21.7116 21.0259 13.1423 33.4494 34.6224 
26.8868 14.9033 14.7582 13.1 27.7333 
18.9049 21.3375 13.592 29.1186 27.644 
22.1465 21.6617 14.4118 34.7561 31.4238 
8.8198 10.0932 20.6288 11.2584 6.7552 
27.0383 19.0565 10.0424 23.8262 30.7925 
22.0999 14.401 23.8211 2.6826 13.8901 
26.6272 14.8081 20.3413 1.9099 12.8362 
28.9031 14.2446 7.616 22.611 35.0384 
22.6873 10.0893 19.2635 1.9967 10.0678 
33.2428 15.6995 14.2646 19.5822 32.6732 
16.961 16.8013 9.287 23.877 23.0858 
23.6463 10.6488 14.6445 5.0449 14.9985 
12.2677 17.6766 19.9175 32.6243 25.5148 
10.1219 23.1555 30.0639 23.7821 11.854 
9.0405 23.1985 31.2621 24.7858 10.6263 
33.7623 18.03 21.5621 10.3717 23.4447 
30.0148 22.0759 13.0603 28.9261 37.9231 
10.593 17.0794 26.3275 16.5829 4.4074 
9.611 25.0235 33.747 25.8761 10.1064 
35.157 21.1917 22.8752 8.8353 22.1051 
20.9338 24.5655 16.3721 35.9917 36.9544 
10.5771 13.8497 13.0148 20.9597 23.3211 
18.5568 16.9269 25.1234 7.3001 7.2875 
17.5316 11.8132 23.3614 5.8789 7.644 
20.1348 10.0653 14.776 4.8564 17.3723 
16.3366 13.7605 23.9907 9.0643 5.4312 
19.8826 7.1428 17.7801 3.6375 11.5139 
29.3013 14.3818 10.678 17.4168 30.5933 
15.0293 13.3219 11.5132 24.0997 21.395 
10.94 5.7252 10.482 15.9586 13.586 
9.4638 13.7899 14.6536 23.1981 23.1026 
8.6856 12.3627 17.3955 11.3973 5.3954 
11.4587 16.8202 22.9354 14.4381 4.1497 
9.8621 12.1341 17.8344 12.2136 5.8144 
11.3669 6.285 14.1894 13.6494 14.6267 
9.2433 8.2435 14.121 15.0654 12.1088 
23.6822 13.8514 19.7885 2.8859 10.0231 
1.73 15.4309 24.1893 26.041 14.8992 
12.0127 23.3745 29.9694 20.4001 7.9419 
20.1313 4.5391 11.2102 7.9423 17.0366 
8.3392 17.283 27.125 22.3275 12.2055 
11.6979 6.2869 12.3628 13.4302 11.562 
15.424 18.302 14.5427 27.0356 25.9725 
9.9353 11.3896 17.0811 13.1123 6.6984 
6.1592 10.3215 16.6111 20.5487 14.339 
11.6628 6.4588 15.3476 13.2393 12.1263 
34.2471 19.6582 21.8694 10.6472 23.7365 
32.7349 18.2974 21.6846 8.1831 18.844 
22.0634 13.0394 21.4796 3.1207 8.6466 
19.3389 17.5608 14.366 30.5223 32.682 
25.7471 14.9747 12.8775 12.7371 26.4267 
21.0423 17.8878 16.6448 34.253 30.2659 
23.6845 21.0418 12.6451 32.4518 32.0007 
8.758 10.2395 16.4914 10.6768 6.6742 
33.6133 19.2904 8.7216 24.4111 34.3138 
27.0581 15.7609 23.3422 2.4935 13.7042 
25.0281 14.8703 19.0424 1.9177 11.398 
30.3213 14.4471 7.988 26.6151 29.6134 
20.9985 11.096 19.5387 2.0971 9.8263 
32.087 16.7232 12.594 19.4808 30.5187 
18.592 12.9059 10.7128 23.3231 25.8834 
21.9448 9.5805 19.2333 4.8074 16.8367 
15.506 18.6923 16.9266 26.5727 22.6242 
9.2853 26.3003 26.91 27.5518 13.3461 
10.1993 21.6855 30.69 20.4588 12.4744 
33.3754 16.1419 25.6037 10.2372 23.8234 
37.0016 20.4103 14.6905 23.9433 29.9866 
10.8517 16.3859 22.2144 15.0324 4.4041 
9.7504 20.8508 30.2503 26.4998 9.9288 
27.2097 17.3566 24.0684 8.0876 18.7542 
22.2898 20.7349 15.8239 30.3968 35.0733 
10.511 14.0692 14.9053 26.0245 23.4522 
19.2717 16.6095 23.2393 7.8669 9.5463 
19.3951 10.7776 20.4737 5.6486 6.6222 
23.4797 8.161 17.1119 4.5037 13.9197 
20.7496 13.797 22.3013 9.6711 5.6493 
17.2672 7.4963 17.8219 3.7007 11.1389 
28.7935 17.0224 13.622 20.5729 31.2604 
17.0887 15.1602 11.5854 27.676 27.6616 
9.6727 4.5397 11.5758 14.5669 13.7532 
10.322 15.0343 14.5887 23.9804 21.5685 
9.7912 12.4898 18.0379 12.3218 6.2635 
8.8155 16.9614 25.2721 16.1211 3.8461 
8.6332 9.8767 18.5718 10.8145 5.4017 
9.8371 5.3463 13.7839 14.9336 14.8341 
7.565 6.3548 14.9544 15.0079 11.3425 
20.4863 12.367 24.7356 2.9142 10.4792 
2.0688 18.5737 19.6963 21.0375 16.6963 
10.5748 20.9005 31.7511 18.1392 7.7325 
21.5728 4.7471 10.8382 6.9969 17.3153 
7.2944 20.9844 26.6976 24.4429 9.8189 
9.9082 5.9713 12.7662 11.3354 10.8717 
15.1795 14.1239 14.4754 28.684 25.943 
7.9235 10.4424 19.7684 14.9796 5.7188 
7.4178 9.4898 14.0242 17.5607 14.4684 
11.7135 6.114 12.6438 12.8953 12.672 
28.5644 16.7655 24.0597 9.4156 20.5691 
31.9033 17.9906 19.4782 9.4693 20.2682 
21.5786 13.055 24.435 3.4459 10.3066 
22.6849 21.9328 14.8639 30.3626 26.8608 
26.5806 14.483 15.7472 15.6074 23.756 
19.7942 19.1998 16.0592 34.6261 30.3847 
20.9187 19.0007 13.2658 34.7378 28.7904 
10.6669 9.3671 18.3402 12.386 5.7838 
34.4559 17.0166 9.9469 22.2565 29.7249 
24.1027 15.7813 23.3422 3.1133 12.3141 
25.9755 12.8487 22.8272 1.9773 13.9793 
32.4738 14.9534 7.6974 24.3519 33.8887 
19.8272 9.5761 18.6337 2.1948 12.1159 
33.2795 14.6851 15.1573 18.1283 27.4821 
15.4245 13.192 11.6065 26.0626 28.5235 
26.2511 11.6833 15.2897 4.8154 19.3137 
12.1091 19.424 18.9391 32.6496 22.542 
10.8338 22.7348 29.203 21.0866 11.3591 
9.5255 19.8213 32.1121 24.1786 10.2142 
31.8006 18.4373 24.8064 11.442 23.1963 
31.2005 21.6135 14.0011 27.0213 34.1308 
10.8345 13.3468 20.922 14.0712 4.2148 
11.5587 21.3144 31.8826 26.0619 9.9386 
31.7093 16.1066 25.0216 8.5024 23.3734 
21.522 19.2775 18.1161 35.9537 29.5042 
11.3579 14.7276 14.4258 23.4921 22.2123 
23.5118 15.0178 24.122 7.4954 7.2541 
15.3962 11.2563 21.3013 6.0727 6.1477 
23.4471 7.8566 13.848 5.1238 15.0554 
19.5137 16.1481 25.2542 9.6487 4.5791 
22.0602 8.7506 18.2541 3.5629 14.0634 
28.0808 14.4613 11.241 18.048 32.1275 
17.1491 14.5433 12.1333 22.4648 25.9455 
12.2105 5.4926 12.0847 12.771 15.2539 
11.3242 16.8187 16.4048 26.1068 21.8088 
9.0498 12.2812 22.3186 14.3042 6.4933 
9.7906 15.8015 21.5786 17.0312 4.3404 
9.6824 12.1939 22.0903 12.6094 5.1198 
9.8656 5.975 11.401 15.1135 15.015 
9.2757 6.7631 11.7598 15.7426 11.8038 
25.5541 14.4993 22.7071 3.3496 12.1606 
1.6544 18.0431 20.3511 22.5661 14.9212 
EOF