I 50
J 5
bounds (0, 100)
cv 1.0
D 100
k 5
t 3
FLR 0.6
FCR 4
λbounds (80, 120)

λ 
119.6005 100.8137 95.0491 
94.6422 90.6611 87.4092 
109.7143 115.6875 109.1117 
86.206 82.6334 84.1934 
94.9064 114.88 87.7477 
113.453 93.3088 89.6692 
87.7409 114.7335 99.6547 
101.9563 100.6922 103.0484 
83.2519 102.4169 109.4108 
94.0872 96.5714 87.9917 
96.0637 118.1052 85.8876 
93.1674 111.9071 96.6901 
86.8037 116.4614 86.0058 
110.6671 82.5527 91.8212 
118.3905 95.7365 101.1447 
114.4996 101.1019 99.9486 
91.3209 82.26 83.1273 
86.0093 109.3665 119.6131 
97.4048 90.2888 87.8904 
104.7047 97.7842 103.4926 
114.7511 113.615 119.7746 
95.3936 93.0214 98.2987 
99.5574 87.6084 94.3044 
115.5805 85.7518 109.4175 
80.0465 95.0469 84.5153 
102.0001 87.6881 107.2726 
112.4775 83.6955 111.9247 
87.3487 107.5398 107.921 
80.064 109.837 88.5263 
110.8466 104.5058 107.739 
106.2234 84.9095 91.2766 
98.2893 89.5607 103.0566 
110.4737 88.8978 98.2728 
94.2493 117.1126 94.2038 
81.4384 100.5552 106.5087 
114.288 84.0378 115.2635 
107.0483 107.0717 94.5522 
94.2817 100.1477 107.3246 
85.6146 84.861 102.4505 
107.216 80.8895 116.232 
96.0515 94.9549 98.3003 
90.5935 84.6968 96.4914 
116.0149 102.3998 84.1832 
82.8404 104.9402 109.3165 
104.2506 112.1951 111.0968 
81.2613 119.2166 80.6417 
107.3137 86.908 108.1638 
104.92 104.6313 82.624 
87.7431 112.6281 96.5115 
108.5426 111.7485 95.9496 

Icoords
92.6921 60.627
4.5648 16.8492
91.0306 69.3954
9.8516 77.8491
95.3152 17.4078
66.0627 65.1678
36.2975 40.3041
7.5169 75.5817
8.3718 34.0224
95.5423 91.9236
10.6106 86.4533
85.1204 59.6329
41.9286 6.9173
9.308 54.6354
27.1475 68.6823
17.7006 73.6737
29.5513 17.5245
41.3604 39.5661
8.0653 25.3048
98.07 55.6447
40.3743 63.3385
16.6583 49.4603
66.1962 96.8015
81.1198 79.8259
46.2811 26.8283
42.6028 75.8847
63.1768 23.4755
49.7499 35.8824
64.0112 42.2024
21.4529 87.7631
0.4131 44.9561
19.7205 0.0049
15.5142 86.2236
71.2123 87.6609
57.5674 3.0601
7.2159 84.7162
94.6133 66.2191
37.0425 11.6151
72.4231 1.683
17.5905 4.2399
76.7816 35.9831
38.7537 82.4402
80.4201 36.8238
56.9515 77.2367
65.6443 36.5815
15.1219 29.147
85.8835 46.0533
3.3082 45.6928
42.1906 40.0411
98.9886 44.968

Jcoords
1.1507 2.5518
9.3991 72.1478
55.4554 69.7506
83.2422 43.8807
42.771 67.9476

C
33.1732 31.1539 12.0573 6.83 17.0235 
4.5039 20.9937 27.8135 30.8391 24.0918 
36.9748 29.0937 11.7084 8.7127 14.6292 
26.8553 2.2802 16.1045 28.8546 12.2586 
35.6055 40.4536 21.5863 11.1728 23.6286 
34.57 17.1904 4.4717 10.6409 7.2248 
19.2704 16.4526 13.3986 16.0922 8.5969 
27.1455 1.5033 18.66 28.4781 13.1516 
11.824 12.1588 20.6157 24.3088 15.5329 
46.198 27.0455 15.8825 16.9061 21.5969 
26.6386 5.0004 18.0124 28.0517 12.315 
30.9374 26.3554 9.4844 5.895 16.3525 
14.5466 27.0647 20.1495 21.8583 20.2029 
19.8011 5.4709 15.2575 24.9987 12.7308 
27.0016 6.0851 9.5749 18.5594 5.5744 
27.2665 3.199 12.0859 23.4993 9.1575 
9.7987 22.5844 21.7333 23.6074 19.2871 
19.2431 16.805 12.9256 16.3235 10.9119 
7.4385 18.1637 25.6051 29.1089 18.567 
42.0486 33.9759 16.4741 7.0562 22.6604 
25.9784 9.7287 5.8274 17.508 1.7782 
18.1713 8.2229 14.8466 21.7758 10.5806 
45.4858 24.4448 10.8737 18.9257 12.8816 
37.1867 22.1152 10.2069 14.3707 14.3603 
19.7808 19.5801 16.3234 14.8085 15.2241 
25.8947 12.0589 4.7652 18.7205 3.112 
23.7424 26.8662 18.2077 10.1966 18.9311 
20.9263 16.8129 12.3369 12.7647 11.6628 
24.9942 20.2857 9.3808 6.1985 10.4868 
31.1055 6.8076 13.7215 23.8424 8.8334 
16.8455 10.0548 21.0205 29.0506 17.6443 
7.3325 23.6487 26.4568 26.6114 28.06 
33.4998 4.8281 17.1437 26.8779 11.5614 
38.5278 19.8965 7.2471 14.2656 13.7902 
21.4054 29.0396 20.0906 18.9856 25.563 
29.1654 3.966 19.501 30.36 15.7126 
43.0298 33.1943 14.4057 9.4173 20.4061 
14.4557 24.2693 22.8986 17.9367 18.6686 
23.9636 32.4263 21.4941 16.2314 27.2454 
5.5792 20.65 27.5199 29.3727 24.9969 
30.1654 26.9265 13.7946 3.9437 17.8434 
34.9298 9.979 6.9471 22.0127 4.8291 
33.603 31.411 14.4127 2.6867 18.489 
31.3621 18.747 2.3261 12.9793 5.4111 
28.3516 22.9188 11.8808 6.8624 14.7983 
11.1124 17.1481 20.6434 23.6059 14.4028 
35.432 31.5253 12.7812 1.1761 18.3404 
15.9303 8.8825 20.2668 24.9218 14.2531 
19.755 15.9614 11.9603 16.3027 8.5719 
35.3074 35.2205 19.6766 5.1471 22.8174 
43.1902 32.432 14.9519 6.8608 17.4726 
4.5553 21.8652 26.8812 30.5729 21.2271 
34.1186 31.7809 11.4024 10.2866 18.26 
23.9598 2.1367 15.6506 31.6608 11.8873 
30.0382 32.0288 25.4286 10.2738 22.6808 
31.6839 22.3286 3.8408 10.5425 9.2233 
19.9926 15.3105 10.9782 16.6054 9.7411 
24.2792 1.2946 18.9111 25.3914 13.9668 
10.6616 13.4212 18.1924 26.6196 15.3445 
50.8646 32.5076 14.8197 18.6716 19.3305 
31.2318 4.4089 16.682 28.7337 13.8549 
33.557 24.6977 9.7006 5.5428 15.3815 
14.3989 22.2975 23.0097 21.7806 23.9078 
19.295 5.5147 19.0549 29.3694 11.1318 
23.2782 7.2226 10.6174 19.8596 5.3429 
28.9533 2.7761 13.1297 24.4424 8.0105 
9.7954 19.0037 22.905 20.5212 18.9274 
17.0843 15.4951 11.5297 13.5742 8.704 
7.976 17.8779 24.7735 28.0015 18.1547 
40.0263 32.6862 17.6322 7.1679 20.0828 
27.8521 11.59 6.2175 18.8168 1.8011 
15.5084 8.6135 13.5375 26.1991 9.8575 
39.8516 21.7948 10.1141 19.5373 13.205 
41.1566 27.8424 10.6397 13.0204 14.4727 
16.7419 23.01 14.9583 15.8831 16.3466 
27.3773 12.8775 5.285 17.2514 3.1716 
21.2615 23.7546 16.1716 11.2555 15.5745 
21.7749 19.9813 10.5612 10.3922 12.6079 
27.4467 19.9992 11.1923 6.9533 10.0329 
31.3157 7.4053 12.6095 27.1391 9.238 
14.2203 11.2633 19.5173 33.0599 16.4732 
6.7758 22.9929 23.6278 29.6995 24.5372 
28.2618 5.2931 15.1044 30.2646 11.1905 
39.4208 21.0947 8.6093 15.891 10.4265 
20.4011 29.2165 25.215 16.6371 23.2137 
32.5845 5.0184 17.5817 33.3891 14.2856 
36.5951 30.9307 13.7609 8.6503 19.545 
11.3869 25.7999 19.9349 20.7655 20.1691 
24.712 37.7771 22.2658 16.532 25.4015 
6.2386 25.8006 24.7505 25.4998 24.8873 
25.4603 25.6877 15.2683 3.1825 15.7384 
33.5436 11.3042 6.5947 18.1565 5.4096 
31.2713 28.5237 14.6648 2.8243 17.5756 
34.6904 17.3266 2.9918 16.6488 6.7435 
27.7026 23.7905 12.6616 5.9917 14.2121 
11.4008 15.6168 22.6694 24.8395 15.2128 
36.7083 27.7028 13.1244 1.1142 16.2612 
15.0923 8.4699 20.7894 29.847 15.123 
18.0041 13.8182 10.3693 16.1048 9.4679 
36.5764 34.3124 16.701 4.8267 21.9064 
33.0106 31.0109 12.111 7.13 15.747 
5.4079 17.3634 28.8265 26.1638 22.4202 
36.8964 30.8252 12.4733 10.516 14.8513 
26.5446 1.7272 16.3685 27.0835 11.2789 
29.0182 31.9269 21.4547 10.169 27.6967 
27.3097 18.6748 4.2476 10.5808 7.9449 
17.2485 15.5773 13.6586 18.272 10.6439 
22.08 1.4978 18.1239 26.8444 11.0053 
12.1469 12.0444 20.4266 22.8211 15.9242 
46.978 35.1238 16.4414 15.6316 19.771 
31.4344 4.6946 14.7296 31.1667 12.4115 
40.4816 24.8742 10.9011 5.4016 15.1139 
15.863 26.4159 22.2512 19.6686 18.3597 
18.1984 6.8369 17.0736 29.0183 12.1726 
24.6567 7.002 10.5522 19.4978 5.0223 
25.3971 2.7044 13.9952 21.8578 9.6538 
9.6702 21.7867 17.6233 20.1922 17.8484 
19.3305 16.805 11.9295 16.4583 9.9685 
8.0663 15.2676 21.5444 25.5932 17.407 
36.2359 28.0322 16.1195 7.2549 19.5106 
23.1859 12.0022 6.4338 18.4166 1.852 
18.3096 8.1586 14.9649 24.5687 10.4238 
43.5161 18.9528 9.6688 19.8875 11.6254 
33.9284 22.3893 8.7621 12.916 14.2841 
19.5092 21.4791 16.4594 14.8248 12.88 
27.1835 10.5619 5.6026 18.5756 3.0684 
24.4756 26.46 16.317 10.5429 16.9396 
22.9063 17.0571 13.0753 11.6491 11.9384 
22.5341 19.3203 9.7558 6.7777 11.4881 
30.1945 5.983 14.545 29.7765 10.0558 
15.1703 10.1235 20.7609 25.207 15.0032 
6.564 23.022 25.1481 27.8852 22.3705 
33.4404 5.8287 14.7761 24.5296 12.7001 
34.1184 24.0772 9.0363 15.6776 13.7071 
18.8609 31.6421 23.0798 16.0633 23.6397 
28.4733 4.1472 17.41 33.7775 11.9781 
41.9781 26.3863 14.1855 9.668 17.9111 
14.0189 25.1544 19.8739 21.3121 21.7829 
26.7078 36.5765 27.5692 16.8674 24.7699 
5.4619 23.2013 27.8831 23.943 25.5998 
24.8815 25.5806 12.4567 3.9355 18.1982 
27.1068 9.5622 6.5108 22.8782 4.6892 
32.1522 24.7877 14.2887 2.7346 18.7919 
36.6855 16.5423 2.4994 16.8357 5.6959 
28.4099 21.8407 10.7392 7.4035 12.8379 
9.0996 16.172 22.7381 26.1916 14.8126 
29.0028 32.1071 13.9459 1.1276 17.151 
14.1938 9.7838 17.849 27.2245 16.2466 
18.6322 15.3419 10.7923 14.9709 10.1378 
34.7956 34.303 18.4092 5.8495 19.6532 
EOF