I 50
J 5
bounds (0, 100)
cv 1.5
D 100
k 5
t 3
FLR 0.4
FCR 8
λbounds (80, 120)

λ 
99.3173 94.102 108.2764 
83.4349 84.9626 111.8701 
119.5136 97.3624 87.059 
109.9698 117.9756 97.9622 
90.268 118.6097 80.0339 
89.621 112.4794 82.5751 
116.3415 92.204 106.5469 
97.8271 89.4461 102.0362 
107.953 83.0449 102.9649 
85.632 89.4619 81.703 
106.3027 104.1136 117.6412 
108.9351 114.8186 80.9263 
108.9361 106.9209 106.2881 
110.6722 99.0488 93.2679 
109.7699 84.9248 109.7407 
87.5484 88.9639 86.5744 
87.0655 116.9689 82.084 
106.0404 103.1368 95.7916 
83.1572 98.2769 114.2887 
112.8463 102.4709 86.2567 
95.5557 99.087 116.2113 
85.7116 100.9621 85.6105 
87.4533 98.4127 84.3823 
103.6966 108.2589 88.2051 
80.748 96.9912 105.0947 
118.7292 89.5849 81.3692 
107.9867 102.8399 87.6224 
87.6066 84.8092 80.5146 
103.2974 111.6655 104.57 
95.0108 91.7134 115.9934 
97.111 95.9872 117.3607 
90.9791 118.6204 100.4712 
83.6417 83.3957 99.3057 
110.0092 106.4504 117.5536 
83.7798 108.354 101.3006 
85.0236 100.6165 98.6916 
105.9952 80.17 105.8024 
85.4339 102.6307 105.8384 
110.4403 80.5454 101.0708 
86.6765 99.4667 97.4319 
86.2398 84.2466 81.1437 
119.4837 87.3423 117.1877 
111.6845 80.625 84.6971 
113.1878 119.5994 85.8678 
102.7278 97.566 83.8751 
100.5424 102.2543 87.4852 
82.4467 94.0712 97.1884 
81.8482 86.4278 96.5375 
85.1839 115.7089 112.8877 
102.3311 87.852 90.6342 

Icoords
87.2604 42.0438
8.4458 63.2387
62.9809 62.9935
98.9501 86.4856
51.0091 32.0309
70.8577 69.4435
38.6224 38.54
19.8108 99.6034
8.3205 9.5398
72.0462 18.5442
83.4661 28.9504
26.6236 36.6938
62.9996 43.0948
61.6147 29.8003
64.6263 38.5384
94.1449 80.3901
5.4322 6.7131
46.8493 15.0948
64.8708 5.3644
68.3945 12.5632
71.8847 31.3123
51.309 27.0637
38.9247 29.0768
29.5977 86.6217
66.4131 74.6496
6.0751 24.1989
67.7981 49.0941
23.9385 67.2809
32.8479 11.2162
68.4954 1.7271
88.1591 55.198
52.2873 68.8307
56.5248 71.8729
28.1568 7.0551
55.2225 88.1291
34.3201 76.1303
35.9079 29.0077
70.0988 94.6535
58.7306 88.0361
52.5195 31.4231
69.6362 56.8643
24.7298 33.1494
56.7932 38.8486
78.6509 52.0119
36.3096 90.8309
34.9733 46.4515
31.4925 76.3102
70.783 39.5772
1.127 84.4411
18.8259 6.5185

Jcoords
46.979 20.7834
10.0139 35.1544
67.782 36.6117
95.3988 96.9527
95.172 18.1735

C
16.3516 25.546 7.5528 20.2995 7.6624 
22.2401 10.5255 20.7142 37.1549 33.8459 
14.7342 20.3208 9.5757 16.6056 18.6185 
29.9821 36.3716 18.5375 3.9515 25.1225 
4.1805 13.8266 5.6108 30.452 16.6815 
19.8276 22.3909 10.7006 11.4466 22.2093 
6.5546 11.1603 10.7542 32.5185 21.5958 
30.6138 26.0301 25.9625 29.4218 40.0866 
15.8868 9.0463 24.3435 41.1486 34.5627 
9.4779 20.479 6.967 27.4644 8.3056 
11.718 27.0087 6.0902 26.6568 5.7567 
9.0192 5.2962 15.9119 30.559 24.2557 
8.7319 17.7823 2.98 20.5024 15.033 
6.0974 15.6308 3.6185 23.0402 11.4712 
8.1408 17.7119 1.1355 25.4127 13.5688 
25.8283 32.076 17.2371 5.0694 20.6027 
14.3087 11.0594 23.8906 42.8786 27.8553 
1.9648 14.9695 11.7855 29.8556 17.7704 
9.0839 23.6898 11.7183 34.8227 10.0008 
7.0652 23.8065 7.7389 30.3472 9.3759 
10.1318 24.5542 2.0226 25.8959 10.3744 
2.8797 13.1374 5.7235 26.4429 14.9437 
3.9688 10.207 10.6296 27.1692 17.7326 
24.7181 21.2064 21.0156 25.6837 33.1575 
20.2202 21.7094 14.7568 11.8461 19.0701 
12.6546 4.0142 23.4714 42.4755 29.5763 
12.5842 19.5385 4.8856 17.9222 14.4167 
19.7816 11.3026 20.4659 30.0372 33.7948 
5.1622 10.5896 13.812 37.7076 22.043 
9.1428 25.368 11.6818 38.7401 12.3851 
17.4204 31.318 10.7288 12.9761 13.4188 
16.972 20.7921 13.4603 15.7301 25.4736 
19.277 20.1892 13.4104 15.4377 20.4172 
7.9512 11.2651 18.0336 39.7188 20.5968 
20.8973 21.3455 20.2295 15.4581 30.4755 
20.5302 16.1365 18.5433 21.5403 32.3452 
4.252 8.1331 11.9868 28.7363 21.9357 
29.9165 32.0058 22.3755 8.4901 29.6588 
27.0015 23.5549 19.4292 13.3928 29.8242 
4.4408 13.1463 4.9989 24.3629 14.1626 
16.0876 21.5546 6.2029 17.0216 16.0816 
8.059 5.1462 15.3286 37.1415 22.4043 
6.9674 17.8362 4.3522 22.0024 15.7067 
16.2124 22.9205 7.1251 14.5511 14.1738 
23.8358 22.4313 19.9798 18.2018 34.4673 
11.1279 9.0931 12.0809 25.649 22.1543 
21.8997 15.6772 18.2979 23.9081 27.6872 
11.5917 22.7695 1.5332 22.8817 11.6135 
29.8431 16.5469 30.1333 34.3876 39.1045 
10.3961 9.7823 18.2396 37.5994 29.7106 
17.1305 26.5697 6.6691 17.4908 7.9667 
19.8607 8.6775 20.7402 31.6991 32.722 
17.4923 23.8213 8.7739 18.2253 18.4585 
30.4261 38.8258 18.1259 4.3041 22.9195 
3.6321 14.1144 6.2837 27.1724 16.5519 
20.5322 22.3769 11.2084 11.9553 21.954 
6.3368 8.7087 9.8161 24.6007 20.0091 
25.7116 23.4095 27.5065 27.8864 38.0118 
14.1314 7.9322 19.6983 41.8272 28.0778 
9.5861 20.4661 6.4602 27.6689 8.5669 
14.9447 25.8219 5.6852 25.1794 4.9341 
9.0425 5.0143 13.8581 32.653 27.38 
9.023 18.6021 3.0179 19.0316 15.3951 
5.9702 18.8576 3.4953 27.4302 11.0095 
9.6228 20.2672 1.3492 26.2182 11.8103 
26.6873 37.9983 15.8114 6.2204 22.6188 
17.3792 11.3763 26.5873 45.8476 35.5994 
2.0632 12.8682 11.1131 35.4136 14.5311 
9.3036 22.0793 11.2475 38.0762 12.5306 
8.2488 21.4277 7.4791 28.6548 9.3567 
9.9479 18.7892 2.087 24.1458 8.3877 
2.5196 16.2261 5.912 32.2107 17.8885 
4.5642 9.306 10.4894 29.5709 19.4514 
24.0712 18.4365 19.9396 19.9822 29.6408 
22.8429 24.8353 13.9118 12.6397 20.6798 
16.1476 4.0747 23.5155 35.9665 29.996 
12.9251 23.7232 4.5586 20.4801 14.9411 
20.5963 13.9007 16.6456 25.1084 26.5617 
6.28 10.9998 16.101 40.5201 24.9089 
9.4503 23.9467 11.9261 35.6726 9.6586 
16.4919 30.6887 8.3982 13.5312 13.4528 
16.856 20.1759 12.706 16.6412 24.9426 
19.9215 20.8055 13.0624 14.0776 22.9511 
7.1824 11.7735 15.033 44.0522 20.6443 
26.2438 25.4057 20.3356 16.3671 27.8654 
17.9412 14.6167 17.1969 23.7279 31.6561 
5.1181 9.0699 12.3833 27.3997 18.5498 
23.5694 27.372 22.7937 9.3589 27.9686 
23.0417 26.4237 18.4058 13.5815 25.4037 
3.7427 13.6029 6.2821 25.4436 15.1542 
13.2501 20.3617 8.08 15.044 17.8524 
8.9448 5.5561 13.6398 29.8484 24.5 
7.5554 15.4711 4.2412 24.8067 14.0371 
16.5237 26.9985 5.8339 18.5414 12.3964 
26.3157 20.6088 21.7853 17.9583 33.3546 
8.6229 10.2574 11.5636 25.4048 25.5197 
22.3032 14.3077 19.82 20.6912 28.4029 
11.9374 23.8296 1.3391 19.0046 9.8288 
27.2464 15.961 31.1095 34.1879 35.423 
11.1883 10.9358 18.0959 45.7165 23.7716 
14.8212 24.7627 7.575 19.6223 8.8116 
19.6199 8.8378 21.8068 31.3074 38.8207 
16.8919 22.451 9.6668 16.5399 19.06 
33.0565 32.7776 20.6607 3.3336 20.6413 
4.1626 16.3099 5.7778 26.6219 15.728 
20.3262 23.1871 11.9965 13.3672 17.9252 
6.2799 9.4174 10.5905 31.7528 19.2157 
30.5554 23.5269 24.9411 23.2349 38.5666 
12.1023 8.7151 20.3908 40.9388 33.4892 
8.1138 19.9203 6.2208 28.577 7.008 
11.8189 25.9915 5.4443 20.8781 4.9564 
8.6937 5.9818 15.6402 35.7894 23.3539 
10.9293 16.5286 2.4596 19.767 14.0766 
6.2539 18.9821 3.3217 23.6416 12.0323 
7.545 19.0689 1.1506 26.304 14.2883 
27.9186 35.2282 17.8146 6.0328 22.7059 
16.9142 8.9478 22.2725 38.5844 32.2249 
2.2197 15.0073 11.3112 36.727 17.8963 
7.4943 19.3513 9.6878 34.3304 12.0306 
7.6478 23.4497 7.5344 34.5559 8.443 
10.2508 19.967 2.1091 22.9883 8.8156 
2.7462 14.6986 6.2166 24.9224 13.8472 
4.2867 10.8392 9.8959 34.5862 20.878 
26.6588 20.8595 19.1594 21.5341 34.2476 
21.7034 22.8523 13.143 14.1941 23.4494 
13.2333 4.0968 23.4022 40.5401 35.3808 
10.9326 19.6158 4.8694 20.1431 13.5329 
18.9358 12.6612 21.215 24.6364 28.4392 
5.9182 12.1478 13.5787 39.7347 21.9489 
10.9708 21.9596 13.5136 33.8914 9.6963 
18.7996 31.0679 8.8037 12.832 13.3925 
17.3829 20.6461 12.134 16.3941 20.8807 
17.1617 20.2544 11.5448 14.79 23.2753 
8.3193 12.8305 18.4143 41.3129 27.0706 
23.652 24.5839 19.3228 15.8818 31.0233 
21.1094 19.0189 19.2786 20.4626 30.2696 
5.0932 10.4698 12.9927 33.8568 21.1284 
30.4815 33.122 19.0703 9.5952 31.2685 
21.0482 23.0228 16.432 14.3211 30.0763 
3.7211 15.203 5.0102 26.2658 15.5517 
14.3706 23.179 6.4815 14.6771 15.5809 
8.6292 5.8056 16.525 36.6368 24.4928 
7.101 18.235 4.1582 23.6487 15.1182 
15.6964 26.1363 5.7151 17.5438 13.2775 
22.8863 20.1408 24.7632 23.5008 35.0845 
9.2039 10.8273 12.4885 24.7512 25.267 
20.7699 16.6567 19.6103 24.4453 27.0664 
11.5249 21.3498 1.5269 24.892 9.8353 
31.271 19.667 28.9109 36.0613 41.1179 
12.1509 11.7747 18.0155 43.7613 28.3668 
EOF