I 50
J 5
bounds (0, 100)
cv 0.5
D 10
k 5
t 3
λ 113.8632
λ bounds (80, 120)

Icoords
34.0184 23.68
7.3627 11.3218
88.5166 51.4669
69.2971 84.9703
69.7406 22.8231
25.7625 80.0216
71.6269 52.8576
0.1303 36.2053
69.7106 43.5091
98.6474 99.7141
50.7595 21.5805
85.8794 90.5168
43.5142 6.5897
13.5717 92.2015
24.4881 6.4503
42.5455 54.816
26.6262 78.8073
95.7128 3.2593
68.5866 84.1225
18.9777 16.152
89.7482 9.536
77.7097 86.8461
83.7772 79.8168
18.6047 18.7118
51.9089 41.5506
19.7435 52.8586
58.5166 40.3037
57.5668 65.7265
54.7992 72.7008
35.6558 49.8748
80.5958 44.0376
43.4354 65.2804
15.3426 32.1813
44.404 27.5453
16.7104 18.8862
74.1317 48.6883
1.0142 37.0844
20.301 68.2361
27.4992 90.6211
2.4266 12.3637
71.4093 63.6319
31.572 66.7094
4.4 59.0007
61.762 95.7074
63.4507 86.1575
82.126 26.6813
67.8662 49.0838
85.3444 50.2924
28.2415 97.0994
76.9134 79.9374

Jcoords
87.918 79.6214
1.7353 44.296
88.39 75.7879
68.3051 85.1014
20.445 72.3902

C
23.8331 15.0076 24.9349 25.3517 18.1279 
37.4502 10.4668 31.2909 35.3782 24.0385 
10.0253 26.9765 9.5218 14.719 24.1133 
6.7906 29.9513 6.8707 0.3135 18.5136 
17.9862 28.2193 20.7426 19.7288 23.8032 
20.5242 17.1397 19.4839 16.5124 2.9885 
10.0451 22.1311 10.1545 11.3678 18.259 
29.8903 2.7822 30.1118 31.2515 14.827 
12.1692 23.1472 13.4147 14.4699 19.8561 
7.5714 38.772 9.218 12.582 28.7947 
25.9126 18.7326 22.3371 24.2181 18.0397 
4.0015 31.8442 5.1861 5.9822 23.1399 
33.2483 21.3464 27.7448 27.1698 22.1314 
25.622 18.7811 26.5564 17.6946 6.3727 
32.1498 17.6502 32.4556 31.9797 23.6046 
20.6066 13.8318 18.2346 12.5439 8.612 
21.5521 13.3865 20.394 13.6697 2.73 
23.611 36.8347 23.6479 29.9925 36.9955 
7.7985 26.5273 7.1655 0.3996 16.7679 
31.7201 10.783 31.3796 32.1476 19.3469 
21.6147 37.2836 23.3454 29.7308 30.6224 
3.8994 33.6993 5.6222 3.3736 20.3938 
1.5645 27.0886 1.8968 6.1851 23.6254 
35.4328 10.64 27.1633 31.622 19.8834 
17.7645 17.4061 19.8822 18.2696 16.0061 
21.9791 7.8405 23.4784 21.3403 7.5421 
17.1538 22.3075 18.0993 15.8382 15.4447 
11.8868 22.3903 10.0514 7.7464 14.5845 
12.4171 24.0451 11.3779 5.7426 10.9423 
23.6811 13.3002 21.7753 18.5108 9.8634 
10.9097 25.6298 12.6489 17.0983 25.4288 
17.2554 17.4172 17.8571 10.1321 8.9834 
32.9566 6.2855 29.9288 22.5809 15.025 
22.3541 15.5302 21.5767 21.8562 20.1088 
36.9498 9.1226 27.9591 28.1126 17.5169 
11.4535 25.6682 11.0146 11.1035 20.2878 
33.7581 2.3439 33.8679 24.9652 13.7663 
22.134 9.7581 27.2724 18.6121 1.6286 
21.2055 19.3159 24.4607 13.7698 5.884 
39.9428 12.0253 34.7513 38.4989 19.6666 
6.9339 22.1839 7.7581 8.0654 17.8973 
22.2266 14.6172 21.5713 12.9197 4.9374 
33.4297 4.9062 27.1172 23.8498 6.3237 
11.0912 30.7441 10.3121 4.3966 16.491 
8.9728 25.9142 10.2986 1.4993 16.0935 
16.7597 30.6971 18.188 18.4781 26.7088 
12.2018 26.0376 11.7846 11.6129 17.0353 
10.281 32.3057 9.8085 13.549 22.8779 
19.9671 23.0068 25.0081 16.2268 8.8379 
4.2143 31.341 4.4275 3.9059 20.5436 

26.9559 14.1534 25.6127 26.435 16.3986 
32.9511 12.7381 40.4752 37.7131 19.317 
10.8138 33.7859 9.2226 12.5137 21.4712 
7.488 25.7953 6.8664 0.3582 19.7092 
22.1846 25.1955 21.7365 21.336 21.9367 
21.786 13.4586 19.3019 16.5938 3.6284 
11.7871 22.3424 8.5553 12.4569 20.3955 
33.9449 3.0263 34.8129 29.0366 14.798 
13.9729 22.8209 12.5979 16.0014 20.9583 
6.8903 34.9651 10.2931 10.3323 30.1284 
22.7356 16.285 24.3102 25.8722 22.6428 
3.9062 34.7819 5.8525 7.3522 26.657 
32.0602 20.7836 28.9407 24.7492 26.58 
23.4428 15.5095 29.1836 17.3689 8.1216 
36.4203 14.5591 35.0015 34.9688 23.0761 
16.4284 14.6831 16.8029 15.5417 11.0545 
21.2701 16.0162 20.4992 13.029 2.9091 
25.1999 35.7477 23.6552 26.6092 36.0553 
6.03 29.3209 7.4556 0.3107 16.1089 
33.8285 11.6907 34.5093 32.9784 20.7027 
23.4936 28.6062 20.5888 23.6903 28.8822 
4.3234 33.7602 5.0318 3.5993 20.1576 
1.6018 31.058 2.0272 5.8973 21.8782 
33.1906 10.0945 32.4373 27.0275 18.589 
17.6492 17.0594 19.672 16.3291 15.6095 
28.6146 5.9821 23.1671 20.5009 6.7877 
17.0409 17.6627 14.254 16.0399 16.1418 
10.7218 22.3485 11.5331 7.186 13.717 
10.8404 18.6162 13.3614 6.9326 11.3545 
22.755 11.7567 18.6436 17.1948 8.6162 
13.2638 27.2464 10.4323 13.3949 24.8503 
14.4511 17.7767 17.5663 11.6014 8.9978 
34.6733 6.4148 31.0262 28.7652 13.8414 
25.7812 17.3729 22.1642 21.6692 15.7311 
30.4826 10.9837 35.1617 32.7882 16.4496 
11.1488 28.2575 9.3182 14.1384 19.8124 
31.8326 2.8316 35.7123 28.5116 13.7784 
21.894 9.6945 22.9017 19.0497 1.5679 
24.2086 17.026 23.9718 12.5344 5.9719 
41.9987 10.1313 33.7258 33.0229 22.1861 
8.9747 22.9648 6.6868 7.4363 19.5521 
18.3536 14.6732 18.7461 12.4432 3.773 
27.7262 5.0377 26.4148 23.5115 7.611 
9.9336 28.6735 11.0171 4.2707 17.4636 
8.0307 26.3766 9.013 1.7875 16.7934 
17.9419 28.08 17.2078 19.3545 28.3824 
14.2403 26.3094 10.8348 11.7354 16.5175 
8.9297 29.615 9.8188 13.8513 24.0228 
21.7766 21.8488 25.1868 15.2565 9.8976 
3.9754 25.5504 4.2603 3.1892 21.4152 

25.6275 11.836 26.4261 26.1325 15.6047 
35.8238 10.6474 33.3411 36.1533 22.2649 
10.1576 31.7483 8.707 12.6667 23.2231 
6.0853 29.2731 6.6037 0.3597 17.0709 
19.346 24.7248 19.3051 22.152 27.746 
22.451 14.4574 21.8818 13.4019 3.0815 
10.9192 25.1871 10.7311 10.9269 21.3816 
39.0376 2.9356 38.5176 30.488 13.5862 
14.8424 22.6645 12.1317 14.1744 18.2115 
7.8174 44.2311 8.0413 11.1642 25.9119 
25.3475 18.068 25.2274 23.7963 22.8972 
4.3329 34.1771 5.5836 6.2396 25.2176 
29.12 17.7108 27.2005 25.4243 21.7479 
27.9972 18.1199 30.2177 20.7246 7.331 
38.725 15.6145 32.7385 34.9508 21.6359 
19.8879 14.2237 16.9188 14.5398 10.4192 
18.8182 16.3864 22.1626 13.9437 3.0151 
29.4524 38.8036 28.9913 33.5916 37.9051 
6.3773 25.0255 7.4814 0.3672 16.4161 
29.8272 11.1725 28.7715 32.1815 20.5002 
24.5943 29.5241 25.8238 23.5961 29.9862 
3.9607 27.0204 6.1449 3.1144 18.8641 
1.4787 30.915 1.8484 5.6292 22.8092 
30.8284 9.7084 29.0836 32.5342 20.8072 
19.8606 16.2153 19.0867 14.9052 15.68 
24.8575 6.6261 25.0416 19.9646 5.9063 
17.1587 21.1122 18.54 15.5814 17.6056 
11.6365 18.8679 12.5091 7.8262 12.8156 
11.754 21.0177 13.3007 5.816 10.8907 
19.1048 13.3964 21.0233 14.7116 10.5672 
11.055 27.1597 10.3081 14.5179 24.9035 
17.7648 14.9477 18.4204 9.5852 7.7585 
27.4681 6.5988 26.9427 26.3843 13.043 
26.4394 16.6579 21.7399 19.1514 19.463 
28.8541 10.0015 28.2886 25.3844 18.5735 
13.3636 22.3173 9.6152 12.7223 22.0718 
38.3927 2.4816 29.1471 31.1073 14.7416 
26.3098 9.6976 26.7107 16.7397 1.6365 
22.4706 19.0933 19.3968 16.3557 7.5729 
41.1285 12.5204 38.9817 35.7707 24.1728 
7.8394 24.2013 6.4509 8.0177 20.1002 
20.2612 13.8821 18.1765 13.4168 3.8742 
33.2921 5.8402 27.8281 21.2129 7.0405 
9.7923 31.1867 10.1525 3.9031 15.3856 
8.8613 23.8709 8.4296 1.9117 14.1066 
19.9124 27.792 16.6484 18.5441 25.2194 
11.5077 26.1569 10.9359 13.0141 16.1899 
11.2497 27.5864 8.4682 11.8515 26.7377 
22.4606 21.6598 19.4883 13.0651 9.1721 
3.7827 25.2259 3.6684 3.9421 17.9799 

end