I 50
J 5
bounds (0, 100)
cv 1.5
D 1
k 5
t 3
FLR 0.4
FCR 4
λbounds (80, 120)

λ 
81.6835 89.3126 93.3471 
115.3414 80.6848 111.9205 
106.1038 118.6311 106.1315 
108.6344 80.2438 97.4441 
100.9033 87.6265 99.8192 
119.2622 81.0275 108.7272 
111.379 99.4691 87.9237 
90.9352 93.4929 83.7297 
84.7509 110.5073 84.5489 
100.2482 92.2279 91.1002 
97.0743 94.3432 118.5564 
97.0084 97.2417 114.859 
119.0941 119.303 109.8722 
84.9 113.4138 112.3884 
106.6532 111.5771 105.4333 
98.6959 89.1577 111.5855 
98.2056 99.4885 111.3465 
81.8076 85.091 82.5497 
104.0373 80.8817 89.286 
87.4544 96.1366 93.7992 
104.7137 107.1471 92.1763 
99.9143 110.9961 88.5331 
85.9816 107.7607 91.8797 
110.7846 119.1568 88.4625 
110.2012 97.835 103.9596 
107.0721 105.0059 106.9565 
106.0381 92.5933 81.8848 
100.5501 112.3504 96.7965 
114.5275 107.3973 103.998 
83.5307 112.3875 89.4482 
94.5477 84.2451 105.4861 
90.5536 97.887 119.3576 
113.7805 108.9534 115.0368 
115.5205 94.9552 90.6962 
90.3536 81.4571 90.492 
104.2878 105.3603 108.8995 
116.4211 113.6483 92.9881 
109.2585 91.713 109.705 
99.0071 109.3871 111.0241 
113.1837 104.4226 82.7839 
111.0818 118.4064 106.9359 
86.7304 118.4612 115.0758 
94.9789 82.1439 106.0704 
92.851 82.6004 102.6084 
109.358 91.0983 112.5077 
111.2658 115.4672 92.8998 
85.0921 90.3678 101.1928 
83.3366 97.1671 89.6276 
91.5139 112.5095 102.5686 
113.0728 90.7068 104.316 

Icoords
11.0942 20.744
22.7737 13.7329
63.9835 61.664
42.3218 81.0113
96.5093 99.6146
82.6048 6.1183
13.1114 43.1685
46.5014 91.8969
84.714 81.7178
82.3565 79.9541
68.2155 69.2855
84.1109 34.5329
39.0366 7.3706
36.9166 92.1357
34.3446 58.2829
99.5725 74.1536
33.1873 96.4148
27.6278 73.3636
37.896 9.1386
29.477 71.2681
51.889 62.6121
70.8149 23.0447
39.6116 67.7062
94.8188 21.3647
56.3626 78.2293
85.9369 9.443
62.8586 10.8895
46.9216 91.4919
39.683 5.7876
30.167 65.003
50.0771 18.8073
72.8373 30.2006
31.9379 47.6209
81.6894 82.2293
47.72 98.0569
64.6167 47.8328
87.1718 26.2472
81.4174 8.2603
65.2438 95.7144
52.6402 87.9573
32.019 11.809
32.1995 87.4279
76.0538 20.4502
87.7271 40.9091
75.052 91.1367
12.009 15.8743
62.5077 6.1178
12.3705 90.0119
16.0625 59.2958
75.2238 19.2851

Jcoords
79.8435 42.5337
4.6187 69.4037
73.3879 79.6225
41.4537 43.2881
9.6705 55.4607

C
26.4824 18.7961 32.0405 11.7943 13.7003 
25.014 17.6137 25.3328 13.8526 14.3937 
9.4379 22.2945 7.4844 11.2485 20.1554 
19.5413 12.257 9.9449 15.0442 13.2714 
18.8085 31.0308 10.802 30.7968 30.765 
13.9469 32.1387 22.4462 22.0646 30.8289 
23.8511 9.133 23.0206 9.7215 4.9923 
21.8438 17.262 11.1071 15.6043 19.0655 
15.273 27.2039 3.9922 21.271 24.5669 
12.4441 29.8504 3.4912 18.336 27.3135 
11.1049 22.2971 3.989 11.943 20.6633 
3.132 28.4458 15.1092 16.4823 28.3091 
20.0708 25.5815 28.1288 14.1259 18.4143 
22.5197 12.8321 12.4736 18.225 14.0811 
17.6509 10.4386 16.4229 5.8214 8.2874 
13.98 28.883 8.5304 23.6047 34.0303 
26.6422 11.8263 14.8606 16.9632 17.7758 
18.2824 7.3031 15.6848 11.9495 9.9932 
16.1925 26.3528 29.1593 11.0625 19.4302 
19.2863 7.6105 16.5161 11.4803 9.0797 
10.642 16.8243 8.6136 8.2334 14.8542 
6.826 27.8085 21.6407 12.3324 23.7514 
16.6293 11.7224 13.6891 9.2538 10.2739 
8.5959 34.317 19.7832 21.0983 33.9644 
13.5656 19.6999 6.3597 15.1234 18.1401 
12.5739 33.7758 23.1273 18.641 27.7911 
10.8282 25.9149 26.9378 13.9209 23.5871 
21.5283 17.9532 9.7576 19.2548 17.6103 
16.6897 28.8089 29.1785 12.1111 22.1871 
17.9104 9.9291 16.5852 7.9929 7.158 
14.2251 20.7863 23.9677 9.632 20.8833 
5.5148 27.4832 15.5244 10.4458 23.7494 
15.0595 13.3228 17.2337 3.1608 7.6676 
15.2 26.9004 2.9471 17.4589 27.583 
25.3891 19.8848 11.4999 18.2523 18.5283 
4.9464 20.6703 10.4011 7.7211 17.6793 
5.4274 32.6967 19.1233 16.9255 32.3595 
13.4596 34.5741 23.3319 15.9638 32.0507 
16.7154 22.1726 7.1709 21.0654 22.5967 
16.9905 19.9541 8.0091 18.2491 17.2721 
22.6181 22.0999 27.5245 11.7188 16.1293 
21.6618 10.998 13.8215 17.016 15.2483 
7.6786 30.0153 20.5655 15.6129 26.8978 
3.1907 26.366 16.2905 17.8944 27.7825 
19.0861 22.9091 3.9822 23.1761 27.953 
25.6191 16.6758 28.3889 15.7704 14.1808 
15.0558 30.8252 22.9679 12.9566 28.7732 
24.7757 7.7745 19.2372 18.5251 11.7659 
23.9321 5.941 22.9909 9.2719 2.6537 
7.4949 27.7159 18.17 15.2592 28.2719 
25.4078 19.2624 31.2777 13.3939 11.9352 
20.2196 22.228 31.8551 10.8142 15.5571 
8.3023 18.8881 7.8554 8.754 21.5931 
21.1375 13.0617 10.4424 12.4369 15.1205 
22.7093 36.5153 12.1102 25.9922 34.7398 
13.1362 35.4329 22.7944 22.1367 35.1437 
26.0667 10.7076 24.5915 10.8297 4.631 
22.1833 16.2922 11.7691 14.8859 16.2989 
13.1882 32.2606 3.8241 21.8612 26.8089 
11.9227 28.3755 3.0451 20.6816 29.8677 
9.4189 22.0427 3.5856 12.678 19.6768 
3.1338 31.2669 17.5424 13.3208 26.6775 
21.0943 27.4402 31.5609 13.5535 17.7889 
20.6764 13.859 14.255 15.6151 14.6019 
15.4554 11.651 17.7622 5.6173 8.7121 
14.5018 30.8795 8.6695 22.9927 34.7924 
24.6251 12.589 15.0959 16.9847 15.4853 
20.3259 8.9421 17.6293 10.2217 7.9165 
17.372 26.3046 29.467 11.5501 19.6634 
21.5072 7.9296 17.3967 10.485 8.9099 
12.4042 15.215 9.2935 7.1683 15.9633 
8.5808 26.9438 19.0355 11.2554 25.2186 
15.0632 11.0497 11.2858 7.8801 10.083 
8.5 34.7565 19.5845 22.7252 34.9641 
14.3389 20.0306 6.0266 13.7178 16.9401 
12.1533 35.5035 22.1007 21.6034 31.7638 
10.918 25.8736 21.528 13.3578 27.154 
21.782 17.2469 10.3 15.8298 16.4287 
18.0124 28.0825 31.8326 14.6528 20.9277 
18.6028 8.5836 14.3085 7.4887 8.2138 
14.5943 27.1324 22.3721 8.2174 20.4415 
4.3616 24.8081 18.8606 11.3944 20.5452 
17.5646 11.8972 18.8361 3.9241 7.1223 
12.2514 24.6893 3.1559 17.8397 28.1131 
22.3101 17.6334 9.8945 21.196 21.3441 
5.7686 20.071 13.1713 8.467 16.7917 
5.6882 31.0572 18.9139 17.3061 29.999 
12.5641 29.548 28.4521 17.0904 29.0363 
19.2743 22.5889 6.1014 17.5881 23.7769 
18.5418 17.761 8.4093 17.6044 18.2957 
21.2368 20.7477 27.9535 12.685 15.0406 
21.8124 11.0606 14.5719 14.5491 14.5522 
8.2836 34.1807 20.2278 15.2564 27.6483 
3.194 29.4762 15.8488 15.2441 26.8933 
19.174 28.3415 3.5634 19.6447 26.873 
26.8363 17.4378 34.3446 12.1296 13.3004 
13.9588 26.9399 25.6949 16.1734 25.4694 
29.2144 7.8318 20.7041 19.3891 12.5422 
25.7786 5.4738 23.2464 11.7483 2.5598 
7.4475 34.3742 22.7517 16.2618 26.7071 
27.7733 18.3052 28.6033 11.7263 11.1812 
23.5309 22.2338 25.2497 12.6428 16.7205 
8.8067 18.2535 7.2391 11.0857 19.073 
18.1708 13.0657 12.2181 12.1199 16.4721 
18.6896 31.7659 10.53 29.4972 33.4538 
11.4855 35.463 22.7425 19.8354 26.6373 
21.7556 9.3068 22.1683 9.3417 4.3336 
21.0396 16.3635 10.6667 19.2744 19.8219 
12.4932 32.3659 4.5946 19.8938 27.1428 
11.4539 27.5204 2.8979 21.5495 27.5743 
11.4549 21.5848 4.5565 13.2004 19.9294 
3.3088 33.4457 16.9352 13.8695 26.5461 
16.6449 24.9147 26.9287 11.1884 18.3298 
24.7763 12.8874 14.4593 15.5415 15.7624 
18.4742 10.2482 16.3428 6.54 7.7609 
13.7005 31.7162 8.1881 20.1696 36.0137 
23.8126 14.5509 13.2182 17.8772 17.9411 
22.5634 9.1685 15.7864 11.5358 9.2223 
17.5811 24.2807 30.1773 12.1028 19.3217 
18.1266 9.9563 16.8246 11.5259 9.5308 
12.3767 16.9819 9.0797 7.2495 16.1902 
6.9269 31.0169 17.0758 10.995 26.8518 
17.4028 12.0412 12.8224 7.8164 12.797 
8.3314 34.4806 23.0173 22.6098 34.1753 
13.9629 16.6345 5.2306 12.6997 17.0492 
13.2401 30.3608 27.4191 17.4784 35.5762 
13.0549 32.1315 23.6975 12.9385 20.9779 
19.4811 17.8148 8.7453 19.3178 17.4082 
19.8687 26.9856 28.1802 14.4238 19.5349 
17.2234 8.2699 18.1274 8.3698 6.8121 
13.6122 21.4529 22.1246 8.1785 19.4649 
5.3602 25.7129 19.2708 10.3675 24.9535 
18.769 11.2543 19.4592 3.8352 7.5189 
13.5826 31.2366 2.7383 18.954 25.0398 
24.8246 18.182 11.4367 21.4937 21.4412 
5.2624 23.023 12.9701 9.4348 18.883 
5.4007 31.9608 18.2413 17.5744 31.7217 
12.1936 37.6663 24.2008 17.3029 30.2987 
20.6861 23.7521 6.8318 20.4494 22.926 
16.5987 17.3131 8.7246 14.5928 19.621 
20.5433 19.2553 28.724 12.4286 18.7186 
25.0004 10.7608 12.7693 17.7918 12.0649 
7.9968 33.6524 22.5557 15.7995 28.7966 
2.9517 26.3924 14.8828 13.9977 28.9577 
18.6368 23.0123 3.8508 22.2231 29.7182 
27.31 19.2048 32.495 15.5773 13.812 
12.5795 32.532 22.6558 14.345 25.9899 
25.114 7.8362 24.4116 20.7981 10.844 
20.516 5.5593 23.6113 10.2895 2.72 
7.6798 33.3352 22.3291 14.7744 29.4474 
EOF