I 50
J 5
bounds (0, 100)
cv 0.5
D 10
k 5
t 3
FLR 0.4
FCR 4
λbounds (80, 120)

λ 
96.4472 107.3487 111.941 
88.1107 112.1873 113.8517 
95.8 90.7049 107.2582 
93.8172 115.765 84.1651 
102.6059 104.9136 104.9214 
84.4662 84.8287 107.2648 
111.5561 116.5572 103.2725 
101.9516 103.1903 89.1078 
113.8517 89.1181 92.1556 
104.2467 92.5795 92.8178 
80.3123 82.9262 107.3466 
87.4306 119.2011 106.9048 
110.6373 105.2105 83.9284 
102.5466 88.8018 112.909 
95.2093 113.8459 102.7668 
110.2218 111.3159 111.374 
111.2687 82.5268 95.1434 
105.5313 88.7167 90.6406 
112.2943 84.2803 95.6273 
91.3489 87.4998 107.0004 
85.2725 116.699 98.5021 
89.9496 103.8588 109.8026 
110.6052 105.3328 83.3768 
101.4023 105.6585 118.3673 
115.4549 111.9684 92.4715 
89.5844 117.3542 114.8466 
99.7982 94.5452 81.4793 
98.0859 119.4551 112.004 
92.4409 113.6257 108.9487 
103.1298 81.4447 109.4614 
82.8789 92.6079 112.0142 
98.9971 114.4993 107.2208 
95.1746 97.0534 109.2 
107.1829 103.1651 110.9099 
91.4041 112.6139 93.9838 
107.1612 86.7941 89.9811 
80.2696 101.6303 112.0307 
111.2401 94.9287 113.2383 
94.4876 113.5129 94.0402 
95.4847 107.4973 113.2058 
118.6623 102.2718 87.7716 
97.9634 86.3657 109.2155 
114.0719 111.5538 99.9651 
84.4038 82.4841 103.2076 
81.499 93.0258 82.2188 
97.7729 102.8711 104.8572 
112.7824 108.0201 116.9879 
118.2336 112.5891 100.7696 
118.8721 108.6313 109.5428 
85.825 108.4251 91.0829 

Icoords
79.7561 16.9492
80.5835 27.9666
75.5335 97.288
52.2231 47.4156
28.0906 9.9207
50.3734 97.5478
92.5868 9.1883
54.8958 81.9587
6.5689 1.2752
36.186 67.8711
81.3532 60.3838
67.559 33.2413
47.3699 52.8592
3.3303 7.9321
32.4626 44.5262
50.7971 86.0672
79.3995 30.2877
50.7814 30.5014
16.1106 3.8682
13.8805 73.5458
35.9984 65.0421
94.0594 83.6409
49.5332 60.1195
56.5619 42.9412
80.2821 96.8565
4.7864 9.6614
19.4559 40.8475
8.4348 6.2615
69.1803 66.1519
64.2227 59.7944
36.9941 90.5975
80.2791 64.483
94.4899 44.5354
10.1182 97.9142
30.7902 34.5076
29.8365 10.612
70.1465 26.7448
82.8016 2.0132
82.6591 4.4368
88.9051 60.8428
35.8306 80.0774
64.8557 89.9941
0.2829 55.7667
54.2331 2.7155
42.828 66.334
71.401 74.5725
43.9252 26.7712
5.2119 97.2779
51.4968 73.2966
88.1923 80.6045

Jcoords
92.2628 89.5443
51.739 39.4811
39.9992 43.1836
70.972 65.9788
25.2526 76.0124

C
25.6574 14.331 16.2856 16.7213 30.4195 
19.9496 12.42 15.868 15.2599 24.7466 
6.819 19.0913 20.0469 10.6468 16.6411 
19.7145 2.9182 4.4822 8.369 14.6032 
38.4923 13.6129 10.9736 25.2742 25.5018 
15.9713 20.8982 19.4538 11.6138 11.2103 
28.0445 15.8362 19.3743 19.5845 37.6044 
11.6142 16.0795 12.989 7.7386 10.3036 
46.8106 23.2207 19.5619 29.3871 27.2789 
23.8133 10.8443 8.7881 13.4856 4.2285 
11.5571 12.6252 14.7533 4.6381 17.9428 
24.5568 5.5814 11.5142 9.9304 23.7451 
17.8565 4.9257 4.8337 10.237 11.1972 
43.8398 19.4494 18.0419 34.5393 22.7228 
24.2742 7.0318 2.4803 14.8687 9.7808 
14.127 14.193 14.1643 8.544 8.447 
18.9065 9.3129 14.2405 13.6349 21.5588 
22.5855 2.9557 6.3788 15.9118 20.5545 
40.3605 19.4851 17.0307 31.6482 23.8452 
25.5035 16.2461 12.7041 20.1337 3.5643 
19.9692 9.2098 7.1531 11.9862 5.9567 
1.9987 19.3402 25.9084 9.4327 25.0607 
20.2128 6.6709 5.9471 8.6945 10.624 
20.6763 1.9879 6.0046 8.584 17.1507 
4.3245 19.5261 23.8636 9.9687 19.8248 
43.3692 21.1418 16.6418 34.3529 27.3577 
32.0233 11.7551 7.2965 21.0877 11.2906 
38.4512 21.3783 16.4087 29.1058 23.4191 
10.4046 11.2779 13.2316 0.6084 16.1084 
13.3928 7.5462 10.2595 3.3944 13.5579 
16.9484 16.0612 14.3762 16.1249 6.0928 
8.7393 14.8165 17.7246 3.2814 17.8391 
15.7048 15.7084 19.7808 12.4314 29.3198 
28.4536 21.6585 19.2868 24.7408 8.8732 
26.1392 7.5682 4.1562 18.3027 15.6352 
38.5532 12.0779 12.9861 21.5686 23.9953 
25.6467 7.6464 11.6405 12.2359 26.1417 
30.9112 16.4844 20.2576 20.3152 34.4131 
30.6361 14.6794 20.3894 21.5175 35.8662 
8.8454 14.5793 18.6355 6.6688 20.3765 
19.9128 13.8349 11.5618 12.6958 3.7136 
9.1689 17.6553 17.5167 8.7877 15.4807 
35.0496 21.3782 14.8775 25.248 12.6077 
35.1394 12.1568 16.0397 23.1462 31.0859 
17.547 10.6324 8.3122 10.3297 6.6753 
8.5894 13.5677 15.1225 2.8954 18.1498 
31.5959 5.8873 5.8777 18.2143 17.8316 
34.5293 26.9336 21.9377 28.0973 10.8759 
13.7315 11.3319 11.8296 8.0972 8.7939 
3.1482 19.5747 22.4598 7.0988 24.5423 
28.8102 12.4794 18.3671 18.9678 26.835 
20.5325 10.1186 15.9677 14.021 26.0729 
5.5636 21.5793 23.7041 10.8714 17.8586 
20.3771 2.4229 4.1524 8.7384 14.9845 
40.2308 12.4281 13.6199 26.3328 20.1501 
16.6708 18.6097 22.1325 14.4748 11.5776 
28.7677 19.8486 24.722 18.3449 32.2541 
12.6513 15.3767 16.3785 7.632 10.4185 
47.9793 21.8186 19.6423 36.0331 24.0741 
19.7372 12.4564 7.6615 13.6388 4.9251 
12.0055 13.5169 16.3612 4.1204 20.0509 
20.4804 5.9538 10.0757 10.0226 23.4864 
18.9986 4.8948 3.6915 9.5808 9.7179 
45.0227 18.9467 16.0277 27.4175 25.9413 
29.0347 6.0574 2.4329 14.7321 12.4747 
15.8996 17.7296 13.983 8.9938 9.7126 
22.2901 9.9483 16.1227 12.069 24.8685 
28.5241 3.1372 5.2785 13.0911 18.1855 
38.7328 16.6843 18.052 26.3362 27.0595 
26.7435 16.8063 15.2433 18.6825 4.2194 
19.4844 9.8402 7.2465 12.9099 5.0169 
2.1024 23.9704 25.1454 9.8978 26.7429 
20.052 7.8084 7.5583 7.1431 10.36 
22.0441 1.8027 5.7909 9.4155 17.7655 
4.9041 24.9411 21.6222 11.1845 21.2665 
41.8291 21.3587 14.7506 33.1188 25.5871 
30.2628 10.1363 7.282 21.3055 13.322 
43.4023 20.1667 19.3718 27.1429 27.1357 
12.8003 11.2619 12.8119 0.6239 16.2165 
13.8384 8.0278 9.4195 3.5418 16.31 
21.5089 17.4604 17.5023 14.7109 7.381 
10.1922 13.5606 16.704 3.6499 18.182 
15.457 13.3795 16.6084 10.5822 23.2201 
32.2931 27.4121 19.5923 22.2324 8.993 
31.1641 8.3304 4.3169 19.5123 12.7251 
35.826 10.9908 13.2864 25.7554 20.1665 
26.1061 7.2815 12.5402 11.9062 23.4355 
35.1547 18.8546 20.21 24.6866 33.635 
25.7285 15.5954 19.8073 20.296 29.8655 
9.2673 15.861 17.6476 7.0774 22.7518 
19.5466 14.6328 11.8774 11.6394 3.5866 
10.4874 17.1647 20.596 7.6997 13.4018 
29.8955 16.375 13.9943 22.9053 12.8295 
34.6464 13.5019 14.1136 23.5323 24.4809 
18.7102 9.1075 9.1961 10.8447 7.2431 
7.8627 15.6674 17.1694 2.7655 15.5042 
28.8625 4.5087 5.9806 15.1897 17.7052 
26.5502 26.251 24.5167 28.5124 10.797 
15.7239 11.7072 11.8361 6.308 8.6752 
3.1865 17.3656 21.0748 7.8262 25.1292 
29.348 14.0398 17.3763 16.1684 28.0004 
20.1314 9.8298 14.8841 14.4444 27.392 
5.9396 20.4228 23.5876 11.4567 20.0862 
18.1685 2.5199 4.4926 8.4059 14.4814 
30.7509 11.8489 13.4715 27.8856 25.7334 
12.824 21.2293 19.0775 14.1808 13.05 
29.5552 15.6683 24.9537 19.6453 30.2524 
12.861 12.8679 14.3846 8.2373 9.1578 
40.5241 21.0258 17.8356 29.451 29.1971 
18.9436 12.8254 8.0836 11.8552 5.1664 
10.3117 13.2233 16.0835 3.8433 21.0351 
21.6055 5.7855 10.5767 9.8909 22.6802 
21.9554 4.8328 4.3812 10.7339 10.2142 
36.7424 20.7668 17.7113 28.603 21.5427 
23.5032 7.5777 2.9603 16.1559 11.1536 
15.5792 18.1583 15.973 8.5554 9.2953 
22.096 11.6185 15.2189 12.5897 23.1534 
23.9709 3.2447 5.6214 12.6135 20.4815 
44.4642 15.6969 17.0399 30.9107 23.8525 
27.8794 15.915 13.1486 21.1243 3.7574 
21.8348 11.212 8.1242 11.3075 5.4715 
1.9487 21.5972 21.1953 10.6856 23.4961 
15.9742 7.3642 7.7702 7.4721 10.3948 
20.0775 1.9374 5.1068 9.3367 15.748 
5.3659 22.019 26.1587 10.7105 22.8966 
45.9043 19.3674 15.5528 31.963 23.5109 
34.8 10.4077 6.61 18.3765 14.0135 
40.0464 19.9375 19.0852 31.06 28.4201 
11.236 10.3187 14.509 0.6343 14.3256 
13.2497 7.8633 10.6208 3.02 14.7313 
17.7113 20.28 16.4144 15.0172 6.4205 
10.4477 13.352 15.9886 3.6763 16.9789 
14.9117 16.1389 20.2822 12.6891 29.0764 
29.2132 26.7951 22.4732 20.6517 10.6036 
25.2151 6.6467 4.3119 20.084 13.6128 
38.3921 11.6467 11.1266 23.8931 23.3724 
23.6692 6.8988 11.3521 15.1752 24.3754 
31.906 16.4503 22.7044 20.0745 32.2757 
33.7965 18.1425 18.4876 21.5864 35.2055 
10.0533 13.7177 20.4866 6.9076 25.343 
20.5594 14.1096 11.2871 11.4501 4.517 
10.0433 17.7283 17.3047 9.6872 13.5656 
34.2657 20.0127 13.8068 22.8553 11.0518 
32.0302 13.4282 13.217 21.5364 25.2691 
17.1592 10.5306 7.7991 9.9046 7.7227 
8.1349 13.7246 17.0051 3.2267 13.9528 
24.505 5.0816 6.5358 14.4562 16.0779 
28.84 29.4266 24.4974 24.1136 9.1315 
16.3602 11.7816 10.1761 7.0029 9.7886 
3.7671 19.5033 23.1371 8.0093 24.5486 
EOF